sentiment,review
1,PUSH1 0x60 PUSH1 0x40 MSTORE PUSH1 0x2 DUP1 PUSH1 0x0 PUSH2 0x100 EXP DUP2 SLOAD DUP2 PUSH1 0xFF MUL NOT AND SWAP1 DUP4 PUSH1 0xFF AND MUL OR SWAP1 SSTORE POP CALLVALUE ISZERO PUSH2 0x2A JUMPI PUSH1 0x0 DUP1 REVERT JUMPDEST PUSH1 0x2 PUSH1 0x0 SWAP1 SLOAD SWAP1 PUSH2 0x100 EXP SWAP1 DIV PUSH1 0xFF AND PUSH1 0xFF AND PUSH1 0xA EXP PUSH4 0x2FAF080 MUL PUSH1 0x3 DUP2 SWAP1 SSTORE POP PUSH1 0x3 SLOAD PUSH1 0x4 PUSH1 0x0 CALLER PUSH20 0xFFFFFFFFFFFFFFFFFFFFFFFFFFFFFFFFFFFFFFFF AND PUSH20 0xFFFFFFFFFFFFFFFFFFFFFFFFFFFFFFFFFFFFFFFF AND DUP2 MSTORE PUSH1 0x20 ADD SWAP1 DUP2 MSTORE PUSH1 0x20 ADD PUSH1 0x0 KECCAK256 DUP2 SWAP1 SSTORE POP PUSH1 0x40 DUP1 MLOAD SWAP1 DUP2 ADD PUSH1 0x40 MSTORE DUP1 PUSH1 0x9 DUP2 MSTORE PUSH1 0x20 ADD PUSH32 0x4D656D6520436F696E0000000000000000000000000000000000000000000000 DUP2 MSTORE POP PUSH1 0x0 SWAP1 DUP1 MLOAD SWAP1 PUSH1 0x20 ADD SWAP1 PUSH2 0xDD SWAP3 SWAP2 SWAP1 PUSH2 0x12F JUMP JUMPDEST POP PUSH1 0x40 DUP1 MLOAD SWAP1 DUP2 ADD PUSH1 0x40 MSTORE DUP1 PUSH1 0x5 DUP2 MSTORE PUSH1 0x20 ADD PUSH32 0x4D454D4553000000000000000000000000000000000000000000000000000000 DUP2 MSTORE POP PUSH1 0x1 SWAP1 DUP1 MLOAD SWAP1 PUSH1 0x20 ADD SWAP1 PUSH2 0x129 SWAP3 SWAP2 SWAP1 PUSH2 0x12F JUMP JUMPDEST POP PUSH2 0x1D4 JUMP JUMPDEST DUP3 DUP1 SLOAD PUSH1 0x1 DUP2 PUSH1 0x1 AND ISZERO PUSH2 0x100 MUL SUB AND PUSH1 0x2 SWAP1 DIV SWAP1 PUSH1 0x0 MSTORE PUSH1 0x20 PUSH1 0x0 KECCAK256 SWAP1 PUSH1 0x1F ADD PUSH1 0x20 SWAP1 DIV DUP2 ADD SWAP3 DUP3 PUSH1 0x1F LT PUSH2 0x170 JUMPI DUP1 MLOAD PUSH1 0xFF NOT AND DUP4 DUP1 ADD OR DUP6 SSTORE PUSH2 0x19E JUMP JUMPDEST DUP3 DUP1 ADD PUSH1 0x1 ADD DUP6 SSTORE DUP3 ISZERO PUSH2 0x19E JUMPI SWAP2 DUP3 ADD JUMPDEST DUP3 DUP2 GT ISZERO PUSH2 0x19D JUMPI DUP3 MLOAD DUP3 SSTORE SWAP2 PUSH1 0x20 ADD SWAP2 SWAP1 PUSH1 0x1 ADD SWAP1 PUSH2 0x182 JUMP JUMPDEST JUMPDEST POP SWAP1 POP PUSH2 0x1AB SWAP2 SWAP1 PUSH2 0x1AF JUMP JUMPDEST POP SWAP1 JUMP JUMPDEST PUSH2 0x1D1 SWAP2 SWAP1 JUMPDEST DUP1 DUP3 GT ISZERO PUSH2 0x1CD JUMPI PUSH1 0x0 DUP2 PUSH1 0x0 SWAP1 SSTORE POP PUSH1 0x1 ADD PUSH2 0x1B5 JUMP JUMPDEST POP SWAP1 JUMP JUMPDEST SWAP1 JUMP JUMPDEST PUSH2 0xE46 DUP1 PUSH2 0x1E3 PUSH1 0x0 CODECOPY PUSH1 0x0 RETURN STOP PUSH1 0x60 PUSH1 0x40 MSTORE PUSH1 0x4 CALLDATASIZE LT PUSH2 0xAF JUMPI PUSH1 0x0 CALLDATALOAD PUSH29 0x100000000000000000000000000000000000000000000000000000000 SWAP1 DIV PUSH4 0xFFFFFFFF AND DUP1 PUSH4 0x6FDDE03 EQ PUSH2 0xB4 JUMPI DUP1 PUSH4 0x95EA7B3 EQ PUSH2 0x142 JUMPI DUP1 PUSH4 0x18160DDD EQ PUSH2 0x19C JUMPI DUP1 PUSH4 0x23B872DD EQ PUSH2 0x1C5 JUMPI DUP1 PUSH4 0x313CE567 EQ PUSH2 0x23E JUMPI DUP1 PUSH4 0x42966C68 EQ PUSH2 0x26D JUMPI DUP1 PUSH4 0x70A08231 EQ PUSH2 0x2A8 JUMPI DUP1 PUSH4 0x79CC6790 EQ PUSH2 0x2F5 JUMPI DUP1 PUSH4 0x95D89B41 EQ PUSH2 0x34F JUMPI DUP1 PUSH4 0xA9059CBB EQ PUSH2 0x3DD JUMPI DUP1 PUSH4 0xDD62ED3E EQ PUSH2 0x41F JUMPI JUMPDEST PUSH1 0x0 DUP1 REVERT JUMPDEST CALLVALUE ISZERO PUSH2 0xBF JUMPI PUSH1 0x0 DUP1 REVERT JUMPDEST PUSH2 0xC7 PUSH2 0x48B JUMP JUMPDEST PUSH1 0x40 MLOAD DUP1 DUP1 PUSH1 0x20 ADD DUP3 DUP2 SUB DUP3 MSTORE DUP4 DUP2 DUP2 MLOAD DUP2 MSTORE PUSH1 0x20 ADD SWAP2 POP DUP1 MLOAD SWAP1 PUSH1 0x20 ADD SWAP1 DUP1 DUP4 DUP4 PUSH1 0x0 JUMPDEST DUP4 DUP2 LT ISZERO PUSH2 0x107 JUMPI DUP1 DUP3 ADD MLOAD DUP2 DUP5 ADD MSTORE PUSH1 0x20 DUP2 ADD SWAP1 POP PUSH2 0xEC JUMP JUMPDEST POP POP POP POP SWAP1 POP SWAP1 DUP2 ADD SWAP1 PUSH1 0x1F AND DUP1 ISZERO PUSH2 0x134 JUMPI DUP1 DUP3 SUB DUP1 MLOAD PUSH1 0x1 DUP4 PUSH1 0x20 SUB PUSH2 0x100 EXP SUB NOT AND DUP2 MSTORE PUSH1 0x20 ADD SWAP2 POP JUMPDEST POP SWAP3 POP POP POP PUSH1 0x40 MLOAD DUP1 SWAP2 SUB SWAP1 RETURN JUMPDEST CALLVALUE ISZERO PUSH2 0x14D JUMPI PUSH1 0x0 DUP1 REVERT JUMPDEST PUSH2 0x182 PUSH1 0x4 DUP1 DUP1 CALLDATALOAD PUSH20 0xFFFFFFFFFFFFFFFFFFFFFFFFFFFFFFFFFFFFFFFF AND SWAP1 PUSH1 0x20 ADD SWAP1 SWAP2 SWAP1 DUP1 CALLDATALOAD SWAP1 PUSH1 0x20 ADD SWAP1 SWAP2 SWAP1 POP POP PUSH2 0x529 JUMP JUMPDEST PUSH1 0x40 MLOAD DUP1 DUP3 ISZERO ISZERO ISZERO ISZERO DUP2 MSTORE PUSH1 0x20 ADD SWAP2 POP POP PUSH1 0x40 MLOAD DUP1 SWAP2 SUB SWAP1 RETURN JUMPDEST CALLVALUE ISZERO PUSH2 0x1A7 JUMPI PUSH1 0x0 DUP1 REVERT JUMPDEST PUSH2 0x1AF PUSH2 0x5B6 JUMP JUMPDEST PUSH1 0x40 MLOAD DUP1 DUP3 DUP2 MSTORE PUSH1 0x20 ADD SWAP2 POP POP PUSH1 0x40 MLOAD DUP1 SWAP2 SUB SWAP1 RETURN JUMPDEST CALLVALUE ISZERO PUSH2 0x1D0 JUMPI PUSH1 0x0 DUP1 REVERT JUMPDEST PUSH2 0x224 PUSH1 0x4 DUP1 DUP1 CALLDATALOAD PUSH20 0xFFFFFFFFFFFFFFFFFFFFFFFFFFFFFFFFFFFFFFFF AND SWAP1 PUSH1 0x20 ADD SWAP1 SWAP2 SWAP1 DUP1 CALLDATALOAD PUSH20 0xFFFFFFFFFFFFFFFFFFFFFFFFFFFFFFFFFFFFFFFF AND SWAP1 PUSH1 0x20 ADD SWAP1 SWAP2 SWAP1 DUP1 CALLDATALOAD SWAP1 PUSH1 0x20 ADD SWAP1 SWAP2 SWAP1 POP POP PUSH2 0x5BC JUMP JUMPDEST PUSH1 0x40 MLOAD DUP1 DUP3 ISZERO ISZERO ISZERO ISZERO DUP2 MSTORE PUSH1 0x20 ADD SWAP2 POP POP PUSH1 0x40 MLOAD DUP1 SWAP2 SUB SWAP1 RETURN JUMPDEST CALLVALUE ISZERO PUSH2 0x249 JUMPI PUSH1 0x0 DUP1 REVERT JUMPDEST PUSH2 0x251 PUSH2 0x6E9 JUMP JUMPDEST PUSH1 0x40 MLOAD DUP1 DUP3 PUSH1 0xFF AND PUSH1 0xFF AND DUP2 MSTORE PUSH1 0x20 ADD SWAP2 POP POP PUSH1 0x40 MLOAD DUP1 SWAP2 SUB SWAP1 RETURN JUMPDEST CALLVALUE ISZERO PUSH2 0x278 JUMPI PUSH1 0x0 DUP1 REVERT JUMPDEST PUSH2 0x28E PUSH1 0x4 DUP1 DUP1 CALLDATALOAD SWAP1 PUSH1 0x20 ADD SWAP1 SWAP2 SWAP1 POP POP PUSH2 0x6FC JUMP JUMPDEST PUSH1 0x40 MLOAD DUP1 DUP3 ISZERO ISZERO ISZERO ISZERO DUP2 MSTORE PUSH1 0x20 ADD SWAP2 POP POP PUSH1 0x40 MLOAD DUP1 SWAP2 SUB SWAP1 RETURN JUMPDEST CALLVALUE ISZERO PUSH2 0x2B3 JUMPI PUSH1 0x0 DUP1 REVERT JUMPDEST PUSH2 0x2DF PUSH1 0x4 DUP1 DUP1 CALLDATALOAD PUSH20 0xFFFFFFFFFFFFFFFFFFFFFFFFFFFFFFFFFFFFFFFF AND SWAP1 PUSH1 0x20 ADD SWAP1 SWAP2 SWAP1 POP POP PUSH2 0x800 JUMP JUMPDEST PUSH1 0x40 MLOAD DUP1 DUP3 DUP2 MSTORE PUSH1 0x20 ADD SWAP2 POP POP PUSH1 0x40 MLOAD DUP1 SWAP2 SUB SWAP1 RETURN JUMPDEST CALLVALUE ISZERO PUSH2 0x300 JUMPI PUSH1 0x0 DUP1 REVERT JUMPDEST PUSH2 0x335 PUSH1 0x4 DUP1 DUP1 CALLDATALOAD PUSH20 0xFFFFFFFFFFFFFFFFFFFFFFFFFFFFFFFFFFFFFFFF AND SWAP1 PUSH1 0x20 ADD SWAP1 SWAP2 SWAP1 DUP1 CALLDATALOAD SWAP1 PUSH1 0x20 ADD SWAP1 SWAP2 SWAP1 POP POP PUSH2 0x818 JUMP JUMPDEST PUSH1 0x40 MLOAD DUP1 DUP3 ISZERO ISZERO ISZERO ISZERO DUP2 MSTORE PUSH1 0x20 ADD SWAP2 POP POP PUSH1 0x40 MLOAD DUP1 SWAP2 SUB SWAP1 RETURN JUMPDEST CALLVALUE ISZERO PUSH2 0x35A JUMPI PUSH1 0x0 DUP1 REVERT JUMPDEST PUSH2 0x362 PUSH2 0xA32 JUMP JUMPDEST PUSH1 0x40 MLOAD DUP1 DUP1 PUSH1 0x20 ADD DUP3 DUP2 SUB DUP3 MSTORE DUP4 DUP2 DUP2 MLOAD DUP2 MSTORE PUSH1 0x20 ADD SWAP2 POP DUP1 MLOAD SWAP1 PUSH1 0x20 ADD SWAP1 DUP1 DUP4 DUP4 PUSH1 0x0 JUMPDEST DUP4 DUP2 LT ISZERO PUSH2 0x3A2 JUMPI DUP1 DUP3 ADD MLOAD DUP2 DUP5 ADD MSTORE PUSH1 0x20 DUP2 ADD SWAP1 POP PUSH2 0x387 JUMP JUMPDEST POP POP POP POP SWAP1 POP SWAP1 DUP2 ADD SWAP1 PUSH1 0x1F AND DUP1 ISZERO PUSH2 0x3CF JUMPI DUP1 DUP3 SUB DUP1 MLOAD PUSH1 0x1 DUP4 PUSH1 0x20 SUB PUSH2 0x100 EXP SUB NOT AND DUP2 MSTORE PUSH1 0x20 ADD SWAP2 POP JUMPDEST POP SWAP3 POP POP POP PUSH1 0x40 MLOAD DUP1 SWAP2 SUB SWAP1 RETURN JUMPDEST CALLVALUE ISZERO PUSH2 0x3E8 JUMPI PUSH1 0x0 DUP1 REVERT JUMPDEST PUSH2 0x41D PUSH1 0x4 DUP1 DUP1 CALLDATALOAD PUSH20 0xFFFFFFFFFFFFFFFFFFFFFFFFFFFFFFFFFFFFFFFF AND SWAP1 PUSH1 0x20 ADD SWAP1 SWAP2 SWAP1 DUP1 CALLDATALOAD SWAP1 PUSH1 0x20 ADD SWAP1 SWAP2 SWAP1 POP POP PUSH2 0xAD0 JUMP JUMPDEST STOP JUMPDEST CALLVALUE ISZERO PUSH2 0x42A JUMPI PUSH1 0x0 DUP1 REVERT JUMPDEST PUSH2 0x475 PUSH1 0x4 DUP1 DUP1 CALLDATALOAD PUSH20 0xFFFFFFFFFFFFFFFFFFFFFFFFFFFFFFFFFFFFFFFF AND SWAP1 PUSH1 0x20 ADD SWAP1 SWAP2 SWAP1 DUP1 CALLDATALOAD PUSH20 0xFFFFFFFFFFFFFFFFFFFFFFFFFFFFFFFFFFFFFFFF AND SWAP1 PUSH1 0x20 ADD SWAP1 SWAP2 SWAP1 POP POP PUSH2 0xADF JUMP JUMPDEST PUSH1 0x40 MLOAD DUP1 DUP3 DUP2 MSTORE PUSH1 0x20 ADD SWAP2 POP POP PUSH1 0x40 MLOAD DUP1 SWAP2 SUB SWAP1 RETURN JUMPDEST PUSH1 0x0 DUP1 SLOAD PUSH1 0x1 DUP2 PUSH1 0x1 AND ISZERO PUSH2 0x100 MUL SUB AND PUSH1 0x2 SWAP1 DIV DUP1 PUSH1 0x1F ADD PUSH1 0x20 DUP1 SWAP2 DIV MUL PUSH1 0x20 ADD PUSH1 0x40 MLOAD SWAP1 DUP2 ADD PUSH1 0x40 MSTORE DUP1 SWAP3 SWAP2 SWAP1 DUP2 DUP2 MSTORE PUSH1 0x20 ADD DUP3 DUP1 SLOAD PUSH1 0x1 DUP2 PUSH1 0x1 AND ISZERO PUSH2 0x100 MUL SUB AND PUSH1 0x2 SWAP1 DIV DUP1 ISZERO PUSH2 0x521 JUMPI DUP1 PUSH1 0x1F LT PUSH2 0x4F6 JUMPI PUSH2 0x100 DUP1 DUP4 SLOAD DIV MUL DUP4 MSTORE SWAP2 PUSH1 0x20 ADD SWAP2 PUSH2 0x521 JUMP JUMPDEST DUP3 ADD SWAP2 SWAP1 PUSH1 0x0 MSTORE PUSH1 0x20 PUSH1 0x0 KECCAK256 SWAP1 JUMPDEST DUP2 SLOAD DUP2 MSTORE SWAP1 PUSH1 0x1 ADD SWAP1 PUSH1 0x20 ADD DUP1 DUP4 GT PUSH2 0x504 JUMPI DUP3 SWAP1 SUB PUSH1 0x1F AND DUP3 ADD SWAP2 JUMPDEST POP POP POP POP POP DUP2 JUMP JUMPDEST PUSH1 0x0 DUP2 PUSH1 0x5 PUSH1 0x0 CALLER PUSH20 0xFFFFFFFFFFFFFFFFFFFFFFFFFFFFFFFFFFFFFFFF AND PUSH20 0xFFFFFFFFFFFFFFFFFFFFFFFFFFFFFFFFFFFFFFFF AND DUP2 MSTORE PUSH1 0x20 ADD SWAP1 DUP2 MSTORE PUSH1 0x20 ADD PUSH1 0x0 KECCAK256 PUSH1 0x0 DUP6 PUSH20 0xFFFFFFFFFFFFFFFFFFFFFFFFFFFFFFFFFFFFFFFF AND PUSH20 0xFFFFFFFFFFFFFFFFFFFFFFFFFFFFFFFFFFFFFFFF AND DUP2 MSTORE PUSH1 0x20 ADD SWAP1 DUP2 MSTORE PUSH1 0x20 ADD PUSH1 0x0 KECCAK256 DUP2 SWAP1 SSTORE POP PUSH1 0x1 SWAP1 POP SWAP3 SWAP2 POP POP JUMP JUMPDEST PUSH1 0x3 SLOAD DUP2 JUMP JUMPDEST PUSH1 0x0 PUSH1 0x5 PUSH1 0x0 DUP6 PUSH20 0xFFFFFFFFFFFFFFFFFFFFFFFFFFFFFFFFFFFFFFFF AND PUSH20 0xFFFFFFFFFFFFFFFFFFFFFFFFFFFFFFFFFFFFFFFF AND DUP2 MSTORE PUSH1 0x20 ADD SWAP1 DUP2 MSTORE PUSH1 0x20 ADD PUSH1 0x0 KECCAK256 PUSH1 0x0 CALLER PUSH20 0xFFFFFFFFFFFFFFFFFFFFFFFFFFFFFFFFFFFFFFFF AND PUSH20 0xFFFFFFFFFFFFFFFFFFFFFFFFFFFFFFFFFFFFFFFF AND DUP2 MSTORE PUSH1 0x20 ADD SWAP1 DUP2 MSTORE PUSH1 0x20 ADD PUSH1 0x0 KECCAK256 SLOAD DUP3 GT ISZERO ISZERO ISZERO PUSH2 0x649 JUMPI PUSH1 0x0 DUP1 REVERT JUMPDEST DUP2 PUSH1 0x5 PUSH1 0x0 DUP7 PUSH20 0xFFFFFFFFFFFFFFFFFFFFFFFFFFFFFFFFFFFFFFFF AND PUSH20 0xFFFFFFFFFFFFFFFFFFFFFFFFFFFFFFFFFFFFFFFF AND DUP2 MSTORE PUSH1 0x20 ADD SWAP1 DUP2 MSTORE PUSH1 0x20 ADD PUSH1 0x0 KECCAK256 PUSH1 0x0 CALLER PUSH20 0xFFFFFFFFFFFFFFFFFFFFFFFFFFFFFFFFFFFFFFFF AND PUSH20 0xFFFFFFFFFFFFFFFFFFFFFFFFFFFFFFFFFFFFFFFF AND DUP2 MSTORE PUSH1 0x20 ADD SWAP1 DUP2 MSTORE PUSH1 0x20 ADD PUSH1 0x0 KECCAK256 PUSH1 0x0 DUP3 DUP3 SLOAD SUB SWAP3 POP POP DUP2 SWAP1 SSTORE POP PUSH2 0x6DE DUP5 DUP5 DUP5 PUSH2 0xB04 JUMP JUMPDEST PUSH1 0x1 SWAP1 POP SWAP4 SWAP3 POP POP POP JUMP JUMPDEST PUSH1 0x2 PUSH1 0x0 SWAP1 SLOAD SWAP1 PUSH2 0x100 EXP SWAP1 DIV PUSH1 0xFF AND DUP2 JUMP JUMPDEST PUSH1 0x0 DUP2 PUSH1 0x4 PUSH1 0x0 CALLER PUSH20 0xFFFFFFFFFFFFFFFFFFFFFFFFFFFFFFFFFFFFFFFF AND PUSH20 0xFFFFFFFFFFFFFFFFFFFFFFFFFFFFFFFFFFFFFFFF AND DUP2 MSTORE PUSH1 0x20 ADD SWAP1 DUP2 MSTORE PUSH1 0x20 ADD PUSH1 0x0 KECCAK256 SLOAD LT ISZERO ISZERO ISZERO PUSH2 0x74C JUMPI PUSH1 0x0 DUP1 REVERT JUMPDEST DUP2 PUSH1 0x4 PUSH1 0x0 CALLER PUSH20 0xFFFFFFFFFFFFFFFFFFFFFFFFFFFFFFFFFFFFFFFF AND PUSH20 0xFFFFFFFFFFFFFFFFFFFFFFFFFFFFFFFFFFFFFFFF AND DUP2 MSTORE PUSH1 0x20 ADD SWAP1 DUP2 MSTORE PUSH1 0x20 ADD PUSH1 0x0 KECCAK256 PUSH1 0x0 DUP3 DUP3 SLOAD SUB SWAP3 POP POP DUP2 SWAP1 SSTORE POP DUP2 PUSH1 0x3 PUSH1 0x0 DUP3 DUP3 SLOAD SUB SWAP3 POP POP DUP2 SWAP1 SSTORE POP CALLER PUSH20 0xFFFFFFFFFFFFFFFFFFFFFFFFFFFFFFFFFFFFFFFF AND PUSH32 0xCC16F5DBB4873280815C1EE09DBD06736CFFCC184412CF7A71A0FDB75D397CA5 DUP4 PUSH1 0x40 MLOAD DUP1 DUP3 DUP2 MSTORE PUSH1 0x20 ADD SWAP2 POP POP PUSH1 0x40 MLOAD DUP1 SWAP2 SUB SWAP1 LOG2 PUSH1 0x1 SWAP1 POP SWAP2 SWAP1 POP JUMP JUMPDEST PUSH1 0x4 PUSH1 0x20 MSTORE DUP1 PUSH1 0x0 MSTORE PUSH1 0x40 PUSH1 0x0 KECCAK256 PUSH1 0x0 SWAP2 POP SWAP1 POP SLOAD DUP2 JUMP JUMPDEST PUSH1 0x0 DUP2 PUSH1 0x4 PUSH1 0x0 DUP6 PUSH20 0xFFFFFFFFFFFFFFFFFFFFFFFFFFFFFFFFFFFFFFFF AND PUSH20 0xFFFFFFFFFFFFFFFFFFFFFFFFFFFFFFFFFFFFFFFF AND DUP2 MSTORE PUSH1 0x20 ADD SWAP1 DUP2 MSTORE PUSH1 0x20 ADD PUSH1 0x0 KECCAK256 SLOAD LT ISZERO ISZERO ISZERO PUSH2 0x868 JUMPI PUSH1 0x0 DUP1 REVERT JUMPDEST PUSH1 0x5 PUSH1 0x0 DUP5 PUSH20 0xFFFFFFFFFFFFFFFFFFFFFFFFFFFFFFFFFFFFFFFF AND PUSH20 0xFFFFFFFFFFFFFFFFFFFFFFFFFFFFFFFFFFFFFFFF AND DUP2 MSTORE PUSH1 0x20 ADD SWAP1 DUP2 MSTORE PUSH1 0x20 ADD PUSH1 0x0 KECCAK256 PUSH1 0x0 CALLER PUSH20 0xFFFFFFFFFFFFFFFFFFFFFFFFFFFFFFFFFFFFFFFF AND PUSH20 0xFFFFFFFFFFFFFFFFFFFFFFFFFFFFFFFFFFFFFFFF AND DUP2 MSTORE PUSH1 0x20 ADD SWAP1 DUP2 MSTORE PUSH1 0x20 ADD PUSH1 0x0 KECCAK256 SLOAD DUP3 GT ISZERO ISZERO ISZERO PUSH2 0x8F3 JUMPI PUSH1 0x0 DUP1 REVERT JUMPDEST DUP2 PUSH1 0x4 PUSH1 0x0 DUP6 PUSH20 0xFFFFFFFFFFFFFFFFFFFFFFFFFFFFFFFFFFFFFFFF AND PUSH20 0xFFFFFFFFFFFFFFFFFFFFFFFFFFFFFFFFFFFFFFFF AND DUP2 MSTORE PUSH1 0x20 ADD SWAP1 DUP2 MSTORE PUSH1 0x20 ADD PUSH1 0x0 KECCAK256 PUSH1 0x0 DUP3 DUP3 SLOAD SUB SWAP3 POP POP DUP2 SWAP1 SSTORE POP DUP2 PUSH1 0x5 PUSH1 0x0 DUP6 PUSH20 0xFFFFFFFFFFFFFFFFFFFFFFFFFFFFFFFFFFFFFFFF AND PUSH20 0xFFFFFFFFFFFFFFFFFFFFFFFFFFFFFFFFFFFFFFFF AND DUP2 MSTORE PUSH1 0x20 ADD SWAP1 DUP2 MSTORE PUSH1 0x20 ADD PUSH1 0x0 KECCAK256 PUSH1 0x0 CALLER PUSH20 0xFFFFFFFFFFFFFFFFFFFFFFFFFFFFFFFFFFFFFFFF AND PUSH20 0xFFFFFFFFFFFFFFFFFFFFFFFFFFFFFFFFFFFFFFFF AND DUP2 MSTORE PUSH1 0x20 ADD SWAP1 DUP2 MSTORE PUSH1 0x20 ADD PUSH1 0x0 KECCAK256 PUSH1 0x0 DUP3 DUP3 SLOAD SUB SWAP3 POP POP DUP2 SWAP1 SSTORE POP DUP2 PUSH1 0x3 PUSH1 0x0 DUP3 DUP3 SLOAD SUB SWAP3 POP POP DUP2 SWAP1 SSTORE POP DUP3 PUSH20 0xFFFFFFFFFFFFFFFFFFFFFFFFFFFFFFFFFFFFFFFF AND PUSH32 0xCC16F5DBB4873280815C1EE09DBD06736CFFCC184412CF7A71A0FDB75D397CA5 DUP4 PUSH1 0x40 MLOAD DUP1 DUP3 DUP2 MSTORE PUSH1 0x20 ADD SWAP2 POP POP PUSH1 0x40 MLOAD DUP1 SWAP2 SUB SWAP1 LOG2 PUSH1 0x1 SWAP1 POP SWAP3 SWAP2 POP POP JUMP JUMPDEST PUSH1 0x1 DUP1 SLOAD PUSH1 0x1 DUP2 PUSH1 0x1 AND ISZERO PUSH2 0x100 MUL SUB AND PUSH1 0x2 SWAP1 DIV DUP1 PUSH1 0x1F ADD PUSH1 0x20 DUP1 SWAP2 DIV MUL PUSH1 0x20 ADD PUSH1 0x40 MLOAD SWAP1 DUP2 ADD PUSH1 0x40 MSTORE DUP1 SWAP3 SWAP2 SWAP1 DUP2 DUP2 MSTORE PUSH1 0x20 ADD DUP3 DUP1 SLOAD PUSH1 0x1 DUP2 PUSH1 0x1 AND ISZERO PUSH2 0x100 MUL SUB AND PUSH1 0x2 SWAP1 DIV DUP1 ISZERO PUSH2 0xAC8 JUMPI DUP1 PUSH1 0x1F LT PUSH2 0xA9D JUMPI PUSH2 0x100 DUP1 DUP4 SLOAD DIV MUL DUP4 MSTORE SWAP2 PUSH1 0x20 ADD SWAP2 PUSH2 0xAC8 JUMP JUMPDEST DUP3 ADD SWAP2 SWAP1 PUSH1 0x0 MSTORE PUSH1 0x20 PUSH1 0x0 KECCAK256 SWAP1 JUMPDEST DUP2 SLOAD DUP2 MSTORE SWAP1 PUSH1 0x1 ADD SWAP1 PUSH1 0x20 ADD DUP1 DUP4 GT PUSH2 0xAAB JUMPI DUP3 SWAP1 SUB PUSH1 0x1F AND DUP3 ADD SWAP2 JUMPDEST POP POP POP POP POP DUP2 JUMP JUMPDEST PUSH2 0xADB CALLER DUP4 DUP4 PUSH2 0xB04 JUMP JUMPDEST POP POP JUMP JUMPDEST PUSH1 0x5 PUSH1 0x20 MSTORE DUP2 PUSH1 0x0 MSTORE PUSH1 0x40 PUSH1 0x0 KECCAK256 PUSH1 0x20 MSTORE DUP1 PUSH1 0x0 MSTORE PUSH1 0x40 PUSH1 0x0 KECCAK256 PUSH1 0x0 SWAP2 POP SWAP2 POP POP SLOAD DUP2 JUMP JUMPDEST PUSH1 0x0 DUP1 DUP4 PUSH20 0xFFFFFFFFFFFFFFFFFFFFFFFFFFFFFFFFFFFFFFFF AND EQ ISZERO ISZERO ISZERO PUSH2 0xB2B JUMPI PUSH1 0x0 DUP1 REVERT JUMPDEST DUP2 PUSH1 0x4 PUSH1 0x0 DUP7 PUSH20 0xFFFFFFFFFFFFFFFFFFFFFFFFFFFFFFFFFFFFFFFF AND PUSH20 0xFFFFFFFFFFFFFFFFFFFFFFFFFFFFFFFFFFFFFFFF AND DUP2 MSTORE PUSH1 0x20 ADD SWAP1 DUP2 MSTORE PUSH1 0x20 ADD PUSH1 0x0 KECCAK256 SLOAD LT ISZERO ISZERO ISZERO PUSH2 0xB79 JUMPI PUSH1 0x0 DUP1 REVERT JUMPDEST PUSH1 0x4 PUSH1 0x0 DUP5 PUSH20 0xFFFFFFFFFFFFFFFFFFFFFFFFFFFFFFFFFFFFFFFF AND PUSH20 0xFFFFFFFFFFFFFFFFFFFFFFFFFFFFFFFFFFFFFFFF AND DUP2 MSTORE PUSH1 0x20 ADD SWAP1 DUP2 MSTORE PUSH1 0x20 ADD PUSH1 0x0 KECCAK256 SLOAD DUP3 PUSH1 0x4 PUSH1 0x0 DUP7 PUSH20 0xFFFFFFFFFFFFFFFFFFFFFFFFFFFFFFFFFFFFFFFF AND PUSH20 0xFFFFFFFFFFFFFFFFFFFFFFFFFFFFFFFFFFFFFFFF AND DUP2 MSTORE PUSH1 0x20 ADD SWAP1 DUP2 MSTORE PUSH1 0x20 ADD PUSH1 0x0 KECCAK256 SLOAD ADD GT ISZERO ISZERO PUSH2 0xC07 JUMPI PUSH1 0x0 DUP1 REVERT JUMPDEST PUSH1 0x4 PUSH1 0x0 DUP5 PUSH20 0xFFFFFFFFFFFFFFFFFFFFFFFFFFFFFFFFFFFFFFFF AND PUSH20 0xFFFFFFFFFFFFFFFFFFFFFFFFFFFFFFFFFFFFFFFF AND DUP2 MSTORE PUSH1 0x20 ADD SWAP1 DUP2 MSTORE PUSH1 0x20 ADD PUSH1 0x0 KECCAK256 SLOAD PUSH1 0x4 PUSH1 0x0 DUP7 PUSH20 0xFFFFFFFFFFFFFFFFFFFFFFFFFFFFFFFFFFFFFFFF AND PUSH20 0xFFFFFFFFFFFFFFFFFFFFFFFFFFFFFFFFFFFFFFFF AND DUP2 MSTORE PUSH1 0x20 ADD SWAP1 DUP2 MSTORE PUSH1 0x20 ADD PUSH1 0x0 KECCAK256 SLOAD ADD SWAP1 POP DUP2 PUSH1 0x4 PUSH1 0x0 DUP7 PUSH20 0xFFFFFFFFFFFFFFFFFFFFFFFFFFFFFFFFFFFFFFFF AND PUSH20 0xFFFFFFFFFFFFFFFFFFFFFFFFFFFFFFFFFFFFFFFF AND DUP2 MSTORE PUSH1 0x20 ADD SWAP1 DUP2 MSTORE PUSH1 0x20 ADD PUSH1 0x0 KECCAK256 PUSH1 0x0 DUP3 DUP3 SLOAD SUB SWAP3 POP POP DUP2 SWAP1 SSTORE POP DUP2 PUSH1 0x4 PUSH1 0x0 DUP6 PUSH20 0xFFFFFFFFFFFFFFFFFFFFFFFFFFFFFFFFFFFFFFFF AND PUSH20 0xFFFFFFFFFFFFFFFFFFFFFFFFFFFFFFFFFFFFFFFF AND DUP2 MSTORE PUSH1 0x20 ADD SWAP1 DUP2 MSTORE PUSH1 0x20 ADD PUSH1 0x0 KECCAK256 PUSH1 0x0 DUP3 DUP3 SLOAD ADD SWAP3 POP POP DUP2 SWAP1 SSTORE POP DUP3 PUSH20 0xFFFFFFFFFFFFFFFFFFFFFFFFFFFFFFFFFFFFFFFF AND DUP5 PUSH20 0xFFFFFFFFFFFFFFFFFFFFFFFFFFFFFFFFFFFFFFFF AND PUSH32 0xDDF252AD1BE2C89B69C2B068FC378DAA952BA7F163C4A11628F55A4DF523B3EF DUP5 PUSH1 0x40 MLOAD DUP1 DUP3 DUP2 MSTORE PUSH1 0x20 ADD SWAP2 POP POP PUSH1 0x40 MLOAD DUP1 SWAP2 SUB SWAP1 LOG3 DUP1 PUSH1 0x4 PUSH1 0x0 DUP6 PUSH20 0xFFFFFFFFFFFFFFFFFFFFFFFFFFFFFFFFFFFFFFFF AND PUSH20 0xFFFFFFFFFFFFFFFFFFFFFFFFFFFFFFFFFFFFFFFF AND DUP2 MSTORE PUSH1 0x20 ADD SWAP1 DUP2 MSTORE PUSH1 0x20 ADD PUSH1 0x0 KECCAK256 SLOAD PUSH1 0x4 PUSH1 0x0 DUP8 PUSH20 0xFFFFFFFFFFFFFFFFFFFFFFFFFFFFFFFFFFFFFFFF AND PUSH20 0xFFFFFFFFFFFFFFFFFFFFFFFFFFFFFFFFFFFFFFFF AND DUP2 MSTORE PUSH1 0x20 ADD SWAP1 DUP2 MSTORE PUSH1 0x20 ADD PUSH1 0x0 KECCAK256 SLOAD ADD EQ ISZERO ISZERO PUSH2 0xE14 JUMPI INVALID JUMPDEST POP POP POP POP JUMP STOP LOG1 PUSH6 0x627A7A723058 KECCAK256 0xd DUP9 0xc 0xda ADDRESS SWAP4 0x28 0x48 0x2c DUP5 PUSH14 0x5C3461C74C40B637F073B0CEEA87 AND ADDMOD 0xb5 0xa6 0x24 0x47 0xe1 STOP 0x29
1,PUSH1 0x4C PUSH1 0x2C PUSH1 0xB DUP3 DUP3 DUP3 CODECOPY DUP1 MLOAD PUSH1 0x0 BYTE PUSH1 0x73 EQ PUSH1 0x0 DUP2 EQ PUSH1 0x1C JUMPI PUSH1 0x1E JUMP JUMPDEST INVALID JUMPDEST POP ADDRESS PUSH1 0x0 MSTORE PUSH1 0x73 DUP2 MSTORE8 DUP3 DUP2 RETURN STOP PUSH20 0x0 ADDRESS EQ PUSH1 0x60 PUSH1 0x40 MSTORE PUSH1 0x0 DUP1 REVERT STOP LOG1 PUSH6 0x627A7A723058 KECCAK256 0x1f PUSH17 0xDE319A9107EEEA46D7F1AD6AB41DD26F42 PUSH31 0x3E2CAA99B56F6C67168D14BE00290000000000000000000000000000000000
1,PUSH1 0x60 PUSH1 0x40 MSTORE PUSH1 0x2 DUP1 PUSH1 0x0 PUSH2 0x100 EXP DUP2 SLOAD DUP2 PUSH1 0xFF MUL NOT AND SWAP1 DUP4 PUSH1 0xFF AND MUL OR SWAP1 SSTORE POP CALLVALUE ISZERO PUSH3 0x2B JUMPI PUSH1 0x0 DUP1 REVERT JUMPDEST PUSH4 0x9502F900 PUSH1 0x3 DUP2 SWAP1 SSTORE POP PUSH4 0x9502F900 PUSH1 0x4 PUSH1 0x0 CALLER PUSH20 0xFFFFFFFFFFFFFFFFFFFFFFFFFFFFFFFFFFFFFFFF AND PUSH20 0xFFFFFFFFFFFFFFFFFFFFFFFFFFFFFFFFFFFFFFFF AND DUP2 MSTORE PUSH1 0x20 ADD SWAP1 DUP2 MSTORE PUSH1 0x20 ADD PUSH1 0x0 KECCAK256 DUP2 SWAP1 SSTORE POP PUSH1 0x40 DUP1 MLOAD SWAP1 DUP2 ADD PUSH1 0x40 MSTORE DUP1 PUSH1 0x7 DUP2 MSTORE PUSH1 0x20 ADD PUSH32 0x4B696D636F696E00000000000000000000000000000000000000000000000000 DUP2 MSTORE POP PUSH1 0x0 SWAP1 DUP1 MLOAD SWAP1 PUSH1 0x20 ADD SWAP1 PUSH3 0xCB SWAP3 SWAP2 SWAP1 PUSH3 0x120 JUMP JUMPDEST POP PUSH1 0x40 DUP1 MLOAD SWAP1 DUP2 ADD PUSH1 0x40 MSTORE DUP1 PUSH1 0x3 DUP2 MSTORE PUSH1 0x20 ADD PUSH32 0x4B494D0000000000000000000000000000000000000000000000000000000000 DUP2 MSTORE POP PUSH1 0x1 SWAP1 DUP1 MLOAD SWAP1 PUSH1 0x20 ADD SWAP1 PUSH3 0x119 SWAP3 SWAP2 SWAP1 PUSH3 0x120 JUMP JUMPDEST POP PUSH3 0x1CF JUMP JUMPDEST DUP3 DUP1 SLOAD PUSH1 0x1 DUP2 PUSH1 0x1 AND ISZERO PUSH2 0x100 MUL SUB AND PUSH1 0x2 SWAP1 DIV SWAP1 PUSH1 0x0 MSTORE PUSH1 0x20 PUSH1 0x0 KECCAK256 SWAP1 PUSH1 0x1F ADD PUSH1 0x20 SWAP1 DIV DUP2 ADD SWAP3 DUP3 PUSH1 0x1F LT PUSH3 0x163 JUMPI DUP1 MLOAD PUSH1 0xFF NOT AND DUP4 DUP1 ADD OR DUP6 SSTORE PUSH3 0x194 JUMP JUMPDEST DUP3 DUP1 ADD PUSH1 0x1 ADD DUP6 SSTORE DUP3 ISZERO PUSH3 0x194 JUMPI SWAP2 DUP3 ADD JUMPDEST DUP3 DUP2 GT ISZERO PUSH3 0x193 JUMPI DUP3 MLOAD DUP3 SSTORE SWAP2 PUSH1 0x20 ADD SWAP2 SWAP1 PUSH1 0x1 ADD SWAP1 PUSH3 0x176 JUMP JUMPDEST JUMPDEST POP SWAP1 POP PUSH3 0x1A3 SWAP2 SWAP1 PUSH3 0x1A7 JUMP JUMPDEST POP SWAP1 JUMP JUMPDEST PUSH3 0x1CC SWAP2 SWAP1 JUMPDEST DUP1 DUP3 GT ISZERO PUSH3 0x1C8 JUMPI PUSH1 0x0 DUP2 PUSH1 0x0 SWAP1 SSTORE POP PUSH1 0x1 ADD PUSH3 0x1AE JUMP JUMPDEST POP SWAP1 JUMP JUMPDEST SWAP1 JUMP JUMPDEST PUSH2 0x106C DUP1 PUSH3 0x1DF PUSH1 0x0 CODECOPY PUSH1 0x0 RETURN STOP PUSH1 0x60 PUSH1 0x40 MSTORE PUSH1 0x4 CALLDATASIZE LT PUSH2 0xBA JUMPI PUSH1 0x0 CALLDATALOAD PUSH29 0x100000000000000000000000000000000000000000000000000000000 SWAP1 DIV PUSH4 0xFFFFFFFF AND DUP1 PUSH4 0x6FDDE03 EQ PUSH2 0xBF JUMPI DUP1 PUSH4 0x95EA7B3 EQ PUSH2 0x14D JUMPI DUP1 PUSH4 0x18160DDD EQ PUSH2 0x1A7 JUMPI DUP1 PUSH4 0x23B872DD EQ PUSH2 0x1D0 JUMPI DUP1 PUSH4 0x313CE567 EQ PUSH2 0x249 JUMPI DUP1 PUSH4 0x42966C68 EQ PUSH2 0x278 JUMPI DUP1 PUSH4 0x70A08231 EQ PUSH2 0x2B3 JUMPI DUP1 PUSH4 0x79CC6790 EQ PUSH2 0x300 JUMPI DUP1 PUSH4 0x95D89B41 EQ PUSH2 0x35A JUMPI DUP1 PUSH4 0xA9059CBB EQ PUSH2 0x3E8 JUMPI DUP1 PUSH4 0xCAE9CA51 EQ PUSH2 0x42A JUMPI DUP1 PUSH4 0xDD62ED3E EQ PUSH2 0x4C7 JUMPI JUMPDEST PUSH1 0x0 DUP1 REVERT JUMPDEST CALLVALUE ISZERO PUSH2 0xCA JUMPI PUSH1 0x0 DUP1 REVERT JUMPDEST PUSH2 0xD2 PUSH2 0x533 JUMP JUMPDEST PUSH1 0x40 MLOAD DUP1 DUP1 PUSH1 0x20 ADD DUP3 DUP2 SUB DUP3 MSTORE DUP4 DUP2 DUP2 MLOAD DUP2 MSTORE PUSH1 0x20 ADD SWAP2 POP DUP1 MLOAD SWAP1 PUSH1 0x20 ADD SWAP1 DUP1 DUP4 DUP4 PUSH1 0x0 JUMPDEST DUP4 DUP2 LT ISZERO PUSH2 0x112 JUMPI DUP1 DUP3 ADD MLOAD DUP2 DUP5 ADD MSTORE PUSH1 0x20 DUP2 ADD SWAP1 POP PUSH2 0xF7 JUMP JUMPDEST POP POP POP POP SWAP1 POP SWAP1 DUP2 ADD SWAP1 PUSH1 0x1F AND DUP1 ISZERO PUSH2 0x13F JUMPI DUP1 DUP3 SUB DUP1 MLOAD PUSH1 0x1 DUP4 PUSH1 0x20 SUB PUSH2 0x100 EXP SUB NOT AND DUP2 MSTORE PUSH1 0x20 ADD SWAP2 POP JUMPDEST POP SWAP3 POP POP POP PUSH1 0x40 MLOAD DUP1 SWAP2 SUB SWAP1 RETURN JUMPDEST CALLVALUE ISZERO PUSH2 0x158 JUMPI PUSH1 0x0 DUP1 REVERT JUMPDEST PUSH2 0x18D PUSH1 0x4 DUP1 DUP1 CALLDATALOAD PUSH20 0xFFFFFFFFFFFFFFFFFFFFFFFFFFFFFFFFFFFFFFFF AND SWAP1 PUSH1 0x20 ADD SWAP1 SWAP2 SWAP1 DUP1 CALLDATALOAD SWAP1 PUSH1 0x20 ADD SWAP1 SWAP2 SWAP1 POP POP PUSH2 0x5D1 JUMP JUMPDEST PUSH1 0x40 MLOAD DUP1 DUP3 ISZERO ISZERO ISZERO ISZERO DUP2 MSTORE PUSH1 0x20 ADD SWAP2 POP POP PUSH1 0x40 MLOAD DUP1 SWAP2 SUB SWAP1 RETURN JUMPDEST CALLVALUE ISZERO PUSH2 0x1B2 JUMPI PUSH1 0x0 DUP1 REVERT JUMPDEST PUSH2 0x1BA PUSH2 0x65E JUMP JUMPDEST PUSH1 0x40 MLOAD DUP1 DUP3 DUP2 MSTORE PUSH1 0x20 ADD SWAP2 POP POP PUSH1 0x40 MLOAD DUP1 SWAP2 SUB SWAP1 RETURN JUMPDEST CALLVALUE ISZERO PUSH2 0x1DB JUMPI PUSH1 0x0 DUP1 REVERT JUMPDEST PUSH2 0x22F PUSH1 0x4 DUP1 DUP1 CALLDATALOAD PUSH20 0xFFFFFFFFFFFFFFFFFFFFFFFFFFFFFFFFFFFFFFFF AND SWAP1 PUSH1 0x20 ADD SWAP1 SWAP2 SWAP1 DUP1 CALLDATALOAD PUSH20 0xFFFFFFFFFFFFFFFFFFFFFFFFFFFFFFFFFFFFFFFF AND SWAP1 PUSH1 0x20 ADD SWAP1 SWAP2 SWAP1 DUP1 CALLDATALOAD SWAP1 PUSH1 0x20 ADD SWAP1 SWAP2 SWAP1 POP POP PUSH2 0x664 JUMP JUMPDEST PUSH1 0x40 MLOAD DUP1 DUP3 ISZERO ISZERO ISZERO ISZERO DUP2 MSTORE PUSH1 0x20 ADD SWAP2 POP POP PUSH1 0x40 MLOAD DUP1 SWAP2 SUB SWAP1 RETURN JUMPDEST CALLVALUE ISZERO PUSH2 0x254 JUMPI PUSH1 0x0 DUP1 REVERT JUMPDEST PUSH2 0x25C PUSH2 0x791 JUMP JUMPDEST PUSH1 0x40 MLOAD DUP1 DUP3 PUSH1 0xFF AND PUSH1 0xFF AND DUP2 MSTORE PUSH1 0x20 ADD SWAP2 POP POP PUSH1 0x40 MLOAD DUP1 SWAP2 SUB SWAP1 RETURN JUMPDEST CALLVALUE ISZERO PUSH2 0x283 JUMPI PUSH1 0x0 DUP1 REVERT JUMPDEST PUSH2 0x299 PUSH1 0x4 DUP1 DUP1 CALLDATALOAD SWAP1 PUSH1 0x20 ADD SWAP1 SWAP2 SWAP1 POP POP PUSH2 0x7A4 JUMP JUMPDEST PUSH1 0x40 MLOAD DUP1 DUP3 ISZERO ISZERO ISZERO ISZERO DUP2 MSTORE PUSH1 0x20 ADD SWAP2 POP POP PUSH1 0x40 MLOAD DUP1 SWAP2 SUB SWAP1 RETURN JUMPDEST CALLVALUE ISZERO PUSH2 0x2BE JUMPI PUSH1 0x0 DUP1 REVERT JUMPDEST PUSH2 0x2EA PUSH1 0x4 DUP1 DUP1 CALLDATALOAD PUSH20 0xFFFFFFFFFFFFFFFFFFFFFFFFFFFFFFFFFFFFFFFF AND SWAP1 PUSH1 0x20 ADD SWAP1 SWAP2 SWAP1 POP POP PUSH2 0x8A8 JUMP JUMPDEST PUSH1 0x40 MLOAD DUP1 DUP3 DUP2 MSTORE PUSH1 0x20 ADD SWAP2 POP POP PUSH1 0x40 MLOAD DUP1 SWAP2 SUB SWAP1 RETURN JUMPDEST CALLVALUE ISZERO PUSH2 0x30B JUMPI PUSH1 0x0 DUP1 REVERT JUMPDEST PUSH2 0x340 PUSH1 0x4 DUP1 DUP1 CALLDATALOAD PUSH20 0xFFFFFFFFFFFFFFFFFFFFFFFFFFFFFFFFFFFFFFFF AND SWAP1 PUSH1 0x20 ADD SWAP1 SWAP2 SWAP1 DUP1 CALLDATALOAD SWAP1 PUSH1 0x20 ADD SWAP1 SWAP2 SWAP1 POP POP PUSH2 0x8C0 JUMP JUMPDEST PUSH1 0x40 MLOAD DUP1 DUP3 ISZERO ISZERO ISZERO ISZERO DUP2 MSTORE PUSH1 0x20 ADD SWAP2 POP POP PUSH1 0x40 MLOAD DUP1 SWAP2 SUB SWAP1 RETURN JUMPDEST CALLVALUE ISZERO PUSH2 0x365 JUMPI PUSH1 0x0 DUP1 REVERT JUMPDEST PUSH2 0x36D PUSH2 0xADA JUMP JUMPDEST PUSH1 0x40 MLOAD DUP1 DUP1 PUSH1 0x20 ADD DUP3 DUP2 SUB DUP3 MSTORE DUP4 DUP2 DUP2 MLOAD DUP2 MSTORE PUSH1 0x20 ADD SWAP2 POP DUP1 MLOAD SWAP1 PUSH1 0x20 ADD SWAP1 DUP1 DUP4 DUP4 PUSH1 0x0 JUMPDEST DUP4 DUP2 LT ISZERO PUSH2 0x3AD JUMPI DUP1 DUP3 ADD MLOAD DUP2 DUP5 ADD MSTORE PUSH1 0x20 DUP2 ADD SWAP1 POP PUSH2 0x392 JUMP JUMPDEST POP POP POP POP SWAP1 POP SWAP1 DUP2 ADD SWAP1 PUSH1 0x1F AND DUP1 ISZERO PUSH2 0x3DA JUMPI DUP1 DUP3 SUB DUP1 MLOAD PUSH1 0x1 DUP4 PUSH1 0x20 SUB PUSH2 0x100 EXP SUB NOT AND DUP2 MSTORE PUSH1 0x20 ADD SWAP2 POP JUMPDEST POP SWAP3 POP POP POP PUSH1 0x40 MLOAD DUP1 SWAP2 SUB SWAP1 RETURN JUMPDEST CALLVALUE ISZERO PUSH2 0x3F3 JUMPI PUSH1 0x0 DUP1 REVERT JUMPDEST PUSH2 0x428 PUSH1 0x4 DUP1 DUP1 CALLDATALOAD PUSH20 0xFFFFFFFFFFFFFFFFFFFFFFFFFFFFFFFFFFFFFFFF AND SWAP1 PUSH1 0x20 ADD SWAP1 SWAP2 SWAP1 DUP1 CALLDATALOAD SWAP1 PUSH1 0x20 ADD SWAP1 SWAP2 SWAP1 POP POP PUSH2 0xB78 JUMP JUMPDEST STOP JUMPDEST CALLVALUE ISZERO PUSH2 0x435 JUMPI PUSH1 0x0 DUP1 REVERT JUMPDEST PUSH2 0x4AD PUSH1 0x4 DUP1 DUP1 CALLDATALOAD PUSH20 0xFFFFFFFFFFFFFFFFFFFFFFFFFFFFFFFFFFFFFFFF AND SWAP1 PUSH1 0x20 ADD SWAP1 SWAP2 SWAP1 DUP1 CALLDATALOAD SWAP1 PUSH1 0x20 ADD SWAP1 SWAP2 SWAP1 DUP1 CALLDATALOAD SWAP1 PUSH1 0x20 ADD SWAP1 DUP3 ADD DUP1 CALLDATALOAD SWAP1 PUSH1 0x20 ADD SWAP1 DUP1 DUP1 PUSH1 0x1F ADD PUSH1 0x20 DUP1 SWAP2 DIV MUL PUSH1 0x20 ADD PUSH1 0x40 MLOAD SWAP1 DUP2 ADD PUSH1 0x40 MSTORE DUP1 SWAP4 SWAP3 SWAP2 SWAP1 DUP2 DUP2 MSTORE PUSH1 0x20 ADD DUP4 DUP4 DUP1 DUP3 DUP5 CALLDATACOPY DUP3 ADD SWAP2 POP POP POP POP POP POP SWAP2 SWAP1 POP POP PUSH2 0xB87 JUMP JUMPDEST PUSH1 0x40 MLOAD DUP1 DUP3 ISZERO ISZERO ISZERO ISZERO DUP2 MSTORE PUSH1 0x20 ADD SWAP2 POP POP PUSH1 0x40 MLOAD DUP1 SWAP2 SUB SWAP1 RETURN JUMPDEST CALLVALUE ISZERO PUSH2 0x4D2 JUMPI PUSH1 0x0 DUP1 REVERT JUMPDEST PUSH2 0x51D PUSH1 0x4 DUP1 DUP1 CALLDATALOAD PUSH20 0xFFFFFFFFFFFFFFFFFFFFFFFFFFFFFFFFFFFFFFFF AND SWAP1 PUSH1 0x20 ADD SWAP1 SWAP2 SWAP1 DUP1 CALLDATALOAD PUSH20 0xFFFFFFFFFFFFFFFFFFFFFFFFFFFFFFFFFFFFFFFF AND SWAP1 PUSH1 0x20 ADD SWAP1 SWAP2 SWAP1 POP POP PUSH2 0xD05 JUMP JUMPDEST PUSH1 0x40 MLOAD DUP1 DUP3 DUP2 MSTORE PUSH1 0x20 ADD SWAP2 POP POP PUSH1 0x40 MLOAD DUP1 SWAP2 SUB SWAP1 RETURN JUMPDEST PUSH1 0x0 DUP1 SLOAD PUSH1 0x1 DUP2 PUSH1 0x1 AND ISZERO PUSH2 0x100 MUL SUB AND PUSH1 0x2 SWAP1 DIV DUP1 PUSH1 0x1F ADD PUSH1 0x20 DUP1 SWAP2 DIV MUL PUSH1 0x20 ADD PUSH1 0x40 MLOAD SWAP1 DUP2 ADD PUSH1 0x40 MSTORE DUP1 SWAP3 SWAP2 SWAP1 DUP2 DUP2 MSTORE PUSH1 0x20 ADD DUP3 DUP1 SLOAD PUSH1 0x1 DUP2 PUSH1 0x1 AND ISZERO PUSH2 0x100 MUL SUB AND PUSH1 0x2 SWAP1 DIV DUP1 ISZERO PUSH2 0x5C9 JUMPI DUP1 PUSH1 0x1F LT PUSH2 0x59E JUMPI PUSH2 0x100 DUP1 DUP4 SLOAD DIV MUL DUP4 MSTORE SWAP2 PUSH1 0x20 ADD SWAP2 PUSH2 0x5C9 JUMP JUMPDEST DUP3 ADD SWAP2 SWAP1 PUSH1 0x0 MSTORE PUSH1 0x20 PUSH1 0x0 KECCAK256 SWAP1 JUMPDEST DUP2 SLOAD DUP2 MSTORE SWAP1 PUSH1 0x1 ADD SWAP1 PUSH1 0x20 ADD DUP1 DUP4 GT PUSH2 0x5AC JUMPI DUP3 SWAP1 SUB PUSH1 0x1F AND DUP3 ADD SWAP2 JUMPDEST POP POP POP POP POP DUP2 JUMP JUMPDEST PUSH1 0x0 DUP2 PUSH1 0x5 PUSH1 0x0 CALLER PUSH20 0xFFFFFFFFFFFFFFFFFFFFFFFFFFFFFFFFFFFFFFFF AND PUSH20 0xFFFFFFFFFFFFFFFFFFFFFFFFFFFFFFFFFFFFFFFF AND DUP2 MSTORE PUSH1 0x20 ADD SWAP1 DUP2 MSTORE PUSH1 0x20 ADD PUSH1 0x0 KECCAK256 PUSH1 0x0 DUP6 PUSH20 0xFFFFFFFFFFFFFFFFFFFFFFFFFFFFFFFFFFFFFFFF AND PUSH20 0xFFFFFFFFFFFFFFFFFFFFFFFFFFFFFFFFFFFFFFFF AND DUP2 MSTORE PUSH1 0x20 ADD SWAP1 DUP2 MSTORE PUSH1 0x20 ADD PUSH1 0x0 KECCAK256 DUP2 SWAP1 SSTORE POP PUSH1 0x1 SWAP1 POP SWAP3 SWAP2 POP POP JUMP JUMPDEST PUSH1 0x3 SLOAD DUP2 JUMP JUMPDEST PUSH1 0x0 PUSH1 0x5 PUSH1 0x0 DUP6 PUSH20 0xFFFFFFFFFFFFFFFFFFFFFFFFFFFFFFFFFFFFFFFF AND PUSH20 0xFFFFFFFFFFFFFFFFFFFFFFFFFFFFFFFFFFFFFFFF AND DUP2 MSTORE PUSH1 0x20 ADD SWAP1 DUP2 MSTORE PUSH1 0x20 ADD PUSH1 0x0 KECCAK256 PUSH1 0x0 CALLER PUSH20 0xFFFFFFFFFFFFFFFFFFFFFFFFFFFFFFFFFFFFFFFF AND PUSH20 0xFFFFFFFFFFFFFFFFFFFFFFFFFFFFFFFFFFFFFFFF AND DUP2 MSTORE PUSH1 0x20 ADD SWAP1 DUP2 MSTORE PUSH1 0x20 ADD PUSH1 0x0 KECCAK256 SLOAD DUP3 GT ISZERO ISZERO ISZERO PUSH2 0x6F1 JUMPI PUSH1 0x0 DUP1 REVERT JUMPDEST DUP2 PUSH1 0x5 PUSH1 0x0 DUP7 PUSH20 0xFFFFFFFFFFFFFFFFFFFFFFFFFFFFFFFFFFFFFFFF AND PUSH20 0xFFFFFFFFFFFFFFFFFFFFFFFFFFFFFFFFFFFFFFFF AND DUP2 MSTORE PUSH1 0x20 ADD SWAP1 DUP2 MSTORE PUSH1 0x20 ADD PUSH1 0x0 KECCAK256 PUSH1 0x0 CALLER PUSH20 0xFFFFFFFFFFFFFFFFFFFFFFFFFFFFFFFFFFFFFFFF AND PUSH20 0xFFFFFFFFFFFFFFFFFFFFFFFFFFFFFFFFFFFFFFFF AND DUP2 MSTORE PUSH1 0x20 ADD SWAP1 DUP2 MSTORE PUSH1 0x20 ADD PUSH1 0x0 KECCAK256 PUSH1 0x0 DUP3 DUP3 SLOAD SUB SWAP3 POP POP DUP2 SWAP1 SSTORE POP PUSH2 0x786 DUP5 DUP5 DUP5 PUSH2 0xD2A JUMP JUMPDEST PUSH1 0x1 SWAP1 POP SWAP4 SWAP3 POP POP POP JUMP JUMPDEST PUSH1 0x2 PUSH1 0x0 SWAP1 SLOAD SWAP1 PUSH2 0x100 EXP SWAP1 DIV PUSH1 0xFF AND DUP2 JUMP JUMPDEST PUSH1 0x0 DUP2 PUSH1 0x4 PUSH1 0x0 CALLER PUSH20 0xFFFFFFFFFFFFFFFFFFFFFFFFFFFFFFFFFFFFFFFF AND PUSH20 0xFFFFFFFFFFFFFFFFFFFFFFFFFFFFFFFFFFFFFFFF AND DUP2 MSTORE PUSH1 0x20 ADD SWAP1 DUP2 MSTORE PUSH1 0x20 ADD PUSH1 0x0 KECCAK256 SLOAD LT ISZERO ISZERO ISZERO PUSH2 0x7F4 JUMPI PUSH1 0x0 DUP1 REVERT JUMPDEST DUP2 PUSH1 0x4 PUSH1 0x0 CALLER PUSH20 0xFFFFFFFFFFFFFFFFFFFFFFFFFFFFFFFFFFFFFFFF AND PUSH20 0xFFFFFFFFFFFFFFFFFFFFFFFFFFFFFFFFFFFFFFFF AND DUP2 MSTORE PUSH1 0x20 ADD SWAP1 DUP2 MSTORE PUSH1 0x20 ADD PUSH1 0x0 KECCAK256 PUSH1 0x0 DUP3 DUP3 SLOAD SUB SWAP3 POP POP DUP2 SWAP1 SSTORE POP DUP2 PUSH1 0x3 PUSH1 0x0 DUP3 DUP3 SLOAD SUB SWAP3 POP POP DUP2 SWAP1 SSTORE POP CALLER PUSH20 0xFFFFFFFFFFFFFFFFFFFFFFFFFFFFFFFFFFFFFFFF AND PUSH32 0xCC16F5DBB4873280815C1EE09DBD06736CFFCC184412CF7A71A0FDB75D397CA5 DUP4 PUSH1 0x40 MLOAD DUP1 DUP3 DUP2 MSTORE PUSH1 0x20 ADD SWAP2 POP POP PUSH1 0x40 MLOAD DUP1 SWAP2 SUB SWAP1 LOG2 PUSH1 0x1 SWAP1 POP SWAP2 SWAP1 POP JUMP JUMPDEST PUSH1 0x4 PUSH1 0x20 MSTORE DUP1 PUSH1 0x0 MSTORE PUSH1 0x40 PUSH1 0x0 KECCAK256 PUSH1 0x0 SWAP2 POP SWAP1 POP SLOAD DUP2 JUMP JUMPDEST PUSH1 0x0 DUP2 PUSH1 0x4 PUSH1 0x0 DUP6 PUSH20 0xFFFFFFFFFFFFFFFFFFFFFFFFFFFFFFFFFFFFFFFF AND PUSH20 0xFFFFFFFFFFFFFFFFFFFFFFFFFFFFFFFFFFFFFFFF AND DUP2 MSTORE PUSH1 0x20 ADD SWAP1 DUP2 MSTORE PUSH1 0x20 ADD PUSH1 0x0 KECCAK256 SLOAD LT ISZERO ISZERO ISZERO PUSH2 0x910 JUMPI PUSH1 0x0 DUP1 REVERT JUMPDEST PUSH1 0x5 PUSH1 0x0 DUP5 PUSH20 0xFFFFFFFFFFFFFFFFFFFFFFFFFFFFFFFFFFFFFFFF AND PUSH20 0xFFFFFFFFFFFFFFFFFFFFFFFFFFFFFFFFFFFFFFFF AND DUP2 MSTORE PUSH1 0x20 ADD SWAP1 DUP2 MSTORE PUSH1 0x20 ADD PUSH1 0x0 KECCAK256 PUSH1 0x0 CALLER PUSH20 0xFFFFFFFFFFFFFFFFFFFFFFFFFFFFFFFFFFFFFFFF AND PUSH20 0xFFFFFFFFFFFFFFFFFFFFFFFFFFFFFFFFFFFFFFFF AND DUP2 MSTORE PUSH1 0x20 ADD SWAP1 DUP2 MSTORE PUSH1 0x20 ADD PUSH1 0x0 KECCAK256 SLOAD DUP3 GT ISZERO ISZERO ISZERO PUSH2 0x99B JUMPI PUSH1 0x0 DUP1 REVERT JUMPDEST DUP2 PUSH1 0x4 PUSH1 0x0 DUP6 PUSH20 0xFFFFFFFFFFFFFFFFFFFFFFFFFFFFFFFFFFFFFFFF AND PUSH20 0xFFFFFFFFFFFFFFFFFFFFFFFFFFFFFFFFFFFFFFFF AND DUP2 MSTORE PUSH1 0x20 ADD SWAP1 DUP2 MSTORE PUSH1 0x20 ADD PUSH1 0x0 KECCAK256 PUSH1 0x0 DUP3 DUP3 SLOAD SUB SWAP3 POP POP DUP2 SWAP1 SSTORE POP DUP2 PUSH1 0x5 PUSH1 0x0 DUP6 PUSH20 0xFFFFFFFFFFFFFFFFFFFFFFFFFFFFFFFFFFFFFFFF AND PUSH20 0xFFFFFFFFFFFFFFFFFFFFFFFFFFFFFFFFFFFFFFFF AND DUP2 MSTORE PUSH1 0x20 ADD SWAP1 DUP2 MSTORE PUSH1 0x20 ADD PUSH1 0x0 KECCAK256 PUSH1 0x0 CALLER PUSH20 0xFFFFFFFFFFFFFFFFFFFFFFFFFFFFFFFFFFFFFFFF AND PUSH20 0xFFFFFFFFFFFFFFFFFFFFFFFFFFFFFFFFFFFFFFFF AND DUP2 MSTORE PUSH1 0x20 ADD SWAP1 DUP2 MSTORE PUSH1 0x20 ADD PUSH1 0x0 KECCAK256 PUSH1 0x0 DUP3 DUP3 SLOAD SUB SWAP3 POP POP DUP2 SWAP1 SSTORE POP DUP2 PUSH1 0x3 PUSH1 0x0 DUP3 DUP3 SLOAD SUB SWAP3 POP POP DUP2 SWAP1 SSTORE POP DUP3 PUSH20 0xFFFFFFFFFFFFFFFFFFFFFFFFFFFFFFFFFFFFFFFF AND PUSH32 0xCC16F5DBB4873280815C1EE09DBD06736CFFCC184412CF7A71A0FDB75D397CA5 DUP4 PUSH1 0x40 MLOAD DUP1 DUP3 DUP2 MSTORE PUSH1 0x20 ADD SWAP2 POP POP PUSH1 0x40 MLOAD DUP1 SWAP2 SUB SWAP1 LOG2 PUSH1 0x1 SWAP1 POP SWAP3 SWAP2 POP POP JUMP JUMPDEST PUSH1 0x1 DUP1 SLOAD PUSH1 0x1 DUP2 PUSH1 0x1 AND ISZERO PUSH2 0x100 MUL SUB AND PUSH1 0x2 SWAP1 DIV DUP1 PUSH1 0x1F ADD PUSH1 0x20 DUP1 SWAP2 DIV MUL PUSH1 0x20 ADD PUSH1 0x40 MLOAD SWAP1 DUP2 ADD PUSH1 0x40 MSTORE DUP1 SWAP3 SWAP2 SWAP1 DUP2 DUP2 MSTORE PUSH1 0x20 ADD DUP3 DUP1 SLOAD PUSH1 0x1 DUP2 PUSH1 0x1 AND ISZERO PUSH2 0x100 MUL SUB AND PUSH1 0x2 SWAP1 DIV DUP1 ISZERO PUSH2 0xB70 JUMPI DUP1 PUSH1 0x1F LT PUSH2 0xB45 JUMPI PUSH2 0x100 DUP1 DUP4 SLOAD DIV MUL DUP4 MSTORE SWAP2 PUSH1 0x20 ADD SWAP2 PUSH2 0xB70 JUMP JUMPDEST DUP3 ADD SWAP2 SWAP1 PUSH1 0x0 MSTORE PUSH1 0x20 PUSH1 0x0 KECCAK256 SWAP1 JUMPDEST DUP2 SLOAD DUP2 MSTORE SWAP1 PUSH1 0x1 ADD SWAP1 PUSH1 0x20 ADD DUP1 DUP4 GT PUSH2 0xB53 JUMPI DUP3 SWAP1 SUB PUSH1 0x1F AND DUP3 ADD SWAP2 JUMPDEST POP POP POP POP POP DUP2 JUMP JUMPDEST PUSH2 0xB83 CALLER DUP4 DUP4 PUSH2 0xD2A JUMP JUMPDEST POP POP JUMP JUMPDEST PUSH1 0x0 DUP1 DUP5 SWAP1 POP PUSH2 0xB97 DUP6 DUP6 PUSH2 0x5D1 JUMP JUMPDEST ISZERO PUSH2 0xCFC JUMPI DUP1 PUSH20 0xFFFFFFFFFFFFFFFFFFFFFFFFFFFFFFFFFFFFFFFF AND PUSH4 0x8F4FFCB1 CALLER DUP7 ADDRESS DUP8 PUSH1 0x40 MLOAD DUP6 PUSH4 0xFFFFFFFF AND PUSH29 0x100000000000000000000000000000000000000000000000000000000 MUL DUP2 MSTORE PUSH1 0x4 ADD DUP1 DUP6 PUSH20 0xFFFFFFFFFFFFFFFFFFFFFFFFFFFFFFFFFFFFFFFF AND PUSH20 0xFFFFFFFFFFFFFFFFFFFFFFFFFFFFFFFFFFFFFFFF AND DUP2 MSTORE PUSH1 0x20 ADD DUP5 DUP2 MSTORE PUSH1 0x20 ADD DUP4 PUSH20 0xFFFFFFFFFFFFFFFFFFFFFFFFFFFFFFFFFFFFFFFF AND PUSH20 0xFFFFFFFFFFFFFFFFFFFFFFFFFFFFFFFFFFFFFFFF AND DUP2 MSTORE PUSH1 0x20 ADD DUP1 PUSH1 0x20 ADD DUP3 DUP2 SUB DUP3 MSTORE DUP4 DUP2 DUP2 MLOAD DUP2 MSTORE PUSH1 0x20 ADD SWAP2 POP DUP1 MLOAD SWAP1 PUSH1 0x20 ADD SWAP1 DUP1 DUP4 DUP4 PUSH1 0x0 JUMPDEST DUP4 DUP2 LT ISZERO PUSH2 0xC91 JUMPI DUP1 DUP3 ADD MLOAD DUP2 DUP5 ADD MSTORE PUSH1 0x20 DUP2 ADD SWAP1 POP PUSH2 0xC76 JUMP JUMPDEST POP POP POP POP SWAP1 POP SWAP1 DUP2 ADD SWAP1 PUSH1 0x1F AND DUP1 ISZERO PUSH2 0xCBE JUMPI DUP1 DUP3 SUB DUP1 MLOAD PUSH1 0x1 DUP4 PUSH1 0x20 SUB PUSH2 0x100 EXP SUB NOT AND DUP2 MSTORE PUSH1 0x20 ADD SWAP2 POP JUMPDEST POP SWAP6 POP POP POP POP POP POP PUSH1 0x0 PUSH1 0x40 MLOAD DUP1 DUP4 SUB DUP2 PUSH1 0x0 DUP8 DUP1 EXTCODESIZE ISZERO ISZERO PUSH2 0xCDF JUMPI PUSH1 0x0 DUP1 REVERT JUMPDEST PUSH2 0x2C6 GAS SUB CALL ISZERO ISZERO PUSH2 0xCF0 JUMPI PUSH1 0x0 DUP1 REVERT JUMPDEST POP POP POP PUSH1 0x1 SWAP2 POP PUSH2 0xCFD JUMP JUMPDEST JUMPDEST POP SWAP4 SWAP3 POP POP POP JUMP JUMPDEST PUSH1 0x5 PUSH1 0x20 MSTORE DUP2 PUSH1 0x0 MSTORE PUSH1 0x40 PUSH1 0x0 KECCAK256 PUSH1 0x20 MSTORE DUP1 PUSH1 0x0 MSTORE PUSH1 0x40 PUSH1 0x0 KECCAK256 PUSH1 0x0 SWAP2 POP SWAP2 POP POP SLOAD DUP2 JUMP JUMPDEST PUSH1 0x0 DUP1 DUP4 PUSH20 0xFFFFFFFFFFFFFFFFFFFFFFFFFFFFFFFFFFFFFFFF AND EQ ISZERO ISZERO ISZERO PUSH2 0xD51 JUMPI PUSH1 0x0 DUP1 REVERT JUMPDEST DUP2 PUSH1 0x4 PUSH1 0x0 DUP7 PUSH20 0xFFFFFFFFFFFFFFFFFFFFFFFFFFFFFFFFFFFFFFFF AND PUSH20 0xFFFFFFFFFFFFFFFFFFFFFFFFFFFFFFFFFFFFFFFF AND DUP2 MSTORE PUSH1 0x20 ADD SWAP1 DUP2 MSTORE PUSH1 0x20 ADD PUSH1 0x0 KECCAK256 SLOAD LT ISZERO ISZERO ISZERO PUSH2 0xD9F JUMPI PUSH1 0x0 DUP1 REVERT JUMPDEST PUSH1 0x4 PUSH1 0x0 DUP5 PUSH20 0xFFFFFFFFFFFFFFFFFFFFFFFFFFFFFFFFFFFFFFFF AND PUSH20 0xFFFFFFFFFFFFFFFFFFFFFFFFFFFFFFFFFFFFFFFF AND DUP2 MSTORE PUSH1 0x20 ADD SWAP1 DUP2 MSTORE PUSH1 0x20 ADD PUSH1 0x0 KECCAK256 SLOAD DUP3 PUSH1 0x4 PUSH1 0x0 DUP7 PUSH20 0xFFFFFFFFFFFFFFFFFFFFFFFFFFFFFFFFFFFFFFFF AND PUSH20 0xFFFFFFFFFFFFFFFFFFFFFFFFFFFFFFFFFFFFFFFF AND DUP2 MSTORE PUSH1 0x20 ADD SWAP1 DUP2 MSTORE PUSH1 0x20 ADD PUSH1 0x0 KECCAK256 SLOAD ADD GT ISZERO ISZERO PUSH2 0xE2D JUMPI PUSH1 0x0 DUP1 REVERT JUMPDEST PUSH1 0x4 PUSH1 0x0 DUP5 PUSH20 0xFFFFFFFFFFFFFFFFFFFFFFFFFFFFFFFFFFFFFFFF AND PUSH20 0xFFFFFFFFFFFFFFFFFFFFFFFFFFFFFFFFFFFFFFFF AND DUP2 MSTORE PUSH1 0x20 ADD SWAP1 DUP2 MSTORE PUSH1 0x20 ADD PUSH1 0x0 KECCAK256 SLOAD PUSH1 0x4 PUSH1 0x0 DUP7 PUSH20 0xFFFFFFFFFFFFFFFFFFFFFFFFFFFFFFFFFFFFFFFF AND PUSH20 0xFFFFFFFFFFFFFFFFFFFFFFFFFFFFFFFFFFFFFFFF AND DUP2 MSTORE PUSH1 0x20 ADD SWAP1 DUP2 MSTORE PUSH1 0x20 ADD PUSH1 0x0 KECCAK256 SLOAD ADD SWAP1 POP DUP2 PUSH1 0x4 PUSH1 0x0 DUP7 PUSH20 0xFFFFFFFFFFFFFFFFFFFFFFFFFFFFFFFFFFFFFFFF AND PUSH20 0xFFFFFFFFFFFFFFFFFFFFFFFFFFFFFFFFFFFFFFFF AND DUP2 MSTORE PUSH1 0x20 ADD SWAP1 DUP2 MSTORE PUSH1 0x20 ADD PUSH1 0x0 KECCAK256 PUSH1 0x0 DUP3 DUP3 SLOAD SUB SWAP3 POP POP DUP2 SWAP1 SSTORE POP DUP2 PUSH1 0x4 PUSH1 0x0 DUP6 PUSH20 0xFFFFFFFFFFFFFFFFFFFFFFFFFFFFFFFFFFFFFFFF AND PUSH20 0xFFFFFFFFFFFFFFFFFFFFFFFFFFFFFFFFFFFFFFFF AND DUP2 MSTORE PUSH1 0x20 ADD SWAP1 DUP2 MSTORE PUSH1 0x20 ADD PUSH1 0x0 KECCAK256 PUSH1 0x0 DUP3 DUP3 SLOAD ADD SWAP3 POP POP DUP2 SWAP1 SSTORE POP DUP3 PUSH20 0xFFFFFFFFFFFFFFFFFFFFFFFFFFFFFFFFFFFFFFFF AND DUP5 PUSH20 0xFFFFFFFFFFFFFFFFFFFFFFFFFFFFFFFFFFFFFFFF AND PUSH32 0xDDF252AD1BE2C89B69C2B068FC378DAA952BA7F163C4A11628F55A4DF523B3EF DUP5 PUSH1 0x40 MLOAD DUP1 DUP3 DUP2 MSTORE PUSH1 0x20 ADD SWAP2 POP POP PUSH1 0x40 MLOAD DUP1 SWAP2 SUB SWAP1 LOG3 DUP1 PUSH1 0x4 PUSH1 0x0 DUP6 PUSH20 0xFFFFFFFFFFFFFFFFFFFFFFFFFFFFFFFFFFFFFFFF AND PUSH20 0xFFFFFFFFFFFFFFFFFFFFFFFFFFFFFFFFFFFFFFFF AND DUP2 MSTORE PUSH1 0x20 ADD SWAP1 DUP2 MSTORE PUSH1 0x20 ADD PUSH1 0x0 KECCAK256 SLOAD PUSH1 0x4 PUSH1 0x0 DUP8 PUSH20 0xFFFFFFFFFFFFFFFFFFFFFFFFFFFFFFFFFFFFFFFF AND PUSH20 0xFFFFFFFFFFFFFFFFFFFFFFFFFFFFFFFFFFFFFFFF AND DUP2 MSTORE PUSH1 0x20 ADD SWAP1 DUP2 MSTORE PUSH1 0x20 ADD PUSH1 0x0 KECCAK256 SLOAD ADD EQ ISZERO ISZERO PUSH2 0x103A JUMPI INVALID JUMPDEST POP POP POP POP JUMP STOP LOG1 PUSH6 0x627A7A723058 KECCAK256 DUP8 PUSH9 0x6D5FBE2C350ABACDC5 0xe8 SWAP10 SLT 0xab PUSH18 0x9954949603E56502125FA81EE8B195A0029
1,PUSH1 0x60 PUSH1 0x40 MSTORE PUSH1 0x12 PUSH1 0x3 PUSH1 0x0 PUSH2 0x100 EXP DUP2 SLOAD DUP2 PUSH1 0xFF MUL NOT AND SWAP1 DUP4 PUSH1 0xFF AND MUL OR SWAP1 SSTORE POP CALLVALUE ISZERO PUSH3 0x2C JUMPI PUSH1 0x0 DUP1 REVERT JUMPDEST PUSH1 0x40 MLOAD PUSH3 0x1724 CODESIZE SUB DUP1 PUSH3 0x1724 DUP4 CODECOPY DUP2 ADD PUSH1 0x40 MSTORE DUP1 DUP1 MLOAD SWAP1 PUSH1 0x20 ADD SWAP1 SWAP2 SWAP1 DUP1 MLOAD DUP3 ADD SWAP2 SWAP1 PUSH1 0x20 ADD DUP1 MLOAD DUP3 ADD SWAP2 SWAP1 POP POP DUP3 DUP3 DUP3 CALLER PUSH1 0x0 DUP1 PUSH2 0x100 EXP DUP2 SLOAD DUP2 PUSH20 0xFFFFFFFFFFFFFFFFFFFFFFFFFFFFFFFFFFFFFFFF MUL NOT AND SWAP1 DUP4 PUSH20 0xFFFFFFFFFFFFFFFFFFFFFFFFFFFFFFFFFFFFFFFF AND MUL OR SWAP1 SSTORE POP PUSH1 0x3 PUSH1 0x0 SWAP1 SLOAD SWAP1 PUSH2 0x100 EXP SWAP1 DIV PUSH1 0xFF AND PUSH1 0xFF AND PUSH1 0xA EXP DUP4 MUL PUSH1 0x4 DUP2 SWAP1 SSTORE POP PUSH1 0x4 SLOAD PUSH1 0x5 PUSH1 0x0 CALLER PUSH20 0xFFFFFFFFFFFFFFFFFFFFFFFFFFFFFFFFFFFFFFFF AND PUSH20 0xFFFFFFFFFFFFFFFFFFFFFFFFFFFFFFFFFFFFFFFF AND DUP2 MSTORE PUSH1 0x20 ADD SWAP1 DUP2 MSTORE PUSH1 0x20 ADD PUSH1 0x0 KECCAK256 DUP2 SWAP1 SSTORE POP DUP2 PUSH1 0x1 SWAP1 DUP1 MLOAD SWAP1 PUSH1 0x20 ADD SWAP1 PUSH3 0x11B SWAP3 SWAP2 SWAP1 PUSH3 0x141 JUMP JUMPDEST POP DUP1 PUSH1 0x2 SWAP1 DUP1 MLOAD SWAP1 PUSH1 0x20 ADD SWAP1 PUSH3 0x134 SWAP3 SWAP2 SWAP1 PUSH3 0x141 JUMP JUMPDEST POP POP POP POP POP POP POP PUSH3 0x1F0 JUMP JUMPDEST DUP3 DUP1 SLOAD PUSH1 0x1 DUP2 PUSH1 0x1 AND ISZERO PUSH2 0x100 MUL SUB AND PUSH1 0x2 SWAP1 DIV SWAP1 PUSH1 0x0 MSTORE PUSH1 0x20 PUSH1 0x0 KECCAK256 SWAP1 PUSH1 0x1F ADD PUSH1 0x20 SWAP1 DIV DUP2 ADD SWAP3 DUP3 PUSH1 0x1F LT PUSH3 0x184 JUMPI DUP1 MLOAD PUSH1 0xFF NOT AND DUP4 DUP1 ADD OR DUP6 SSTORE PUSH3 0x1B5 JUMP JUMPDEST DUP3 DUP1 ADD PUSH1 0x1 ADD DUP6 SSTORE DUP3 ISZERO PUSH3 0x1B5 JUMPI SWAP2 DUP3 ADD JUMPDEST DUP3 DUP2 GT ISZERO PUSH3 0x1B4 JUMPI DUP3 MLOAD DUP3 SSTORE SWAP2 PUSH1 0x20 ADD SWAP2 SWAP1 PUSH1 0x1 ADD SWAP1 PUSH3 0x197 JUMP JUMPDEST JUMPDEST POP SWAP1 POP PUSH3 0x1C4 SWAP2 SWAP1 PUSH3 0x1C8 JUMP JUMPDEST POP SWAP1 JUMP JUMPDEST PUSH3 0x1ED SWAP2 SWAP1 JUMPDEST DUP1 DUP3 GT ISZERO PUSH3 0x1E9 JUMPI PUSH1 0x0 DUP2 PUSH1 0x0 SWAP1 SSTORE POP PUSH1 0x1 ADD PUSH3 0x1CF JUMP JUMPDEST POP SWAP1 JUMP JUMPDEST SWAP1 JUMP JUMPDEST PUSH2 0x1524 DUP1 PUSH3 0x200 PUSH1 0x0 CODECOPY PUSH1 0x0 RETURN STOP PUSH1 0x60 PUSH1 0x40 MSTORE PUSH1 0x4 CALLDATASIZE LT PUSH2 0xF1 JUMPI PUSH1 0x0 CALLDATALOAD PUSH29 0x100000000000000000000000000000000000000000000000000000000 SWAP1 DIV PUSH4 0xFFFFFFFF AND DUP1 PUSH4 0x6FDDE03 EQ PUSH2 0xF6 JUMPI DUP1 PUSH4 0x95EA7B3 EQ PUSH2 0x184 JUMPI DUP1 PUSH4 0x18160DDD EQ PUSH2 0x1DE JUMPI DUP1 PUSH4 0x23B872DD EQ PUSH2 0x207 JUMPI DUP1 PUSH4 0x313CE567 EQ PUSH2 0x280 JUMPI DUP1 PUSH4 0x42966C68 EQ PUSH2 0x2AF JUMPI DUP1 PUSH4 0x70A08231 EQ PUSH2 0x2EA JUMPI DUP1 PUSH4 0x79C65068 EQ PUSH2 0x337 JUMPI DUP1 PUSH4 0x79CC6790 EQ PUSH2 0x379 JUMPI DUP1 PUSH4 0x8DA5CB5B EQ PUSH2 0x3D3 JUMPI DUP1 PUSH4 0x95D89B41 EQ PUSH2 0x428 JUMPI DUP1 PUSH4 0xA9059CBB EQ PUSH2 0x4B6 JUMPI DUP1 PUSH4 0xB414D4B6 EQ PUSH2 0x4F8 JUMPI DUP1 PUSH4 0xCAE9CA51 EQ PUSH2 0x549 JUMPI DUP1 PUSH4 0xDD62ED3E EQ PUSH2 0x5E6 JUMPI DUP1 PUSH4 0xE724529C EQ PUSH2 0x652 JUMPI DUP1 PUSH4 0xF2FDE38B EQ PUSH2 0x696 JUMPI JUMPDEST PUSH1 0x0 DUP1 REVERT JUMPDEST CALLVALUE ISZERO PUSH2 0x101 JUMPI PUSH1 0x0 DUP1 REVERT JUMPDEST PUSH2 0x109 PUSH2 0x6CF JUMP JUMPDEST PUSH1 0x40 MLOAD DUP1 DUP1 PUSH1 0x20 ADD DUP3 DUP2 SUB DUP3 MSTORE DUP4 DUP2 DUP2 MLOAD DUP2 MSTORE PUSH1 0x20 ADD SWAP2 POP DUP1 MLOAD SWAP1 PUSH1 0x20 ADD SWAP1 DUP1 DUP4 DUP4 PUSH1 0x0 JUMPDEST DUP4 DUP2 LT ISZERO PUSH2 0x149 JUMPI DUP1 DUP3 ADD MLOAD DUP2 DUP5 ADD MSTORE PUSH1 0x20 DUP2 ADD SWAP1 POP PUSH2 0x12E JUMP JUMPDEST POP POP POP POP SWAP1 POP SWAP1 DUP2 ADD SWAP1 PUSH1 0x1F AND DUP1 ISZERO PUSH2 0x176 JUMPI DUP1 DUP3 SUB DUP1 MLOAD PUSH1 0x1 DUP4 PUSH1 0x20 SUB PUSH2 0x100 EXP SUB NOT AND DUP2 MSTORE PUSH1 0x20 ADD SWAP2 POP JUMPDEST POP SWAP3 POP POP POP PUSH1 0x40 MLOAD DUP1 SWAP2 SUB SWAP1 RETURN JUMPDEST CALLVALUE ISZERO PUSH2 0x18F JUMPI PUSH1 0x0 DUP1 REVERT JUMPDEST PUSH2 0x1C4 PUSH1 0x4 DUP1 DUP1 CALLDATALOAD PUSH20 0xFFFFFFFFFFFFFFFFFFFFFFFFFFFFFFFFFFFFFFFF AND SWAP1 PUSH1 0x20 ADD SWAP1 SWAP2 SWAP1 DUP1 CALLDATALOAD SWAP1 PUSH1 0x20 ADD SWAP1 SWAP2 SWAP1 POP POP PUSH2 0x76D JUMP JUMPDEST PUSH1 0x40 MLOAD DUP1 DUP3 ISZERO ISZERO ISZERO ISZERO DUP2 MSTORE PUSH1 0x20 ADD SWAP2 POP POP PUSH1 0x40 MLOAD DUP1 SWAP2 SUB SWAP1 RETURN JUMPDEST CALLVALUE ISZERO PUSH2 0x1E9 JUMPI PUSH1 0x0 DUP1 REVERT JUMPDEST PUSH2 0x1F1 PUSH2 0x7FA JUMP JUMPDEST PUSH1 0x40 MLOAD DUP1 DUP3 DUP2 MSTORE PUSH1 0x20 ADD SWAP2 POP POP PUSH1 0x40 MLOAD DUP1 SWAP2 SUB SWAP1 RETURN JUMPDEST CALLVALUE ISZERO PUSH2 0x212 JUMPI PUSH1 0x0 DUP1 REVERT JUMPDEST PUSH2 0x266 PUSH1 0x4 DUP1 DUP1 CALLDATALOAD PUSH20 0xFFFFFFFFFFFFFFFFFFFFFFFFFFFFFFFFFFFFFFFF AND SWAP1 PUSH1 0x20 ADD SWAP1 SWAP2 SWAP1 DUP1 CALLDATALOAD PUSH20 0xFFFFFFFFFFFFFFFFFFFFFFFFFFFFFFFFFFFFFFFF AND SWAP1 PUSH1 0x20 ADD SWAP1 SWAP2 SWAP1 DUP1 CALLDATALOAD SWAP1 PUSH1 0x20 ADD SWAP1 SWAP2 SWAP1 POP POP PUSH2 0x800 JUMP JUMPDEST PUSH1 0x40 MLOAD DUP1 DUP3 ISZERO ISZERO ISZERO ISZERO DUP2 MSTORE PUSH1 0x20 ADD SWAP2 POP POP PUSH1 0x40 MLOAD DUP1 SWAP2 SUB SWAP1 RETURN JUMPDEST CALLVALUE ISZERO PUSH2 0x28B JUMPI PUSH1 0x0 DUP1 REVERT JUMPDEST PUSH2 0x293 PUSH2 0x92D JUMP JUMPDEST PUSH1 0x40 MLOAD DUP1 DUP3 PUSH1 0xFF AND PUSH1 0xFF AND DUP2 MSTORE PUSH1 0x20 ADD SWAP2 POP POP PUSH1 0x40 MLOAD DUP1 SWAP2 SUB SWAP1 RETURN JUMPDEST CALLVALUE ISZERO PUSH2 0x2BA JUMPI PUSH1 0x0 DUP1 REVERT JUMPDEST PUSH2 0x2D0 PUSH1 0x4 DUP1 DUP1 CALLDATALOAD SWAP1 PUSH1 0x20 ADD SWAP1 SWAP2 SWAP1 POP POP PUSH2 0x940 JUMP JUMPDEST PUSH1 0x40 MLOAD DUP1 DUP3 ISZERO ISZERO ISZERO ISZERO DUP2 MSTORE PUSH1 0x20 ADD SWAP2 POP POP PUSH1 0x40 MLOAD DUP1 SWAP2 SUB SWAP1 RETURN JUMPDEST CALLVALUE ISZERO PUSH2 0x2F5 JUMPI PUSH1 0x0 DUP1 REVERT JUMPDEST PUSH2 0x321 PUSH1 0x4 DUP1 DUP1 CALLDATALOAD PUSH20 0xFFFFFFFFFFFFFFFFFFFFFFFFFFFFFFFFFFFFFFFF AND SWAP1 PUSH1 0x20 ADD SWAP1 SWAP2 SWAP1 POP POP PUSH2 0xA44 JUMP JUMPDEST PUSH1 0x40 MLOAD DUP1 DUP3 DUP2 MSTORE PUSH1 0x20 ADD SWAP2 POP POP PUSH1 0x40 MLOAD DUP1 SWAP2 SUB SWAP1 RETURN JUMPDEST CALLVALUE ISZERO PUSH2 0x342 JUMPI PUSH1 0x0 DUP1 REVERT JUMPDEST PUSH2 0x377 PUSH1 0x4 DUP1 DUP1 CALLDATALOAD PUSH20 0xFFFFFFFFFFFFFFFFFFFFFFFFFFFFFFFFFFFFFFFF AND SWAP1 PUSH1 0x20 ADD SWAP1 SWAP2 SWAP1 DUP1 CALLDATALOAD SWAP1 PUSH1 0x20 ADD SWAP1 SWAP2 SWAP1 POP POP PUSH2 0xA5C JUMP JUMPDEST STOP JUMPDEST CALLVALUE ISZERO PUSH2 0x384 JUMPI PUSH1 0x0 DUP1 REVERT JUMPDEST PUSH2 0x3B9 PUSH1 0x4 DUP1 DUP1 CALLDATALOAD PUSH20 0xFFFFFFFFFFFFFFFFFFFFFFFFFFFFFFFFFFFFFFFF AND SWAP1 PUSH1 0x20 ADD SWAP1 SWAP2 SWAP1 DUP1 CALLDATALOAD SWAP1 PUSH1 0x20 ADD SWAP1 SWAP2 SWAP1 POP POP PUSH2 0xBCD JUMP JUMPDEST PUSH1 0x40 MLOAD DUP1 DUP3 ISZERO ISZERO ISZERO ISZERO DUP2 MSTORE PUSH1 0x20 ADD SWAP2 POP POP PUSH1 0x40 MLOAD DUP1 SWAP2 SUB SWAP1 RETURN JUMPDEST CALLVALUE ISZERO PUSH2 0x3DE JUMPI PUSH1 0x0 DUP1 REVERT JUMPDEST PUSH2 0x3E6 PUSH2 0xDE7 JUMP JUMPDEST PUSH1 0x40 MLOAD DUP1 DUP3 PUSH20 0xFFFFFFFFFFFFFFFFFFFFFFFFFFFFFFFFFFFFFFFF AND PUSH20 0xFFFFFFFFFFFFFFFFFFFFFFFFFFFFFFFFFFFFFFFF AND DUP2 MSTORE PUSH1 0x20 ADD SWAP2 POP POP PUSH1 0x40 MLOAD DUP1 SWAP2 SUB SWAP1 RETURN JUMPDEST CALLVALUE ISZERO PUSH2 0x433 JUMPI PUSH1 0x0 DUP1 REVERT JUMPDEST PUSH2 0x43B PUSH2 0xE0C JUMP JUMPDEST PUSH1 0x40 MLOAD DUP1 DUP1 PUSH1 0x20 ADD DUP3 DUP2 SUB DUP3 MSTORE DUP4 DUP2 DUP2 MLOAD DUP2 MSTORE PUSH1 0x20 ADD SWAP2 POP DUP1 MLOAD SWAP1 PUSH1 0x20 ADD SWAP1 DUP1 DUP4 DUP4 PUSH1 0x0 JUMPDEST DUP4 DUP2 LT ISZERO PUSH2 0x47B JUMPI DUP1 DUP3 ADD MLOAD DUP2 DUP5 ADD MSTORE PUSH1 0x20 DUP2 ADD SWAP1 POP PUSH2 0x460 JUMP JUMPDEST POP POP POP POP SWAP1 POP SWAP1 DUP2 ADD SWAP1 PUSH1 0x1F AND DUP1 ISZERO PUSH2 0x4A8 JUMPI DUP1 DUP3 SUB DUP1 MLOAD PUSH1 0x1 DUP4 PUSH1 0x20 SUB PUSH2 0x100 EXP SUB NOT AND DUP2 MSTORE PUSH1 0x20 ADD SWAP2 POP JUMPDEST POP SWAP3 POP POP POP PUSH1 0x40 MLOAD DUP1 SWAP2 SUB SWAP1 RETURN JUMPDEST CALLVALUE ISZERO PUSH2 0x4C1 JUMPI PUSH1 0x0 DUP1 REVERT JUMPDEST PUSH2 0x4F6 PUSH1 0x4 DUP1 DUP1 CALLDATALOAD PUSH20 0xFFFFFFFFFFFFFFFFFFFFFFFFFFFFFFFFFFFFFFFF AND SWAP1 PUSH1 0x20 ADD SWAP1 SWAP2 SWAP1 DUP1 CALLDATALOAD SWAP1 PUSH1 0x20 ADD SWAP1 SWAP2 SWAP1 POP POP PUSH2 0xEAA JUMP JUMPDEST STOP JUMPDEST CALLVALUE ISZERO PUSH2 0x503 JUMPI PUSH1 0x0 DUP1 REVERT JUMPDEST PUSH2 0x52F PUSH1 0x4 DUP1 DUP1 CALLDATALOAD PUSH20 0xFFFFFFFFFFFFFFFFFFFFFFFFFFFFFFFFFFFFFFFF AND SWAP1 PUSH1 0x20 ADD SWAP1 SWAP2 SWAP1 POP POP PUSH2 0xEB9 JUMP JUMPDEST PUSH1 0x40 MLOAD DUP1 DUP3 ISZERO ISZERO ISZERO ISZERO DUP2 MSTORE PUSH1 0x20 ADD SWAP2 POP POP PUSH1 0x40 MLOAD DUP1 SWAP2 SUB SWAP1 RETURN JUMPDEST CALLVALUE ISZERO PUSH2 0x554 JUMPI PUSH1 0x0 DUP1 REVERT JUMPDEST PUSH2 0x5CC PUSH1 0x4 DUP1 DUP1 CALLDATALOAD PUSH20 0xFFFFFFFFFFFFFFFFFFFFFFFFFFFFFFFFFFFFFFFF AND SWAP1 PUSH1 0x20 ADD SWAP1 SWAP2 SWAP1 DUP1 CALLDATALOAD SWAP1 PUSH1 0x20 ADD SWAP1 SWAP2 SWAP1 DUP1 CALLDATALOAD SWAP1 PUSH1 0x20 ADD SWAP1 DUP3 ADD DUP1 CALLDATALOAD SWAP1 PUSH1 0x20 ADD SWAP1 DUP1 DUP1 PUSH1 0x1F ADD PUSH1 0x20 DUP1 SWAP2 DIV MUL PUSH1 0x20 ADD PUSH1 0x40 MLOAD SWAP1 DUP2 ADD PUSH1 0x40 MSTORE DUP1 SWAP4 SWAP3 SWAP2 SWAP1 DUP2 DUP2 MSTORE PUSH1 0x20 ADD DUP4 DUP4 DUP1 DUP3 DUP5 CALLDATACOPY DUP3 ADD SWAP2 POP POP POP POP POP POP SWAP2 SWAP1 POP POP PUSH2 0xED9 JUMP JUMPDEST PUSH1 0x40 MLOAD DUP1 DUP3 ISZERO ISZERO ISZERO ISZERO DUP2 MSTORE PUSH1 0x20 ADD SWAP2 POP POP PUSH1 0x40 MLOAD DUP1 SWAP2 SUB SWAP1 RETURN JUMPDEST CALLVALUE ISZERO PUSH2 0x5F1 JUMPI PUSH1 0x0 DUP1 REVERT JUMPDEST PUSH2 0x63C PUSH1 0x4 DUP1 DUP1 CALLDATALOAD PUSH20 0xFFFFFFFFFFFFFFFFFFFFFFFFFFFFFFFFFFFFFFFF AND SWAP1 PUSH1 0x20 ADD SWAP1 SWAP2 SWAP1 DUP1 CALLDATALOAD PUSH20 0xFFFFFFFFFFFFFFFFFFFFFFFFFFFFFFFFFFFFFFFF AND SWAP1 PUSH1 0x20 ADD SWAP1 SWAP2 SWAP1 POP POP PUSH2 0x1057 JUMP JUMPDEST PUSH1 0x40 MLOAD DUP1 DUP3 DUP2 MSTORE PUSH1 0x20 ADD SWAP2 POP POP PUSH1 0x40 MLOAD DUP1 SWAP2 SUB SWAP1 RETURN JUMPDEST CALLVALUE ISZERO PUSH2 0x65D JUMPI PUSH1 0x0 DUP1 REVERT JUMPDEST PUSH2 0x694 PUSH1 0x4 DUP1 DUP1 CALLDATALOAD PUSH20 0xFFFFFFFFFFFFFFFFFFFFFFFFFFFFFFFFFFFFFFFF AND SWAP1 PUSH1 0x20 ADD SWAP1 SWAP2 SWAP1 DUP1 CALLDATALOAD ISZERO ISZERO SWAP1 PUSH1 0x20 ADD SWAP1 SWAP2 SWAP1 POP POP PUSH2 0x107C JUMP JUMPDEST STOP JUMPDEST CALLVALUE ISZERO PUSH2 0x6A1 JUMPI PUSH1 0x0 DUP1 REVERT JUMPDEST PUSH2 0x6CD PUSH1 0x4 DUP1 DUP1 CALLDATALOAD PUSH20 0xFFFFFFFFFFFFFFFFFFFFFFFFFFFFFFFFFFFFFFFF AND SWAP1 PUSH1 0x20 ADD SWAP1 SWAP2 SWAP1 POP POP PUSH2 0x11A1 JUMP JUMPDEST STOP JUMPDEST PUSH1 0x1 DUP1 SLOAD PUSH1 0x1 DUP2 PUSH1 0x1 AND ISZERO PUSH2 0x100 MUL SUB AND PUSH1 0x2 SWAP1 DIV DUP1 PUSH1 0x1F ADD PUSH1 0x20 DUP1 SWAP2 DIV MUL PUSH1 0x20 ADD PUSH1 0x40 MLOAD SWAP1 DUP2 ADD PUSH1 0x40 MSTORE DUP1 SWAP3 SWAP2 SWAP1 DUP2 DUP2 MSTORE PUSH1 0x20 ADD DUP3 DUP1 SLOAD PUSH1 0x1 DUP2 PUSH1 0x1 AND ISZERO PUSH2 0x100 MUL SUB AND PUSH1 0x2 SWAP1 DIV DUP1 ISZERO PUSH2 0x765 JUMPI DUP1 PUSH1 0x1F LT PUSH2 0x73A JUMPI PUSH2 0x100 DUP1 DUP4 SLOAD DIV MUL DUP4 MSTORE SWAP2 PUSH1 0x20 ADD SWAP2 PUSH2 0x765 JUMP JUMPDEST DUP3 ADD SWAP2 SWAP1 PUSH1 0x0 MSTORE PUSH1 0x20 PUSH1 0x0 KECCAK256 SWAP1 JUMPDEST DUP2 SLOAD DUP2 MSTORE SWAP1 PUSH1 0x1 ADD SWAP1 PUSH1 0x20 ADD DUP1 DUP4 GT PUSH2 0x748 JUMPI DUP3 SWAP1 SUB PUSH1 0x1F AND DUP3 ADD SWAP2 JUMPDEST POP POP POP POP POP DUP2 JUMP JUMPDEST PUSH1 0x0 DUP2 PUSH1 0x6 PUSH1 0x0 CALLER PUSH20 0xFFFFFFFFFFFFFFFFFFFFFFFFFFFFFFFFFFFFFFFF AND PUSH20 0xFFFFFFFFFFFFFFFFFFFFFFFFFFFFFFFFFFFFFFFF AND DUP2 MSTORE PUSH1 0x20 ADD SWAP1 DUP2 MSTORE PUSH1 0x20 ADD PUSH1 0x0 KECCAK256 PUSH1 0x0 DUP6 PUSH20 0xFFFFFFFFFFFFFFFFFFFFFFFFFFFFFFFFFFFFFFFF AND PUSH20 0xFFFFFFFFFFFFFFFFFFFFFFFFFFFFFFFFFFFFFFFF AND DUP2 MSTORE PUSH1 0x20 ADD SWAP1 DUP2 MSTORE PUSH1 0x20 ADD PUSH1 0x0 KECCAK256 DUP2 SWAP1 SSTORE POP PUSH1 0x1 SWAP1 POP SWAP3 SWAP2 POP POP JUMP JUMPDEST PUSH1 0x4 SLOAD DUP2 JUMP JUMPDEST PUSH1 0x0 PUSH1 0x6 PUSH1 0x0 DUP6 PUSH20 0xFFFFFFFFFFFFFFFFFFFFFFFFFFFFFFFFFFFFFFFF AND PUSH20 0xFFFFFFFFFFFFFFFFFFFFFFFFFFFFFFFFFFFFFFFF AND DUP2 MSTORE PUSH1 0x20 ADD SWAP1 DUP2 MSTORE PUSH1 0x20 ADD PUSH1 0x0 KECCAK256 PUSH1 0x0 CALLER PUSH20 0xFFFFFFFFFFFFFFFFFFFFFFFFFFFFFFFFFFFFFFFF AND PUSH20 0xFFFFFFFFFFFFFFFFFFFFFFFFFFFFFFFFFFFFFFFF AND DUP2 MSTORE PUSH1 0x20 ADD SWAP1 DUP2 MSTORE PUSH1 0x20 ADD PUSH1 0x0 KECCAK256 SLOAD DUP3 GT ISZERO ISZERO ISZERO PUSH2 0x88D JUMPI PUSH1 0x0 DUP1 REVERT JUMPDEST DUP2 PUSH1 0x6 PUSH1 0x0 DUP7 PUSH20 0xFFFFFFFFFFFFFFFFFFFFFFFFFFFFFFFFFFFFFFFF AND PUSH20 0xFFFFFFFFFFFFFFFFFFFFFFFFFFFFFFFFFFFFFFFF AND DUP2 MSTORE PUSH1 0x20 ADD SWAP1 DUP2 MSTORE PUSH1 0x20 ADD PUSH1 0x0 KECCAK256 PUSH1 0x0 CALLER PUSH20 0xFFFFFFFFFFFFFFFFFFFFFFFFFFFFFFFFFFFFFFFF AND PUSH20 0xFFFFFFFFFFFFFFFFFFFFFFFFFFFFFFFFFFFFFFFF AND DUP2 MSTORE PUSH1 0x20 ADD SWAP1 DUP2 MSTORE PUSH1 0x20 ADD PUSH1 0x0 KECCAK256 PUSH1 0x0 DUP3 DUP3 SLOAD SUB SWAP3 POP POP DUP2 SWAP1 SSTORE POP PUSH2 0x922 DUP5 DUP5 DUP5 PUSH2 0x123F JUMP JUMPDEST PUSH1 0x1 SWAP1 POP SWAP4 SWAP3 POP POP POP JUMP JUMPDEST PUSH1 0x3 PUSH1 0x0 SWAP1 SLOAD SWAP1 PUSH2 0x100 EXP SWAP1 DIV PUSH1 0xFF AND DUP2 JUMP JUMPDEST PUSH1 0x0 DUP2 PUSH1 0x5 PUSH1 0x0 CALLER PUSH20 0xFFFFFFFFFFFFFFFFFFFFFFFFFFFFFFFFFFFFFFFF AND PUSH20 0xFFFFFFFFFFFFFFFFFFFFFFFFFFFFFFFFFFFFFFFF AND DUP2 MSTORE PUSH1 0x20 ADD SWAP1 DUP2 MSTORE PUSH1 0x20 ADD PUSH1 0x0 KECCAK256 SLOAD LT ISZERO ISZERO ISZERO PUSH2 0x990 JUMPI PUSH1 0x0 DUP1 REVERT JUMPDEST DUP2 PUSH1 0x5 PUSH1 0x0 CALLER PUSH20 0xFFFFFFFFFFFFFFFFFFFFFFFFFFFFFFFFFFFFFFFF AND PUSH20 0xFFFFFFFFFFFFFFFFFFFFFFFFFFFFFFFFFFFFFFFF AND DUP2 MSTORE PUSH1 0x20 ADD SWAP1 DUP2 MSTORE PUSH1 0x20 ADD PUSH1 0x0 KECCAK256 PUSH1 0x0 DUP3 DUP3 SLOAD SUB SWAP3 POP POP DUP2 SWAP1 SSTORE POP DUP2 PUSH1 0x4 PUSH1 0x0 DUP3 DUP3 SLOAD SUB SWAP3 POP POP DUP2 SWAP1 SSTORE POP CALLER PUSH20 0xFFFFFFFFFFFFFFFFFFFFFFFFFFFFFFFFFFFFFFFF AND PUSH32 0xCC16F5DBB4873280815C1EE09DBD06736CFFCC184412CF7A71A0FDB75D397CA5 DUP4 PUSH1 0x40 MLOAD DUP1 DUP3 DUP2 MSTORE PUSH1 0x20 ADD SWAP2 POP POP PUSH1 0x40 MLOAD DUP1 SWAP2 SUB SWAP1 LOG2 PUSH1 0x1 SWAP1 POP SWAP2 SWAP1 POP JUMP JUMPDEST PUSH1 0x5 PUSH1 0x20 MSTORE DUP1 PUSH1 0x0 MSTORE PUSH1 0x40 PUSH1 0x0 KECCAK256 PUSH1 0x0 SWAP2 POP SWAP1 POP SLOAD DUP2 JUMP JUMPDEST PUSH1 0x0 DUP1 SWAP1 SLOAD SWAP1 PUSH2 0x100 EXP SWAP1 DIV PUSH20 0xFFFFFFFFFFFFFFFFFFFFFFFFFFFFFFFFFFFFFFFF AND PUSH20 0xFFFFFFFFFFFFFFFFFFFFFFFFFFFFFFFFFFFFFFFF AND CALLER PUSH20 0xFFFFFFFFFFFFFFFFFFFFFFFFFFFFFFFFFFFFFFFF AND EQ ISZERO ISZERO PUSH2 0xAB7 JUMPI PUSH1 0x0 DUP1 REVERT JUMPDEST DUP1 PUSH1 0x5 PUSH1 0x0 DUP5 PUSH20 0xFFFFFFFFFFFFFFFFFFFFFFFFFFFFFFFFFFFFFFFF AND PUSH20 0xFFFFFFFFFFFFFFFFFFFFFFFFFFFFFFFFFFFFFFFF AND DUP2 MSTORE PUSH1 0x20 ADD SWAP1 DUP2 MSTORE PUSH1 0x20 ADD PUSH1 0x0 KECCAK256 PUSH1 0x0 DUP3 DUP3 SLOAD ADD SWAP3 POP POP DUP2 SWAP1 SSTORE POP DUP1 PUSH1 0x4 PUSH1 0x0 DUP3 DUP3 SLOAD ADD SWAP3 POP POP DUP2 SWAP1 SSTORE POP ADDRESS PUSH20 0xFFFFFFFFFFFFFFFFFFFFFFFFFFFFFFFFFFFFFFFF AND PUSH1 0x0 PUSH32 0xDDF252AD1BE2C89B69C2B068FC378DAA952BA7F163C4A11628F55A4DF523B3EF DUP4 PUSH1 0x40 MLOAD DUP1 DUP3 DUP2 MSTORE PUSH1 0x20 ADD SWAP2 POP POP PUSH1 0x40 MLOAD DUP1 SWAP2 SUB SWAP1 LOG3 DUP2 PUSH20 0xFFFFFFFFFFFFFFFFFFFFFFFFFFFFFFFFFFFFFFFF AND ADDRESS PUSH20 0xFFFFFFFFFFFFFFFFFFFFFFFFFFFFFFFFFFFFFFFF AND PUSH32 0xDDF252AD1BE2C89B69C2B068FC378DAA952BA7F163C4A11628F55A4DF523B3EF DUP4 PUSH1 0x40 MLOAD DUP1 DUP3 DUP2 MSTORE PUSH1 0x20 ADD SWAP2 POP POP PUSH1 0x40 MLOAD DUP1 SWAP2 SUB SWAP1 LOG3 POP POP JUMP JUMPDEST PUSH1 0x0 DUP2 PUSH1 0x5 PUSH1 0x0 DUP6 PUSH20 0xFFFFFFFFFFFFFFFFFFFFFFFFFFFFFFFFFFFFFFFF AND PUSH20 0xFFFFFFFFFFFFFFFFFFFFFFFFFFFFFFFFFFFFFFFF AND DUP2 MSTORE PUSH1 0x20 ADD SWAP1 DUP2 MSTORE PUSH1 0x20 ADD PUSH1 0x0 KECCAK256 SLOAD LT ISZERO ISZERO ISZERO PUSH2 0xC1D JUMPI PUSH1 0x0 DUP1 REVERT JUMPDEST PUSH1 0x6 PUSH1 0x0 DUP5 PUSH20 0xFFFFFFFFFFFFFFFFFFFFFFFFFFFFFFFFFFFFFFFF AND PUSH20 0xFFFFFFFFFFFFFFFFFFFFFFFFFFFFFFFFFFFFFFFF AND DUP2 MSTORE PUSH1 0x20 ADD SWAP1 DUP2 MSTORE PUSH1 0x20 ADD PUSH1 0x0 KECCAK256 PUSH1 0x0 CALLER PUSH20 0xFFFFFFFFFFFFFFFFFFFFFFFFFFFFFFFFFFFFFFFF AND PUSH20 0xFFFFFFFFFFFFFFFFFFFFFFFFFFFFFFFFFFFFFFFF AND DUP2 MSTORE PUSH1 0x20 ADD SWAP1 DUP2 MSTORE PUSH1 0x20 ADD PUSH1 0x0 KECCAK256 SLOAD DUP3 GT ISZERO ISZERO ISZERO PUSH2 0xCA8 JUMPI PUSH1 0x0 DUP1 REVERT JUMPDEST DUP2 PUSH1 0x5 PUSH1 0x0 DUP6 PUSH20 0xFFFFFFFFFFFFFFFFFFFFFFFFFFFFFFFFFFFFFFFF AND PUSH20 0xFFFFFFFFFFFFFFFFFFFFFFFFFFFFFFFFFFFFFFFF AND DUP2 MSTORE PUSH1 0x20 ADD SWAP1 DUP2 MSTORE PUSH1 0x20 ADD PUSH1 0x0 KECCAK256 PUSH1 0x0 DUP3 DUP3 SLOAD SUB SWAP3 POP POP DUP2 SWAP1 SSTORE POP DUP2 PUSH1 0x6 PUSH1 0x0 DUP6 PUSH20 0xFFFFFFFFFFFFFFFFFFFFFFFFFFFFFFFFFFFFFFFF AND PUSH20 0xFFFFFFFFFFFFFFFFFFFFFFFFFFFFFFFFFFFFFFFF AND DUP2 MSTORE PUSH1 0x20 ADD SWAP1 DUP2 MSTORE PUSH1 0x20 ADD PUSH1 0x0 KECCAK256 PUSH1 0x0 CALLER PUSH20 0xFFFFFFFFFFFFFFFFFFFFFFFFFFFFFFFFFFFFFFFF AND PUSH20 0xFFFFFFFFFFFFFFFFFFFFFFFFFFFFFFFFFFFFFFFF AND DUP2 MSTORE PUSH1 0x20 ADD SWAP1 DUP2 MSTORE PUSH1 0x20 ADD PUSH1 0x0 KECCAK256 PUSH1 0x0 DUP3 DUP3 SLOAD SUB SWAP3 POP POP DUP2 SWAP1 SSTORE POP DUP2 PUSH1 0x4 PUSH1 0x0 DUP3 DUP3 SLOAD SUB SWAP3 POP POP DUP2 SWAP1 SSTORE POP DUP3 PUSH20 0xFFFFFFFFFFFFFFFFFFFFFFFFFFFFFFFFFFFFFFFF AND PUSH32 0xCC16F5DBB4873280815C1EE09DBD06736CFFCC184412CF7A71A0FDB75D397CA5 DUP4 PUSH1 0x40 MLOAD DUP1 DUP3 DUP2 MSTORE PUSH1 0x20 ADD SWAP2 POP POP PUSH1 0x40 MLOAD DUP1 SWAP2 SUB SWAP1 LOG2 PUSH1 0x1 SWAP1 POP SWAP3 SWAP2 POP POP JUMP JUMPDEST PUSH1 0x0 DUP1 SWAP1 SLOAD SWAP1 PUSH2 0x100 EXP SWAP1 DIV PUSH20 0xFFFFFFFFFFFFFFFFFFFFFFFFFFFFFFFFFFFFFFFF AND DUP2 JUMP JUMPDEST PUSH1 0x2 DUP1 SLOAD PUSH1 0x1 DUP2 PUSH1 0x1 AND ISZERO PUSH2 0x100 MUL SUB AND PUSH1 0x2 SWAP1 DIV DUP1 PUSH1 0x1F ADD PUSH1 0x20 DUP1 SWAP2 DIV MUL PUSH1 0x20 ADD PUSH1 0x40 MLOAD SWAP1 DUP2 ADD PUSH1 0x40 MSTORE DUP1 SWAP3 SWAP2 SWAP1 DUP2 DUP2 MSTORE PUSH1 0x20 ADD DUP3 DUP1 SLOAD PUSH1 0x1 DUP2 PUSH1 0x1 AND ISZERO PUSH2 0x100 MUL SUB AND PUSH1 0x2 SWAP1 DIV DUP1 ISZERO PUSH2 0xEA2 JUMPI DUP1 PUSH1 0x1F LT PUSH2 0xE77 JUMPI PUSH2 0x100 DUP1 DUP4 SLOAD DIV MUL DUP4 MSTORE SWAP2 PUSH1 0x20 ADD SWAP2 PUSH2 0xEA2 JUMP JUMPDEST DUP3 ADD SWAP2 SWAP1 PUSH1 0x0 MSTORE PUSH1 0x20 PUSH1 0x0 KECCAK256 SWAP1 JUMPDEST DUP2 SLOAD DUP2 MSTORE SWAP1 PUSH1 0x1 ADD SWAP1 PUSH1 0x20 ADD DUP1 DUP4 GT PUSH2 0xE85 JUMPI DUP3 SWAP1 SUB PUSH1 0x1F AND DUP3 ADD SWAP2 JUMPDEST POP POP POP POP POP DUP2 JUMP JUMPDEST PUSH2 0xEB5 CALLER DUP4 DUP4 PUSH2 0x123F JUMP JUMPDEST POP POP JUMP JUMPDEST PUSH1 0x7 PUSH1 0x20 MSTORE DUP1 PUSH1 0x0 MSTORE PUSH1 0x40 PUSH1 0x0 KECCAK256 PUSH1 0x0 SWAP2 POP SLOAD SWAP1 PUSH2 0x100 EXP SWAP1 DIV PUSH1 0xFF AND DUP2 JUMP JUMPDEST PUSH1 0x0 DUP1 DUP5 SWAP1 POP PUSH2 0xEE9 DUP6 DUP6 PUSH2 0x76D JUMP JUMPDEST ISZERO PUSH2 0x104E JUMPI DUP1 PUSH20 0xFFFFFFFFFFFFFFFFFFFFFFFFFFFFFFFFFFFFFFFF AND PUSH4 0x8F4FFCB1 CALLER DUP7 ADDRESS DUP8 PUSH1 0x40 MLOAD DUP6 PUSH4 0xFFFFFFFF AND PUSH29 0x100000000000000000000000000000000000000000000000000000000 MUL DUP2 MSTORE PUSH1 0x4 ADD DUP1 DUP6 PUSH20 0xFFFFFFFFFFFFFFFFFFFFFFFFFFFFFFFFFFFFFFFF AND PUSH20 0xFFFFFFFFFFFFFFFFFFFFFFFFFFFFFFFFFFFFFFFF AND DUP2 MSTORE PUSH1 0x20 ADD DUP5 DUP2 MSTORE PUSH1 0x20 ADD DUP4 PUSH20 0xFFFFFFFFFFFFFFFFFFFFFFFFFFFFFFFFFFFFFFFF AND PUSH20 0xFFFFFFFFFFFFFFFFFFFFFFFFFFFFFFFFFFFFFFFF AND DUP2 MSTORE PUSH1 0x20 ADD DUP1 PUSH1 0x20 ADD DUP3 DUP2 SUB DUP3 MSTORE DUP4 DUP2 DUP2 MLOAD DUP2 MSTORE PUSH1 0x20 ADD SWAP2 POP DUP1 MLOAD SWAP1 PUSH1 0x20 ADD SWAP1 DUP1 DUP4 DUP4 PUSH1 0x0 JUMPDEST DUP4 DUP2 LT ISZERO PUSH2 0xFE3 JUMPI DUP1 DUP3 ADD MLOAD DUP2 DUP5 ADD MSTORE PUSH1 0x20 DUP2 ADD SWAP1 POP PUSH2 0xFC8 JUMP JUMPDEST POP POP POP POP SWAP1 POP SWAP1 DUP2 ADD SWAP1 PUSH1 0x1F AND DUP1 ISZERO PUSH2 0x1010 JUMPI DUP1 DUP3 SUB DUP1 MLOAD PUSH1 0x1 DUP4 PUSH1 0x20 SUB PUSH2 0x100 EXP SUB NOT AND DUP2 MSTORE PUSH1 0x20 ADD SWAP2 POP JUMPDEST POP SWAP6 POP POP POP POP POP POP PUSH1 0x0 PUSH1 0x40 MLOAD DUP1 DUP4 SUB DUP2 PUSH1 0x0 DUP8 DUP1 EXTCODESIZE ISZERO ISZERO PUSH2 0x1031 JUMPI PUSH1 0x0 DUP1 REVERT JUMPDEST PUSH2 0x2C6 GAS SUB CALL ISZERO ISZERO PUSH2 0x1042 JUMPI PUSH1 0x0 DUP1 REVERT JUMPDEST POP POP POP PUSH1 0x1 SWAP2 POP PUSH2 0x104F JUMP JUMPDEST JUMPDEST POP SWAP4 SWAP3 POP POP POP JUMP JUMPDEST PUSH1 0x6 PUSH1 0x20 MSTORE DUP2 PUSH1 0x0 MSTORE PUSH1 0x40 PUSH1 0x0 KECCAK256 PUSH1 0x20 MSTORE DUP1 PUSH1 0x0 MSTORE PUSH1 0x40 PUSH1 0x0 KECCAK256 PUSH1 0x0 SWAP2 POP SWAP2 POP POP SLOAD DUP2 JUMP JUMPDEST PUSH1 0x0 DUP1 SWAP1 SLOAD SWAP1 PUSH2 0x100 EXP SWAP1 DIV PUSH20 0xFFFFFFFFFFFFFFFFFFFFFFFFFFFFFFFFFFFFFFFF AND PUSH20 0xFFFFFFFFFFFFFFFFFFFFFFFFFFFFFFFFFFFFFFFF AND CALLER PUSH20 0xFFFFFFFFFFFFFFFFFFFFFFFFFFFFFFFFFFFFFFFF AND EQ ISZERO ISZERO PUSH2 0x10D7 JUMPI PUSH1 0x0 DUP1 REVERT JUMPDEST DUP1 PUSH1 0x7 PUSH1 0x0 DUP5 PUSH20 0xFFFFFFFFFFFFFFFFFFFFFFFFFFFFFFFFFFFFFFFF AND PUSH20 0xFFFFFFFFFFFFFFFFFFFFFFFFFFFFFFFFFFFFFFFF AND DUP2 MSTORE PUSH1 0x20 ADD SWAP1 DUP2 MSTORE PUSH1 0x20 ADD PUSH1 0x0 KECCAK256 PUSH1 0x0 PUSH2 0x100 EXP DUP2 SLOAD DUP2 PUSH1 0xFF MUL NOT AND SWAP1 DUP4 ISZERO ISZERO MUL OR SWAP1 SSTORE POP PUSH32 0x48335238B4855F35377ED80F164E8C6F3C366E54AC00B96A6402D4A9814A03A5 DUP3 DUP3 PUSH1 0x40 MLOAD DUP1 DUP4 PUSH20 0xFFFFFFFFFFFFFFFFFFFFFFFFFFFFFFFFFFFFFFFF AND PUSH20 0xFFFFFFFFFFFFFFFFFFFFFFFFFFFFFFFFFFFFFFFF AND DUP2 MSTORE PUSH1 0x20 ADD DUP3 ISZERO ISZERO ISZERO ISZERO DUP2 MSTORE PUSH1 0x20 ADD SWAP3 POP POP POP PUSH1 0x40 MLOAD DUP1 SWAP2 SUB SWAP1 LOG1 POP POP JUMP JUMPDEST PUSH1 0x0 DUP1 SWAP1 SLOAD SWAP1 PUSH2 0x100 EXP SWAP1 DIV PUSH20 0xFFFFFFFFFFFFFFFFFFFFFFFFFFFFFFFFFFFFFFFF AND PUSH20 0xFFFFFFFFFFFFFFFFFFFFFFFFFFFFFFFFFFFFFFFF AND CALLER PUSH20 0xFFFFFFFFFFFFFFFFFFFFFFFFFFFFFFFFFFFFFFFF AND EQ ISZERO ISZERO PUSH2 0x11FC JUMPI PUSH1 0x0 DUP1 REVERT JUMPDEST DUP1 PUSH1 0x0 DUP1 PUSH2 0x100 EXP DUP2 SLOAD DUP2 PUSH20 0xFFFFFFFFFFFFFFFFFFFFFFFFFFFFFFFFFFFFFFFF MUL NOT AND SWAP1 DUP4 PUSH20 0xFFFFFFFFFFFFFFFFFFFFFFFFFFFFFFFFFFFFFFFF AND MUL OR SWAP1 SSTORE POP POP JUMP JUMPDEST PUSH1 0x0 DUP3 PUSH20 0xFFFFFFFFFFFFFFFFFFFFFFFFFFFFFFFFFFFFFFFF AND EQ ISZERO ISZERO ISZERO PUSH2 0x1265 JUMPI PUSH1 0x0 DUP1 REVERT JUMPDEST DUP1 PUSH1 0x5 PUSH1 0x0 DUP6 PUSH20 0xFFFFFFFFFFFFFFFFFFFFFFFFFFFFFFFFFFFFFFFF AND PUSH20 0xFFFFFFFFFFFFFFFFFFFFFFFFFFFFFFFFFFFFFFFF AND DUP2 MSTORE PUSH1 0x20 ADD SWAP1 DUP2 MSTORE PUSH1 0x20 ADD PUSH1 0x0 KECCAK256 SLOAD LT ISZERO ISZERO ISZERO PUSH2 0x12B3 JUMPI PUSH1 0x0 DUP1 REVERT JUMPDEST PUSH1 0x5 PUSH1 0x0 DUP4 PUSH20 0xFFFFFFFFFFFFFFFFFFFFFFFFFFFFFFFFFFFFFFFF AND PUSH20 0xFFFFFFFFFFFFFFFFFFFFFFFFFFFFFFFFFFFFFFFF AND DUP2 MSTORE PUSH1 0x20 ADD SWAP1 DUP2 MSTORE PUSH1 0x20 ADD PUSH1 0x0 KECCAK256 SLOAD DUP2 PUSH1 0x5 PUSH1 0x0 DUP6 PUSH20 0xFFFFFFFFFFFFFFFFFFFFFFFFFFFFFFFFFFFFFFFF AND PUSH20 0xFFFFFFFFFFFFFFFFFFFFFFFFFFFFFFFFFFFFFFFF AND DUP2 MSTORE PUSH1 0x20 ADD SWAP1 DUP2 MSTORE PUSH1 0x20 ADD PUSH1 0x0 KECCAK256 SLOAD ADD LT ISZERO ISZERO ISZERO PUSH2 0x1342 JUMPI PUSH1 0x0 DUP1 REVERT JUMPDEST PUSH1 0x7 PUSH1 0x0 DUP5 PUSH20 0xFFFFFFFFFFFFFFFFFFFFFFFFFFFFFFFFFFFFFFFF AND PUSH20 0xFFFFFFFFFFFFFFFFFFFFFFFFFFFFFFFFFFFFFFFF AND DUP2 MSTORE PUSH1 0x20 ADD SWAP1 DUP2 MSTORE PUSH1 0x20 ADD PUSH1 0x0 KECCAK256 PUSH1 0x0 SWAP1 SLOAD SWAP1 PUSH2 0x100 EXP SWAP1 DIV PUSH1 0xFF AND ISZERO ISZERO ISZERO PUSH2 0x139B JUMPI PUSH1 0x0 DUP1 REVERT JUMPDEST PUSH1 0x7 PUSH1 0x0 DUP4 PUSH20 0xFFFFFFFFFFFFFFFFFFFFFFFFFFFFFFFFFFFFFFFF AND PUSH20 0xFFFFFFFFFFFFFFFFFFFFFFFFFFFFFFFFFFFFFFFF AND DUP2 MSTORE PUSH1 0x20 ADD SWAP1 DUP2 MSTORE PUSH1 0x20 ADD PUSH1 0x0 KECCAK256 PUSH1 0x0 SWAP1 SLOAD SWAP1 PUSH2 0x100 EXP SWAP1 DIV PUSH1 0xFF AND ISZERO ISZERO ISZERO PUSH2 0x13F4 JUMPI PUSH1 0x0 DUP1 REVERT JUMPDEST DUP1 PUSH1 0x5 PUSH1 0x0 DUP6 PUSH20 0xFFFFFFFFFFFFFFFFFFFFFFFFFFFFFFFFFFFFFFFF AND PUSH20 0xFFFFFFFFFFFFFFFFFFFFFFFFFFFFFFFFFFFFFFFF AND DUP2 MSTORE PUSH1 0x20 ADD SWAP1 DUP2 MSTORE PUSH1 0x20 ADD PUSH1 0x0 KECCAK256 PUSH1 0x0 DUP3 DUP3 SLOAD SUB SWAP3 POP POP DUP2 SWAP1 SSTORE POP DUP1 PUSH1 0x5 PUSH1 0x0 DUP5 PUSH20 0xFFFFFFFFFFFFFFFFFFFFFFFFFFFFFFFFFFFFFFFF AND PUSH20 0xFFFFFFFFFFFFFFFFFFFFFFFFFFFFFFFFFFFFFFFF AND DUP2 MSTORE PUSH1 0x20 ADD SWAP1 DUP2 MSTORE PUSH1 0x20 ADD PUSH1 0x0 KECCAK256 PUSH1 0x0 DUP3 DUP3 SLOAD ADD SWAP3 POP POP DUP2 SWAP1 SSTORE POP DUP2 PUSH20 0xFFFFFFFFFFFFFFFFFFFFFFFFFFFFFFFFFFFFFFFF AND DUP4 PUSH20 0xFFFFFFFFFFFFFFFFFFFFFFFFFFFFFFFFFFFFFFFF AND PUSH32 0xDDF252AD1BE2C89B69C2B068FC378DAA952BA7F163C4A11628F55A4DF523B3EF DUP4 PUSH1 0x40 MLOAD DUP1 DUP3 DUP2 MSTORE PUSH1 0x20 ADD SWAP2 POP POP PUSH1 0x40 MLOAD DUP1 SWAP2 SUB SWAP1 LOG3 POP POP POP JUMP STOP LOG1 PUSH6 0x627A7A723058 KECCAK256 0x22 0xb4 LOG4 SELFDESTRUCT 0xce CODESIZE PUSH6 0x698420070EC5 REVERT SLT 0x49 SWAP1 0xbd 0xa8 0xdb PUSH32 0x2B01BB8F6AE97BD51AC06002900000000000000000000000000000000000000
1,PUSH1 0x60 PUSH1 0x40 MSTORE PUSH1 0x12 PUSH1 0x2 PUSH1 0x0 PUSH2 0x100 EXP DUP2 SLOAD DUP2 PUSH1 0xFF MUL NOT AND SWAP1 DUP4 PUSH1 0xFF AND MUL OR SWAP1 SSTORE POP CALLVALUE ISZERO PUSH3 0x2C JUMPI PUSH1 0x0 DUP1 REVERT JUMPDEST PUSH1 0x40 MLOAD PUSH3 0x1226 CODESIZE SUB DUP1 PUSH3 0x1226 DUP4 CODECOPY DUP2 ADD PUSH1 0x40 MSTORE DUP1 DUP1 MLOAD SWAP1 PUSH1 0x20 ADD SWAP1 SWAP2 SWAP1 DUP1 MLOAD DUP3 ADD SWAP2 SWAP1 PUSH1 0x20 ADD DUP1 MLOAD DUP3 ADD SWAP2 SWAP1 POP POP PUSH1 0x2 PUSH1 0x0 SWAP1 SLOAD SWAP1 PUSH2 0x100 EXP SWAP1 DIV PUSH1 0xFF AND PUSH1 0xFF AND PUSH1 0xA EXP DUP4 MUL PUSH1 0x3 DUP2 SWAP1 SSTORE POP PUSH1 0x3 SLOAD PUSH1 0x4 PUSH1 0x0 CALLER PUSH20 0xFFFFFFFFFFFFFFFFFFFFFFFFFFFFFFFFFFFFFFFF AND PUSH20 0xFFFFFFFFFFFFFFFFFFFFFFFFFFFFFFFFFFFFFFFF AND DUP2 MSTORE PUSH1 0x20 ADD SWAP1 DUP2 MSTORE PUSH1 0x20 ADD PUSH1 0x0 KECCAK256 DUP2 SWAP1 SSTORE POP DUP2 PUSH1 0x0 SWAP1 DUP1 MLOAD SWAP1 PUSH1 0x20 ADD SWAP1 PUSH3 0xD8 SWAP3 SWAP2 SWAP1 PUSH3 0xFB JUMP JUMPDEST POP DUP1 PUSH1 0x1 SWAP1 DUP1 MLOAD SWAP1 PUSH1 0x20 ADD SWAP1 PUSH3 0xF1 SWAP3 SWAP2 SWAP1 PUSH3 0xFB JUMP JUMPDEST POP POP POP POP PUSH3 0x1AA JUMP JUMPDEST DUP3 DUP1 SLOAD PUSH1 0x1 DUP2 PUSH1 0x1 AND ISZERO PUSH2 0x100 MUL SUB AND PUSH1 0x2 SWAP1 DIV SWAP1 PUSH1 0x0 MSTORE PUSH1 0x20 PUSH1 0x0 KECCAK256 SWAP1 PUSH1 0x1F ADD PUSH1 0x20 SWAP1 DIV DUP2 ADD SWAP3 DUP3 PUSH1 0x1F LT PUSH3 0x13E JUMPI DUP1 MLOAD PUSH1 0xFF NOT AND DUP4 DUP1 ADD OR DUP6 SSTORE PUSH3 0x16F JUMP JUMPDEST DUP3 DUP1 ADD PUSH1 0x1 ADD DUP6 SSTORE DUP3 ISZERO PUSH3 0x16F JUMPI SWAP2 DUP3 ADD JUMPDEST DUP3 DUP2 GT ISZERO PUSH3 0x16E JUMPI DUP3 MLOAD DUP3 SSTORE SWAP2 PUSH1 0x20 ADD SWAP2 SWAP1 PUSH1 0x1 ADD SWAP1 PUSH3 0x151 JUMP JUMPDEST JUMPDEST POP SWAP1 POP PUSH3 0x17E SWAP2 SWAP1 PUSH3 0x182 JUMP JUMPDEST POP SWAP1 JUMP JUMPDEST PUSH3 0x1A7 SWAP2 SWAP1 JUMPDEST DUP1 DUP3 GT ISZERO PUSH3 0x1A3 JUMPI PUSH1 0x0 DUP2 PUSH1 0x0 SWAP1 SSTORE POP PUSH1 0x1 ADD PUSH3 0x189 JUMP JUMPDEST POP SWAP1 JUMP JUMPDEST SWAP1 JUMP JUMPDEST PUSH2 0x106C DUP1 PUSH3 0x1BA PUSH1 0x0 CODECOPY PUSH1 0x0 RETURN STOP PUSH1 0x60 PUSH1 0x40 MSTORE PUSH1 0x4 CALLDATASIZE LT PUSH2 0xBA JUMPI PUSH1 0x0 CALLDATALOAD PUSH29 0x100000000000000000000000000000000000000000000000000000000 SWAP1 DIV PUSH4 0xFFFFFFFF AND DUP1 PUSH4 0x6FDDE03 EQ PUSH2 0xBF JUMPI DUP1 PUSH4 0x95EA7B3 EQ PUSH2 0x14D JUMPI DUP1 PUSH4 0x18160DDD EQ PUSH2 0x1A7 JUMPI DUP1 PUSH4 0x23B872DD EQ PUSH2 0x1D0 JUMPI DUP1 PUSH4 0x313CE567 EQ PUSH2 0x249 JUMPI DUP1 PUSH4 0x42966C68 EQ PUSH2 0x278 JUMPI DUP1 PUSH4 0x70A08231 EQ PUSH2 0x2B3 JUMPI DUP1 PUSH4 0x79CC6790 EQ PUSH2 0x300 JUMPI DUP1 PUSH4 0x95D89B41 EQ PUSH2 0x35A JUMPI DUP1 PUSH4 0xA9059CBB EQ PUSH2 0x3E8 JUMPI DUP1 PUSH4 0xCAE9CA51 EQ PUSH2 0x42A JUMPI DUP1 PUSH4 0xDD62ED3E EQ PUSH2 0x4C7 JUMPI JUMPDEST PUSH1 0x0 DUP1 REVERT JUMPDEST CALLVALUE ISZERO PUSH2 0xCA JUMPI PUSH1 0x0 DUP1 REVERT JUMPDEST PUSH2 0xD2 PUSH2 0x533 JUMP JUMPDEST PUSH1 0x40 MLOAD DUP1 DUP1 PUSH1 0x20 ADD DUP3 DUP2 SUB DUP3 MSTORE DUP4 DUP2 DUP2 MLOAD DUP2 MSTORE PUSH1 0x20 ADD SWAP2 POP DUP1 MLOAD SWAP1 PUSH1 0x20 ADD SWAP1 DUP1 DUP4 DUP4 PUSH1 0x0 JUMPDEST DUP4 DUP2 LT ISZERO PUSH2 0x112 JUMPI DUP1 DUP3 ADD MLOAD DUP2 DUP5 ADD MSTORE PUSH1 0x20 DUP2 ADD SWAP1 POP PUSH2 0xF7 JUMP JUMPDEST POP POP POP POP SWAP1 POP SWAP1 DUP2 ADD SWAP1 PUSH1 0x1F AND DUP1 ISZERO PUSH2 0x13F JUMPI DUP1 DUP3 SUB DUP1 MLOAD PUSH1 0x1 DUP4 PUSH1 0x20 SUB PUSH2 0x100 EXP SUB NOT AND DUP2 MSTORE PUSH1 0x20 ADD SWAP2 POP JUMPDEST POP SWAP3 POP POP POP PUSH1 0x40 MLOAD DUP1 SWAP2 SUB SWAP1 RETURN JUMPDEST CALLVALUE ISZERO PUSH2 0x158 JUMPI PUSH1 0x0 DUP1 REVERT JUMPDEST PUSH2 0x18D PUSH1 0x4 DUP1 DUP1 CALLDATALOAD PUSH20 0xFFFFFFFFFFFFFFFFFFFFFFFFFFFFFFFFFFFFFFFF AND SWAP1 PUSH1 0x20 ADD SWAP1 SWAP2 SWAP1 DUP1 CALLDATALOAD SWAP1 PUSH1 0x20 ADD SWAP1 SWAP2 SWAP1 POP POP PUSH2 0x5D1 JUMP JUMPDEST PUSH1 0x40 MLOAD DUP1 DUP3 ISZERO ISZERO ISZERO ISZERO DUP2 MSTORE PUSH1 0x20 ADD SWAP2 POP POP PUSH1 0x40 MLOAD DUP1 SWAP2 SUB SWAP1 RETURN JUMPDEST CALLVALUE ISZERO PUSH2 0x1B2 JUMPI PUSH1 0x0 DUP1 REVERT JUMPDEST PUSH2 0x1BA PUSH2 0x65E JUMP JUMPDEST PUSH1 0x40 MLOAD DUP1 DUP3 DUP2 MSTORE PUSH1 0x20 ADD SWAP2 POP POP PUSH1 0x40 MLOAD DUP1 SWAP2 SUB SWAP1 RETURN JUMPDEST CALLVALUE ISZERO PUSH2 0x1DB JUMPI PUSH1 0x0 DUP1 REVERT JUMPDEST PUSH2 0x22F PUSH1 0x4 DUP1 DUP1 CALLDATALOAD PUSH20 0xFFFFFFFFFFFFFFFFFFFFFFFFFFFFFFFFFFFFFFFF AND SWAP1 PUSH1 0x20 ADD SWAP1 SWAP2 SWAP1 DUP1 CALLDATALOAD PUSH20 0xFFFFFFFFFFFFFFFFFFFFFFFFFFFFFFFFFFFFFFFF AND SWAP1 PUSH1 0x20 ADD SWAP1 SWAP2 SWAP1 DUP1 CALLDATALOAD SWAP1 PUSH1 0x20 ADD SWAP1 SWAP2 SWAP1 POP POP PUSH2 0x664 JUMP JUMPDEST PUSH1 0x40 MLOAD DUP1 DUP3 ISZERO ISZERO ISZERO ISZERO DUP2 MSTORE PUSH1 0x20 ADD SWAP2 POP POP PUSH1 0x40 MLOAD DUP1 SWAP2 SUB SWAP1 RETURN JUMPDEST CALLVALUE ISZERO PUSH2 0x254 JUMPI PUSH1 0x0 DUP1 REVERT JUMPDEST PUSH2 0x25C PUSH2 0x791 JUMP JUMPDEST PUSH1 0x40 MLOAD DUP1 DUP3 PUSH1 0xFF AND PUSH1 0xFF AND DUP2 MSTORE PUSH1 0x20 ADD SWAP2 POP POP PUSH1 0x40 MLOAD DUP1 SWAP2 SUB SWAP1 RETURN JUMPDEST CALLVALUE ISZERO PUSH2 0x283 JUMPI PUSH1 0x0 DUP1 REVERT JUMPDEST PUSH2 0x299 PUSH1 0x4 DUP1 DUP1 CALLDATALOAD SWAP1 PUSH1 0x20 ADD SWAP1 SWAP2 SWAP1 POP POP PUSH2 0x7A4 JUMP JUMPDEST PUSH1 0x40 MLOAD DUP1 DUP3 ISZERO ISZERO ISZERO ISZERO DUP2 MSTORE PUSH1 0x20 ADD SWAP2 POP POP PUSH1 0x40 MLOAD DUP1 SWAP2 SUB SWAP1 RETURN JUMPDEST CALLVALUE ISZERO PUSH2 0x2BE JUMPI PUSH1 0x0 DUP1 REVERT JUMPDEST PUSH2 0x2EA PUSH1 0x4 DUP1 DUP1 CALLDATALOAD PUSH20 0xFFFFFFFFFFFFFFFFFFFFFFFFFFFFFFFFFFFFFFFF AND SWAP1 PUSH1 0x20 ADD SWAP1 SWAP2 SWAP1 POP POP PUSH2 0x8A8 JUMP JUMPDEST PUSH1 0x40 MLOAD DUP1 DUP3 DUP2 MSTORE PUSH1 0x20 ADD SWAP2 POP POP PUSH1 0x40 MLOAD DUP1 SWAP2 SUB SWAP1 RETURN JUMPDEST CALLVALUE ISZERO PUSH2 0x30B JUMPI PUSH1 0x0 DUP1 REVERT JUMPDEST PUSH2 0x340 PUSH1 0x4 DUP1 DUP1 CALLDATALOAD PUSH20 0xFFFFFFFFFFFFFFFFFFFFFFFFFFFFFFFFFFFFFFFF AND SWAP1 PUSH1 0x20 ADD SWAP1 SWAP2 SWAP1 DUP1 CALLDATALOAD SWAP1 PUSH1 0x20 ADD SWAP1 SWAP2 SWAP1 POP POP PUSH2 0x8C0 JUMP JUMPDEST PUSH1 0x40 MLOAD DUP1 DUP3 ISZERO ISZERO ISZERO ISZERO DUP2 MSTORE PUSH1 0x20 ADD SWAP2 POP POP PUSH1 0x40 MLOAD DUP1 SWAP2 SUB SWAP1 RETURN JUMPDEST CALLVALUE ISZERO PUSH2 0x365 JUMPI PUSH1 0x0 DUP1 REVERT JUMPDEST PUSH2 0x36D PUSH2 0xADA JUMP JUMPDEST PUSH1 0x40 MLOAD DUP1 DUP1 PUSH1 0x20 ADD DUP3 DUP2 SUB DUP3 MSTORE DUP4 DUP2 DUP2 MLOAD DUP2 MSTORE PUSH1 0x20 ADD SWAP2 POP DUP1 MLOAD SWAP1 PUSH1 0x20 ADD SWAP1 DUP1 DUP4 DUP4 PUSH1 0x0 JUMPDEST DUP4 DUP2 LT ISZERO PUSH2 0x3AD JUMPI DUP1 DUP3 ADD MLOAD DUP2 DUP5 ADD MSTORE PUSH1 0x20 DUP2 ADD SWAP1 POP PUSH2 0x392 JUMP JUMPDEST POP POP POP POP SWAP1 POP SWAP1 DUP2 ADD SWAP1 PUSH1 0x1F AND DUP1 ISZERO PUSH2 0x3DA JUMPI DUP1 DUP3 SUB DUP1 MLOAD PUSH1 0x1 DUP4 PUSH1 0x20 SUB PUSH2 0x100 EXP SUB NOT AND DUP2 MSTORE PUSH1 0x20 ADD SWAP2 POP JUMPDEST POP SWAP3 POP POP POP PUSH1 0x40 MLOAD DUP1 SWAP2 SUB SWAP1 RETURN JUMPDEST CALLVALUE ISZERO PUSH2 0x3F3 JUMPI PUSH1 0x0 DUP1 REVERT JUMPDEST PUSH2 0x428 PUSH1 0x4 DUP1 DUP1 CALLDATALOAD PUSH20 0xFFFFFFFFFFFFFFFFFFFFFFFFFFFFFFFFFFFFFFFF AND SWAP1 PUSH1 0x20 ADD SWAP1 SWAP2 SWAP1 DUP1 CALLDATALOAD SWAP1 PUSH1 0x20 ADD SWAP1 SWAP2 SWAP1 POP POP PUSH2 0xB78 JUMP JUMPDEST STOP JUMPDEST CALLVALUE ISZERO PUSH2 0x435 JUMPI PUSH1 0x0 DUP1 REVERT JUMPDEST PUSH2 0x4AD PUSH1 0x4 DUP1 DUP1 CALLDATALOAD PUSH20 0xFFFFFFFFFFFFFFFFFFFFFFFFFFFFFFFFFFFFFFFF AND SWAP1 PUSH1 0x20 ADD SWAP1 SWAP2 SWAP1 DUP1 CALLDATALOAD SWAP1 PUSH1 0x20 ADD SWAP1 SWAP2 SWAP1 DUP1 CALLDATALOAD SWAP1 PUSH1 0x20 ADD SWAP1 DUP3 ADD DUP1 CALLDATALOAD SWAP1 PUSH1 0x20 ADD SWAP1 DUP1 DUP1 PUSH1 0x1F ADD PUSH1 0x20 DUP1 SWAP2 DIV MUL PUSH1 0x20 ADD PUSH1 0x40 MLOAD SWAP1 DUP2 ADD PUSH1 0x40 MSTORE DUP1 SWAP4 SWAP3 SWAP2 SWAP1 DUP2 DUP2 MSTORE PUSH1 0x20 ADD DUP4 DUP4 DUP1 DUP3 DUP5 CALLDATACOPY DUP3 ADD SWAP2 POP POP POP POP POP POP SWAP2 SWAP1 POP POP PUSH2 0xB87 JUMP JUMPDEST PUSH1 0x40 MLOAD DUP1 DUP3 ISZERO ISZERO ISZERO ISZERO DUP2 MSTORE PUSH1 0x20 ADD SWAP2 POP POP PUSH1 0x40 MLOAD DUP1 SWAP2 SUB SWAP1 RETURN JUMPDEST CALLVALUE ISZERO PUSH2 0x4D2 JUMPI PUSH1 0x0 DUP1 REVERT JUMPDEST PUSH2 0x51D PUSH1 0x4 DUP1 DUP1 CALLDATALOAD PUSH20 0xFFFFFFFFFFFFFFFFFFFFFFFFFFFFFFFFFFFFFFFF AND SWAP1 PUSH1 0x20 ADD SWAP1 SWAP2 SWAP1 DUP1 CALLDATALOAD PUSH20 0xFFFFFFFFFFFFFFFFFFFFFFFFFFFFFFFFFFFFFFFF AND SWAP1 PUSH1 0x20 ADD SWAP1 SWAP2 SWAP1 POP POP PUSH2 0xD05 JUMP JUMPDEST PUSH1 0x40 MLOAD DUP1 DUP3 DUP2 MSTORE PUSH1 0x20 ADD SWAP2 POP POP PUSH1 0x40 MLOAD DUP1 SWAP2 SUB SWAP1 RETURN JUMPDEST PUSH1 0x0 DUP1 SLOAD PUSH1 0x1 DUP2 PUSH1 0x1 AND ISZERO PUSH2 0x100 MUL SUB AND PUSH1 0x2 SWAP1 DIV DUP1 PUSH1 0x1F ADD PUSH1 0x20 DUP1 SWAP2 DIV MUL PUSH1 0x20 ADD PUSH1 0x40 MLOAD SWAP1 DUP2 ADD PUSH1 0x40 MSTORE DUP1 SWAP3 SWAP2 SWAP1 DUP2 DUP2 MSTORE PUSH1 0x20 ADD DUP3 DUP1 SLOAD PUSH1 0x1 DUP2 PUSH1 0x1 AND ISZERO PUSH2 0x100 MUL SUB AND PUSH1 0x2 SWAP1 DIV DUP1 ISZERO PUSH2 0x5C9 JUMPI DUP1 PUSH1 0x1F LT PUSH2 0x59E JUMPI PUSH2 0x100 DUP1 DUP4 SLOAD DIV MUL DUP4 MSTORE SWAP2 PUSH1 0x20 ADD SWAP2 PUSH2 0x5C9 JUMP JUMPDEST DUP3 ADD SWAP2 SWAP1 PUSH1 0x0 MSTORE PUSH1 0x20 PUSH1 0x0 KECCAK256 SWAP1 JUMPDEST DUP2 SLOAD DUP2 MSTORE SWAP1 PUSH1 0x1 ADD SWAP1 PUSH1 0x20 ADD DUP1 DUP4 GT PUSH2 0x5AC JUMPI DUP3 SWAP1 SUB PUSH1 0x1F AND DUP3 ADD SWAP2 JUMPDEST POP POP POP POP POP DUP2 JUMP JUMPDEST PUSH1 0x0 DUP2 PUSH1 0x5 PUSH1 0x0 CALLER PUSH20 0xFFFFFFFFFFFFFFFFFFFFFFFFFFFFFFFFFFFFFFFF AND PUSH20 0xFFFFFFFFFFFFFFFFFFFFFFFFFFFFFFFFFFFFFFFF AND DUP2 MSTORE PUSH1 0x20 ADD SWAP1 DUP2 MSTORE PUSH1 0x20 ADD PUSH1 0x0 KECCAK256 PUSH1 0x0 DUP6 PUSH20 0xFFFFFFFFFFFFFFFFFFFFFFFFFFFFFFFFFFFFFFFF AND PUSH20 0xFFFFFFFFFFFFFFFFFFFFFFFFFFFFFFFFFFFFFFFF AND DUP2 MSTORE PUSH1 0x20 ADD SWAP1 DUP2 MSTORE PUSH1 0x20 ADD PUSH1 0x0 KECCAK256 DUP2 SWAP1 SSTORE POP PUSH1 0x1 SWAP1 POP SWAP3 SWAP2 POP POP JUMP JUMPDEST PUSH1 0x3 SLOAD DUP2 JUMP JUMPDEST PUSH1 0x0 PUSH1 0x5 PUSH1 0x0 DUP6 PUSH20 0xFFFFFFFFFFFFFFFFFFFFFFFFFFFFFFFFFFFFFFFF AND PUSH20 0xFFFFFFFFFFFFFFFFFFFFFFFFFFFFFFFFFFFFFFFF AND DUP2 MSTORE PUSH1 0x20 ADD SWAP1 DUP2 MSTORE PUSH1 0x20 ADD PUSH1 0x0 KECCAK256 PUSH1 0x0 CALLER PUSH20 0xFFFFFFFFFFFFFFFFFFFFFFFFFFFFFFFFFFFFFFFF AND PUSH20 0xFFFFFFFFFFFFFFFFFFFFFFFFFFFFFFFFFFFFFFFF AND DUP2 MSTORE PUSH1 0x20 ADD SWAP1 DUP2 MSTORE PUSH1 0x20 ADD PUSH1 0x0 KECCAK256 SLOAD DUP3 GT ISZERO ISZERO ISZERO PUSH2 0x6F1 JUMPI PUSH1 0x0 DUP1 REVERT JUMPDEST DUP2 PUSH1 0x5 PUSH1 0x0 DUP7 PUSH20 0xFFFFFFFFFFFFFFFFFFFFFFFFFFFFFFFFFFFFFFFF AND PUSH20 0xFFFFFFFFFFFFFFFFFFFFFFFFFFFFFFFFFFFFFFFF AND DUP2 MSTORE PUSH1 0x20 ADD SWAP1 DUP2 MSTORE PUSH1 0x20 ADD PUSH1 0x0 KECCAK256 PUSH1 0x0 CALLER PUSH20 0xFFFFFFFFFFFFFFFFFFFFFFFFFFFFFFFFFFFFFFFF AND PUSH20 0xFFFFFFFFFFFFFFFFFFFFFFFFFFFFFFFFFFFFFFFF AND DUP2 MSTORE PUSH1 0x20 ADD SWAP1 DUP2 MSTORE PUSH1 0x20 ADD PUSH1 0x0 KECCAK256 PUSH1 0x0 DUP3 DUP3 SLOAD SUB SWAP3 POP POP DUP2 SWAP1 SSTORE POP PUSH2 0x786 DUP5 DUP5 DUP5 PUSH2 0xD2A JUMP JUMPDEST PUSH1 0x1 SWAP1 POP SWAP4 SWAP3 POP POP POP JUMP JUMPDEST PUSH1 0x2 PUSH1 0x0 SWAP1 SLOAD SWAP1 PUSH2 0x100 EXP SWAP1 DIV PUSH1 0xFF AND DUP2 JUMP JUMPDEST PUSH1 0x0 DUP2 PUSH1 0x4 PUSH1 0x0 CALLER PUSH20 0xFFFFFFFFFFFFFFFFFFFFFFFFFFFFFFFFFFFFFFFF AND PUSH20 0xFFFFFFFFFFFFFFFFFFFFFFFFFFFFFFFFFFFFFFFF AND DUP2 MSTORE PUSH1 0x20 ADD SWAP1 DUP2 MSTORE PUSH1 0x20 ADD PUSH1 0x0 KECCAK256 SLOAD LT ISZERO ISZERO ISZERO PUSH2 0x7F4 JUMPI PUSH1 0x0 DUP1 REVERT JUMPDEST DUP2 PUSH1 0x4 PUSH1 0x0 CALLER PUSH20 0xFFFFFFFFFFFFFFFFFFFFFFFFFFFFFFFFFFFFFFFF AND PUSH20 0xFFFFFFFFFFFFFFFFFFFFFFFFFFFFFFFFFFFFFFFF AND DUP2 MSTORE PUSH1 0x20 ADD SWAP1 DUP2 MSTORE PUSH1 0x20 ADD PUSH1 0x0 KECCAK256 PUSH1 0x0 DUP3 DUP3 SLOAD SUB SWAP3 POP POP DUP2 SWAP1 SSTORE POP DUP2 PUSH1 0x3 PUSH1 0x0 DUP3 DUP3 SLOAD SUB SWAP3 POP POP DUP2 SWAP1 SSTORE POP CALLER PUSH20 0xFFFFFFFFFFFFFFFFFFFFFFFFFFFFFFFFFFFFFFFF AND PUSH32 0xCC16F5DBB4873280815C1EE09DBD06736CFFCC184412CF7A71A0FDB75D397CA5 DUP4 PUSH1 0x40 MLOAD DUP1 DUP3 DUP2 MSTORE PUSH1 0x20 ADD SWAP2 POP POP PUSH1 0x40 MLOAD DUP1 SWAP2 SUB SWAP1 LOG2 PUSH1 0x1 SWAP1 POP SWAP2 SWAP1 POP JUMP JUMPDEST PUSH1 0x4 PUSH1 0x20 MSTORE DUP1 PUSH1 0x0 MSTORE PUSH1 0x40 PUSH1 0x0 KECCAK256 PUSH1 0x0 SWAP2 POP SWAP1 POP SLOAD DUP2 JUMP JUMPDEST PUSH1 0x0 DUP2 PUSH1 0x4 PUSH1 0x0 DUP6 PUSH20 0xFFFFFFFFFFFFFFFFFFFFFFFFFFFFFFFFFFFFFFFF AND PUSH20 0xFFFFFFFFFFFFFFFFFFFFFFFFFFFFFFFFFFFFFFFF AND DUP2 MSTORE PUSH1 0x20 ADD SWAP1 DUP2 MSTORE PUSH1 0x20 ADD PUSH1 0x0 KECCAK256 SLOAD LT ISZERO ISZERO ISZERO PUSH2 0x910 JUMPI PUSH1 0x0 DUP1 REVERT JUMPDEST PUSH1 0x5 PUSH1 0x0 DUP5 PUSH20 0xFFFFFFFFFFFFFFFFFFFFFFFFFFFFFFFFFFFFFFFF AND PUSH20 0xFFFFFFFFFFFFFFFFFFFFFFFFFFFFFFFFFFFFFFFF AND DUP2 MSTORE PUSH1 0x20 ADD SWAP1 DUP2 MSTORE PUSH1 0x20 ADD PUSH1 0x0 KECCAK256 PUSH1 0x0 CALLER PUSH20 0xFFFFFFFFFFFFFFFFFFFFFFFFFFFFFFFFFFFFFFFF AND PUSH20 0xFFFFFFFFFFFFFFFFFFFFFFFFFFFFFFFFFFFFFFFF AND DUP2 MSTORE PUSH1 0x20 ADD SWAP1 DUP2 MSTORE PUSH1 0x20 ADD PUSH1 0x0 KECCAK256 SLOAD DUP3 GT ISZERO ISZERO ISZERO PUSH2 0x99B JUMPI PUSH1 0x0 DUP1 REVERT JUMPDEST DUP2 PUSH1 0x4 PUSH1 0x0 DUP6 PUSH20 0xFFFFFFFFFFFFFFFFFFFFFFFFFFFFFFFFFFFFFFFF AND PUSH20 0xFFFFFFFFFFFFFFFFFFFFFFFFFFFFFFFFFFFFFFFF AND DUP2 MSTORE PUSH1 0x20 ADD SWAP1 DUP2 MSTORE PUSH1 0x20 ADD PUSH1 0x0 KECCAK256 PUSH1 0x0 DUP3 DUP3 SLOAD SUB SWAP3 POP POP DUP2 SWAP1 SSTORE POP DUP2 PUSH1 0x5 PUSH1 0x0 DUP6 PUSH20 0xFFFFFFFFFFFFFFFFFFFFFFFFFFFFFFFFFFFFFFFF AND PUSH20 0xFFFFFFFFFFFFFFFFFFFFFFFFFFFFFFFFFFFFFFFF AND DUP2 MSTORE PUSH1 0x20 ADD SWAP1 DUP2 MSTORE PUSH1 0x20 ADD PUSH1 0x0 KECCAK256 PUSH1 0x0 CALLER PUSH20 0xFFFFFFFFFFFFFFFFFFFFFFFFFFFFFFFFFFFFFFFF AND PUSH20 0xFFFFFFFFFFFFFFFFFFFFFFFFFFFFFFFFFFFFFFFF AND DUP2 MSTORE PUSH1 0x20 ADD SWAP1 DUP2 MSTORE PUSH1 0x20 ADD PUSH1 0x0 KECCAK256 PUSH1 0x0 DUP3 DUP3 SLOAD SUB SWAP3 POP POP DUP2 SWAP1 SSTORE POP DUP2 PUSH1 0x3 PUSH1 0x0 DUP3 DUP3 SLOAD SUB SWAP3 POP POP DUP2 SWAP1 SSTORE POP DUP3 PUSH20 0xFFFFFFFFFFFFFFFFFFFFFFFFFFFFFFFFFFFFFFFF AND PUSH32 0xCC16F5DBB4873280815C1EE09DBD06736CFFCC184412CF7A71A0FDB75D397CA5 DUP4 PUSH1 0x40 MLOAD DUP1 DUP3 DUP2 MSTORE PUSH1 0x20 ADD SWAP2 POP POP PUSH1 0x40 MLOAD DUP1 SWAP2 SUB SWAP1 LOG2 PUSH1 0x1 SWAP1 POP SWAP3 SWAP2 POP POP JUMP JUMPDEST PUSH1 0x1 DUP1 SLOAD PUSH1 0x1 DUP2 PUSH1 0x1 AND ISZERO PUSH2 0x100 MUL SUB AND PUSH1 0x2 SWAP1 DIV DUP1 PUSH1 0x1F ADD PUSH1 0x20 DUP1 SWAP2 DIV MUL PUSH1 0x20 ADD PUSH1 0x40 MLOAD SWAP1 DUP2 ADD PUSH1 0x40 MSTORE DUP1 SWAP3 SWAP2 SWAP1 DUP2 DUP2 MSTORE PUSH1 0x20 ADD DUP3 DUP1 SLOAD PUSH1 0x1 DUP2 PUSH1 0x1 AND ISZERO PUSH2 0x100 MUL SUB AND PUSH1 0x2 SWAP1 DIV DUP1 ISZERO PUSH2 0xB70 JUMPI DUP1 PUSH1 0x1F LT PUSH2 0xB45 JUMPI PUSH2 0x100 DUP1 DUP4 SLOAD DIV MUL DUP4 MSTORE SWAP2 PUSH1 0x20 ADD SWAP2 PUSH2 0xB70 JUMP JUMPDEST DUP3 ADD SWAP2 SWAP1 PUSH1 0x0 MSTORE PUSH1 0x20 PUSH1 0x0 KECCAK256 SWAP1 JUMPDEST DUP2 SLOAD DUP2 MSTORE SWAP1 PUSH1 0x1 ADD SWAP1 PUSH1 0x20 ADD DUP1 DUP4 GT PUSH2 0xB53 JUMPI DUP3 SWAP1 SUB PUSH1 0x1F AND DUP3 ADD SWAP2 JUMPDEST POP POP POP POP POP DUP2 JUMP JUMPDEST PUSH2 0xB83 CALLER DUP4 DUP4 PUSH2 0xD2A JUMP JUMPDEST POP POP JUMP JUMPDEST PUSH1 0x0 DUP1 DUP5 SWAP1 POP PUSH2 0xB97 DUP6 DUP6 PUSH2 0x5D1 JUMP JUMPDEST ISZERO PUSH2 0xCFC JUMPI DUP1 PUSH20 0xFFFFFFFFFFFFFFFFFFFFFFFFFFFFFFFFFFFFFFFF AND PUSH4 0x8F4FFCB1 CALLER DUP7 ADDRESS DUP8 PUSH1 0x40 MLOAD DUP6 PUSH4 0xFFFFFFFF AND PUSH29 0x100000000000000000000000000000000000000000000000000000000 MUL DUP2 MSTORE PUSH1 0x4 ADD DUP1 DUP6 PUSH20 0xFFFFFFFFFFFFFFFFFFFFFFFFFFFFFFFFFFFFFFFF AND PUSH20 0xFFFFFFFFFFFFFFFFFFFFFFFFFFFFFFFFFFFFFFFF AND DUP2 MSTORE PUSH1 0x20 ADD DUP5 DUP2 MSTORE PUSH1 0x20 ADD DUP4 PUSH20 0xFFFFFFFFFFFFFFFFFFFFFFFFFFFFFFFFFFFFFFFF AND PUSH20 0xFFFFFFFFFFFFFFFFFFFFFFFFFFFFFFFFFFFFFFFF AND DUP2 MSTORE PUSH1 0x20 ADD DUP1 PUSH1 0x20 ADD DUP3 DUP2 SUB DUP3 MSTORE DUP4 DUP2 DUP2 MLOAD DUP2 MSTORE PUSH1 0x20 ADD SWAP2 POP DUP1 MLOAD SWAP1 PUSH1 0x20 ADD SWAP1 DUP1 DUP4 DUP4 PUSH1 0x0 JUMPDEST DUP4 DUP2 LT ISZERO PUSH2 0xC91 JUMPI DUP1 DUP3 ADD MLOAD DUP2 DUP5 ADD MSTORE PUSH1 0x20 DUP2 ADD SWAP1 POP PUSH2 0xC76 JUMP JUMPDEST POP POP POP POP SWAP1 POP SWAP1 DUP2 ADD SWAP1 PUSH1 0x1F AND DUP1 ISZERO PUSH2 0xCBE JUMPI DUP1 DUP3 SUB DUP1 MLOAD PUSH1 0x1 DUP4 PUSH1 0x20 SUB PUSH2 0x100 EXP SUB NOT AND DUP2 MSTORE PUSH1 0x20 ADD SWAP2 POP JUMPDEST POP SWAP6 POP POP POP POP POP POP PUSH1 0x0 PUSH1 0x40 MLOAD DUP1 DUP4 SUB DUP2 PUSH1 0x0 DUP8 DUP1 EXTCODESIZE ISZERO ISZERO PUSH2 0xCDF JUMPI PUSH1 0x0 DUP1 REVERT JUMPDEST PUSH2 0x2C6 GAS SUB CALL ISZERO ISZERO PUSH2 0xCF0 JUMPI PUSH1 0x0 DUP1 REVERT JUMPDEST POP POP POP PUSH1 0x1 SWAP2 POP PUSH2 0xCFD JUMP JUMPDEST JUMPDEST POP SWAP4 SWAP3 POP POP POP JUMP JUMPDEST PUSH1 0x5 PUSH1 0x20 MSTORE DUP2 PUSH1 0x0 MSTORE PUSH1 0x40 PUSH1 0x0 KECCAK256 PUSH1 0x20 MSTORE DUP1 PUSH1 0x0 MSTORE PUSH1 0x40 PUSH1 0x0 KECCAK256 PUSH1 0x0 SWAP2 POP SWAP2 POP POP SLOAD DUP2 JUMP JUMPDEST PUSH1 0x0 DUP1 DUP4 PUSH20 0xFFFFFFFFFFFFFFFFFFFFFFFFFFFFFFFFFFFFFFFF AND EQ ISZERO ISZERO ISZERO PUSH2 0xD51 JUMPI PUSH1 0x0 DUP1 REVERT JUMPDEST DUP2 PUSH1 0x4 PUSH1 0x0 DUP7 PUSH20 0xFFFFFFFFFFFFFFFFFFFFFFFFFFFFFFFFFFFFFFFF AND PUSH20 0xFFFFFFFFFFFFFFFFFFFFFFFFFFFFFFFFFFFFFFFF AND DUP2 MSTORE PUSH1 0x20 ADD SWAP1 DUP2 MSTORE PUSH1 0x20 ADD PUSH1 0x0 KECCAK256 SLOAD LT ISZERO ISZERO ISZERO PUSH2 0xD9F JUMPI PUSH1 0x0 DUP1 REVERT JUMPDEST PUSH1 0x4 PUSH1 0x0 DUP5 PUSH20 0xFFFFFFFFFFFFFFFFFFFFFFFFFFFFFFFFFFFFFFFF AND PUSH20 0xFFFFFFFFFFFFFFFFFFFFFFFFFFFFFFFFFFFFFFFF AND DUP2 MSTORE PUSH1 0x20 ADD SWAP1 DUP2 MSTORE PUSH1 0x20 ADD PUSH1 0x0 KECCAK256 SLOAD DUP3 PUSH1 0x4 PUSH1 0x0 DUP7 PUSH20 0xFFFFFFFFFFFFFFFFFFFFFFFFFFFFFFFFFFFFFFFF AND PUSH20 0xFFFFFFFFFFFFFFFFFFFFFFFFFFFFFFFFFFFFFFFF AND DUP2 MSTORE PUSH1 0x20 ADD SWAP1 DUP2 MSTORE PUSH1 0x20 ADD PUSH1 0x0 KECCAK256 SLOAD ADD GT ISZERO ISZERO PUSH2 0xE2D JUMPI PUSH1 0x0 DUP1 REVERT JUMPDEST PUSH1 0x4 PUSH1 0x0 DUP5 PUSH20 0xFFFFFFFFFFFFFFFFFFFFFFFFFFFFFFFFFFFFFFFF AND PUSH20 0xFFFFFFFFFFFFFFFFFFFFFFFFFFFFFFFFFFFFFFFF AND DUP2 MSTORE PUSH1 0x20 ADD SWAP1 DUP2 MSTORE PUSH1 0x20 ADD PUSH1 0x0 KECCAK256 SLOAD PUSH1 0x4 PUSH1 0x0 DUP7 PUSH20 0xFFFFFFFFFFFFFFFFFFFFFFFFFFFFFFFFFFFFFFFF AND PUSH20 0xFFFFFFFFFFFFFFFFFFFFFFFFFFFFFFFFFFFFFFFF AND DUP2 MSTORE PUSH1 0x20 ADD SWAP1 DUP2 MSTORE PUSH1 0x20 ADD PUSH1 0x0 KECCAK256 SLOAD ADD SWAP1 POP DUP2 PUSH1 0x4 PUSH1 0x0 DUP7 PUSH20 0xFFFFFFFFFFFFFFFFFFFFFFFFFFFFFFFFFFFFFFFF AND PUSH20 0xFFFFFFFFFFFFFFFFFFFFFFFFFFFFFFFFFFFFFFFF AND DUP2 MSTORE PUSH1 0x20 ADD SWAP1 DUP2 MSTORE PUSH1 0x20 ADD PUSH1 0x0 KECCAK256 PUSH1 0x0 DUP3 DUP3 SLOAD SUB SWAP3 POP POP DUP2 SWAP1 SSTORE POP DUP2 PUSH1 0x4 PUSH1 0x0 DUP6 PUSH20 0xFFFFFFFFFFFFFFFFFFFFFFFFFFFFFFFFFFFFFFFF AND PUSH20 0xFFFFFFFFFFFFFFFFFFFFFFFFFFFFFFFFFFFFFFFF AND DUP2 MSTORE PUSH1 0x20 ADD SWAP1 DUP2 MSTORE PUSH1 0x20 ADD PUSH1 0x0 KECCAK256 PUSH1 0x0 DUP3 DUP3 SLOAD ADD SWAP3 POP POP DUP2 SWAP1 SSTORE POP DUP3 PUSH20 0xFFFFFFFFFFFFFFFFFFFFFFFFFFFFFFFFFFFFFFFF AND DUP5 PUSH20 0xFFFFFFFFFFFFFFFFFFFFFFFFFFFFFFFFFFFFFFFF AND PUSH32 0xDDF252AD1BE2C89B69C2B068FC378DAA952BA7F163C4A11628F55A4DF523B3EF DUP5 PUSH1 0x40 MLOAD DUP1 DUP3 DUP2 MSTORE PUSH1 0x20 ADD SWAP2 POP POP PUSH1 0x40 MLOAD DUP1 SWAP2 SUB SWAP1 LOG3 DUP1 PUSH1 0x4 PUSH1 0x0 DUP6 PUSH20 0xFFFFFFFFFFFFFFFFFFFFFFFFFFFFFFFFFFFFFFFF AND PUSH20 0xFFFFFFFFFFFFFFFFFFFFFFFFFFFFFFFFFFFFFFFF AND DUP2 MSTORE PUSH1 0x20 ADD SWAP1 DUP2 MSTORE PUSH1 0x20 ADD PUSH1 0x0 KECCAK256 SLOAD PUSH1 0x4 PUSH1 0x0 DUP8 PUSH20 0xFFFFFFFFFFFFFFFFFFFFFFFFFFFFFFFFFFFFFFFF AND PUSH20 0xFFFFFFFFFFFFFFFFFFFFFFFFFFFFFFFFFFFFFFFF AND DUP2 MSTORE PUSH1 0x20 ADD SWAP1 DUP2 MSTORE PUSH1 0x20 ADD PUSH1 0x0 KECCAK256 SLOAD ADD EQ ISZERO ISZERO PUSH2 0x103A JUMPI INVALID JUMPDEST POP POP POP POP JUMP STOP LOG1 PUSH6 0x627A7A723058 KECCAK256 0x4c DUP16 PUSH20 0x4BA6FA7BE09369A6FAEAE848E5910BEDF78B4630 0x5d PUSH12 0x7888258924D3840029000000
1,PUSH1 0x60 PUSH1 0x40 MSTORE PUSH1 0x40 DUP1 MLOAD SWAP1 DUP2 ADD PUSH1 0x40 MSTORE DUP1 PUSH1 0x8 DUP2 MSTORE PUSH1 0x20 ADD PUSH32 0x42656572636F696E000000000000000000000000000000000000000000000000 DUP2 MSTORE POP PUSH1 0x3 SWAP1 DUP1 MLOAD SWAP1 PUSH1 0x20 ADD SWAP1 PUSH3 0x51 SWAP3 SWAP2 SWAP1 PUSH3 0x1A4 JUMP JUMPDEST POP PUSH1 0x40 DUP1 MLOAD SWAP1 DUP2 ADD PUSH1 0x40 MSTORE DUP1 PUSH1 0x4 DUP2 MSTORE PUSH1 0x20 ADD PUSH32 0xF09F8DBA00000000000000000000000000000000000000000000000000000000 DUP2 MSTORE POP PUSH1 0x4 SWAP1 DUP1 MLOAD SWAP1 PUSH1 0x20 ADD SWAP1 PUSH3 0x9F SWAP3 SWAP2 SWAP1 PUSH3 0x1A4 JUMP JUMPDEST POP PUSH1 0x12 PUSH1 0x5 PUSH1 0x0 PUSH2 0x100 EXP DUP2 SLOAD DUP2 PUSH1 0xFF MUL NOT AND SWAP1 DUP4 PUSH1 0xFF AND MUL OR SWAP1 SSTORE POP PUSH1 0x5 PUSH1 0x0 SWAP1 SLOAD SWAP1 PUSH2 0x100 EXP SWAP1 DIV PUSH1 0xFF AND PUSH1 0xFF AND PUSH1 0xA EXP PUSH5 0x39BA23200 MUL PUSH1 0x6 SSTORE PUSH5 0x4D7C6D000 PUSH1 0x7 SSTORE PUSH1 0x0 PUSH1 0x8 SSTORE CALLVALUE ISZERO PUSH3 0xF6 JUMPI PUSH1 0x0 DUP1 REVERT JUMPDEST CALLER PUSH1 0x2 PUSH1 0x0 PUSH2 0x100 EXP DUP2 SLOAD DUP2 PUSH20 0xFFFFFFFFFFFFFFFFFFFFFFFFFFFFFFFFFFFFFFFF MUL NOT AND SWAP1 DUP4 PUSH20 0xFFFFFFFFFFFFFFFFFFFFFFFFFFFFFFFFFFFFFFFF AND MUL OR SWAP1 SSTORE POP PUSH1 0x6 SLOAD PUSH1 0x0 DUP1 PUSH1 0x2 PUSH1 0x0 SWAP1 SLOAD SWAP1 PUSH2 0x100 EXP SWAP1 DIV PUSH20 0xFFFFFFFFFFFFFFFFFFFFFFFFFFFFFFFFFFFFFFFF AND PUSH20 0xFFFFFFFFFFFFFFFFFFFFFFFFFFFFFFFFFFFFFFFF AND PUSH20 0xFFFFFFFFFFFFFFFFFFFFFFFFFFFFFFFFFFFFFFFF AND DUP2 MSTORE PUSH1 0x20 ADD SWAP1 DUP2 MSTORE PUSH1 0x20 ADD PUSH1 0x0 KECCAK256 DUP2 SWAP1 SSTORE POP PUSH3 0x253 JUMP JUMPDEST DUP3 DUP1 SLOAD PUSH1 0x1 DUP2 PUSH1 0x1 AND ISZERO PUSH2 0x100 MUL SUB AND PUSH1 0x2 SWAP1 DIV SWAP1 PUSH1 0x0 MSTORE PUSH1 0x20 PUSH1 0x0 KECCAK256 SWAP1 PUSH1 0x1F ADD PUSH1 0x20 SWAP1 DIV DUP2 ADD SWAP3 DUP3 PUSH1 0x1F LT PUSH3 0x1E7 JUMPI DUP1 MLOAD PUSH1 0xFF NOT AND DUP4 DUP1 ADD OR DUP6 SSTORE PUSH3 0x218 JUMP JUMPDEST DUP3 DUP1 ADD PUSH1 0x1 ADD DUP6 SSTORE DUP3 ISZERO PUSH3 0x218 JUMPI SWAP2 DUP3 ADD JUMPDEST DUP3 DUP2 GT ISZERO PUSH3 0x217 JUMPI DUP3 MLOAD DUP3 SSTORE SWAP2 PUSH1 0x20 ADD SWAP2 SWAP1 PUSH1 0x1 ADD SWAP1 PUSH3 0x1FA JUMP JUMPDEST JUMPDEST POP SWAP1 POP PUSH3 0x227 SWAP2 SWAP1 PUSH3 0x22B JUMP JUMPDEST POP SWAP1 JUMP JUMPDEST PUSH3 0x250 SWAP2 SWAP1 JUMPDEST DUP1 DUP3 GT ISZERO PUSH3 0x24C JUMPI PUSH1 0x0 DUP2 PUSH1 0x0 SWAP1 SSTORE POP PUSH1 0x1 ADD PUSH3 0x232 JUMP JUMPDEST POP SWAP1 JUMP JUMPDEST SWAP1 JUMP JUMPDEST PUSH2 0x1C2D DUP1 PUSH3 0x263 PUSH1 0x0 CODECOPY PUSH1 0x0 RETURN STOP PUSH1 0x60 PUSH1 0x40 MSTORE PUSH1 0x4 CALLDATASIZE LT PUSH2 0x128 JUMPI PUSH1 0x0 CALLDATALOAD PUSH29 0x100000000000000000000000000000000000000000000000000000000 SWAP1 DIV PUSH4 0xFFFFFFFF AND DUP1 PUSH4 0x6FDDE03 EQ PUSH2 0x12D JUMPI DUP1 PUSH4 0x7336E35 EQ PUSH2 0x1BB JUMPI DUP1 PUSH4 0x95EA7B3 EQ PUSH2 0x1E4 JUMPI DUP1 PUSH4 0x18160DDD EQ PUSH2 0x23E JUMPI DUP1 PUSH4 0x1E9A6950 EQ PUSH2 0x267 JUMPI DUP1 PUSH4 0x23B872DD EQ PUSH2 0x2C1 JUMPI DUP1 PUSH4 0x2B554142 EQ PUSH2 0x33A JUMPI DUP1 PUSH4 0x313CE567 EQ PUSH2 0x3EC JUMPI DUP1 PUSH4 0x42966C68 EQ PUSH2 0x41B JUMPI DUP1 PUSH4 0x4D0C5BE4 EQ PUSH2 0x456 JUMPI DUP1 PUSH4 0x65DA5603 EQ PUSH2 0x4A7 JUMPI DUP1 PUSH4 0x6F7495CB EQ PUSH2 0x4E2 JUMPI DUP1 PUSH4 0x70A08231 EQ PUSH2 0x50B JUMPI DUP1 PUSH4 0x8DA5CB5B EQ PUSH2 0x558 JUMPI DUP1 PUSH4 0x95D89B41 EQ PUSH2 0x5AD JUMPI DUP1 PUSH4 0x9E38C76E EQ PUSH2 0x63B JUMPI DUP1 PUSH4 0xA9059CBB EQ PUSH2 0x678 JUMPI DUP1 PUSH4 0xB7FC6612 EQ PUSH2 0x6D2 JUMPI DUP1 PUSH4 0xBC59AFE6 EQ PUSH2 0x784 JUMPI DUP1 PUSH4 0xDD62ED3E EQ PUSH2 0x836 JUMPI DUP1 PUSH4 0xED18ECAE EQ PUSH2 0x8A2 JUMPI DUP1 PUSH4 0xF2FDE38B EQ PUSH2 0x91E JUMPI JUMPDEST PUSH1 0x0 DUP1 REVERT JUMPDEST CALLVALUE ISZERO PUSH2 0x138 JUMPI PUSH1 0x0 DUP1 REVERT JUMPDEST PUSH2 0x140 PUSH2 0x957 JUMP JUMPDEST PUSH1 0x40 MLOAD DUP1 DUP1 PUSH1 0x20 ADD DUP3 DUP2 SUB DUP3 MSTORE DUP4 DUP2 DUP2 MLOAD DUP2 MSTORE PUSH1 0x20 ADD SWAP2 POP DUP1 MLOAD SWAP1 PUSH1 0x20 ADD SWAP1 DUP1 DUP4 DUP4 PUSH1 0x0 JUMPDEST DUP4 DUP2 LT ISZERO PUSH2 0x180 JUMPI DUP1 DUP3 ADD MLOAD DUP2 DUP5 ADD MSTORE PUSH1 0x20 DUP2 ADD SWAP1 POP PUSH2 0x165 JUMP JUMPDEST POP POP POP POP SWAP1 POP SWAP1 DUP2 ADD SWAP1 PUSH1 0x1F AND DUP1 ISZERO PUSH2 0x1AD JUMPI DUP1 DUP3 SUB DUP1 MLOAD PUSH1 0x1 DUP4 PUSH1 0x20 SUB PUSH2 0x100 EXP SUB NOT AND DUP2 MSTORE PUSH1 0x20 ADD SWAP2 POP JUMPDEST POP SWAP3 POP POP POP PUSH1 0x40 MLOAD DUP1 SWAP2 SUB SWAP1 RETURN JUMPDEST CALLVALUE ISZERO PUSH2 0x1C6 JUMPI PUSH1 0x0 DUP1 REVERT JUMPDEST PUSH2 0x1CE PUSH2 0x9F5 JUMP JUMPDEST PUSH1 0x40 MLOAD DUP1 DUP3 DUP2 MSTORE PUSH1 0x20 ADD SWAP2 POP POP PUSH1 0x40 MLOAD DUP1 SWAP2 SUB SWAP1 RETURN JUMPDEST CALLVALUE ISZERO PUSH2 0x1EF JUMPI PUSH1 0x0 DUP1 REVERT JUMPDEST PUSH2 0x224 PUSH1 0x4 DUP1 DUP1 CALLDATALOAD PUSH20 0xFFFFFFFFFFFFFFFFFFFFFFFFFFFFFFFFFFFFFFFF AND SWAP1 PUSH1 0x20 ADD SWAP1 SWAP2 SWAP1 DUP1 CALLDATALOAD SWAP1 PUSH1 0x20 ADD SWAP1 SWAP2 SWAP1 POP POP PUSH2 0x9FB JUMP JUMPDEST PUSH1 0x40 MLOAD DUP1 DUP3 ISZERO ISZERO ISZERO ISZERO DUP2 MSTORE PUSH1 0x20 ADD SWAP2 POP POP PUSH1 0x40 MLOAD DUP1 SWAP2 SUB SWAP1 RETURN JUMPDEST CALLVALUE ISZERO PUSH2 0x249 JUMPI PUSH1 0x0 DUP1 REVERT JUMPDEST PUSH2 0x251 PUSH2 0xA88 JUMP JUMPDEST PUSH1 0x40 MLOAD DUP1 DUP3 DUP2 MSTORE PUSH1 0x20 ADD SWAP2 POP POP PUSH1 0x40 MLOAD DUP1 SWAP2 SUB SWAP1 RETURN JUMPDEST CALLVALUE ISZERO PUSH2 0x272 JUMPI PUSH1 0x0 DUP1 REVERT JUMPDEST PUSH2 0x2A7 PUSH1 0x4 DUP1 DUP1 CALLDATALOAD PUSH20 0xFFFFFFFFFFFFFFFFFFFFFFFFFFFFFFFFFFFFFFFF AND SWAP1 PUSH1 0x20 ADD SWAP1 SWAP2 SWAP1 DUP1 CALLDATALOAD SWAP1 PUSH1 0x20 ADD SWAP1 SWAP2 SWAP1 POP POP PUSH2 0xA8E JUMP JUMPDEST PUSH1 0x40 MLOAD DUP1 DUP3 ISZERO ISZERO ISZERO ISZERO DUP2 MSTORE PUSH1 0x20 ADD SWAP2 POP POP PUSH1 0x40 MLOAD DUP1 SWAP2 SUB SWAP1 RETURN JUMPDEST CALLVALUE ISZERO PUSH2 0x2CC JUMPI PUSH1 0x0 DUP1 REVERT JUMPDEST PUSH2 0x320 PUSH1 0x4 DUP1 DUP1 CALLDATALOAD PUSH20 0xFFFFFFFFFFFFFFFFFFFFFFFFFFFFFFFFFFFFFFFF AND SWAP1 PUSH1 0x20 ADD SWAP1 SWAP2 SWAP1 DUP1 CALLDATALOAD PUSH20 0xFFFFFFFFFFFFFFFFFFFFFFFFFFFFFFFFFFFFFFFF AND SWAP1 PUSH1 0x20 ADD SWAP1 SWAP2 SWAP1 DUP1 CALLDATALOAD SWAP1 PUSH1 0x20 ADD SWAP1 SWAP2 SWAP1 POP POP PUSH2 0xB82 JUMP JUMPDEST PUSH1 0x40 MLOAD DUP1 DUP3 ISZERO ISZERO ISZERO ISZERO DUP2 MSTORE PUSH1 0x20 ADD SWAP2 POP POP PUSH1 0x40 MLOAD DUP1 SWAP2 SUB SWAP1 RETURN JUMPDEST CALLVALUE ISZERO PUSH2 0x345 JUMPI PUSH1 0x0 DUP1 REVERT JUMPDEST PUSH2 0x3D2 PUSH1 0x4 DUP1 DUP1 CALLDATALOAD SWAP1 PUSH1 0x20 ADD SWAP1 DUP3 ADD DUP1 CALLDATALOAD SWAP1 PUSH1 0x20 ADD SWAP1 DUP1 DUP1 PUSH1 0x20 MUL PUSH1 0x20 ADD PUSH1 0x40 MLOAD SWAP1 DUP2 ADD PUSH1 0x40 MSTORE DUP1 SWAP4 SWAP3 SWAP2 SWAP1 DUP2 DUP2 MSTORE PUSH1 0x20 ADD DUP4 DUP4 PUSH1 0x20 MUL DUP1 DUP3 DUP5 CALLDATACOPY DUP3 ADD SWAP2 POP POP POP POP POP POP SWAP2 SWAP1 DUP1 CALLDATALOAD SWAP1 PUSH1 0x20 ADD SWAP1 DUP3 ADD DUP1 CALLDATALOAD SWAP1 PUSH1 0x20 ADD SWAP1 DUP1 DUP1 PUSH1 0x20 MUL PUSH1 0x20 ADD PUSH1 0x40 MLOAD SWAP1 DUP2 ADD PUSH1 0x40 MSTORE DUP1 SWAP4 SWAP3 SWAP2 SWAP1 DUP2 DUP2 MSTORE PUSH1 0x20 ADD DUP4 DUP4 PUSH1 0x20 MUL DUP1 DUP3 DUP5 CALLDATACOPY DUP3 ADD SWAP2 POP POP POP POP POP POP SWAP2 SWAP1 POP POP PUSH2 0xCAF JUMP JUMPDEST PUSH1 0x40 MLOAD DUP1 DUP3 ISZERO ISZERO ISZERO ISZERO DUP2 MSTORE PUSH1 0x20 ADD SWAP2 POP POP PUSH1 0x40 MLOAD DUP1 SWAP2 SUB SWAP1 RETURN JUMPDEST CALLVALUE ISZERO PUSH2 0x3F7 JUMPI PUSH1 0x0 DUP1 REVERT JUMPDEST PUSH2 0x3FF PUSH2 0xD87 JUMP JUMPDEST PUSH1 0x40 MLOAD DUP1 DUP3 PUSH1 0xFF AND PUSH1 0xFF AND DUP2 MSTORE PUSH1 0x20 ADD SWAP2 POP POP PUSH1 0x40 MLOAD DUP1 SWAP2 SUB SWAP1 RETURN JUMPDEST CALLVALUE ISZERO PUSH2 0x426 JUMPI PUSH1 0x0 DUP1 REVERT JUMPDEST PUSH2 0x43C PUSH1 0x4 DUP1 DUP1 CALLDATALOAD SWAP1 PUSH1 0x20 ADD SWAP1 SWAP2 SWAP1 POP POP PUSH2 0xD9A JUMP JUMPDEST PUSH1 0x40 MLOAD DUP1 DUP3 ISZERO ISZERO ISZERO ISZERO DUP2 MSTORE PUSH1 0x20 ADD SWAP2 POP POP PUSH1 0x40 MLOAD DUP1 SWAP2 SUB SWAP1 RETURN JUMPDEST CALLVALUE ISZERO PUSH2 0x461 JUMPI PUSH1 0x0 DUP1 REVERT JUMPDEST PUSH2 0x48D PUSH1 0x4 DUP1 DUP1 CALLDATALOAD PUSH20 0xFFFFFFFFFFFFFFFFFFFFFFFFFFFFFFFFFFFFFFFF AND SWAP1 PUSH1 0x20 ADD SWAP1 SWAP2 SWAP1 POP POP PUSH2 0xEE1 JUMP JUMPDEST PUSH1 0x40 MLOAD DUP1 DUP3 ISZERO ISZERO ISZERO ISZERO DUP2 MSTORE PUSH1 0x20 ADD SWAP2 POP POP PUSH1 0x40 MLOAD DUP1 SWAP2 SUB SWAP1 RETURN JUMPDEST CALLVALUE ISZERO PUSH2 0x4B2 JUMPI PUSH1 0x0 DUP1 REVERT JUMPDEST PUSH2 0x4C8 PUSH1 0x4 DUP1 DUP1 CALLDATALOAD SWAP1 PUSH1 0x20 ADD SWAP1 SWAP2 SWAP1 POP POP PUSH2 0xF01 JUMP JUMPDEST PUSH1 0x40 MLOAD DUP1 DUP3 ISZERO ISZERO ISZERO ISZERO DUP2 MSTORE PUSH1 0x20 ADD SWAP2 POP POP PUSH1 0x40 MLOAD DUP1 SWAP2 SUB SWAP1 RETURN JUMPDEST CALLVALUE ISZERO PUSH2 0x4ED JUMPI PUSH1 0x0 DUP1 REVERT JUMPDEST PUSH2 0x4F5 PUSH2 0x12F3 JUMP JUMPDEST PUSH1 0x40 MLOAD DUP1 DUP3 DUP2 MSTORE PUSH1 0x20 ADD SWAP2 POP POP PUSH1 0x40 MLOAD DUP1 SWAP2 SUB SWAP1 RETURN JUMPDEST CALLVALUE ISZERO PUSH2 0x516 JUMPI PUSH1 0x0 DUP1 REVERT JUMPDEST PUSH2 0x542 PUSH1 0x4 DUP1 DUP1 CALLDATALOAD PUSH20 0xFFFFFFFFFFFFFFFFFFFFFFFFFFFFFFFFFFFFFFFF AND SWAP1 PUSH1 0x20 ADD SWAP1 SWAP2 SWAP1 POP POP PUSH2 0x12F9 JUMP JUMPDEST PUSH1 0x40 MLOAD DUP1 DUP3 DUP2 MSTORE PUSH1 0x20 ADD SWAP2 POP POP PUSH1 0x40 MLOAD DUP1 SWAP2 SUB SWAP1 RETURN JUMPDEST CALLVALUE ISZERO PUSH2 0x563 JUMPI PUSH1 0x0 DUP1 REVERT JUMPDEST PUSH2 0x56B PUSH2 0x1311 JUMP JUMPDEST PUSH1 0x40 MLOAD DUP1 DUP3 PUSH20 0xFFFFFFFFFFFFFFFFFFFFFFFFFFFFFFFFFFFFFFFF AND PUSH20 0xFFFFFFFFFFFFFFFFFFFFFFFFFFFFFFFFFFFFFFFF AND DUP2 MSTORE PUSH1 0x20 ADD SWAP2 POP POP PUSH1 0x40 MLOAD DUP1 SWAP2 SUB SWAP1 RETURN JUMPDEST CALLVALUE ISZERO PUSH2 0x5B8 JUMPI PUSH1 0x0 DUP1 REVERT JUMPDEST PUSH2 0x5C0 PUSH2 0x1337 JUMP JUMPDEST PUSH1 0x40 MLOAD DUP1 DUP1 PUSH1 0x20 ADD DUP3 DUP2 SUB DUP3 MSTORE DUP4 DUP2 DUP2 MLOAD DUP2 MSTORE PUSH1 0x20 ADD SWAP2 POP DUP1 MLOAD SWAP1 PUSH1 0x20 ADD SWAP1 DUP1 DUP4 DUP4 PUSH1 0x0 JUMPDEST DUP4 DUP2 LT ISZERO PUSH2 0x600 JUMPI DUP1 DUP3 ADD MLOAD DUP2 DUP5 ADD MSTORE PUSH1 0x20 DUP2 ADD SWAP1 POP PUSH2 0x5E5 JUMP JUMPDEST POP POP POP POP SWAP1 POP SWAP1 DUP2 ADD SWAP1 PUSH1 0x1F AND DUP1 ISZERO PUSH2 0x62D JUMPI DUP1 DUP3 SUB DUP1 MLOAD PUSH1 0x1 DUP4 PUSH1 0x20 SUB PUSH2 0x100 EXP SUB NOT AND DUP2 MSTORE PUSH1 0x20 ADD SWAP2 POP JUMPDEST POP SWAP3 POP POP POP PUSH1 0x40 MLOAD DUP1 SWAP2 SUB SWAP1 RETURN JUMPDEST CALLVALUE ISZERO PUSH2 0x646 JUMPI PUSH1 0x0 DUP1 REVERT JUMPDEST PUSH2 0x65E PUSH1 0x4 DUP1 DUP1 CALLDATALOAD ISZERO ISZERO SWAP1 PUSH1 0x20 ADD SWAP1 SWAP2 SWAP1 POP POP PUSH2 0x13D5 JUMP JUMPDEST PUSH1 0x40 MLOAD DUP1 DUP3 ISZERO ISZERO ISZERO ISZERO DUP2 MSTORE PUSH1 0x20 ADD SWAP2 POP POP PUSH1 0x40 MLOAD DUP1 SWAP2 SUB SWAP1 RETURN JUMPDEST CALLVALUE ISZERO PUSH2 0x683 JUMPI PUSH1 0x0 DUP1 REVERT JUMPDEST PUSH2 0x6B8 PUSH1 0x4 DUP1 DUP1 CALLDATALOAD PUSH20 0xFFFFFFFFFFFFFFFFFFFFFFFFFFFFFFFFFFFFFFFF AND SWAP1 PUSH1 0x20 ADD SWAP1 SWAP2 SWAP1 DUP1 CALLDATALOAD SWAP1 PUSH1 0x20 ADD SWAP1 SWAP2 SWAP1 POP POP PUSH2 0x1437 JUMP JUMPDEST PUSH1 0x40 MLOAD DUP1 DUP3 ISZERO ISZERO ISZERO ISZERO DUP2 MSTORE PUSH1 0x20 ADD SWAP2 POP POP PUSH1 0x40 MLOAD DUP1 SWAP2 SUB SWAP1 RETURN JUMPDEST CALLVALUE ISZERO PUSH2 0x6DD JUMPI PUSH1 0x0 DUP1 REVERT JUMPDEST PUSH2 0x76A PUSH1 0x4 DUP1 DUP1 CALLDATALOAD SWAP1 PUSH1 0x20 ADD SWAP1 DUP3 ADD DUP1 CALLDATALOAD SWAP1 PUSH1 0x20 ADD SWAP1 DUP1 DUP1 PUSH1 0x20 MUL PUSH1 0x20 ADD PUSH1 0x40 MLOAD SWAP1 DUP2 ADD PUSH1 0x40 MSTORE DUP1 SWAP4 SWAP3 SWAP2 SWAP1 DUP2 DUP2 MSTORE PUSH1 0x20 ADD DUP4 DUP4 PUSH1 0x20 MUL DUP1 DUP3 DUP5 CALLDATACOPY DUP3 ADD SWAP2 POP POP POP POP POP POP SWAP2 SWAP1 DUP1 CALLDATALOAD SWAP1 PUSH1 0x20 ADD SWAP1 DUP3 ADD DUP1 CALLDATALOAD SWAP1 PUSH1 0x20 ADD SWAP1 DUP1 DUP1 PUSH1 0x20 MUL PUSH1 0x20 ADD PUSH1 0x40 MLOAD SWAP1 DUP2 ADD PUSH1 0x40 MSTORE DUP1 SWAP4 SWAP3 SWAP2 SWAP1 DUP2 DUP2 MSTORE PUSH1 0x20 ADD DUP4 DUP4 PUSH1 0x20 MUL DUP1 DUP3 DUP5 CALLDATACOPY DUP3 ADD SWAP2 POP POP POP POP POP POP SWAP2 SWAP1 POP POP PUSH2 0x144E JUMP JUMPDEST PUSH1 0x40 MLOAD DUP1 DUP3 ISZERO ISZERO ISZERO ISZERO DUP2 MSTORE PUSH1 0x20 ADD SWAP2 POP POP PUSH1 0x40 MLOAD DUP1 SWAP2 SUB SWAP1 RETURN JUMPDEST CALLVALUE ISZERO PUSH2 0x78F JUMPI PUSH1 0x0 DUP1 REVERT JUMPDEST PUSH2 0x81C PUSH1 0x4 DUP1 DUP1 CALLDATALOAD SWAP1 PUSH1 0x20 ADD SWAP1 DUP3 ADD DUP1 CALLDATALOAD SWAP1 PUSH1 0x20 ADD SWAP1 DUP1 DUP1 PUSH1 0x20 MUL PUSH1 0x20 ADD PUSH1 0x40 MLOAD SWAP1 DUP2 ADD PUSH1 0x40 MSTORE DUP1 SWAP4 SWAP3 SWAP2 SWAP1 DUP2 DUP2 MSTORE PUSH1 0x20 ADD DUP4 DUP4 PUSH1 0x20 MUL DUP1 DUP3 DUP5 CALLDATACOPY DUP3 ADD SWAP2 POP POP POP POP POP POP SWAP2 SWAP1 DUP1 CALLDATALOAD SWAP1 PUSH1 0x20 ADD SWAP1 DUP3 ADD DUP1 CALLDATALOAD SWAP1 PUSH1 0x20 ADD SWAP1 DUP1 DUP1 PUSH1 0x20 MUL PUSH1 0x20 ADD PUSH1 0x40 MLOAD SWAP1 DUP2 ADD PUSH1 0x40 MSTORE DUP1 SWAP4 SWAP3 SWAP2 SWAP1 DUP2 DUP2 MSTORE PUSH1 0x20 ADD DUP4 DUP4 PUSH1 0x20 MUL DUP1 DUP3 DUP5 CALLDATACOPY DUP3 ADD SWAP2 POP POP POP POP POP POP SWAP2 SWAP1 POP POP PUSH2 0x1526 JUMP JUMPDEST PUSH1 0x40 MLOAD DUP1 DUP3 ISZERO ISZERO ISZERO ISZERO DUP2 MSTORE PUSH1 0x20 ADD SWAP2 POP POP PUSH1 0x40 MLOAD DUP1 SWAP2 SUB SWAP1 RETURN JUMPDEST CALLVALUE ISZERO PUSH2 0x841 JUMPI PUSH1 0x0 DUP1 REVERT JUMPDEST PUSH2 0x88C PUSH1 0x4 DUP1 DUP1 CALLDATALOAD PUSH20 0xFFFFFFFFFFFFFFFFFFFFFFFFFFFFFFFFFFFFFFFF AND SWAP1 PUSH1 0x20 ADD SWAP1 SWAP2 SWAP1 DUP1 CALLDATALOAD PUSH20 0xFFFFFFFFFFFFFFFFFFFFFFFFFFFFFFFFFFFFFFFF AND SWAP1 PUSH1 0x20 ADD SWAP1 SWAP2 SWAP1 POP POP PUSH2 0x15FE JUMP JUMPDEST PUSH1 0x40 MLOAD DUP1 DUP3 DUP2 MSTORE PUSH1 0x20 ADD SWAP2 POP POP PUSH1 0x40 MLOAD DUP1 SWAP2 SUB SWAP1 RETURN JUMPDEST CALLVALUE ISZERO PUSH2 0x8AD JUMPI PUSH1 0x0 DUP1 REVERT JUMPDEST PUSH2 0x904 PUSH1 0x4 DUP1 DUP1 CALLDATALOAD PUSH20 0xFFFFFFFFFFFFFFFFFFFFFFFFFFFFFFFFFFFFFFFF AND SWAP1 PUSH1 0x20 ADD SWAP1 SWAP2 SWAP1 DUP1 CALLDATALOAD PUSH31 0xFFFFFFFFFFFFFFFFFFFFFFFFFFFFFFFFFFFFFFFFFFFFFFFFFFFFFFFFFFFFFF NOT AND SWAP1 PUSH1 0x20 ADD SWAP1 SWAP2 SWAP1 POP POP PUSH2 0x1623 JUMP JUMPDEST PUSH1 0x40 MLOAD DUP1 DUP3 ISZERO ISZERO ISZERO ISZERO DUP2 MSTORE PUSH1 0x20 ADD SWAP2 POP POP PUSH1 0x40 MLOAD DUP1 SWAP2 SUB SWAP1 RETURN JUMPDEST CALLVALUE ISZERO PUSH2 0x929 JUMPI PUSH1 0x0 DUP1 REVERT JUMPDEST PUSH2 0x955 PUSH1 0x4 DUP1 DUP1 CALLDATALOAD PUSH20 0xFFFFFFFFFFFFFFFFFFFFFFFFFFFFFFFFFFFFFFFF AND SWAP1 PUSH1 0x20 ADD SWAP1 SWAP2 SWAP1 POP POP PUSH2 0x1808 JUMP JUMPDEST STOP JUMPDEST PUSH1 0x3 DUP1 SLOAD PUSH1 0x1 DUP2 PUSH1 0x1 AND ISZERO PUSH2 0x100 MUL SUB AND PUSH1 0x2 SWAP1 DIV DUP1 PUSH1 0x1F ADD PUSH1 0x20 DUP1 SWAP2 DIV MUL PUSH1 0x20 ADD PUSH1 0x40 MLOAD SWAP1 DUP2 ADD PUSH1 0x40 MSTORE DUP1 SWAP3 SWAP2 SWAP1 DUP2 DUP2 MSTORE PUSH1 0x20 ADD DUP3 DUP1 SLOAD PUSH1 0x1 DUP2 PUSH1 0x1 AND ISZERO PUSH2 0x100 MUL SUB AND PUSH1 0x2 SWAP1 DIV DUP1 ISZERO PUSH2 0x9ED JUMPI DUP1 PUSH1 0x1F LT PUSH2 0x9C2 JUMPI PUSH2 0x100 DUP1 DUP4 SLOAD DIV MUL DUP4 MSTORE SWAP2 PUSH1 0x20 ADD SWAP2 PUSH2 0x9ED JUMP JUMPDEST DUP3 ADD SWAP2 SWAP1 PUSH1 0x0 MSTORE PUSH1 0x20 PUSH1 0x0 KECCAK256 SWAP1 JUMPDEST DUP2 SLOAD DUP2 MSTORE SWAP1 PUSH1 0x1 ADD SWAP1 PUSH1 0x20 ADD DUP1 DUP4 GT PUSH2 0x9D0 JUMPI DUP3 SWAP1 SUB PUSH1 0x1F AND DUP3 ADD SWAP2 JUMPDEST POP POP POP POP POP DUP2 JUMP JUMPDEST PUSH1 0x8 SLOAD DUP2 JUMP JUMPDEST PUSH1 0x0 DUP2 PUSH1 0x1 PUSH1 0x0 CALLER PUSH20 0xFFFFFFFFFFFFFFFFFFFFFFFFFFFFFFFFFFFFFFFF AND PUSH20 0xFFFFFFFFFFFFFFFFFFFFFFFFFFFFFFFFFFFFFFFF AND DUP2 MSTORE PUSH1 0x20 ADD SWAP1 DUP2 MSTORE PUSH1 0x20 ADD PUSH1 0x0 KECCAK256 PUSH1 0x0 DUP6 PUSH20 0xFFFFFFFFFFFFFFFFFFFFFFFFFFFFFFFFFFFFFFFF AND PUSH20 0xFFFFFFFFFFFFFFFFFFFFFFFFFFFFFFFFFFFFFFFF AND DUP2 MSTORE PUSH1 0x20 ADD SWAP1 DUP2 MSTORE PUSH1 0x20 ADD PUSH1 0x0 KECCAK256 DUP2 SWAP1 SSTORE POP PUSH1 0x1 SWAP1 POP SWAP3 SWAP2 POP POP JUMP JUMPDEST PUSH1 0x6 SLOAD DUP2 JUMP JUMPDEST PUSH1 0x0 PUSH1 0x2 PUSH1 0x0 SWAP1 SLOAD SWAP1 PUSH2 0x100 EXP SWAP1 DIV PUSH20 0xFFFFFFFFFFFFFFFFFFFFFFFFFFFFFFFFFFFFFFFF AND PUSH20 0xFFFFFFFFFFFFFFFFFFFFFFFFFFFFFFFFFFFFFFFF AND CALLER PUSH20 0xFFFFFFFFFFFFFFFFFFFFFFFFFFFFFFFFFFFFFFFF AND EQ ISZERO ISZERO PUSH2 0xAEC JUMPI PUSH1 0x0 DUP1 REVERT JUMPDEST PUSH1 0x0 ISZERO ISZERO PUSH1 0x9 PUSH1 0x0 DUP6 PUSH20 0xFFFFFFFFFFFFFFFFFFFFFFFFFFFFFFFFFFFFFFFF AND PUSH20 0xFFFFFFFFFFFFFFFFFFFFFFFFFFFFFFFFFFFFFFFF AND DUP2 MSTORE PUSH1 0x20 ADD SWAP1 DUP2 MSTORE PUSH1 0x20 ADD PUSH1 0x0 KECCAK256 PUSH1 0x0 SWAP1 SLOAD SWAP1 PUSH2 0x100 EXP SWAP1 DIV PUSH1 0xFF AND ISZERO ISZERO EQ ISZERO ISZERO PUSH2 0xB4B JUMPI PUSH1 0x0 DUP1 REVERT JUMPDEST PUSH2 0xB78 DUP4 PUSH1 0x2 PUSH1 0x0 SWAP1 SLOAD SWAP1 PUSH2 0x100 EXP SWAP1 DIV PUSH20 0xFFFFFFFFFFFFFFFFFFFFFFFFFFFFFFFFFFFFFFFF AND DUP5 PUSH2 0x18A8 JUMP JUMPDEST PUSH1 0x1 SWAP1 POP SWAP3 SWAP2 POP POP JUMP JUMPDEST PUSH1 0x0 PUSH1 0x1 PUSH1 0x0 DUP6 PUSH20 0xFFFFFFFFFFFFFFFFFFFFFFFFFFFFFFFFFFFFFFFF AND PUSH20 0xFFFFFFFFFFFFFFFFFFFFFFFFFFFFFFFFFFFFFFFF AND DUP2 MSTORE PUSH1 0x20 ADD SWAP1 DUP2 MSTORE PUSH1 0x20 ADD PUSH1 0x0 KECCAK256 PUSH1 0x0 CALLER PUSH20 0xFFFFFFFFFFFFFFFFFFFFFFFFFFFFFFFFFFFFFFFF AND PUSH20 0xFFFFFFFFFFFFFFFFFFFFFFFFFFFFFFFFFFFFFFFF AND DUP2 MSTORE PUSH1 0x20 ADD SWAP1 DUP2 MSTORE PUSH1 0x20 ADD PUSH1 0x0 KECCAK256 SLOAD DUP3 GT ISZERO ISZERO ISZERO PUSH2 0xC0F JUMPI PUSH1 0x0 DUP1 REVERT JUMPDEST DUP2 PUSH1 0x1 PUSH1 0x0 DUP7 PUSH20 0xFFFFFFFFFFFFFFFFFFFFFFFFFFFFFFFFFFFFFFFF AND PUSH20 0xFFFFFFFFFFFFFFFFFFFFFFFFFFFFFFFFFFFFFFFF AND DUP2 MSTORE PUSH1 0x20 ADD SWAP1 DUP2 MSTORE PUSH1 0x20 ADD PUSH1 0x0 KECCAK256 PUSH1 0x0 CALLER PUSH20 0xFFFFFFFFFFFFFFFFFFFFFFFFFFFFFFFFFFFFFFFF AND PUSH20 0xFFFFFFFFFFFFFFFFFFFFFFFFFFFFFFFFFFFFFFFF AND DUP2 MSTORE PUSH1 0x20 ADD SWAP1 DUP2 MSTORE PUSH1 0x20 ADD PUSH1 0x0 KECCAK256 PUSH1 0x0 DUP3 DUP3 SLOAD SUB SWAP3 POP POP DUP2 SWAP1 SSTORE POP PUSH2 0xCA4 DUP5 DUP5 DUP5 PUSH2 0x18A8 JUMP JUMPDEST PUSH1 0x1 SWAP1 POP SWAP4 SWAP3 POP POP POP JUMP JUMPDEST PUSH1 0x0 DUP1 PUSH1 0x2 PUSH1 0x0 SWAP1 SLOAD SWAP1 PUSH2 0x100 EXP SWAP1 DIV PUSH20 0xFFFFFFFFFFFFFFFFFFFFFFFFFFFFFFFFFFFFFFFF AND PUSH20 0xFFFFFFFFFFFFFFFFFFFFFFFFFFFFFFFFFFFFFFFF AND CALLER PUSH20 0xFFFFFFFFFFFFFFFFFFFFFFFFFFFFFFFFFFFFFFFF AND EQ ISZERO ISZERO PUSH2 0xD0E JUMPI PUSH1 0x0 DUP1 REVERT JUMPDEST DUP3 MLOAD DUP5 MLOAD EQ ISZERO ISZERO PUSH2 0xD1E JUMPI PUSH1 0x0 DUP1 REVERT JUMPDEST PUSH1 0x0 SWAP1 POP JUMPDEST DUP4 MLOAD DUP2 PUSH2 0xFFFF AND LT ISZERO PUSH2 0xD7C JUMPI PUSH2 0xD70 DUP5 DUP3 PUSH2 0xFFFF AND DUP2 MLOAD DUP2 LT ISZERO ISZERO PUSH2 0xD45 JUMPI INVALID JUMPDEST SWAP1 PUSH1 0x20 ADD SWAP1 PUSH1 0x20 MUL ADD MLOAD DUP5 DUP4 PUSH2 0xFFFF AND DUP2 MLOAD DUP2 LT ISZERO ISZERO PUSH2 0xD61 JUMPI INVALID JUMPDEST SWAP1 PUSH1 0x20 ADD SWAP1 PUSH1 0x20 MUL ADD MLOAD PUSH2 0xA8E JUMP JUMPDEST POP DUP1 PUSH1 0x1 ADD SWAP1 POP PUSH2 0xD23 JUMP JUMPDEST PUSH1 0x1 SWAP2 POP POP SWAP3 SWAP2 POP POP JUMP JUMPDEST PUSH1 0x5 PUSH1 0x0 SWAP1 SLOAD SWAP1 PUSH2 0x100 EXP SWAP1 DIV PUSH1 0xFF AND DUP2 JUMP JUMPDEST PUSH1 0x0 PUSH1 0x2 PUSH1 0x0 SWAP1 SLOAD SWAP1 PUSH2 0x100 EXP SWAP1 DIV PUSH20 0xFFFFFFFFFFFFFFFFFFFFFFFFFFFFFFFFFFFFFFFF AND PUSH20 0xFFFFFFFFFFFFFFFFFFFFFFFFFFFFFFFFFFFFFFFF AND CALLER PUSH20 0xFFFFFFFFFFFFFFFFFFFFFFFFFFFFFFFFFFFFFFFF AND EQ ISZERO ISZERO PUSH2 0xDF8 JUMPI PUSH1 0x0 DUP1 REVERT JUMPDEST DUP2 PUSH1 0x0 DUP1 CALLER PUSH20 0xFFFFFFFFFFFFFFFFFFFFFFFFFFFFFFFFFFFFFFFF AND PUSH20 0xFFFFFFFFFFFFFFFFFFFFFFFFFFFFFFFFFFFFFFFF AND DUP2 MSTORE PUSH1 0x20 ADD SWAP1 DUP2 MSTORE PUSH1 0x20 ADD PUSH1 0x0 KECCAK256 SLOAD LT ISZERO ISZERO ISZERO PUSH2 0xE45 JUMPI PUSH1 0x0 DUP1 REVERT JUMPDEST DUP2 PUSH1 0x0 DUP1 CALLER PUSH20 0xFFFFFFFFFFFFFFFFFFFFFFFFFFFFFFFFFFFFFFFF AND PUSH20 0xFFFFFFFFFFFFFFFFFFFFFFFFFFFFFFFFFFFFFFFF AND DUP2 MSTORE PUSH1 0x20 ADD SWAP1 DUP2 MSTORE PUSH1 0x20 ADD PUSH1 0x0 KECCAK256 PUSH1 0x0 DUP3 DUP3 SLOAD SUB SWAP3 POP POP DUP2 SWAP1 SSTORE POP DUP2 PUSH1 0x6 PUSH1 0x0 DUP3 DUP3 SLOAD SUB SWAP3 POP POP DUP2 SWAP1 SSTORE POP PUSH32 0xB90306AD06B2A6FF86DDC9327DB583062895EF6540E62DC50ADD009DB5B356EB DUP3 PUSH1 0x40 MLOAD DUP1 DUP3 DUP2 MSTORE PUSH1 0x20 ADD SWAP2 POP POP PUSH1 0x40 MLOAD DUP1 SWAP2 SUB SWAP1 LOG1 PUSH1 0x1 SWAP1 POP SWAP2 SWAP1 POP JUMP JUMPDEST PUSH1 0x9 PUSH1 0x20 MSTORE DUP1 PUSH1 0x0 MSTORE PUSH1 0x40 PUSH1 0x0 KECCAK256 PUSH1 0x0 SWAP2 POP SLOAD SWAP1 PUSH2 0x100 EXP SWAP1 DIV PUSH1 0xFF AND DUP2 JUMP JUMPDEST PUSH1 0x0 DUP1 PUSH2 0xF0C PUSH2 0x1BED JUMP JUMPDEST PUSH1 0x0 DUP1 PUSH1 0x2 PUSH1 0x0 SWAP1 SLOAD SWAP1 PUSH2 0x100 EXP SWAP1 DIV PUSH20 0xFFFFFFFFFFFFFFFFFFFFFFFFFFFFFFFFFFFFFFFF AND PUSH20 0xFFFFFFFFFFFFFFFFFFFFFFFFFFFFFFFFFFFFFFFF AND CALLER PUSH20 0xFFFFFFFFFFFFFFFFFFFFFFFFFFFFFFFFFFFFFFFF AND EQ ISZERO ISZERO PUSH2 0xF6B JUMPI PUSH1 0x0 DUP1 REVERT JUMPDEST PUSH1 0x7 SLOAD DUP7 GT ISZERO ISZERO ISZERO PUSH2 0xF7C JUMPI PUSH1 0x0 DUP1 REVERT JUMPDEST PUSH1 0x0 SWAP4 POP DUP6 PUSH1 0x40 MLOAD DUP1 MSIZE LT PUSH2 0xF8E JUMPI POP MSIZE JUMPDEST SWAP1 DUP1 DUP3 MSTORE DUP1 PUSH1 0x1F ADD PUSH1 0x1F NOT AND PUSH1 0x20 ADD DUP3 ADD PUSH1 0x40 MSTORE POP SWAP3 POP PUSH1 0x0 SWAP2 POP JUMPDEST DUP6 DUP3 LT ISZERO PUSH2 0x11AC JUMPI DUP2 PUSH1 0x8 SLOAD ADD SWAP1 POP PUSH1 0x0 PUSH2 0x2710 DUP3 DUP2 ISZERO ISZERO PUSH2 0xFC8 JUMPI INVALID JUMPDEST MOD EQ ISZERO PUSH2 0x103A JUMPI PUSH2 0x2710 DUP5 ADD SWAP4 POP PUSH32 0x4400000000000000000000000000000000000000000000000000000000000000 DUP4 DUP4 DUP2 MLOAD DUP2 LT ISZERO ISZERO PUSH2 0x1005 JUMPI INVALID JUMPDEST SWAP1 PUSH1 0x20 ADD ADD SWAP1 PUSH31 0xFFFFFFFFFFFFFFFFFFFFFFFFFFFFFFFFFFFFFFFFFFFFFFFFFFFFFFFFFFFFFF NOT AND SWAP1 DUP2 PUSH1 0x0 BYTE SWAP1 MSTORE8 POP PUSH2 0x11A1 JUMP JUMPDEST PUSH1 0x0 PUSH2 0x3E8 DUP3 DUP2 ISZERO ISZERO PUSH2 0x1049 JUMPI INVALID JUMPDEST MOD EQ ISZERO PUSH2 0x10BA JUMPI PUSH1 0x64 DUP5 ADD SWAP4 POP PUSH32 0x4700000000000000000000000000000000000000000000000000000000000000 DUP4 DUP4 DUP2 MLOAD DUP2 LT ISZERO ISZERO PUSH2 0x1085 JUMPI INVALID JUMPDEST SWAP1 PUSH1 0x20 ADD ADD SWAP1 PUSH31 0xFFFFFFFFFFFFFFFFFFFFFFFFFFFFFFFFFFFFFFFFFFFFFFFFFFFFFFFFFFFFFF NOT AND SWAP1 DUP2 PUSH1 0x0 BYTE SWAP1 MSTORE8 POP PUSH2 0x11A0 JUMP JUMPDEST PUSH1 0x0 PUSH1 0xA DUP3 DUP2 ISZERO ISZERO PUSH2 0x10C8 JUMPI INVALID JUMPDEST MOD EQ ISZERO PUSH2 0x1139 JUMPI PUSH1 0xA DUP5 ADD SWAP4 POP PUSH32 0x5300000000000000000000000000000000000000000000000000000000000000 DUP4 DUP4 DUP2 MLOAD DUP2 LT ISZERO ISZERO PUSH2 0x1104 JUMPI INVALID JUMPDEST SWAP1 PUSH1 0x20 ADD ADD SWAP1 PUSH31 0xFFFFFFFFFFFFFFFFFFFFFFFFFFFFFFFFFFFFFFFFFFFFFFFFFFFFFFFFFFFFFF NOT AND SWAP1 DUP2 PUSH1 0x0 BYTE SWAP1 MSTORE8 POP PUSH2 0x119F JUMP JUMPDEST PUSH1 0x1 DUP5 ADD SWAP4 POP PUSH32 0x4200000000000000000000000000000000000000000000000000000000000000 DUP4 DUP4 DUP2 MLOAD DUP2 LT ISZERO ISZERO PUSH2 0x116E JUMPI INVALID JUMPDEST SWAP1 PUSH1 0x20 ADD ADD SWAP1 PUSH31 0xFFFFFFFFFFFFFFFFFFFFFFFFFFFFFFFFFFFFFFFFFFFFFFFFFFFFFFFFFFFFFF NOT AND SWAP1 DUP2 PUSH1 0x0 BYTE SWAP1 MSTORE8 POP JUMPDEST JUMPDEST JUMPDEST DUP2 PUSH1 0x1 ADD SWAP2 POP PUSH2 0xFAA JUMP JUMPDEST DUP6 PUSH1 0x7 PUSH1 0x0 DUP3 DUP3 SLOAD SUB SWAP3 POP POP DUP2 SWAP1 SSTORE POP DUP6 PUSH1 0x8 PUSH1 0x0 DUP3 DUP3 SLOAD ADD SWAP3 POP POP DUP2 SWAP1 SSTORE POP PUSH1 0x5 PUSH1 0x0 SWAP1 SLOAD SWAP1 PUSH2 0x100 EXP SWAP1 DIV PUSH1 0xFF AND PUSH1 0xFF AND PUSH1 0xA EXP DUP5 MUL SWAP4 POP DUP4 PUSH1 0x6 PUSH1 0x0 DUP3 DUP3 SLOAD ADD SWAP3 POP POP DUP2 SWAP1 SSTORE POP DUP4 PUSH1 0x0 DUP1 ADDRESS PUSH20 0xFFFFFFFFFFFFFFFFFFFFFFFFFFFFFFFFFFFFFFFF AND PUSH20 0xFFFFFFFFFFFFFFFFFFFFFFFFFFFFFFFFFFFFFFFF AND DUP2 MSTORE PUSH1 0x20 ADD SWAP1 DUP2 MSTORE PUSH1 0x20 ADD PUSH1 0x0 KECCAK256 PUSH1 0x0 DUP3 DUP3 SLOAD ADD SWAP3 POP POP DUP2 SWAP1 SSTORE POP PUSH32 0x8BCA459C4659C5EEC70FECB2D13D3EBF57813A4AB8FB83C241EE39C6A1562DEC DUP5 DUP5 PUSH1 0x40 MLOAD DUP1 DUP4 DUP2 MSTORE PUSH1 0x20 ADD DUP1 PUSH1 0x20 ADD DUP3 DUP2 SUB DUP3 MSTORE DUP4 DUP2 DUP2 MLOAD DUP2 MSTORE PUSH1 0x20 ADD SWAP2 POP DUP1 MLOAD SWAP1 PUSH1 0x20 ADD SWAP1 DUP1 DUP4 DUP4 PUSH1 0x0 JUMPDEST DUP4 DUP2 LT ISZERO PUSH2 0x12AB JUMPI DUP1 DUP3 ADD MLOAD DUP2 DUP5 ADD MSTORE PUSH1 0x20 DUP2 ADD SWAP1 POP PUSH2 0x1290 JUMP JUMPDEST POP POP POP POP SWAP1 POP SWAP1 DUP2 ADD SWAP1 PUSH1 0x1F AND DUP1 ISZERO PUSH2 0x12D8 JUMPI DUP1 DUP3 SUB DUP1 MLOAD PUSH1 0x1 DUP4 PUSH1 0x20 SUB PUSH2 0x100 EXP SUB NOT AND DUP2 MSTORE PUSH1 0x20 ADD SWAP2 POP JUMPDEST POP SWAP4 POP POP POP POP PUSH1 0x40 MLOAD DUP1 SWAP2 SUB SWAP1 LOG1 PUSH1 0x1 SWAP5 POP POP POP POP POP SWAP2 SWAP1 POP JUMP JUMPDEST PUSH1 0x7 SLOAD DUP2 JUMP JUMPDEST PUSH1 0x0 PUSH1 0x20 MSTORE DUP1 PUSH1 0x0 MSTORE PUSH1 0x40 PUSH1 0x0 KECCAK256 PUSH1 0x0 SWAP2 POP SWAP1 POP SLOAD DUP2 JUMP JUMPDEST PUSH1 0x2 PUSH1 0x0 SWAP1 SLOAD SWAP1 PUSH2 0x100 EXP SWAP1 DIV PUSH20 0xFFFFFFFFFFFFFFFFFFFFFFFFFFFFFFFFFFFFFFFF AND DUP2 JUMP JUMPDEST PUSH1 0x4 DUP1 SLOAD PUSH1 0x1 DUP2 PUSH1 0x1 AND ISZERO PUSH2 0x100 MUL SUB AND PUSH1 0x2 SWAP1 DIV DUP1 PUSH1 0x1F ADD PUSH1 0x20 DUP1 SWAP2 DIV MUL PUSH1 0x20 ADD PUSH1 0x40 MLOAD SWAP1 DUP2 ADD PUSH1 0x40 MSTORE DUP1 SWAP3 SWAP2 SWAP1 DUP2 DUP2 MSTORE PUSH1 0x20 ADD DUP3 DUP1 SLOAD PUSH1 0x1 DUP2 PUSH1 0x1 AND ISZERO PUSH2 0x100 MUL SUB AND PUSH1 0x2 SWAP1 DIV DUP1 ISZERO PUSH2 0x13CD JUMPI DUP1 PUSH1 0x1F LT PUSH2 0x13A2 JUMPI PUSH2 0x100 DUP1 DUP4 SLOAD DIV MUL DUP4 MSTORE SWAP2 PUSH1 0x20 ADD SWAP2 PUSH2 0x13CD JUMP JUMPDEST DUP3 ADD SWAP2 SWAP1 PUSH1 0x0 MSTORE PUSH1 0x20 PUSH1 0x0 KECCAK256 SWAP1 JUMPDEST DUP2 SLOAD DUP2 MSTORE SWAP1 PUSH1 0x1 ADD SWAP1 PUSH1 0x20 ADD DUP1 DUP4 GT PUSH2 0x13B0 JUMPI DUP3 SWAP1 SUB PUSH1 0x1F AND DUP3 ADD SWAP2 JUMPDEST POP POP POP POP POP DUP2 JUMP JUMPDEST PUSH1 0x0 DUP2 PUSH1 0x9 PUSH1 0x0 CALLER PUSH20 0xFFFFFFFFFFFFFFFFFFFFFFFFFFFFFFFFFFFFFFFF AND PUSH20 0xFFFFFFFFFFFFFFFFFFFFFFFFFFFFFFFFFFFFFFFF AND DUP2 MSTORE PUSH1 0x20 ADD SWAP1 DUP2 MSTORE PUSH1 0x20 ADD PUSH1 0x0 KECCAK256 PUSH1 0x0 PUSH2 0x100 EXP DUP2 SLOAD DUP2 PUSH1 0xFF MUL NOT AND SWAP1 DUP4 ISZERO ISZERO MUL OR SWAP1 SSTORE POP PUSH1 0x1 SWAP1 POP SWAP2 SWAP1 POP JUMP JUMPDEST PUSH1 0x0 PUSH2 0x1444 CALLER DUP5 DUP5 PUSH2 0x18A8 JUMP JUMPDEST PUSH1 0x1 SWAP1 POP SWAP3 SWAP2 POP POP JUMP JUMPDEST PUSH1 0x0 DUP1 PUSH1 0x2 PUSH1 0x0 SWAP1 SLOAD SWAP1 PUSH2 0x100 EXP SWAP1 DIV PUSH20 0xFFFFFFFFFFFFFFFFFFFFFFFFFFFFFFFFFFFFFFFF AND PUSH20 0xFFFFFFFFFFFFFFFFFFFFFFFFFFFFFFFFFFFFFFFF AND CALLER PUSH20 0xFFFFFFFFFFFFFFFFFFFFFFFFFFFFFFFFFFFFFFFF AND EQ ISZERO ISZERO PUSH2 0x14AD JUMPI PUSH1 0x0 DUP1 REVERT JUMPDEST DUP3 MLOAD DUP5 MLOAD EQ ISZERO ISZERO PUSH2 0x14BD JUMPI PUSH1 0x0 DUP1 REVERT JUMPDEST PUSH1 0x0 SWAP1 POP JUMPDEST DUP4 MLOAD DUP2 PUSH2 0xFFFF AND LT ISZERO PUSH2 0x151B JUMPI PUSH2 0x150F DUP5 DUP3 PUSH2 0xFFFF AND DUP2 MLOAD DUP2 LT ISZERO ISZERO PUSH2 0x14E4 JUMPI INVALID JUMPDEST SWAP1 PUSH1 0x20 ADD SWAP1 PUSH1 0x20 MUL ADD MLOAD DUP5 DUP4 PUSH2 0xFFFF AND DUP2 MLOAD DUP2 LT ISZERO ISZERO PUSH2 0x1500 JUMPI INVALID JUMPDEST SWAP1 PUSH1 0x20 ADD SWAP1 PUSH1 0x20 MUL ADD MLOAD PUSH2 0x1437 JUMP JUMPDEST POP DUP1 PUSH1 0x1 ADD SWAP1 POP PUSH2 0x14C2 JUMP JUMPDEST PUSH1 0x1 SWAP2 POP POP SWAP3 SWAP2 POP POP JUMP JUMPDEST PUSH1 0x0 DUP1 PUSH1 0x2 PUSH1 0x0 SWAP1 SLOAD SWAP1 PUSH2 0x100 EXP SWAP1 DIV PUSH20 0xFFFFFFFFFFFFFFFFFFFFFFFFFFFFFFFFFFFFFFFF AND PUSH20 0xFFFFFFFFFFFFFFFFFFFFFFFFFFFFFFFFFFFFFFFF AND CALLER PUSH20 0xFFFFFFFFFFFFFFFFFFFFFFFFFFFFFFFFFFFFFFFF AND EQ ISZERO ISZERO PUSH2 0x1585 JUMPI PUSH1 0x0 DUP1 REVERT JUMPDEST DUP3 MLOAD DUP5 MLOAD EQ ISZERO ISZERO PUSH2 0x1595 JUMPI PUSH1 0x0 DUP1 REVERT JUMPDEST PUSH1 0x0 SWAP1 POP JUMPDEST DUP4 MLOAD DUP2 PUSH2 0xFFFF AND LT ISZERO PUSH2 0x15F3 JUMPI PUSH2 0x15E7 DUP5 DUP3 PUSH2 0xFFFF AND DUP2 MLOAD DUP2 LT ISZERO ISZERO PUSH2 0x15BC JUMPI INVALID JUMPDEST SWAP1 PUSH1 0x20 ADD SWAP1 PUSH1 0x20 MUL ADD MLOAD DUP5 DUP4 PUSH2 0xFFFF AND DUP2 MLOAD DUP2 LT ISZERO ISZERO PUSH2 0x15D8 JUMPI INVALID JUMPDEST SWAP1 PUSH1 0x20 ADD SWAP1 PUSH1 0x20 MUL ADD MLOAD PUSH2 0x1623 JUMP JUMPDEST POP DUP1 PUSH1 0x1 ADD SWAP1 POP PUSH2 0x159A JUMP JUMPDEST PUSH1 0x1 SWAP2 POP POP SWAP3 SWAP2 POP POP JUMP JUMPDEST PUSH1 0x1 PUSH1 0x20 MSTORE DUP2 PUSH1 0x0 MSTORE PUSH1 0x40 PUSH1 0x0 KECCAK256 PUSH1 0x20 MSTORE DUP1 PUSH1 0x0 MSTORE PUSH1 0x40 PUSH1 0x0 KECCAK256 PUSH1 0x0 SWAP2 POP SWAP2 POP POP SLOAD DUP2 JUMP JUMPDEST PUSH1 0x0 PUSH1 0x2 PUSH1 0x0 SWAP1 SLOAD SWAP1 PUSH2 0x100 EXP SWAP1 DIV PUSH20 0xFFFFFFFFFFFFFFFFFFFFFFFFFFFFFFFFFFFFFFFF AND PUSH20 0xFFFFFFFFFFFFFFFFFFFFFFFFFFFFFFFFFFFFFFFF AND CALLER PUSH20 0xFFFFFFFFFFFFFFFFFFFFFFFFFFFFFFFFFFFFFFFF AND EQ ISZERO ISZERO PUSH2 0x1681 JUMPI PUSH1 0x0 DUP1 REVERT JUMPDEST PUSH32 0x4400000000000000000000000000000000000000000000000000000000000000 DUP3 PUSH31 0xFFFFFFFFFFFFFFFFFFFFFFFFFFFFFFFFFFFFFFFFFFFFFFFFFFFFFFFFFFFFFF NOT AND EQ ISZERO PUSH2 0x16F4 JUMPI PUSH2 0x16EF ADDRESS DUP5 PUSH1 0x5 PUSH1 0x0 SWAP1 SLOAD SWAP1 PUSH2 0x100 EXP SWAP1 DIV PUSH1 0xFF AND PUSH1 0xFF AND PUSH1 0xA EXP PUSH2 0x2710 MUL PUSH2 0x18A8 JUMP JUMPDEST PUSH2 0x17FE JUMP JUMPDEST PUSH32 0x4700000000000000000000000000000000000000000000000000000000000000 DUP3 PUSH31 0xFFFFFFFFFFFFFFFFFFFFFFFFFFFFFFFFFFFFFFFFFFFFFFFFFFFFFFFFFFFFFF NOT AND EQ ISZERO PUSH2 0x1766 JUMPI PUSH2 0x1761 ADDRESS DUP5 PUSH1 0x5 PUSH1 0x0 SWAP1 SLOAD SWAP1 PUSH2 0x100 EXP SWAP1 DIV PUSH1 0xFF AND PUSH1 0xFF AND PUSH1 0xA EXP PUSH1 0x64 MUL PUSH2 0x18A8 JUMP JUMPDEST PUSH2 0x17FD JUMP JUMPDEST PUSH32 0x5300000000000000000000000000000000000000000000000000000000000000 DUP3 PUSH31 0xFFFFFFFFFFFFFFFFFFFFFFFFFFFFFFFFFFFFFFFFFFFFFFFFFFFFFFFFFFFFFF NOT AND EQ ISZERO PUSH2 0x17D8 JUMPI PUSH2 0x17D3 ADDRESS DUP5 PUSH1 0x5 PUSH1 0x0 SWAP1 SLOAD SWAP1 PUSH2 0x100 EXP SWAP1 DIV PUSH1 0xFF AND PUSH1 0xFF AND PUSH1 0xA EXP PUSH1 0xA MUL PUSH2 0x18A8 JUMP JUMPDEST PUSH2 0x17FC JUMP JUMPDEST PUSH2 0x17FB ADDRESS DUP5 PUSH1 0x5 PUSH1 0x0 SWAP1 SLOAD SWAP1 PUSH2 0x100 EXP SWAP1 DIV PUSH1 0xFF AND PUSH1 0xFF AND PUSH1 0xA EXP PUSH1 0x1 MUL PUSH2 0x18A8 JUMP JUMPDEST JUMPDEST JUMPDEST JUMPDEST PUSH1 0x1 SWAP1 POP SWAP3 SWAP2 POP POP JUMP JUMPDEST PUSH1 0x2 PUSH1 0x0 SWAP1 SLOAD SWAP1 PUSH2 0x100 EXP SWAP1 DIV PUSH20 0xFFFFFFFFFFFFFFFFFFFFFFFFFFFFFFFFFFFFFFFF AND PUSH20 0xFFFFFFFFFFFFFFFFFFFFFFFFFFFFFFFFFFFFFFFF AND CALLER PUSH20 0xFFFFFFFFFFFFFFFFFFFFFFFFFFFFFFFFFFFFFFFF AND EQ ISZERO ISZERO PUSH2 0x1864 JUMPI PUSH1 0x0 DUP1 REVERT JUMPDEST DUP1 PUSH1 0x2 PUSH1 0x0 PUSH2 0x100 EXP DUP2 SLOAD DUP2 PUSH20 0xFFFFFFFFFFFFFFFFFFFFFFFFFFFFFFFFFFFFFFFF MUL NOT AND SWAP1 DUP4 PUSH20 0xFFFFFFFFFFFFFFFFFFFFFFFFFFFFFFFFFFFFFFFF AND MUL OR SWAP1 SSTORE POP POP JUMP JUMPDEST PUSH1 0x0 DUP1 DUP4 PUSH20 0xFFFFFFFFFFFFFFFFFFFFFFFFFFFFFFFFFFFFFFFF AND EQ ISZERO DUP1 ISZERO PUSH2 0x18FC JUMPI POP ADDRESS PUSH20 0xFFFFFFFFFFFFFFFFFFFFFFFFFFFFFFFFFFFFFFFF AND DUP4 PUSH20 0xFFFFFFFFFFFFFFFFFFFFFFFFFFFFFFFFFFFFFFFF AND EQ ISZERO JUMPDEST ISZERO ISZERO PUSH2 0x1907 JUMPI PUSH1 0x0 DUP1 REVERT JUMPDEST DUP2 PUSH1 0x0 DUP1 DUP7 PUSH20 0xFFFFFFFFFFFFFFFFFFFFFFFFFFFFFFFFFFFFFFFF AND PUSH20 0xFFFFFFFFFFFFFFFFFFFFFFFFFFFFFFFFFFFFFFFF AND DUP2 MSTORE PUSH1 0x20 ADD SWAP1 DUP2 MSTORE PUSH1 0x20 ADD PUSH1 0x0 KECCAK256 SLOAD LT ISZERO ISZERO ISZERO PUSH2 0x1954 JUMPI PUSH1 0x0 DUP1 REVERT JUMPDEST PUSH1 0x0 DUP1 DUP5 PUSH20 0xFFFFFFFFFFFFFFFFFFFFFFFFFFFFFFFFFFFFFFFF AND PUSH20 0xFFFFFFFFFFFFFFFFFFFFFFFFFFFFFFFFFFFFFFFF AND DUP2 MSTORE PUSH1 0x20 ADD SWAP1 DUP2 MSTORE PUSH1 0x20 ADD PUSH1 0x0 KECCAK256 SLOAD DUP3 PUSH1 0x0 DUP1 DUP7 PUSH20 0xFFFFFFFFFFFFFFFFFFFFFFFFFFFFFFFFFFFFFFFF AND PUSH20 0xFFFFFFFFFFFFFFFFFFFFFFFFFFFFFFFFFFFFFFFF AND DUP2 MSTORE PUSH1 0x20 ADD SWAP1 DUP2 MSTORE PUSH1 0x20 ADD PUSH1 0x0 KECCAK256 SLOAD ADD GT ISZERO ISZERO PUSH2 0x19E0 JUMPI PUSH1 0x0 DUP1 REVERT JUMPDEST PUSH1 0x0 DUP1 DUP5 PUSH20 0xFFFFFFFFFFFFFFFFFFFFFFFFFFFFFFFFFFFFFFFF AND PUSH20 0xFFFFFFFFFFFFFFFFFFFFFFFFFFFFFFFFFFFFFFFF AND DUP2 MSTORE PUSH1 0x20 ADD SWAP1 DUP2 MSTORE PUSH1 0x20 ADD PUSH1 0x0 KECCAK256 SLOAD PUSH1 0x0 DUP1 DUP7 PUSH20 0xFFFFFFFFFFFFFFFFFFFFFFFFFFFFFFFFFFFFFFFF AND PUSH20 0xFFFFFFFFFFFFFFFFFFFFFFFFFFFFFFFFFFFFFFFF AND DUP2 MSTORE PUSH1 0x20 ADD SWAP1 DUP2 MSTORE PUSH1 0x20 ADD PUSH1 0x0 KECCAK256 SLOAD ADD SWAP1 POP DUP2 PUSH1 0x0 DUP1 DUP7 PUSH20 0xFFFFFFFFFFFFFFFFFFFFFFFFFFFFFFFFFFFFFFFF AND PUSH20 0xFFFFFFFFFFFFFFFFFFFFFFFFFFFFFFFFFFFFFFFF AND DUP2 MSTORE PUSH1 0x20 ADD SWAP1 DUP2 MSTORE PUSH1 0x20 ADD PUSH1 0x0 KECCAK256 PUSH1 0x0 DUP3 DUP3 SLOAD SUB SWAP3 POP POP DUP2 SWAP1 SSTORE POP DUP2 PUSH1 0x0 DUP1 DUP6 PUSH20 0xFFFFFFFFFFFFFFFFFFFFFFFFFFFFFFFFFFFFFFFF AND PUSH20 0xFFFFFFFFFFFFFFFFFFFFFFFFFFFFFFFFFFFFFFFF AND DUP2 MSTORE PUSH1 0x20 ADD SWAP1 DUP2 MSTORE PUSH1 0x20 ADD PUSH1 0x0 KECCAK256 PUSH1 0x0 DUP3 DUP3 SLOAD ADD SWAP3 POP POP DUP2 SWAP1 SSTORE POP DUP3 PUSH20 0xFFFFFFFFFFFFFFFFFFFFFFFFFFFFFFFFFFFFFFFF AND DUP5 PUSH20 0xFFFFFFFFFFFFFFFFFFFFFFFFFFFFFFFFFFFFFFFF AND PUSH32 0xDDF252AD1BE2C89B69C2B068FC378DAA952BA7F163C4A11628F55A4DF523B3EF DUP5 PUSH1 0x40 MLOAD DUP1 DUP3 DUP2 MSTORE PUSH1 0x20 ADD SWAP2 POP POP PUSH1 0x40 MLOAD DUP1 SWAP2 SUB SWAP1 LOG3 DUP1 PUSH1 0x0 DUP1 DUP6 PUSH20 0xFFFFFFFFFFFFFFFFFFFFFFFFFFFFFFFFFFFFFFFF AND PUSH20 0xFFFFFFFFFFFFFFFFFFFFFFFFFFFFFFFFFFFFFFFF AND DUP2 MSTORE PUSH1 0x20 ADD SWAP1 DUP2 MSTORE PUSH1 0x20 ADD PUSH1 0x0 KECCAK256 SLOAD PUSH1 0x0 DUP1 DUP8 PUSH20 0xFFFFFFFFFFFFFFFFFFFFFFFFFFFFFFFFFFFFFFFF AND PUSH20 0xFFFFFFFFFFFFFFFFFFFFFFFFFFFFFFFFFFFFFFFF AND DUP2 MSTORE PUSH1 0x20 ADD SWAP1 DUP2 MSTORE PUSH1 0x20 ADD PUSH1 0x0 KECCAK256 SLOAD ADD EQ ISZERO ISZERO PUSH2 0x1BE7 JUMPI INVALID JUMPDEST POP POP POP POP JUMP JUMPDEST PUSH1 0x20 PUSH1 0x40 MLOAD SWAP1 DUP2 ADD PUSH1 0x40 MSTORE DUP1 PUSH1 0x0 DUP2 MSTORE POP SWAP1 JUMP STOP LOG1 PUSH6 0x627A7A723058 KECCAK256 0x5c 0xbf 0xd5 0x27 0xe5 0xcd 0x2c 0xba 0xec PUSH16 0x977D7D231272A11A4B09A02A7F8FDED2 SWAP4 0xe1 0xe0 0xe 0xc SWAP13 STOP 0x29
1,PUSH1 0x60 PUSH1 0x40 MSTORE PUSH1 0x8 PUSH1 0x3 PUSH1 0x0 PUSH2 0x100 EXP DUP2 SLOAD DUP2 PUSH1 0xFF MUL NOT AND SWAP1 DUP4 PUSH1 0xFF AND MUL OR SWAP1 SSTORE POP PUSH4 0x5BBE684F PUSH1 0x9 SSTORE PUSH1 0x20 PUSH1 0x40 MLOAD SWAP1 DUP2 ADD PUSH1 0x40 MSTORE DUP1 PUSH1 0x11 PUSH1 0xFF AND DUP2 MSTORE POP PUSH1 0xB SWAP1 PUSH1 0x1 PUSH3 0x4E SWAP3 SWAP2 SWAP1 PUSH3 0x170 JUMP JUMPDEST POP CALLVALUE ISZERO PUSH3 0x5B JUMPI PUSH1 0x0 DUP1 REVERT JUMPDEST PUSH1 0x40 MLOAD PUSH3 0x1E85 CODESIZE SUB DUP1 PUSH3 0x1E85 DUP4 CODECOPY DUP2 ADD PUSH1 0x40 MSTORE DUP1 DUP1 MLOAD SWAP1 PUSH1 0x20 ADD SWAP1 SWAP2 SWAP1 DUP1 MLOAD DUP3 ADD SWAP2 SWAP1 PUSH1 0x20 ADD DUP1 MLOAD DUP3 ADD SWAP2 SWAP1 POP POP DUP3 DUP3 DUP3 CALLER PUSH1 0x0 DUP1 PUSH2 0x100 EXP DUP2 SLOAD DUP2 PUSH20 0xFFFFFFFFFFFFFFFFFFFFFFFFFFFFFFFFFFFFFFFF MUL NOT AND SWAP1 DUP4 PUSH20 0xFFFFFFFFFFFFFFFFFFFFFFFFFFFFFFFFFFFFFFFF AND MUL OR SWAP1 SSTORE POP PUSH1 0x3 PUSH1 0x0 SWAP1 SLOAD SWAP1 PUSH2 0x100 EXP SWAP1 DIV PUSH1 0xFF AND PUSH1 0xFF AND PUSH1 0xA EXP DUP4 MUL PUSH1 0x4 DUP2 SWAP1 SSTORE POP PUSH1 0x4 SLOAD PUSH1 0x5 PUSH1 0x0 CALLER PUSH20 0xFFFFFFFFFFFFFFFFFFFFFFFFFFFFFFFFFFFFFFFF AND PUSH20 0xFFFFFFFFFFFFFFFFFFFFFFFFFFFFFFFFFFFFFFFF AND DUP2 MSTORE PUSH1 0x20 ADD SWAP1 DUP2 MSTORE PUSH1 0x20 ADD PUSH1 0x0 KECCAK256 DUP2 SWAP1 SSTORE POP DUP2 PUSH1 0x1 SWAP1 DUP1 MLOAD SWAP1 PUSH1 0x20 ADD SWAP1 PUSH3 0x14A SWAP3 SWAP2 SWAP1 PUSH3 0x1C7 JUMP JUMPDEST POP DUP1 PUSH1 0x2 SWAP1 DUP1 MLOAD SWAP1 PUSH1 0x20 ADD SWAP1 PUSH3 0x163 SWAP3 SWAP2 SWAP1 PUSH3 0x1C7 JUMP JUMPDEST POP POP POP POP POP POP POP PUSH3 0x276 JUMP JUMPDEST DUP3 DUP1 SLOAD DUP3 DUP3 SSTORE SWAP1 PUSH1 0x0 MSTORE PUSH1 0x20 PUSH1 0x0 KECCAK256 SWAP1 DUP2 ADD SWAP3 DUP3 ISZERO PUSH3 0x1B4 JUMPI SWAP2 PUSH1 0x20 MUL DUP3 ADD JUMPDEST DUP3 DUP2 GT ISZERO PUSH3 0x1B3 JUMPI DUP3 MLOAD DUP3 SWAP1 PUSH1 0xFF AND SWAP1 SSTORE SWAP2 PUSH1 0x20 ADD SWAP2 SWAP1 PUSH1 0x1 ADD SWAP1 PUSH3 0x191 JUMP JUMPDEST JUMPDEST POP SWAP1 POP PUSH3 0x1C3 SWAP2 SWAP1 PUSH3 0x24E JUMP JUMPDEST POP SWAP1 JUMP JUMPDEST DUP3 DUP1 SLOAD PUSH1 0x1 DUP2 PUSH1 0x1 AND ISZERO PUSH2 0x100 MUL SUB AND PUSH1 0x2 SWAP1 DIV SWAP1 PUSH1 0x0 MSTORE PUSH1 0x20 PUSH1 0x0 KECCAK256 SWAP1 PUSH1 0x1F ADD PUSH1 0x20 SWAP1 DIV DUP2 ADD SWAP3 DUP3 PUSH1 0x1F LT PUSH3 0x20A JUMPI DUP1 MLOAD PUSH1 0xFF NOT AND DUP4 DUP1 ADD OR DUP6 SSTORE PUSH3 0x23B JUMP JUMPDEST DUP3 DUP1 ADD PUSH1 0x1 ADD DUP6 SSTORE DUP3 ISZERO PUSH3 0x23B JUMPI SWAP2 DUP3 ADD JUMPDEST DUP3 DUP2 GT ISZERO PUSH3 0x23A JUMPI DUP3 MLOAD DUP3 SSTORE SWAP2 PUSH1 0x20 ADD SWAP2 SWAP1 PUSH1 0x1 ADD SWAP1 PUSH3 0x21D JUMP JUMPDEST JUMPDEST POP SWAP1 POP PUSH3 0x24A SWAP2 SWAP1 PUSH3 0x24E JUMP JUMPDEST POP SWAP1 JUMP JUMPDEST PUSH3 0x273 SWAP2 SWAP1 JUMPDEST DUP1 DUP3 GT ISZERO PUSH3 0x26F JUMPI PUSH1 0x0 DUP2 PUSH1 0x0 SWAP1 SSTORE POP PUSH1 0x1 ADD PUSH3 0x255 JUMP JUMPDEST POP SWAP1 JUMP JUMPDEST SWAP1 JUMP JUMPDEST PUSH2 0x1BFF DUP1 PUSH3 0x286 PUSH1 0x0 CODECOPY PUSH1 0x0 RETURN STOP PUSH1 0x60 PUSH1 0x40 MSTORE PUSH1 0x4 CALLDATASIZE LT PUSH2 0x154 JUMPI PUSH1 0x0 CALLDATALOAD PUSH29 0x100000000000000000000000000000000000000000000000000000000 SWAP1 DIV PUSH4 0xFFFFFFFF AND DUP1 PUSH4 0x6FDDE03 EQ PUSH2 0x156 JUMPI DUP1 PUSH4 0x95EA7B3 EQ PUSH2 0x1E4 JUMPI DUP1 PUSH4 0x18160DDD EQ PUSH2 0x23E JUMPI DUP1 PUSH4 0x224A6AC3 EQ PUSH2 0x267 JUMPI DUP1 PUSH4 0x23B872DD EQ PUSH2 0x290 JUMPI DUP1 PUSH4 0x25575A04 EQ PUSH2 0x309 JUMPI DUP1 PUSH4 0x313CE567 EQ PUSH2 0x332 JUMPI DUP1 PUSH4 0x42966C68 EQ PUSH2 0x361 JUMPI DUP1 PUSH4 0x70A08231 EQ PUSH2 0x39C JUMPI DUP1 PUSH4 0x77BF96D4 EQ PUSH2 0x3E9 JUMPI DUP1 PUSH4 0x79CC6790 EQ PUSH2 0x3FE JUMPI DUP1 PUSH4 0x838EB17E EQ PUSH2 0x458 JUMPI DUP1 PUSH4 0x8DA5CB5B EQ PUSH2 0x484 JUMPI DUP1 PUSH4 0x91B7F5ED EQ PUSH2 0x4D9 JUMPI DUP1 PUSH4 0x95D89B41 EQ PUSH2 0x4FC JUMPI DUP1 PUSH4 0xA9059CBB EQ PUSH2 0x58A JUMPI DUP1 PUSH4 0xB414D4B6 EQ PUSH2 0x5CC JUMPI DUP1 PUSH4 0xC56EF049 EQ PUSH2 0x619 JUMPI DUP1 PUSH4 0xCAE9CA51 EQ PUSH2 0x63C JUMPI DUP1 PUSH4 0xDD62ED3E EQ PUSH2 0x6D9 JUMPI DUP1 PUSH4 0xE23000A0 EQ PUSH2 0x745 JUMPI DUP1 PUSH4 0xEC5DFB84 EQ PUSH2 0x76E JUMPI DUP1 PUSH4 0xF26C159F EQ PUSH2 0x797 JUMPI DUP1 PUSH4 0xF2FDE38B EQ PUSH2 0x7D0 JUMPI DUP1 PUSH4 0xF739A501 EQ PUSH2 0x809 JUMPI DUP1 PUSH4 0xFE2CA553 EQ PUSH2 0x85F JUMPI JUMPDEST STOP JUMPDEST CALLVALUE ISZERO PUSH2 0x161 JUMPI PUSH1 0x0 DUP1 REVERT JUMPDEST PUSH2 0x169 PUSH2 0x88B JUMP JUMPDEST PUSH1 0x40 MLOAD DUP1 DUP1 PUSH1 0x20 ADD DUP3 DUP2 SUB DUP3 MSTORE DUP4 DUP2 DUP2 MLOAD DUP2 MSTORE PUSH1 0x20 ADD SWAP2 POP DUP1 MLOAD SWAP1 PUSH1 0x20 ADD SWAP1 DUP1 DUP4 DUP4 PUSH1 0x0 JUMPDEST DUP4 DUP2 LT ISZERO PUSH2 0x1A9 JUMPI DUP1 DUP3 ADD MLOAD DUP2 DUP5 ADD MSTORE PUSH1 0x20 DUP2 ADD SWAP1 POP PUSH2 0x18E JUMP JUMPDEST POP POP POP POP SWAP1 POP SWAP1 DUP2 ADD SWAP1 PUSH1 0x1F AND DUP1 ISZERO PUSH2 0x1D6 JUMPI DUP1 DUP3 SUB DUP1 MLOAD PUSH1 0x1 DUP4 PUSH1 0x20 SUB PUSH2 0x100 EXP SUB NOT AND DUP2 MSTORE PUSH1 0x20 ADD SWAP2 POP JUMPDEST POP SWAP3 POP POP POP PUSH1 0x40 MLOAD DUP1 SWAP2 SUB SWAP1 RETURN JUMPDEST CALLVALUE ISZERO PUSH2 0x1EF JUMPI PUSH1 0x0 DUP1 REVERT JUMPDEST PUSH2 0x224 PUSH1 0x4 DUP1 DUP1 CALLDATALOAD PUSH20 0xFFFFFFFFFFFFFFFFFFFFFFFFFFFFFFFFFFFFFFFF AND SWAP1 PUSH1 0x20 ADD SWAP1 SWAP2 SWAP1 DUP1 CALLDATALOAD SWAP1 PUSH1 0x20 ADD SWAP1 SWAP2 SWAP1 POP POP PUSH2 0x929 JUMP JUMPDEST PUSH1 0x40 MLOAD DUP1 DUP3 ISZERO ISZERO ISZERO ISZERO DUP2 MSTORE PUSH1 0x20 ADD SWAP2 POP POP PUSH1 0x40 MLOAD DUP1 SWAP2 SUB SWAP1 RETURN JUMPDEST CALLVALUE ISZERO PUSH2 0x249 JUMPI PUSH1 0x0 DUP1 REVERT JUMPDEST PUSH2 0x251 PUSH2 0x9B6 JUMP JUMPDEST PUSH1 0x40 MLOAD DUP1 DUP3 DUP2 MSTORE PUSH1 0x20 ADD SWAP2 POP POP PUSH1 0x40 MLOAD DUP1 SWAP2 SUB SWAP1 RETURN JUMPDEST CALLVALUE ISZERO PUSH2 0x272 JUMPI PUSH1 0x0 DUP1 REVERT JUMPDEST PUSH2 0x27A PUSH2 0x9C0 JUMP JUMPDEST PUSH1 0x40 MLOAD DUP1 DUP3 DUP2 MSTORE PUSH1 0x20 ADD SWAP2 POP POP PUSH1 0x40 MLOAD DUP1 SWAP2 SUB SWAP1 RETURN JUMPDEST CALLVALUE ISZERO PUSH2 0x29B JUMPI PUSH1 0x0 DUP1 REVERT JUMPDEST PUSH2 0x2EF PUSH1 0x4 DUP1 DUP1 CALLDATALOAD PUSH20 0xFFFFFFFFFFFFFFFFFFFFFFFFFFFFFFFFFFFFFFFF AND SWAP1 PUSH1 0x20 ADD SWAP1 SWAP2 SWAP1 DUP1 CALLDATALOAD PUSH20 0xFFFFFFFFFFFFFFFFFFFFFFFFFFFFFFFFFFFFFFFF AND SWAP1 PUSH1 0x20 ADD SWAP1 SWAP2 SWAP1 DUP1 CALLDATALOAD SWAP1 PUSH1 0x20 ADD SWAP1 SWAP2 SWAP1 POP POP PUSH2 0x9C6 JUMP JUMPDEST PUSH1 0x40 MLOAD DUP1 DUP3 ISZERO ISZERO ISZERO ISZERO DUP2 MSTORE PUSH1 0x20 ADD SWAP2 POP POP PUSH1 0x40 MLOAD DUP1 SWAP2 SUB SWAP1 RETURN JUMPDEST CALLVALUE ISZERO PUSH2 0x314 JUMPI PUSH1 0x0 DUP1 REVERT JUMPDEST PUSH2 0x31C PUSH2 0xAF3 JUMP JUMPDEST PUSH1 0x40 MLOAD DUP1 DUP3 DUP2 MSTORE PUSH1 0x20 ADD SWAP2 POP POP PUSH1 0x40 MLOAD DUP1 SWAP2 SUB SWAP1 RETURN JUMPDEST CALLVALUE ISZERO PUSH2 0x33D JUMPI PUSH1 0x0 DUP1 REVERT JUMPDEST PUSH2 0x345 PUSH2 0xAF9 JUMP JUMPDEST PUSH1 0x40 MLOAD DUP1 DUP3 PUSH1 0xFF AND PUSH1 0xFF AND DUP2 MSTORE PUSH1 0x20 ADD SWAP2 POP POP PUSH1 0x40 MLOAD DUP1 SWAP2 SUB SWAP1 RETURN JUMPDEST CALLVALUE ISZERO PUSH2 0x36C JUMPI PUSH1 0x0 DUP1 REVERT JUMPDEST PUSH2 0x382 PUSH1 0x4 DUP1 DUP1 CALLDATALOAD SWAP1 PUSH1 0x20 ADD SWAP1 SWAP2 SWAP1 POP POP PUSH2 0xB0C JUMP JUMPDEST PUSH1 0x40 MLOAD DUP1 DUP3 ISZERO ISZERO ISZERO ISZERO DUP2 MSTORE PUSH1 0x20 ADD SWAP2 POP POP PUSH1 0x40 MLOAD DUP1 SWAP2 SUB SWAP1 RETURN JUMPDEST CALLVALUE ISZERO PUSH2 0x3A7 JUMPI PUSH1 0x0 DUP1 REVERT JUMPDEST PUSH2 0x3D3 PUSH1 0x4 DUP1 DUP1 CALLDATALOAD PUSH20 0xFFFFFFFFFFFFFFFFFFFFFFFFFFFFFFFFFFFFFFFF AND SWAP1 PUSH1 0x20 ADD SWAP1 SWAP2 SWAP1 POP POP PUSH2 0xC10 JUMP JUMPDEST PUSH1 0x40 MLOAD DUP1 DUP3 DUP2 MSTORE PUSH1 0x20 ADD SWAP2 POP POP PUSH1 0x40 MLOAD DUP1 SWAP2 SUB SWAP1 RETURN JUMPDEST CALLVALUE ISZERO PUSH2 0x3F4 JUMPI PUSH1 0x0 DUP1 REVERT JUMPDEST PUSH2 0x3FC PUSH2 0xC28 JUMP JUMPDEST STOP JUMPDEST CALLVALUE ISZERO PUSH2 0x409 JUMPI PUSH1 0x0 DUP1 REVERT JUMPDEST PUSH2 0x43E PUSH1 0x4 DUP1 DUP1 CALLDATALOAD PUSH20 0xFFFFFFFFFFFFFFFFFFFFFFFFFFFFFFFFFFFFFFFF AND SWAP1 PUSH1 0x20 ADD SWAP1 SWAP2 SWAP1 DUP1 CALLDATALOAD SWAP1 PUSH1 0x20 ADD SWAP1 SWAP2 SWAP1 POP POP PUSH2 0xD81 JUMP JUMPDEST PUSH1 0x40 MLOAD DUP1 DUP3 ISZERO ISZERO ISZERO ISZERO DUP2 MSTORE PUSH1 0x20 ADD SWAP2 POP POP PUSH1 0x40 MLOAD DUP1 SWAP2 SUB SWAP1 RETURN JUMPDEST CALLVALUE ISZERO PUSH2 0x463 JUMPI PUSH1 0x0 DUP1 REVERT JUMPDEST PUSH2 0x482 PUSH1 0x4 DUP1 DUP1 CALLDATALOAD SWAP1 PUSH1 0x20 ADD SWAP1 SWAP2 SWAP1 DUP1 CALLDATALOAD SWAP1 PUSH1 0x20 ADD SWAP1 SWAP2 SWAP1 POP POP PUSH2 0xF9B JUMP JUMPDEST STOP JUMPDEST CALLVALUE ISZERO PUSH2 0x48F JUMPI PUSH1 0x0 DUP1 REVERT JUMPDEST PUSH2 0x497 PUSH2 0x11A4 JUMP JUMPDEST PUSH1 0x40 MLOAD DUP1 DUP3 PUSH20 0xFFFFFFFFFFFFFFFFFFFFFFFFFFFFFFFFFFFFFFFF AND PUSH20 0xFFFFFFFFFFFFFFFFFFFFFFFFFFFFFFFFFFFFFFFF AND DUP2 MSTORE PUSH1 0x20 ADD SWAP2 POP POP PUSH1 0x40 MLOAD DUP1 SWAP2 SUB SWAP1 RETURN JUMPDEST CALLVALUE ISZERO PUSH2 0x4E4 JUMPI PUSH1 0x0 DUP1 REVERT JUMPDEST PUSH2 0x4FA PUSH1 0x4 DUP1 DUP1 CALLDATALOAD SWAP1 PUSH1 0x20 ADD SWAP1 SWAP2 SWAP1 POP POP PUSH2 0x11C9 JUMP JUMPDEST STOP JUMPDEST CALLVALUE ISZERO PUSH2 0x507 JUMPI PUSH1 0x0 DUP1 REVERT JUMPDEST PUSH2 0x50F PUSH2 0x1240 JUMP JUMPDEST PUSH1 0x40 MLOAD DUP1 DUP1 PUSH1 0x20 ADD DUP3 DUP2 SUB DUP3 MSTORE DUP4 DUP2 DUP2 MLOAD DUP2 MSTORE PUSH1 0x20 ADD SWAP2 POP DUP1 MLOAD SWAP1 PUSH1 0x20 ADD SWAP1 DUP1 DUP4 DUP4 PUSH1 0x0 JUMPDEST DUP4 DUP2 LT ISZERO PUSH2 0x54F JUMPI DUP1 DUP3 ADD MLOAD DUP2 DUP5 ADD MSTORE PUSH1 0x20 DUP2 ADD SWAP1 POP PUSH2 0x534 JUMP JUMPDEST POP POP POP POP SWAP1 POP SWAP1 DUP2 ADD SWAP1 PUSH1 0x1F AND DUP1 ISZERO PUSH2 0x57C JUMPI DUP1 DUP3 SUB DUP1 MLOAD PUSH1 0x1 DUP4 PUSH1 0x20 SUB PUSH2 0x100 EXP SUB NOT AND DUP2 MSTORE PUSH1 0x20 ADD SWAP2 POP JUMPDEST POP SWAP3 POP POP POP PUSH1 0x40 MLOAD DUP1 SWAP2 SUB SWAP1 RETURN JUMPDEST CALLVALUE ISZERO PUSH2 0x595 JUMPI PUSH1 0x0 DUP1 REVERT JUMPDEST PUSH2 0x5CA PUSH1 0x4 DUP1 DUP1 CALLDATALOAD PUSH20 0xFFFFFFFFFFFFFFFFFFFFFFFFFFFFFFFFFFFFFFFF AND SWAP1 PUSH1 0x20 ADD SWAP1 SWAP2 SWAP1 DUP1 CALLDATALOAD SWAP1 PUSH1 0x20 ADD SWAP1 SWAP2 SWAP1 POP POP PUSH2 0x12DE JUMP JUMPDEST STOP JUMPDEST CALLVALUE ISZERO PUSH2 0x5D7 JUMPI PUSH1 0x0 DUP1 REVERT JUMPDEST PUSH2 0x603 PUSH1 0x4 DUP1 DUP1 CALLDATALOAD PUSH20 0xFFFFFFFFFFFFFFFFFFFFFFFFFFFFFFFFFFFFFFFF AND SWAP1 PUSH1 0x20 ADD SWAP1 SWAP2 SWAP1 POP POP PUSH2 0x1356 JUMP JUMPDEST PUSH1 0x40 MLOAD DUP1 DUP3 DUP2 MSTORE PUSH1 0x20 ADD SWAP2 POP POP PUSH1 0x40 MLOAD DUP1 SWAP2 SUB SWAP1 RETURN JUMPDEST CALLVALUE ISZERO PUSH2 0x624 JUMPI PUSH1 0x0 DUP1 REVERT JUMPDEST PUSH2 0x63A PUSH1 0x4 DUP1 DUP1 CALLDATALOAD SWAP1 PUSH1 0x20 ADD SWAP1 SWAP2 SWAP1 POP POP PUSH2 0x136E JUMP JUMPDEST STOP JUMPDEST CALLVALUE ISZERO PUSH2 0x647 JUMPI PUSH1 0x0 DUP1 REVERT JUMPDEST PUSH2 0x6BF PUSH1 0x4 DUP1 DUP1 CALLDATALOAD PUSH20 0xFFFFFFFFFFFFFFFFFFFFFFFFFFFFFFFFFFFFFFFF AND SWAP1 PUSH1 0x20 ADD SWAP1 SWAP2 SWAP1 DUP1 CALLDATALOAD SWAP1 PUSH1 0x20 ADD SWAP1 SWAP2 SWAP1 DUP1 CALLDATALOAD SWAP1 PUSH1 0x20 ADD SWAP1 DUP3 ADD DUP1 CALLDATALOAD SWAP1 PUSH1 0x20 ADD SWAP1 DUP1 DUP1 PUSH1 0x1F ADD PUSH1 0x20 DUP1 SWAP2 DIV MUL PUSH1 0x20 ADD PUSH1 0x40 MLOAD SWAP1 DUP2 ADD PUSH1 0x40 MSTORE DUP1 SWAP4 SWAP3 SWAP2 SWAP1 DUP2 DUP2 MSTORE PUSH1 0x20 ADD DUP4 DUP4 DUP1 DUP3 DUP5 CALLDATACOPY DUP3 ADD SWAP2 POP POP POP POP POP POP SWAP2 SWAP1 POP POP PUSH2 0x14A4 JUMP JUMPDEST PUSH1 0x40 MLOAD DUP1 DUP3 ISZERO ISZERO ISZERO ISZERO DUP2 MSTORE PUSH1 0x20 ADD SWAP2 POP POP PUSH1 0x40 MLOAD DUP1 SWAP2 SUB SWAP1 RETURN JUMPDEST CALLVALUE ISZERO PUSH2 0x6E4 JUMPI PUSH1 0x0 DUP1 REVERT JUMPDEST PUSH2 0x72F PUSH1 0x4 DUP1 DUP1 CALLDATALOAD PUSH20 0xFFFFFFFFFFFFFFFFFFFFFFFFFFFFFFFFFFFFFFFF AND SWAP1 PUSH1 0x20 ADD SWAP1 SWAP2 SWAP1 DUP1 CALLDATALOAD PUSH20 0xFFFFFFFFFFFFFFFFFFFFFFFFFFFFFFFFFFFFFFFF AND SWAP1 PUSH1 0x20 ADD SWAP1 SWAP2 SWAP1 POP POP PUSH2 0x1622 JUMP JUMPDEST PUSH1 0x40 MLOAD DUP1 DUP3 DUP2 MSTORE PUSH1 0x20 ADD SWAP2 POP POP PUSH1 0x40 MLOAD DUP1 SWAP2 SUB SWAP1 RETURN JUMPDEST CALLVALUE ISZERO PUSH2 0x750 JUMPI PUSH1 0x0 DUP1 REVERT JUMPDEST PUSH2 0x758 PUSH2 0x1647 JUMP JUMPDEST PUSH1 0x40 MLOAD DUP1 DUP3 DUP2 MSTORE PUSH1 0x20 ADD SWAP2 POP POP PUSH1 0x40 MLOAD DUP1 SWAP2 SUB SWAP1 RETURN JUMPDEST CALLVALUE ISZERO PUSH2 0x779 JUMPI PUSH1 0x0 DUP1 REVERT JUMPDEST PUSH2 0x781 PUSH2 0x164D JUMP JUMPDEST PUSH1 0x40 MLOAD DUP1 DUP3 DUP2 MSTORE PUSH1 0x20 ADD SWAP2 POP POP PUSH1 0x40 MLOAD DUP1 SWAP2 SUB SWAP1 RETURN JUMPDEST CALLVALUE ISZERO PUSH2 0x7A2 JUMPI PUSH1 0x0 DUP1 REVERT JUMPDEST PUSH2 0x7CE PUSH1 0x4 DUP1 DUP1 CALLDATALOAD PUSH20 0xFFFFFFFFFFFFFFFFFFFFFFFFFFFFFFFFFFFFFFFF AND SWAP1 PUSH1 0x20 ADD SWAP1 SWAP2 SWAP1 POP POP PUSH2 0x1653 JUMP JUMPDEST STOP JUMPDEST CALLVALUE ISZERO PUSH2 0x7DB JUMPI PUSH1 0x0 DUP1 REVERT JUMPDEST PUSH2 0x807 PUSH1 0x4 DUP1 DUP1 CALLDATALOAD PUSH20 0xFFFFFFFFFFFFFFFFFFFFFFFFFFFFFFFFFFFFFFFF AND SWAP1 PUSH1 0x20 ADD SWAP1 SWAP2 SWAP1 POP POP PUSH2 0x1759 JUMP JUMPDEST STOP JUMPDEST CALLVALUE ISZERO PUSH2 0x814 JUMPI PUSH1 0x0 DUP1 REVERT JUMPDEST PUSH2 0x849 PUSH1 0x4 DUP1 DUP1 CALLDATALOAD SWAP1 PUSH1 0x20 ADD SWAP1 SWAP2 SWAP1 DUP1 CALLDATALOAD PUSH20 0xFFFFFFFFFFFFFFFFFFFFFFFFFFFFFFFFFFFFFFFF AND SWAP1 PUSH1 0x20 ADD SWAP1 SWAP2 SWAP1 POP POP PUSH2 0x17F7 JUMP JUMPDEST PUSH1 0x40 MLOAD DUP1 DUP3 DUP2 MSTORE PUSH1 0x20 ADD SWAP2 POP POP PUSH1 0x40 MLOAD DUP1 SWAP2 SUB SWAP1 RETURN JUMPDEST CALLVALUE ISZERO PUSH2 0x86A JUMPI PUSH1 0x0 DUP1 REVERT JUMPDEST PUSH2 0x889 PUSH1 0x4 DUP1 DUP1 CALLDATALOAD SWAP1 PUSH1 0x20 ADD SWAP1 SWAP2 SWAP1 DUP1 CALLDATALOAD SWAP1 PUSH1 0x20 ADD SWAP1 SWAP2 SWAP1 POP POP PUSH2 0x181C JUMP JUMPDEST STOP JUMPDEST PUSH1 0x1 DUP1 SLOAD PUSH1 0x1 DUP2 PUSH1 0x1 AND ISZERO PUSH2 0x100 MUL SUB AND PUSH1 0x2 SWAP1 DIV DUP1 PUSH1 0x1F ADD PUSH1 0x20 DUP1 SWAP2 DIV MUL PUSH1 0x20 ADD PUSH1 0x40 MLOAD SWAP1 DUP2 ADD PUSH1 0x40 MSTORE DUP1 SWAP3 SWAP2 SWAP1 DUP2 DUP2 MSTORE PUSH1 0x20 ADD DUP3 DUP1 SLOAD PUSH1 0x1 DUP2 PUSH1 0x1 AND ISZERO PUSH2 0x100 MUL SUB AND PUSH1 0x2 SWAP1 DIV DUP1 ISZERO PUSH2 0x921 JUMPI DUP1 PUSH1 0x1F LT PUSH2 0x8F6 JUMPI PUSH2 0x100 DUP1 DUP4 SLOAD DIV MUL DUP4 MSTORE SWAP2 PUSH1 0x20 ADD SWAP2 PUSH2 0x921 JUMP JUMPDEST DUP3 ADD SWAP2 SWAP1 PUSH1 0x0 MSTORE PUSH1 0x20 PUSH1 0x0 KECCAK256 SWAP1 JUMPDEST DUP2 SLOAD DUP2 MSTORE SWAP1 PUSH1 0x1 ADD SWAP1 PUSH1 0x20 ADD DUP1 DUP4 GT PUSH2 0x904 JUMPI DUP3 SWAP1 SUB PUSH1 0x1F AND DUP3 ADD SWAP2 JUMPDEST POP POP POP POP POP DUP2 JUMP JUMPDEST PUSH1 0x0 DUP2 PUSH1 0x6 PUSH1 0x0 CALLER PUSH20 0xFFFFFFFFFFFFFFFFFFFFFFFFFFFFFFFFFFFFFFFF AND PUSH20 0xFFFFFFFFFFFFFFFFFFFFFFFFFFFFFFFFFFFFFFFF AND DUP2 MSTORE PUSH1 0x20 ADD SWAP1 DUP2 MSTORE PUSH1 0x20 ADD PUSH1 0x0 KECCAK256 PUSH1 0x0 DUP6 PUSH20 0xFFFFFFFFFFFFFFFFFFFFFFFFFFFFFFFFFFFFFFFF AND PUSH20 0xFFFFFFFFFFFFFFFFFFFFFFFFFFFFFFFFFFFFFFFF AND DUP2 MSTORE PUSH1 0x20 ADD SWAP1 DUP2 MSTORE PUSH1 0x20 ADD PUSH1 0x0 KECCAK256 DUP2 SWAP1 SSTORE POP PUSH1 0x1 SWAP1 POP SWAP3 SWAP2 POP POP JUMP JUMPDEST PUSH1 0x0 PUSH1 0x4 SLOAD SWAP1 POP SWAP1 JUMP JUMPDEST PUSH1 0x9 SLOAD DUP2 JUMP JUMPDEST PUSH1 0x0 PUSH1 0x6 PUSH1 0x0 DUP6 PUSH20 0xFFFFFFFFFFFFFFFFFFFFFFFFFFFFFFFFFFFFFFFF AND PUSH20 0xFFFFFFFFFFFFFFFFFFFFFFFFFFFFFFFFFFFFFFFF AND DUP2 MSTORE PUSH1 0x20 ADD SWAP1 DUP2 MSTORE PUSH1 0x20 ADD PUSH1 0x0 KECCAK256 PUSH1 0x0 CALLER PUSH20 0xFFFFFFFFFFFFFFFFFFFFFFFFFFFFFFFFFFFFFFFF AND PUSH20 0xFFFFFFFFFFFFFFFFFFFFFFFFFFFFFFFFFFFFFFFF AND DUP2 MSTORE PUSH1 0x20 ADD SWAP1 DUP2 MSTORE PUSH1 0x20 ADD PUSH1 0x0 KECCAK256 SLOAD DUP3 GT ISZERO ISZERO ISZERO PUSH2 0xA53 JUMPI PUSH1 0x0 DUP1 REVERT JUMPDEST DUP2 PUSH1 0x6 PUSH1 0x0 DUP7 PUSH20 0xFFFFFFFFFFFFFFFFFFFFFFFFFFFFFFFFFFFFFFFF AND PUSH20 0xFFFFFFFFFFFFFFFFFFFFFFFFFFFFFFFFFFFFFFFF AND DUP2 MSTORE PUSH1 0x20 ADD SWAP1 DUP2 MSTORE PUSH1 0x20 ADD PUSH1 0x0 KECCAK256 PUSH1 0x0 CALLER PUSH20 0xFFFFFFFFFFFFFFFFFFFFFFFFFFFFFFFFFFFFFFFF AND PUSH20 0xFFFFFFFFFFFFFFFFFFFFFFFFFFFFFFFFFFFFFFFF AND DUP2 MSTORE PUSH1 0x20 ADD SWAP1 DUP2 MSTORE PUSH1 0x20 ADD PUSH1 0x0 KECCAK256 PUSH1 0x0 DUP3 DUP3 SLOAD SUB SWAP3 POP POP DUP2 SWAP1 SSTORE POP PUSH2 0xAE8 DUP5 DUP5 DUP5 PUSH2 0x182E JUMP JUMPDEST PUSH1 0x1 SWAP1 POP SWAP4 SWAP3 POP POP POP JUMP JUMPDEST PUSH1 0xC SLOAD DUP2 JUMP JUMPDEST PUSH1 0x3 PUSH1 0x0 SWAP1 SLOAD SWAP1 PUSH2 0x100 EXP SWAP1 DIV PUSH1 0xFF AND DUP2 JUMP JUMPDEST PUSH1 0x0 DUP2 PUSH1 0x5 PUSH1 0x0 CALLER PUSH20 0xFFFFFFFFFFFFFFFFFFFFFFFFFFFFFFFFFFFFFFFF AND PUSH20 0xFFFFFFFFFFFFFFFFFFFFFFFFFFFFFFFFFFFFFFFF AND DUP2 MSTORE PUSH1 0x20 ADD SWAP1 DUP2 MSTORE PUSH1 0x20 ADD PUSH1 0x0 KECCAK256 SLOAD LT ISZERO ISZERO ISZERO PUSH2 0xB5C JUMPI PUSH1 0x0 DUP1 REVERT JUMPDEST DUP2 PUSH1 0x5 PUSH1 0x0 CALLER PUSH20 0xFFFFFFFFFFFFFFFFFFFFFFFFFFFFFFFFFFFFFFFF AND PUSH20 0xFFFFFFFFFFFFFFFFFFFFFFFFFFFFFFFFFFFFFFFF AND DUP2 MSTORE PUSH1 0x20 ADD SWAP1 DUP2 MSTORE PUSH1 0x20 ADD PUSH1 0x0 KECCAK256 PUSH1 0x0 DUP3 DUP3 SLOAD SUB SWAP3 POP POP DUP2 SWAP1 SSTORE POP DUP2 PUSH1 0x4 PUSH1 0x0 DUP3 DUP3 SLOAD SUB SWAP3 POP POP DUP2 SWAP1 SSTORE POP CALLER PUSH20 0xFFFFFFFFFFFFFFFFFFFFFFFFFFFFFFFFFFFFFFFF AND PUSH32 0xCC16F5DBB4873280815C1EE09DBD06736CFFCC184412CF7A71A0FDB75D397CA5 DUP4 PUSH1 0x40 MLOAD DUP1 DUP3 DUP2 MSTORE PUSH1 0x20 ADD SWAP2 POP POP PUSH1 0x40 MLOAD DUP1 SWAP2 SUB SWAP1 LOG2 PUSH1 0x1 SWAP1 POP SWAP2 SWAP1 POP JUMP JUMPDEST PUSH1 0x5 PUSH1 0x20 MSTORE DUP1 PUSH1 0x0 MSTORE PUSH1 0x40 PUSH1 0x0 KECCAK256 PUSH1 0x0 SWAP2 POP SWAP1 POP SLOAD DUP2 JUMP JUMPDEST PUSH1 0x0 DUP1 PUSH1 0x0 SWAP1 POP JUMPDEST PUSH1 0x1 PUSH1 0xB DUP1 SLOAD SWAP1 POP SUB DUP2 GT ISZERO ISZERO PUSH2 0xD2D JUMPI PUSH1 0x8 PUSH1 0x0 PUSH1 0xB DUP4 DUP2 SLOAD DUP2 LT ISZERO ISZERO PUSH2 0xC54 JUMPI INVALID JUMPDEST SWAP1 PUSH1 0x0 MSTORE PUSH1 0x20 PUSH1 0x0 KECCAK256 SWAP1 ADD SLOAD DUP2 MSTORE PUSH1 0x20 ADD SWAP1 DUP2 MSTORE PUSH1 0x20 ADD PUSH1 0x0 KECCAK256 PUSH1 0x0 CALLER PUSH20 0xFFFFFFFFFFFFFFFFFFFFFFFFFFFFFFFFFFFFFFFF AND PUSH20 0xFFFFFFFFFFFFFFFFFFFFFFFFFFFFFFFFFFFFFFFF AND DUP2 MSTORE PUSH1 0x20 ADD SWAP1 DUP2 MSTORE PUSH1 0x20 ADD PUSH1 0x0 KECCAK256 SLOAD DUP3 ADD SWAP2 POP PUSH1 0x0 PUSH1 0x8 PUSH1 0x0 PUSH1 0xB DUP5 DUP2 SLOAD DUP2 LT ISZERO ISZERO PUSH2 0xCC5 JUMPI INVALID JUMPDEST SWAP1 PUSH1 0x0 MSTORE PUSH1 0x20 PUSH1 0x0 KECCAK256 SWAP1 ADD SLOAD DUP2 MSTORE PUSH1 0x20 ADD SWAP1 DUP2 MSTORE PUSH1 0x20 ADD PUSH1 0x0 KECCAK256 PUSH1 0x0 CALLER PUSH20 0xFFFFFFFFFFFFFFFFFFFFFFFFFFFFFFFFFFFFFFFF AND PUSH20 0xFFFFFFFFFFFFFFFFFFFFFFFFFFFFFFFFFFFFFFFF AND DUP2 MSTORE PUSH1 0x20 ADD SWAP1 DUP2 MSTORE PUSH1 0x20 ADD PUSH1 0x0 KECCAK256 DUP2 SWAP1 SSTORE POP DUP1 DUP1 PUSH1 0x1 ADD SWAP2 POP POP PUSH2 0xC30 JUMP JUMPDEST CALLER PUSH20 0xFFFFFFFFFFFFFFFFFFFFFFFFFFFFFFFFFFFFFFFF AND PUSH2 0x8FC DUP4 SWAP1 DUP2 ISZERO MUL SWAP1 PUSH1 0x40 MLOAD PUSH1 0x0 PUSH1 0x40 MLOAD DUP1 DUP4 SUB DUP2 DUP6 DUP9 DUP9 CALL SWAP4 POP POP POP POP ISZERO ISZERO PUSH2 0xD6D JUMPI PUSH1 0x0 DUP1 REVERT JUMPDEST DUP2 PUSH1 0xE PUSH1 0x0 DUP3 DUP3 SLOAD SUB SWAP3 POP POP DUP2 SWAP1 SSTORE POP POP POP JUMP JUMPDEST PUSH1 0x0 DUP2 PUSH1 0x5 PUSH1 0x0 DUP6 PUSH20 0xFFFFFFFFFFFFFFFFFFFFFFFFFFFFFFFFFFFFFFFF AND PUSH20 0xFFFFFFFFFFFFFFFFFFFFFFFFFFFFFFFFFFFFFFFF AND DUP2 MSTORE PUSH1 0x20 ADD SWAP1 DUP2 MSTORE PUSH1 0x20 ADD PUSH1 0x0 KECCAK256 SLOAD LT ISZERO ISZERO ISZERO PUSH2 0xDD1 JUMPI PUSH1 0x0 DUP1 REVERT JUMPDEST PUSH1 0x6 PUSH1 0x0 DUP5 PUSH20 0xFFFFFFFFFFFFFFFFFFFFFFFFFFFFFFFFFFFFFFFF AND PUSH20 0xFFFFFFFFFFFFFFFFFFFFFFFFFFFFFFFFFFFFFFFF AND DUP2 MSTORE PUSH1 0x20 ADD SWAP1 DUP2 MSTORE PUSH1 0x20 ADD PUSH1 0x0 KECCAK256 PUSH1 0x0 CALLER PUSH20 0xFFFFFFFFFFFFFFFFFFFFFFFFFFFFFFFFFFFFFFFF AND PUSH20 0xFFFFFFFFFFFFFFFFFFFFFFFFFFFFFFFFFFFFFFFF AND DUP2 MSTORE PUSH1 0x20 ADD SWAP1 DUP2 MSTORE PUSH1 0x20 ADD PUSH1 0x0 KECCAK256 SLOAD DUP3 GT ISZERO ISZERO ISZERO PUSH2 0xE5C JUMPI PUSH1 0x0 DUP1 REVERT JUMPDEST DUP2 PUSH1 0x5 PUSH1 0x0 DUP6 PUSH20 0xFFFFFFFFFFFFFFFFFFFFFFFFFFFFFFFFFFFFFFFF AND PUSH20 0xFFFFFFFFFFFFFFFFFFFFFFFFFFFFFFFFFFFFFFFF AND DUP2 MSTORE PUSH1 0x20 ADD SWAP1 DUP2 MSTORE PUSH1 0x20 ADD PUSH1 0x0 KECCAK256 PUSH1 0x0 DUP3 DUP3 SLOAD SUB SWAP3 POP POP DUP2 SWAP1 SSTORE POP DUP2 PUSH1 0x6 PUSH1 0x0 DUP6 PUSH20 0xFFFFFFFFFFFFFFFFFFFFFFFFFFFFFFFFFFFFFFFF AND PUSH20 0xFFFFFFFFFFFFFFFFFFFFFFFFFFFFFFFFFFFFFFFF AND DUP2 MSTORE PUSH1 0x20 ADD SWAP1 DUP2 MSTORE PUSH1 0x20 ADD PUSH1 0x0 KECCAK256 PUSH1 0x0 CALLER PUSH20 0xFFFFFFFFFFFFFFFFFFFFFFFFFFFFFFFFFFFFFFFF AND PUSH20 0xFFFFFFFFFFFFFFFFFFFFFFFFFFFFFFFFFFFFFFFF AND DUP2 MSTORE PUSH1 0x20 ADD SWAP1 DUP2 MSTORE PUSH1 0x20 ADD PUSH1 0x0 KECCAK256 PUSH1 0x0 DUP3 DUP3 SLOAD SUB SWAP3 POP POP DUP2 SWAP1 SSTORE POP DUP2 PUSH1 0x4 PUSH1 0x0 DUP3 DUP3 SLOAD SUB SWAP3 POP POP DUP2 SWAP1 SSTORE POP DUP3 PUSH20 0xFFFFFFFFFFFFFFFFFFFFFFFFFFFFFFFFFFFFFFFF AND PUSH32 0xCC16F5DBB4873280815C1EE09DBD06736CFFCC184412CF7A71A0FDB75D397CA5 DUP4 PUSH1 0x40 MLOAD DUP1 DUP3 DUP2 MSTORE PUSH1 0x20 ADD SWAP2 POP POP PUSH1 0x40 MLOAD DUP1 SWAP2 SUB SWAP1 LOG2 PUSH1 0x1 SWAP1 POP SWAP3 SWAP2 POP POP JUMP JUMPDEST PUSH1 0x0 DUP1 PUSH1 0x0 DUP1 SWAP1 SLOAD SWAP1 PUSH2 0x100 EXP SWAP1 DIV PUSH20 0xFFFFFFFFFFFFFFFFFFFFFFFFFFFFFFFFFFFFFFFF AND PUSH20 0xFFFFFFFFFFFFFFFFFFFFFFFFFFFFFFFFFFFFFFFF AND CALLER PUSH20 0xFFFFFFFFFFFFFFFFFFFFFFFFFFFFFFFFFFFFFFFF AND EQ ISZERO ISZERO PUSH2 0xFF9 JUMPI PUSH1 0x0 DUP1 REVERT JUMPDEST PUSH1 0xB PUSH1 0x1 PUSH1 0xB DUP1 SLOAD SWAP1 POP SUB DUP2 SLOAD DUP2 LT ISZERO ISZERO PUSH2 0x1010 JUMPI INVALID JUMPDEST SWAP1 PUSH1 0x0 MSTORE PUSH1 0x20 PUSH1 0x0 KECCAK256 SWAP1 ADD SLOAD DUP5 GT ISZERO ISZERO PUSH2 0x1029 JUMPI PUSH1 0x0 DUP1 REVERT JUMPDEST PUSH1 0x4 SLOAD PUSH1 0xC SLOAD DUP2 ISZERO ISZERO PUSH2 0x1038 JUMPI INVALID JUMPDEST DIV SWAP2 POP PUSH1 0x1 SWAP1 POP JUMPDEST PUSH1 0x10 SLOAD DUP2 GT ISZERO ISZERO PUSH2 0x1154 JUMPI DUP2 PUSH1 0x5 PUSH1 0x0 PUSH1 0x11 PUSH1 0x0 DUP6 DUP2 MSTORE PUSH1 0x20 ADD SWAP1 DUP2 MSTORE PUSH1 0x20 ADD PUSH1 0x0 KECCAK256 PUSH1 0x0 SWAP1 SLOAD SWAP1 PUSH2 0x100 EXP SWAP1 DIV PUSH20 0xFFFFFFFFFFFFFFFFFFFFFFFFFFFFFFFFFFFFFFFF AND PUSH20 0xFFFFFFFFFFFFFFFFFFFFFFFFFFFFFFFFFFFFFFFF AND PUSH20 0xFFFFFFFFFFFFFFFFFFFFFFFFFFFFFFFFFFFFFFFF AND DUP2 MSTORE PUSH1 0x20 ADD SWAP1 DUP2 MSTORE PUSH1 0x20 ADD PUSH1 0x0 KECCAK256 SLOAD MUL PUSH1 0x8 PUSH1 0x0 DUP7 DUP2 MSTORE PUSH1 0x20 ADD SWAP1 DUP2 MSTORE PUSH1 0x20 ADD PUSH1 0x0 KECCAK256 PUSH1 0x0 PUSH1 0x11 PUSH1 0x0 DUP6 DUP2 MSTORE PUSH1 0x20 ADD SWAP1 DUP2 MSTORE PUSH1 0x20 ADD PUSH1 0x0 KECCAK256 PUSH1 0x0 SWAP1 SLOAD SWAP1 PUSH2 0x100 EXP SWAP1 DIV PUSH20 0xFFFFFFFFFFFFFFFFFFFFFFFFFFFFFFFFFFFFFFFF AND PUSH20 0xFFFFFFFFFFFFFFFFFFFFFFFFFFFFFFFFFFFFFFFF AND PUSH20 0xFFFFFFFFFFFFFFFFFFFFFFFFFFFFFFFFFFFFFFFF AND DUP2 MSTORE PUSH1 0x20 ADD SWAP1 DUP2 MSTORE PUSH1 0x20 ADD PUSH1 0x0 KECCAK256 DUP2 SWAP1 SSTORE POP DUP1 DUP1 PUSH1 0x1 ADD SWAP2 POP POP PUSH2 0x1040 JUMP JUMPDEST PUSH1 0xB DUP1 SLOAD DUP1 PUSH1 0x1 ADD DUP3 DUP2 PUSH2 0x1168 SWAP2 SWAP1 PUSH2 0x1B82 JUMP JUMPDEST SWAP2 PUSH1 0x0 MSTORE PUSH1 0x20 PUSH1 0x0 KECCAK256 SWAP1 ADD PUSH1 0x0 DUP7 SWAP1 SWAP2 SWAP1 SWAP2 POP SSTORE POP PUSH1 0xC SLOAD PUSH1 0xE PUSH1 0x0 DUP3 DUP3 SLOAD ADD SWAP3 POP POP DUP2 SWAP1 SSTORE POP PUSH1 0x0 PUSH1 0xC DUP2 SWAP1 SSTORE POP DUP3 PUSH1 0x9 DUP2 SWAP1 SSTORE POP POP POP POP POP JUMP JUMPDEST PUSH1 0x0 DUP1 SWAP1 SLOAD SWAP1 PUSH2 0x100 EXP SWAP1 DIV PUSH20 0xFFFFFFFFFFFFFFFFFFFFFFFFFFFFFFFFFFFFFFFF AND DUP2 JUMP JUMPDEST PUSH1 0x0 DUP1 SWAP1 SLOAD SWAP1 PUSH2 0x100 EXP SWAP1 DIV PUSH20 0xFFFFFFFFFFFFFFFFFFFFFFFFFFFFFFFFFFFFFFFF AND PUSH20 0xFFFFFFFFFFFFFFFFFFFFFFFFFFFFFFFFFFFFFFFF AND CALLER PUSH20 0xFFFFFFFFFFFFFFFFFFFFFFFFFFFFFFFFFFFFFFFF AND EQ ISZERO ISZERO PUSH2 0x1224 JUMPI PUSH1 0x0 DUP1 REVERT JUMPDEST PUSH4 0x5BC3D880 TIMESTAMP GT ISZERO ISZERO PUSH2 0x1236 JUMPI PUSH1 0x0 DUP1 REVERT JUMPDEST DUP1 PUSH1 0x7 DUP2 SWAP1 SSTORE POP POP JUMP JUMPDEST PUSH1 0x2 DUP1 SLOAD PUSH1 0x1 DUP2 PUSH1 0x1 AND ISZERO PUSH2 0x100 MUL SUB AND PUSH1 0x2 SWAP1 DIV DUP1 PUSH1 0x1F ADD PUSH1 0x20 DUP1 SWAP2 DIV MUL PUSH1 0x20 ADD PUSH1 0x40 MLOAD SWAP1 DUP2 ADD PUSH1 0x40 MSTORE DUP1 SWAP3 SWAP2 SWAP1 DUP2 DUP2 MSTORE PUSH1 0x20 ADD DUP3 DUP1 SLOAD PUSH1 0x1 DUP2 PUSH1 0x1 AND ISZERO PUSH2 0x100 MUL SUB AND PUSH1 0x2 SWAP1 DIV DUP1 ISZERO PUSH2 0x12D6 JUMPI DUP1 PUSH1 0x1F LT PUSH2 0x12AB JUMPI PUSH2 0x100 DUP1 DUP4 SLOAD DIV MUL DUP4 MSTORE SWAP2 PUSH1 0x20 ADD SWAP2 PUSH2 0x12D6 JUMP JUMPDEST DUP3 ADD SWAP2 SWAP1 PUSH1 0x0 MSTORE PUSH1 0x20 PUSH1 0x0 KECCAK256 SWAP1 JUMPDEST DUP2 SLOAD DUP2 MSTORE SWAP1 PUSH1 0x1 ADD SWAP1 PUSH1 0x20 ADD DUP1 DUP4 GT PUSH2 0x12B9 JUMPI DUP3 SWAP1 SUB PUSH1 0x1F AND DUP3 ADD SWAP2 JUMPDEST POP POP POP POP POP DUP2 JUMP JUMPDEST PUSH1 0x0 DUP1 SWAP1 SLOAD SWAP1 PUSH2 0x100 EXP SWAP1 DIV PUSH20 0xFFFFFFFFFFFFFFFFFFFFFFFFFFFFFFFFFFFFFFFF AND PUSH20 0xFFFFFFFFFFFFFFFFFFFFFFFFFFFFFFFFFFFFFFFF AND CALLER PUSH20 0xFFFFFFFFFFFFFFFFFFFFFFFFFFFFFFFFFFFFFFFF AND EQ ISZERO ISZERO PUSH2 0x1347 JUMPI PUSH4 0x5A14BDFF TIMESTAMP GT ISZERO ISZERO PUSH2 0x1346 JUMPI PUSH1 0x0 DUP1 REVERT JUMPDEST JUMPDEST PUSH2 0x1352 CALLER DUP4 DUP4 PUSH2 0x182E JUMP JUMPDEST POP POP JUMP JUMPDEST PUSH1 0xA PUSH1 0x20 MSTORE DUP1 PUSH1 0x0 MSTORE PUSH1 0x40 PUSH1 0x0 KECCAK256 PUSH1 0x0 SWAP2 POP SWAP1 POP SLOAD DUP2 JUMP JUMPDEST PUSH1 0x0 PUSH4 0x5BC3D880 TIMESTAMP GT ISZERO ISZERO PUSH2 0x1382 JUMPI PUSH1 0x0 DUP1 REVERT JUMPDEST PUSH1 0x7 SLOAD DUP3 MUL SWAP1 POP DUP2 PUSH1 0x5 PUSH1 0x0 CALLER PUSH20 0xFFFFFFFFFFFFFFFFFFFFFFFFFFFFFFFFFFFFFFFF AND PUSH20 0xFFFFFFFFFFFFFFFFFFFFFFFFFFFFFFFFFFFFFFFF AND DUP2 MSTORE PUSH1 0x20 ADD SWAP1 DUP2 MSTORE PUSH1 0x20 ADD PUSH1 0x0 KECCAK256 SLOAD LT ISZERO ISZERO ISZERO PUSH2 0x13D7 JUMPI PUSH1 0x0 DUP1 REVERT JUMPDEST PUSH1 0x0 PUSH1 0x7 SLOAD GT ISZERO ISZERO PUSH2 0x13E8 JUMPI PUSH1 0x0 DUP1 REVERT JUMPDEST DUP1 PUSH1 0xD SLOAD LT ISZERO ISZERO ISZERO PUSH2 0x13F9 JUMPI PUSH1 0x0 DUP1 REVERT JUMPDEST TIMESTAMP PUSH1 0xA PUSH1 0x0 CALLER PUSH20 0xFFFFFFFFFFFFFFFFFFFFFFFFFFFFFFFFFFFFFFFF AND PUSH20 0xFFFFFFFFFFFFFFFFFFFFFFFFFFFFFFFFFFFFFFFF AND DUP2 MSTORE PUSH1 0x20 ADD SWAP1 DUP2 MSTORE PUSH1 0x20 ADD PUSH1 0x0 KECCAK256 SLOAD LT ISZERO ISZERO PUSH2 0x1446 JUMPI PUSH1 0x0 DUP1 REVERT JUMPDEST CALLER PUSH20 0xFFFFFFFFFFFFFFFFFFFFFFFFFFFFFFFFFFFFFFFF AND PUSH2 0x8FC DUP3 SWAP1 DUP2 ISZERO MUL SWAP1 PUSH1 0x40 MLOAD PUSH1 0x0 PUSH1 0x40 MLOAD DUP1 DUP4 SUB DUP2 DUP6 DUP9 DUP9 CALL SWAP4 POP POP POP POP ISZERO ISZERO PUSH2 0x1486 JUMPI PUSH1 0x0 DUP1 REVERT JUMPDEST DUP1 PUSH1 0xD PUSH1 0x0 DUP3 DUP3 SLOAD SUB SWAP3 POP POP DUP2 SWAP1 SSTORE POP PUSH2 0x149F DUP3 PUSH2 0xB0C JUMP JUMPDEST POP POP POP JUMP JUMPDEST PUSH1 0x0 DUP1 DUP5 SWAP1 POP PUSH2 0x14B4 DUP6 DUP6 PUSH2 0x929 JUMP JUMPDEST ISZERO PUSH2 0x1619 JUMPI DUP1 PUSH20 0xFFFFFFFFFFFFFFFFFFFFFFFFFFFFFFFFFFFFFFFF AND PUSH4 0x8F4FFCB1 CALLER DUP7 ADDRESS DUP8 PUSH1 0x40 MLOAD DUP6 PUSH4 0xFFFFFFFF AND PUSH29 0x100000000000000000000000000000000000000000000000000000000 MUL DUP2 MSTORE PUSH1 0x4 ADD DUP1 DUP6 PUSH20 0xFFFFFFFFFFFFFFFFFFFFFFFFFFFFFFFFFFFFFFFF AND PUSH20 0xFFFFFFFFFFFFFFFFFFFFFFFFFFFFFFFFFFFFFFFF AND DUP2 MSTORE PUSH1 0x20 ADD DUP5 DUP2 MSTORE PUSH1 0x20 ADD DUP4 PUSH20 0xFFFFFFFFFFFFFFFFFFFFFFFFFFFFFFFFFFFFFFFF AND PUSH20 0xFFFFFFFFFFFFFFFFFFFFFFFFFFFFFFFFFFFFFFFF AND DUP2 MSTORE PUSH1 0x20 ADD DUP1 PUSH1 0x20 ADD DUP3 DUP2 SUB DUP3 MSTORE DUP4 DUP2 DUP2 MLOAD DUP2 MSTORE PUSH1 0x20 ADD SWAP2 POP DUP1 MLOAD SWAP1 PUSH1 0x20 ADD SWAP1 DUP1 DUP4 DUP4 PUSH1 0x0 JUMPDEST DUP4 DUP2 LT ISZERO PUSH2 0x15AE JUMPI DUP1 DUP3 ADD MLOAD DUP2 DUP5 ADD MSTORE PUSH1 0x20 DUP2 ADD SWAP1 POP PUSH2 0x1593 JUMP JUMPDEST POP POP POP POP SWAP1 POP SWAP1 DUP2 ADD SWAP1 PUSH1 0x1F AND DUP1 ISZERO PUSH2 0x15DB JUMPI DUP1 DUP3 SUB DUP1 MLOAD PUSH1 0x1 DUP4 PUSH1 0x20 SUB PUSH2 0x100 EXP SUB NOT AND DUP2 MSTORE PUSH1 0x20 ADD SWAP2 POP JUMPDEST POP SWAP6 POP POP POP POP POP POP PUSH1 0x0 PUSH1 0x40 MLOAD DUP1 DUP4 SUB DUP2 PUSH1 0x0 DUP8 DUP1 EXTCODESIZE ISZERO ISZERO PUSH2 0x15FC JUMPI PUSH1 0x0 DUP1 REVERT JUMPDEST PUSH2 0x2C6 GAS SUB CALL ISZERO ISZERO PUSH2 0x160D JUMPI PUSH1 0x0 DUP1 REVERT JUMPDEST POP POP POP PUSH1 0x1 SWAP2 POP PUSH2 0x161A JUMP JUMPDEST JUMPDEST POP SWAP4 SWAP3 POP POP POP JUMP JUMPDEST PUSH1 0x6 PUSH1 0x20 MSTORE DUP2 PUSH1 0x0 MSTORE PUSH1 0x40 PUSH1 0x0 KECCAK256 PUSH1 0x20 MSTORE DUP1 PUSH1 0x0 MSTORE PUSH1 0x40 PUSH1 0x0 KECCAK256 PUSH1 0x0 SWAP2 POP SWAP2 POP POP SLOAD DUP2 JUMP JUMPDEST PUSH1 0x7 SLOAD DUP2 JUMP JUMPDEST PUSH1 0xD SLOAD DUP2 JUMP JUMPDEST PUSH1 0x0 DUP1 SWAP1 SLOAD SWAP1 PUSH2 0x100 EXP SWAP1 DIV PUSH20 0xFFFFFFFFFFFFFFFFFFFFFFFFFFFFFFFFFFFFFFFF AND PUSH20 0xFFFFFFFFFFFFFFFFFFFFFFFFFFFFFFFFFFFFFFFF AND CALLER PUSH20 0xFFFFFFFFFFFFFFFFFFFFFFFFFFFFFFFFFFFFFFFF AND EQ ISZERO ISZERO PUSH2 0x16AE JUMPI PUSH1 0x0 DUP1 REVERT JUMPDEST PUSH4 0x5BEE0880 TIMESTAMP LT ISZERO ISZERO PUSH2 0x16C0 JUMPI PUSH1 0x0 DUP1 REVERT JUMPDEST PUSH1 0x0 PUSH1 0xA PUSH1 0x0 DUP4 PUSH20 0xFFFFFFFFFFFFFFFFFFFFFFFFFFFFFFFFFFFFFFFF AND PUSH20 0xFFFFFFFFFFFFFFFFFFFFFFFFFFFFFFFFFFFFFFFF AND DUP2 MSTORE PUSH1 0x20 ADD SWAP1 DUP2 MSTORE PUSH1 0x20 ADD PUSH1 0x0 KECCAK256 SLOAD EQ ISZERO ISZERO PUSH2 0x170E JUMPI PUSH1 0x0 DUP1 REVERT JUMPDEST PUSH4 0x5BEE087F PUSH1 0xA PUSH1 0x0 DUP4 PUSH20 0xFFFFFFFFFFFFFFFFFFFFFFFFFFFFFFFFFFFFFFFF AND PUSH20 0xFFFFFFFFFFFFFFFFFFFFFFFFFFFFFFFFFFFFFFFF AND DUP2 MSTORE PUSH1 0x20 ADD SWAP1 DUP2 MSTORE PUSH1 0x20 ADD PUSH1 0x0 KECCAK256 DUP2 SWAP1 SSTORE POP POP JUMP JUMPDEST PUSH1 0x0 DUP1 SWAP1 SLOAD SWAP1 PUSH2 0x100 EXP SWAP1 DIV PUSH20 0xFFFFFFFFFFFFFFFFFFFFFFFFFFFFFFFFFFFFFFFF AND PUSH20 0xFFFFFFFFFFFFFFFFFFFFFFFFFFFFFFFFFFFFFFFF AND CALLER PUSH20 0xFFFFFFFFFFFFFFFFFFFFFFFFFFFFFFFFFFFFFFFF AND EQ ISZERO ISZERO PUSH2 0x17B4 JUMPI PUSH1 0x0 DUP1 REVERT JUMPDEST DUP1 PUSH1 0x0 DUP1 PUSH2 0x100 EXP DUP2 SLOAD DUP2 PUSH20 0xFFFFFFFFFFFFFFFFFFFFFFFFFFFFFFFFFFFFFFFF MUL NOT AND SWAP1 DUP4 PUSH20 0xFFFFFFFFFFFFFFFFFFFFFFFFFFFFFFFFFFFFFFFF AND MUL OR SWAP1 SSTORE POP POP JUMP JUMPDEST PUSH1 0x8 PUSH1 0x20 MSTORE DUP2 PUSH1 0x0 MSTORE PUSH1 0x40 PUSH1 0x0 KECCAK256 PUSH1 0x20 MSTORE DUP1 PUSH1 0x0 MSTORE PUSH1 0x40 PUSH1 0x0 KECCAK256 PUSH1 0x0 SWAP2 POP SWAP2 POP POP SLOAD DUP2 JUMP JUMPDEST DUP2 PUSH1 0xC DUP2 SWAP1 SSTORE POP DUP1 PUSH1 0xD DUP2 SWAP1 SSTORE POP POP POP JUMP JUMPDEST PUSH1 0x0 DUP3 PUSH20 0xFFFFFFFFFFFFFFFFFFFFFFFFFFFFFFFFFFFFFFFF AND EQ ISZERO ISZERO ISZERO PUSH2 0x1854 JUMPI PUSH1 0x0 DUP1 REVERT JUMPDEST DUP1 PUSH1 0x5 PUSH1 0x0 DUP6 PUSH20 0xFFFFFFFFFFFFFFFFFFFFFFFFFFFFFFFFFFFFFFFF AND PUSH20 0xFFFFFFFFFFFFFFFFFFFFFFFFFFFFFFFFFFFFFFFF AND DUP2 MSTORE PUSH1 0x20 ADD SWAP1 DUP2 MSTORE PUSH1 0x20 ADD PUSH1 0x0 KECCAK256 SLOAD LT ISZERO ISZERO ISZERO PUSH2 0x18A2 JUMPI PUSH1 0x0 DUP1 REVERT JUMPDEST PUSH1 0x5 PUSH1 0x0 DUP4 PUSH20 0xFFFFFFFFFFFFFFFFFFFFFFFFFFFFFFFFFFFFFFFF AND PUSH20 0xFFFFFFFFFFFFFFFFFFFFFFFFFFFFFFFFFFFFFFFF AND DUP2 MSTORE PUSH1 0x20 ADD SWAP1 DUP2 MSTORE PUSH1 0x20 ADD PUSH1 0x0 KECCAK256 SLOAD DUP2 PUSH1 0x5 PUSH1 0x0 DUP6 PUSH20 0xFFFFFFFFFFFFFFFFFFFFFFFFFFFFFFFFFFFFFFFF AND PUSH20 0xFFFFFFFFFFFFFFFFFFFFFFFFFFFFFFFFFFFFFFFF AND DUP2 MSTORE PUSH1 0x20 ADD SWAP1 DUP2 MSTORE PUSH1 0x20 ADD PUSH1 0x0 KECCAK256 SLOAD ADD GT ISZERO ISZERO PUSH2 0x1930 JUMPI PUSH1 0x0 DUP1 REVERT JUMPDEST TIMESTAMP PUSH1 0xA PUSH1 0x0 DUP6 PUSH20 0xFFFFFFFFFFFFFFFFFFFFFFFFFFFFFFFFFFFFFFFF AND PUSH20 0xFFFFFFFFFFFFFFFFFFFFFFFFFFFFFFFFFFFFFFFF AND DUP2 MSTORE PUSH1 0x20 ADD SWAP1 DUP2 MSTORE PUSH1 0x20 ADD PUSH1 0x0 KECCAK256 SLOAD LT ISZERO ISZERO PUSH2 0x197D JUMPI PUSH1 0x0 DUP1 REVERT JUMPDEST PUSH2 0x1986 DUP3 PUSH2 0x1A8A JUMP JUMPDEST DUP1 PUSH1 0x5 PUSH1 0x0 DUP6 PUSH20 0xFFFFFFFFFFFFFFFFFFFFFFFFFFFFFFFFFFFFFFFF AND PUSH20 0xFFFFFFFFFFFFFFFFFFFFFFFFFFFFFFFFFFFFFFFF AND DUP2 MSTORE PUSH1 0x20 ADD SWAP1 DUP2 MSTORE PUSH1 0x20 ADD PUSH1 0x0 KECCAK256 PUSH1 0x0 DUP3 DUP3 SLOAD SUB SWAP3 POP POP DUP2 SWAP1 SSTORE POP DUP1 PUSH1 0x5 PUSH1 0x0 DUP5 PUSH20 0xFFFFFFFFFFFFFFFFFFFFFFFFFFFFFFFFFFFFFFFF AND PUSH20 0xFFFFFFFFFFFFFFFFFFFFFFFFFFFFFFFFFFFFFFFF AND DUP2 MSTORE PUSH1 0x20 ADD SWAP1 DUP2 MSTORE PUSH1 0x20 ADD PUSH1 0x0 KECCAK256 PUSH1 0x0 DUP3 DUP3 SLOAD ADD SWAP3 POP POP DUP2 SWAP1 SSTORE POP DUP2 PUSH20 0xFFFFFFFFFFFFFFFFFFFFFFFFFFFFFFFFFFFFFFFF AND DUP4 PUSH20 0xFFFFFFFFFFFFFFFFFFFFFFFFFFFFFFFFFFFFFFFF AND PUSH32 0xDDF252AD1BE2C89B69C2B068FC378DAA952BA7F163C4A11628F55A4DF523B3EF DUP4 PUSH1 0x40 MLOAD DUP1 DUP3 DUP2 MSTORE PUSH1 0x20 ADD SWAP2 POP POP PUSH1 0x40 MLOAD DUP1 SWAP2 SUB SWAP1 LOG3 POP POP POP JUMP JUMPDEST PUSH1 0x0 PUSH1 0xF PUSH1 0x0 DUP4 PUSH20 0xFFFFFFFFFFFFFFFFFFFFFFFFFFFFFFFFFFFFFFFF AND PUSH20 0xFFFFFFFFFFFFFFFFFFFFFFFFFFFFFFFFFFFFFFFF AND DUP2 MSTORE PUSH1 0x20 ADD SWAP1 DUP2 MSTORE PUSH1 0x20 ADD PUSH1 0x0 KECCAK256 SLOAD EQ ISZERO PUSH2 0x1B7F JUMPI PUSH1 0x10 PUSH1 0x0 DUP2 SLOAD DUP1 SWAP3 SWAP2 SWAP1 PUSH1 0x1 ADD SWAP2 SWAP1 POP SSTORE POP DUP1 PUSH1 0x11 PUSH1 0x0 PUSH1 0x10 SLOAD DUP2 MSTORE PUSH1 0x20 ADD SWAP1 DUP2 MSTORE PUSH1 0x20 ADD PUSH1 0x0 KECCAK256 PUSH1 0x0 PUSH2 0x100 EXP DUP2 SLOAD DUP2 PUSH20 0xFFFFFFFFFFFFFFFFFFFFFFFFFFFFFFFFFFFFFFFF MUL NOT AND SWAP1 DUP4 PUSH20 0xFFFFFFFFFFFFFFFFFFFFFFFFFFFFFFFFFFFFFFFF AND MUL OR SWAP1 SSTORE POP PUSH1 0x10 SLOAD PUSH1 0xF PUSH1 0x0 DUP4 PUSH20 0xFFFFFFFFFFFFFFFFFFFFFFFFFFFFFFFFFFFFFFFF AND PUSH20 0xFFFFFFFFFFFFFFFFFFFFFFFFFFFFFFFFFFFFFFFF AND DUP2 MSTORE PUSH1 0x20 ADD SWAP1 DUP2 MSTORE PUSH1 0x20 ADD PUSH1 0x0 KECCAK256 DUP2 SWAP1 SSTORE POP JUMPDEST POP JUMP JUMPDEST DUP2 SLOAD DUP2 DUP4 SSTORE DUP2 DUP2 ISZERO GT PUSH2 0x1BA9 JUMPI DUP2 DUP4 PUSH1 0x0 MSTORE PUSH1 0x20 PUSH1 0x0 KECCAK256 SWAP2 DUP3 ADD SWAP2 ADD PUSH2 0x1BA8 SWAP2 SWAP1 PUSH2 0x1BAE JUMP JUMPDEST JUMPDEST POP POP POP JUMP JUMPDEST PUSH2 0x1BD0 SWAP2 SWAP1 JUMPDEST DUP1 DUP3 GT ISZERO PUSH2 0x1BCC JUMPI PUSH1 0x0 DUP2 PUSH1 0x0 SWAP1 SSTORE POP PUSH1 0x1 ADD PUSH2 0x1BB4 JUMP JUMPDEST POP SWAP1 JUMP JUMPDEST SWAP1 JUMP STOP LOG1 PUSH6 0x627A7A723058 KECCAK256 SIGNEXTEND 0xd5 SGT DUP12 PUSH12 0x8FAD122C7DFF79A7396B3352 PUSH10 0xFC94CA2DD01104EA7FB4 EXP SWAP2 CALLDATALOAD 0x2d STOP 0x29
1,PUSH1 0x60 PUSH1 0x40 MSTORE PUSH1 0x12 PUSH1 0x3 PUSH1 0x0 PUSH2 0x100 EXP DUP2 SLOAD DUP2 PUSH1 0xFF MUL NOT AND SWAP1 DUP4 PUSH1 0xFF AND MUL OR SWAP1 SSTORE POP CALLVALUE ISZERO PUSH3 0x2C JUMPI PUSH1 0x0 DUP1 REVERT JUMPDEST PUSH1 0x40 MLOAD PUSH3 0x1914 CODESIZE SUB DUP1 PUSH3 0x1914 DUP4 CODECOPY DUP2 ADD PUSH1 0x40 MSTORE DUP1 DUP1 MLOAD SWAP1 PUSH1 0x20 ADD SWAP1 SWAP2 SWAP1 DUP1 MLOAD DUP3 ADD SWAP2 SWAP1 PUSH1 0x20 ADD DUP1 MLOAD DUP3 ADD SWAP2 SWAP1 POP POP CALLER PUSH1 0x0 DUP1 PUSH2 0x100 EXP DUP2 SLOAD DUP2 PUSH20 0xFFFFFFFFFFFFFFFFFFFFFFFFFFFFFFFFFFFFFFFF MUL NOT AND SWAP1 DUP4 PUSH20 0xFFFFFFFFFFFFFFFFFFFFFFFFFFFFFFFFFFFFFFFF AND MUL OR SWAP1 SSTORE POP PUSH1 0x3 PUSH1 0x0 SWAP1 SLOAD SWAP1 PUSH2 0x100 EXP SWAP1 DIV PUSH1 0xFF AND PUSH1 0xFF AND PUSH1 0xA EXP DUP4 MUL PUSH1 0x4 DUP2 SWAP1 SSTORE POP PUSH1 0x4 SLOAD PUSH1 0x5 PUSH1 0x0 CALLER PUSH20 0xFFFFFFFFFFFFFFFFFFFFFFFFFFFFFFFFFFFFFFFF AND PUSH20 0xFFFFFFFFFFFFFFFFFFFFFFFFFFFFFFFFFFFFFFFF AND DUP2 MSTORE PUSH1 0x20 ADD SWAP1 DUP2 MSTORE PUSH1 0x20 ADD PUSH1 0x0 KECCAK256 DUP2 SWAP1 SSTORE POP DUP2 PUSH1 0x1 SWAP1 DUP1 MLOAD SWAP1 PUSH1 0x20 ADD SWAP1 PUSH3 0x118 SWAP3 SWAP2 SWAP1 PUSH3 0x13B JUMP JUMPDEST POP DUP1 PUSH1 0x2 SWAP1 DUP1 MLOAD SWAP1 PUSH1 0x20 ADD SWAP1 PUSH3 0x131 SWAP3 SWAP2 SWAP1 PUSH3 0x13B JUMP JUMPDEST POP POP POP POP PUSH3 0x1EA JUMP JUMPDEST DUP3 DUP1 SLOAD PUSH1 0x1 DUP2 PUSH1 0x1 AND ISZERO PUSH2 0x100 MUL SUB AND PUSH1 0x2 SWAP1 DIV SWAP1 PUSH1 0x0 MSTORE PUSH1 0x20 PUSH1 0x0 KECCAK256 SWAP1 PUSH1 0x1F ADD PUSH1 0x20 SWAP1 DIV DUP2 ADD SWAP3 DUP3 PUSH1 0x1F LT PUSH3 0x17E JUMPI DUP1 MLOAD PUSH1 0xFF NOT AND DUP4 DUP1 ADD OR DUP6 SSTORE PUSH3 0x1AF JUMP JUMPDEST DUP3 DUP1 ADD PUSH1 0x1 ADD DUP6 SSTORE DUP3 ISZERO PUSH3 0x1AF JUMPI SWAP2 DUP3 ADD JUMPDEST DUP3 DUP2 GT ISZERO PUSH3 0x1AE JUMPI DUP3 MLOAD DUP3 SSTORE SWAP2 PUSH1 0x20 ADD SWAP2 SWAP1 PUSH1 0x1 ADD SWAP1 PUSH3 0x191 JUMP JUMPDEST JUMPDEST POP SWAP1 POP PUSH3 0x1BE SWAP2 SWAP1 PUSH3 0x1C2 JUMP JUMPDEST POP SWAP1 JUMP JUMPDEST PUSH3 0x1E7 SWAP2 SWAP1 JUMPDEST DUP1 DUP3 GT ISZERO PUSH3 0x1E3 JUMPI PUSH1 0x0 DUP2 PUSH1 0x0 SWAP1 SSTORE POP PUSH1 0x1 ADD PUSH3 0x1C9 JUMP JUMPDEST POP SWAP1 JUMP JUMPDEST SWAP1 JUMP JUMPDEST PUSH2 0x171A DUP1 PUSH3 0x1FA PUSH1 0x0 CODECOPY PUSH1 0x0 RETURN STOP PUSH1 0x60 PUSH1 0x40 MSTORE PUSH1 0x4 CALLDATASIZE LT PUSH2 0x128 JUMPI PUSH1 0x0 CALLDATALOAD PUSH29 0x100000000000000000000000000000000000000000000000000000000 SWAP1 DIV PUSH4 0xFFFFFFFF AND DUP1 PUSH4 0x5FEFDA7 EQ PUSH2 0x12D JUMPI DUP1 PUSH4 0x6FDDE03 EQ PUSH2 0x159 JUMPI DUP1 PUSH4 0x95EA7B3 EQ PUSH2 0x1E7 JUMPI DUP1 PUSH4 0x18160DDD EQ PUSH2 0x241 JUMPI DUP1 PUSH4 0x23B872DD EQ PUSH2 0x26A JUMPI DUP1 PUSH4 0x313CE567 EQ PUSH2 0x2E3 JUMPI DUP1 PUSH4 0x42966C68 EQ PUSH2 0x312 JUMPI DUP1 PUSH4 0x4B750334 EQ PUSH2 0x34D JUMPI DUP1 PUSH4 0x70A08231 EQ PUSH2 0x376 JUMPI DUP1 PUSH4 0x79C65068 EQ PUSH2 0x3C3 JUMPI DUP1 PUSH4 0x79CC6790 EQ PUSH2 0x405 JUMPI DUP1 PUSH4 0x8620410B EQ PUSH2 0x45F JUMPI DUP1 PUSH4 0x8DA5CB5B EQ PUSH2 0x488 JUMPI DUP1 PUSH4 0x95D89B41 EQ PUSH2 0x4DD JUMPI DUP1 PUSH4 0xA6F2AE3A EQ PUSH2 0x56B JUMPI DUP1 PUSH4 0xA9059CBB EQ PUSH2 0x575 JUMPI DUP1 PUSH4 0xB414D4B6 EQ PUSH2 0x5B7 JUMPI DUP1 PUSH4 0xCAE9CA51 EQ PUSH2 0x608 JUMPI DUP1 PUSH4 0xDD62ED3E EQ PUSH2 0x6A5 JUMPI DUP1 PUSH4 0xE4849B32 EQ PUSH2 0x711 JUMPI DUP1 PUSH4 0xE724529C EQ PUSH2 0x734 JUMPI DUP1 PUSH4 0xF2FDE38B EQ PUSH2 0x778 JUMPI JUMPDEST PUSH1 0x0 DUP1 REVERT JUMPDEST CALLVALUE ISZERO PUSH2 0x138 JUMPI PUSH1 0x0 DUP1 REVERT JUMPDEST PUSH2 0x157 PUSH1 0x4 DUP1 DUP1 CALLDATALOAD SWAP1 PUSH1 0x20 ADD SWAP1 SWAP2 SWAP1 DUP1 CALLDATALOAD SWAP1 PUSH1 0x20 ADD SWAP1 SWAP2 SWAP1 POP POP PUSH2 0x7B1 JUMP JUMPDEST STOP JUMPDEST CALLVALUE ISZERO PUSH2 0x164 JUMPI PUSH1 0x0 DUP1 REVERT JUMPDEST PUSH2 0x16C PUSH2 0x81E JUMP JUMPDEST PUSH1 0x40 MLOAD DUP1 DUP1 PUSH1 0x20 ADD DUP3 DUP2 SUB DUP3 MSTORE DUP4 DUP2 DUP2 MLOAD DUP2 MSTORE PUSH1 0x20 ADD SWAP2 POP DUP1 MLOAD SWAP1 PUSH1 0x20 ADD SWAP1 DUP1 DUP4 DUP4 PUSH1 0x0 JUMPDEST DUP4 DUP2 LT ISZERO PUSH2 0x1AC JUMPI DUP1 DUP3 ADD MLOAD DUP2 DUP5 ADD MSTORE PUSH1 0x20 DUP2 ADD SWAP1 POP PUSH2 0x191 JUMP JUMPDEST POP POP POP POP SWAP1 POP SWAP1 DUP2 ADD SWAP1 PUSH1 0x1F AND DUP1 ISZERO PUSH2 0x1D9 JUMPI DUP1 DUP3 SUB DUP1 MLOAD PUSH1 0x1 DUP4 PUSH1 0x20 SUB PUSH2 0x100 EXP SUB NOT AND DUP2 MSTORE PUSH1 0x20 ADD SWAP2 POP JUMPDEST POP SWAP3 POP POP POP PUSH1 0x40 MLOAD DUP1 SWAP2 SUB SWAP1 RETURN JUMPDEST CALLVALUE ISZERO PUSH2 0x1F2 JUMPI PUSH1 0x0 DUP1 REVERT JUMPDEST PUSH2 0x227 PUSH1 0x4 DUP1 DUP1 CALLDATALOAD PUSH20 0xFFFFFFFFFFFFFFFFFFFFFFFFFFFFFFFFFFFFFFFF AND SWAP1 PUSH1 0x20 ADD SWAP1 SWAP2 SWAP1 DUP1 CALLDATALOAD SWAP1 PUSH1 0x20 ADD SWAP1 SWAP2 SWAP1 POP POP PUSH2 0x8BC JUMP JUMPDEST PUSH1 0x40 MLOAD DUP1 DUP3 ISZERO ISZERO ISZERO ISZERO DUP2 MSTORE PUSH1 0x20 ADD SWAP2 POP POP PUSH1 0x40 MLOAD DUP1 SWAP2 SUB SWAP1 RETURN JUMPDEST CALLVALUE ISZERO PUSH2 0x24C JUMPI PUSH1 0x0 DUP1 REVERT JUMPDEST PUSH2 0x254 PUSH2 0x949 JUMP JUMPDEST PUSH1 0x40 MLOAD DUP1 DUP3 DUP2 MSTORE PUSH1 0x20 ADD SWAP2 POP POP PUSH1 0x40 MLOAD DUP1 SWAP2 SUB SWAP1 RETURN JUMPDEST CALLVALUE ISZERO PUSH2 0x275 JUMPI PUSH1 0x0 DUP1 REVERT JUMPDEST PUSH2 0x2C9 PUSH1 0x4 DUP1 DUP1 CALLDATALOAD PUSH20 0xFFFFFFFFFFFFFFFFFFFFFFFFFFFFFFFFFFFFFFFF AND SWAP1 PUSH1 0x20 ADD SWAP1 SWAP2 SWAP1 DUP1 CALLDATALOAD PUSH20 0xFFFFFFFFFFFFFFFFFFFFFFFFFFFFFFFFFFFFFFFF AND SWAP1 PUSH1 0x20 ADD SWAP1 SWAP2 SWAP1 DUP1 CALLDATALOAD SWAP1 PUSH1 0x20 ADD SWAP1 SWAP2 SWAP1 POP POP PUSH2 0x94F JUMP JUMPDEST PUSH1 0x40 MLOAD DUP1 DUP3 ISZERO ISZERO ISZERO ISZERO DUP2 MSTORE PUSH1 0x20 ADD SWAP2 POP POP PUSH1 0x40 MLOAD DUP1 SWAP2 SUB SWAP1 RETURN JUMPDEST CALLVALUE ISZERO PUSH2 0x2EE JUMPI PUSH1 0x0 DUP1 REVERT JUMPDEST PUSH2 0x2F6 PUSH2 0xA7C JUMP JUMPDEST PUSH1 0x40 MLOAD DUP1 DUP3 PUSH1 0xFF AND PUSH1 0xFF AND DUP2 MSTORE PUSH1 0x20 ADD SWAP2 POP POP PUSH1 0x40 MLOAD DUP1 SWAP2 SUB SWAP1 RETURN JUMPDEST CALLVALUE ISZERO PUSH2 0x31D JUMPI PUSH1 0x0 DUP1 REVERT JUMPDEST PUSH2 0x333 PUSH1 0x4 DUP1 DUP1 CALLDATALOAD SWAP1 PUSH1 0x20 ADD SWAP1 SWAP2 SWAP1 POP POP PUSH2 0xA8F JUMP JUMPDEST PUSH1 0x40 MLOAD DUP1 DUP3 ISZERO ISZERO ISZERO ISZERO DUP2 MSTORE PUSH1 0x20 ADD SWAP2 POP POP PUSH1 0x40 MLOAD DUP1 SWAP2 SUB SWAP1 RETURN JUMPDEST CALLVALUE ISZERO PUSH2 0x358 JUMPI PUSH1 0x0 DUP1 REVERT JUMPDEST PUSH2 0x360 PUSH2 0xB93 JUMP JUMPDEST PUSH1 0x40 MLOAD DUP1 DUP3 DUP2 MSTORE PUSH1 0x20 ADD SWAP2 POP POP PUSH1 0x40 MLOAD DUP1 SWAP2 SUB SWAP1 RETURN JUMPDEST CALLVALUE ISZERO PUSH2 0x381 JUMPI PUSH1 0x0 DUP1 REVERT JUMPDEST PUSH2 0x3AD PUSH1 0x4 DUP1 DUP1 CALLDATALOAD PUSH20 0xFFFFFFFFFFFFFFFFFFFFFFFFFFFFFFFFFFFFFFFF AND SWAP1 PUSH1 0x20 ADD SWAP1 SWAP2 SWAP1 POP POP PUSH2 0xB99 JUMP JUMPDEST PUSH1 0x40 MLOAD DUP1 DUP3 DUP2 MSTORE PUSH1 0x20 ADD SWAP2 POP POP PUSH1 0x40 MLOAD DUP1 SWAP2 SUB SWAP1 RETURN JUMPDEST CALLVALUE ISZERO PUSH2 0x3CE JUMPI PUSH1 0x0 DUP1 REVERT JUMPDEST PUSH2 0x403 PUSH1 0x4 DUP1 DUP1 CALLDATALOAD PUSH20 0xFFFFFFFFFFFFFFFFFFFFFFFFFFFFFFFFFFFFFFFF AND SWAP1 PUSH1 0x20 ADD SWAP1 SWAP2 SWAP1 DUP1 CALLDATALOAD SWAP1 PUSH1 0x20 ADD SWAP1 SWAP2 SWAP1 POP POP PUSH2 0xBB1 JUMP JUMPDEST STOP JUMPDEST CALLVALUE ISZERO PUSH2 0x410 JUMPI PUSH1 0x0 DUP1 REVERT JUMPDEST PUSH2 0x445 PUSH1 0x4 DUP1 DUP1 CALLDATALOAD PUSH20 0xFFFFFFFFFFFFFFFFFFFFFFFFFFFFFFFFFFFFFFFF AND SWAP1 PUSH1 0x20 ADD SWAP1 SWAP2 SWAP1 DUP1 CALLDATALOAD SWAP1 PUSH1 0x20 ADD SWAP1 SWAP2 SWAP1 POP POP PUSH2 0xD22 JUMP JUMPDEST PUSH1 0x40 MLOAD DUP1 DUP3 ISZERO ISZERO ISZERO ISZERO DUP2 MSTORE PUSH1 0x20 ADD SWAP2 POP POP PUSH1 0x40 MLOAD DUP1 SWAP2 SUB SWAP1 RETURN JUMPDEST CALLVALUE ISZERO PUSH2 0x46A JUMPI PUSH1 0x0 DUP1 REVERT JUMPDEST PUSH2 0x472 PUSH2 0xF3C JUMP JUMPDEST PUSH1 0x40 MLOAD DUP1 DUP3 DUP2 MSTORE PUSH1 0x20 ADD SWAP2 POP POP PUSH1 0x40 MLOAD DUP1 SWAP2 SUB SWAP1 RETURN JUMPDEST CALLVALUE ISZERO PUSH2 0x493 JUMPI PUSH1 0x0 DUP1 REVERT JUMPDEST PUSH2 0x49B PUSH2 0xF42 JUMP JUMPDEST PUSH1 0x40 MLOAD DUP1 DUP3 PUSH20 0xFFFFFFFFFFFFFFFFFFFFFFFFFFFFFFFFFFFFFFFF AND PUSH20 0xFFFFFFFFFFFFFFFFFFFFFFFFFFFFFFFFFFFFFFFF AND DUP2 MSTORE PUSH1 0x20 ADD SWAP2 POP POP PUSH1 0x40 MLOAD DUP1 SWAP2 SUB SWAP1 RETURN JUMPDEST CALLVALUE ISZERO PUSH2 0x4E8 JUMPI PUSH1 0x0 DUP1 REVERT JUMPDEST PUSH2 0x4F0 PUSH2 0xF67 JUMP JUMPDEST PUSH1 0x40 MLOAD DUP1 DUP1 PUSH1 0x20 ADD DUP3 DUP2 SUB DUP3 MSTORE DUP4 DUP2 DUP2 MLOAD DUP2 MSTORE PUSH1 0x20 ADD SWAP2 POP DUP1 MLOAD SWAP1 PUSH1 0x20 ADD SWAP1 DUP1 DUP4 DUP4 PUSH1 0x0 JUMPDEST DUP4 DUP2 LT ISZERO PUSH2 0x530 JUMPI DUP1 DUP3 ADD MLOAD DUP2 DUP5 ADD MSTORE PUSH1 0x20 DUP2 ADD SWAP1 POP PUSH2 0x515 JUMP JUMPDEST POP POP POP POP SWAP1 POP SWAP1 DUP2 ADD SWAP1 PUSH1 0x1F AND DUP1 ISZERO PUSH2 0x55D JUMPI DUP1 DUP3 SUB DUP1 MLOAD PUSH1 0x1 DUP4 PUSH1 0x20 SUB PUSH2 0x100 EXP SUB NOT AND DUP2 MSTORE PUSH1 0x20 ADD SWAP2 POP JUMPDEST POP SWAP3 POP POP POP PUSH1 0x40 MLOAD DUP1 SWAP2 SUB SWAP1 RETURN JUMPDEST PUSH2 0x573 PUSH2 0x1005 JUMP JUMPDEST STOP JUMPDEST CALLVALUE ISZERO PUSH2 0x580 JUMPI PUSH1 0x0 DUP1 REVERT JUMPDEST PUSH2 0x5B5 PUSH1 0x4 DUP1 DUP1 CALLDATALOAD PUSH20 0xFFFFFFFFFFFFFFFFFFFFFFFFFFFFFFFFFFFFFFFF AND SWAP1 PUSH1 0x20 ADD SWAP1 SWAP2 SWAP1 DUP1 CALLDATALOAD SWAP1 PUSH1 0x20 ADD SWAP1 SWAP2 SWAP1 POP POP PUSH2 0x1025 JUMP JUMPDEST STOP JUMPDEST CALLVALUE ISZERO PUSH2 0x5C2 JUMPI PUSH1 0x0 DUP1 REVERT JUMPDEST PUSH2 0x5EE PUSH1 0x4 DUP1 DUP1 CALLDATALOAD PUSH20 0xFFFFFFFFFFFFFFFFFFFFFFFFFFFFFFFFFFFFFFFF AND SWAP1 PUSH1 0x20 ADD SWAP1 SWAP2 SWAP1 POP POP PUSH2 0x1034 JUMP JUMPDEST PUSH1 0x40 MLOAD DUP1 DUP3 ISZERO ISZERO ISZERO ISZERO DUP2 MSTORE PUSH1 0x20 ADD SWAP2 POP POP PUSH1 0x40 MLOAD DUP1 SWAP2 SUB SWAP1 RETURN JUMPDEST CALLVALUE ISZERO PUSH2 0x613 JUMPI PUSH1 0x0 DUP1 REVERT JUMPDEST PUSH2 0x68B PUSH1 0x4 DUP1 DUP1 CALLDATALOAD PUSH20 0xFFFFFFFFFFFFFFFFFFFFFFFFFFFFFFFFFFFFFFFF AND SWAP1 PUSH1 0x20 ADD SWAP1 SWAP2 SWAP1 DUP1 CALLDATALOAD SWAP1 PUSH1 0x20 ADD SWAP1 SWAP2 SWAP1 DUP1 CALLDATALOAD SWAP1 PUSH1 0x20 ADD SWAP1 DUP3 ADD DUP1 CALLDATALOAD SWAP1 PUSH1 0x20 ADD SWAP1 DUP1 DUP1 PUSH1 0x1F ADD PUSH1 0x20 DUP1 SWAP2 DIV MUL PUSH1 0x20 ADD PUSH1 0x40 MLOAD SWAP1 DUP2 ADD PUSH1 0x40 MSTORE DUP1 SWAP4 SWAP3 SWAP2 SWAP1 DUP2 DUP2 MSTORE PUSH1 0x20 ADD DUP4 DUP4 DUP1 DUP3 DUP5 CALLDATACOPY DUP3 ADD SWAP2 POP POP POP POP POP POP SWAP2 SWAP1 POP POP PUSH2 0x1054 JUMP JUMPDEST PUSH1 0x40 MLOAD DUP1 DUP3 ISZERO ISZERO ISZERO ISZERO DUP2 MSTORE PUSH1 0x20 ADD SWAP2 POP POP PUSH1 0x40 MLOAD DUP1 SWAP2 SUB SWAP1 RETURN JUMPDEST CALLVALUE ISZERO PUSH2 0x6B0 JUMPI PUSH1 0x0 DUP1 REVERT JUMPDEST PUSH2 0x6FB PUSH1 0x4 DUP1 DUP1 CALLDATALOAD PUSH20 0xFFFFFFFFFFFFFFFFFFFFFFFFFFFFFFFFFFFFFFFF AND SWAP1 PUSH1 0x20 ADD SWAP1 SWAP2 SWAP1 DUP1 CALLDATALOAD PUSH20 0xFFFFFFFFFFFFFFFFFFFFFFFFFFFFFFFFFFFFFFFF AND SWAP1 PUSH1 0x20 ADD SWAP1 SWAP2 SWAP1 POP POP PUSH2 0x11D2 JUMP JUMPDEST PUSH1 0x40 MLOAD DUP1 DUP3 DUP2 MSTORE PUSH1 0x20 ADD SWAP2 POP POP PUSH1 0x40 MLOAD DUP1 SWAP2 SUB SWAP1 RETURN JUMPDEST CALLVALUE ISZERO PUSH2 0x71C JUMPI PUSH1 0x0 DUP1 REVERT JUMPDEST PUSH2 0x732 PUSH1 0x4 DUP1 DUP1 CALLDATALOAD SWAP1 PUSH1 0x20 ADD SWAP1 SWAP2 SWAP1 POP POP PUSH2 0x11F7 JUMP JUMPDEST STOP JUMPDEST CALLVALUE ISZERO PUSH2 0x73F JUMPI PUSH1 0x0 DUP1 REVERT JUMPDEST PUSH2 0x776 PUSH1 0x4 DUP1 DUP1 CALLDATALOAD PUSH20 0xFFFFFFFFFFFFFFFFFFFFFFFFFFFFFFFFFFFFFFFF AND SWAP1 PUSH1 0x20 ADD SWAP1 SWAP2 SWAP1 DUP1 CALLDATALOAD ISZERO ISZERO SWAP1 PUSH1 0x20 ADD SWAP1 SWAP2 SWAP1 POP POP PUSH2 0x1273 JUMP JUMPDEST STOP JUMPDEST CALLVALUE ISZERO PUSH2 0x783 JUMPI PUSH1 0x0 DUP1 REVERT JUMPDEST PUSH2 0x7AF PUSH1 0x4 DUP1 DUP1 CALLDATALOAD PUSH20 0xFFFFFFFFFFFFFFFFFFFFFFFFFFFFFFFFFFFFFFFF AND SWAP1 PUSH1 0x20 ADD SWAP1 SWAP2 SWAP1 POP POP PUSH2 0x1398 JUMP JUMPDEST STOP JUMPDEST PUSH1 0x0 DUP1 SWAP1 SLOAD SWAP1 PUSH2 0x100 EXP SWAP1 DIV PUSH20 0xFFFFFFFFFFFFFFFFFFFFFFFFFFFFFFFFFFFFFFFF AND PUSH20 0xFFFFFFFFFFFFFFFFFFFFFFFFFFFFFFFFFFFFFFFF AND CALLER PUSH20 0xFFFFFFFFFFFFFFFFFFFFFFFFFFFFFFFFFFFFFFFF AND EQ ISZERO ISZERO PUSH2 0x80C JUMPI PUSH1 0x0 DUP1 REVERT JUMPDEST DUP2 PUSH1 0x7 DUP2 SWAP1 SSTORE POP DUP1 PUSH1 0x8 DUP2 SWAP1 SSTORE POP POP POP JUMP JUMPDEST PUSH1 0x1 DUP1 SLOAD PUSH1 0x1 DUP2 PUSH1 0x1 AND ISZERO PUSH2 0x100 MUL SUB AND PUSH1 0x2 SWAP1 DIV DUP1 PUSH1 0x1F ADD PUSH1 0x20 DUP1 SWAP2 DIV MUL PUSH1 0x20 ADD PUSH1 0x40 MLOAD SWAP1 DUP2 ADD PUSH1 0x40 MSTORE DUP1 SWAP3 SWAP2 SWAP1 DUP2 DUP2 MSTORE PUSH1 0x20 ADD DUP3 DUP1 SLOAD PUSH1 0x1 DUP2 PUSH1 0x1 AND ISZERO PUSH2 0x100 MUL SUB AND PUSH1 0x2 SWAP1 DIV DUP1 ISZERO PUSH2 0x8B4 JUMPI DUP1 PUSH1 0x1F LT PUSH2 0x889 JUMPI PUSH2 0x100 DUP1 DUP4 SLOAD DIV MUL DUP4 MSTORE SWAP2 PUSH1 0x20 ADD SWAP2 PUSH2 0x8B4 JUMP JUMPDEST DUP3 ADD SWAP2 SWAP1 PUSH1 0x0 MSTORE PUSH1 0x20 PUSH1 0x0 KECCAK256 SWAP1 JUMPDEST DUP2 SLOAD DUP2 MSTORE SWAP1 PUSH1 0x1 ADD SWAP1 PUSH1 0x20 ADD DUP1 DUP4 GT PUSH2 0x897 JUMPI DUP3 SWAP1 SUB PUSH1 0x1F AND DUP3 ADD SWAP2 JUMPDEST POP POP POP POP POP DUP2 JUMP JUMPDEST PUSH1 0x0 DUP2 PUSH1 0x6 PUSH1 0x0 CALLER PUSH20 0xFFFFFFFFFFFFFFFFFFFFFFFFFFFFFFFFFFFFFFFF AND PUSH20 0xFFFFFFFFFFFFFFFFFFFFFFFFFFFFFFFFFFFFFFFF AND DUP2 MSTORE PUSH1 0x20 ADD SWAP1 DUP2 MSTORE PUSH1 0x20 ADD PUSH1 0x0 KECCAK256 PUSH1 0x0 DUP6 PUSH20 0xFFFFFFFFFFFFFFFFFFFFFFFFFFFFFFFFFFFFFFFF AND PUSH20 0xFFFFFFFFFFFFFFFFFFFFFFFFFFFFFFFFFFFFFFFF AND DUP2 MSTORE PUSH1 0x20 ADD SWAP1 DUP2 MSTORE PUSH1 0x20 ADD PUSH1 0x0 KECCAK256 DUP2 SWAP1 SSTORE POP PUSH1 0x1 SWAP1 POP SWAP3 SWAP2 POP POP JUMP JUMPDEST PUSH1 0x4 SLOAD DUP2 JUMP JUMPDEST PUSH1 0x0 PUSH1 0x6 PUSH1 0x0 DUP6 PUSH20 0xFFFFFFFFFFFFFFFFFFFFFFFFFFFFFFFFFFFFFFFF AND PUSH20 0xFFFFFFFFFFFFFFFFFFFFFFFFFFFFFFFFFFFFFFFF AND DUP2 MSTORE PUSH1 0x20 ADD SWAP1 DUP2 MSTORE PUSH1 0x20 ADD PUSH1 0x0 KECCAK256 PUSH1 0x0 CALLER PUSH20 0xFFFFFFFFFFFFFFFFFFFFFFFFFFFFFFFFFFFFFFFF AND PUSH20 0xFFFFFFFFFFFFFFFFFFFFFFFFFFFFFFFFFFFFFFFF AND DUP2 MSTORE PUSH1 0x20 ADD SWAP1 DUP2 MSTORE PUSH1 0x20 ADD PUSH1 0x0 KECCAK256 SLOAD DUP3 GT ISZERO ISZERO ISZERO PUSH2 0x9DC JUMPI PUSH1 0x0 DUP1 REVERT JUMPDEST DUP2 PUSH1 0x6 PUSH1 0x0 DUP7 PUSH20 0xFFFFFFFFFFFFFFFFFFFFFFFFFFFFFFFFFFFFFFFF AND PUSH20 0xFFFFFFFFFFFFFFFFFFFFFFFFFFFFFFFFFFFFFFFF AND DUP2 MSTORE PUSH1 0x20 ADD SWAP1 DUP2 MSTORE PUSH1 0x20 ADD PUSH1 0x0 KECCAK256 PUSH1 0x0 CALLER PUSH20 0xFFFFFFFFFFFFFFFFFFFFFFFFFFFFFFFFFFFFFFFF AND PUSH20 0xFFFFFFFFFFFFFFFFFFFFFFFFFFFFFFFFFFFFFFFF AND DUP2 MSTORE PUSH1 0x20 ADD SWAP1 DUP2 MSTORE PUSH1 0x20 ADD PUSH1 0x0 KECCAK256 PUSH1 0x0 DUP3 DUP3 SLOAD SUB SWAP3 POP POP DUP2 SWAP1 SSTORE POP PUSH2 0xA71 DUP5 DUP5 DUP5 PUSH2 0x1436 JUMP JUMPDEST PUSH1 0x1 SWAP1 POP SWAP4 SWAP3 POP POP POP JUMP JUMPDEST PUSH1 0x3 PUSH1 0x0 SWAP1 SLOAD SWAP1 PUSH2 0x100 EXP SWAP1 DIV PUSH1 0xFF AND DUP2 JUMP JUMPDEST PUSH1 0x0 DUP2 PUSH1 0x5 PUSH1 0x0 CALLER PUSH20 0xFFFFFFFFFFFFFFFFFFFFFFFFFFFFFFFFFFFFFFFF AND PUSH20 0xFFFFFFFFFFFFFFFFFFFFFFFFFFFFFFFFFFFFFFFF AND DUP2 MSTORE PUSH1 0x20 ADD SWAP1 DUP2 MSTORE PUSH1 0x20 ADD PUSH1 0x0 KECCAK256 SLOAD LT ISZERO ISZERO ISZERO PUSH2 0xADF JUMPI PUSH1 0x0 DUP1 REVERT JUMPDEST DUP2 PUSH1 0x5 PUSH1 0x0 CALLER PUSH20 0xFFFFFFFFFFFFFFFFFFFFFFFFFFFFFFFFFFFFFFFF AND PUSH20 0xFFFFFFFFFFFFFFFFFFFFFFFFFFFFFFFFFFFFFFFF AND DUP2 MSTORE PUSH1 0x20 ADD SWAP1 DUP2 MSTORE PUSH1 0x20 ADD PUSH1 0x0 KECCAK256 PUSH1 0x0 DUP3 DUP3 SLOAD SUB SWAP3 POP POP DUP2 SWAP1 SSTORE POP DUP2 PUSH1 0x4 PUSH1 0x0 DUP3 DUP3 SLOAD SUB SWAP3 POP POP DUP2 SWAP1 SSTORE POP CALLER PUSH20 0xFFFFFFFFFFFFFFFFFFFFFFFFFFFFFFFFFFFFFFFF AND PUSH32 0xCC16F5DBB4873280815C1EE09DBD06736CFFCC184412CF7A71A0FDB75D397CA5 DUP4 PUSH1 0x40 MLOAD DUP1 DUP3 DUP2 MSTORE PUSH1 0x20 ADD SWAP2 POP POP PUSH1 0x40 MLOAD DUP1 SWAP2 SUB SWAP1 LOG2 PUSH1 0x1 SWAP1 POP SWAP2 SWAP1 POP JUMP JUMPDEST PUSH1 0x7 SLOAD DUP2 JUMP JUMPDEST PUSH1 0x5 PUSH1 0x20 MSTORE DUP1 PUSH1 0x0 MSTORE PUSH1 0x40 PUSH1 0x0 KECCAK256 PUSH1 0x0 SWAP2 POP SWAP1 POP SLOAD DUP2 JUMP JUMPDEST PUSH1 0x0 DUP1 SWAP1 SLOAD SWAP1 PUSH2 0x100 EXP SWAP1 DIV PUSH20 0xFFFFFFFFFFFFFFFFFFFFFFFFFFFFFFFFFFFFFFFF AND PUSH20 0xFFFFFFFFFFFFFFFFFFFFFFFFFFFFFFFFFFFFFFFF AND CALLER PUSH20 0xFFFFFFFFFFFFFFFFFFFFFFFFFFFFFFFFFFFFFFFF AND EQ ISZERO ISZERO PUSH2 0xC0C JUMPI PUSH1 0x0 DUP1 REVERT JUMPDEST DUP1 PUSH1 0x5 PUSH1 0x0 DUP5 PUSH20 0xFFFFFFFFFFFFFFFFFFFFFFFFFFFFFFFFFFFFFFFF AND PUSH20 0xFFFFFFFFFFFFFFFFFFFFFFFFFFFFFFFFFFFFFFFF AND DUP2 MSTORE PUSH1 0x20 ADD SWAP1 DUP2 MSTORE PUSH1 0x20 ADD PUSH1 0x0 KECCAK256 PUSH1 0x0 DUP3 DUP3 SLOAD ADD SWAP3 POP POP DUP2 SWAP1 SSTORE POP DUP1 PUSH1 0x4 PUSH1 0x0 DUP3 DUP3 SLOAD ADD SWAP3 POP POP DUP2 SWAP1 SSTORE POP ADDRESS PUSH20 0xFFFFFFFFFFFFFFFFFFFFFFFFFFFFFFFFFFFFFFFF AND PUSH1 0x0 PUSH32 0xDDF252AD1BE2C89B69C2B068FC378DAA952BA7F163C4A11628F55A4DF523B3EF DUP4 PUSH1 0x40 MLOAD DUP1 DUP3 DUP2 MSTORE PUSH1 0x20 ADD SWAP2 POP POP PUSH1 0x40 MLOAD DUP1 SWAP2 SUB SWAP1 LOG3 DUP2 PUSH20 0xFFFFFFFFFFFFFFFFFFFFFFFFFFFFFFFFFFFFFFFF AND ADDRESS PUSH20 0xFFFFFFFFFFFFFFFFFFFFFFFFFFFFFFFFFFFFFFFF AND PUSH32 0xDDF252AD1BE2C89B69C2B068FC378DAA952BA7F163C4A11628F55A4DF523B3EF DUP4 PUSH1 0x40 MLOAD DUP1 DUP3 DUP2 MSTORE PUSH1 0x20 ADD SWAP2 POP POP PUSH1 0x40 MLOAD DUP1 SWAP2 SUB SWAP1 LOG3 POP POP JUMP JUMPDEST PUSH1 0x0 DUP2 PUSH1 0x5 PUSH1 0x0 DUP6 PUSH20 0xFFFFFFFFFFFFFFFFFFFFFFFFFFFFFFFFFFFFFFFF AND PUSH20 0xFFFFFFFFFFFFFFFFFFFFFFFFFFFFFFFFFFFFFFFF AND DUP2 MSTORE PUSH1 0x20 ADD SWAP1 DUP2 MSTORE PUSH1 0x20 ADD PUSH1 0x0 KECCAK256 SLOAD LT ISZERO ISZERO ISZERO PUSH2 0xD72 JUMPI PUSH1 0x0 DUP1 REVERT JUMPDEST PUSH1 0x6 PUSH1 0x0 DUP5 PUSH20 0xFFFFFFFFFFFFFFFFFFFFFFFFFFFFFFFFFFFFFFFF AND PUSH20 0xFFFFFFFFFFFFFFFFFFFFFFFFFFFFFFFFFFFFFFFF AND DUP2 MSTORE PUSH1 0x20 ADD SWAP1 DUP2 MSTORE PUSH1 0x20 ADD PUSH1 0x0 KECCAK256 PUSH1 0x0 CALLER PUSH20 0xFFFFFFFFFFFFFFFFFFFFFFFFFFFFFFFFFFFFFFFF AND PUSH20 0xFFFFFFFFFFFFFFFFFFFFFFFFFFFFFFFFFFFFFFFF AND DUP2 MSTORE PUSH1 0x20 ADD SWAP1 DUP2 MSTORE PUSH1 0x20 ADD PUSH1 0x0 KECCAK256 SLOAD DUP3 GT ISZERO ISZERO ISZERO PUSH2 0xDFD JUMPI PUSH1 0x0 DUP1 REVERT JUMPDEST DUP2 PUSH1 0x5 PUSH1 0x0 DUP6 PUSH20 0xFFFFFFFFFFFFFFFFFFFFFFFFFFFFFFFFFFFFFFFF AND PUSH20 0xFFFFFFFFFFFFFFFFFFFFFFFFFFFFFFFFFFFFFFFF AND DUP2 MSTORE PUSH1 0x20 ADD SWAP1 DUP2 MSTORE PUSH1 0x20 ADD PUSH1 0x0 KECCAK256 PUSH1 0x0 DUP3 DUP3 SLOAD SUB SWAP3 POP POP DUP2 SWAP1 SSTORE POP DUP2 PUSH1 0x6 PUSH1 0x0 DUP6 PUSH20 0xFFFFFFFFFFFFFFFFFFFFFFFFFFFFFFFFFFFFFFFF AND PUSH20 0xFFFFFFFFFFFFFFFFFFFFFFFFFFFFFFFFFFFFFFFF AND DUP2 MSTORE PUSH1 0x20 ADD SWAP1 DUP2 MSTORE PUSH1 0x20 ADD PUSH1 0x0 KECCAK256 PUSH1 0x0 CALLER PUSH20 0xFFFFFFFFFFFFFFFFFFFFFFFFFFFFFFFFFFFFFFFF AND PUSH20 0xFFFFFFFFFFFFFFFFFFFFFFFFFFFFFFFFFFFFFFFF AND DUP2 MSTORE PUSH1 0x20 ADD SWAP1 DUP2 MSTORE PUSH1 0x20 ADD PUSH1 0x0 KECCAK256 PUSH1 0x0 DUP3 DUP3 SLOAD SUB SWAP3 POP POP DUP2 SWAP1 SSTORE POP DUP2 PUSH1 0x4 PUSH1 0x0 DUP3 DUP3 SLOAD SUB SWAP3 POP POP DUP2 SWAP1 SSTORE POP DUP3 PUSH20 0xFFFFFFFFFFFFFFFFFFFFFFFFFFFFFFFFFFFFFFFF AND PUSH32 0xCC16F5DBB4873280815C1EE09DBD06736CFFCC184412CF7A71A0FDB75D397CA5 DUP4 PUSH1 0x40 MLOAD DUP1 DUP3 DUP2 MSTORE PUSH1 0x20 ADD SWAP2 POP POP PUSH1 0x40 MLOAD DUP1 SWAP2 SUB SWAP1 LOG2 PUSH1 0x1 SWAP1 POP SWAP3 SWAP2 POP POP JUMP JUMPDEST PUSH1 0x8 SLOAD DUP2 JUMP JUMPDEST PUSH1 0x0 DUP1 SWAP1 SLOAD SWAP1 PUSH2 0x100 EXP SWAP1 DIV PUSH20 0xFFFFFFFFFFFFFFFFFFFFFFFFFFFFFFFFFFFFFFFF AND DUP2 JUMP JUMPDEST PUSH1 0x2 DUP1 SLOAD PUSH1 0x1 DUP2 PUSH1 0x1 AND ISZERO PUSH2 0x100 MUL SUB AND PUSH1 0x2 SWAP1 DIV DUP1 PUSH1 0x1F ADD PUSH1 0x20 DUP1 SWAP2 DIV MUL PUSH1 0x20 ADD PUSH1 0x40 MLOAD SWAP1 DUP2 ADD PUSH1 0x40 MSTORE DUP1 SWAP3 SWAP2 SWAP1 DUP2 DUP2 MSTORE PUSH1 0x20 ADD DUP3 DUP1 SLOAD PUSH1 0x1 DUP2 PUSH1 0x1 AND ISZERO PUSH2 0x100 MUL SUB AND PUSH1 0x2 SWAP1 DIV DUP1 ISZERO PUSH2 0xFFD JUMPI DUP1 PUSH1 0x1F LT PUSH2 0xFD2 JUMPI PUSH2 0x100 DUP1 DUP4 SLOAD DIV MUL DUP4 MSTORE SWAP2 PUSH1 0x20 ADD SWAP2 PUSH2 0xFFD JUMP JUMPDEST DUP3 ADD SWAP2 SWAP1 PUSH1 0x0 MSTORE PUSH1 0x20 PUSH1 0x0 KECCAK256 SWAP1 JUMPDEST DUP2 SLOAD DUP2 MSTORE SWAP1 PUSH1 0x1 ADD SWAP1 PUSH1 0x20 ADD DUP1 DUP4 GT PUSH2 0xFE0 JUMPI DUP3 SWAP1 SUB PUSH1 0x1F AND DUP3 ADD SWAP2 JUMPDEST POP POP POP POP POP DUP2 JUMP JUMPDEST PUSH1 0x0 PUSH1 0x8 SLOAD CALLVALUE DUP2 ISZERO ISZERO PUSH2 0x1014 JUMPI INVALID JUMPDEST DIV SWAP1 POP PUSH2 0x1022 ADDRESS CALLER DUP4 PUSH2 0x1436 JUMP JUMPDEST POP JUMP JUMPDEST PUSH2 0x1030 CALLER DUP4 DUP4 PUSH2 0x1436 JUMP JUMPDEST POP POP JUMP JUMPDEST PUSH1 0x9 PUSH1 0x20 MSTORE DUP1 PUSH1 0x0 MSTORE PUSH1 0x40 PUSH1 0x0 KECCAK256 PUSH1 0x0 SWAP2 POP SLOAD SWAP1 PUSH2 0x100 EXP SWAP1 DIV PUSH1 0xFF AND DUP2 JUMP JUMPDEST PUSH1 0x0 DUP1 DUP5 SWAP1 POP PUSH2 0x1064 DUP6 DUP6 PUSH2 0x8BC JUMP JUMPDEST ISZERO PUSH2 0x11C9 JUMPI DUP1 PUSH20 0xFFFFFFFFFFFFFFFFFFFFFFFFFFFFFFFFFFFFFFFF AND PUSH4 0x8F4FFCB1 CALLER DUP7 ADDRESS DUP8 PUSH1 0x40 MLOAD DUP6 PUSH4 0xFFFFFFFF AND PUSH29 0x100000000000000000000000000000000000000000000000000000000 MUL DUP2 MSTORE PUSH1 0x4 ADD DUP1 DUP6 PUSH20 0xFFFFFFFFFFFFFFFFFFFFFFFFFFFFFFFFFFFFFFFF AND PUSH20 0xFFFFFFFFFFFFFFFFFFFFFFFFFFFFFFFFFFFFFFFF AND DUP2 MSTORE PUSH1 0x20 ADD DUP5 DUP2 MSTORE PUSH1 0x20 ADD DUP4 PUSH20 0xFFFFFFFFFFFFFFFFFFFFFFFFFFFFFFFFFFFFFFFF AND PUSH20 0xFFFFFFFFFFFFFFFFFFFFFFFFFFFFFFFFFFFFFFFF AND DUP2 MSTORE PUSH1 0x20 ADD DUP1 PUSH1 0x20 ADD DUP3 DUP2 SUB DUP3 MSTORE DUP4 DUP2 DUP2 MLOAD DUP2 MSTORE PUSH1 0x20 ADD SWAP2 POP DUP1 MLOAD SWAP1 PUSH1 0x20 ADD SWAP1 DUP1 DUP4 DUP4 PUSH1 0x0 JUMPDEST DUP4 DUP2 LT ISZERO PUSH2 0x115E JUMPI DUP1 DUP3 ADD MLOAD DUP2 DUP5 ADD MSTORE PUSH1 0x20 DUP2 ADD SWAP1 POP PUSH2 0x1143 JUMP JUMPDEST POP POP POP POP SWAP1 POP SWAP1 DUP2 ADD SWAP1 PUSH1 0x1F AND DUP1 ISZERO PUSH2 0x118B JUMPI DUP1 DUP3 SUB DUP1 MLOAD PUSH1 0x1 DUP4 PUSH1 0x20 SUB PUSH2 0x100 EXP SUB NOT AND DUP2 MSTORE PUSH1 0x20 ADD SWAP2 POP JUMPDEST POP SWAP6 POP POP POP POP POP POP PUSH1 0x0 PUSH1 0x40 MLOAD DUP1 DUP4 SUB DUP2 PUSH1 0x0 DUP8 DUP1 EXTCODESIZE ISZERO ISZERO PUSH2 0x11AC JUMPI PUSH1 0x0 DUP1 REVERT JUMPDEST PUSH2 0x2C6 GAS SUB CALL ISZERO ISZERO PUSH2 0x11BD JUMPI PUSH1 0x0 DUP1 REVERT JUMPDEST POP POP POP PUSH1 0x1 SWAP2 POP PUSH2 0x11CA JUMP JUMPDEST JUMPDEST POP SWAP4 SWAP3 POP POP POP JUMP JUMPDEST PUSH1 0x6 PUSH1 0x20 MSTORE DUP2 PUSH1 0x0 MSTORE PUSH1 0x40 PUSH1 0x0 KECCAK256 PUSH1 0x20 MSTORE DUP1 PUSH1 0x0 MSTORE PUSH1 0x40 PUSH1 0x0 KECCAK256 PUSH1 0x0 SWAP2 POP SWAP2 POP POP SLOAD DUP2 JUMP JUMPDEST PUSH1 0x7 SLOAD DUP2 MUL ADDRESS PUSH20 0xFFFFFFFFFFFFFFFFFFFFFFFFFFFFFFFFFFFFFFFF AND BALANCE LT ISZERO ISZERO ISZERO PUSH2 0x1221 JUMPI PUSH1 0x0 DUP1 REVERT JUMPDEST PUSH2 0x122C CALLER ADDRESS DUP4 PUSH2 0x1436 JUMP JUMPDEST CALLER PUSH20 0xFFFFFFFFFFFFFFFFFFFFFFFFFFFFFFFFFFFFFFFF AND PUSH2 0x8FC PUSH1 0x7 SLOAD DUP4 MUL SWAP1 DUP2 ISZERO MUL SWAP1 PUSH1 0x40 MLOAD PUSH1 0x0 PUSH1 0x40 MLOAD DUP1 DUP4 SUB DUP2 DUP6 DUP9 DUP9 CALL SWAP4 POP POP POP POP ISZERO ISZERO PUSH2 0x1270 JUMPI PUSH1 0x0 DUP1 REVERT JUMPDEST POP JUMP JUMPDEST PUSH1 0x0 DUP1 SWAP1 SLOAD SWAP1 PUSH2 0x100 EXP SWAP1 DIV PUSH20 0xFFFFFFFFFFFFFFFFFFFFFFFFFFFFFFFFFFFFFFFF AND PUSH20 0xFFFFFFFFFFFFFFFFFFFFFFFFFFFFFFFFFFFFFFFF AND CALLER PUSH20 0xFFFFFFFFFFFFFFFFFFFFFFFFFFFFFFFFFFFFFFFF AND EQ ISZERO ISZERO PUSH2 0x12CE JUMPI PUSH1 0x0 DUP1 REVERT JUMPDEST DUP1 PUSH1 0x9 PUSH1 0x0 DUP5 PUSH20 0xFFFFFFFFFFFFFFFFFFFFFFFFFFFFFFFFFFFFFFFF AND PUSH20 0xFFFFFFFFFFFFFFFFFFFFFFFFFFFFFFFFFFFFFFFF AND DUP2 MSTORE PUSH1 0x20 ADD SWAP1 DUP2 MSTORE PUSH1 0x20 ADD PUSH1 0x0 KECCAK256 PUSH1 0x0 PUSH2 0x100 EXP DUP2 SLOAD DUP2 PUSH1 0xFF MUL NOT AND SWAP1 DUP4 ISZERO ISZERO MUL OR SWAP1 SSTORE POP PUSH32 0x48335238B4855F35377ED80F164E8C6F3C366E54AC00B96A6402D4A9814A03A5 DUP3 DUP3 PUSH1 0x40 MLOAD DUP1 DUP4 PUSH20 0xFFFFFFFFFFFFFFFFFFFFFFFFFFFFFFFFFFFFFFFF AND PUSH20 0xFFFFFFFFFFFFFFFFFFFFFFFFFFFFFFFFFFFFFFFF AND DUP2 MSTORE PUSH1 0x20 ADD DUP3 ISZERO ISZERO ISZERO ISZERO DUP2 MSTORE PUSH1 0x20 ADD SWAP3 POP POP POP PUSH1 0x40 MLOAD DUP1 SWAP2 SUB SWAP1 LOG1 POP POP JUMP JUMPDEST PUSH1 0x0 DUP1 SWAP1 SLOAD SWAP1 PUSH2 0x100 EXP SWAP1 DIV PUSH20 0xFFFFFFFFFFFFFFFFFFFFFFFFFFFFFFFFFFFFFFFF AND PUSH20 0xFFFFFFFFFFFFFFFFFFFFFFFFFFFFFFFFFFFFFFFF AND CALLER PUSH20 0xFFFFFFFFFFFFFFFFFFFFFFFFFFFFFFFFFFFFFFFF AND EQ ISZERO ISZERO PUSH2 0x13F3 JUMPI PUSH1 0x0 DUP1 REVERT JUMPDEST DUP1 PUSH1 0x0 DUP1 PUSH2 0x100 EXP DUP2 SLOAD DUP2 PUSH20 0xFFFFFFFFFFFFFFFFFFFFFFFFFFFFFFFFFFFFFFFF MUL NOT AND SWAP1 DUP4 PUSH20 0xFFFFFFFFFFFFFFFFFFFFFFFFFFFFFFFFFFFFFFFF AND MUL OR SWAP1 SSTORE POP POP JUMP JUMPDEST PUSH1 0x0 DUP3 PUSH20 0xFFFFFFFFFFFFFFFFFFFFFFFFFFFFFFFFFFFFFFFF AND EQ ISZERO ISZERO ISZERO PUSH2 0x145C JUMPI PUSH1 0x0 DUP1 REVERT JUMPDEST DUP1 PUSH1 0x5 PUSH1 0x0 DUP6 PUSH20 0xFFFFFFFFFFFFFFFFFFFFFFFFFFFFFFFFFFFFFFFF AND PUSH20 0xFFFFFFFFFFFFFFFFFFFFFFFFFFFFFFFFFFFFFFFF AND DUP2 MSTORE PUSH1 0x20 ADD SWAP1 DUP2 MSTORE PUSH1 0x20 ADD PUSH1 0x0 KECCAK256 SLOAD LT ISZERO ISZERO ISZERO PUSH2 0x14AA JUMPI PUSH1 0x0 DUP1 REVERT JUMPDEST PUSH1 0x5 PUSH1 0x0 DUP4 PUSH20 0xFFFFFFFFFFFFFFFFFFFFFFFFFFFFFFFFFFFFFFFF AND PUSH20 0xFFFFFFFFFFFFFFFFFFFFFFFFFFFFFFFFFFFFFFFF AND DUP2 MSTORE PUSH1 0x20 ADD SWAP1 DUP2 MSTORE PUSH1 0x20 ADD PUSH1 0x0 KECCAK256 SLOAD DUP2 PUSH1 0x5 PUSH1 0x0 DUP6 PUSH20 0xFFFFFFFFFFFFFFFFFFFFFFFFFFFFFFFFFFFFFFFF AND PUSH20 0xFFFFFFFFFFFFFFFFFFFFFFFFFFFFFFFFFFFFFFFF AND DUP2 MSTORE PUSH1 0x20 ADD SWAP1 DUP2 MSTORE PUSH1 0x20 ADD PUSH1 0x0 KECCAK256 SLOAD ADD GT ISZERO ISZERO PUSH2 0x1538 JUMPI PUSH1 0x0 DUP1 REVERT JUMPDEST PUSH1 0x9 PUSH1 0x0 DUP5 PUSH20 0xFFFFFFFFFFFFFFFFFFFFFFFFFFFFFFFFFFFFFFFF AND PUSH20 0xFFFFFFFFFFFFFFFFFFFFFFFFFFFFFFFFFFFFFFFF AND DUP2 MSTORE PUSH1 0x20 ADD SWAP1 DUP2 MSTORE PUSH1 0x20 ADD PUSH1 0x0 KECCAK256 PUSH1 0x0 SWAP1 SLOAD SWAP1 PUSH2 0x100 EXP SWAP1 DIV PUSH1 0xFF AND ISZERO ISZERO ISZERO PUSH2 0x1591 JUMPI PUSH1 0x0 DUP1 REVERT JUMPDEST PUSH1 0x9 PUSH1 0x0 DUP4 PUSH20 0xFFFFFFFFFFFFFFFFFFFFFFFFFFFFFFFFFFFFFFFF AND PUSH20 0xFFFFFFFFFFFFFFFFFFFFFFFFFFFFFFFFFFFFFFFF AND DUP2 MSTORE PUSH1 0x20 ADD SWAP1 DUP2 MSTORE PUSH1 0x20 ADD PUSH1 0x0 KECCAK256 PUSH1 0x0 SWAP1 SLOAD SWAP1 PUSH2 0x100 EXP SWAP1 DIV PUSH1 0xFF AND ISZERO ISZERO ISZERO PUSH2 0x15EA JUMPI PUSH1 0x0 DUP1 REVERT JUMPDEST DUP1 PUSH1 0x5 PUSH1 0x0 DUP6 PUSH20 0xFFFFFFFFFFFFFFFFFFFFFFFFFFFFFFFFFFFFFFFF AND PUSH20 0xFFFFFFFFFFFFFFFFFFFFFFFFFFFFFFFFFFFFFFFF AND DUP2 MSTORE PUSH1 0x20 ADD SWAP1 DUP2 MSTORE PUSH1 0x20 ADD PUSH1 0x0 KECCAK256 PUSH1 0x0 DUP3 DUP3 SLOAD SUB SWAP3 POP POP DUP2 SWAP1 SSTORE POP DUP1 PUSH1 0x5 PUSH1 0x0 DUP5 PUSH20 0xFFFFFFFFFFFFFFFFFFFFFFFFFFFFFFFFFFFFFFFF AND PUSH20 0xFFFFFFFFFFFFFFFFFFFFFFFFFFFFFFFFFFFFFFFF AND DUP2 MSTORE PUSH1 0x20 ADD SWAP1 DUP2 MSTORE PUSH1 0x20 ADD PUSH1 0x0 KECCAK256 PUSH1 0x0 DUP3 DUP3 SLOAD ADD SWAP3 POP POP DUP2 SWAP1 SSTORE POP DUP2 PUSH20 0xFFFFFFFFFFFFFFFFFFFFFFFFFFFFFFFFFFFFFFFF AND DUP4 PUSH20 0xFFFFFFFFFFFFFFFFFFFFFFFFFFFFFFFFFFFFFFFF AND PUSH32 0xDDF252AD1BE2C89B69C2B068FC378DAA952BA7F163C4A11628F55A4DF523B3EF DUP4 PUSH1 0x40 MLOAD DUP1 DUP3 DUP2 MSTORE PUSH1 0x20 ADD SWAP2 POP POP PUSH1 0x40 MLOAD DUP1 SWAP2 SUB SWAP1 LOG3 POP POP POP JUMP STOP LOG1 PUSH6 0x627A7A723058 KECCAK256 0xe3 DIV PUSH9 0x9A934244C08D5C2E61 LOG2 SWAP12 JUMP 0xeb SWAP12 DUP8 COINBASE 0x2f SELFDESTRUCT PUSH9 0xE250B02279410DFFA SHR STOP 0x29
1,PUSH1 0x60 PUSH1 0x40 MSTORE PUSH7 0x2386F26FC10000 PUSH1 0x1 SSTORE CALLER PUSH1 0x0 DUP1 PUSH2 0x100 EXP DUP2 SLOAD DUP2 PUSH20 0xFFFFFFFFFFFFFFFFFFFFFFFFFFFFFFFFFFFFFFFF MUL NOT AND SWAP1 DUP4 PUSH20 0xFFFFFFFFFFFFFFFFFFFFFFFFFFFFFFFFFFFFFFFF AND MUL OR SWAP1 SSTORE POP PUSH2 0x24F5 DUP1 PUSH2 0x5E PUSH1 0x0 CODECOPY PUSH1 0x0 RETURN STOP PUSH1 0x60 PUSH1 0x40 MSTORE PUSH1 0x4 CALLDATASIZE LT PUSH2 0x149 JUMPI PUSH1 0x0 CALLDATALOAD PUSH29 0x100000000000000000000000000000000000000000000000000000000 SWAP1 DIV PUSH4 0xFFFFFFFF AND DUP1 PUSH4 0x5B4AAFA EQ PUSH2 0x14E JUMPI DUP1 PUSH4 0x6FDDE03 EQ PUSH2 0x1B1 JUMPI DUP1 PUSH4 0x95EA7B3 EQ PUSH2 0x23F JUMPI DUP1 PUSH4 0x1051DB34 EQ PUSH2 0x281 JUMPI DUP1 PUSH4 0x1057CE8C EQ PUSH2 0x2AE JUMPI DUP1 PUSH4 0x18160DDD EQ PUSH2 0x2C3 JUMPI DUP1 PUSH4 0x23B872DD EQ PUSH2 0x2EC JUMPI DUP1 PUSH4 0x5F9DF44C EQ PUSH2 0x34D JUMPI DUP1 PUSH4 0x6352211E EQ PUSH2 0x365 JUMPI DUP1 PUSH4 0x70A08231 EQ PUSH2 0x3C8 JUMPI DUP1 PUSH4 0x7D8E6835 EQ PUSH2 0x415 JUMPI DUP1 PUSH4 0x8462151C EQ PUSH2 0x478 JUMPI DUP1 PUSH4 0x850ED153 EQ PUSH2 0x506 JUMPI DUP1 PUSH4 0x9063957F EQ PUSH2 0x5DC JUMPI DUP1 PUSH4 0x95D89B41 EQ PUSH2 0x63F JUMPI DUP1 PUSH4 0x9EEC4BAC EQ PUSH2 0x6CD JUMPI DUP1 PUSH4 0xA3F4DF7E EQ PUSH2 0x6E2 JUMPI DUP1 PUSH4 0xA843C51F EQ PUSH2 0x770 JUMPI DUP1 PUSH4 0xA9059CBB EQ PUSH2 0x7A9 JUMPI DUP1 PUSH4 0xB2E6CEEB EQ PUSH2 0x7EB JUMPI DUP1 PUSH4 0xB9186D7D EQ PUSH2 0x80E JUMPI DUP1 PUSH4 0xCE606EE0 EQ PUSH2 0x845 JUMPI DUP1 PUSH4 0xEFEF39A1 EQ PUSH2 0x89A JUMPI DUP1 PUSH4 0xF0D93EAE EQ PUSH2 0x8B2 JUMPI DUP1 PUSH4 0xF76F8D78 EQ PUSH2 0x9BA JUMPI JUMPDEST PUSH1 0x0 DUP1 REVERT JUMPDEST CALLVALUE ISZERO PUSH2 0x159 JUMPI PUSH1 0x0 DUP1 REVERT JUMPDEST PUSH2 0x16F PUSH1 0x4 DUP1 DUP1 CALLDATALOAD SWAP1 PUSH1 0x20 ADD SWAP1 SWAP2 SWAP1 POP POP PUSH2 0xA48 JUMP JUMPDEST PUSH1 0x40 MLOAD DUP1 DUP3 PUSH20 0xFFFFFFFFFFFFFFFFFFFFFFFFFFFFFFFFFFFFFFFF AND PUSH20 0xFFFFFFFFFFFFFFFFFFFFFFFFFFFFFFFFFFFFFFFF AND DUP2 MSTORE PUSH1 0x20 ADD SWAP2 POP POP PUSH1 0x40 MLOAD DUP1 SWAP2 SUB SWAP1 RETURN JUMPDEST CALLVALUE ISZERO PUSH2 0x1BC JUMPI PUSH1 0x0 DUP1 REVERT JUMPDEST PUSH2 0x1C4 PUSH2 0xA7B JUMP JUMPDEST PUSH1 0x40 MLOAD DUP1 DUP1 PUSH1 0x20 ADD DUP3 DUP2 SUB DUP3 MSTORE DUP4 DUP2 DUP2 MLOAD DUP2 MSTORE PUSH1 0x20 ADD SWAP2 POP DUP1 MLOAD SWAP1 PUSH1 0x20 ADD SWAP1 DUP1 DUP4 DUP4 PUSH1 0x0 JUMPDEST DUP4 DUP2 LT ISZERO PUSH2 0x204 JUMPI DUP1 DUP3 ADD MLOAD DUP2 DUP5 ADD MSTORE PUSH1 0x20 DUP2 ADD SWAP1 POP PUSH2 0x1E9 JUMP JUMPDEST POP POP POP POP SWAP1 POP SWAP1 DUP2 ADD SWAP1 PUSH1 0x1F AND DUP1 ISZERO PUSH2 0x231 JUMPI DUP1 DUP3 SUB DUP1 MLOAD PUSH1 0x1 DUP4 PUSH1 0x20 SUB PUSH2 0x100 EXP SUB NOT AND DUP2 MSTORE PUSH1 0x20 ADD SWAP2 POP JUMPDEST POP SWAP3 POP POP POP PUSH1 0x40 MLOAD DUP1 SWAP2 SUB SWAP1 RETURN JUMPDEST CALLVALUE ISZERO PUSH2 0x24A JUMPI PUSH1 0x0 DUP1 REVERT JUMPDEST PUSH2 0x27F PUSH1 0x4 DUP1 DUP1 CALLDATALOAD PUSH20 0xFFFFFFFFFFFFFFFFFFFFFFFFFFFFFFFFFFFFFFFF AND SWAP1 PUSH1 0x20 ADD SWAP1 SWAP2 SWAP1 DUP1 CALLDATALOAD SWAP1 PUSH1 0x20 ADD SWAP1 SWAP2 SWAP1 POP POP PUSH2 0xABE JUMP JUMPDEST STOP JUMPDEST CALLVALUE ISZERO PUSH2 0x28C JUMPI PUSH1 0x0 DUP1 REVERT JUMPDEST PUSH2 0x294 PUSH2 0xB8E JUMP JUMPDEST PUSH1 0x40 MLOAD DUP1 DUP3 ISZERO ISZERO ISZERO ISZERO DUP2 MSTORE PUSH1 0x20 ADD SWAP2 POP POP PUSH1 0x40 MLOAD DUP1 SWAP2 SUB SWAP1 RETURN JUMPDEST CALLVALUE ISZERO PUSH2 0x2B9 JUMPI PUSH1 0x0 DUP1 REVERT JUMPDEST PUSH2 0x2C1 PUSH2 0xB97 JUMP JUMPDEST STOP JUMPDEST CALLVALUE ISZERO PUSH2 0x2CE JUMPI PUSH1 0x0 DUP1 REVERT JUMPDEST PUSH2 0x2D6 PUSH2 0xD08 JUMP JUMPDEST PUSH1 0x40 MLOAD DUP1 DUP3 DUP2 MSTORE PUSH1 0x20 ADD SWAP2 POP POP PUSH1 0x40 MLOAD DUP1 SWAP2 SUB SWAP1 RETURN JUMPDEST CALLVALUE ISZERO PUSH2 0x2F7 JUMPI PUSH1 0x0 DUP1 REVERT JUMPDEST PUSH2 0x34B PUSH1 0x4 DUP1 DUP1 CALLDATALOAD PUSH20 0xFFFFFFFFFFFFFFFFFFFFFFFFFFFFFFFFFFFFFFFF AND SWAP1 PUSH1 0x20 ADD SWAP1 SWAP2 SWAP1 DUP1 CALLDATALOAD PUSH20 0xFFFFFFFFFFFFFFFFFFFFFFFFFFFFFFFFFFFFFFFF AND SWAP1 PUSH1 0x20 ADD SWAP1 SWAP2 SWAP1 DUP1 CALLDATALOAD SWAP1 PUSH1 0x20 ADD SWAP1 SWAP2 SWAP1 POP POP PUSH2 0xD15 JUMP JUMPDEST STOP JUMPDEST PUSH2 0x363 PUSH1 0x4 DUP1 DUP1 CALLDATALOAD SWAP1 PUSH1 0x20 ADD SWAP1 SWAP2 SWAP1 POP POP PUSH2 0xD63 JUMP JUMPDEST STOP JUMPDEST CALLVALUE ISZERO PUSH2 0x370 JUMPI PUSH1 0x0 DUP1 REVERT JUMPDEST PUSH2 0x386 PUSH1 0x4 DUP1 DUP1 CALLDATALOAD SWAP1 PUSH1 0x20 ADD SWAP1 SWAP2 SWAP1 POP POP PUSH2 0xF57 JUMP JUMPDEST PUSH1 0x40 MLOAD DUP1 DUP3 PUSH20 0xFFFFFFFFFFFFFFFFFFFFFFFFFFFFFFFFFFFFFFFF AND PUSH20 0xFFFFFFFFFFFFFFFFFFFFFFFFFFFFFFFFFFFFFFFF AND DUP2 MSTORE PUSH1 0x20 ADD SWAP2 POP POP PUSH1 0x40 MLOAD DUP1 SWAP2 SUB SWAP1 RETURN JUMPDEST CALLVALUE ISZERO PUSH2 0x3D3 JUMPI PUSH1 0x0 DUP1 REVERT JUMPDEST PUSH2 0x3FF PUSH1 0x4 DUP1 DUP1 CALLDATALOAD PUSH20 0xFFFFFFFFFFFFFFFFFFFFFFFFFFFFFFFFFFFFFFFF AND SWAP1 PUSH1 0x20 ADD SWAP1 SWAP2 SWAP1 POP POP PUSH2 0xFD0 JUMP JUMPDEST PUSH1 0x40 MLOAD DUP1 DUP3 DUP2 MSTORE PUSH1 0x20 ADD SWAP2 POP POP PUSH1 0x40 MLOAD DUP1 SWAP2 SUB SWAP1 RETURN JUMPDEST CALLVALUE ISZERO PUSH2 0x420 JUMPI PUSH1 0x0 DUP1 REVERT JUMPDEST PUSH2 0x436 PUSH1 0x4 DUP1 DUP1 CALLDATALOAD SWAP1 PUSH1 0x20 ADD SWAP1 SWAP2 SWAP1 POP POP PUSH2 0x1019 JUMP JUMPDEST PUSH1 0x40 MLOAD DUP1 DUP3 PUSH20 0xFFFFFFFFFFFFFFFFFFFFFFFFFFFFFFFFFFFFFFFF AND PUSH20 0xFFFFFFFFFFFFFFFFFFFFFFFFFFFFFFFFFFFFFFFF AND DUP2 MSTORE PUSH1 0x20 ADD SWAP2 POP POP PUSH1 0x40 MLOAD DUP1 SWAP2 SUB SWAP1 RETURN JUMPDEST CALLVALUE ISZERO PUSH2 0x483 JUMPI PUSH1 0x0 DUP1 REVERT JUMPDEST PUSH2 0x4AF PUSH1 0x4 DUP1 DUP1 CALLDATALOAD PUSH20 0xFFFFFFFFFFFFFFFFFFFFFFFFFFFFFFFFFFFFFFFF AND SWAP1 PUSH1 0x20 ADD SWAP1 SWAP2 SWAP1 POP POP PUSH2 0x104C JUMP JUMPDEST PUSH1 0x40 MLOAD DUP1 DUP1 PUSH1 0x20 ADD DUP3 DUP2 SUB DUP3 MSTORE DUP4 DUP2 DUP2 MLOAD DUP2 MSTORE PUSH1 0x20 ADD SWAP2 POP DUP1 MLOAD SWAP1 PUSH1 0x20 ADD SWAP1 PUSH1 0x20 MUL DUP1 DUP4 DUP4 PUSH1 0x0 JUMPDEST DUP4 DUP2 LT ISZERO PUSH2 0x4F2 JUMPI DUP1 DUP3 ADD MLOAD DUP2 DUP5 ADD MSTORE PUSH1 0x20 DUP2 ADD SWAP1 POP PUSH2 0x4D7 JUMP JUMPDEST POP POP POP POP SWAP1 POP ADD SWAP3 POP POP POP PUSH1 0x40 MLOAD DUP1 SWAP2 SUB SWAP1 RETURN JUMPDEST CALLVALUE ISZERO PUSH2 0x511 JUMPI PUSH1 0x0 DUP1 REVERT JUMPDEST PUSH2 0x527 PUSH1 0x4 DUP1 DUP1 CALLDATALOAD SWAP1 PUSH1 0x20 ADD SWAP1 SWAP2 SWAP1 POP POP PUSH2 0x1183 JUMP JUMPDEST PUSH1 0x40 MLOAD DUP1 DUP1 PUSH1 0x20 ADD DUP5 DUP2 MSTORE PUSH1 0x20 ADD DUP4 PUSH20 0xFFFFFFFFFFFFFFFFFFFFFFFFFFFFFFFFFFFFFFFF AND PUSH20 0xFFFFFFFFFFFFFFFFFFFFFFFFFFFFFFFFFFFFFFFF AND DUP2 MSTORE PUSH1 0x20 ADD DUP3 DUP2 SUB DUP3 MSTORE DUP6 DUP2 DUP2 MLOAD DUP2 MSTORE PUSH1 0x20 ADD SWAP2 POP DUP1 MLOAD SWAP1 PUSH1 0x20 ADD SWAP1 DUP1 DUP4 DUP4 PUSH1 0x0 JUMPDEST DUP4 DUP2 LT ISZERO PUSH2 0x59F JUMPI DUP1 DUP3 ADD MLOAD DUP2 DUP5 ADD MSTORE PUSH1 0x20 DUP2 ADD SWAP1 POP PUSH2 0x584 JUMP JUMPDEST POP POP POP POP SWAP1 POP SWAP1 DUP2 ADD SWAP1 PUSH1 0x1F AND DUP1 ISZERO PUSH2 0x5CC JUMPI DUP1 DUP3 SUB DUP1 MLOAD PUSH1 0x1 DUP4 PUSH1 0x20 SUB PUSH2 0x100 EXP SUB NOT AND DUP2 MSTORE PUSH1 0x20 ADD SWAP2 POP JUMPDEST POP SWAP5 POP POP POP POP POP PUSH1 0x40 MLOAD DUP1 SWAP2 SUB SWAP1 RETURN JUMPDEST CALLVALUE ISZERO PUSH2 0x5E7 JUMPI PUSH1 0x0 DUP1 REVERT JUMPDEST PUSH2 0x5FD PUSH1 0x4 DUP1 DUP1 CALLDATALOAD SWAP1 PUSH1 0x20 ADD SWAP1 SWAP2 SWAP1 POP POP PUSH2 0x129F JUMP JUMPDEST PUSH1 0x40 MLOAD DUP1 DUP3 PUSH20 0xFFFFFFFFFFFFFFFFFFFFFFFFFFFFFFFFFFFFFFFF AND PUSH20 0xFFFFFFFFFFFFFFFFFFFFFFFFFFFFFFFFFFFFFFFF AND DUP2 MSTORE PUSH1 0x20 ADD SWAP2 POP POP PUSH1 0x40 MLOAD DUP1 SWAP2 SUB SWAP1 RETURN JUMPDEST CALLVALUE ISZERO PUSH2 0x64A JUMPI PUSH1 0x0 DUP1 REVERT JUMPDEST PUSH2 0x652 PUSH2 0x12D2 JUMP JUMPDEST PUSH1 0x40 MLOAD DUP1 DUP1 PUSH1 0x20 ADD DUP3 DUP2 SUB DUP3 MSTORE DUP4 DUP2 DUP2 MLOAD DUP2 MSTORE PUSH1 0x20 ADD SWAP2 POP DUP1 MLOAD SWAP1 PUSH1 0x20 ADD SWAP1 DUP1 DUP4 DUP4 PUSH1 0x0 JUMPDEST DUP4 DUP2 LT ISZERO PUSH2 0x692 JUMPI DUP1 DUP3 ADD MLOAD DUP2 DUP5 ADD MSTORE PUSH1 0x20 DUP2 ADD SWAP1 POP PUSH2 0x677 JUMP JUMPDEST POP POP POP POP SWAP1 POP SWAP1 DUP2 ADD SWAP1 PUSH1 0x1F AND DUP1 ISZERO PUSH2 0x6BF JUMPI DUP1 DUP3 SUB DUP1 MLOAD PUSH1 0x1 DUP4 PUSH1 0x20 SUB PUSH2 0x100 EXP SUB NOT AND DUP2 MSTORE PUSH1 0x20 ADD SWAP2 POP JUMPDEST POP SWAP3 POP POP POP PUSH1 0x40 MLOAD DUP1 SWAP2 SUB SWAP1 RETURN JUMPDEST CALLVALUE ISZERO PUSH2 0x6D8 JUMPI PUSH1 0x0 DUP1 REVERT JUMPDEST PUSH2 0x6E0 PUSH2 0x1315 JUMP JUMPDEST STOP JUMPDEST CALLVALUE ISZERO PUSH2 0x6ED JUMPI PUSH1 0x0 DUP1 REVERT JUMPDEST PUSH2 0x6F5 PUSH2 0x13EA JUMP JUMPDEST PUSH1 0x40 MLOAD DUP1 DUP1 PUSH1 0x20 ADD DUP3 DUP2 SUB DUP3 MSTORE DUP4 DUP2 DUP2 MLOAD DUP2 MSTORE PUSH1 0x20 ADD SWAP2 POP DUP1 MLOAD SWAP1 PUSH1 0x20 ADD SWAP1 DUP1 DUP4 DUP4 PUSH1 0x0 JUMPDEST DUP4 DUP2 LT ISZERO PUSH2 0x735 JUMPI DUP1 DUP3 ADD MLOAD DUP2 DUP5 ADD MSTORE PUSH1 0x20 DUP2 ADD SWAP1 POP PUSH2 0x71A JUMP JUMPDEST POP POP POP POP SWAP1 POP SWAP1 DUP2 ADD SWAP1 PUSH1 0x1F AND DUP1 ISZERO PUSH2 0x762 JUMPI DUP1 DUP3 SUB DUP1 MLOAD PUSH1 0x1 DUP4 PUSH1 0x20 SUB PUSH2 0x100 EXP SUB NOT AND DUP2 MSTORE PUSH1 0x20 ADD SWAP2 POP JUMPDEST POP SWAP3 POP POP POP PUSH1 0x40 MLOAD DUP1 SWAP2 SUB SWAP1 RETURN JUMPDEST CALLVALUE ISZERO PUSH2 0x77B JUMPI PUSH1 0x0 DUP1 REVERT JUMPDEST PUSH2 0x7A7 PUSH1 0x4 DUP1 DUP1 CALLDATALOAD PUSH20 0xFFFFFFFFFFFFFFFFFFFFFFFFFFFFFFFFFFFFFFFF AND SWAP1 PUSH1 0x20 ADD SWAP1 SWAP2 SWAP1 POP POP PUSH2 0x1423 JUMP JUMPDEST STOP JUMPDEST CALLVALUE ISZERO PUSH2 0x7B4 JUMPI PUSH1 0x0 DUP1 REVERT JUMPDEST PUSH2 0x7E9 PUSH1 0x4 DUP1 DUP1 CALLDATALOAD PUSH20 0xFFFFFFFFFFFFFFFFFFFFFFFFFFFFFFFFFFFFFFFF AND SWAP1 PUSH1 0x20 ADD SWAP1 SWAP2 SWAP1 DUP1 CALLDATALOAD SWAP1 PUSH1 0x20 ADD SWAP1 SWAP2 SWAP1 POP POP PUSH2 0x1578 JUMP JUMPDEST STOP JUMPDEST CALLVALUE ISZERO PUSH2 0x7F6 JUMPI PUSH1 0x0 DUP1 REVERT JUMPDEST PUSH2 0x80C PUSH1 0x4 DUP1 DUP1 CALLDATALOAD SWAP1 PUSH1 0x20 ADD SWAP1 SWAP2 SWAP1 POP POP PUSH2 0x15B0 JUMP JUMPDEST STOP JUMPDEST CALLVALUE ISZERO PUSH2 0x819 JUMPI PUSH1 0x0 DUP1 REVERT JUMPDEST PUSH2 0x82F PUSH1 0x4 DUP1 DUP1 CALLDATALOAD SWAP1 PUSH1 0x20 ADD SWAP1 SWAP2 SWAP1 POP POP PUSH2 0x1625 JUMP JUMPDEST PUSH1 0x40 MLOAD DUP1 DUP3 DUP2 MSTORE PUSH1 0x20 ADD SWAP2 POP POP PUSH1 0x40 MLOAD DUP1 SWAP2 SUB SWAP1 RETURN JUMPDEST CALLVALUE ISZERO PUSH2 0x850 JUMPI PUSH1 0x0 DUP1 REVERT JUMPDEST PUSH2 0x858 PUSH2 0x1642 JUMP JUMPDEST PUSH1 0x40 MLOAD DUP1 DUP3 PUSH20 0xFFFFFFFFFFFFFFFFFFFFFFFFFFFFFFFFFFFFFFFF AND PUSH20 0xFFFFFFFFFFFFFFFFFFFFFFFFFFFFFFFFFFFFFFFF AND DUP2 MSTORE PUSH1 0x20 ADD SWAP2 POP POP PUSH1 0x40 MLOAD DUP1 SWAP2 SUB SWAP1 RETURN JUMPDEST PUSH2 0x8B0 PUSH1 0x4 DUP1 DUP1 CALLDATALOAD SWAP1 PUSH1 0x20 ADD SWAP1 SWAP2 SWAP1 POP POP PUSH2 0x1667 JUMP JUMPDEST STOP JUMPDEST CALLVALUE ISZERO PUSH2 0x8BD JUMPI PUSH1 0x0 DUP1 REVERT JUMPDEST PUSH2 0x8D3 PUSH1 0x4 DUP1 DUP1 CALLDATALOAD SWAP1 PUSH1 0x20 ADD SWAP1 SWAP2 SWAP1 POP POP PUSH2 0x1A6C JUMP JUMPDEST PUSH1 0x40 MLOAD DUP1 DUP1 PUSH1 0x20 ADD DUP1 PUSH1 0x20 ADD DUP1 PUSH1 0x20 ADD DUP5 DUP2 SUB DUP5 MSTORE DUP8 DUP2 DUP2 MLOAD DUP2 MSTORE PUSH1 0x20 ADD SWAP2 POP DUP1 MLOAD SWAP1 PUSH1 0x20 ADD SWAP1 PUSH1 0x20 MUL DUP1 DUP4 DUP4 PUSH1 0x0 JUMPDEST DUP4 DUP2 LT ISZERO PUSH2 0x91E JUMPI DUP1 DUP3 ADD MLOAD DUP2 DUP5 ADD MSTORE PUSH1 0x20 DUP2 ADD SWAP1 POP PUSH2 0x903 JUMP JUMPDEST POP POP POP POP SWAP1 POP ADD DUP5 DUP2 SUB DUP4 MSTORE DUP7 DUP2 DUP2 MLOAD DUP2 MSTORE PUSH1 0x20 ADD SWAP2 POP DUP1 MLOAD SWAP1 PUSH1 0x20 ADD SWAP1 PUSH1 0x20 MUL DUP1 DUP4 DUP4 PUSH1 0x0 JUMPDEST DUP4 DUP2 LT ISZERO PUSH2 0x960 JUMPI DUP1 DUP3 ADD MLOAD DUP2 DUP5 ADD MSTORE PUSH1 0x20 DUP2 ADD SWAP1 POP PUSH2 0x945 JUMP JUMPDEST POP POP POP POP SWAP1 POP ADD DUP5 DUP2 SUB DUP3 MSTORE DUP6 DUP2 DUP2 MLOAD DUP2 MSTORE PUSH1 0x20 ADD SWAP2 POP DUP1 MLOAD SWAP1 PUSH1 0x20 ADD SWAP1 PUSH1 0x20 MUL DUP1 DUP4 DUP4 PUSH1 0x0 JUMPDEST DUP4 DUP2 LT ISZERO PUSH2 0x9A2 JUMPI DUP1 DUP3 ADD MLOAD DUP2 DUP5 ADD MSTORE PUSH1 0x20 DUP2 ADD SWAP1 POP PUSH2 0x987 JUMP JUMPDEST POP POP POP POP SWAP1 POP ADD SWAP7 POP POP POP POP POP POP POP PUSH1 0x40 MLOAD DUP1 SWAP2 SUB SWAP1 RETURN JUMPDEST CALLVALUE ISZERO PUSH2 0x9C5 JUMPI PUSH1 0x0 DUP1 REVERT JUMPDEST PUSH2 0x9CD PUSH2 0x1D1C JUMP JUMPDEST PUSH1 0x40 MLOAD DUP1 DUP1 PUSH1 0x20 ADD DUP3 DUP2 SUB DUP3 MSTORE DUP4 DUP2 DUP2 MLOAD DUP2 MSTORE PUSH1 0x20 ADD SWAP2 POP DUP1 MLOAD SWAP1 PUSH1 0x20 ADD SWAP1 DUP1 DUP4 DUP4 PUSH1 0x0 JUMPDEST DUP4 DUP2 LT ISZERO PUSH2 0xA0D JUMPI DUP1 DUP3 ADD MLOAD DUP2 DUP5 ADD MSTORE PUSH1 0x20 DUP2 ADD SWAP1 POP PUSH2 0x9F2 JUMP JUMPDEST POP POP POP POP SWAP1 POP SWAP1 DUP2 ADD SWAP1 PUSH1 0x1F AND DUP1 ISZERO PUSH2 0xA3A JUMPI DUP1 DUP3 SUB DUP1 MLOAD PUSH1 0x1 DUP4 PUSH1 0x20 SUB PUSH2 0x100 EXP SUB NOT AND DUP2 MSTORE PUSH1 0x20 ADD SWAP2 POP JUMPDEST POP SWAP3 POP POP POP PUSH1 0x40 MLOAD DUP1 SWAP2 SUB SWAP1 RETURN JUMPDEST PUSH1 0x5 PUSH1 0x20 MSTORE DUP1 PUSH1 0x0 MSTORE PUSH1 0x40 PUSH1 0x0 KECCAK256 PUSH1 0x0 SWAP2 POP SLOAD SWAP1 PUSH2 0x100 EXP SWAP1 DIV PUSH20 0xFFFFFFFFFFFFFFFFFFFFFFFFFFFFFFFFFFFFFFFF AND DUP2 JUMP JUMPDEST PUSH2 0xA83 PUSH2 0x2317 JUMP JUMPDEST PUSH1 0x40 DUP1 MLOAD SWAP1 DUP2 ADD PUSH1 0x40 MSTORE DUP1 PUSH1 0xC DUP2 MSTORE PUSH1 0x20 ADD PUSH32 0x446F676779457468506963730000000000000000000000000000000000000000 DUP2 MSTORE POP SWAP1 POP SWAP1 JUMP JUMPDEST PUSH2 0xAC8 CALLER DUP3 PUSH2 0x1D55 JUMP JUMPDEST ISZERO ISZERO PUSH2 0xAD3 JUMPI PUSH1 0x0 DUP1 REVERT JUMPDEST DUP2 PUSH1 0x5 PUSH1 0x0 DUP4 DUP2 MSTORE PUSH1 0x20 ADD SWAP1 DUP2 MSTORE PUSH1 0x20 ADD PUSH1 0x0 KECCAK256 PUSH1 0x0 PUSH2 0x100 EXP DUP2 SLOAD DUP2 PUSH20 0xFFFFFFFFFFFFFFFFFFFFFFFFFFFFFFFFFFFFFFFF MUL NOT AND SWAP1 DUP4 PUSH20 0xFFFFFFFFFFFFFFFFFFFFFFFFFFFFFFFFFFFFFFFF AND MUL OR SWAP1 SSTORE POP DUP2 PUSH20 0xFFFFFFFFFFFFFFFFFFFFFFFFFFFFFFFFFFFFFFFF AND CALLER PUSH20 0xFFFFFFFFFFFFFFFFFFFFFFFFFFFFFFFFFFFFFFFF AND PUSH32 0x8C5BE1E5EBEC7D5BD14F71427D1E84F3DD0314C0F7B2291E5B200AC8C7C3B925 DUP4 PUSH1 0x40 MLOAD DUP1 DUP3 DUP2 MSTORE PUSH1 0x20 ADD SWAP2 POP POP PUSH1 0x40 MLOAD DUP1 SWAP2 SUB SWAP1 LOG3 POP POP JUMP JUMPDEST PUSH1 0x0 PUSH1 0x1 SWAP1 POP SWAP1 JUMP JUMPDEST PUSH1 0x0 DUP1 SWAP1 SLOAD SWAP1 PUSH2 0x100 EXP SWAP1 DIV PUSH20 0xFFFFFFFFFFFFFFFFFFFFFFFFFFFFFFFFFFFFFFFF AND PUSH20 0xFFFFFFFFFFFFFFFFFFFFFFFFFFFFFFFFFFFFFFFF AND CALLER PUSH20 0xFFFFFFFFFFFFFFFFFFFFFFFFFFFFFFFFFFFFFFFF AND EQ ISZERO ISZERO PUSH2 0xBF2 JUMPI PUSH1 0x0 DUP1 REVERT JUMPDEST PUSH2 0xC4E PUSH1 0x40 DUP1 MLOAD SWAP1 DUP2 ADD PUSH1 0x40 MSTORE DUP1 PUSH1 0x8 DUP2 MSTORE PUSH1 0x20 ADD PUSH32 0x457468446F676779000000000000000000000000000000000000000000000000 DUP2 MSTORE POP PUSH20 0xE6C58F8E459FE570AFFF5B4622990EA1744F0E28 PUSH8 0x555C85113321180 PUSH2 0x1DC1 JUMP JUMPDEST PUSH2 0xCAA PUSH1 0x40 DUP1 MLOAD SWAP1 DUP2 ADD PUSH1 0x40 MSTORE DUP1 PUSH1 0x8 DUP2 MSTORE PUSH1 0x20 ADD PUSH32 0x457468446F676779000000000000000000000000000000000000000000000000 DUP2 MSTORE POP PUSH20 0x5632CA98E5788EDDB2397757AA82D1ED6171E5AD PUSH8 0x555C85113321180 PUSH2 0x1DC1 JUMP JUMPDEST PUSH2 0xD06 PUSH1 0x40 DUP1 MLOAD SWAP1 DUP2 ADD PUSH1 0x40 MSTORE DUP1 PUSH1 0x8 DUP2 MSTORE PUSH1 0x20 ADD PUSH32 0x457468446F676779000000000000000000000000000000000000000000000000 DUP2 MSTORE POP PUSH20 0x7CD84443027D2E19473C3657F167ADA34417654F PUSH8 0x800AC799CCB1A40 PUSH2 0x1DC1 JUMP JUMPDEST JUMP JUMPDEST PUSH1 0x0 PUSH1 0x7 DUP1 SLOAD SWAP1 POP SWAP1 POP SWAP1 JUMP JUMPDEST PUSH2 0xD1F DUP4 DUP3 PUSH2 0x1D55 JUMP JUMPDEST ISZERO ISZERO PUSH2 0xD2A JUMPI PUSH1 0x0 DUP1 REVERT JUMPDEST PUSH2 0xD34 DUP3 DUP3 PUSH2 0x1FF2 JUMP JUMPDEST ISZERO ISZERO PUSH2 0xD3F JUMPI PUSH1 0x0 DUP1 REVERT JUMPDEST PUSH2 0xD48 DUP3 PUSH2 0x205E JUMP JUMPDEST ISZERO ISZERO PUSH2 0xD53 JUMPI PUSH1 0x0 DUP1 REVERT JUMPDEST PUSH2 0xD5E DUP4 DUP4 DUP4 PUSH2 0x2097 JUMP JUMPDEST POP POP POP JUMP JUMPDEST PUSH1 0x0 DUP1 PUSH8 0x6F05B59D3B20000 PUSH1 0x6 PUSH1 0x0 DUP6 DUP2 MSTORE PUSH1 0x20 ADD SWAP1 DUP2 MSTORE PUSH1 0x20 ADD PUSH1 0x0 KECCAK256 SLOAD LT ISZERO ISZERO ISZERO PUSH2 0xD90 JUMPI PUSH1 0x0 DUP1 REVERT JUMPDEST CALLER PUSH20 0xFFFFFFFFFFFFFFFFFFFFFFFFFFFFFFFFFFFFFFFF AND PUSH1 0x2 PUSH1 0x0 DUP6 DUP2 MSTORE PUSH1 0x20 ADD SWAP1 DUP2 MSTORE PUSH1 0x20 ADD PUSH1 0x0 KECCAK256 PUSH1 0x0 SWAP1 SLOAD SWAP1 PUSH2 0x100 EXP SWAP1 DIV PUSH20 0xFFFFFFFFFFFFFFFFFFFFFFFFFFFFFFFFFFFFFFFF AND PUSH20 0xFFFFFFFFFFFFFFFFFFFFFFFFFFFFFFFFFFFFFFFF AND EQ DUP1 ISZERO PUSH2 0xE04 JUMPI POP PUSH7 0x470DE4DF820000 CALLVALUE EQ JUMPDEST ISZERO ISZERO PUSH2 0xE0F JUMPI PUSH1 0x0 DUP1 REVERT JUMPDEST PUSH2 0xE37 PUSH2 0xE30 PUSH1 0x6 PUSH1 0x0 DUP7 DUP2 MSTORE PUSH1 0x20 ADD SWAP1 DUP2 MSTORE PUSH1 0x20 ADD PUSH1 0x0 KECCAK256 SLOAD PUSH1 0x3 PUSH2 0x2299 JUMP JUMPDEST PUSH1 0xA PUSH2 0x22D4 JUMP JUMPDEST SWAP2 POP PUSH2 0xE61 PUSH2 0xE5A PUSH1 0x6 PUSH1 0x0 DUP7 DUP2 MSTORE PUSH1 0x20 ADD SWAP1 DUP2 MSTORE PUSH1 0x20 ADD PUSH1 0x0 KECCAK256 SLOAD PUSH1 0x7 PUSH2 0x2299 JUMP JUMPDEST PUSH1 0xA PUSH2 0x22D4 JUMP JUMPDEST SWAP1 POP PUSH2 0xEA2 PUSH1 0x40 DUP1 MLOAD SWAP1 DUP2 ADD PUSH1 0x40 MSTORE DUP1 PUSH1 0x8 DUP2 MSTORE PUSH1 0x20 ADD PUSH32 0x457468446F676779000000000000000000000000000000000000000000000000 DUP2 MSTORE POP DUP4 PUSH2 0x22EF JUMP JUMPDEST PUSH2 0xEE1 PUSH1 0x40 DUP1 MLOAD SWAP1 DUP2 ADD PUSH1 0x40 MSTORE DUP1 PUSH1 0x8 DUP2 MSTORE PUSH1 0x20 ADD PUSH32 0x457468446F676779000000000000000000000000000000000000000000000000 DUP2 MSTORE POP DUP3 PUSH2 0x22EF JUMP JUMPDEST ADDRESS PUSH1 0x2 PUSH1 0x0 DUP6 DUP2 MSTORE PUSH1 0x20 ADD SWAP1 DUP2 MSTORE PUSH1 0x20 ADD PUSH1 0x0 KECCAK256 PUSH1 0x0 PUSH2 0x100 EXP DUP2 SLOAD DUP2 PUSH20 0xFFFFFFFFFFFFFFFFFFFFFFFFFFFFFFFFFFFFFFFF MUL NOT AND SWAP1 DUP4 PUSH20 0xFFFFFFFFFFFFFFFFFFFFFFFFFFFFFFFFFFFFFFFF AND MUL OR SWAP1 SSTORE POP PUSH7 0x2386F26FC10000 PUSH1 0x6 PUSH1 0x0 DUP6 DUP2 MSTORE PUSH1 0x20 ADD SWAP1 DUP2 MSTORE PUSH1 0x20 ADD PUSH1 0x0 KECCAK256 DUP2 SWAP1 SSTORE POP POP POP POP JUMP JUMPDEST PUSH1 0x0 PUSH1 0x2 PUSH1 0x0 DUP4 DUP2 MSTORE PUSH1 0x20 ADD SWAP1 DUP2 MSTORE PUSH1 0x20 ADD PUSH1 0x0 KECCAK256 PUSH1 0x0 SWAP1 SLOAD SWAP1 PUSH2 0x100 EXP SWAP1 DIV PUSH20 0xFFFFFFFFFFFFFFFFFFFFFFFFFFFFFFFFFFFFFFFF AND SWAP1 POP PUSH1 0x0 PUSH20 0xFFFFFFFFFFFFFFFFFFFFFFFFFFFFFFFFFFFFFFFF AND DUP2 PUSH20 0xFFFFFFFFFFFFFFFFFFFFFFFFFFFFFFFFFFFFFFFF AND EQ ISZERO ISZERO ISZERO PUSH2 0xFCB JUMPI PUSH1 0x0 DUP1 REVERT JUMPDEST SWAP2 SWAP1 POP JUMP JUMPDEST PUSH1 0x0 PUSH1 0x4 PUSH1 0x0 DUP4 PUSH20 0xFFFFFFFFFFFFFFFFFFFFFFFFFFFFFFFFFFFFFFFF AND PUSH20 0xFFFFFFFFFFFFFFFFFFFFFFFFFFFFFFFFFFFFFFFF AND DUP2 MSTORE PUSH1 0x20 ADD SWAP1 DUP2 MSTORE PUSH1 0x20 ADD PUSH1 0x0 KECCAK256 SLOAD SWAP1 POP SWAP2 SWAP1 POP JUMP JUMPDEST PUSH1 0x3 PUSH1 0x20 MSTORE DUP1 PUSH1 0x0 MSTORE PUSH1 0x40 PUSH1 0x0 KECCAK256 PUSH1 0x0 SWAP2 POP SLOAD SWAP1 PUSH2 0x100 EXP SWAP1 DIV PUSH20 0xFFFFFFFFFFFFFFFFFFFFFFFFFFFFFFFFFFFFFFFF AND DUP2 JUMP JUMPDEST PUSH2 0x1054 PUSH2 0x232B JUMP JUMPDEST PUSH1 0x0 PUSH2 0x105E PUSH2 0x232B JUMP JUMPDEST PUSH1 0x0 DUP1 PUSH1 0x0 PUSH2 0x106C DUP8 PUSH2 0xFD0 JUMP JUMPDEST SWAP5 POP PUSH1 0x0 DUP6 EQ ISZERO PUSH2 0x109E JUMPI PUSH1 0x0 PUSH1 0x40 MLOAD DUP1 MSIZE LT PUSH2 0x1086 JUMPI POP MSIZE JUMPDEST SWAP1 DUP1 DUP3 MSTORE DUP1 PUSH1 0x20 MUL PUSH1 0x20 ADD DUP3 ADD PUSH1 0x40 MSTORE POP SWAP6 POP PUSH2 0x1179 JUMP JUMPDEST DUP5 PUSH1 0x40 MLOAD DUP1 MSIZE LT PUSH2 0x10AC JUMPI POP MSIZE JUMPDEST SWAP1 DUP1 DUP3 MSTORE DUP1 PUSH1 0x20 MUL PUSH1 0x20 ADD DUP3 ADD PUSH1 0x40 MSTORE POP SWAP4 POP PUSH2 0x10C7 PUSH2 0xD08 JUMP JUMPDEST SWAP3 POP PUSH1 0x0 SWAP2 POP PUSH1 0x0 SWAP1 POP JUMPDEST DUP3 DUP2 GT ISZERO ISZERO PUSH2 0x1175 JUMPI DUP7 PUSH20 0xFFFFFFFFFFFFFFFFFFFFFFFFFFFFFFFFFFFFFFFF AND PUSH1 0x2 PUSH1 0x0 DUP4 DUP2 MSTORE PUSH1 0x20 ADD SWAP1 DUP2 MSTORE PUSH1 0x20 ADD PUSH1 0x0 KECCAK256 PUSH1 0x0 SWAP1 SLOAD SWAP1 PUSH2 0x100 EXP SWAP1 DIV PUSH20 0xFFFFFFFFFFFFFFFFFFFFFFFFFFFFFFFFFFFFFFFF AND PUSH20 0xFFFFFFFFFFFFFFFFFFFFFFFFFFFFFFFFFFFFFFFF AND EQ ISZERO PUSH2 0x1168 JUMPI DUP1 DUP5 DUP4 DUP2 MLOAD DUP2 LT ISZERO ISZERO PUSH2 0x1151 JUMPI INVALID JUMPDEST SWAP1 PUSH1 0x20 ADD SWAP1 PUSH1 0x20 MUL ADD DUP2 DUP2 MSTORE POP POP DUP2 DUP1 PUSH1 0x1 ADD SWAP3 POP POP JUMPDEST DUP1 DUP1 PUSH1 0x1 ADD SWAP2 POP POP PUSH2 0x10D2 JUMP JUMPDEST DUP4 SWAP6 POP JUMPDEST POP POP POP POP POP SWAP2 SWAP1 POP JUMP JUMPDEST PUSH2 0x118B PUSH2 0x2317 JUMP JUMPDEST PUSH1 0x0 DUP1 PUSH1 0x0 PUSH1 0x7 DUP6 DUP2 SLOAD DUP2 LT ISZERO ISZERO PUSH2 0x119F JUMPI INVALID JUMPDEST SWAP1 PUSH1 0x0 MSTORE PUSH1 0x20 PUSH1 0x0 KECCAK256 SWAP1 ADD SWAP1 POP DUP1 PUSH1 0x0 ADD DUP1 SLOAD PUSH1 0x1 DUP2 PUSH1 0x1 AND ISZERO PUSH2 0x100 MUL SUB AND PUSH1 0x2 SWAP1 DIV DUP1 PUSH1 0x1F ADD PUSH1 0x20 DUP1 SWAP2 DIV MUL PUSH1 0x20 ADD PUSH1 0x40 MLOAD SWAP1 DUP2 ADD PUSH1 0x40 MSTORE DUP1 SWAP3 SWAP2 SWAP1 DUP2 DUP2 MSTORE PUSH1 0x20 ADD DUP3 DUP1 SLOAD PUSH1 0x1 DUP2 PUSH1 0x1 AND ISZERO PUSH2 0x100 MUL SUB AND PUSH1 0x2 SWAP1 DIV DUP1 ISZERO PUSH2 0x1244 JUMPI DUP1 PUSH1 0x1F LT PUSH2 0x1219 JUMPI PUSH2 0x100 DUP1 DUP4 SLOAD DIV MUL DUP4 MSTORE SWAP2 PUSH1 0x20 ADD SWAP2 PUSH2 0x1244 JUMP JUMPDEST DUP3 ADD SWAP2 SWAP1 PUSH1 0x0 MSTORE PUSH1 0x20 PUSH1 0x0 KECCAK256 SWAP1 JUMPDEST DUP2 SLOAD DUP2 MSTORE SWAP1 PUSH1 0x1 ADD SWAP1 PUSH1 0x20 ADD DUP1 DUP4 GT PUSH2 0x1227 JUMPI DUP3 SWAP1 SUB PUSH1 0x1F AND DUP3 ADD SWAP2 JUMPDEST POP POP POP POP POP SWAP4 POP PUSH1 0x6 PUSH1 0x0 DUP7 DUP2 MSTORE PUSH1 0x20 ADD SWAP1 DUP2 MSTORE PUSH1 0x20 ADD PUSH1 0x0 KECCAK256 SLOAD SWAP3 POP PUSH1 0x2 PUSH1 0x0 DUP7 DUP2 MSTORE PUSH1 0x20 ADD SWAP1 DUP2 MSTORE PUSH1 0x20 ADD PUSH1 0x0 KECCAK256 PUSH1 0x0 SWAP1 SLOAD SWAP1 PUSH2 0x100 EXP SWAP1 DIV PUSH20 0xFFFFFFFFFFFFFFFFFFFFFFFFFFFFFFFFFFFFFFFF AND SWAP2 POP POP SWAP2 SWAP4 SWAP1 SWAP3 POP JUMP JUMPDEST PUSH1 0x2 PUSH1 0x20 MSTORE DUP1 PUSH1 0x0 MSTORE PUSH1 0x40 PUSH1 0x0 KECCAK256 PUSH1 0x0 SWAP2 POP SLOAD SWAP1 PUSH2 0x100 EXP SWAP1 DIV PUSH20 0xFFFFFFFFFFFFFFFFFFFFFFFFFFFFFFFFFFFFFFFF AND DUP2 JUMP JUMPDEST PUSH2 0x12DA PUSH2 0x2317 JUMP JUMPDEST PUSH1 0x40 DUP1 MLOAD SWAP1 DUP2 ADD PUSH1 0x40 MSTORE DUP1 PUSH1 0xE DUP2 MSTORE PUSH1 0x20 ADD PUSH32 0x446F67677950696373546F6B656E000000000000000000000000000000000000 DUP2 MSTORE POP SWAP1 POP SWAP1 JUMP JUMPDEST PUSH1 0x0 DUP1 SWAP1 SLOAD SWAP1 PUSH2 0x100 EXP SWAP1 DIV PUSH20 0xFFFFFFFFFFFFFFFFFFFFFFFFFFFFFFFFFFFFFFFF AND PUSH20 0xFFFFFFFFFFFFFFFFFFFFFFFFFFFFFFFFFFFFFFFF AND CALLER PUSH20 0xFFFFFFFFFFFFFFFFFFFFFFFFFFFFFFFFFFFFFFFF AND EQ ISZERO ISZERO PUSH2 0x1370 JUMPI PUSH1 0x0 DUP1 REVERT JUMPDEST PUSH1 0x0 DUP1 SWAP1 SLOAD SWAP1 PUSH2 0x100 EXP SWAP1 DIV PUSH20 0xFFFFFFFFFFFFFFFFFFFFFFFFFFFFFFFFFFFFFFFF AND PUSH20 0xFFFFFFFFFFFFFFFFFFFFFFFFFFFFFFFFFFFFFFFF AND PUSH2 0x8FC ADDRESS PUSH20 0xFFFFFFFFFFFFFFFFFFFFFFFFFFFFFFFFFFFFFFFF AND BALANCE SWAP1 DUP2 ISZERO MUL SWAP1 PUSH1 0x40 MLOAD PUSH1 0x0 PUSH1 0x40 MLOAD DUP1 DUP4 SUB DUP2 DUP6 DUP9 DUP9 CALL SWAP4 POP POP POP POP ISZERO ISZERO PUSH2 0x13E8 JUMPI PUSH1 0x0 DUP1 REVERT JUMPDEST JUMP JUMPDEST PUSH1 0x40 DUP1 MLOAD SWAP1 DUP2 ADD PUSH1 0x40 MSTORE DUP1 PUSH1 0xC DUP2 MSTORE PUSH1 0x20 ADD PUSH32 0x446F676779457468506963730000000000000000000000000000000000000000 DUP2 MSTORE POP DUP2 JUMP JUMPDEST PUSH1 0x0 DUP1 SWAP1 SLOAD SWAP1 PUSH2 0x100 EXP SWAP1 DIV PUSH20 0xFFFFFFFFFFFFFFFFFFFFFFFFFFFFFFFFFFFFFFFF AND PUSH20 0xFFFFFFFFFFFFFFFFFFFFFFFFFFFFFFFFFFFFFFFF AND CALLER PUSH20 0xFFFFFFFFFFFFFFFFFFFFFFFFFFFFFFFFFFFFFFFF AND EQ ISZERO ISZERO PUSH2 0x147E JUMPI PUSH1 0x0 DUP1 REVERT JUMPDEST PUSH1 0x0 PUSH20 0xFFFFFFFFFFFFFFFFFFFFFFFFFFFFFFFFFFFFFFFF AND DUP2 PUSH20 0xFFFFFFFFFFFFFFFFFFFFFFFFFFFFFFFFFFFFFFFF AND EQ ISZERO ISZERO ISZERO PUSH2 0x14BA JUMPI PUSH1 0x0 DUP1 REVERT JUMPDEST DUP1 PUSH20 0xFFFFFFFFFFFFFFFFFFFFFFFFFFFFFFFFFFFFFFFF AND PUSH1 0x0 DUP1 SWAP1 SLOAD SWAP1 PUSH2 0x100 EXP SWAP1 DIV PUSH20 0xFFFFFFFFFFFFFFFFFFFFFFFFFFFFFFFFFFFFFFFF AND PUSH20 0xFFFFFFFFFFFFFFFFFFFFFFFFFFFFFFFFFFFFFFFF AND PUSH32 0x2260A4D0C00902D7996E8F7D669D22564414D41BE4D278A40387DDF58179D392 PUSH1 0x40 MLOAD PUSH1 0x40 MLOAD DUP1 SWAP2 SUB SWAP1 LOG3 DUP1 PUSH1 0x0 DUP1 PUSH2 0x100 EXP DUP2 SLOAD DUP2 PUSH20 0xFFFFFFFFFFFFFFFFFFFFFFFFFFFFFFFFFFFFFFFF MUL NOT AND SWAP1 DUP4 PUSH20 0xFFFFFFFFFFFFFFFFFFFFFFFFFFFFFFFFFFFFFFFF AND MUL OR SWAP1 SSTORE POP POP JUMP JUMPDEST PUSH2 0x1582 CALLER DUP3 PUSH2 0x1D55 JUMP JUMPDEST ISZERO ISZERO PUSH2 0x158D JUMPI PUSH1 0x0 DUP1 REVERT JUMPDEST PUSH2 0x1596 DUP3 PUSH2 0x205E JUMP JUMPDEST ISZERO ISZERO PUSH2 0x15A1 JUMPI PUSH1 0x0 DUP1 REVERT JUMPDEST PUSH2 0x15AC CALLER DUP4 DUP4 PUSH2 0x2097 JUMP JUMPDEST POP POP JUMP JUMPDEST PUSH1 0x0 DUP1 CALLER SWAP2 POP PUSH1 0x2 PUSH1 0x0 DUP5 DUP2 MSTORE PUSH1 0x20 ADD SWAP1 DUP2 MSTORE PUSH1 0x20 ADD PUSH1 0x0 KECCAK256 PUSH1 0x0 SWAP1 SLOAD SWAP1 PUSH2 0x100 EXP SWAP1 DIV PUSH20 0xFFFFFFFFFFFFFFFFFFFFFFFFFFFFFFFFFFFFFFFF AND SWAP1 POP PUSH2 0x15F5 DUP3 PUSH2 0x205E JUMP JUMPDEST ISZERO ISZERO PUSH2 0x1600 JUMPI PUSH1 0x0 DUP1 REVERT JUMPDEST PUSH2 0x160A DUP3 DUP5 PUSH2 0x1FF2 JUMP JUMPDEST ISZERO ISZERO PUSH2 0x1615 JUMPI PUSH1 0x0 DUP1 REVERT JUMPDEST PUSH2 0x1620 DUP2 DUP4 DUP6 PUSH2 0x2097 JUMP JUMPDEST POP POP POP JUMP JUMPDEST PUSH1 0x0 PUSH1 0x6 PUSH1 0x0 DUP4 DUP2 MSTORE PUSH1 0x20 ADD SWAP1 DUP2 MSTORE PUSH1 0x20 ADD PUSH1 0x0 KECCAK256 SLOAD SWAP1 POP SWAP2 SWAP1 POP JUMP JUMPDEST PUSH1 0x0 DUP1 SWAP1 SLOAD SWAP1 PUSH2 0x100 EXP SWAP1 DIV PUSH20 0xFFFFFFFFFFFFFFFFFFFFFFFFFFFFFFFFFFFFFFFF AND DUP2 JUMP JUMPDEST PUSH1 0x0 DUP1 PUSH1 0x0 DUP1 PUSH1 0x0 DUP1 PUSH1 0x0 PUSH1 0x2 PUSH1 0x0 DUP10 DUP2 MSTORE PUSH1 0x20 ADD SWAP1 DUP2 MSTORE PUSH1 0x20 ADD PUSH1 0x0 KECCAK256 PUSH1 0x0 SWAP1 SLOAD SWAP1 PUSH2 0x100 EXP SWAP1 DIV PUSH20 0xFFFFFFFFFFFFFFFFFFFFFFFFFFFFFFFFFFFFFFFF AND SWAP7 POP CALLER SWAP6 POP PUSH1 0x6 PUSH1 0x0 DUP10 DUP2 MSTORE PUSH1 0x20 ADD SWAP1 DUP2 MSTORE PUSH1 0x20 ADD PUSH1 0x0 KECCAK256 SLOAD SWAP5 POP DUP6 PUSH20 0xFFFFFFFFFFFFFFFFFFFFFFFFFFFFFFFFFFFFFFFF AND DUP8 PUSH20 0xFFFFFFFFFFFFFFFFFFFFFFFFFFFFFFFFFFFFFFFF AND EQ ISZERO ISZERO ISZERO PUSH2 0x16FC JUMPI PUSH1 0x0 DUP1 REVERT JUMPDEST PUSH2 0x1705 DUP7 PUSH2 0x205E JUMP JUMPDEST ISZERO ISZERO PUSH2 0x1710 JUMPI PUSH1 0x0 DUP1 REVERT JUMPDEST DUP5 CALLVALUE LT ISZERO ISZERO ISZERO PUSH2 0x171F JUMPI PUSH1 0x0 DUP1 REVERT JUMPDEST PUSH2 0x1734 PUSH2 0x172D DUP7 PUSH1 0x9 PUSH2 0x2299 JUMP JUMPDEST PUSH1 0xA PUSH2 0x22D4 JUMP JUMPDEST SWAP4 POP PUSH2 0x174B PUSH2 0x1744 DUP7 PUSH1 0x1 PUSH2 0x2299 JUMP JUMPDEST PUSH1 0x14 PUSH2 0x22D4 JUMP JUMPDEST SWAP3 POP PUSH1 0x3 PUSH1 0x0 DUP10 DUP2 MSTORE PUSH1 0x20 ADD SWAP1 DUP2 MSTORE PUSH1 0x20 ADD PUSH1 0x0 KECCAK256 PUSH1 0x0 SWAP1 SLOAD SWAP1 PUSH2 0x100 EXP SWAP1 DIV PUSH20 0xFFFFFFFFFFFFFFFFFFFFFFFFFFFFFFFFFFFFFFFF AND SWAP2 POP PUSH2 0x1798 PUSH2 0x1791 DUP7 PUSH1 0x3 PUSH2 0x2299 JUMP JUMPDEST PUSH1 0x2 PUSH2 0x22D4 JUMP JUMPDEST PUSH1 0x6 PUSH1 0x0 DUP11 DUP2 MSTORE PUSH1 0x20 ADD SWAP1 DUP2 MSTORE PUSH1 0x20 ADD PUSH1 0x0 KECCAK256 DUP2 SWAP1 SSTORE POP PUSH2 0x17BA DUP8 DUP8 DUP11 PUSH2 0x2097 JUMP JUMPDEST ADDRESS PUSH20 0xFFFFFFFFFFFFFFFFFFFFFFFFFFFFFFFFFFFFFFFF AND DUP8 PUSH20 0xFFFFFFFFFFFFFFFFFFFFFFFFFFFFFFFFFFFFFFFF AND EQ ISZERO ISZERO PUSH2 0x1830 JUMPI DUP7 PUSH20 0xFFFFFFFFFFFFFFFFFFFFFFFFFFFFFFFFFFFFFFFF AND PUSH2 0x8FC DUP6 SWAP1 DUP2 ISZERO MUL SWAP1 PUSH1 0x40 MLOAD PUSH1 0x0 PUSH1 0x40 MLOAD DUP1 DUP4 SUB DUP2 DUP6 DUP9 DUP9 CALL SWAP4 POP POP POP POP ISZERO ISZERO PUSH2 0x182F JUMPI PUSH1 0x0 DUP1 REVERT JUMPDEST JUMPDEST ADDRESS PUSH20 0xFFFFFFFFFFFFFFFFFFFFFFFFFFFFFFFFFFFFFFFF AND DUP3 PUSH20 0xFFFFFFFFFFFFFFFFFFFFFFFFFFFFFFFFFFFFFFFF AND EQ ISZERO ISZERO PUSH2 0x18A6 JUMPI DUP2 PUSH20 0xFFFFFFFFFFFFFFFFFFFFFFFFFFFFFFFFFFFFFFFF AND PUSH2 0x8FC DUP5 SWAP1 DUP2 ISZERO MUL SWAP1 PUSH1 0x40 MLOAD PUSH1 0x0 PUSH1 0x40 MLOAD DUP1 DUP4 SUB DUP2 DUP6 DUP9 DUP9 CALL SWAP4 POP POP POP POP ISZERO ISZERO PUSH2 0x18A5 JUMPI PUSH1 0x0 DUP1 REVERT JUMPDEST JUMPDEST PUSH31 0x8201E7BCBF010C2C07DE59D6E97CB7E3CF67A46125C49CBC89B9D2CDE1F48F DUP9 DUP7 PUSH1 0x6 PUSH1 0x0 DUP13 DUP2 MSTORE PUSH1 0x20 ADD SWAP1 DUP2 MSTORE PUSH1 0x20 ADD PUSH1 0x0 KECCAK256 SLOAD DUP11 DUP11 PUSH1 0x7 DUP15 DUP2 SLOAD DUP2 LT ISZERO ISZERO PUSH2 0x18ED JUMPI INVALID JUMPDEST SWAP1 PUSH1 0x0 MSTORE PUSH1 0x20 PUSH1 0x0 KECCAK256 SWAP1 ADD PUSH1 0x0 ADD PUSH1 0x40 MLOAD DUP1 DUP8 DUP2 MSTORE PUSH1 0x20 ADD DUP7 DUP2 MSTORE PUSH1 0x20 ADD DUP6 DUP2 MSTORE PUSH1 0x20 ADD DUP5 PUSH20 0xFFFFFFFFFFFFFFFFFFFFFFFFFFFFFFFFFFFFFFFF AND PUSH20 0xFFFFFFFFFFFFFFFFFFFFFFFFFFFFFFFFFFFFFFFF AND DUP2 MSTORE PUSH1 0x20 ADD DUP4 PUSH20 0xFFFFFFFFFFFFFFFFFFFFFFFFFFFFFFFFFFFFFFFF AND PUSH20 0xFFFFFFFFFFFFFFFFFFFFFFFFFFFFFFFFFFFFFFFF AND DUP2 MSTORE PUSH1 0x20 ADD DUP1 PUSH1 0x20 ADD DUP3 DUP2 SUB DUP3 MSTORE DUP4 DUP2 DUP2 SLOAD PUSH1 0x1 DUP2 PUSH1 0x1 AND ISZERO PUSH2 0x100 MUL SUB AND PUSH1 0x2 SWAP1 DIV DUP2 MSTORE PUSH1 0x20 ADD SWAP2 POP DUP1 SLOAD PUSH1 0x1 DUP2 PUSH1 0x1 AND ISZERO PUSH2 0x100 MUL SUB AND PUSH1 0x2 SWAP1 DIV DUP1 ISZERO PUSH2 0x19FA JUMPI DUP1 PUSH1 0x1F LT PUSH2 0x19CF JUMPI PUSH2 0x100 DUP1 DUP4 SLOAD DIV MUL DUP4 MSTORE SWAP2 PUSH1 0x20 ADD SWAP2 PUSH2 0x19FA JUMP JUMPDEST DUP3 ADD SWAP2 SWAP1 PUSH1 0x0 MSTORE PUSH1 0x20 PUSH1 0x0 KECCAK256 SWAP1 JUMPDEST DUP2 SLOAD DUP2 MSTORE SWAP1 PUSH1 0x1 ADD SWAP1 PUSH1 0x20 ADD DUP1 DUP4 GT PUSH2 0x19DD JUMPI DUP3 SWAP1 SUB PUSH1 0x1F AND DUP3 ADD SWAP2 JUMPDEST POP POP SWAP8 POP POP POP POP POP POP POP POP PUSH1 0x40 MLOAD DUP1 SWAP2 SUB SWAP1 LOG1 DUP5 CALLVALUE GT ISZERO PUSH2 0x1A62 JUMPI PUSH2 0x1A1F CALLVALUE DUP7 PUSH2 0x22FE JUMP JUMPDEST SWAP1 POP CALLER PUSH20 0xFFFFFFFFFFFFFFFFFFFFFFFFFFFFFFFFFFFFFFFF AND PUSH2 0x8FC DUP3 SWAP1 DUP2 ISZERO MUL SWAP1 PUSH1 0x40 MLOAD PUSH1 0x0 PUSH1 0x40 MLOAD DUP1 DUP4 SUB DUP2 DUP6 DUP9 DUP9 CALL SWAP4 POP POP POP POP ISZERO ISZERO PUSH2 0x1A61 JUMPI PUSH1 0x0 DUP1 REVERT JUMPDEST JUMPDEST POP POP POP POP POP POP POP POP JUMP JUMPDEST PUSH2 0x1A74 PUSH2 0x233F JUMP JUMPDEST PUSH2 0x1A7C PUSH2 0x233F JUMP JUMPDEST PUSH2 0x1A84 PUSH2 0x232B JUMP JUMPDEST PUSH1 0x0 DUP1 PUSH1 0x0 PUSH2 0x1A91 PUSH2 0x233F JUMP JUMPDEST PUSH2 0x1A99 PUSH2 0x233F JUMP JUMPDEST PUSH2 0x1AA1 PUSH2 0x232B JUMP JUMPDEST PUSH1 0x0 PUSH2 0x1AAB PUSH2 0xD08 JUMP JUMPDEST SWAP7 POP PUSH1 0x0 DUP8 EQ DUP1 PUSH2 0x1ABC JUMPI POP DUP7 DUP12 LT ISZERO JUMPDEST ISZERO PUSH2 0x1B35 JUMPI PUSH1 0x0 PUSH1 0x40 MLOAD DUP1 MSIZE LT PUSH2 0x1AD0 JUMPI POP MSIZE JUMPDEST SWAP1 DUP1 DUP3 MSTORE DUP1 PUSH1 0x20 MUL PUSH1 0x20 ADD DUP3 ADD PUSH1 0x40 MSTORE POP PUSH1 0x0 PUSH1 0x40 MLOAD DUP1 MSIZE LT PUSH2 0x1AF0 JUMPI POP MSIZE JUMPDEST SWAP1 DUP1 DUP3 MSTORE DUP1 PUSH1 0x20 MUL PUSH1 0x20 ADD DUP3 ADD PUSH1 0x40 MSTORE POP PUSH1 0x0 PUSH1 0x40 MLOAD DUP1 MSIZE LT PUSH2 0x1B10 JUMPI POP MSIZE JUMPDEST SWAP1 DUP1 DUP3 MSTORE DUP1 PUSH1 0x20 MUL PUSH1 0x20 ADD DUP3 ADD PUSH1 0x40 MSTORE POP DUP3 SWAP3 POP DUP2 SWAP2 POP DUP1 SWAP1 POP SWAP10 POP SWAP10 POP SWAP10 POP PUSH2 0x1D0E JUMP JUMPDEST PUSH2 0x3E8 DUP12 ADD DUP8 GT ISZERO PUSH2 0x1B4D JUMPI PUSH2 0x3E8 DUP12 ADD SWAP6 POP PUSH2 0x1B51 JUMP JUMPDEST DUP7 SWAP6 POP JUMPDEST DUP11 DUP7 SUB SWAP5 POP DUP5 PUSH1 0x40 MLOAD DUP1 MSIZE LT PUSH2 0x1B64 JUMPI POP MSIZE JUMPDEST SWAP1 DUP1 DUP3 MSTORE DUP1 PUSH1 0x20 MUL PUSH1 0x20 ADD DUP3 ADD PUSH1 0x40 MSTORE POP SWAP4 POP DUP5 PUSH1 0x40 MLOAD DUP1 MSIZE LT PUSH2 0x1B85 JUMPI POP MSIZE JUMPDEST SWAP1 DUP1 DUP3 MSTORE DUP1 PUSH1 0x20 MUL PUSH1 0x20 ADD DUP3 ADD PUSH1 0x40 MSTORE POP SWAP3 POP DUP5 PUSH1 0x40 MLOAD DUP1 MSIZE LT PUSH2 0x1BA6 JUMPI POP MSIZE JUMPDEST SWAP1 DUP1 DUP3 MSTORE DUP1 PUSH1 0x20 MUL PUSH1 0x20 ADD DUP3 ADD PUSH1 0x40 MSTORE POP SWAP2 POP DUP11 SWAP1 POP JUMPDEST DUP6 DUP2 LT ISZERO PUSH2 0x1D04 JUMPI PUSH1 0x2 PUSH1 0x0 DUP3 DUP2 MSTORE PUSH1 0x20 ADD SWAP1 DUP2 MSTORE PUSH1 0x20 ADD PUSH1 0x0 KECCAK256 PUSH1 0x0 SWAP1 SLOAD SWAP1 PUSH2 0x100 EXP SWAP1 DIV PUSH20 0xFFFFFFFFFFFFFFFFFFFFFFFFFFFFFFFFFFFFFFFF AND DUP5 DUP13 DUP4 SUB DUP2 MLOAD DUP2 LT ISZERO ISZERO PUSH2 0x1C09 JUMPI INVALID JUMPDEST SWAP1 PUSH1 0x20 ADD SWAP1 PUSH1 0x20 MUL ADD SWAP1 PUSH20 0xFFFFFFFFFFFFFFFFFFFFFFFFFFFFFFFFFFFFFFFF AND SWAP1 DUP2 PUSH20 0xFFFFFFFFFFFFFFFFFFFFFFFFFFFFFFFFFFFFFFFF AND DUP2 MSTORE POP POP PUSH1 0x3 PUSH1 0x0 DUP3 DUP2 MSTORE PUSH1 0x20 ADD SWAP1 DUP2 MSTORE PUSH1 0x20 ADD PUSH1 0x0 KECCAK256 PUSH1 0x0 SWAP1 SLOAD SWAP1 PUSH2 0x100 EXP SWAP1 DIV PUSH20 0xFFFFFFFFFFFFFFFFFFFFFFFFFFFFFFFFFFFFFFFF AND DUP4 DUP13 DUP4 SUB DUP2 MLOAD DUP2 LT ISZERO ISZERO PUSH2 0x1C89 JUMPI INVALID JUMPDEST SWAP1 PUSH1 0x20 ADD SWAP1 PUSH1 0x20 MUL ADD SWAP1 PUSH20 0xFFFFFFFFFFFFFFFFFFFFFFFFFFFFFFFFFFFFFFFF AND SWAP1 DUP2 PUSH20 0xFFFFFFFFFFFFFFFFFFFFFFFFFFFFFFFFFFFFFFFF AND DUP2 MSTORE POP POP PUSH1 0x6 PUSH1 0x0 DUP3 DUP2 MSTORE PUSH1 0x20 ADD SWAP1 DUP2 MSTORE PUSH1 0x20 ADD PUSH1 0x0 KECCAK256 SLOAD DUP3 DUP13 DUP4 SUB DUP2 MLOAD DUP2 LT ISZERO ISZERO PUSH2 0x1CE9 JUMPI INVALID JUMPDEST SWAP1 PUSH1 0x20 ADD SWAP1 PUSH1 0x20 MUL ADD DUP2 DUP2 MSTORE POP POP DUP1 DUP1 PUSH1 0x1 ADD SWAP2 POP POP PUSH2 0x1BBD JUMP JUMPDEST DUP4 DUP4 DUP4 SWAP10 POP SWAP10 POP SWAP10 POP JUMPDEST POP POP POP POP POP POP POP SWAP2 SWAP4 SWAP1 SWAP3 POP JUMP JUMPDEST PUSH1 0x40 DUP1 MLOAD SWAP1 DUP2 ADD PUSH1 0x40 MSTORE DUP1 PUSH1 0xE DUP2 MSTORE PUSH1 0x20 ADD PUSH32 0x446F67677950696373546F6B656E000000000000000000000000000000000000 DUP2 MSTORE POP DUP2 JUMP JUMPDEST PUSH1 0x0 PUSH1 0x2 PUSH1 0x0 DUP4 DUP2 MSTORE PUSH1 0x20 ADD SWAP1 DUP2 MSTORE PUSH1 0x20 ADD PUSH1 0x0 KECCAK256 PUSH1 0x0 SWAP1 SLOAD SWAP1 PUSH2 0x100 EXP SWAP1 DIV PUSH20 0xFFFFFFFFFFFFFFFFFFFFFFFFFFFFFFFFFFFFFFFF AND PUSH20 0xFFFFFFFFFFFFFFFFFFFFFFFFFFFFFFFFFFFFFFFF AND DUP4 PUSH20 0xFFFFFFFFFFFFFFFFFFFFFFFFFFFFFFFFFFFFFFFF AND EQ SWAP1 POP SWAP3 SWAP2 POP POP JUMP JUMPDEST PUSH2 0x1DC9 PUSH2 0x2353 JUMP JUMPDEST PUSH1 0x0 PUSH1 0x20 PUSH1 0x40 MLOAD SWAP1 DUP2 ADD PUSH1 0x40 MSTORE DUP1 DUP7 DUP2 MSTORE POP SWAP2 POP PUSH1 0x1 PUSH1 0x7 DUP1 SLOAD DUP1 PUSH1 0x1 ADD DUP3 DUP2 PUSH2 0x1DF3 SWAP2 SWAP1 PUSH2 0x236D JUMP JUMPDEST SWAP2 PUSH1 0x0 MSTORE PUSH1 0x20 PUSH1 0x0 KECCAK256 SWAP1 ADD PUSH1 0x0 DUP6 SWAP1 SWAP2 SWAP1 SWAP2 POP PUSH1 0x0 DUP3 ADD MLOAD DUP2 PUSH1 0x0 ADD SWAP1 DUP1 MLOAD SWAP1 PUSH1 0x20 ADD SWAP1 PUSH2 0x1E22 SWAP3 SWAP2 SWAP1 PUSH2 0x2399 JUMP JUMPDEST POP POP POP SUB SWAP1 POP DUP1 PUSH4 0xFFFFFFFF AND DUP2 EQ ISZERO ISZERO PUSH2 0x1E3C JUMPI PUSH1 0x0 DUP1 REVERT JUMPDEST PUSH32 0x954513D5117DE541376C41C02132E653B3CE29B1FD120457BCC8184CA34B6CF9 DUP2 DUP7 DUP7 PUSH1 0x40 MLOAD DUP1 DUP5 DUP2 MSTORE PUSH1 0x20 ADD DUP1 PUSH1 0x20 ADD DUP4 PUSH20 0xFFFFFFFFFFFFFFFFFFFFFFFFFFFFFFFFFFFFFFFF AND PUSH20 0xFFFFFFFFFFFFFFFFFFFFFFFFFFFFFFFFFFFFFFFF AND DUP2 MSTORE PUSH1 0x20 ADD DUP3 DUP2 SUB DUP3 MSTORE DUP5 DUP2 DUP2 MLOAD DUP2 MSTORE PUSH1 0x20 ADD SWAP2 POP DUP1 MLOAD SWAP1 PUSH1 0x20 ADD SWAP1 DUP1 DUP4 DUP4 PUSH1 0x0 JUMPDEST DUP4 DUP2 LT ISZERO PUSH2 0x1ED8 JUMPI DUP1 DUP3 ADD MLOAD DUP2 DUP5 ADD MSTORE PUSH1 0x20 DUP2 ADD SWAP1 POP PUSH2 0x1EBD JUMP JUMPDEST POP POP POP POP SWAP1 POP SWAP1 DUP2 ADD SWAP1 PUSH1 0x1F AND DUP1 ISZERO PUSH2 0x1F05 JUMPI DUP1 DUP3 SUB DUP1 MLOAD PUSH1 0x1 DUP4 PUSH1 0x20 SUB PUSH2 0x100 EXP SUB NOT AND DUP2 MSTORE PUSH1 0x20 ADD SWAP2 POP JUMPDEST POP SWAP5 POP POP POP POP POP PUSH1 0x40 MLOAD DUP1 SWAP2 SUB SWAP1 LOG1 DUP3 PUSH1 0x6 PUSH1 0x0 DUP4 DUP2 MSTORE PUSH1 0x20 ADD SWAP1 DUP2 MSTORE PUSH1 0x20 ADD PUSH1 0x0 KECCAK256 DUP2 SWAP1 SSTORE POP PUSH1 0x3 DUP2 LT ISZERO PUSH2 0x1F8C JUMPI ADDRESS PUSH1 0x3 PUSH1 0x0 DUP4 DUP2 MSTORE PUSH1 0x20 ADD SWAP1 DUP2 MSTORE PUSH1 0x20 ADD PUSH1 0x0 KECCAK256 PUSH1 0x0 PUSH2 0x100 EXP DUP2 SLOAD DUP2 PUSH20 0xFFFFFFFFFFFFFFFFFFFFFFFFFFFFFFFFFFFFFFFF MUL NOT AND SWAP1 DUP4 PUSH20 0xFFFFFFFFFFFFFFFFFFFFFFFFFFFFFFFFFFFFFFFF AND MUL OR SWAP1 SSTORE POP PUSH2 0x1FDF JUMP JUMPDEST DUP4 PUSH1 0x3 PUSH1 0x0 DUP4 DUP2 MSTORE PUSH1 0x20 ADD SWAP1 DUP2 MSTORE PUSH1 0x20 ADD PUSH1 0x0 KECCAK256 PUSH1 0x0 PUSH2 0x100 EXP DUP2 SLOAD DUP2 PUSH20 0xFFFFFFFFFFFFFFFFFFFFFFFFFFFFFFFFFFFFFFFF MUL NOT AND SWAP1 DUP4 PUSH20 0xFFFFFFFFFFFFFFFFFFFFFFFFFFFFFFFFFFFFFFFF AND MUL OR SWAP1 SSTORE POP JUMPDEST PUSH2 0x1FEB PUSH1 0x0 DUP6 DUP4 PUSH2 0x2097 JUMP JUMPDEST POP POP POP POP POP JUMP JUMPDEST PUSH1 0x0 DUP3 PUSH20 0xFFFFFFFFFFFFFFFFFFFFFFFFFFFFFFFFFFFFFFFF AND PUSH1 0x5 PUSH1 0x0 DUP5 DUP2 MSTORE PUSH1 0x20 ADD SWAP1 DUP2 MSTORE PUSH1 0x20 ADD PUSH1 0x0 KECCAK256 PUSH1 0x0 SWAP1 SLOAD SWAP1 PUSH2 0x100 EXP SWAP1 DIV PUSH20 0xFFFFFFFFFFFFFFFFFFFFFFFFFFFFFFFFFFFFFFFF AND PUSH20 0xFFFFFFFFFFFFFFFFFFFFFFFFFFFFFFFFFFFFFFFF AND EQ SWAP1 POP SWAP3 SWAP2 POP POP JUMP JUMPDEST PUSH1 0x0 DUP1 PUSH20 0xFFFFFFFFFFFFFFFFFFFFFFFFFFFFFFFFFFFFFFFF AND DUP3 PUSH20 0xFFFFFFFFFFFFFFFFFFFFFFFFFFFFFFFFFFFFFFFF AND EQ ISZERO SWAP1 POP SWAP2 SWAP1 POP JUMP JUMPDEST PUSH1 0x4 PUSH1 0x0 DUP4 PUSH20 0xFFFFFFFFFFFFFFFFFFFFFFFFFFFFFFFFFFFFFFFF AND PUSH20 0xFFFFFFFFFFFFFFFFFFFFFFFFFFFFFFFFFFFFFFFF AND DUP2 MSTORE PUSH1 0x20 ADD SWAP1 DUP2 MSTORE PUSH1 0x20 ADD PUSH1 0x0 KECCAK256 PUSH1 0x0 DUP2 SLOAD DUP1 SWAP3 SWAP2 SWAP1 PUSH1 0x1 ADD SWAP2 SWAP1 POP SSTORE POP DUP2 PUSH1 0x2 PUSH1 0x0 DUP4 DUP2 MSTORE PUSH1 0x20 ADD SWAP1 DUP2 MSTORE PUSH1 0x20 ADD PUSH1 0x0 KECCAK256 PUSH1 0x0 PUSH2 0x100 EXP DUP2 SLOAD DUP2 PUSH20 0xFFFFFFFFFFFFFFFFFFFFFFFFFFFFFFFFFFFFFFFF MUL NOT AND SWAP1 DUP4 PUSH20 0xFFFFFFFFFFFFFFFFFFFFFFFFFFFFFFFFFFFFFFFF AND MUL OR SWAP1 SSTORE POP PUSH1 0x0 PUSH20 0xFFFFFFFFFFFFFFFFFFFFFFFFFFFFFFFFFFFFFFFF AND DUP4 PUSH20 0xFFFFFFFFFFFFFFFFFFFFFFFFFFFFFFFFFFFFFFFF AND EQ ISZERO ISZERO PUSH2 0x21F5 JUMPI PUSH1 0x4 PUSH1 0x0 DUP5 PUSH20 0xFFFFFFFFFFFFFFFFFFFFFFFFFFFFFFFFFFFFFFFF AND PUSH20 0xFFFFFFFFFFFFFFFFFFFFFFFFFFFFFFFFFFFFFFFF AND DUP2 MSTORE PUSH1 0x20 ADD SWAP1 DUP2 MSTORE PUSH1 0x20 ADD PUSH1 0x0 KECCAK256 PUSH1 0x0 DUP2 SLOAD DUP1 SWAP3 SWAP2 SWAP1 PUSH1 0x1 SWAP1 SUB SWAP2 SWAP1 POP SSTORE POP PUSH1 0x5 PUSH1 0x0 DUP3 DUP2 MSTORE PUSH1 0x20 ADD SWAP1 DUP2 MSTORE PUSH1 0x20 ADD PUSH1 0x0 KECCAK256 PUSH1 0x0 PUSH2 0x100 EXP DUP2 SLOAD SWAP1 PUSH20 0xFFFFFFFFFFFFFFFFFFFFFFFFFFFFFFFFFFFFFFFF MUL NOT AND SWAP1 SSTORE JUMPDEST PUSH32 0xDDF252AD1BE2C89B69C2B068FC378DAA952BA7F163C4A11628F55A4DF523B3EF DUP4 DUP4 DUP4 PUSH1 0x40 MLOAD DUP1 DUP5 PUSH20 0xFFFFFFFFFFFFFFFFFFFFFFFFFFFFFFFFFFFFFFFF AND PUSH20 0xFFFFFFFFFFFFFFFFFFFFFFFFFFFFFFFFFFFFFFFF AND DUP2 MSTORE PUSH1 0x20 ADD DUP4 PUSH20 0xFFFFFFFFFFFFFFFFFFFFFFFFFFFFFFFFFFFFFFFF AND PUSH20 0xFFFFFFFFFFFFFFFFFFFFFFFFFFFFFFFFFFFFFFFF AND DUP2 MSTORE PUSH1 0x20 ADD DUP3 DUP2 MSTORE PUSH1 0x20 ADD SWAP4 POP POP POP POP PUSH1 0x40 MLOAD DUP1 SWAP2 SUB SWAP1 LOG1 POP POP POP JUMP JUMPDEST PUSH1 0x0 DUP1 PUSH1 0x0 DUP5 EQ ISZERO PUSH2 0x22AE JUMPI PUSH1 0x0 SWAP2 POP PUSH2 0x22CD JUMP JUMPDEST DUP3 DUP5 MUL SWAP1 POP DUP3 DUP5 DUP3 DUP2 ISZERO ISZERO PUSH2 0x22BF JUMPI INVALID JUMPDEST DIV EQ ISZERO ISZERO PUSH2 0x22C9 JUMPI INVALID JUMPDEST DUP1 SWAP2 POP JUMPDEST POP SWAP3 SWAP2 POP POP JUMP JUMPDEST PUSH1 0x0 DUP1 DUP3 DUP5 DUP2 ISZERO ISZERO PUSH2 0x22E2 JUMPI INVALID JUMPDEST DIV SWAP1 POP DUP1 SWAP2 POP POP SWAP3 SWAP2 POP POP JUMP JUMPDEST PUSH2 0x22FA DUP3 CALLER DUP4 PUSH2 0x1DC1 JUMP JUMPDEST POP POP JUMP JUMPDEST PUSH1 0x0 DUP3 DUP3 GT ISZERO ISZERO ISZERO PUSH2 0x230C JUMPI INVALID JUMPDEST DUP2 DUP4 SUB SWAP1 POP SWAP3 SWAP2 POP POP JUMP JUMPDEST PUSH1 0x20 PUSH1 0x40 MLOAD SWAP1 DUP2 ADD PUSH1 0x40 MSTORE DUP1 PUSH1 0x0 DUP2 MSTORE POP SWAP1 JUMP JUMPDEST PUSH1 0x20 PUSH1 0x40 MLOAD SWAP1 DUP2 ADD PUSH1 0x40 MSTORE DUP1 PUSH1 0x0 DUP2 MSTORE POP SWAP1 JUMP JUMPDEST PUSH1 0x20 PUSH1 0x40 MLOAD SWAP1 DUP2 ADD PUSH1 0x40 MSTORE DUP1 PUSH1 0x0 DUP2 MSTORE POP SWAP1 JUMP JUMPDEST PUSH1 0x20 PUSH1 0x40 MLOAD SWAP1 DUP2 ADD PUSH1 0x40 MSTORE DUP1 PUSH2 0x2367 PUSH2 0x2419 JUMP JUMPDEST DUP2 MSTORE POP SWAP1 JUMP JUMPDEST DUP2 SLOAD DUP2 DUP4 SSTORE DUP2 DUP2 ISZERO GT PUSH2 0x2394 JUMPI DUP2 DUP4 PUSH1 0x0 MSTORE PUSH1 0x20 PUSH1 0x0 KECCAK256 SWAP2 DUP3 ADD SWAP2 ADD PUSH2 0x2393 SWAP2 SWAP1 PUSH2 0x242D JUMP JUMPDEST JUMPDEST POP POP POP JUMP JUMPDEST DUP3 DUP1 SLOAD PUSH1 0x1 DUP2 PUSH1 0x1 AND ISZERO PUSH2 0x100 MUL SUB AND PUSH1 0x2 SWAP1 DIV SWAP1 PUSH1 0x0 MSTORE PUSH1 0x20 PUSH1 0x0 KECCAK256 SWAP1 PUSH1 0x1F ADD PUSH1 0x20 SWAP1 DIV DUP2 ADD SWAP3 DUP3 PUSH1 0x1F LT PUSH2 0x23DA JUMPI DUP1 MLOAD PUSH1 0xFF NOT AND DUP4 DUP1 ADD OR DUP6 SSTORE PUSH2 0x2408 JUMP JUMPDEST DUP3 DUP1 ADD PUSH1 0x1 ADD DUP6 SSTORE DUP3 ISZERO PUSH2 0x2408 JUMPI SWAP2 DUP3 ADD JUMPDEST DUP3 DUP2 GT ISZERO PUSH2 0x2407 JUMPI DUP3 MLOAD DUP3 SSTORE SWAP2 PUSH1 0x20 ADD SWAP2 SWAP1 PUSH1 0x1 ADD SWAP1 PUSH2 0x23EC JUMP JUMPDEST JUMPDEST POP SWAP1 POP PUSH2 0x2415 SWAP2 SWAP1 PUSH2 0x245C JUMP JUMPDEST POP SWAP1 JUMP JUMPDEST PUSH1 0x20 PUSH1 0x40 MLOAD SWAP1 DUP2 ADD PUSH1 0x40 MSTORE DUP1 PUSH1 0x0 DUP2 MSTORE POP SWAP1 JUMP JUMPDEST PUSH2 0x2459 SWAP2 SWAP1 JUMPDEST DUP1 DUP3 GT ISZERO PUSH2 0x2455 JUMPI PUSH1 0x0 DUP1 DUP3 ADD PUSH1 0x0 PUSH2 0x244C SWAP2 SWAP1 PUSH2 0x2481 JUMP JUMPDEST POP PUSH1 0x1 ADD PUSH2 0x2433 JUMP JUMPDEST POP SWAP1 JUMP JUMPDEST SWAP1 JUMP JUMPDEST PUSH2 0x247E SWAP2 SWAP1 JUMPDEST DUP1 DUP3 GT ISZERO PUSH2 0x247A JUMPI PUSH1 0x0 DUP2 PUSH1 0x0 SWAP1 SSTORE POP PUSH1 0x1 ADD PUSH2 0x2462 JUMP JUMPDEST POP SWAP1 JUMP JUMPDEST SWAP1 JUMP JUMPDEST POP DUP1 SLOAD PUSH1 0x1 DUP2 PUSH1 0x1 AND ISZERO PUSH2 0x100 MUL SUB AND PUSH1 0x2 SWAP1 DIV PUSH1 0x0 DUP3 SSTORE DUP1 PUSH1 0x1F LT PUSH2 0x24A7 JUMPI POP PUSH2 0x24C6 JUMP JUMPDEST PUSH1 0x1F ADD PUSH1 0x20 SWAP1 DIV SWAP1 PUSH1 0x0 MSTORE PUSH1 0x20 PUSH1 0x0 KECCAK256 SWAP1 DUP2 ADD SWAP1 PUSH2 0x24C5 SWAP2 SWAP1 PUSH2 0x245C JUMP JUMPDEST JUMPDEST POP JUMP STOP LOG1 PUSH6 0x627A7A723058 KECCAK256 SGT PUSH16 0xB82ACC433419F3CC41E1C5752AD34B87 DUP2 0xc0 0xe2 0xaf 0xec CREATE MUL STATICCALL GAS MSTORE 0xa6 0xec 0x2f 0x2e STOP 0x29
1,PUSH1 0x60 PUSH1 0x40 MSTORE PUSH1 0x40 DUP1 MLOAD SWAP1 DUP2 ADD PUSH1 0x40 MSTORE DUP1 PUSH1 0xC DUP2 MSTORE PUSH1 0x20 ADD PUSH32 0x56697465696E20546F6B656E0000000000000000000000000000000000000000 DUP2 MSTORE POP PUSH1 0x0 SWAP1 DUP1 MLOAD SWAP1 PUSH1 0x20 ADD SWAP1 PUSH3 0x51 SWAP3 SWAP2 SWAP1 PUSH3 0x124 JUMP JUMPDEST POP PUSH1 0x40 DUP1 MLOAD SWAP1 DUP2 ADD PUSH1 0x40 MSTORE DUP1 PUSH1 0x3 DUP2 MSTORE PUSH1 0x20 ADD PUSH32 0x5649540000000000000000000000000000000000000000000000000000000000 DUP2 MSTORE POP PUSH1 0x1 SWAP1 DUP1 MLOAD SWAP1 PUSH1 0x20 ADD SWAP1 PUSH3 0x9F SWAP3 SWAP2 SWAP1 PUSH3 0x124 JUMP JUMPDEST POP PUSH1 0x12 PUSH1 0x2 PUSH1 0x0 PUSH2 0x100 EXP DUP2 SLOAD DUP2 PUSH1 0xFF MUL NOT AND SWAP1 DUP4 PUSH1 0xFF AND MUL OR SWAP1 SSTORE POP PUSH12 0x204FCE5E3E25026110000000 PUSH1 0x3 SSTORE CALLVALUE ISZERO PUSH3 0xD8 JUMPI PUSH1 0x0 DUP1 REVERT JUMPDEST PUSH1 0x3 SLOAD PUSH1 0x4 PUSH1 0x0 CALLER PUSH20 0xFFFFFFFFFFFFFFFFFFFFFFFFFFFFFFFFFFFFFFFF AND PUSH20 0xFFFFFFFFFFFFFFFFFFFFFFFFFFFFFFFFFFFFFFFF AND DUP2 MSTORE PUSH1 0x20 ADD SWAP1 DUP2 MSTORE PUSH1 0x20 ADD PUSH1 0x0 KECCAK256 DUP2 SWAP1 SSTORE POP PUSH3 0x1D3 JUMP JUMPDEST DUP3 DUP1 SLOAD PUSH1 0x1 DUP2 PUSH1 0x1 AND ISZERO PUSH2 0x100 MUL SUB AND PUSH1 0x2 SWAP1 DIV SWAP1 PUSH1 0x0 MSTORE PUSH1 0x20 PUSH1 0x0 KECCAK256 SWAP1 PUSH1 0x1F ADD PUSH1 0x20 SWAP1 DIV DUP2 ADD SWAP3 DUP3 PUSH1 0x1F LT PUSH3 0x167 JUMPI DUP1 MLOAD PUSH1 0xFF NOT AND DUP4 DUP1 ADD OR DUP6 SSTORE PUSH3 0x198 JUMP JUMPDEST DUP3 DUP1 ADD PUSH1 0x1 ADD DUP6 SSTORE DUP3 ISZERO PUSH3 0x198 JUMPI SWAP2 DUP3 ADD JUMPDEST DUP3 DUP2 GT ISZERO PUSH3 0x197 JUMPI DUP3 MLOAD DUP3 SSTORE SWAP2 PUSH1 0x20 ADD SWAP2 SWAP1 PUSH1 0x1 ADD SWAP1 PUSH3 0x17A JUMP JUMPDEST JUMPDEST POP SWAP1 POP PUSH3 0x1A7 SWAP2 SWAP1 PUSH3 0x1AB JUMP JUMPDEST POP SWAP1 JUMP JUMPDEST PUSH3 0x1D0 SWAP2 SWAP1 JUMPDEST DUP1 DUP3 GT ISZERO PUSH3 0x1CC JUMPI PUSH1 0x0 DUP2 PUSH1 0x0 SWAP1 SSTORE POP PUSH1 0x1 ADD PUSH3 0x1B2 JUMP JUMPDEST POP SWAP1 JUMP JUMPDEST SWAP1 JUMP JUMPDEST PUSH2 0x106C DUP1 PUSH3 0x1E3 PUSH1 0x0 CODECOPY PUSH1 0x0 RETURN STOP PUSH1 0x60 PUSH1 0x40 MSTORE PUSH1 0x4 CALLDATASIZE LT PUSH2 0xBA JUMPI PUSH1 0x0 CALLDATALOAD PUSH29 0x100000000000000000000000000000000000000000000000000000000 SWAP1 DIV PUSH4 0xFFFFFFFF AND DUP1 PUSH4 0x6FDDE03 EQ PUSH2 0xBF JUMPI DUP1 PUSH4 0x95EA7B3 EQ PUSH2 0x14D JUMPI DUP1 PUSH4 0x18160DDD EQ PUSH2 0x1A7 JUMPI DUP1 PUSH4 0x23B872DD EQ PUSH2 0x1D0 JUMPI DUP1 PUSH4 0x313CE567 EQ PUSH2 0x249 JUMPI DUP1 PUSH4 0x42966C68 EQ PUSH2 0x278 JUMPI DUP1 PUSH4 0x70A08231 EQ PUSH2 0x2B3 JUMPI DUP1 PUSH4 0x79CC6790 EQ PUSH2 0x300 JUMPI DUP1 PUSH4 0x95D89B41 EQ PUSH2 0x35A JUMPI DUP1 PUSH4 0xA9059CBB EQ PUSH2 0x3E8 JUMPI DUP1 PUSH4 0xCAE9CA51 EQ PUSH2 0x42A JUMPI DUP1 PUSH4 0xDD62ED3E EQ PUSH2 0x4C7 JUMPI JUMPDEST PUSH1 0x0 DUP1 REVERT JUMPDEST CALLVALUE ISZERO PUSH2 0xCA JUMPI PUSH1 0x0 DUP1 REVERT JUMPDEST PUSH2 0xD2 PUSH2 0x533 JUMP JUMPDEST PUSH1 0x40 MLOAD DUP1 DUP1 PUSH1 0x20 ADD DUP3 DUP2 SUB DUP3 MSTORE DUP4 DUP2 DUP2 MLOAD DUP2 MSTORE PUSH1 0x20 ADD SWAP2 POP DUP1 MLOAD SWAP1 PUSH1 0x20 ADD SWAP1 DUP1 DUP4 DUP4 PUSH1 0x0 JUMPDEST DUP4 DUP2 LT ISZERO PUSH2 0x112 JUMPI DUP1 DUP3 ADD MLOAD DUP2 DUP5 ADD MSTORE PUSH1 0x20 DUP2 ADD SWAP1 POP PUSH2 0xF7 JUMP JUMPDEST POP POP POP POP SWAP1 POP SWAP1 DUP2 ADD SWAP1 PUSH1 0x1F AND DUP1 ISZERO PUSH2 0x13F JUMPI DUP1 DUP3 SUB DUP1 MLOAD PUSH1 0x1 DUP4 PUSH1 0x20 SUB PUSH2 0x100 EXP SUB NOT AND DUP2 MSTORE PUSH1 0x20 ADD SWAP2 POP JUMPDEST POP SWAP3 POP POP POP PUSH1 0x40 MLOAD DUP1 SWAP2 SUB SWAP1 RETURN JUMPDEST CALLVALUE ISZERO PUSH2 0x158 JUMPI PUSH1 0x0 DUP1 REVERT JUMPDEST PUSH2 0x18D PUSH1 0x4 DUP1 DUP1 CALLDATALOAD PUSH20 0xFFFFFFFFFFFFFFFFFFFFFFFFFFFFFFFFFFFFFFFF AND SWAP1 PUSH1 0x20 ADD SWAP1 SWAP2 SWAP1 DUP1 CALLDATALOAD SWAP1 PUSH1 0x20 ADD SWAP1 SWAP2 SWAP1 POP POP PUSH2 0x5D1 JUMP JUMPDEST PUSH1 0x40 MLOAD DUP1 DUP3 ISZERO ISZERO ISZERO ISZERO DUP2 MSTORE PUSH1 0x20 ADD SWAP2 POP POP PUSH1 0x40 MLOAD DUP1 SWAP2 SUB SWAP1 RETURN JUMPDEST CALLVALUE ISZERO PUSH2 0x1B2 JUMPI PUSH1 0x0 DUP1 REVERT JUMPDEST PUSH2 0x1BA PUSH2 0x65E JUMP JUMPDEST PUSH1 0x40 MLOAD DUP1 DUP3 DUP2 MSTORE PUSH1 0x20 ADD SWAP2 POP POP PUSH1 0x40 MLOAD DUP1 SWAP2 SUB SWAP1 RETURN JUMPDEST CALLVALUE ISZERO PUSH2 0x1DB JUMPI PUSH1 0x0 DUP1 REVERT JUMPDEST PUSH2 0x22F PUSH1 0x4 DUP1 DUP1 CALLDATALOAD PUSH20 0xFFFFFFFFFFFFFFFFFFFFFFFFFFFFFFFFFFFFFFFF AND SWAP1 PUSH1 0x20 ADD SWAP1 SWAP2 SWAP1 DUP1 CALLDATALOAD PUSH20 0xFFFFFFFFFFFFFFFFFFFFFFFFFFFFFFFFFFFFFFFF AND SWAP1 PUSH1 0x20 ADD SWAP1 SWAP2 SWAP1 DUP1 CALLDATALOAD SWAP1 PUSH1 0x20 ADD SWAP1 SWAP2 SWAP1 POP POP PUSH2 0x664 JUMP JUMPDEST PUSH1 0x40 MLOAD DUP1 DUP3 ISZERO ISZERO ISZERO ISZERO DUP2 MSTORE PUSH1 0x20 ADD SWAP2 POP POP PUSH1 0x40 MLOAD DUP1 SWAP2 SUB SWAP1 RETURN JUMPDEST CALLVALUE ISZERO PUSH2 0x254 JUMPI PUSH1 0x0 DUP1 REVERT JUMPDEST PUSH2 0x25C PUSH2 0x791 JUMP JUMPDEST PUSH1 0x40 MLOAD DUP1 DUP3 PUSH1 0xFF AND PUSH1 0xFF AND DUP2 MSTORE PUSH1 0x20 ADD SWAP2 POP POP PUSH1 0x40 MLOAD DUP1 SWAP2 SUB SWAP1 RETURN JUMPDEST CALLVALUE ISZERO PUSH2 0x283 JUMPI PUSH1 0x0 DUP1 REVERT JUMPDEST PUSH2 0x299 PUSH1 0x4 DUP1 DUP1 CALLDATALOAD SWAP1 PUSH1 0x20 ADD SWAP1 SWAP2 SWAP1 POP POP PUSH2 0x7A4 JUMP JUMPDEST PUSH1 0x40 MLOAD DUP1 DUP3 ISZERO ISZERO ISZERO ISZERO DUP2 MSTORE PUSH1 0x20 ADD SWAP2 POP POP PUSH1 0x40 MLOAD DUP1 SWAP2 SUB SWAP1 RETURN JUMPDEST CALLVALUE ISZERO PUSH2 0x2BE JUMPI PUSH1 0x0 DUP1 REVERT JUMPDEST PUSH2 0x2EA PUSH1 0x4 DUP1 DUP1 CALLDATALOAD PUSH20 0xFFFFFFFFFFFFFFFFFFFFFFFFFFFFFFFFFFFFFFFF AND SWAP1 PUSH1 0x20 ADD SWAP1 SWAP2 SWAP1 POP POP PUSH2 0x8A8 JUMP JUMPDEST PUSH1 0x40 MLOAD DUP1 DUP3 DUP2 MSTORE PUSH1 0x20 ADD SWAP2 POP POP PUSH1 0x40 MLOAD DUP1 SWAP2 SUB SWAP1 RETURN JUMPDEST CALLVALUE ISZERO PUSH2 0x30B JUMPI PUSH1 0x0 DUP1 REVERT JUMPDEST PUSH2 0x340 PUSH1 0x4 DUP1 DUP1 CALLDATALOAD PUSH20 0xFFFFFFFFFFFFFFFFFFFFFFFFFFFFFFFFFFFFFFFF AND SWAP1 PUSH1 0x20 ADD SWAP1 SWAP2 SWAP1 DUP1 CALLDATALOAD SWAP1 PUSH1 0x20 ADD SWAP1 SWAP2 SWAP1 POP POP PUSH2 0x8C0 JUMP JUMPDEST PUSH1 0x40 MLOAD DUP1 DUP3 ISZERO ISZERO ISZERO ISZERO DUP2 MSTORE PUSH1 0x20 ADD SWAP2 POP POP PUSH1 0x40 MLOAD DUP1 SWAP2 SUB SWAP1 RETURN JUMPDEST CALLVALUE ISZERO PUSH2 0x365 JUMPI PUSH1 0x0 DUP1 REVERT JUMPDEST PUSH2 0x36D PUSH2 0xADA JUMP JUMPDEST PUSH1 0x40 MLOAD DUP1 DUP1 PUSH1 0x20 ADD DUP3 DUP2 SUB DUP3 MSTORE DUP4 DUP2 DUP2 MLOAD DUP2 MSTORE PUSH1 0x20 ADD SWAP2 POP DUP1 MLOAD SWAP1 PUSH1 0x20 ADD SWAP1 DUP1 DUP4 DUP4 PUSH1 0x0 JUMPDEST DUP4 DUP2 LT ISZERO PUSH2 0x3AD JUMPI DUP1 DUP3 ADD MLOAD DUP2 DUP5 ADD MSTORE PUSH1 0x20 DUP2 ADD SWAP1 POP PUSH2 0x392 JUMP JUMPDEST POP POP POP POP SWAP1 POP SWAP1 DUP2 ADD SWAP1 PUSH1 0x1F AND DUP1 ISZERO PUSH2 0x3DA JUMPI DUP1 DUP3 SUB DUP1 MLOAD PUSH1 0x1 DUP4 PUSH1 0x20 SUB PUSH2 0x100 EXP SUB NOT AND DUP2 MSTORE PUSH1 0x20 ADD SWAP2 POP JUMPDEST POP SWAP3 POP POP POP PUSH1 0x40 MLOAD DUP1 SWAP2 SUB SWAP1 RETURN JUMPDEST CALLVALUE ISZERO PUSH2 0x3F3 JUMPI PUSH1 0x0 DUP1 REVERT JUMPDEST PUSH2 0x428 PUSH1 0x4 DUP1 DUP1 CALLDATALOAD PUSH20 0xFFFFFFFFFFFFFFFFFFFFFFFFFFFFFFFFFFFFFFFF AND SWAP1 PUSH1 0x20 ADD SWAP1 SWAP2 SWAP1 DUP1 CALLDATALOAD SWAP1 PUSH1 0x20 ADD SWAP1 SWAP2 SWAP1 POP POP PUSH2 0xB78 JUMP JUMPDEST STOP JUMPDEST CALLVALUE ISZERO PUSH2 0x435 JUMPI PUSH1 0x0 DUP1 REVERT JUMPDEST PUSH2 0x4AD PUSH1 0x4 DUP1 DUP1 CALLDATALOAD PUSH20 0xFFFFFFFFFFFFFFFFFFFFFFFFFFFFFFFFFFFFFFFF AND SWAP1 PUSH1 0x20 ADD SWAP1 SWAP2 SWAP1 DUP1 CALLDATALOAD SWAP1 PUSH1 0x20 ADD SWAP1 SWAP2 SWAP1 DUP1 CALLDATALOAD SWAP1 PUSH1 0x20 ADD SWAP1 DUP3 ADD DUP1 CALLDATALOAD SWAP1 PUSH1 0x20 ADD SWAP1 DUP1 DUP1 PUSH1 0x1F ADD PUSH1 0x20 DUP1 SWAP2 DIV MUL PUSH1 0x20 ADD PUSH1 0x40 MLOAD SWAP1 DUP2 ADD PUSH1 0x40 MSTORE DUP1 SWAP4 SWAP3 SWAP2 SWAP1 DUP2 DUP2 MSTORE PUSH1 0x20 ADD DUP4 DUP4 DUP1 DUP3 DUP5 CALLDATACOPY DUP3 ADD SWAP2 POP POP POP POP POP POP SWAP2 SWAP1 POP POP PUSH2 0xB87 JUMP JUMPDEST PUSH1 0x40 MLOAD DUP1 DUP3 ISZERO ISZERO ISZERO ISZERO DUP2 MSTORE PUSH1 0x20 ADD SWAP2 POP POP PUSH1 0x40 MLOAD DUP1 SWAP2 SUB SWAP1 RETURN JUMPDEST CALLVALUE ISZERO PUSH2 0x4D2 JUMPI PUSH1 0x0 DUP1 REVERT JUMPDEST PUSH2 0x51D PUSH1 0x4 DUP1 DUP1 CALLDATALOAD PUSH20 0xFFFFFFFFFFFFFFFFFFFFFFFFFFFFFFFFFFFFFFFF AND SWAP1 PUSH1 0x20 ADD SWAP1 SWAP2 SWAP1 DUP1 CALLDATALOAD PUSH20 0xFFFFFFFFFFFFFFFFFFFFFFFFFFFFFFFFFFFFFFFF AND SWAP1 PUSH1 0x20 ADD SWAP1 SWAP2 SWAP1 POP POP PUSH2 0xD05 JUMP JUMPDEST PUSH1 0x40 MLOAD DUP1 DUP3 DUP2 MSTORE PUSH1 0x20 ADD SWAP2 POP POP PUSH1 0x40 MLOAD DUP1 SWAP2 SUB SWAP1 RETURN JUMPDEST PUSH1 0x0 DUP1 SLOAD PUSH1 0x1 DUP2 PUSH1 0x1 AND ISZERO PUSH2 0x100 MUL SUB AND PUSH1 0x2 SWAP1 DIV DUP1 PUSH1 0x1F ADD PUSH1 0x20 DUP1 SWAP2 DIV MUL PUSH1 0x20 ADD PUSH1 0x40 MLOAD SWAP1 DUP2 ADD PUSH1 0x40 MSTORE DUP1 SWAP3 SWAP2 SWAP1 DUP2 DUP2 MSTORE PUSH1 0x20 ADD DUP3 DUP1 SLOAD PUSH1 0x1 DUP2 PUSH1 0x1 AND ISZERO PUSH2 0x100 MUL SUB AND PUSH1 0x2 SWAP1 DIV DUP1 ISZERO PUSH2 0x5C9 JUMPI DUP1 PUSH1 0x1F LT PUSH2 0x59E JUMPI PUSH2 0x100 DUP1 DUP4 SLOAD DIV MUL DUP4 MSTORE SWAP2 PUSH1 0x20 ADD SWAP2 PUSH2 0x5C9 JUMP JUMPDEST DUP3 ADD SWAP2 SWAP1 PUSH1 0x0 MSTORE PUSH1 0x20 PUSH1 0x0 KECCAK256 SWAP1 JUMPDEST DUP2 SLOAD DUP2 MSTORE SWAP1 PUSH1 0x1 ADD SWAP1 PUSH1 0x20 ADD DUP1 DUP4 GT PUSH2 0x5AC JUMPI DUP3 SWAP1 SUB PUSH1 0x1F AND DUP3 ADD SWAP2 JUMPDEST POP POP POP POP POP DUP2 JUMP JUMPDEST PUSH1 0x0 DUP2 PUSH1 0x5 PUSH1 0x0 CALLER PUSH20 0xFFFFFFFFFFFFFFFFFFFFFFFFFFFFFFFFFFFFFFFF AND PUSH20 0xFFFFFFFFFFFFFFFFFFFFFFFFFFFFFFFFFFFFFFFF AND DUP2 MSTORE PUSH1 0x20 ADD SWAP1 DUP2 MSTORE PUSH1 0x20 ADD PUSH1 0x0 KECCAK256 PUSH1 0x0 DUP6 PUSH20 0xFFFFFFFFFFFFFFFFFFFFFFFFFFFFFFFFFFFFFFFF AND PUSH20 0xFFFFFFFFFFFFFFFFFFFFFFFFFFFFFFFFFFFFFFFF AND DUP2 MSTORE PUSH1 0x20 ADD SWAP1 DUP2 MSTORE PUSH1 0x20 ADD PUSH1 0x0 KECCAK256 DUP2 SWAP1 SSTORE POP PUSH1 0x1 SWAP1 POP SWAP3 SWAP2 POP POP JUMP JUMPDEST PUSH1 0x3 SLOAD DUP2 JUMP JUMPDEST PUSH1 0x0 PUSH1 0x5 PUSH1 0x0 DUP6 PUSH20 0xFFFFFFFFFFFFFFFFFFFFFFFFFFFFFFFFFFFFFFFF AND PUSH20 0xFFFFFFFFFFFFFFFFFFFFFFFFFFFFFFFFFFFFFFFF AND DUP2 MSTORE PUSH1 0x20 ADD SWAP1 DUP2 MSTORE PUSH1 0x20 ADD PUSH1 0x0 KECCAK256 PUSH1 0x0 CALLER PUSH20 0xFFFFFFFFFFFFFFFFFFFFFFFFFFFFFFFFFFFFFFFF AND PUSH20 0xFFFFFFFFFFFFFFFFFFFFFFFFFFFFFFFFFFFFFFFF AND DUP2 MSTORE PUSH1 0x20 ADD SWAP1 DUP2 MSTORE PUSH1 0x20 ADD PUSH1 0x0 KECCAK256 SLOAD DUP3 GT ISZERO ISZERO ISZERO PUSH2 0x6F1 JUMPI PUSH1 0x0 DUP1 REVERT JUMPDEST DUP2 PUSH1 0x5 PUSH1 0x0 DUP7 PUSH20 0xFFFFFFFFFFFFFFFFFFFFFFFFFFFFFFFFFFFFFFFF AND PUSH20 0xFFFFFFFFFFFFFFFFFFFFFFFFFFFFFFFFFFFFFFFF AND DUP2 MSTORE PUSH1 0x20 ADD SWAP1 DUP2 MSTORE PUSH1 0x20 ADD PUSH1 0x0 KECCAK256 PUSH1 0x0 CALLER PUSH20 0xFFFFFFFFFFFFFFFFFFFFFFFFFFFFFFFFFFFFFFFF AND PUSH20 0xFFFFFFFFFFFFFFFFFFFFFFFFFFFFFFFFFFFFFFFF AND DUP2 MSTORE PUSH1 0x20 ADD SWAP1 DUP2 MSTORE PUSH1 0x20 ADD PUSH1 0x0 KECCAK256 PUSH1 0x0 DUP3 DUP3 SLOAD SUB SWAP3 POP POP DUP2 SWAP1 SSTORE POP PUSH2 0x786 DUP5 DUP5 DUP5 PUSH2 0xD2A JUMP JUMPDEST PUSH1 0x1 SWAP1 POP SWAP4 SWAP3 POP POP POP JUMP JUMPDEST PUSH1 0x2 PUSH1 0x0 SWAP1 SLOAD SWAP1 PUSH2 0x100 EXP SWAP1 DIV PUSH1 0xFF AND DUP2 JUMP JUMPDEST PUSH1 0x0 DUP2 PUSH1 0x4 PUSH1 0x0 CALLER PUSH20 0xFFFFFFFFFFFFFFFFFFFFFFFFFFFFFFFFFFFFFFFF AND PUSH20 0xFFFFFFFFFFFFFFFFFFFFFFFFFFFFFFFFFFFFFFFF AND DUP2 MSTORE PUSH1 0x20 ADD SWAP1 DUP2 MSTORE PUSH1 0x20 ADD PUSH1 0x0 KECCAK256 SLOAD LT ISZERO ISZERO ISZERO PUSH2 0x7F4 JUMPI PUSH1 0x0 DUP1 REVERT JUMPDEST DUP2 PUSH1 0x4 PUSH1 0x0 CALLER PUSH20 0xFFFFFFFFFFFFFFFFFFFFFFFFFFFFFFFFFFFFFFFF AND PUSH20 0xFFFFFFFFFFFFFFFFFFFFFFFFFFFFFFFFFFFFFFFF AND DUP2 MSTORE PUSH1 0x20 ADD SWAP1 DUP2 MSTORE PUSH1 0x20 ADD PUSH1 0x0 KECCAK256 PUSH1 0x0 DUP3 DUP3 SLOAD SUB SWAP3 POP POP DUP2 SWAP1 SSTORE POP DUP2 PUSH1 0x3 PUSH1 0x0 DUP3 DUP3 SLOAD SUB SWAP3 POP POP DUP2 SWAP1 SSTORE POP CALLER PUSH20 0xFFFFFFFFFFFFFFFFFFFFFFFFFFFFFFFFFFFFFFFF AND PUSH32 0xCC16F5DBB4873280815C1EE09DBD06736CFFCC184412CF7A71A0FDB75D397CA5 DUP4 PUSH1 0x40 MLOAD DUP1 DUP3 DUP2 MSTORE PUSH1 0x20 ADD SWAP2 POP POP PUSH1 0x40 MLOAD DUP1 SWAP2 SUB SWAP1 LOG2 PUSH1 0x1 SWAP1 POP SWAP2 SWAP1 POP JUMP JUMPDEST PUSH1 0x4 PUSH1 0x20 MSTORE DUP1 PUSH1 0x0 MSTORE PUSH1 0x40 PUSH1 0x0 KECCAK256 PUSH1 0x0 SWAP2 POP SWAP1 POP SLOAD DUP2 JUMP JUMPDEST PUSH1 0x0 DUP2 PUSH1 0x4 PUSH1 0x0 DUP6 PUSH20 0xFFFFFFFFFFFFFFFFFFFFFFFFFFFFFFFFFFFFFFFF AND PUSH20 0xFFFFFFFFFFFFFFFFFFFFFFFFFFFFFFFFFFFFFFFF AND DUP2 MSTORE PUSH1 0x20 ADD SWAP1 DUP2 MSTORE PUSH1 0x20 ADD PUSH1 0x0 KECCAK256 SLOAD LT ISZERO ISZERO ISZERO PUSH2 0x910 JUMPI PUSH1 0x0 DUP1 REVERT JUMPDEST PUSH1 0x5 PUSH1 0x0 DUP5 PUSH20 0xFFFFFFFFFFFFFFFFFFFFFFFFFFFFFFFFFFFFFFFF AND PUSH20 0xFFFFFFFFFFFFFFFFFFFFFFFFFFFFFFFFFFFFFFFF AND DUP2 MSTORE PUSH1 0x20 ADD SWAP1 DUP2 MSTORE PUSH1 0x20 ADD PUSH1 0x0 KECCAK256 PUSH1 0x0 CALLER PUSH20 0xFFFFFFFFFFFFFFFFFFFFFFFFFFFFFFFFFFFFFFFF AND PUSH20 0xFFFFFFFFFFFFFFFFFFFFFFFFFFFFFFFFFFFFFFFF AND DUP2 MSTORE PUSH1 0x20 ADD SWAP1 DUP2 MSTORE PUSH1 0x20 ADD PUSH1 0x0 KECCAK256 SLOAD DUP3 GT ISZERO ISZERO ISZERO PUSH2 0x99B JUMPI PUSH1 0x0 DUP1 REVERT JUMPDEST DUP2 PUSH1 0x4 PUSH1 0x0 DUP6 PUSH20 0xFFFFFFFFFFFFFFFFFFFFFFFFFFFFFFFFFFFFFFFF AND PUSH20 0xFFFFFFFFFFFFFFFFFFFFFFFFFFFFFFFFFFFFFFFF AND DUP2 MSTORE PUSH1 0x20 ADD SWAP1 DUP2 MSTORE PUSH1 0x20 ADD PUSH1 0x0 KECCAK256 PUSH1 0x0 DUP3 DUP3 SLOAD SUB SWAP3 POP POP DUP2 SWAP1 SSTORE POP DUP2 PUSH1 0x5 PUSH1 0x0 DUP6 PUSH20 0xFFFFFFFFFFFFFFFFFFFFFFFFFFFFFFFFFFFFFFFF AND PUSH20 0xFFFFFFFFFFFFFFFFFFFFFFFFFFFFFFFFFFFFFFFF AND DUP2 MSTORE PUSH1 0x20 ADD SWAP1 DUP2 MSTORE PUSH1 0x20 ADD PUSH1 0x0 KECCAK256 PUSH1 0x0 CALLER PUSH20 0xFFFFFFFFFFFFFFFFFFFFFFFFFFFFFFFFFFFFFFFF AND PUSH20 0xFFFFFFFFFFFFFFFFFFFFFFFFFFFFFFFFFFFFFFFF AND DUP2 MSTORE PUSH1 0x20 ADD SWAP1 DUP2 MSTORE PUSH1 0x20 ADD PUSH1 0x0 KECCAK256 PUSH1 0x0 DUP3 DUP3 SLOAD SUB SWAP3 POP POP DUP2 SWAP1 SSTORE POP DUP2 PUSH1 0x3 PUSH1 0x0 DUP3 DUP3 SLOAD SUB SWAP3 POP POP DUP2 SWAP1 SSTORE POP DUP3 PUSH20 0xFFFFFFFFFFFFFFFFFFFFFFFFFFFFFFFFFFFFFFFF AND PUSH32 0xCC16F5DBB4873280815C1EE09DBD06736CFFCC184412CF7A71A0FDB75D397CA5 DUP4 PUSH1 0x40 MLOAD DUP1 DUP3 DUP2 MSTORE PUSH1 0x20 ADD SWAP2 POP POP PUSH1 0x40 MLOAD DUP1 SWAP2 SUB SWAP1 LOG2 PUSH1 0x1 SWAP1 POP SWAP3 SWAP2 POP POP JUMP JUMPDEST PUSH1 0x1 DUP1 SLOAD PUSH1 0x1 DUP2 PUSH1 0x1 AND ISZERO PUSH2 0x100 MUL SUB AND PUSH1 0x2 SWAP1 DIV DUP1 PUSH1 0x1F ADD PUSH1 0x20 DUP1 SWAP2 DIV MUL PUSH1 0x20 ADD PUSH1 0x40 MLOAD SWAP1 DUP2 ADD PUSH1 0x40 MSTORE DUP1 SWAP3 SWAP2 SWAP1 DUP2 DUP2 MSTORE PUSH1 0x20 ADD DUP3 DUP1 SLOAD PUSH1 0x1 DUP2 PUSH1 0x1 AND ISZERO PUSH2 0x100 MUL SUB AND PUSH1 0x2 SWAP1 DIV DUP1 ISZERO PUSH2 0xB70 JUMPI DUP1 PUSH1 0x1F LT PUSH2 0xB45 JUMPI PUSH2 0x100 DUP1 DUP4 SLOAD DIV MUL DUP4 MSTORE SWAP2 PUSH1 0x20 ADD SWAP2 PUSH2 0xB70 JUMP JUMPDEST DUP3 ADD SWAP2 SWAP1 PUSH1 0x0 MSTORE PUSH1 0x20 PUSH1 0x0 KECCAK256 SWAP1 JUMPDEST DUP2 SLOAD DUP2 MSTORE SWAP1 PUSH1 0x1 ADD SWAP1 PUSH1 0x20 ADD DUP1 DUP4 GT PUSH2 0xB53 JUMPI DUP3 SWAP1 SUB PUSH1 0x1F AND DUP3 ADD SWAP2 JUMPDEST POP POP POP POP POP DUP2 JUMP JUMPDEST PUSH2 0xB83 CALLER DUP4 DUP4 PUSH2 0xD2A JUMP JUMPDEST POP POP JUMP JUMPDEST PUSH1 0x0 DUP1 DUP5 SWAP1 POP PUSH2 0xB97 DUP6 DUP6 PUSH2 0x5D1 JUMP JUMPDEST ISZERO PUSH2 0xCFC JUMPI DUP1 PUSH20 0xFFFFFFFFFFFFFFFFFFFFFFFFFFFFFFFFFFFFFFFF AND PUSH4 0x8F4FFCB1 CALLER DUP7 ADDRESS DUP8 PUSH1 0x40 MLOAD DUP6 PUSH4 0xFFFFFFFF AND PUSH29 0x100000000000000000000000000000000000000000000000000000000 MUL DUP2 MSTORE PUSH1 0x4 ADD DUP1 DUP6 PUSH20 0xFFFFFFFFFFFFFFFFFFFFFFFFFFFFFFFFFFFFFFFF AND PUSH20 0xFFFFFFFFFFFFFFFFFFFFFFFFFFFFFFFFFFFFFFFF AND DUP2 MSTORE PUSH1 0x20 ADD DUP5 DUP2 MSTORE PUSH1 0x20 ADD DUP4 PUSH20 0xFFFFFFFFFFFFFFFFFFFFFFFFFFFFFFFFFFFFFFFF AND PUSH20 0xFFFFFFFFFFFFFFFFFFFFFFFFFFFFFFFFFFFFFFFF AND DUP2 MSTORE PUSH1 0x20 ADD DUP1 PUSH1 0x20 ADD DUP3 DUP2 SUB DUP3 MSTORE DUP4 DUP2 DUP2 MLOAD DUP2 MSTORE PUSH1 0x20 ADD SWAP2 POP DUP1 MLOAD SWAP1 PUSH1 0x20 ADD SWAP1 DUP1 DUP4 DUP4 PUSH1 0x0 JUMPDEST DUP4 DUP2 LT ISZERO PUSH2 0xC91 JUMPI DUP1 DUP3 ADD MLOAD DUP2 DUP5 ADD MSTORE PUSH1 0x20 DUP2 ADD SWAP1 POP PUSH2 0xC76 JUMP JUMPDEST POP POP POP POP SWAP1 POP SWAP1 DUP2 ADD SWAP1 PUSH1 0x1F AND DUP1 ISZERO PUSH2 0xCBE JUMPI DUP1 DUP3 SUB DUP1 MLOAD PUSH1 0x1 DUP4 PUSH1 0x20 SUB PUSH2 0x100 EXP SUB NOT AND DUP2 MSTORE PUSH1 0x20 ADD SWAP2 POP JUMPDEST POP SWAP6 POP POP POP POP POP POP PUSH1 0x0 PUSH1 0x40 MLOAD DUP1 DUP4 SUB DUP2 PUSH1 0x0 DUP8 DUP1 EXTCODESIZE ISZERO ISZERO PUSH2 0xCDF JUMPI PUSH1 0x0 DUP1 REVERT JUMPDEST PUSH2 0x2C6 GAS SUB CALL ISZERO ISZERO PUSH2 0xCF0 JUMPI PUSH1 0x0 DUP1 REVERT JUMPDEST POP POP POP PUSH1 0x1 SWAP2 POP PUSH2 0xCFD JUMP JUMPDEST JUMPDEST POP SWAP4 SWAP3 POP POP POP JUMP JUMPDEST PUSH1 0x5 PUSH1 0x20 MSTORE DUP2 PUSH1 0x0 MSTORE PUSH1 0x40 PUSH1 0x0 KECCAK256 PUSH1 0x20 MSTORE DUP1 PUSH1 0x0 MSTORE PUSH1 0x40 PUSH1 0x0 KECCAK256 PUSH1 0x0 SWAP2 POP SWAP2 POP POP SLOAD DUP2 JUMP JUMPDEST PUSH1 0x0 DUP1 DUP4 PUSH20 0xFFFFFFFFFFFFFFFFFFFFFFFFFFFFFFFFFFFFFFFF AND EQ ISZERO ISZERO ISZERO PUSH2 0xD51 JUMPI PUSH1 0x0 DUP1 REVERT JUMPDEST DUP2 PUSH1 0x4 PUSH1 0x0 DUP7 PUSH20 0xFFFFFFFFFFFFFFFFFFFFFFFFFFFFFFFFFFFFFFFF AND PUSH20 0xFFFFFFFFFFFFFFFFFFFFFFFFFFFFFFFFFFFFFFFF AND DUP2 MSTORE PUSH1 0x20 ADD SWAP1 DUP2 MSTORE PUSH1 0x20 ADD PUSH1 0x0 KECCAK256 SLOAD LT ISZERO ISZERO ISZERO PUSH2 0xD9F JUMPI PUSH1 0x0 DUP1 REVERT JUMPDEST PUSH1 0x4 PUSH1 0x0 DUP5 PUSH20 0xFFFFFFFFFFFFFFFFFFFFFFFFFFFFFFFFFFFFFFFF AND PUSH20 0xFFFFFFFFFFFFFFFFFFFFFFFFFFFFFFFFFFFFFFFF AND DUP2 MSTORE PUSH1 0x20 ADD SWAP1 DUP2 MSTORE PUSH1 0x20 ADD PUSH1 0x0 KECCAK256 SLOAD DUP3 PUSH1 0x4 PUSH1 0x0 DUP7 PUSH20 0xFFFFFFFFFFFFFFFFFFFFFFFFFFFFFFFFFFFFFFFF AND PUSH20 0xFFFFFFFFFFFFFFFFFFFFFFFFFFFFFFFFFFFFFFFF AND DUP2 MSTORE PUSH1 0x20 ADD SWAP1 DUP2 MSTORE PUSH1 0x20 ADD PUSH1 0x0 KECCAK256 SLOAD ADD GT ISZERO ISZERO PUSH2 0xE2D JUMPI PUSH1 0x0 DUP1 REVERT JUMPDEST PUSH1 0x4 PUSH1 0x0 DUP5 PUSH20 0xFFFFFFFFFFFFFFFFFFFFFFFFFFFFFFFFFFFFFFFF AND PUSH20 0xFFFFFFFFFFFFFFFFFFFFFFFFFFFFFFFFFFFFFFFF AND DUP2 MSTORE PUSH1 0x20 ADD SWAP1 DUP2 MSTORE PUSH1 0x20 ADD PUSH1 0x0 KECCAK256 SLOAD PUSH1 0x4 PUSH1 0x0 DUP7 PUSH20 0xFFFFFFFFFFFFFFFFFFFFFFFFFFFFFFFFFFFFFFFF AND PUSH20 0xFFFFFFFFFFFFFFFFFFFFFFFFFFFFFFFFFFFFFFFF AND DUP2 MSTORE PUSH1 0x20 ADD SWAP1 DUP2 MSTORE PUSH1 0x20 ADD PUSH1 0x0 KECCAK256 SLOAD ADD SWAP1 POP DUP2 PUSH1 0x4 PUSH1 0x0 DUP7 PUSH20 0xFFFFFFFFFFFFFFFFFFFFFFFFFFFFFFFFFFFFFFFF AND PUSH20 0xFFFFFFFFFFFFFFFFFFFFFFFFFFFFFFFFFFFFFFFF AND DUP2 MSTORE PUSH1 0x20 ADD SWAP1 DUP2 MSTORE PUSH1 0x20 ADD PUSH1 0x0 KECCAK256 PUSH1 0x0 DUP3 DUP3 SLOAD SUB SWAP3 POP POP DUP2 SWAP1 SSTORE POP DUP2 PUSH1 0x4 PUSH1 0x0 DUP6 PUSH20 0xFFFFFFFFFFFFFFFFFFFFFFFFFFFFFFFFFFFFFFFF AND PUSH20 0xFFFFFFFFFFFFFFFFFFFFFFFFFFFFFFFFFFFFFFFF AND DUP2 MSTORE PUSH1 0x20 ADD SWAP1 DUP2 MSTORE PUSH1 0x20 ADD PUSH1 0x0 KECCAK256 PUSH1 0x0 DUP3 DUP3 SLOAD ADD SWAP3 POP POP DUP2 SWAP1 SSTORE POP DUP3 PUSH20 0xFFFFFFFFFFFFFFFFFFFFFFFFFFFFFFFFFFFFFFFF AND DUP5 PUSH20 0xFFFFFFFFFFFFFFFFFFFFFFFFFFFFFFFFFFFFFFFF AND PUSH32 0xDDF252AD1BE2C89B69C2B068FC378DAA952BA7F163C4A11628F55A4DF523B3EF DUP5 PUSH1 0x40 MLOAD DUP1 DUP3 DUP2 MSTORE PUSH1 0x20 ADD SWAP2 POP POP PUSH1 0x40 MLOAD DUP1 SWAP2 SUB SWAP1 LOG3 DUP1 PUSH1 0x4 PUSH1 0x0 DUP6 PUSH20 0xFFFFFFFFFFFFFFFFFFFFFFFFFFFFFFFFFFFFFFFF AND PUSH20 0xFFFFFFFFFFFFFFFFFFFFFFFFFFFFFFFFFFFFFFFF AND DUP2 MSTORE PUSH1 0x20 ADD SWAP1 DUP2 MSTORE PUSH1 0x20 ADD PUSH1 0x0 KECCAK256 SLOAD PUSH1 0x4 PUSH1 0x0 DUP8 PUSH20 0xFFFFFFFFFFFFFFFFFFFFFFFFFFFFFFFFFFFFFFFF AND PUSH20 0xFFFFFFFFFFFFFFFFFFFFFFFFFFFFFFFFFFFFFFFF AND DUP2 MSTORE PUSH1 0x20 ADD SWAP1 DUP2 MSTORE PUSH1 0x20 ADD PUSH1 0x0 KECCAK256 SLOAD ADD EQ ISZERO ISZERO PUSH2 0x103A JUMPI INVALID JUMPDEST POP POP POP POP JUMP STOP LOG1 PUSH6 0x627A7A723058 KECCAK256 PUSH6 0xB4C26F44202A 0x2d 0x1e 0x48 RETURNDATASIZE 0x47 0xcc SWAP14 0xdf 0x1f 0x5e 0x2e 0xaf CALLVALUE 0x28 PUSH25 0x6817A6B48B01C47B6828002900000000000000000000000000
1,PUSH1 0x60 PUSH1 0x40 MSTORE PUSH2 0xC350 PUSH1 0x7 SSTORE PUSH1 0x1 PUSH1 0x8 PUSH1 0x0 PUSH2 0x100 EXP DUP2 SLOAD DUP2 PUSH1 0xFF MUL NOT AND SWAP1 DUP4 ISZERO ISZERO MUL OR SWAP1 SSTORE POP CALLVALUE ISZERO PUSH3 0x31 JUMPI PUSH1 0x0 DUP1 REVERT JUMPDEST PUSH1 0x40 MLOAD PUSH3 0x1967 CODESIZE SUB DUP1 PUSH3 0x1967 DUP4 CODECOPY DUP2 ADD PUSH1 0x40 MSTORE DUP1 DUP1 MLOAD SWAP1 PUSH1 0x20 ADD SWAP1 SWAP2 SWAP1 DUP1 MLOAD DUP3 ADD SWAP2 SWAP1 PUSH1 0x20 ADD DUP1 MLOAD SWAP1 PUSH1 0x20 ADD SWAP1 SWAP2 SWAP1 DUP1 MLOAD DUP3 ADD SWAP2 SWAP1 POP POP DUP4 DUP4 DUP4 DUP4 CALLER PUSH1 0x0 DUP1 PUSH2 0x100 EXP DUP2 SLOAD DUP2 PUSH20 0xFFFFFFFFFFFFFFFFFFFFFFFFFFFFFFFFFFFFFFFF MUL NOT AND SWAP1 DUP4 PUSH20 0xFFFFFFFFFFFFFFFFFFFFFFFFFFFFFFFFFFFFFFFF AND MUL OR SWAP1 SSTORE POP DUP4 PUSH1 0x5 PUSH1 0x0 CALLER PUSH20 0xFFFFFFFFFFFFFFFFFFFFFFFFFFFFFFFFFFFFFFFF AND PUSH20 0xFFFFFFFFFFFFFFFFFFFFFFFFFFFFFFFFFFFFFFFF AND DUP2 MSTORE PUSH1 0x20 ADD SWAP1 DUP2 MSTORE PUSH1 0x20 ADD PUSH1 0x0 KECCAK256 DUP2 SWAP1 SSTORE POP DUP4 PUSH1 0x4 DUP2 SWAP1 SSTORE POP DUP3 PUSH1 0x1 SWAP1 DUP1 MLOAD SWAP1 PUSH1 0x20 ADD SWAP1 PUSH3 0x111 SWAP3 SWAP2 SWAP1 PUSH3 0x154 JUMP JUMPDEST POP DUP1 PUSH1 0x2 SWAP1 DUP1 MLOAD SWAP1 PUSH1 0x20 ADD SWAP1 PUSH3 0x12A SWAP3 SWAP2 SWAP1 PUSH3 0x154 JUMP JUMPDEST POP DUP2 PUSH1 0x3 PUSH1 0x0 PUSH2 0x100 EXP DUP2 SLOAD DUP2 PUSH1 0xFF MUL NOT AND SWAP1 DUP4 PUSH1 0xFF AND MUL OR SWAP1 SSTORE POP POP POP POP POP POP POP POP POP PUSH3 0x203 JUMP JUMPDEST DUP3 DUP1 SLOAD PUSH1 0x1 DUP2 PUSH1 0x1 AND ISZERO PUSH2 0x100 MUL SUB AND PUSH1 0x2 SWAP1 DIV SWAP1 PUSH1 0x0 MSTORE PUSH1 0x20 PUSH1 0x0 KECCAK256 SWAP1 PUSH1 0x1F ADD PUSH1 0x20 SWAP1 DIV DUP2 ADD SWAP3 DUP3 PUSH1 0x1F LT PUSH3 0x197 JUMPI DUP1 MLOAD PUSH1 0xFF NOT AND DUP4 DUP1 ADD OR DUP6 SSTORE PUSH3 0x1C8 JUMP JUMPDEST DUP3 DUP1 ADD PUSH1 0x1 ADD DUP6 SSTORE DUP3 ISZERO PUSH3 0x1C8 JUMPI SWAP2 DUP3 ADD JUMPDEST DUP3 DUP2 GT ISZERO PUSH3 0x1C7 JUMPI DUP3 MLOAD DUP3 SSTORE SWAP2 PUSH1 0x20 ADD SWAP2 SWAP1 PUSH1 0x1 ADD SWAP1 PUSH3 0x1AA JUMP JUMPDEST JUMPDEST POP SWAP1 POP PUSH3 0x1D7 SWAP2 SWAP1 PUSH3 0x1DB JUMP JUMPDEST POP SWAP1 JUMP JUMPDEST PUSH3 0x200 SWAP2 SWAP1 JUMPDEST DUP1 DUP3 GT ISZERO PUSH3 0x1FC JUMPI PUSH1 0x0 DUP2 PUSH1 0x0 SWAP1 SSTORE POP PUSH1 0x1 ADD PUSH3 0x1E2 JUMP JUMPDEST POP SWAP1 JUMP JUMPDEST SWAP1 JUMP JUMPDEST PUSH2 0x1754 DUP1 PUSH3 0x213 PUSH1 0x0 CODECOPY PUSH1 0x0 RETURN STOP PUSH1 0x60 PUSH1 0x40 MSTORE PUSH1 0x4 CALLDATASIZE LT PUSH2 0x11D JUMPI PUSH1 0x0 CALLDATALOAD PUSH29 0x100000000000000000000000000000000000000000000000000000000 SWAP1 DIV PUSH4 0xFFFFFFFF AND DUP1 PUSH4 0x6FDDE03 EQ PUSH2 0x12D JUMPI DUP1 PUSH4 0x95EA7B3 EQ PUSH2 0x1BB JUMPI DUP1 PUSH4 0x18160DDD EQ PUSH2 0x215 JUMPI DUP1 PUSH4 0x23B872DD EQ PUSH2 0x23E JUMPI DUP1 PUSH4 0x313CE567 EQ PUSH2 0x2B7 JUMPI DUP1 PUSH4 0x6A5BBC1D EQ PUSH2 0x2E6 JUMPI DUP1 PUSH4 0x70A08231 EQ PUSH2 0x309 JUMPI DUP1 PUSH4 0x79C65068 EQ PUSH2 0x356 JUMPI DUP1 PUSH4 0x85E436BF EQ PUSH2 0x398 JUMPI DUP1 PUSH4 0x8DA5CB5B EQ PUSH2 0x3BB JUMPI DUP1 PUSH4 0x95D89B41 EQ PUSH2 0x410 JUMPI DUP1 PUSH4 0xA6F2AE3A EQ PUSH2 0x49E JUMPI DUP1 PUSH4 0xA9059CBB EQ PUSH2 0x4A8 JUMPI DUP1 PUSH4 0xB414D4B6 EQ PUSH2 0x4EA JUMPI DUP1 PUSH4 0xCAE9CA51 EQ PUSH2 0x53B JUMPI DUP1 PUSH4 0xCBF21837 EQ PUSH2 0x5D8 JUMPI DUP1 PUSH4 0xDD62ED3E EQ PUSH2 0x605 JUMPI DUP1 PUSH4 0xE724529C EQ PUSH2 0x671 JUMPI DUP1 PUSH4 0xF2FDE38B EQ PUSH2 0x6B5 JUMPI DUP1 PUSH4 0xFC37987B EQ PUSH2 0x6EE JUMPI DUP1 PUSH4 0xFCE3BBB5 EQ PUSH2 0x717 JUMPI JUMPDEST CALLVALUE ISZERO PUSH2 0x128 JUMPI PUSH1 0x0 DUP1 REVERT JUMPDEST PUSH1 0x0 DUP1 REVERT JUMPDEST CALLVALUE ISZERO PUSH2 0x138 JUMPI PUSH1 0x0 DUP1 REVERT JUMPDEST PUSH2 0x140 PUSH2 0x73C JUMP JUMPDEST PUSH1 0x40 MLOAD DUP1 DUP1 PUSH1 0x20 ADD DUP3 DUP2 SUB DUP3 MSTORE DUP4 DUP2 DUP2 MLOAD DUP2 MSTORE PUSH1 0x20 ADD SWAP2 POP DUP1 MLOAD SWAP1 PUSH1 0x20 ADD SWAP1 DUP1 DUP4 DUP4 PUSH1 0x0 JUMPDEST DUP4 DUP2 LT ISZERO PUSH2 0x180 JUMPI DUP1 DUP3 ADD MLOAD DUP2 DUP5 ADD MSTORE PUSH1 0x20 DUP2 ADD SWAP1 POP PUSH2 0x165 JUMP JUMPDEST POP POP POP POP SWAP1 POP SWAP1 DUP2 ADD SWAP1 PUSH1 0x1F AND DUP1 ISZERO PUSH2 0x1AD JUMPI DUP1 DUP3 SUB DUP1 MLOAD PUSH1 0x1 DUP4 PUSH1 0x20 SUB PUSH2 0x100 EXP SUB NOT AND DUP2 MSTORE PUSH1 0x20 ADD SWAP2 POP JUMPDEST POP SWAP3 POP POP POP PUSH1 0x40 MLOAD DUP1 SWAP2 SUB SWAP1 RETURN JUMPDEST CALLVALUE ISZERO PUSH2 0x1C6 JUMPI PUSH1 0x0 DUP1 REVERT JUMPDEST PUSH2 0x1FB PUSH1 0x4 DUP1 DUP1 CALLDATALOAD PUSH20 0xFFFFFFFFFFFFFFFFFFFFFFFFFFFFFFFFFFFFFFFF AND SWAP1 PUSH1 0x20 ADD SWAP1 SWAP2 SWAP1 DUP1 CALLDATALOAD SWAP1 PUSH1 0x20 ADD SWAP1 SWAP2 SWAP1 POP POP PUSH2 0x7DA JUMP JUMPDEST PUSH1 0x40 MLOAD DUP1 DUP3 ISZERO ISZERO ISZERO ISZERO DUP2 MSTORE PUSH1 0x20 ADD SWAP2 POP POP PUSH1 0x40 MLOAD DUP1 SWAP2 SUB SWAP1 RETURN JUMPDEST CALLVALUE ISZERO PUSH2 0x220 JUMPI PUSH1 0x0 DUP1 REVERT JUMPDEST PUSH2 0x228 PUSH2 0x867 JUMP JUMPDEST PUSH1 0x40 MLOAD DUP1 DUP3 DUP2 MSTORE PUSH1 0x20 ADD SWAP2 POP POP PUSH1 0x40 MLOAD DUP1 SWAP2 SUB SWAP1 RETURN JUMPDEST CALLVALUE ISZERO PUSH2 0x249 JUMPI PUSH1 0x0 DUP1 REVERT JUMPDEST PUSH2 0x29D PUSH1 0x4 DUP1 DUP1 CALLDATALOAD PUSH20 0xFFFFFFFFFFFFFFFFFFFFFFFFFFFFFFFFFFFFFFFF AND SWAP1 PUSH1 0x20 ADD SWAP1 SWAP2 SWAP1 DUP1 CALLDATALOAD PUSH20 0xFFFFFFFFFFFFFFFFFFFFFFFFFFFFFFFFFFFFFFFF AND SWAP1 PUSH1 0x20 ADD SWAP1 SWAP2 SWAP1 DUP1 CALLDATALOAD SWAP1 PUSH1 0x20 ADD SWAP1 SWAP2 SWAP1 POP POP PUSH2 0x86D JUMP JUMPDEST PUSH1 0x40 MLOAD DUP1 DUP3 ISZERO ISZERO ISZERO ISZERO DUP2 MSTORE PUSH1 0x20 ADD SWAP2 POP POP PUSH1 0x40 MLOAD DUP1 SWAP2 SUB SWAP1 RETURN JUMPDEST CALLVALUE ISZERO PUSH2 0x2C2 JUMPI PUSH1 0x0 DUP1 REVERT JUMPDEST PUSH2 0x2CA PUSH2 0xBBC JUMP JUMPDEST PUSH1 0x40 MLOAD DUP1 DUP3 PUSH1 0xFF AND PUSH1 0xFF AND DUP2 MSTORE PUSH1 0x20 ADD SWAP2 POP POP PUSH1 0x40 MLOAD DUP1 SWAP2 SUB SWAP1 RETURN JUMPDEST CALLVALUE ISZERO PUSH2 0x2F1 JUMPI PUSH1 0x0 DUP1 REVERT JUMPDEST PUSH2 0x307 PUSH1 0x4 DUP1 DUP1 CALLDATALOAD SWAP1 PUSH1 0x20 ADD SWAP1 SWAP2 SWAP1 POP POP PUSH2 0xBCF JUMP JUMPDEST STOP JUMPDEST CALLVALUE ISZERO PUSH2 0x314 JUMPI PUSH1 0x0 DUP1 REVERT JUMPDEST PUSH2 0x340 PUSH1 0x4 DUP1 DUP1 CALLDATALOAD PUSH20 0xFFFFFFFFFFFFFFFFFFFFFFFFFFFFFFFFFFFFFFFF AND SWAP1 PUSH1 0x20 ADD SWAP1 SWAP2 SWAP1 POP POP PUSH2 0xC8E JUMP JUMPDEST PUSH1 0x40 MLOAD DUP1 DUP3 DUP2 MSTORE PUSH1 0x20 ADD SWAP2 POP POP PUSH1 0x40 MLOAD DUP1 SWAP2 SUB SWAP1 RETURN JUMPDEST CALLVALUE ISZERO PUSH2 0x361 JUMPI PUSH1 0x0 DUP1 REVERT JUMPDEST PUSH2 0x396 PUSH1 0x4 DUP1 DUP1 CALLDATALOAD PUSH20 0xFFFFFFFFFFFFFFFFFFFFFFFFFFFFFFFFFFFFFFFF AND SWAP1 PUSH1 0x20 ADD SWAP1 SWAP2 SWAP1 DUP1 CALLDATALOAD SWAP1 PUSH1 0x20 ADD SWAP1 SWAP2 SWAP1 POP POP PUSH2 0xCA6 JUMP JUMPDEST STOP JUMPDEST CALLVALUE ISZERO PUSH2 0x3A3 JUMPI PUSH1 0x0 DUP1 REVERT JUMPDEST PUSH2 0x3B9 PUSH1 0x4 DUP1 DUP1 CALLDATALOAD SWAP1 PUSH1 0x20 ADD SWAP1 SWAP2 SWAP1 POP POP PUSH2 0xE49 JUMP JUMPDEST STOP JUMPDEST CALLVALUE ISZERO PUSH2 0x3C6 JUMPI PUSH1 0x0 DUP1 REVERT JUMPDEST PUSH2 0x3CE PUSH2 0xEAE JUMP JUMPDEST PUSH1 0x40 MLOAD DUP1 DUP3 PUSH20 0xFFFFFFFFFFFFFFFFFFFFFFFFFFFFFFFFFFFFFFFF AND PUSH20 0xFFFFFFFFFFFFFFFFFFFFFFFFFFFFFFFFFFFFFFFF AND DUP2 MSTORE PUSH1 0x20 ADD SWAP2 POP POP PUSH1 0x40 MLOAD DUP1 SWAP2 SUB SWAP1 RETURN JUMPDEST CALLVALUE ISZERO PUSH2 0x41B JUMPI PUSH1 0x0 DUP1 REVERT JUMPDEST PUSH2 0x423 PUSH2 0xED3 JUMP JUMPDEST PUSH1 0x40 MLOAD DUP1 DUP1 PUSH1 0x20 ADD DUP3 DUP2 SUB DUP3 MSTORE DUP4 DUP2 DUP2 MLOAD DUP2 MSTORE PUSH1 0x20 ADD SWAP2 POP DUP1 MLOAD SWAP1 PUSH1 0x20 ADD SWAP1 DUP1 DUP4 DUP4 PUSH1 0x0 JUMPDEST DUP4 DUP2 LT ISZERO PUSH2 0x463 JUMPI DUP1 DUP3 ADD MLOAD DUP2 DUP5 ADD MSTORE PUSH1 0x20 DUP2 ADD SWAP1 POP PUSH2 0x448 JUMP JUMPDEST POP POP POP POP SWAP1 POP SWAP1 DUP2 ADD SWAP1 PUSH1 0x1F AND DUP1 ISZERO PUSH2 0x490 JUMPI DUP1 DUP3 SUB DUP1 MLOAD PUSH1 0x1 DUP4 PUSH1 0x20 SUB PUSH2 0x100 EXP SUB NOT AND DUP2 MSTORE PUSH1 0x20 ADD SWAP2 POP JUMPDEST POP SWAP3 POP POP POP PUSH1 0x40 MLOAD DUP1 SWAP2 SUB SWAP1 RETURN JUMPDEST PUSH2 0x4A6 PUSH2 0xF71 JUMP JUMPDEST STOP JUMPDEST CALLVALUE ISZERO PUSH2 0x4B3 JUMPI PUSH1 0x0 DUP1 REVERT JUMPDEST PUSH2 0x4E8 PUSH1 0x4 DUP1 DUP1 CALLDATALOAD PUSH20 0xFFFFFFFFFFFFFFFFFFFFFFFFFFFFFFFFFFFFFFFF AND SWAP1 PUSH1 0x20 ADD SWAP1 SWAP2 SWAP1 DUP1 CALLDATALOAD SWAP1 PUSH1 0x20 ADD SWAP1 SWAP2 SWAP1 POP POP PUSH2 0x10DE JUMP JUMPDEST STOP JUMPDEST CALLVALUE ISZERO PUSH2 0x4F5 JUMPI PUSH1 0x0 DUP1 REVERT JUMPDEST PUSH2 0x521 PUSH1 0x4 DUP1 DUP1 CALLDATALOAD PUSH20 0xFFFFFFFFFFFFFFFFFFFFFFFFFFFFFFFFFFFFFFFF AND SWAP1 PUSH1 0x20 ADD SWAP1 SWAP2 SWAP1 POP POP PUSH2 0x1311 JUMP JUMPDEST PUSH1 0x40 MLOAD DUP1 DUP3 ISZERO ISZERO ISZERO ISZERO DUP2 MSTORE PUSH1 0x20 ADD SWAP2 POP POP PUSH1 0x40 MLOAD DUP1 SWAP2 SUB SWAP1 RETURN JUMPDEST CALLVALUE ISZERO PUSH2 0x546 JUMPI PUSH1 0x0 DUP1 REVERT JUMPDEST PUSH2 0x5BE PUSH1 0x4 DUP1 DUP1 CALLDATALOAD PUSH20 0xFFFFFFFFFFFFFFFFFFFFFFFFFFFFFFFFFFFFFFFF AND SWAP1 PUSH1 0x20 ADD SWAP1 SWAP2 SWAP1 DUP1 CALLDATALOAD SWAP1 PUSH1 0x20 ADD SWAP1 SWAP2 SWAP1 DUP1 CALLDATALOAD SWAP1 PUSH1 0x20 ADD SWAP1 DUP3 ADD DUP1 CALLDATALOAD SWAP1 PUSH1 0x20 ADD SWAP1 DUP1 DUP1 PUSH1 0x1F ADD PUSH1 0x20 DUP1 SWAP2 DIV MUL PUSH1 0x20 ADD PUSH1 0x40 MLOAD SWAP1 DUP2 ADD PUSH1 0x40 MSTORE DUP1 SWAP4 SWAP3 SWAP2 SWAP1 DUP2 DUP2 MSTORE PUSH1 0x20 ADD DUP4 DUP4 DUP1 DUP3 DUP5 CALLDATACOPY DUP3 ADD SWAP2 POP POP POP POP POP POP SWAP2 SWAP1 POP POP PUSH2 0x1331 JUMP JUMPDEST PUSH1 0x40 MLOAD DUP1 DUP3 ISZERO ISZERO ISZERO ISZERO DUP2 MSTORE PUSH1 0x20 ADD SWAP2 POP POP PUSH1 0x40 MLOAD DUP1 SWAP2 SUB SWAP1 RETURN JUMPDEST CALLVALUE ISZERO PUSH2 0x5E3 JUMPI PUSH1 0x0 DUP1 REVERT JUMPDEST PUSH2 0x5EB PUSH2 0x14AF JUMP JUMPDEST PUSH1 0x40 MLOAD DUP1 DUP3 ISZERO ISZERO ISZERO ISZERO DUP2 MSTORE PUSH1 0x20 ADD SWAP2 POP POP PUSH1 0x40 MLOAD DUP1 SWAP2 SUB SWAP1 RETURN JUMPDEST CALLVALUE ISZERO PUSH2 0x610 JUMPI PUSH1 0x0 DUP1 REVERT JUMPDEST PUSH2 0x65B PUSH1 0x4 DUP1 DUP1 CALLDATALOAD PUSH20 0xFFFFFFFFFFFFFFFFFFFFFFFFFFFFFFFFFFFFFFFF AND SWAP1 PUSH1 0x20 ADD SWAP1 SWAP2 SWAP1 DUP1 CALLDATALOAD PUSH20 0xFFFFFFFFFFFFFFFFFFFFFFFFFFFFFFFFFFFFFFFF AND SWAP1 PUSH1 0x20 ADD SWAP1 SWAP2 SWAP1 POP POP PUSH2 0x14C2 JUMP JUMPDEST PUSH1 0x40 MLOAD DUP1 DUP3 DUP2 MSTORE PUSH1 0x20 ADD SWAP2 POP POP PUSH1 0x40 MLOAD DUP1 SWAP2 SUB SWAP1 RETURN JUMPDEST CALLVALUE ISZERO PUSH2 0x67C JUMPI PUSH1 0x0 DUP1 REVERT JUMPDEST PUSH2 0x6B3 PUSH1 0x4 DUP1 DUP1 CALLDATALOAD PUSH20 0xFFFFFFFFFFFFFFFFFFFFFFFFFFFFFFFFFFFFFFFF AND SWAP1 PUSH1 0x20 ADD SWAP1 SWAP2 SWAP1 DUP1 CALLDATALOAD ISZERO ISZERO SWAP1 PUSH1 0x20 ADD SWAP1 SWAP2 SWAP1 POP POP PUSH2 0x14E7 JUMP JUMPDEST STOP JUMPDEST CALLVALUE ISZERO PUSH2 0x6C0 JUMPI PUSH1 0x0 DUP1 REVERT JUMPDEST PUSH2 0x6EC PUSH1 0x4 DUP1 DUP1 CALLDATALOAD PUSH20 0xFFFFFFFFFFFFFFFFFFFFFFFFFFFFFFFFFFFFFFFF AND SWAP1 PUSH1 0x20 ADD SWAP1 SWAP2 SWAP1 POP POP PUSH2 0x160C JUMP JUMPDEST STOP JUMPDEST CALLVALUE ISZERO PUSH2 0x6F9 JUMPI PUSH1 0x0 DUP1 REVERT JUMPDEST PUSH2 0x701 PUSH2 0x16AA JUMP JUMPDEST PUSH1 0x40 MLOAD DUP1 DUP3 DUP2 MSTORE PUSH1 0x20 ADD SWAP2 POP POP PUSH1 0x40 MLOAD DUP1 SWAP2 SUB SWAP1 RETURN JUMPDEST CALLVALUE ISZERO PUSH2 0x722 JUMPI PUSH1 0x0 DUP1 REVERT JUMPDEST PUSH2 0x73A PUSH1 0x4 DUP1 DUP1 CALLDATALOAD ISZERO ISZERO SWAP1 PUSH1 0x20 ADD SWAP1 SWAP2 SWAP1 POP POP PUSH2 0x16B0 JUMP JUMPDEST STOP JUMPDEST PUSH1 0x1 DUP1 SLOAD PUSH1 0x1 DUP2 PUSH1 0x1 AND ISZERO PUSH2 0x100 MUL SUB AND PUSH1 0x2 SWAP1 DIV DUP1 PUSH1 0x1F ADD PUSH1 0x20 DUP1 SWAP2 DIV MUL PUSH1 0x20 ADD PUSH1 0x40 MLOAD SWAP1 DUP2 ADD PUSH1 0x40 MSTORE DUP1 SWAP3 SWAP2 SWAP1 DUP2 DUP2 MSTORE PUSH1 0x20 ADD DUP3 DUP1 SLOAD PUSH1 0x1 DUP2 PUSH1 0x1 AND ISZERO PUSH2 0x100 MUL SUB AND PUSH1 0x2 SWAP1 DIV DUP1 ISZERO PUSH2 0x7D2 JUMPI DUP1 PUSH1 0x1F LT PUSH2 0x7A7 JUMPI PUSH2 0x100 DUP1 DUP4 SLOAD DIV MUL DUP4 MSTORE SWAP2 PUSH1 0x20 ADD SWAP2 PUSH2 0x7D2 JUMP JUMPDEST DUP3 ADD SWAP2 SWAP1 PUSH1 0x0 MSTORE PUSH1 0x20 PUSH1 0x0 KECCAK256 SWAP1 JUMPDEST DUP2 SLOAD DUP2 MSTORE SWAP1 PUSH1 0x1 ADD SWAP1 PUSH1 0x20 ADD DUP1 DUP4 GT PUSH2 0x7B5 JUMPI DUP3 SWAP1 SUB PUSH1 0x1F AND DUP3 ADD SWAP2 JUMPDEST POP POP POP POP POP DUP2 JUMP JUMPDEST PUSH1 0x0 DUP2 PUSH1 0x6 PUSH1 0x0 CALLER PUSH20 0xFFFFFFFFFFFFFFFFFFFFFFFFFFFFFFFFFFFFFFFF AND PUSH20 0xFFFFFFFFFFFFFFFFFFFFFFFFFFFFFFFFFFFFFFFF AND DUP2 MSTORE PUSH1 0x20 ADD SWAP1 DUP2 MSTORE PUSH1 0x20 ADD PUSH1 0x0 KECCAK256 PUSH1 0x0 DUP6 PUSH20 0xFFFFFFFFFFFFFFFFFFFFFFFFFFFFFFFFFFFFFFFF AND PUSH20 0xFFFFFFFFFFFFFFFFFFFFFFFFFFFFFFFFFFFFFFFF AND DUP2 MSTORE PUSH1 0x20 ADD SWAP1 DUP2 MSTORE PUSH1 0x20 ADD PUSH1 0x0 KECCAK256 DUP2 SWAP1 SSTORE POP PUSH1 0x1 SWAP1 POP SWAP3 SWAP2 POP POP JUMP JUMPDEST PUSH1 0x4 SLOAD DUP2 JUMP JUMPDEST PUSH1 0x0 PUSH1 0x9 PUSH1 0x0 DUP6 PUSH20 0xFFFFFFFFFFFFFFFFFFFFFFFFFFFFFFFFFFFFFFFF AND PUSH20 0xFFFFFFFFFFFFFFFFFFFFFFFFFFFFFFFFFFFFFFFF AND DUP2 MSTORE PUSH1 0x20 ADD SWAP1 DUP2 MSTORE PUSH1 0x20 ADD PUSH1 0x0 KECCAK256 PUSH1 0x0 SWAP1 SLOAD SWAP1 PUSH2 0x100 EXP SWAP1 DIV PUSH1 0xFF AND ISZERO PUSH2 0x8C6 JUMPI PUSH1 0x0 DUP1 REVERT JUMPDEST DUP2 PUSH1 0x5 PUSH1 0x0 DUP7 PUSH20 0xFFFFFFFFFFFFFFFFFFFFFFFFFFFFFFFFFFFFFFFF AND PUSH20 0xFFFFFFFFFFFFFFFFFFFFFFFFFFFFFFFFFFFFFFFF AND DUP2 MSTORE PUSH1 0x20 ADD SWAP1 DUP2 MSTORE PUSH1 0x20 ADD PUSH1 0x0 KECCAK256 SLOAD LT ISZERO PUSH2 0x912 JUMPI PUSH1 0x0 DUP1 REVERT JUMPDEST PUSH1 0x5 PUSH1 0x0 DUP5 PUSH20 0xFFFFFFFFFFFFFFFFFFFFFFFFFFFFFFFFFFFFFFFF AND PUSH20 0xFFFFFFFFFFFFFFFFFFFFFFFFFFFFFFFFFFFFFFFF AND DUP2 MSTORE PUSH1 0x20 ADD SWAP1 DUP2 MSTORE PUSH1 0x20 ADD PUSH1 0x0 KECCAK256 SLOAD DUP3 PUSH1 0x5 PUSH1 0x0 DUP7 PUSH20 0xFFFFFFFFFFFFFFFFFFFFFFFFFFFFFFFFFFFFFFFF AND PUSH20 0xFFFFFFFFFFFFFFFFFFFFFFFFFFFFFFFFFFFFFFFF AND DUP2 MSTORE PUSH1 0x20 ADD SWAP1 DUP2 MSTORE PUSH1 0x20 ADD PUSH1 0x0 KECCAK256 SLOAD ADD LT ISZERO PUSH2 0x99F JUMPI PUSH1 0x0 DUP1 REVERT JUMPDEST PUSH1 0x6 PUSH1 0x0 DUP6 PUSH20 0xFFFFFFFFFFFFFFFFFFFFFFFFFFFFFFFFFFFFFFFF AND PUSH20 0xFFFFFFFFFFFFFFFFFFFFFFFFFFFFFFFFFFFFFFFF AND DUP2 MSTORE PUSH1 0x20 ADD SWAP1 DUP2 MSTORE PUSH1 0x20 ADD PUSH1 0x0 KECCAK256 PUSH1 0x0 CALLER PUSH20 0xFFFFFFFFFFFFFFFFFFFFFFFFFFFFFFFFFFFFFFFF AND PUSH20 0xFFFFFFFFFFFFFFFFFFFFFFFFFFFFFFFFFFFFFFFF AND DUP2 MSTORE PUSH1 0x20 ADD SWAP1 DUP2 MSTORE PUSH1 0x20 ADD PUSH1 0x0 KECCAK256 SLOAD DUP3 GT ISZERO PUSH2 0xA28 JUMPI PUSH1 0x0 DUP1 REVERT JUMPDEST DUP2 PUSH1 0x5 PUSH1 0x0 DUP7 PUSH20 0xFFFFFFFFFFFFFFFFFFFFFFFFFFFFFFFFFFFFFFFF AND PUSH20 0xFFFFFFFFFFFFFFFFFFFFFFFFFFFFFFFFFFFFFFFF AND DUP2 MSTORE PUSH1 0x20 ADD SWAP1 DUP2 MSTORE PUSH1 0x20 ADD PUSH1 0x0 KECCAK256 PUSH1 0x0 DUP3 DUP3 SLOAD SUB SWAP3 POP POP DUP2 SWAP1 SSTORE POP DUP2 PUSH1 0x5 PUSH1 0x0 DUP6 PUSH20 0xFFFFFFFFFFFFFFFFFFFFFFFFFFFFFFFFFFFFFFFF AND PUSH20 0xFFFFFFFFFFFFFFFFFFFFFFFFFFFFFFFFFFFFFFFF AND DUP2 MSTORE PUSH1 0x20 ADD SWAP1 DUP2 MSTORE PUSH1 0x20 ADD PUSH1 0x0 KECCAK256 PUSH1 0x0 DUP3 DUP3 SLOAD ADD SWAP3 POP POP DUP2 SWAP1 SSTORE POP DUP2 PUSH1 0x6 PUSH1 0x0 DUP7 PUSH20 0xFFFFFFFFFFFFFFFFFFFFFFFFFFFFFFFFFFFFFFFF AND PUSH20 0xFFFFFFFFFFFFFFFFFFFFFFFFFFFFFFFFFFFFFFFF AND DUP2 MSTORE PUSH1 0x20 ADD SWAP1 DUP2 MSTORE PUSH1 0x20 ADD PUSH1 0x0 KECCAK256 PUSH1 0x0 CALLER PUSH20 0xFFFFFFFFFFFFFFFFFFFFFFFFFFFFFFFFFFFFFFFF AND PUSH20 0xFFFFFFFFFFFFFFFFFFFFFFFFFFFFFFFFFFFFFFFF AND DUP2 MSTORE PUSH1 0x20 ADD SWAP1 DUP2 MSTORE PUSH1 0x20 ADD PUSH1 0x0 KECCAK256 PUSH1 0x0 DUP3 DUP3 SLOAD SUB SWAP3 POP POP DUP2 SWAP1 SSTORE POP DUP3 PUSH20 0xFFFFFFFFFFFFFFFFFFFFFFFFFFFFFFFFFFFFFFFF AND DUP5 PUSH20 0xFFFFFFFFFFFFFFFFFFFFFFFFFFFFFFFFFFFFFFFF AND PUSH32 0xDDF252AD1BE2C89B69C2B068FC378DAA952BA7F163C4A11628F55A4DF523B3EF DUP5 PUSH1 0x40 MLOAD DUP1 DUP3 DUP2 MSTORE PUSH1 0x20 ADD SWAP2 POP POP PUSH1 0x40 MLOAD DUP1 SWAP2 SUB SWAP1 LOG3 PUSH1 0x1 SWAP1 POP SWAP4 SWAP3 POP POP POP JUMP JUMPDEST PUSH1 0x3 PUSH1 0x0 SWAP1 SLOAD SWAP1 PUSH2 0x100 EXP SWAP1 DIV PUSH1 0xFF AND DUP2 JUMP JUMPDEST PUSH1 0x0 DUP1 SWAP1 SLOAD SWAP1 PUSH2 0x100 EXP SWAP1 DIV PUSH20 0xFFFFFFFFFFFFFFFFFFFFFFFFFFFFFFFFFFFFFFFF AND PUSH20 0xFFFFFFFFFFFFFFFFFFFFFFFFFFFFFFFFFFFFFFFF AND CALLER PUSH20 0xFFFFFFFFFFFFFFFFFFFFFFFFFFFFFFFFFFFFFFFF AND EQ ISZERO ISZERO PUSH2 0xC2A JUMPI PUSH1 0x0 DUP1 REVERT JUMPDEST PUSH1 0x0 DUP1 SWAP1 SLOAD SWAP1 PUSH2 0x100 EXP SWAP1 DIV PUSH20 0xFFFFFFFFFFFFFFFFFFFFFFFFFFFFFFFFFFFFFFFF AND PUSH20 0xFFFFFFFFFFFFFFFFFFFFFFFFFFFFFFFFFFFFFFFF AND PUSH2 0x8FC DUP3 SWAP1 DUP2 ISZERO MUL SWAP1 PUSH1 0x40 MLOAD PUSH1 0x0 PUSH1 0x40 MLOAD DUP1 DUP4 SUB DUP2 DUP6 DUP9 DUP9 CALL SWAP4 POP POP POP POP ISZERO ISZERO PUSH2 0xC8B JUMPI PUSH1 0x0 DUP1 REVERT JUMPDEST POP JUMP JUMPDEST PUSH1 0x5 PUSH1 0x20 MSTORE DUP1 PUSH1 0x0 MSTORE PUSH1 0x40 PUSH1 0x0 KECCAK256 PUSH1 0x0 SWAP2 POP SWAP1 POP SLOAD DUP2 JUMP JUMPDEST PUSH1 0x0 DUP1 SWAP1 SLOAD SWAP1 PUSH2 0x100 EXP SWAP1 DIV PUSH20 0xFFFFFFFFFFFFFFFFFFFFFFFFFFFFFFFFFFFFFFFF AND PUSH20 0xFFFFFFFFFFFFFFFFFFFFFFFFFFFFFFFFFFFFFFFF AND CALLER PUSH20 0xFFFFFFFFFFFFFFFFFFFFFFFFFFFFFFFFFFFFFFFF AND EQ ISZERO ISZERO PUSH2 0xD01 JUMPI PUSH1 0x0 DUP1 REVERT JUMPDEST DUP1 PUSH1 0x5 PUSH1 0x0 DUP5 PUSH20 0xFFFFFFFFFFFFFFFFFFFFFFFFFFFFFFFFFFFFFFFF AND PUSH20 0xFFFFFFFFFFFFFFFFFFFFFFFFFFFFFFFFFFFFFFFF AND DUP2 MSTORE PUSH1 0x20 ADD SWAP1 DUP2 MSTORE PUSH1 0x20 ADD PUSH1 0x0 KECCAK256 PUSH1 0x0 DUP3 DUP3 SLOAD ADD SWAP3 POP POP DUP2 SWAP1 SSTORE POP PUSH1 0x0 DUP1 SWAP1 SLOAD SWAP1 PUSH2 0x100 EXP SWAP1 DIV PUSH20 0xFFFFFFFFFFFFFFFFFFFFFFFFFFFFFFFFFFFFFFFF AND PUSH20 0xFFFFFFFFFFFFFFFFFFFFFFFFFFFFFFFFFFFFFFFF AND PUSH1 0x0 PUSH32 0xDDF252AD1BE2C89B69C2B068FC378DAA952BA7F163C4A11628F55A4DF523B3EF DUP4 PUSH1 0x40 MLOAD DUP1 DUP3 DUP2 MSTORE PUSH1 0x20 ADD SWAP2 POP POP PUSH1 0x40 MLOAD DUP1 SWAP2 SUB SWAP1 LOG3 DUP2 PUSH20 0xFFFFFFFFFFFFFFFFFFFFFFFFFFFFFFFFFFFFFFFF AND PUSH1 0x0 DUP1 SWAP1 SLOAD SWAP1 PUSH2 0x100 EXP SWAP1 DIV PUSH20 0xFFFFFFFFFFFFFFFFFFFFFFFFFFFFFFFFFFFFFFFF AND PUSH20 0xFFFFFFFFFFFFFFFFFFFFFFFFFFFFFFFFFFFFFFFF AND PUSH32 0xDDF252AD1BE2C89B69C2B068FC378DAA952BA7F163C4A11628F55A4DF523B3EF DUP4 PUSH1 0x40 MLOAD DUP1 DUP3 DUP2 MSTORE PUSH1 0x20 ADD SWAP2 POP POP PUSH1 0x40 MLOAD DUP1 SWAP2 SUB SWAP1 LOG3 POP POP JUMP JUMPDEST PUSH1 0x0 DUP1 SWAP1 SLOAD SWAP1 PUSH2 0x100 EXP SWAP1 DIV PUSH20 0xFFFFFFFFFFFFFFFFFFFFFFFFFFFFFFFFFFFFFFFF AND PUSH20 0xFFFFFFFFFFFFFFFFFFFFFFFFFFFFFFFFFFFFFFFF AND CALLER PUSH20 0xFFFFFFFFFFFFFFFFFFFFFFFFFFFFFFFFFFFFFFFF AND EQ ISZERO ISZERO PUSH2 0xEA4 JUMPI PUSH1 0x0 DUP1 REVERT JUMPDEST DUP1 PUSH1 0x7 DUP2 SWAP1 SSTORE POP POP JUMP JUMPDEST PUSH1 0x0 DUP1 SWAP1 SLOAD SWAP1 PUSH2 0x100 EXP SWAP1 DIV PUSH20 0xFFFFFFFFFFFFFFFFFFFFFFFFFFFFFFFFFFFFFFFF AND DUP2 JUMP JUMPDEST PUSH1 0x2 DUP1 SLOAD PUSH1 0x1 DUP2 PUSH1 0x1 AND ISZERO PUSH2 0x100 MUL SUB AND PUSH1 0x2 SWAP1 DIV DUP1 PUSH1 0x1F ADD PUSH1 0x20 DUP1 SWAP2 DIV MUL PUSH1 0x20 ADD PUSH1 0x40 MLOAD SWAP1 DUP2 ADD PUSH1 0x40 MSTORE DUP1 SWAP3 SWAP2 SWAP1 DUP2 DUP2 MSTORE PUSH1 0x20 ADD DUP3 DUP1 SLOAD PUSH1 0x1 DUP2 PUSH1 0x1 AND ISZERO PUSH2 0x100 MUL SUB AND PUSH1 0x2 SWAP1 DIV DUP1 ISZERO PUSH2 0xF69 JUMPI DUP1 PUSH1 0x1F LT PUSH2 0xF3E JUMPI PUSH2 0x100 DUP1 DUP4 SLOAD DIV MUL DUP4 MSTORE SWAP2 PUSH1 0x20 ADD SWAP2 PUSH2 0xF69 JUMP JUMPDEST DUP3 ADD SWAP2 SWAP1 PUSH1 0x0 MSTORE PUSH1 0x20 PUSH1 0x0 KECCAK256 SWAP1 JUMPDEST DUP2 SLOAD DUP2 MSTORE SWAP1 PUSH1 0x1 ADD SWAP1 PUSH1 0x20 ADD DUP1 DUP4 GT PUSH2 0xF4C JUMPI DUP3 SWAP1 SUB PUSH1 0x1F AND DUP3 ADD SWAP2 JUMPDEST POP POP POP POP POP DUP2 JUMP JUMPDEST PUSH1 0x0 DUP1 ISZERO ISZERO PUSH1 0x8 PUSH1 0x0 SWAP1 SLOAD SWAP1 PUSH2 0x100 EXP SWAP1 DIV PUSH1 0xFF AND ISZERO ISZERO EQ ISZERO PUSH2 0xF93 JUMPI PUSH1 0x0 DUP1 REVERT JUMPDEST PUSH1 0x7 SLOAD CALLVALUE MUL SWAP1 POP DUP1 PUSH1 0x5 PUSH1 0x0 CALLER PUSH20 0xFFFFFFFFFFFFFFFFFFFFFFFFFFFFFFFFFFFFFFFF AND PUSH20 0xFFFFFFFFFFFFFFFFFFFFFFFFFFFFFFFFFFFFFFFF AND DUP2 MSTORE PUSH1 0x20 ADD SWAP1 DUP2 MSTORE PUSH1 0x20 ADD PUSH1 0x0 KECCAK256 PUSH1 0x0 DUP3 DUP3 SLOAD ADD SWAP3 POP POP DUP2 SWAP1 SSTORE POP DUP1 PUSH1 0x5 PUSH1 0x0 DUP1 PUSH1 0x0 SWAP1 SLOAD SWAP1 PUSH2 0x100 EXP SWAP1 DIV PUSH20 0xFFFFFFFFFFFFFFFFFFFFFFFFFFFFFFFFFFFFFFFF AND PUSH20 0xFFFFFFFFFFFFFFFFFFFFFFFFFFFFFFFFFFFFFFFF AND PUSH20 0xFFFFFFFFFFFFFFFFFFFFFFFFFFFFFFFFFFFFFFFF AND DUP2 MSTORE PUSH1 0x20 ADD SWAP1 DUP2 MSTORE PUSH1 0x20 ADD PUSH1 0x0 KECCAK256 PUSH1 0x0 DUP3 DUP3 SLOAD SUB SWAP3 POP POP DUP2 SWAP1 SSTORE POP CALLER PUSH20 0xFFFFFFFFFFFFFFFFFFFFFFFFFFFFFFFFFFFFFFFF AND PUSH1 0x0 DUP1 SWAP1 SLOAD SWAP1 PUSH2 0x100 EXP SWAP1 DIV PUSH20 0xFFFFFFFFFFFFFFFFFFFFFFFFFFFFFFFFFFFFFFFF AND PUSH20 0xFFFFFFFFFFFFFFFFFFFFFFFFFFFFFFFFFFFFFFFF AND PUSH32 0xDDF252AD1BE2C89B69C2B068FC378DAA952BA7F163C4A11628F55A4DF523B3EF DUP4 PUSH1 0x40 MLOAD DUP1 DUP3 DUP2 MSTORE PUSH1 0x20 ADD SWAP2 POP POP PUSH1 0x40 MLOAD DUP1 SWAP2 SUB SWAP1 LOG3 POP JUMP JUMPDEST DUP1 PUSH1 0x5 PUSH1 0x0 CALLER PUSH20 0xFFFFFFFFFFFFFFFFFFFFFFFFFFFFFFFFFFFFFFFF AND PUSH20 0xFFFFFFFFFFFFFFFFFFFFFFFFFFFFFFFFFFFFFFFF AND DUP2 MSTORE PUSH1 0x20 ADD SWAP1 DUP2 MSTORE PUSH1 0x20 ADD PUSH1 0x0 KECCAK256 SLOAD LT ISZERO PUSH2 0x112A JUMPI PUSH1 0x0 DUP1 REVERT JUMPDEST PUSH1 0x5 PUSH1 0x0 DUP4 PUSH20 0xFFFFFFFFFFFFFFFFFFFFFFFFFFFFFFFFFFFFFFFF AND PUSH20 0xFFFFFFFFFFFFFFFFFFFFFFFFFFFFFFFFFFFFFFFF AND DUP2 MSTORE PUSH1 0x20 ADD SWAP1 DUP2 MSTORE PUSH1 0x20 ADD PUSH1 0x0 KECCAK256 SLOAD DUP2 PUSH1 0x5 PUSH1 0x0 DUP6 PUSH20 0xFFFFFFFFFFFFFFFFFFFFFFFFFFFFFFFFFFFFFFFF AND PUSH20 0xFFFFFFFFFFFFFFFFFFFFFFFFFFFFFFFFFFFFFFFF AND DUP2 MSTORE PUSH1 0x20 ADD SWAP1 DUP2 MSTORE PUSH1 0x20 ADD PUSH1 0x0 KECCAK256 SLOAD ADD LT ISZERO PUSH2 0x11B7 JUMPI PUSH1 0x0 DUP1 REVERT JUMPDEST PUSH1 0x9 PUSH1 0x0 CALLER PUSH20 0xFFFFFFFFFFFFFFFFFFFFFFFFFFFFFFFFFFFFFFFF AND PUSH20 0xFFFFFFFFFFFFFFFFFFFFFFFFFFFFFFFFFFFFFFFF AND DUP2 MSTORE PUSH1 0x20 ADD SWAP1 DUP2 MSTORE PUSH1 0x20 ADD PUSH1 0x0 KECCAK256 PUSH1 0x0 SWAP1 SLOAD SWAP1 PUSH2 0x100 EXP SWAP1 DIV PUSH1 0xFF AND ISZERO PUSH2 0x120E JUMPI PUSH1 0x0 DUP1 REVERT JUMPDEST DUP1 PUSH1 0x5 PUSH1 0x0 CALLER PUSH20 0xFFFFFFFFFFFFFFFFFFFFFFFFFFFFFFFFFFFFFFFF AND PUSH20 0xFFFFFFFFFFFFFFFFFFFFFFFFFFFFFFFFFFFFFFFF AND DUP2 MSTORE PUSH1 0x20 ADD SWAP1 DUP2 MSTORE PUSH1 0x20 ADD PUSH1 0x0 KECCAK256 PUSH1 0x0 DUP3 DUP3 SLOAD SUB SWAP3 POP POP DUP2 SWAP1 SSTORE POP DUP1 PUSH1 0x5 PUSH1 0x0 DUP5 PUSH20 0xFFFFFFFFFFFFFFFFFFFFFFFFFFFFFFFFFFFFFFFF AND PUSH20 0xFFFFFFFFFFFFFFFFFFFFFFFFFFFFFFFFFFFFFFFF AND DUP2 MSTORE PUSH1 0x20 ADD SWAP1 DUP2 MSTORE PUSH1 0x20 ADD PUSH1 0x0 KECCAK256 PUSH1 0x0 DUP3 DUP3 SLOAD ADD SWAP3 POP POP DUP2 SWAP1 SSTORE POP DUP2 PUSH20 0xFFFFFFFFFFFFFFFFFFFFFFFFFFFFFFFFFFFFFFFF AND CALLER PUSH20 0xFFFFFFFFFFFFFFFFFFFFFFFFFFFFFFFFFFFFFFFF AND PUSH32 0xDDF252AD1BE2C89B69C2B068FC378DAA952BA7F163C4A11628F55A4DF523B3EF DUP4 PUSH1 0x40 MLOAD DUP1 DUP3 DUP2 MSTORE PUSH1 0x20 ADD SWAP2 POP POP PUSH1 0x40 MLOAD DUP1 SWAP2 SUB SWAP1 LOG3 POP POP JUMP JUMPDEST PUSH1 0x9 PUSH1 0x20 MSTORE DUP1 PUSH1 0x0 MSTORE PUSH1 0x40 PUSH1 0x0 KECCAK256 PUSH1 0x0 SWAP2 POP SLOAD SWAP1 PUSH2 0x100 EXP SWAP1 DIV PUSH1 0xFF AND DUP2 JUMP JUMPDEST PUSH1 0x0 DUP1 DUP5 SWAP1 POP PUSH2 0x1341 DUP6 DUP6 PUSH2 0x7DA JUMP JUMPDEST ISZERO PUSH2 0x14A6 JUMPI DUP1 PUSH20 0xFFFFFFFFFFFFFFFFFFFFFFFFFFFFFFFFFFFFFFFF AND PUSH4 0x8F4FFCB1 CALLER DUP7 ADDRESS DUP8 PUSH1 0x40 MLOAD DUP6 PUSH4 0xFFFFFFFF AND PUSH29 0x100000000000000000000000000000000000000000000000000000000 MUL DUP2 MSTORE PUSH1 0x4 ADD DUP1 DUP6 PUSH20 0xFFFFFFFFFFFFFFFFFFFFFFFFFFFFFFFFFFFFFFFF AND PUSH20 0xFFFFFFFFFFFFFFFFFFFFFFFFFFFFFFFFFFFFFFFF AND DUP2 MSTORE PUSH1 0x20 ADD DUP5 DUP2 MSTORE PUSH1 0x20 ADD DUP4 PUSH20 0xFFFFFFFFFFFFFFFFFFFFFFFFFFFFFFFFFFFFFFFF AND PUSH20 0xFFFFFFFFFFFFFFFFFFFFFFFFFFFFFFFFFFFFFFFF AND DUP2 MSTORE PUSH1 0x20 ADD DUP1 PUSH1 0x20 ADD DUP3 DUP2 SUB DUP3 MSTORE DUP4 DUP2 DUP2 MLOAD DUP2 MSTORE PUSH1 0x20 ADD SWAP2 POP DUP1 MLOAD SWAP1 PUSH1 0x20 ADD SWAP1 DUP1 DUP4 DUP4 PUSH1 0x0 JUMPDEST DUP4 DUP2 LT ISZERO PUSH2 0x143B JUMPI DUP1 DUP3 ADD MLOAD DUP2 DUP5 ADD MSTORE PUSH1 0x20 DUP2 ADD SWAP1 POP PUSH2 0x1420 JUMP JUMPDEST POP POP POP POP SWAP1 POP SWAP1 DUP2 ADD SWAP1 PUSH1 0x1F AND DUP1 ISZERO PUSH2 0x1468 JUMPI DUP1 DUP3 SUB DUP1 MLOAD PUSH1 0x1 DUP4 PUSH1 0x20 SUB PUSH2 0x100 EXP SUB NOT AND DUP2 MSTORE PUSH1 0x20 ADD SWAP2 POP JUMPDEST POP SWAP6 POP POP POP POP POP POP PUSH1 0x0 PUSH1 0x40 MLOAD DUP1 DUP4 SUB DUP2 PUSH1 0x0 DUP8 DUP1 EXTCODESIZE ISZERO ISZERO PUSH2 0x1489 JUMPI PUSH1 0x0 DUP1 REVERT JUMPDEST PUSH2 0x2C6 GAS SUB CALL ISZERO ISZERO PUSH2 0x149A JUMPI PUSH1 0x0 DUP1 REVERT JUMPDEST POP POP POP PUSH1 0x1 SWAP2 POP PUSH2 0x14A7 JUMP JUMPDEST JUMPDEST POP SWAP4 SWAP3 POP POP POP JUMP JUMPDEST PUSH1 0x8 PUSH1 0x0 SWAP1 SLOAD SWAP1 PUSH2 0x100 EXP SWAP1 DIV PUSH1 0xFF AND DUP2 JUMP JUMPDEST PUSH1 0x6 PUSH1 0x20 MSTORE DUP2 PUSH1 0x0 MSTORE PUSH1 0x40 PUSH1 0x0 KECCAK256 PUSH1 0x20 MSTORE DUP1 PUSH1 0x0 MSTORE PUSH1 0x40 PUSH1 0x0 KECCAK256 PUSH1 0x0 SWAP2 POP SWAP2 POP POP SLOAD DUP2 JUMP JUMPDEST PUSH1 0x0 DUP1 SWAP1 SLOAD SWAP1 PUSH2 0x100 EXP SWAP1 DIV PUSH20 0xFFFFFFFFFFFFFFFFFFFFFFFFFFFFFFFFFFFFFFFF AND PUSH20 0xFFFFFFFFFFFFFFFFFFFFFFFFFFFFFFFFFFFFFFFF AND CALLER PUSH20 0xFFFFFFFFFFFFFFFFFFFFFFFFFFFFFFFFFFFFFFFF AND EQ ISZERO ISZERO PUSH2 0x1542 JUMPI PUSH1 0x0 DUP1 REVERT JUMPDEST DUP1 PUSH1 0x9 PUSH1 0x0 DUP5 PUSH20 0xFFFFFFFFFFFFFFFFFFFFFFFFFFFFFFFFFFFFFFFF AND PUSH20 0xFFFFFFFFFFFFFFFFFFFFFFFFFFFFFFFFFFFFFFFF AND DUP2 MSTORE PUSH1 0x20 ADD SWAP1 DUP2 MSTORE PUSH1 0x20 ADD PUSH1 0x0 KECCAK256 PUSH1 0x0 PUSH2 0x100 EXP DUP2 SLOAD DUP2 PUSH1 0xFF MUL NOT AND SWAP1 DUP4 ISZERO ISZERO MUL OR SWAP1 SSTORE POP PUSH32 0x48335238B4855F35377ED80F164E8C6F3C366E54AC00B96A6402D4A9814A03A5 DUP3 DUP3 PUSH1 0x40 MLOAD DUP1 DUP4 PUSH20 0xFFFFFFFFFFFFFFFFFFFFFFFFFFFFFFFFFFFFFFFF AND PUSH20 0xFFFFFFFFFFFFFFFFFFFFFFFFFFFFFFFFFFFFFFFF AND DUP2 MSTORE PUSH1 0x20 ADD DUP3 ISZERO ISZERO ISZERO ISZERO DUP2 MSTORE PUSH1 0x20 ADD SWAP3 POP POP POP PUSH1 0x40 MLOAD DUP1 SWAP2 SUB SWAP1 LOG1 POP POP JUMP JUMPDEST PUSH1 0x0 DUP1 SWAP1 SLOAD SWAP1 PUSH2 0x100 EXP SWAP1 DIV PUSH20 0xFFFFFFFFFFFFFFFFFFFFFFFFFFFFFFFFFFFFFFFF AND PUSH20 0xFFFFFFFFFFFFFFFFFFFFFFFFFFFFFFFFFFFFFFFF AND CALLER PUSH20 0xFFFFFFFFFFFFFFFFFFFFFFFFFFFFFFFFFFFFFFFF AND EQ ISZERO ISZERO PUSH2 0x1667 JUMPI PUSH1 0x0 DUP1 REVERT JUMPDEST DUP1 PUSH1 0x0 DUP1 PUSH2 0x100 EXP DUP2 SLOAD DUP2 PUSH20 0xFFFFFFFFFFFFFFFFFFFFFFFFFFFFFFFFFFFFFFFF MUL NOT AND SWAP1 DUP4 PUSH20 0xFFFFFFFFFFFFFFFFFFFFFFFFFFFFFFFFFFFFFFFF AND MUL OR SWAP1 SSTORE POP POP JUMP JUMPDEST PUSH1 0x7 SLOAD DUP2 JUMP JUMPDEST PUSH1 0x0 DUP1 SWAP1 SLOAD SWAP1 PUSH2 0x100 EXP SWAP1 DIV PUSH20 0xFFFFFFFFFFFFFFFFFFFFFFFFFFFFFFFFFFFFFFFF AND PUSH20 0xFFFFFFFFFFFFFFFFFFFFFFFFFFFFFFFFFFFFFFFF AND CALLER PUSH20 0xFFFFFFFFFFFFFFFFFFFFFFFFFFFFFFFFFFFFFFFF AND EQ ISZERO ISZERO PUSH2 0x170B JUMPI PUSH1 0x0 DUP1 REVERT JUMPDEST DUP1 PUSH1 0x8 PUSH1 0x0 PUSH2 0x100 EXP DUP2 SLOAD DUP2 PUSH1 0xFF MUL NOT AND SWAP1 DUP4 ISZERO ISZERO MUL OR SWAP1 SSTORE POP POP JUMP STOP LOG1 PUSH6 0x627A7A723058 KECCAK256 0xa7 PUSH24 0x89FE0212AB28537F27720B5494678C537D08809191250E12 PUSH7 0x6AE9064CC20029
1,PUSH1 0x60 PUSH1 0x40 MSTORE CALLVALUE ISZERO PUSH2 0xF JUMPI PUSH1 0x0 DUP1 REVERT JUMPDEST PUSH2 0x400 DUP1 PUSH2 0x1E PUSH1 0x0 CODECOPY PUSH1 0x0 RETURN STOP PUSH1 0x60 PUSH1 0x40 MSTORE PUSH1 0x4 CALLDATASIZE LT PUSH2 0x57 JUMPI PUSH1 0x0 CALLDATALOAD PUSH29 0x100000000000000000000000000000000000000000000000000000000 SWAP1 DIV PUSH4 0xFFFFFFFF AND DUP1 PUSH4 0x18160DDD EQ PUSH2 0x5C JUMPI DUP1 PUSH4 0x70A08231 EQ PUSH2 0x85 JUMPI DUP1 PUSH4 0xA9059CBB EQ PUSH2 0xD2 JUMPI JUMPDEST PUSH1 0x0 DUP1 REVERT JUMPDEST CALLVALUE ISZERO PUSH2 0x67 JUMPI PUSH1 0x0 DUP1 REVERT JUMPDEST PUSH2 0x6F PUSH2 0x12C JUMP JUMPDEST PUSH1 0x40 MLOAD DUP1 DUP3 DUP2 MSTORE PUSH1 0x20 ADD SWAP2 POP POP PUSH1 0x40 MLOAD DUP1 SWAP2 SUB SWAP1 RETURN JUMPDEST CALLVALUE ISZERO PUSH2 0x90 JUMPI PUSH1 0x0 DUP1 REVERT JUMPDEST PUSH2 0xBC PUSH1 0x4 DUP1 DUP1 CALLDATALOAD PUSH20 0xFFFFFFFFFFFFFFFFFFFFFFFFFFFFFFFFFFFFFFFF AND SWAP1 PUSH1 0x20 ADD SWAP1 SWAP2 SWAP1 POP POP PUSH2 0x136 JUMP JUMPDEST PUSH1 0x40 MLOAD DUP1 DUP3 DUP2 MSTORE PUSH1 0x20 ADD SWAP2 POP POP PUSH1 0x40 MLOAD DUP1 SWAP2 SUB SWAP1 RETURN JUMPDEST CALLVALUE ISZERO PUSH2 0xDD JUMPI PUSH1 0x0 DUP1 REVERT JUMPDEST PUSH2 0x112 PUSH1 0x4 DUP1 DUP1 CALLDATALOAD PUSH20 0xFFFFFFFFFFFFFFFFFFFFFFFFFFFFFFFFFFFFFFFF AND SWAP1 PUSH1 0x20 ADD SWAP1 SWAP2 SWAP1 DUP1 CALLDATALOAD SWAP1 PUSH1 0x20 ADD SWAP1 SWAP2 SWAP1 POP POP PUSH2 0x17E JUMP JUMPDEST PUSH1 0x40 MLOAD DUP1 DUP3 ISZERO ISZERO ISZERO ISZERO DUP2 MSTORE PUSH1 0x20 ADD SWAP2 POP POP PUSH1 0x40 MLOAD DUP1 SWAP2 SUB SWAP1 RETURN JUMPDEST PUSH1 0x0 PUSH1 0x1 SLOAD SWAP1 POP SWAP1 JUMP JUMPDEST PUSH1 0x0 DUP1 PUSH1 0x0 DUP4 PUSH20 0xFFFFFFFFFFFFFFFFFFFFFFFFFFFFFFFFFFFFFFFF AND PUSH20 0xFFFFFFFFFFFFFFFFFFFFFFFFFFFFFFFFFFFFFFFF AND DUP2 MSTORE PUSH1 0x20 ADD SWAP1 DUP2 MSTORE PUSH1 0x20 ADD PUSH1 0x0 KECCAK256 SLOAD SWAP1 POP SWAP2 SWAP1 POP JUMP JUMPDEST PUSH1 0x0 DUP1 PUSH20 0xFFFFFFFFFFFFFFFFFFFFFFFFFFFFFFFFFFFFFFFF AND DUP4 PUSH20 0xFFFFFFFFFFFFFFFFFFFFFFFFFFFFFFFFFFFFFFFF AND EQ ISZERO ISZERO ISZERO PUSH2 0x1BB JUMPI PUSH1 0x0 DUP1 REVERT JUMPDEST PUSH1 0x0 DUP1 CALLER PUSH20 0xFFFFFFFFFFFFFFFFFFFFFFFFFFFFFFFFFFFFFFFF AND PUSH20 0xFFFFFFFFFFFFFFFFFFFFFFFFFFFFFFFFFFFFFFFF AND DUP2 MSTORE PUSH1 0x20 ADD SWAP1 DUP2 MSTORE PUSH1 0x20 ADD PUSH1 0x0 KECCAK256 SLOAD DUP3 GT ISZERO ISZERO ISZERO PUSH2 0x208 JUMPI PUSH1 0x0 DUP1 REVERT JUMPDEST PUSH2 0x259 DUP3 PUSH1 0x0 DUP1 CALLER PUSH20 0xFFFFFFFFFFFFFFFFFFFFFFFFFFFFFFFFFFFFFFFF AND PUSH20 0xFFFFFFFFFFFFFFFFFFFFFFFFFFFFFFFFFFFFFFFF AND DUP2 MSTORE PUSH1 0x20 ADD SWAP1 DUP2 MSTORE PUSH1 0x20 ADD PUSH1 0x0 KECCAK256 SLOAD PUSH2 0x39D SWAP1 SWAP2 SWAP1 PUSH4 0xFFFFFFFF AND JUMP JUMPDEST PUSH1 0x0 DUP1 CALLER PUSH20 0xFFFFFFFFFFFFFFFFFFFFFFFFFFFFFFFFFFFFFFFF AND PUSH20 0xFFFFFFFFFFFFFFFFFFFFFFFFFFFFFFFFFFFFFFFF AND DUP2 MSTORE PUSH1 0x20 ADD SWAP1 DUP2 MSTORE PUSH1 0x20 ADD PUSH1 0x0 KECCAK256 DUP2 SWAP1 SSTORE POP PUSH2 0x2EC DUP3 PUSH1 0x0 DUP1 DUP7 PUSH20 0xFFFFFFFFFFFFFFFFFFFFFFFFFFFFFFFFFFFFFFFF AND PUSH20 0xFFFFFFFFFFFFFFFFFFFFFFFFFFFFFFFFFFFFFFFF AND DUP2 MSTORE PUSH1 0x20 ADD SWAP1 DUP2 MSTORE PUSH1 0x20 ADD PUSH1 0x0 KECCAK256 SLOAD PUSH2 0x3B6 SWAP1 SWAP2 SWAP1 PUSH4 0xFFFFFFFF AND JUMP JUMPDEST PUSH1 0x0 DUP1 DUP6 PUSH20 0xFFFFFFFFFFFFFFFFFFFFFFFFFFFFFFFFFFFFFFFF AND PUSH20 0xFFFFFFFFFFFFFFFFFFFFFFFFFFFFFFFFFFFFFFFF AND DUP2 MSTORE PUSH1 0x20 ADD SWAP1 DUP2 MSTORE PUSH1 0x20 ADD PUSH1 0x0 KECCAK256 DUP2 SWAP1 SSTORE POP DUP3 PUSH20 0xFFFFFFFFFFFFFFFFFFFFFFFFFFFFFFFFFFFFFFFF AND CALLER PUSH20 0xFFFFFFFFFFFFFFFFFFFFFFFFFFFFFFFFFFFFFFFF AND PUSH32 0xDDF252AD1BE2C89B69C2B068FC378DAA952BA7F163C4A11628F55A4DF523B3EF DUP5 PUSH1 0x40 MLOAD DUP1 DUP3 DUP2 MSTORE PUSH1 0x20 ADD SWAP2 POP POP PUSH1 0x40 MLOAD DUP1 SWAP2 SUB SWAP1 LOG3 PUSH1 0x1 SWAP1 POP SWAP3 SWAP2 POP POP JUMP JUMPDEST PUSH1 0x0 DUP3 DUP3 GT ISZERO ISZERO ISZERO PUSH2 0x3AB JUMPI INVALID JUMPDEST DUP2 DUP4 SUB SWAP1 POP SWAP3 SWAP2 POP POP JUMP JUMPDEST PUSH1 0x0 DUP1 DUP3 DUP5 ADD SWAP1 POP DUP4 DUP2 LT ISZERO ISZERO ISZERO PUSH2 0x3CA JUMPI INVALID JUMPDEST DUP1 SWAP2 POP POP SWAP3 SWAP2 POP POP JUMP STOP LOG1 PUSH6 0x627A7A723058 KECCAK256 SWAP15 0x4b BYTE SWAP3 SUB 0xcc CALLDATASIZE PC PUSH11 0xDFA337F1973162306744DF 0xdb 0xaf 0x4d 0xd4 0xe8 CODECOPY 0x3f 0xce 0xd7 EXTCODESIZE 0xc8 ORIGIN STOP 0x29
1,PUSH1 0x60 PUSH1 0x40 MSTORE CALLVALUE ISZERO PUSH2 0xF JUMPI PUSH1 0x0 DUP1 REVERT JUMPDEST PUSH2 0x598 DUP1 PUSH2 0x1E PUSH1 0x0 CODECOPY PUSH1 0x0 RETURN STOP PUSH1 0x60 PUSH1 0x40 MSTORE PUSH1 0x4 CALLDATASIZE LT PUSH2 0x62 JUMPI PUSH1 0x0 CALLDATALOAD PUSH29 0x100000000000000000000000000000000000000000000000000000000 SWAP1 DIV PUSH4 0xFFFFFFFF AND DUP1 PUSH4 0x18160DDD EQ PUSH2 0x67 JUMPI DUP1 PUSH4 0x42966C68 EQ PUSH2 0x90 JUMPI DUP1 PUSH4 0x70A08231 EQ PUSH2 0xB3 JUMPI DUP1 PUSH4 0xA9059CBB EQ PUSH2 0x100 JUMPI JUMPDEST PUSH1 0x0 DUP1 REVERT JUMPDEST CALLVALUE ISZERO PUSH2 0x72 JUMPI PUSH1 0x0 DUP1 REVERT JUMPDEST PUSH2 0x7A PUSH2 0x142 JUMP JUMPDEST PUSH1 0x40 MLOAD DUP1 DUP3 DUP2 MSTORE PUSH1 0x20 ADD SWAP2 POP POP PUSH1 0x40 MLOAD DUP1 SWAP2 SUB SWAP1 RETURN JUMPDEST CALLVALUE ISZERO PUSH2 0x9B JUMPI PUSH1 0x0 DUP1 REVERT JUMPDEST PUSH2 0xB1 PUSH1 0x4 DUP1 DUP1 CALLDATALOAD SWAP1 PUSH1 0x20 ADD SWAP1 SWAP2 SWAP1 POP POP PUSH2 0x148 JUMP JUMPDEST STOP JUMPDEST CALLVALUE ISZERO PUSH2 0xBE JUMPI PUSH1 0x0 DUP1 REVERT JUMPDEST PUSH2 0xEA PUSH1 0x4 DUP1 DUP1 CALLDATALOAD PUSH20 0xFFFFFFFFFFFFFFFFFFFFFFFFFFFFFFFFFFFFFFFF AND SWAP1 PUSH1 0x20 ADD SWAP1 SWAP2 SWAP1 POP POP PUSH2 0x27C JUMP JUMPDEST PUSH1 0x40 MLOAD DUP1 DUP3 DUP2 MSTORE PUSH1 0x20 ADD SWAP2 POP POP PUSH1 0x40 MLOAD DUP1 SWAP2 SUB SWAP1 RETURN JUMPDEST CALLVALUE ISZERO PUSH2 0x10B JUMPI PUSH1 0x0 DUP1 REVERT JUMPDEST PUSH2 0x140 PUSH1 0x4 DUP1 DUP1 CALLDATALOAD PUSH20 0xFFFFFFFFFFFFFFFFFFFFFFFFFFFFFFFFFFFFFFFF AND SWAP1 PUSH1 0x20 ADD SWAP1 SWAP2 SWAP1 DUP1 CALLDATALOAD SWAP1 PUSH1 0x20 ADD SWAP1 SWAP2 SWAP1 POP POP PUSH2 0x2C5 JUMP JUMPDEST STOP JUMPDEST PUSH1 0x0 SLOAD DUP2 JUMP JUMPDEST DUP1 PUSH1 0x1 PUSH1 0x0 CALLER PUSH20 0xFFFFFFFFFFFFFFFFFFFFFFFFFFFFFFFFFFFFFFFF AND PUSH20 0xFFFFFFFFFFFFFFFFFFFFFFFFFFFFFFFFFFFFFFFF AND DUP2 MSTORE PUSH1 0x20 ADD SWAP1 DUP2 MSTORE PUSH1 0x20 ADD PUSH1 0x0 KECCAK256 SLOAD LT ISZERO ISZERO ISZERO PUSH2 0x196 JUMPI PUSH1 0x0 DUP1 REVERT JUMPDEST PUSH2 0x1E8 DUP2 PUSH1 0x1 PUSH1 0x0 CALLER PUSH20 0xFFFFFFFFFFFFFFFFFFFFFFFFFFFFFFFFFFFFFFFF AND PUSH20 0xFFFFFFFFFFFFFFFFFFFFFFFFFFFFFFFFFFFFFFFF AND DUP2 MSTORE PUSH1 0x20 ADD SWAP1 DUP2 MSTORE PUSH1 0x20 ADD PUSH1 0x0 KECCAK256 SLOAD PUSH2 0x535 SWAP1 SWAP2 SWAP1 PUSH4 0xFFFFFFFF AND JUMP JUMPDEST PUSH1 0x1 PUSH1 0x0 CALLER PUSH20 0xFFFFFFFFFFFFFFFFFFFFFFFFFFFFFFFFFFFFFFFF AND PUSH20 0xFFFFFFFFFFFFFFFFFFFFFFFFFFFFFFFFFFFFFFFF AND DUP2 MSTORE PUSH1 0x20 ADD SWAP1 DUP2 MSTORE PUSH1 0x20 ADD PUSH1 0x0 KECCAK256 DUP2 SWAP1 SSTORE POP CALLER PUSH20 0xFFFFFFFFFFFFFFFFFFFFFFFFFFFFFFFFFFFFFFFF AND PUSH32 0xCC16F5DBB4873280815C1EE09DBD06736CFFCC184412CF7A71A0FDB75D397CA5 DUP3 PUSH1 0x40 MLOAD DUP1 DUP3 DUP2 MSTORE PUSH1 0x20 ADD SWAP2 POP POP PUSH1 0x40 MLOAD DUP1 SWAP2 SUB SWAP1 LOG2 POP JUMP JUMPDEST PUSH1 0x0 PUSH1 0x1 PUSH1 0x0 DUP4 PUSH20 0xFFFFFFFFFFFFFFFFFFFFFFFFFFFFFFFFFFFFFFFF AND PUSH20 0xFFFFFFFFFFFFFFFFFFFFFFFFFFFFFFFFFFFFFFFF AND DUP2 MSTORE PUSH1 0x20 ADD SWAP1 DUP2 MSTORE PUSH1 0x20 ADD PUSH1 0x0 KECCAK256 SLOAD SWAP1 POP SWAP2 SWAP1 POP JUMP JUMPDEST DUP1 PUSH1 0x1 PUSH1 0x0 CALLER PUSH20 0xFFFFFFFFFFFFFFFFFFFFFFFFFFFFFFFFFFFFFFFF AND PUSH20 0xFFFFFFFFFFFFFFFFFFFFFFFFFFFFFFFFFFFFFFFF AND DUP2 MSTORE PUSH1 0x20 ADD SWAP1 DUP2 MSTORE PUSH1 0x20 ADD PUSH1 0x0 KECCAK256 SLOAD LT ISZERO ISZERO ISZERO PUSH2 0x313 JUMPI PUSH1 0x0 DUP1 REVERT JUMPDEST PUSH1 0x1 PUSH1 0x0 DUP4 PUSH20 0xFFFFFFFFFFFFFFFFFFFFFFFFFFFFFFFFFFFFFFFF AND PUSH20 0xFFFFFFFFFFFFFFFFFFFFFFFFFFFFFFFFFFFFFFFF AND DUP2 MSTORE PUSH1 0x20 ADD SWAP1 DUP2 MSTORE PUSH1 0x20 ADD PUSH1 0x0 KECCAK256 SLOAD DUP2 PUSH1 0x1 PUSH1 0x0 DUP6 PUSH20 0xFFFFFFFFFFFFFFFFFFFFFFFFFFFFFFFFFFFFFFFF AND PUSH20 0xFFFFFFFFFFFFFFFFFFFFFFFFFFFFFFFFFFFFFFFF AND DUP2 MSTORE PUSH1 0x20 ADD SWAP1 DUP2 MSTORE PUSH1 0x20 ADD PUSH1 0x0 KECCAK256 SLOAD ADD LT ISZERO ISZERO ISZERO PUSH2 0x3A2 JUMPI PUSH1 0x0 DUP1 REVERT JUMPDEST PUSH2 0x3F4 DUP2 PUSH1 0x1 PUSH1 0x0 CALLER PUSH20 0xFFFFFFFFFFFFFFFFFFFFFFFFFFFFFFFFFFFFFFFF AND PUSH20 0xFFFFFFFFFFFFFFFFFFFFFFFFFFFFFFFFFFFFFFFF AND DUP2 MSTORE PUSH1 0x20 ADD SWAP1 DUP2 MSTORE PUSH1 0x20 ADD PUSH1 0x0 KECCAK256 SLOAD PUSH2 0x535 SWAP1 SWAP2 SWAP1 PUSH4 0xFFFFFFFF AND JUMP JUMPDEST PUSH1 0x1 PUSH1 0x0 CALLER PUSH20 0xFFFFFFFFFFFFFFFFFFFFFFFFFFFFFFFFFFFFFFFF AND PUSH20 0xFFFFFFFFFFFFFFFFFFFFFFFFFFFFFFFFFFFFFFFF AND DUP2 MSTORE PUSH1 0x20 ADD SWAP1 DUP2 MSTORE PUSH1 0x20 ADD PUSH1 0x0 KECCAK256 DUP2 SWAP1 SSTORE POP PUSH2 0x489 DUP2 PUSH1 0x1 PUSH1 0x0 DUP6 PUSH20 0xFFFFFFFFFFFFFFFFFFFFFFFFFFFFFFFFFFFFFFFF AND PUSH20 0xFFFFFFFFFFFFFFFFFFFFFFFFFFFFFFFFFFFFFFFF AND DUP2 MSTORE PUSH1 0x20 ADD SWAP1 DUP2 MSTORE PUSH1 0x20 ADD PUSH1 0x0 KECCAK256 SLOAD PUSH2 0x54E SWAP1 SWAP2 SWAP1 PUSH4 0xFFFFFFFF AND JUMP JUMPDEST PUSH1 0x1 PUSH1 0x0 DUP5 PUSH20 0xFFFFFFFFFFFFFFFFFFFFFFFFFFFFFFFFFFFFFFFF AND PUSH20 0xFFFFFFFFFFFFFFFFFFFFFFFFFFFFFFFFFFFFFFFF AND DUP2 MSTORE PUSH1 0x20 ADD SWAP1 DUP2 MSTORE PUSH1 0x20 ADD PUSH1 0x0 KECCAK256 DUP2 SWAP1 SSTORE POP DUP2 PUSH20 0xFFFFFFFFFFFFFFFFFFFFFFFFFFFFFFFFFFFFFFFF AND CALLER PUSH20 0xFFFFFFFFFFFFFFFFFFFFFFFFFFFFFFFFFFFFFFFF AND PUSH32 0xDDF252AD1BE2C89B69C2B068FC378DAA952BA7F163C4A11628F55A4DF523B3EF DUP4 PUSH1 0x40 MLOAD DUP1 DUP3 DUP2 MSTORE PUSH1 0x20 ADD SWAP2 POP POP PUSH1 0x40 MLOAD DUP1 SWAP2 SUB SWAP1 LOG3 POP POP JUMP JUMPDEST PUSH1 0x0 DUP3 DUP3 GT ISZERO ISZERO ISZERO PUSH2 0x543 JUMPI INVALID JUMPDEST DUP2 DUP4 SUB SWAP1 POP SWAP3 SWAP2 POP POP JUMP JUMPDEST PUSH1 0x0 DUP1 DUP3 DUP5 ADD SWAP1 POP DUP4 DUP2 LT ISZERO ISZERO ISZERO PUSH2 0x562 JUMPI INVALID JUMPDEST DUP1 SWAP2 POP POP SWAP3 SWAP2 POP POP JUMP STOP LOG1 PUSH6 0x627A7A723058 KECCAK256 PUSH16 0xB69B28E3165C7706DD97AB7E2318CD31 PUSH26 0x34464627BF84EE18F34F2BE3A689002900000000000000000000
1,PUSH1 0x60 PUSH1 0x40 MSTORE CALLVALUE ISZERO PUSH2 0xF JUMPI PUSH1 0x0 DUP1 REVERT JUMPDEST PUSH2 0x37F DUP1 PUSH2 0x1E PUSH1 0x0 CODECOPY PUSH1 0x0 RETURN STOP PUSH1 0x60 PUSH1 0x40 MSTORE PUSH1 0x4 CALLDATASIZE LT PUSH2 0x57 JUMPI PUSH1 0x0 CALLDATALOAD PUSH29 0x100000000000000000000000000000000000000000000000000000000 SWAP1 DIV PUSH4 0xFFFFFFFF AND DUP1 PUSH4 0x18160DDD EQ PUSH2 0x5C JUMPI DUP1 PUSH4 0x70A08231 EQ PUSH2 0x85 JUMPI DUP1 PUSH4 0xA9059CBB EQ PUSH2 0xD2 JUMPI JUMPDEST PUSH1 0x0 DUP1 REVERT JUMPDEST CALLVALUE ISZERO PUSH2 0x67 JUMPI PUSH1 0x0 DUP1 REVERT JUMPDEST PUSH2 0x6F PUSH2 0x114 JUMP JUMPDEST PUSH1 0x40 MLOAD DUP1 DUP3 DUP2 MSTORE PUSH1 0x20 ADD SWAP2 POP POP PUSH1 0x40 MLOAD DUP1 SWAP2 SUB SWAP1 RETURN JUMPDEST CALLVALUE ISZERO PUSH2 0x90 JUMPI PUSH1 0x0 DUP1 REVERT JUMPDEST PUSH2 0xBC PUSH1 0x4 DUP1 DUP1 CALLDATALOAD PUSH20 0xFFFFFFFFFFFFFFFFFFFFFFFFFFFFFFFFFFFFFFFF AND SWAP1 PUSH1 0x20 ADD SWAP1 SWAP2 SWAP1 POP POP PUSH2 0x11A JUMP JUMPDEST PUSH1 0x40 MLOAD DUP1 DUP3 DUP2 MSTORE PUSH1 0x20 ADD SWAP2 POP POP PUSH1 0x40 MLOAD DUP1 SWAP2 SUB SWAP1 RETURN JUMPDEST CALLVALUE ISZERO PUSH2 0xDD JUMPI PUSH1 0x0 DUP1 REVERT JUMPDEST PUSH2 0x112 PUSH1 0x4 DUP1 DUP1 CALLDATALOAD PUSH20 0xFFFFFFFFFFFFFFFFFFFFFFFFFFFFFFFFFFFFFFFF AND SWAP1 PUSH1 0x20 ADD SWAP1 SWAP2 SWAP1 DUP1 CALLDATALOAD SWAP1 PUSH1 0x20 ADD SWAP1 SWAP2 SWAP1 POP POP PUSH2 0x163 JUMP JUMPDEST STOP JUMPDEST PUSH1 0x0 SLOAD DUP2 JUMP JUMPDEST PUSH1 0x0 PUSH1 0x1 PUSH1 0x0 DUP4 PUSH20 0xFFFFFFFFFFFFFFFFFFFFFFFFFFFFFFFFFFFFFFFF AND PUSH20 0xFFFFFFFFFFFFFFFFFFFFFFFFFFFFFFFFFFFFFFFF AND DUP2 MSTORE PUSH1 0x20 ADD SWAP1 DUP2 MSTORE PUSH1 0x20 ADD PUSH1 0x0 KECCAK256 SLOAD SWAP1 POP SWAP2 SWAP1 POP JUMP JUMPDEST PUSH1 0x40 PUSH1 0x4 DUP2 ADD PUSH1 0x0 CALLDATASIZE SWAP1 POP LT ISZERO PUSH2 0x179 JUMPI PUSH1 0x0 DUP1 REVERT JUMPDEST PUSH2 0x1CB DUP3 PUSH1 0x1 PUSH1 0x0 CALLER PUSH20 0xFFFFFFFFFFFFFFFFFFFFFFFFFFFFFFFFFFFFFFFF AND PUSH20 0xFFFFFFFFFFFFFFFFFFFFFFFFFFFFFFFFFFFFFFFF AND DUP2 MSTORE PUSH1 0x20 ADD SWAP1 DUP2 MSTORE PUSH1 0x20 ADD PUSH1 0x0 KECCAK256 SLOAD PUSH2 0x30D SWAP1 SWAP2 SWAP1 PUSH4 0xFFFFFFFF AND JUMP JUMPDEST PUSH1 0x1 PUSH1 0x0 CALLER PUSH20 0xFFFFFFFFFFFFFFFFFFFFFFFFFFFFFFFFFFFFFFFF AND PUSH20 0xFFFFFFFFFFFFFFFFFFFFFFFFFFFFFFFFFFFFFFFF AND DUP2 MSTORE PUSH1 0x20 ADD SWAP1 DUP2 MSTORE PUSH1 0x20 ADD PUSH1 0x0 KECCAK256 DUP2 SWAP1 SSTORE POP PUSH2 0x260 DUP3 PUSH1 0x1 PUSH1 0x0 DUP7 PUSH20 0xFFFFFFFFFFFFFFFFFFFFFFFFFFFFFFFFFFFFFFFF AND PUSH20 0xFFFFFFFFFFFFFFFFFFFFFFFFFFFFFFFFFFFFFFFF AND DUP2 MSTORE PUSH1 0x20 ADD SWAP1 DUP2 MSTORE PUSH1 0x20 ADD PUSH1 0x0 KECCAK256 SLOAD PUSH2 0x326 SWAP1 SWAP2 SWAP1 PUSH4 0xFFFFFFFF AND JUMP JUMPDEST PUSH1 0x1 PUSH1 0x0 DUP6 PUSH20 0xFFFFFFFFFFFFFFFFFFFFFFFFFFFFFFFFFFFFFFFF AND PUSH20 0xFFFFFFFFFFFFFFFFFFFFFFFFFFFFFFFFFFFFFFFF AND DUP2 MSTORE PUSH1 0x20 ADD SWAP1 DUP2 MSTORE PUSH1 0x20 ADD PUSH1 0x0 KECCAK256 DUP2 SWAP1 SSTORE POP DUP3 PUSH20 0xFFFFFFFFFFFFFFFFFFFFFFFFFFFFFFFFFFFFFFFF AND CALLER PUSH20 0xFFFFFFFFFFFFFFFFFFFFFFFFFFFFFFFFFFFFFFFF AND PUSH32 0xDDF252AD1BE2C89B69C2B068FC378DAA952BA7F163C4A11628F55A4DF523B3EF DUP5 PUSH1 0x40 MLOAD DUP1 DUP3 DUP2 MSTORE PUSH1 0x20 ADD SWAP2 POP POP PUSH1 0x40 MLOAD DUP1 SWAP2 SUB SWAP1 LOG3 POP POP POP JUMP JUMPDEST PUSH1 0x0 PUSH2 0x31B DUP4 DUP4 GT ISZERO PUSH2 0x344 JUMP JUMPDEST DUP2 DUP4 SUB SWAP1 POP SWAP3 SWAP2 POP POP JUMP JUMPDEST PUSH1 0x0 DUP1 DUP3 DUP5 ADD SWAP1 POP PUSH2 0x33A DUP5 DUP3 LT ISZERO PUSH2 0x344 JUMP JUMPDEST DUP1 SWAP2 POP POP SWAP3 SWAP2 POP POP JUMP JUMPDEST DUP1 ISZERO ISZERO PUSH2 0x350 JUMPI PUSH1 0x0 DUP1 REVERT JUMPDEST POP JUMP STOP LOG1 PUSH6 0x627A7A723058 KECCAK256 PUSH25 0x31A19133AF7E8D3E9D6758D1D94C01B19FCA1BC9FE3D6CE78A 0x2e DUP1 0xe6 0xc3 0x2a TIMESTAMP STOP 0x29
1,PUSH1 0x60 PUSH1 0x40 MSTORE CALLVALUE ISZERO PUSH2 0xF JUMPI PUSH1 0x0 DUP1 REVERT JUMPDEST PUSH20 0xE6C37D321AB3E3669C67347F9CD525B769459FCA PUSH1 0x0 DUP1 PUSH2 0x100 EXP DUP2 SLOAD DUP2 PUSH20 0xFFFFFFFFFFFFFFFFFFFFFFFFFFFFFFFFFFFFFFFF MUL NOT AND SWAP1 DUP4 PUSH20 0xFFFFFFFFFFFFFFFFFFFFFFFFFFFFFFFFFFFFFFFF AND MUL OR SWAP1 SSTORE POP PUSH1 0x40 DUP1 MLOAD SWAP1 DUP2 ADD PUSH1 0x40 MSTORE DUP1 PUSH1 0xD DUP2 MSTORE PUSH1 0x20 ADD PUSH32 0x4269745765737420546F6B656E00000000000000000000000000000000000000 DUP2 MSTORE POP PUSH1 0x1 SWAP1 DUP1 MLOAD SWAP1 PUSH1 0x20 ADD SWAP1 PUSH2 0xAE SWAP3 SWAP2 SWAP1 PUSH2 0x1A0 JUMP JUMPDEST POP PUSH1 0x40 DUP1 MLOAD SWAP1 DUP2 ADD PUSH1 0x40 MSTORE DUP1 PUSH1 0x3 DUP2 MSTORE PUSH1 0x20 ADD PUSH32 0x4257540000000000000000000000000000000000000000000000000000000000 DUP2 MSTORE POP PUSH1 0x2 SWAP1 DUP1 MLOAD SWAP1 PUSH1 0x20 ADD SWAP1 PUSH2 0xFA SWAP3 SWAP2 SWAP1 PUSH2 0x1A0 JUMP JUMPDEST POP PUSH1 0x12 PUSH1 0x3 PUSH1 0x0 PUSH2 0x100 EXP DUP2 SLOAD DUP2 PUSH1 0xFF MUL NOT AND SWAP1 DUP4 PUSH1 0xFF AND MUL OR SWAP1 SSTORE POP PUSH12 0x6765C793FA10079D0000000 PUSH1 0x4 DUP2 SWAP1 SSTORE POP PUSH12 0x6765C793FA10079D0000000 PUSH1 0x5 PUSH1 0x0 DUP1 PUSH1 0x0 SWAP1 SLOAD SWAP1 PUSH2 0x100 EXP SWAP1 DIV PUSH20 0xFFFFFFFFFFFFFFFFFFFFFFFFFFFFFFFFFFFFFFFF AND PUSH20 0xFFFFFFFFFFFFFFFFFFFFFFFFFFFFFFFFFFFFFFFF AND PUSH20 0xFFFFFFFFFFFFFFFFFFFFFFFFFFFFFFFFFFFFFFFF AND DUP2 MSTORE PUSH1 0x20 ADD SWAP1 DUP2 MSTORE PUSH1 0x20 ADD PUSH1 0x0 KECCAK256 DUP2 SWAP1 SSTORE POP PUSH2 0x245 JUMP JUMPDEST DUP3 DUP1 SLOAD PUSH1 0x1 DUP2 PUSH1 0x1 AND ISZERO PUSH2 0x100 MUL SUB AND PUSH1 0x2 SWAP1 DIV SWAP1 PUSH1 0x0 MSTORE PUSH1 0x20 PUSH1 0x0 KECCAK256 SWAP1 PUSH1 0x1F ADD PUSH1 0x20 SWAP1 DIV DUP2 ADD SWAP3 DUP3 PUSH1 0x1F LT PUSH2 0x1E1 JUMPI DUP1 MLOAD PUSH1 0xFF NOT AND DUP4 DUP1 ADD OR DUP6 SSTORE PUSH2 0x20F JUMP JUMPDEST DUP3 DUP1 ADD PUSH1 0x1 ADD DUP6 SSTORE DUP3 ISZERO PUSH2 0x20F JUMPI SWAP2 DUP3 ADD JUMPDEST DUP3 DUP2 GT ISZERO PUSH2 0x20E JUMPI DUP3 MLOAD DUP3 SSTORE SWAP2 PUSH1 0x20 ADD SWAP2 SWAP1 PUSH1 0x1 ADD SWAP1 PUSH2 0x1F3 JUMP JUMPDEST JUMPDEST POP SWAP1 POP PUSH2 0x21C SWAP2 SWAP1 PUSH2 0x220 JUMP JUMPDEST POP SWAP1 JUMP JUMPDEST PUSH2 0x242 SWAP2 SWAP1 JUMPDEST DUP1 DUP3 GT ISZERO PUSH2 0x23E JUMPI PUSH1 0x0 DUP2 PUSH1 0x0 SWAP1 SSTORE POP PUSH1 0x1 ADD PUSH2 0x226 JUMP JUMPDEST POP SWAP1 JUMP JUMPDEST SWAP1 JUMP JUMPDEST PUSH2 0xD9F DUP1 PUSH2 0x254 PUSH1 0x0 CODECOPY PUSH1 0x0 RETURN STOP PUSH1 0x60 PUSH1 0x40 MSTORE PUSH1 0x4 CALLDATASIZE LT PUSH2 0xBA JUMPI PUSH1 0x0 CALLDATALOAD PUSH29 0x100000000000000000000000000000000000000000000000000000000 SWAP1 DIV PUSH4 0xFFFFFFFF AND DUP1 PUSH4 0x6FDDE03 EQ PUSH2 0xBF JUMPI DUP1 PUSH4 0x95EA7B3 EQ PUSH2 0x14D JUMPI DUP1 PUSH4 0x18160DDD EQ PUSH2 0x1A7 JUMPI DUP1 PUSH4 0x23B872DD EQ PUSH2 0x1D0 JUMPI DUP1 PUSH4 0x313CE567 EQ PUSH2 0x249 JUMPI DUP1 PUSH4 0x42966C68 EQ PUSH2 0x278 JUMPI DUP1 PUSH4 0x70A08231 EQ PUSH2 0x2B3 JUMPI DUP1 PUSH4 0x79CC6790 EQ PUSH2 0x300 JUMPI DUP1 PUSH4 0x8DA5CB5B EQ PUSH2 0x35A JUMPI DUP1 PUSH4 0x95D89B41 EQ PUSH2 0x3AF JUMPI DUP1 PUSH4 0xA9059CBB EQ PUSH2 0x43D JUMPI DUP1 PUSH4 0xDD62ED3E EQ PUSH2 0x497 JUMPI JUMPDEST PUSH1 0x0 DUP1 REVERT JUMPDEST CALLVALUE ISZERO PUSH2 0xCA JUMPI PUSH1 0x0 DUP1 REVERT JUMPDEST PUSH2 0xD2 PUSH2 0x503 JUMP JUMPDEST PUSH1 0x40 MLOAD DUP1 DUP1 PUSH1 0x20 ADD DUP3 DUP2 SUB DUP3 MSTORE DUP4 DUP2 DUP2 MLOAD DUP2 MSTORE PUSH1 0x20 ADD SWAP2 POP DUP1 MLOAD SWAP1 PUSH1 0x20 ADD SWAP1 DUP1 DUP4 DUP4 PUSH1 0x0 JUMPDEST DUP4 DUP2 LT ISZERO PUSH2 0x112 JUMPI DUP1 DUP3 ADD MLOAD DUP2 DUP5 ADD MSTORE PUSH1 0x20 DUP2 ADD SWAP1 POP PUSH2 0xF7 JUMP JUMPDEST POP POP POP POP SWAP1 POP SWAP1 DUP2 ADD SWAP1 PUSH1 0x1F AND DUP1 ISZERO PUSH2 0x13F JUMPI DUP1 DUP3 SUB DUP1 MLOAD PUSH1 0x1 DUP4 PUSH1 0x20 SUB PUSH2 0x100 EXP SUB NOT AND DUP2 MSTORE PUSH1 0x20 ADD SWAP2 POP JUMPDEST POP SWAP3 POP POP POP PUSH1 0x40 MLOAD DUP1 SWAP2 SUB SWAP1 RETURN JUMPDEST CALLVALUE ISZERO PUSH2 0x158 JUMPI PUSH1 0x0 DUP1 REVERT JUMPDEST PUSH2 0x18D PUSH1 0x4 DUP1 DUP1 CALLDATALOAD PUSH20 0xFFFFFFFFFFFFFFFFFFFFFFFFFFFFFFFFFFFFFFFF AND SWAP1 PUSH1 0x20 ADD SWAP1 SWAP2 SWAP1 DUP1 CALLDATALOAD SWAP1 PUSH1 0x20 ADD SWAP1 SWAP2 SWAP1 POP POP PUSH2 0x5A1 JUMP JUMPDEST PUSH1 0x40 MLOAD DUP1 DUP3 ISZERO ISZERO ISZERO ISZERO DUP2 MSTORE PUSH1 0x20 ADD SWAP2 POP POP PUSH1 0x40 MLOAD DUP1 SWAP2 SUB SWAP1 RETURN JUMPDEST CALLVALUE ISZERO PUSH2 0x1B2 JUMPI PUSH1 0x0 DUP1 REVERT JUMPDEST PUSH2 0x1BA PUSH2 0x62E JUMP JUMPDEST PUSH1 0x40 MLOAD DUP1 DUP3 DUP2 MSTORE PUSH1 0x20 ADD SWAP2 POP POP PUSH1 0x40 MLOAD DUP1 SWAP2 SUB SWAP1 RETURN JUMPDEST CALLVALUE ISZERO PUSH2 0x1DB JUMPI PUSH1 0x0 DUP1 REVERT JUMPDEST PUSH2 0x22F PUSH1 0x4 DUP1 DUP1 CALLDATALOAD PUSH20 0xFFFFFFFFFFFFFFFFFFFFFFFFFFFFFFFFFFFFFFFF AND SWAP1 PUSH1 0x20 ADD SWAP1 SWAP2 SWAP1 DUP1 CALLDATALOAD PUSH20 0xFFFFFFFFFFFFFFFFFFFFFFFFFFFFFFFFFFFFFFFF AND SWAP1 PUSH1 0x20 ADD SWAP1 SWAP2 SWAP1 DUP1 CALLDATALOAD SWAP1 PUSH1 0x20 ADD SWAP1 SWAP2 SWAP1 POP POP PUSH2 0x634 JUMP JUMPDEST PUSH1 0x40 MLOAD DUP1 DUP3 ISZERO ISZERO ISZERO ISZERO DUP2 MSTORE PUSH1 0x20 ADD SWAP2 POP POP PUSH1 0x40 MLOAD DUP1 SWAP2 SUB SWAP1 RETURN JUMPDEST CALLVALUE ISZERO PUSH2 0x254 JUMPI PUSH1 0x0 DUP1 REVERT JUMPDEST PUSH2 0x25C PUSH2 0x8A3 JUMP JUMPDEST PUSH1 0x40 MLOAD DUP1 DUP3 PUSH1 0xFF AND PUSH1 0xFF AND DUP2 MSTORE PUSH1 0x20 ADD SWAP2 POP POP PUSH1 0x40 MLOAD DUP1 SWAP2 SUB SWAP1 RETURN JUMPDEST CALLVALUE ISZERO PUSH2 0x283 JUMPI PUSH1 0x0 DUP1 REVERT JUMPDEST PUSH2 0x299 PUSH1 0x4 DUP1 DUP1 CALLDATALOAD SWAP1 PUSH1 0x20 ADD SWAP1 SWAP2 SWAP1 POP POP PUSH2 0x8B6 JUMP JUMPDEST PUSH1 0x40 MLOAD DUP1 DUP3 ISZERO ISZERO ISZERO ISZERO DUP2 MSTORE PUSH1 0x20 ADD SWAP2 POP POP PUSH1 0x40 MLOAD DUP1 SWAP2 SUB SWAP1 RETURN JUMPDEST CALLVALUE ISZERO PUSH2 0x2BE JUMPI PUSH1 0x0 DUP1 REVERT JUMPDEST PUSH2 0x2EA PUSH1 0x4 DUP1 DUP1 CALLDATALOAD PUSH20 0xFFFFFFFFFFFFFFFFFFFFFFFFFFFFFFFFFFFFFFFF AND SWAP1 PUSH1 0x20 ADD SWAP1 SWAP2 SWAP1 POP POP PUSH2 0x9BA JUMP JUMPDEST PUSH1 0x40 MLOAD DUP1 DUP3 DUP2 MSTORE PUSH1 0x20 ADD SWAP2 POP POP PUSH1 0x40 MLOAD DUP1 SWAP2 SUB SWAP1 RETURN JUMPDEST CALLVALUE ISZERO PUSH2 0x30B JUMPI PUSH1 0x0 DUP1 REVERT JUMPDEST PUSH2 0x340 PUSH1 0x4 DUP1 DUP1 CALLDATALOAD PUSH20 0xFFFFFFFFFFFFFFFFFFFFFFFFFFFFFFFFFFFFFFFF AND SWAP1 PUSH1 0x20 ADD SWAP1 SWAP2 SWAP1 DUP1 CALLDATALOAD SWAP1 PUSH1 0x20 ADD SWAP1 SWAP2 SWAP1 POP POP PUSH2 0x9D2 JUMP JUMPDEST PUSH1 0x40 MLOAD DUP1 DUP3 ISZERO ISZERO ISZERO ISZERO DUP2 MSTORE PUSH1 0x20 ADD SWAP2 POP POP PUSH1 0x40 MLOAD DUP1 SWAP2 SUB SWAP1 RETURN JUMPDEST CALLVALUE ISZERO PUSH2 0x365 JUMPI PUSH1 0x0 DUP1 REVERT JUMPDEST PUSH2 0x36D PUSH2 0xB32 JUMP JUMPDEST PUSH1 0x40 MLOAD DUP1 DUP3 PUSH20 0xFFFFFFFFFFFFFFFFFFFFFFFFFFFFFFFFFFFFFFFF AND PUSH20 0xFFFFFFFFFFFFFFFFFFFFFFFFFFFFFFFFFFFFFFFF AND DUP2 MSTORE PUSH1 0x20 ADD SWAP2 POP POP PUSH1 0x40 MLOAD DUP1 SWAP2 SUB SWAP1 RETURN JUMPDEST CALLVALUE ISZERO PUSH2 0x3BA JUMPI PUSH1 0x0 DUP1 REVERT JUMPDEST PUSH2 0x3C2 PUSH2 0xB57 JUMP JUMPDEST PUSH1 0x40 MLOAD DUP1 DUP1 PUSH1 0x20 ADD DUP3 DUP2 SUB DUP3 MSTORE DUP4 DUP2 DUP2 MLOAD DUP2 MSTORE PUSH1 0x20 ADD SWAP2 POP DUP1 MLOAD SWAP1 PUSH1 0x20 ADD SWAP1 DUP1 DUP4 DUP4 PUSH1 0x0 JUMPDEST DUP4 DUP2 LT ISZERO PUSH2 0x402 JUMPI DUP1 DUP3 ADD MLOAD DUP2 DUP5 ADD MSTORE PUSH1 0x20 DUP2 ADD SWAP1 POP PUSH2 0x3E7 JUMP JUMPDEST POP POP POP POP SWAP1 POP SWAP1 DUP2 ADD SWAP1 PUSH1 0x1F AND DUP1 ISZERO PUSH2 0x42F JUMPI DUP1 DUP3 SUB DUP1 MLOAD PUSH1 0x1 DUP4 PUSH1 0x20 SUB PUSH2 0x100 EXP SUB NOT AND DUP2 MSTORE PUSH1 0x20 ADD SWAP2 POP JUMPDEST POP SWAP3 POP POP POP PUSH1 0x40 MLOAD DUP1 SWAP2 SUB SWAP1 RETURN JUMPDEST CALLVALUE ISZERO PUSH2 0x448 JUMPI PUSH1 0x0 DUP1 REVERT JUMPDEST PUSH2 0x47D PUSH1 0x4 DUP1 DUP1 CALLDATALOAD PUSH20 0xFFFFFFFFFFFFFFFFFFFFFFFFFFFFFFFFFFFFFFFF AND SWAP1 PUSH1 0x20 ADD SWAP1 SWAP2 SWAP1 DUP1 CALLDATALOAD SWAP1 PUSH1 0x20 ADD SWAP1 SWAP2 SWAP1 POP POP PUSH2 0xBF5 JUMP JUMPDEST PUSH1 0x40 MLOAD DUP1 DUP3 ISZERO ISZERO ISZERO ISZERO DUP2 MSTORE PUSH1 0x20 ADD SWAP2 POP POP PUSH1 0x40 MLOAD DUP1 SWAP2 SUB SWAP1 RETURN JUMPDEST CALLVALUE ISZERO PUSH2 0x4A2 JUMPI PUSH1 0x0 DUP1 REVERT JUMPDEST PUSH2 0x4ED PUSH1 0x4 DUP1 DUP1 CALLDATALOAD PUSH20 0xFFFFFFFFFFFFFFFFFFFFFFFFFFFFFFFFFFFFFFFF AND SWAP1 PUSH1 0x20 ADD SWAP1 SWAP2 SWAP1 DUP1 CALLDATALOAD PUSH20 0xFFFFFFFFFFFFFFFFFFFFFFFFFFFFFFFFFFFFFFFF AND SWAP1 PUSH1 0x20 ADD SWAP1 SWAP2 SWAP1 POP POP PUSH2 0xD4E JUMP JUMPDEST PUSH1 0x40 MLOAD DUP1 DUP3 DUP2 MSTORE PUSH1 0x20 ADD SWAP2 POP POP PUSH1 0x40 MLOAD DUP1 SWAP2 SUB SWAP1 RETURN JUMPDEST PUSH1 0x1 DUP1 SLOAD PUSH1 0x1 DUP2 PUSH1 0x1 AND ISZERO PUSH2 0x100 MUL SUB AND PUSH1 0x2 SWAP1 DIV DUP1 PUSH1 0x1F ADD PUSH1 0x20 DUP1 SWAP2 DIV MUL PUSH1 0x20 ADD PUSH1 0x40 MLOAD SWAP1 DUP2 ADD PUSH1 0x40 MSTORE DUP1 SWAP3 SWAP2 SWAP1 DUP2 DUP2 MSTORE PUSH1 0x20 ADD DUP3 DUP1 SLOAD PUSH1 0x1 DUP2 PUSH1 0x1 AND ISZERO PUSH2 0x100 MUL SUB AND PUSH1 0x2 SWAP1 DIV DUP1 ISZERO PUSH2 0x599 JUMPI DUP1 PUSH1 0x1F LT PUSH2 0x56E JUMPI PUSH2 0x100 DUP1 DUP4 SLOAD DIV MUL DUP4 MSTORE SWAP2 PUSH1 0x20 ADD SWAP2 PUSH2 0x599 JUMP JUMPDEST DUP3 ADD SWAP2 SWAP1 PUSH1 0x0 MSTORE PUSH1 0x20 PUSH1 0x0 KECCAK256 SWAP1 JUMPDEST DUP2 SLOAD DUP2 MSTORE SWAP1 PUSH1 0x1 ADD SWAP1 PUSH1 0x20 ADD DUP1 DUP4 GT PUSH2 0x57C JUMPI DUP3 SWAP1 SUB PUSH1 0x1F AND DUP3 ADD SWAP2 JUMPDEST POP POP POP POP POP DUP2 JUMP JUMPDEST PUSH1 0x0 DUP2 PUSH1 0x6 PUSH1 0x0 CALLER PUSH20 0xFFFFFFFFFFFFFFFFFFFFFFFFFFFFFFFFFFFFFFFF AND PUSH20 0xFFFFFFFFFFFFFFFFFFFFFFFFFFFFFFFFFFFFFFFF AND DUP2 MSTORE PUSH1 0x20 ADD SWAP1 DUP2 MSTORE PUSH1 0x20 ADD PUSH1 0x0 KECCAK256 PUSH1 0x0 DUP6 PUSH20 0xFFFFFFFFFFFFFFFFFFFFFFFFFFFFFFFFFFFFFFFF AND PUSH20 0xFFFFFFFFFFFFFFFFFFFFFFFFFFFFFFFFFFFFFFFF AND DUP2 MSTORE PUSH1 0x20 ADD SWAP1 DUP2 MSTORE PUSH1 0x20 ADD PUSH1 0x0 KECCAK256 DUP2 SWAP1 SSTORE POP PUSH1 0x1 SWAP1 POP SWAP3 SWAP2 POP POP JUMP JUMPDEST PUSH1 0x4 SLOAD DUP2 JUMP JUMPDEST PUSH1 0x0 DUP2 PUSH1 0x5 PUSH1 0x0 DUP7 PUSH20 0xFFFFFFFFFFFFFFFFFFFFFFFFFFFFFFFFFFFFFFFF AND PUSH20 0xFFFFFFFFFFFFFFFFFFFFFFFFFFFFFFFFFFFFFFFF AND DUP2 MSTORE PUSH1 0x20 ADD SWAP1 DUP2 MSTORE PUSH1 0x20 ADD PUSH1 0x0 KECCAK256 SLOAD LT ISZERO ISZERO ISZERO PUSH2 0x684 JUMPI PUSH1 0x0 DUP1 REVERT JUMPDEST DUP2 PUSH1 0x6 PUSH1 0x0 DUP7 PUSH20 0xFFFFFFFFFFFFFFFFFFFFFFFFFFFFFFFFFFFFFFFF AND PUSH20 0xFFFFFFFFFFFFFFFFFFFFFFFFFFFFFFFFFFFFFFFF AND DUP2 MSTORE PUSH1 0x20 ADD SWAP1 DUP2 MSTORE PUSH1 0x20 ADD PUSH1 0x0 KECCAK256 PUSH1 0x0 CALLER PUSH20 0xFFFFFFFFFFFFFFFFFFFFFFFFFFFFFFFFFFFFFFFF AND PUSH20 0xFFFFFFFFFFFFFFFFFFFFFFFFFFFFFFFFFFFFFFFF AND DUP2 MSTORE PUSH1 0x20 ADD SWAP1 DUP2 MSTORE PUSH1 0x20 ADD PUSH1 0x0 KECCAK256 SLOAD LT ISZERO ISZERO ISZERO PUSH2 0x70F JUMPI PUSH1 0x0 DUP1 REVERT JUMPDEST DUP2 PUSH1 0x5 PUSH1 0x0 DUP7 PUSH20 0xFFFFFFFFFFFFFFFFFFFFFFFFFFFFFFFFFFFFFFFF AND PUSH20 0xFFFFFFFFFFFFFFFFFFFFFFFFFFFFFFFFFFFFFFFF AND DUP2 MSTORE PUSH1 0x20 ADD SWAP1 DUP2 MSTORE PUSH1 0x20 ADD PUSH1 0x0 KECCAK256 PUSH1 0x0 DUP3 DUP3 SLOAD SUB SWAP3 POP POP DUP2 SWAP1 SSTORE POP DUP2 PUSH1 0x5 PUSH1 0x0 DUP6 PUSH20 0xFFFFFFFFFFFFFFFFFFFFFFFFFFFFFFFFFFFFFFFF AND PUSH20 0xFFFFFFFFFFFFFFFFFFFFFFFFFFFFFFFFFFFFFFFF AND DUP2 MSTORE PUSH1 0x20 ADD SWAP1 DUP2 MSTORE PUSH1 0x20 ADD PUSH1 0x0 KECCAK256 PUSH1 0x0 DUP3 DUP3 SLOAD ADD SWAP3 POP POP DUP2 SWAP1 SSTORE POP DUP2 PUSH1 0x6 PUSH1 0x0 DUP7 PUSH20 0xFFFFFFFFFFFFFFFFFFFFFFFFFFFFFFFFFFFFFFFF AND PUSH20 0xFFFFFFFFFFFFFFFFFFFFFFFFFFFFFFFFFFFFFFFF AND DUP2 MSTORE PUSH1 0x20 ADD SWAP1 DUP2 MSTORE PUSH1 0x20 ADD PUSH1 0x0 KECCAK256 PUSH1 0x0 CALLER PUSH20 0xFFFFFFFFFFFFFFFFFFFFFFFFFFFFFFFFFFFFFFFF AND PUSH20 0xFFFFFFFFFFFFFFFFFFFFFFFFFFFFFFFFFFFFFFFF AND DUP2 MSTORE PUSH1 0x20 ADD SWAP1 DUP2 MSTORE PUSH1 0x20 ADD PUSH1 0x0 KECCAK256 PUSH1 0x0 DUP3 DUP3 SLOAD SUB SWAP3 POP POP DUP2 SWAP1 SSTORE POP DUP3 PUSH20 0xFFFFFFFFFFFFFFFFFFFFFFFFFFFFFFFFFFFFFFFF AND DUP5 PUSH20 0xFFFFFFFFFFFFFFFFFFFFFFFFFFFFFFFFFFFFFFFF AND PUSH32 0xDDF252AD1BE2C89B69C2B068FC378DAA952BA7F163C4A11628F55A4DF523B3EF DUP5 PUSH1 0x40 MLOAD DUP1 DUP3 DUP2 MSTORE PUSH1 0x20 ADD SWAP2 POP POP PUSH1 0x40 MLOAD DUP1 SWAP2 SUB SWAP1 LOG3 PUSH1 0x1 SWAP1 POP SWAP4 SWAP3 POP POP POP JUMP JUMPDEST PUSH1 0x3 PUSH1 0x0 SWAP1 SLOAD SWAP1 PUSH2 0x100 EXP SWAP1 DIV PUSH1 0xFF AND DUP2 JUMP JUMPDEST PUSH1 0x0 DUP2 PUSH1 0x5 PUSH1 0x0 CALLER PUSH20 0xFFFFFFFFFFFFFFFFFFFFFFFFFFFFFFFFFFFFFFFF AND PUSH20 0xFFFFFFFFFFFFFFFFFFFFFFFFFFFFFFFFFFFFFFFF AND DUP2 MSTORE PUSH1 0x20 ADD SWAP1 DUP2 MSTORE PUSH1 0x20 ADD PUSH1 0x0 KECCAK256 SLOAD LT ISZERO ISZERO ISZERO PUSH2 0x906 JUMPI PUSH1 0x0 DUP1 REVERT JUMPDEST DUP2 PUSH1 0x5 PUSH1 0x0 CALLER PUSH20 0xFFFFFFFFFFFFFFFFFFFFFFFFFFFFFFFFFFFFFFFF AND PUSH20 0xFFFFFFFFFFFFFFFFFFFFFFFFFFFFFFFFFFFFFFFF AND DUP2 MSTORE PUSH1 0x20 ADD SWAP1 DUP2 MSTORE PUSH1 0x20 ADD PUSH1 0x0 KECCAK256 PUSH1 0x0 DUP3 DUP3 SLOAD SUB SWAP3 POP POP DUP2 SWAP1 SSTORE POP DUP2 PUSH1 0x4 PUSH1 0x0 DUP3 DUP3 SLOAD SUB SWAP3 POP POP DUP2 SWAP1 SSTORE POP CALLER PUSH20 0xFFFFFFFFFFFFFFFFFFFFFFFFFFFFFFFFFFFFFFFF AND PUSH32 0xCC16F5DBB4873280815C1EE09DBD06736CFFCC184412CF7A71A0FDB75D397CA5 DUP4 PUSH1 0x40 MLOAD DUP1 DUP3 DUP2 MSTORE PUSH1 0x20 ADD SWAP2 POP POP PUSH1 0x40 MLOAD DUP1 SWAP2 SUB SWAP1 LOG2 PUSH1 0x1 SWAP1 POP SWAP2 SWAP1 POP JUMP JUMPDEST PUSH1 0x5 PUSH1 0x20 MSTORE DUP1 PUSH1 0x0 MSTORE PUSH1 0x40 PUSH1 0x0 KECCAK256 PUSH1 0x0 SWAP2 POP SWAP1 POP SLOAD DUP2 JUMP JUMPDEST PUSH1 0x0 DUP2 PUSH1 0x5 PUSH1 0x0 DUP6 PUSH20 0xFFFFFFFFFFFFFFFFFFFFFFFFFFFFFFFFFFFFFFFF AND PUSH20 0xFFFFFFFFFFFFFFFFFFFFFFFFFFFFFFFFFFFFFFFF AND DUP2 MSTORE PUSH1 0x20 ADD SWAP1 DUP2 MSTORE PUSH1 0x20 ADD PUSH1 0x0 KECCAK256 SLOAD LT ISZERO ISZERO ISZERO PUSH2 0xA22 JUMPI PUSH1 0x0 DUP1 REVERT JUMPDEST PUSH1 0x0 DUP1 SWAP1 SLOAD SWAP1 PUSH2 0x100 EXP SWAP1 DIV PUSH20 0xFFFFFFFFFFFFFFFFFFFFFFFFFFFFFFFFFFFFFFFF AND PUSH20 0xFFFFFFFFFFFFFFFFFFFFFFFFFFFFFFFFFFFFFFFF AND CALLER PUSH20 0xFFFFFFFFFFFFFFFFFFFFFFFFFFFFFFFFFFFFFFFF AND EQ ISZERO ISZERO PUSH2 0xA7D JUMPI PUSH1 0x0 DUP1 REVERT JUMPDEST DUP2 PUSH1 0x5 PUSH1 0x0 DUP6 PUSH20 0xFFFFFFFFFFFFFFFFFFFFFFFFFFFFFFFFFFFFFFFF AND PUSH20 0xFFFFFFFFFFFFFFFFFFFFFFFFFFFFFFFFFFFFFFFF AND DUP2 MSTORE PUSH1 0x20 ADD SWAP1 DUP2 MSTORE PUSH1 0x20 ADD PUSH1 0x0 KECCAK256 PUSH1 0x0 DUP3 DUP3 SLOAD SUB SWAP3 POP POP DUP2 SWAP1 SSTORE POP DUP2 PUSH1 0x4 PUSH1 0x0 DUP3 DUP3 SLOAD SUB SWAP3 POP POP DUP2 SWAP1 SSTORE POP DUP3 PUSH20 0xFFFFFFFFFFFFFFFFFFFFFFFFFFFFFFFFFFFFFFFF AND PUSH32 0xCC16F5DBB4873280815C1EE09DBD06736CFFCC184412CF7A71A0FDB75D397CA5 DUP4 PUSH1 0x40 MLOAD DUP1 DUP3 DUP2 MSTORE PUSH1 0x20 ADD SWAP2 POP POP PUSH1 0x40 MLOAD DUP1 SWAP2 SUB SWAP1 LOG2 PUSH1 0x1 SWAP1 POP SWAP3 SWAP2 POP POP JUMP JUMPDEST PUSH1 0x0 DUP1 SWAP1 SLOAD SWAP1 PUSH2 0x100 EXP SWAP1 DIV PUSH20 0xFFFFFFFFFFFFFFFFFFFFFFFFFFFFFFFFFFFFFFFF AND DUP2 JUMP JUMPDEST PUSH1 0x2 DUP1 SLOAD PUSH1 0x1 DUP2 PUSH1 0x1 AND ISZERO PUSH2 0x100 MUL SUB AND PUSH1 0x2 SWAP1 DIV DUP1 PUSH1 0x1F ADD PUSH1 0x20 DUP1 SWAP2 DIV MUL PUSH1 0x20 ADD PUSH1 0x40 MLOAD SWAP1 DUP2 ADD PUSH1 0x40 MSTORE DUP1 SWAP3 SWAP2 SWAP1 DUP2 DUP2 MSTORE PUSH1 0x20 ADD DUP3 DUP1 SLOAD PUSH1 0x1 DUP2 PUSH1 0x1 AND ISZERO PUSH2 0x100 MUL SUB AND PUSH1 0x2 SWAP1 DIV DUP1 ISZERO PUSH2 0xBED JUMPI DUP1 PUSH1 0x1F LT PUSH2 0xBC2 JUMPI PUSH2 0x100 DUP1 DUP4 SLOAD DIV MUL DUP4 MSTORE SWAP2 PUSH1 0x20 ADD SWAP2 PUSH2 0xBED JUMP JUMPDEST DUP3 ADD SWAP2 SWAP1 PUSH1 0x0 MSTORE PUSH1 0x20 PUSH1 0x0 KECCAK256 SWAP1 JUMPDEST DUP2 SLOAD DUP2 MSTORE SWAP1 PUSH1 0x1 ADD SWAP1 PUSH1 0x20 ADD DUP1 DUP4 GT PUSH2 0xBD0 JUMPI DUP3 SWAP1 SUB PUSH1 0x1F AND DUP3 ADD SWAP2 JUMPDEST POP POP POP POP POP DUP2 JUMP JUMPDEST PUSH1 0x0 DUP2 PUSH1 0x5 PUSH1 0x0 CALLER PUSH20 0xFFFFFFFFFFFFFFFFFFFFFFFFFFFFFFFFFFFFFFFF AND PUSH20 0xFFFFFFFFFFFFFFFFFFFFFFFFFFFFFFFFFFFFFFFF AND DUP2 MSTORE PUSH1 0x20 ADD SWAP1 DUP2 MSTORE PUSH1 0x20 ADD PUSH1 0x0 KECCAK256 SLOAD LT ISZERO ISZERO ISZERO PUSH2 0xC45 JUMPI PUSH1 0x0 DUP1 REVERT JUMPDEST DUP2 PUSH1 0x5 PUSH1 0x0 CALLER PUSH20 0xFFFFFFFFFFFFFFFFFFFFFFFFFFFFFFFFFFFFFFFF AND PUSH20 0xFFFFFFFFFFFFFFFFFFFFFFFFFFFFFFFFFFFFFFFF AND DUP2 MSTORE PUSH1 0x20 ADD SWAP1 DUP2 MSTORE PUSH1 0x20 ADD PUSH1 0x0 KECCAK256 PUSH1 0x0 DUP3 DUP3 SLOAD SUB SWAP3 POP POP DUP2 SWAP1 SSTORE POP DUP2 PUSH1 0x5 PUSH1 0x0 DUP6 PUSH20 0xFFFFFFFFFFFFFFFFFFFFFFFFFFFFFFFFFFFFFFFF AND PUSH20 0xFFFFFFFFFFFFFFFFFFFFFFFFFFFFFFFFFFFFFFFF AND DUP2 MSTORE PUSH1 0x20 ADD SWAP1 DUP2 MSTORE PUSH1 0x20 ADD PUSH1 0x0 KECCAK256 PUSH1 0x0 DUP3 DUP3 SLOAD ADD SWAP3 POP POP DUP2 SWAP1 SSTORE POP DUP3 PUSH20 0xFFFFFFFFFFFFFFFFFFFFFFFFFFFFFFFFFFFFFFFF AND CALLER PUSH20 0xFFFFFFFFFFFFFFFFFFFFFFFFFFFFFFFFFFFFFFFF AND PUSH32 0xDDF252AD1BE2C89B69C2B068FC378DAA952BA7F163C4A11628F55A4DF523B3EF DUP5 PUSH1 0x40 MLOAD DUP1 DUP3 DUP2 MSTORE PUSH1 0x20 ADD SWAP2 POP POP PUSH1 0x40 MLOAD DUP1 SWAP2 SUB SWAP1 LOG3 PUSH1 0x1 SWAP1 POP SWAP3 SWAP2 POP POP JUMP JUMPDEST PUSH1 0x6 PUSH1 0x20 MSTORE DUP2 PUSH1 0x0 MSTORE PUSH1 0x40 PUSH1 0x0 KECCAK256 PUSH1 0x20 MSTORE DUP1 PUSH1 0x0 MSTORE PUSH1 0x40 PUSH1 0x0 KECCAK256 PUSH1 0x0 SWAP2 POP SWAP2 POP POP SLOAD DUP2 JUMP STOP LOG1 PUSH6 0x627A7A723058 KECCAK256 REVERT DUP13 CALLDATALOAD 0x4d PUSH31 0x63CEBE1D367E454B56FED51A3727997D837DD90CFB78C18E5F12CC00290000
1,PUSH1 0x60 PUSH1 0x40 MSTORE PUSH1 0x40 DUP1 MLOAD SWAP1 DUP2 ADD PUSH1 0x40 MSTORE DUP1 PUSH1 0x9 DUP2 MSTORE PUSH1 0x20 ADD PUSH32 0x546F6B656E20302E310000000000000000000000000000000000000000000000 DUP2 MSTORE POP PUSH1 0x1 SWAP1 DUP1 MLOAD SWAP1 PUSH1 0x20 ADD SWAP1 PUSH3 0x51 SWAP3 SWAP2 SWAP1 PUSH3 0x179 JUMP JUMPDEST POP CALLVALUE ISZERO PUSH3 0x5E JUMPI PUSH1 0x0 DUP1 REVERT JUMPDEST PUSH1 0x40 MLOAD PUSH3 0x177B CODESIZE SUB DUP1 PUSH3 0x177B DUP4 CODECOPY DUP2 ADD PUSH1 0x40 MSTORE DUP1 DUP1 MLOAD SWAP1 PUSH1 0x20 ADD SWAP1 SWAP2 SWAP1 DUP1 MLOAD DUP3 ADD SWAP2 SWAP1 PUSH1 0x20 ADD DUP1 MLOAD SWAP1 PUSH1 0x20 ADD SWAP1 SWAP2 SWAP1 DUP1 MLOAD DUP3 ADD SWAP2 SWAP1 POP POP CALLER PUSH1 0x0 DUP1 PUSH2 0x100 EXP DUP2 SLOAD DUP2 PUSH20 0xFFFFFFFFFFFFFFFFFFFFFFFFFFFFFFFFFFFFFFFF MUL NOT AND SWAP1 DUP4 PUSH20 0xFFFFFFFFFFFFFFFFFFFFFFFFFFFFFFFFFFFFFFFF AND MUL OR SWAP1 SSTORE POP DUP4 PUSH1 0x6 PUSH1 0x0 CALLER PUSH20 0xFFFFFFFFFFFFFFFFFFFFFFFFFFFFFFFFFFFFFFFF AND PUSH20 0xFFFFFFFFFFFFFFFFFFFFFFFFFFFFFFFFFFFFFFFF AND DUP2 MSTORE PUSH1 0x20 ADD SWAP1 DUP2 MSTORE PUSH1 0x20 ADD PUSH1 0x0 KECCAK256 DUP2 SWAP1 SSTORE POP DUP4 PUSH1 0x5 DUP2 SWAP1 SSTORE POP DUP3 PUSH1 0x2 SWAP1 DUP1 MLOAD SWAP1 PUSH1 0x20 ADD SWAP1 PUSH3 0x13A SWAP3 SWAP2 SWAP1 PUSH3 0x179 JUMP JUMPDEST POP DUP1 PUSH1 0x3 SWAP1 DUP1 MLOAD SWAP1 PUSH1 0x20 ADD SWAP1 PUSH3 0x153 SWAP3 SWAP2 SWAP1 PUSH3 0x179 JUMP JUMPDEST POP DUP2 PUSH1 0x4 PUSH1 0x0 PUSH2 0x100 EXP DUP2 SLOAD DUP2 PUSH1 0xFF MUL NOT AND SWAP1 DUP4 PUSH1 0xFF AND MUL OR SWAP1 SSTORE POP POP POP POP POP PUSH3 0x228 JUMP JUMPDEST DUP3 DUP1 SLOAD PUSH1 0x1 DUP2 PUSH1 0x1 AND ISZERO PUSH2 0x100 MUL SUB AND PUSH1 0x2 SWAP1 DIV SWAP1 PUSH1 0x0 MSTORE PUSH1 0x20 PUSH1 0x0 KECCAK256 SWAP1 PUSH1 0x1F ADD PUSH1 0x20 SWAP1 DIV DUP2 ADD SWAP3 DUP3 PUSH1 0x1F LT PUSH3 0x1BC JUMPI DUP1 MLOAD PUSH1 0xFF NOT AND DUP4 DUP1 ADD OR DUP6 SSTORE PUSH3 0x1ED JUMP JUMPDEST DUP3 DUP1 ADD PUSH1 0x1 ADD DUP6 SSTORE DUP3 ISZERO PUSH3 0x1ED JUMPI SWAP2 DUP3 ADD JUMPDEST DUP3 DUP2 GT ISZERO PUSH3 0x1EC JUMPI DUP3 MLOAD DUP3 SSTORE SWAP2 PUSH1 0x20 ADD SWAP2 SWAP1 PUSH1 0x1 ADD SWAP1 PUSH3 0x1CF JUMP JUMPDEST JUMPDEST POP SWAP1 POP PUSH3 0x1FC SWAP2 SWAP1 PUSH3 0x200 JUMP JUMPDEST POP SWAP1 JUMP JUMPDEST PUSH3 0x225 SWAP2 SWAP1 JUMPDEST DUP1 DUP3 GT ISZERO PUSH3 0x221 JUMPI PUSH1 0x0 DUP2 PUSH1 0x0 SWAP1 SSTORE POP PUSH1 0x1 ADD PUSH3 0x207 JUMP JUMPDEST POP SWAP1 JUMP JUMPDEST SWAP1 JUMP JUMPDEST PUSH2 0x1543 DUP1 PUSH3 0x238 PUSH1 0x0 CODECOPY PUSH1 0x0 RETURN STOP PUSH1 0x60 PUSH1 0x40 MSTORE PUSH1 0x4 CALLDATASIZE LT PUSH2 0xE6 JUMPI PUSH1 0x0 CALLDATALOAD PUSH29 0x100000000000000000000000000000000000000000000000000000000 SWAP1 DIV PUSH4 0xFFFFFFFF AND DUP1 PUSH4 0x6FDDE03 EQ PUSH2 0xEB JUMPI DUP1 PUSH4 0x95EA7B3 EQ PUSH2 0x179 JUMPI DUP1 PUSH4 0x18160DDD EQ PUSH2 0x1D3 JUMPI DUP1 PUSH4 0x23B872DD EQ PUSH2 0x1FC JUMPI DUP1 PUSH4 0x313CE567 EQ PUSH2 0x275 JUMPI DUP1 PUSH4 0x42966C68 EQ PUSH2 0x2A4 JUMPI DUP1 PUSH4 0x5A3B7E42 EQ PUSH2 0x2DF JUMPI DUP1 PUSH4 0x70A08231 EQ PUSH2 0x36D JUMPI DUP1 PUSH4 0x79C65068 EQ PUSH2 0x3BA JUMPI DUP1 PUSH4 0x79CC6790 EQ PUSH2 0x3FC JUMPI DUP1 PUSH4 0x8DA5CB5B EQ PUSH2 0x456 JUMPI DUP1 PUSH4 0x95D89B41 EQ PUSH2 0x4AB JUMPI DUP1 PUSH4 0xA9059CBB EQ PUSH2 0x539 JUMPI DUP1 PUSH4 0xCAE9CA51 EQ PUSH2 0x57B JUMPI DUP1 PUSH4 0xDD62ED3E EQ PUSH2 0x618 JUMPI DUP1 PUSH4 0xF2FDE38B EQ PUSH2 0x684 JUMPI JUMPDEST PUSH1 0x0 DUP1 REVERT JUMPDEST CALLVALUE ISZERO PUSH2 0xF6 JUMPI PUSH1 0x0 DUP1 REVERT JUMPDEST PUSH2 0xFE PUSH2 0x6BD JUMP JUMPDEST PUSH1 0x40 MLOAD DUP1 DUP1 PUSH1 0x20 ADD DUP3 DUP2 SUB DUP3 MSTORE DUP4 DUP2 DUP2 MLOAD DUP2 MSTORE PUSH1 0x20 ADD SWAP2 POP DUP1 MLOAD SWAP1 PUSH1 0x20 ADD SWAP1 DUP1 DUP4 DUP4 PUSH1 0x0 JUMPDEST DUP4 DUP2 LT ISZERO PUSH2 0x13E JUMPI DUP1 DUP3 ADD MLOAD DUP2 DUP5 ADD MSTORE PUSH1 0x20 DUP2 ADD SWAP1 POP PUSH2 0x123 JUMP JUMPDEST POP POP POP POP SWAP1 POP SWAP1 DUP2 ADD SWAP1 PUSH1 0x1F AND DUP1 ISZERO PUSH2 0x16B JUMPI DUP1 DUP3 SUB DUP1 MLOAD PUSH1 0x1 DUP4 PUSH1 0x20 SUB PUSH2 0x100 EXP SUB NOT AND DUP2 MSTORE PUSH1 0x20 ADD SWAP2 POP JUMPDEST POP SWAP3 POP POP POP PUSH1 0x40 MLOAD DUP1 SWAP2 SUB SWAP1 RETURN JUMPDEST CALLVALUE ISZERO PUSH2 0x184 JUMPI PUSH1 0x0 DUP1 REVERT JUMPDEST PUSH2 0x1B9 PUSH1 0x4 DUP1 DUP1 CALLDATALOAD PUSH20 0xFFFFFFFFFFFFFFFFFFFFFFFFFFFFFFFFFFFFFFFF AND SWAP1 PUSH1 0x20 ADD SWAP1 SWAP2 SWAP1 DUP1 CALLDATALOAD SWAP1 PUSH1 0x20 ADD SWAP1 SWAP2 SWAP1 POP POP PUSH2 0x75B JUMP JUMPDEST PUSH1 0x40 MLOAD DUP1 DUP3 ISZERO ISZERO ISZERO ISZERO DUP2 MSTORE PUSH1 0x20 ADD SWAP2 POP POP PUSH1 0x40 MLOAD DUP1 SWAP2 SUB SWAP1 RETURN JUMPDEST CALLVALUE ISZERO PUSH2 0x1DE JUMPI PUSH1 0x0 DUP1 REVERT JUMPDEST PUSH2 0x1E6 PUSH2 0x7E8 JUMP JUMPDEST PUSH1 0x40 MLOAD DUP1 DUP3 DUP2 MSTORE PUSH1 0x20 ADD SWAP2 POP POP PUSH1 0x40 MLOAD DUP1 SWAP2 SUB SWAP1 RETURN JUMPDEST CALLVALUE ISZERO PUSH2 0x207 JUMPI PUSH1 0x0 DUP1 REVERT JUMPDEST PUSH2 0x25B PUSH1 0x4 DUP1 DUP1 CALLDATALOAD PUSH20 0xFFFFFFFFFFFFFFFFFFFFFFFFFFFFFFFFFFFFFFFF AND SWAP1 PUSH1 0x20 ADD SWAP1 SWAP2 SWAP1 DUP1 CALLDATALOAD PUSH20 0xFFFFFFFFFFFFFFFFFFFFFFFFFFFFFFFFFFFFFFFF AND SWAP1 PUSH1 0x20 ADD SWAP1 SWAP2 SWAP1 DUP1 CALLDATALOAD SWAP1 PUSH1 0x20 ADD SWAP1 SWAP2 SWAP1 POP POP PUSH2 0x7EE JUMP JUMPDEST PUSH1 0x40 MLOAD DUP1 DUP3 ISZERO ISZERO ISZERO ISZERO DUP2 MSTORE PUSH1 0x20 ADD SWAP2 POP POP PUSH1 0x40 MLOAD DUP1 SWAP2 SUB SWAP1 RETURN JUMPDEST CALLVALUE ISZERO PUSH2 0x280 JUMPI PUSH1 0x0 DUP1 REVERT JUMPDEST PUSH2 0x288 PUSH2 0xB09 JUMP JUMPDEST PUSH1 0x40 MLOAD DUP1 DUP3 PUSH1 0xFF AND PUSH1 0xFF AND DUP2 MSTORE PUSH1 0x20 ADD SWAP2 POP POP PUSH1 0x40 MLOAD DUP1 SWAP2 SUB SWAP1 RETURN JUMPDEST CALLVALUE ISZERO PUSH2 0x2AF JUMPI PUSH1 0x0 DUP1 REVERT JUMPDEST PUSH2 0x2C5 PUSH1 0x4 DUP1 DUP1 CALLDATALOAD SWAP1 PUSH1 0x20 ADD SWAP1 SWAP2 SWAP1 POP POP PUSH2 0xB1C JUMP JUMPDEST PUSH1 0x40 MLOAD DUP1 DUP3 ISZERO ISZERO ISZERO ISZERO DUP2 MSTORE PUSH1 0x20 ADD SWAP2 POP POP PUSH1 0x40 MLOAD DUP1 SWAP2 SUB SWAP1 RETURN JUMPDEST CALLVALUE ISZERO PUSH2 0x2EA JUMPI PUSH1 0x0 DUP1 REVERT JUMPDEST PUSH2 0x2F2 PUSH2 0xC1E JUMP JUMPDEST PUSH1 0x40 MLOAD DUP1 DUP1 PUSH1 0x20 ADD DUP3 DUP2 SUB DUP3 MSTORE DUP4 DUP2 DUP2 MLOAD DUP2 MSTORE PUSH1 0x20 ADD SWAP2 POP DUP1 MLOAD SWAP1 PUSH1 0x20 ADD SWAP1 DUP1 DUP4 DUP4 PUSH1 0x0 JUMPDEST DUP4 DUP2 LT ISZERO PUSH2 0x332 JUMPI DUP1 DUP3 ADD MLOAD DUP2 DUP5 ADD MSTORE PUSH1 0x20 DUP2 ADD SWAP1 POP PUSH2 0x317 JUMP JUMPDEST POP POP POP POP SWAP1 POP SWAP1 DUP2 ADD SWAP1 PUSH1 0x1F AND DUP1 ISZERO PUSH2 0x35F JUMPI DUP1 DUP3 SUB DUP1 MLOAD PUSH1 0x1 DUP4 PUSH1 0x20 SUB PUSH2 0x100 EXP SUB NOT AND DUP2 MSTORE PUSH1 0x20 ADD SWAP2 POP JUMPDEST POP SWAP3 POP POP POP PUSH1 0x40 MLOAD DUP1 SWAP2 SUB SWAP1 RETURN JUMPDEST CALLVALUE ISZERO PUSH2 0x378 JUMPI PUSH1 0x0 DUP1 REVERT JUMPDEST PUSH2 0x3A4 PUSH1 0x4 DUP1 DUP1 CALLDATALOAD PUSH20 0xFFFFFFFFFFFFFFFFFFFFFFFFFFFFFFFFFFFFFFFF AND SWAP1 PUSH1 0x20 ADD SWAP1 SWAP2 SWAP1 POP POP PUSH2 0xCBC JUMP JUMPDEST PUSH1 0x40 MLOAD DUP1 DUP3 DUP2 MSTORE PUSH1 0x20 ADD SWAP2 POP POP PUSH1 0x40 MLOAD DUP1 SWAP2 SUB SWAP1 RETURN JUMPDEST CALLVALUE ISZERO PUSH2 0x3C5 JUMPI PUSH1 0x0 DUP1 REVERT JUMPDEST PUSH2 0x3FA PUSH1 0x4 DUP1 DUP1 CALLDATALOAD PUSH20 0xFFFFFFFFFFFFFFFFFFFFFFFFFFFFFFFFFFFFFFFF AND SWAP1 PUSH1 0x20 ADD SWAP1 SWAP2 SWAP1 DUP1 CALLDATALOAD SWAP1 PUSH1 0x20 ADD SWAP1 SWAP2 SWAP1 POP POP PUSH2 0xCD4 JUMP JUMPDEST STOP JUMPDEST CALLVALUE ISZERO PUSH2 0x407 JUMPI PUSH1 0x0 DUP1 REVERT JUMPDEST PUSH2 0x43C PUSH1 0x4 DUP1 DUP1 CALLDATALOAD PUSH20 0xFFFFFFFFFFFFFFFFFFFFFFFFFFFFFFFFFFFFFFFF AND SWAP1 PUSH1 0x20 ADD SWAP1 SWAP2 SWAP1 DUP1 CALLDATALOAD SWAP1 PUSH1 0x20 ADD SWAP1 SWAP2 SWAP1 POP POP PUSH2 0xE87 JUMP JUMPDEST PUSH1 0x40 MLOAD DUP1 DUP3 ISZERO ISZERO ISZERO ISZERO DUP2 MSTORE PUSH1 0x20 ADD SWAP2 POP POP PUSH1 0x40 MLOAD DUP1 SWAP2 SUB SWAP1 RETURN JUMPDEST CALLVALUE ISZERO PUSH2 0x461 JUMPI PUSH1 0x0 DUP1 REVERT JUMPDEST PUSH2 0x469 PUSH2 0x1013 JUMP JUMPDEST PUSH1 0x40 MLOAD DUP1 DUP3 PUSH20 0xFFFFFFFFFFFFFFFFFFFFFFFFFFFFFFFFFFFFFFFF AND PUSH20 0xFFFFFFFFFFFFFFFFFFFFFFFFFFFFFFFFFFFFFFFF AND DUP2 MSTORE PUSH1 0x20 ADD SWAP2 POP POP PUSH1 0x40 MLOAD DUP1 SWAP2 SUB SWAP1 RETURN JUMPDEST CALLVALUE ISZERO PUSH2 0x4B6 JUMPI PUSH1 0x0 DUP1 REVERT JUMPDEST PUSH2 0x4BE PUSH2 0x1038 JUMP JUMPDEST PUSH1 0x40 MLOAD DUP1 DUP1 PUSH1 0x20 ADD DUP3 DUP2 SUB DUP3 MSTORE DUP4 DUP2 DUP2 MLOAD DUP2 MSTORE PUSH1 0x20 ADD SWAP2 POP DUP1 MLOAD SWAP1 PUSH1 0x20 ADD SWAP1 DUP1 DUP4 DUP4 PUSH1 0x0 JUMPDEST DUP4 DUP2 LT ISZERO PUSH2 0x4FE JUMPI DUP1 DUP3 ADD MLOAD DUP2 DUP5 ADD MSTORE PUSH1 0x20 DUP2 ADD SWAP1 POP PUSH2 0x4E3 JUMP JUMPDEST POP POP POP POP SWAP1 POP SWAP1 DUP2 ADD SWAP1 PUSH1 0x1F AND DUP1 ISZERO PUSH2 0x52B JUMPI DUP1 DUP3 SUB DUP1 MLOAD PUSH1 0x1 DUP4 PUSH1 0x20 SUB PUSH2 0x100 EXP SUB NOT AND DUP2 MSTORE PUSH1 0x20 ADD SWAP2 POP JUMPDEST POP SWAP3 POP POP POP PUSH1 0x40 MLOAD DUP1 SWAP2 SUB SWAP1 RETURN JUMPDEST CALLVALUE ISZERO PUSH2 0x544 JUMPI PUSH1 0x0 DUP1 REVERT JUMPDEST PUSH2 0x579 PUSH1 0x4 DUP1 DUP1 CALLDATALOAD PUSH20 0xFFFFFFFFFFFFFFFFFFFFFFFFFFFFFFFFFFFFFFFF AND SWAP1 PUSH1 0x20 ADD SWAP1 SWAP2 SWAP1 DUP1 CALLDATALOAD SWAP1 PUSH1 0x20 ADD SWAP1 SWAP2 SWAP1 POP POP PUSH2 0x10D6 JUMP JUMPDEST STOP JUMPDEST CALLVALUE ISZERO PUSH2 0x586 JUMPI PUSH1 0x0 DUP1 REVERT JUMPDEST PUSH2 0x5FE PUSH1 0x4 DUP1 DUP1 CALLDATALOAD PUSH20 0xFFFFFFFFFFFFFFFFFFFFFFFFFFFFFFFFFFFFFFFF AND SWAP1 PUSH1 0x20 ADD SWAP1 SWAP2 SWAP1 DUP1 CALLDATALOAD SWAP1 PUSH1 0x20 ADD SWAP1 SWAP2 SWAP1 DUP1 CALLDATALOAD SWAP1 PUSH1 0x20 ADD SWAP1 DUP3 ADD DUP1 CALLDATALOAD SWAP1 PUSH1 0x20 ADD SWAP1 DUP1 DUP1 PUSH1 0x1F ADD PUSH1 0x20 DUP1 SWAP2 DIV MUL PUSH1 0x20 ADD PUSH1 0x40 MLOAD SWAP1 DUP2 ADD PUSH1 0x40 MSTORE DUP1 SWAP4 SWAP3 SWAP2 SWAP1 DUP2 DUP2 MSTORE PUSH1 0x20 ADD DUP4 DUP4 DUP1 DUP3 DUP5 CALLDATACOPY DUP3 ADD SWAP2 POP POP POP POP POP POP SWAP2 SWAP1 POP POP PUSH2 0x12D6 JUMP JUMPDEST PUSH1 0x40 MLOAD DUP1 DUP3 ISZERO ISZERO ISZERO ISZERO DUP2 MSTORE PUSH1 0x20 ADD SWAP2 POP POP PUSH1 0x40 MLOAD DUP1 SWAP2 SUB SWAP1 RETURN JUMPDEST CALLVALUE ISZERO PUSH2 0x623 JUMPI PUSH1 0x0 DUP1 REVERT JUMPDEST PUSH2 0x66E PUSH1 0x4 DUP1 DUP1 CALLDATALOAD PUSH20 0xFFFFFFFFFFFFFFFFFFFFFFFFFFFFFFFFFFFFFFFF AND SWAP1 PUSH1 0x20 ADD SWAP1 SWAP2 SWAP1 DUP1 CALLDATALOAD PUSH20 0xFFFFFFFFFFFFFFFFFFFFFFFFFFFFFFFFFFFFFFFF AND SWAP1 PUSH1 0x20 ADD SWAP1 SWAP2 SWAP1 POP POP PUSH2 0x1454 JUMP JUMPDEST PUSH1 0x40 MLOAD DUP1 DUP3 DUP2 MSTORE PUSH1 0x20 ADD SWAP2 POP POP PUSH1 0x40 MLOAD DUP1 SWAP2 SUB SWAP1 RETURN JUMPDEST CALLVALUE ISZERO PUSH2 0x68F JUMPI PUSH1 0x0 DUP1 REVERT JUMPDEST PUSH2 0x6BB PUSH1 0x4 DUP1 DUP1 CALLDATALOAD PUSH20 0xFFFFFFFFFFFFFFFFFFFFFFFFFFFFFFFFFFFFFFFF AND SWAP1 PUSH1 0x20 ADD SWAP1 SWAP2 SWAP1 POP POP PUSH2 0x1479 JUMP JUMPDEST STOP JUMPDEST PUSH1 0x2 DUP1 SLOAD PUSH1 0x1 DUP2 PUSH1 0x1 AND ISZERO PUSH2 0x100 MUL SUB AND PUSH1 0x2 SWAP1 DIV DUP1 PUSH1 0x1F ADD PUSH1 0x20 DUP1 SWAP2 DIV MUL PUSH1 0x20 ADD PUSH1 0x40 MLOAD SWAP1 DUP2 ADD PUSH1 0x40 MSTORE DUP1 SWAP3 SWAP2 SWAP1 DUP2 DUP2 MSTORE PUSH1 0x20 ADD DUP3 DUP1 SLOAD PUSH1 0x1 DUP2 PUSH1 0x1 AND ISZERO PUSH2 0x100 MUL SUB AND PUSH1 0x2 SWAP1 DIV DUP1 ISZERO PUSH2 0x753 JUMPI DUP1 PUSH1 0x1F LT PUSH2 0x728 JUMPI PUSH2 0x100 DUP1 DUP4 SLOAD DIV MUL DUP4 MSTORE SWAP2 PUSH1 0x20 ADD SWAP2 PUSH2 0x753 JUMP JUMPDEST DUP3 ADD SWAP2 SWAP1 PUSH1 0x0 MSTORE PUSH1 0x20 PUSH1 0x0 KECCAK256 SWAP1 JUMPDEST DUP2 SLOAD DUP2 MSTORE SWAP1 PUSH1 0x1 ADD SWAP1 PUSH1 0x20 ADD DUP1 DUP4 GT PUSH2 0x736 JUMPI DUP3 SWAP1 SUB PUSH1 0x1F AND DUP3 ADD SWAP2 JUMPDEST POP POP POP POP POP DUP2 JUMP JUMPDEST PUSH1 0x0 DUP2 PUSH1 0x7 PUSH1 0x0 CALLER PUSH20 0xFFFFFFFFFFFFFFFFFFFFFFFFFFFFFFFFFFFFFFFF AND PUSH20 0xFFFFFFFFFFFFFFFFFFFFFFFFFFFFFFFFFFFFFFFF AND DUP2 MSTORE PUSH1 0x20 ADD SWAP1 DUP2 MSTORE PUSH1 0x20 ADD PUSH1 0x0 KECCAK256 PUSH1 0x0 DUP6 PUSH20 0xFFFFFFFFFFFFFFFFFFFFFFFFFFFFFFFFFFFFFFFF AND PUSH20 0xFFFFFFFFFFFFFFFFFFFFFFFFFFFFFFFFFFFFFFFF AND DUP2 MSTORE PUSH1 0x20 ADD SWAP1 DUP2 MSTORE PUSH1 0x20 ADD PUSH1 0x0 KECCAK256 DUP2 SWAP1 SSTORE POP PUSH1 0x1 SWAP1 POP SWAP3 SWAP2 POP POP JUMP JUMPDEST PUSH1 0x5 SLOAD DUP2 JUMP JUMPDEST PUSH1 0x0 DUP1 DUP4 PUSH20 0xFFFFFFFFFFFFFFFFFFFFFFFFFFFFFFFFFFFFFFFF AND EQ ISZERO PUSH2 0x813 JUMPI PUSH1 0x0 DUP1 REVERT JUMPDEST DUP2 PUSH1 0x6 PUSH1 0x0 DUP7 PUSH20 0xFFFFFFFFFFFFFFFFFFFFFFFFFFFFFFFFFFFFFFFF AND PUSH20 0xFFFFFFFFFFFFFFFFFFFFFFFFFFFFFFFFFFFFFFFF AND DUP2 MSTORE PUSH1 0x20 ADD SWAP1 DUP2 MSTORE PUSH1 0x20 ADD PUSH1 0x0 KECCAK256 SLOAD LT ISZERO PUSH2 0x85F JUMPI PUSH1 0x0 DUP1 REVERT JUMPDEST PUSH1 0x6 PUSH1 0x0 DUP5 PUSH20 0xFFFFFFFFFFFFFFFFFFFFFFFFFFFFFFFFFFFFFFFF AND PUSH20 0xFFFFFFFFFFFFFFFFFFFFFFFFFFFFFFFFFFFFFFFF AND DUP2 MSTORE PUSH1 0x20 ADD SWAP1 DUP2 MSTORE PUSH1 0x20 ADD PUSH1 0x0 KECCAK256 SLOAD DUP3 PUSH1 0x6 PUSH1 0x0 DUP7 PUSH20 0xFFFFFFFFFFFFFFFFFFFFFFFFFFFFFFFFFFFFFFFF AND PUSH20 0xFFFFFFFFFFFFFFFFFFFFFFFFFFFFFFFFFFFFFFFF AND DUP2 MSTORE PUSH1 0x20 ADD SWAP1 DUP2 MSTORE PUSH1 0x20 ADD PUSH1 0x0 KECCAK256 SLOAD ADD LT ISZERO PUSH2 0x8EC JUMPI PUSH1 0x0 DUP1 REVERT JUMPDEST PUSH1 0x7 PUSH1 0x0 DUP6 PUSH20 0xFFFFFFFFFFFFFFFFFFFFFFFFFFFFFFFFFFFFFFFF AND PUSH20 0xFFFFFFFFFFFFFFFFFFFFFFFFFFFFFFFFFFFFFFFF AND DUP2 MSTORE PUSH1 0x20 ADD SWAP1 DUP2 MSTORE PUSH1 0x20 ADD PUSH1 0x0 KECCAK256 PUSH1 0x0 CALLER PUSH20 0xFFFFFFFFFFFFFFFFFFFFFFFFFFFFFFFFFFFFFFFF AND PUSH20 0xFFFFFFFFFFFFFFFFFFFFFFFFFFFFFFFFFFFFFFFF AND DUP2 MSTORE PUSH1 0x20 ADD SWAP1 DUP2 MSTORE PUSH1 0x20 ADD PUSH1 0x0 KECCAK256 SLOAD DUP3 GT ISZERO PUSH2 0x975 JUMPI PUSH1 0x0 DUP1 REVERT JUMPDEST DUP2 PUSH1 0x6 PUSH1 0x0 DUP7 PUSH20 0xFFFFFFFFFFFFFFFFFFFFFFFFFFFFFFFFFFFFFFFF AND PUSH20 0xFFFFFFFFFFFFFFFFFFFFFFFFFFFFFFFFFFFFFFFF AND DUP2 MSTORE PUSH1 0x20 ADD SWAP1 DUP2 MSTORE PUSH1 0x20 ADD PUSH1 0x0 KECCAK256 PUSH1 0x0 DUP3 DUP3 SLOAD SUB SWAP3 POP POP DUP2 SWAP1 SSTORE POP DUP2 PUSH1 0x6 PUSH1 0x0 DUP6 PUSH20 0xFFFFFFFFFFFFFFFFFFFFFFFFFFFFFFFFFFFFFFFF AND PUSH20 0xFFFFFFFFFFFFFFFFFFFFFFFFFFFFFFFFFFFFFFFF AND DUP2 MSTORE PUSH1 0x20 ADD SWAP1 DUP2 MSTORE PUSH1 0x20 ADD PUSH1 0x0 KECCAK256 PUSH1 0x0 DUP3 DUP3 SLOAD ADD SWAP3 POP POP DUP2 SWAP1 SSTORE POP DUP2 PUSH1 0x7 PUSH1 0x0 DUP7 PUSH20 0xFFFFFFFFFFFFFFFFFFFFFFFFFFFFFFFFFFFFFFFF AND PUSH20 0xFFFFFFFFFFFFFFFFFFFFFFFFFFFFFFFFFFFFFFFF AND DUP2 MSTORE PUSH1 0x20 ADD SWAP1 DUP2 MSTORE PUSH1 0x20 ADD PUSH1 0x0 KECCAK256 PUSH1 0x0 CALLER PUSH20 0xFFFFFFFFFFFFFFFFFFFFFFFFFFFFFFFFFFFFFFFF AND PUSH20 0xFFFFFFFFFFFFFFFFFFFFFFFFFFFFFFFFFFFFFFFF AND DUP2 MSTORE PUSH1 0x20 ADD SWAP1 DUP2 MSTORE PUSH1 0x20 ADD PUSH1 0x0 KECCAK256 PUSH1 0x0 DUP3 DUP3 SLOAD SUB SWAP3 POP POP DUP2 SWAP1 SSTORE POP DUP3 PUSH20 0xFFFFFFFFFFFFFFFFFFFFFFFFFFFFFFFFFFFFFFFF AND DUP5 PUSH20 0xFFFFFFFFFFFFFFFFFFFFFFFFFFFFFFFFFFFFFFFF AND PUSH32 0xDDF252AD1BE2C89B69C2B068FC378DAA952BA7F163C4A11628F55A4DF523B3EF DUP5 PUSH1 0x40 MLOAD DUP1 DUP3 DUP2 MSTORE PUSH1 0x20 ADD SWAP2 POP POP PUSH1 0x40 MLOAD DUP1 SWAP2 SUB SWAP1 LOG3 PUSH1 0x1 SWAP1 POP SWAP4 SWAP3 POP POP POP JUMP JUMPDEST PUSH1 0x4 PUSH1 0x0 SWAP1 SLOAD SWAP1 PUSH2 0x100 EXP SWAP1 DIV PUSH1 0xFF AND DUP2 JUMP JUMPDEST PUSH1 0x0 DUP2 PUSH1 0x6 PUSH1 0x0 CALLER PUSH20 0xFFFFFFFFFFFFFFFFFFFFFFFFFFFFFFFFFFFFFFFF AND PUSH20 0xFFFFFFFFFFFFFFFFFFFFFFFFFFFFFFFFFFFFFFFF AND DUP2 MSTORE PUSH1 0x20 ADD SWAP1 DUP2 MSTORE PUSH1 0x20 ADD PUSH1 0x0 KECCAK256 SLOAD LT ISZERO PUSH2 0xB6A JUMPI PUSH1 0x0 DUP1 REVERT JUMPDEST DUP2 PUSH1 0x6 PUSH1 0x0 CALLER PUSH20 0xFFFFFFFFFFFFFFFFFFFFFFFFFFFFFFFFFFFFFFFF AND PUSH20 0xFFFFFFFFFFFFFFFFFFFFFFFFFFFFFFFFFFFFFFFF AND DUP2 MSTORE PUSH1 0x20 ADD SWAP1 DUP2 MSTORE PUSH1 0x20 ADD PUSH1 0x0 KECCAK256 PUSH1 0x0 DUP3 DUP3 SLOAD SUB SWAP3 POP POP DUP2 SWAP1 SSTORE POP DUP2 PUSH1 0x5 PUSH1 0x0 DUP3 DUP3 SLOAD SUB SWAP3 POP POP DUP2 SWAP1 SSTORE POP CALLER PUSH20 0xFFFFFFFFFFFFFFFFFFFFFFFFFFFFFFFFFFFFFFFF AND PUSH32 0xCC16F5DBB4873280815C1EE09DBD06736CFFCC184412CF7A71A0FDB75D397CA5 DUP4 PUSH1 0x40 MLOAD DUP1 DUP3 DUP2 MSTORE PUSH1 0x20 ADD SWAP2 POP POP PUSH1 0x40 MLOAD DUP1 SWAP2 SUB SWAP1 LOG2 PUSH1 0x1 SWAP1 POP SWAP2 SWAP1 POP JUMP JUMPDEST PUSH1 0x1 DUP1 SLOAD PUSH1 0x1 DUP2 PUSH1 0x1 AND ISZERO PUSH2 0x100 MUL SUB AND PUSH1 0x2 SWAP1 DIV DUP1 PUSH1 0x1F ADD PUSH1 0x20 DUP1 SWAP2 DIV MUL PUSH1 0x20 ADD PUSH1 0x40 MLOAD SWAP1 DUP2 ADD PUSH1 0x40 MSTORE DUP1 SWAP3 SWAP2 SWAP1 DUP2 DUP2 MSTORE PUSH1 0x20 ADD DUP3 DUP1 SLOAD PUSH1 0x1 DUP2 PUSH1 0x1 AND ISZERO PUSH2 0x100 MUL SUB AND PUSH1 0x2 SWAP1 DIV DUP1 ISZERO PUSH2 0xCB4 JUMPI DUP1 PUSH1 0x1F LT PUSH2 0xC89 JUMPI PUSH2 0x100 DUP1 DUP4 SLOAD DIV MUL DUP4 MSTORE SWAP2 PUSH1 0x20 ADD SWAP2 PUSH2 0xCB4 JUMP JUMPDEST DUP3 ADD SWAP2 SWAP1 PUSH1 0x0 MSTORE PUSH1 0x20 PUSH1 0x0 KECCAK256 SWAP1 JUMPDEST DUP2 SLOAD DUP2 MSTORE SWAP1 PUSH1 0x1 ADD SWAP1 PUSH1 0x20 ADD DUP1 DUP4 GT PUSH2 0xC97 JUMPI DUP3 SWAP1 SUB PUSH1 0x1F AND DUP3 ADD SWAP2 JUMPDEST POP POP POP POP POP DUP2 JUMP JUMPDEST PUSH1 0x6 PUSH1 0x20 MSTORE DUP1 PUSH1 0x0 MSTORE PUSH1 0x40 PUSH1 0x0 KECCAK256 PUSH1 0x0 SWAP2 POP SWAP1 POP SLOAD DUP2 JUMP JUMPDEST PUSH1 0x0 DUP1 SWAP1 SLOAD SWAP1 PUSH2 0x100 EXP SWAP1 DIV PUSH20 0xFFFFFFFFFFFFFFFFFFFFFFFFFFFFFFFFFFFFFFFF AND PUSH20 0xFFFFFFFFFFFFFFFFFFFFFFFFFFFFFFFFFFFFFFFF AND CALLER PUSH20 0xFFFFFFFFFFFFFFFFFFFFFFFFFFFFFFFFFFFFFFFF AND EQ ISZERO ISZERO PUSH2 0xD2F JUMPI PUSH1 0x0 DUP1 REVERT JUMPDEST DUP1 PUSH1 0x6 PUSH1 0x0 DUP5 PUSH20 0xFFFFFFFFFFFFFFFFFFFFFFFFFFFFFFFFFFFFFFFF AND PUSH20 0xFFFFFFFFFFFFFFFFFFFFFFFFFFFFFFFFFFFFFFFF AND DUP2 MSTORE PUSH1 0x20 ADD SWAP1 DUP2 MSTORE PUSH1 0x20 ADD PUSH1 0x0 KECCAK256 PUSH1 0x0 DUP3 DUP3 SLOAD ADD SWAP3 POP POP DUP2 SWAP1 SSTORE POP DUP1 PUSH1 0x5 PUSH1 0x0 DUP3 DUP3 SLOAD ADD SWAP3 POP POP DUP2 SWAP1 SSTORE POP PUSH1 0x0 DUP1 SWAP1 SLOAD SWAP1 PUSH2 0x100 EXP SWAP1 DIV PUSH20 0xFFFFFFFFFFFFFFFFFFFFFFFFFFFFFFFFFFFFFFFF AND PUSH20 0xFFFFFFFFFFFFFFFFFFFFFFFFFFFFFFFFFFFFFFFF AND PUSH1 0x0 PUSH32 0xDDF252AD1BE2C89B69C2B068FC378DAA952BA7F163C4A11628F55A4DF523B3EF DUP4 PUSH1 0x40 MLOAD DUP1 DUP3 DUP2 MSTORE PUSH1 0x20 ADD SWAP2 POP POP PUSH1 0x40 MLOAD DUP1 SWAP2 SUB SWAP1 LOG3 DUP2 PUSH20 0xFFFFFFFFFFFFFFFFFFFFFFFFFFFFFFFFFFFFFFFF AND PUSH1 0x0 DUP1 SWAP1 SLOAD SWAP1 PUSH2 0x100 EXP SWAP1 DIV PUSH20 0xFFFFFFFFFFFFFFFFFFFFFFFFFFFFFFFFFFFFFFFF AND PUSH20 0xFFFFFFFFFFFFFFFFFFFFFFFFFFFFFFFFFFFFFFFF AND PUSH32 0xDDF252AD1BE2C89B69C2B068FC378DAA952BA7F163C4A11628F55A4DF523B3EF DUP4 PUSH1 0x40 MLOAD DUP1 DUP3 DUP2 MSTORE PUSH1 0x20 ADD SWAP2 POP POP PUSH1 0x40 MLOAD DUP1 SWAP2 SUB SWAP1 LOG3 POP POP JUMP JUMPDEST PUSH1 0x0 DUP2 PUSH1 0x6 PUSH1 0x0 DUP6 PUSH20 0xFFFFFFFFFFFFFFFFFFFFFFFFFFFFFFFFFFFFFFFF AND PUSH20 0xFFFFFFFFFFFFFFFFFFFFFFFFFFFFFFFFFFFFFFFF AND DUP2 MSTORE PUSH1 0x20 ADD SWAP1 DUP2 MSTORE PUSH1 0x20 ADD PUSH1 0x0 KECCAK256 SLOAD LT ISZERO PUSH2 0xED5 JUMPI PUSH1 0x0 DUP1 REVERT JUMPDEST PUSH1 0x7 PUSH1 0x0 DUP5 PUSH20 0xFFFFFFFFFFFFFFFFFFFFFFFFFFFFFFFFFFFFFFFF AND PUSH20 0xFFFFFFFFFFFFFFFFFFFFFFFFFFFFFFFFFFFFFFFF AND DUP2 MSTORE PUSH1 0x20 ADD SWAP1 DUP2 MSTORE PUSH1 0x20 ADD PUSH1 0x0 KECCAK256 PUSH1 0x0 CALLER PUSH20 0xFFFFFFFFFFFFFFFFFFFFFFFFFFFFFFFFFFFFFFFF AND PUSH20 0xFFFFFFFFFFFFFFFFFFFFFFFFFFFFFFFFFFFFFFFF AND DUP2 MSTORE PUSH1 0x20 ADD SWAP1 DUP2 MSTORE PUSH1 0x20 ADD PUSH1 0x0 KECCAK256 SLOAD DUP3 GT ISZERO PUSH2 0xF5E JUMPI PUSH1 0x0 DUP1 REVERT JUMPDEST DUP2 PUSH1 0x6 PUSH1 0x0 DUP6 PUSH20 0xFFFFFFFFFFFFFFFFFFFFFFFFFFFFFFFFFFFFFFFF AND PUSH20 0xFFFFFFFFFFFFFFFFFFFFFFFFFFFFFFFFFFFFFFFF AND DUP2 MSTORE PUSH1 0x20 ADD SWAP1 DUP2 MSTORE PUSH1 0x20 ADD PUSH1 0x0 KECCAK256 PUSH1 0x0 DUP3 DUP3 SLOAD SUB SWAP3 POP POP DUP2 SWAP1 SSTORE POP DUP2 PUSH1 0x5 PUSH1 0x0 DUP3 DUP3 SLOAD SUB SWAP3 POP POP DUP2 SWAP1 SSTORE POP DUP3 PUSH20 0xFFFFFFFFFFFFFFFFFFFFFFFFFFFFFFFFFFFFFFFF AND PUSH32 0xCC16F5DBB4873280815C1EE09DBD06736CFFCC184412CF7A71A0FDB75D397CA5 DUP4 PUSH1 0x40 MLOAD DUP1 DUP3 DUP2 MSTORE PUSH1 0x20 ADD SWAP2 POP POP PUSH1 0x40 MLOAD DUP1 SWAP2 SUB SWAP1 LOG2 PUSH1 0x1 SWAP1 POP SWAP3 SWAP2 POP POP JUMP JUMPDEST PUSH1 0x0 DUP1 SWAP1 SLOAD SWAP1 PUSH2 0x100 EXP SWAP1 DIV PUSH20 0xFFFFFFFFFFFFFFFFFFFFFFFFFFFFFFFFFFFFFFFF AND DUP2 JUMP JUMPDEST PUSH1 0x3 DUP1 SLOAD PUSH1 0x1 DUP2 PUSH1 0x1 AND ISZERO PUSH2 0x100 MUL SUB AND PUSH1 0x2 SWAP1 DIV DUP1 PUSH1 0x1F ADD PUSH1 0x20 DUP1 SWAP2 DIV MUL PUSH1 0x20 ADD PUSH1 0x40 MLOAD SWAP1 DUP2 ADD PUSH1 0x40 MSTORE DUP1 SWAP3 SWAP2 SWAP1 DUP2 DUP2 MSTORE PUSH1 0x20 ADD DUP3 DUP1 SLOAD PUSH1 0x1 DUP2 PUSH1 0x1 AND ISZERO PUSH2 0x100 MUL SUB AND PUSH1 0x2 SWAP1 DIV DUP1 ISZERO PUSH2 0x10CE JUMPI DUP1 PUSH1 0x1F LT PUSH2 0x10A3 JUMPI PUSH2 0x100 DUP1 DUP4 SLOAD DIV MUL DUP4 MSTORE SWAP2 PUSH1 0x20 ADD SWAP2 PUSH2 0x10CE JUMP JUMPDEST DUP3 ADD SWAP2 SWAP1 PUSH1 0x0 MSTORE PUSH1 0x20 PUSH1 0x0 KECCAK256 SWAP1 JUMPDEST DUP2 SLOAD DUP2 MSTORE SWAP1 PUSH1 0x1 ADD SWAP1 PUSH1 0x20 ADD DUP1 DUP4 GT PUSH2 0x10B1 JUMPI DUP3 SWAP1 SUB PUSH1 0x1F AND DUP3 ADD SWAP2 JUMPDEST POP POP POP POP POP DUP2 JUMP JUMPDEST PUSH1 0x0 DUP3 PUSH20 0xFFFFFFFFFFFFFFFFFFFFFFFFFFFFFFFFFFFFFFFF AND EQ ISZERO PUSH2 0x10FA JUMPI PUSH1 0x0 DUP1 REVERT JUMPDEST DUP1 PUSH1 0x6 PUSH1 0x0 CALLER PUSH20 0xFFFFFFFFFFFFFFFFFFFFFFFFFFFFFFFFFFFFFFFF AND PUSH20 0xFFFFFFFFFFFFFFFFFFFFFFFFFFFFFFFFFFFFFFFF AND DUP2 MSTORE PUSH1 0x20 ADD SWAP1 DUP2 MSTORE PUSH1 0x20 ADD PUSH1 0x0 KECCAK256 SLOAD LT ISZERO PUSH2 0x1146 JUMPI PUSH1 0x0 DUP1 REVERT JUMPDEST PUSH1 0x6 PUSH1 0x0 DUP4 PUSH20 0xFFFFFFFFFFFFFFFFFFFFFFFFFFFFFFFFFFFFFFFF AND PUSH20 0xFFFFFFFFFFFFFFFFFFFFFFFFFFFFFFFFFFFFFFFF AND DUP2 MSTORE PUSH1 0x20 ADD SWAP1 DUP2 MSTORE PUSH1 0x20 ADD PUSH1 0x0 KECCAK256 SLOAD DUP2 PUSH1 0x6 PUSH1 0x0 DUP6 PUSH20 0xFFFFFFFFFFFFFFFFFFFFFFFFFFFFFFFFFFFFFFFF AND PUSH20 0xFFFFFFFFFFFFFFFFFFFFFFFFFFFFFFFFFFFFFFFF AND DUP2 MSTORE PUSH1 0x20 ADD SWAP1 DUP2 MSTORE PUSH1 0x20 ADD PUSH1 0x0 KECCAK256 SLOAD ADD LT ISZERO PUSH2 0x11D3 JUMPI PUSH1 0x0 DUP1 REVERT JUMPDEST DUP1 PUSH1 0x6 PUSH1 0x0 CALLER PUSH20 0xFFFFFFFFFFFFFFFFFFFFFFFFFFFFFFFFFFFFFFFF AND PUSH20 0xFFFFFFFFFFFFFFFFFFFFFFFFFFFFFFFFFFFFFFFF AND DUP2 MSTORE PUSH1 0x20 ADD SWAP1 DUP2 MSTORE PUSH1 0x20 ADD PUSH1 0x0 KECCAK256 PUSH1 0x0 DUP3 DUP3 SLOAD SUB SWAP3 POP POP DUP2 SWAP1 SSTORE POP DUP1 PUSH1 0x6 PUSH1 0x0 DUP5 PUSH20 0xFFFFFFFFFFFFFFFFFFFFFFFFFFFFFFFFFFFFFFFF AND PUSH20 0xFFFFFFFFFFFFFFFFFFFFFFFFFFFFFFFFFFFFFFFF AND DUP2 MSTORE PUSH1 0x20 ADD SWAP1 DUP2 MSTORE PUSH1 0x20 ADD PUSH1 0x0 KECCAK256 PUSH1 0x0 DUP3 DUP3 SLOAD ADD SWAP3 POP POP DUP2 SWAP1 SSTORE POP DUP2 PUSH20 0xFFFFFFFFFFFFFFFFFFFFFFFFFFFFFFFFFFFFFFFF AND CALLER PUSH20 0xFFFFFFFFFFFFFFFFFFFFFFFFFFFFFFFFFFFFFFFF AND PUSH32 0xDDF252AD1BE2C89B69C2B068FC378DAA952BA7F163C4A11628F55A4DF523B3EF DUP4 PUSH1 0x40 MLOAD DUP1 DUP3 DUP2 MSTORE PUSH1 0x20 ADD SWAP2 POP POP PUSH1 0x40 MLOAD DUP1 SWAP2 SUB SWAP1 LOG3 POP POP JUMP JUMPDEST PUSH1 0x0 DUP1 DUP5 SWAP1 POP PUSH2 0x12E6 DUP6 DUP6 PUSH2 0x75B JUMP JUMPDEST ISZERO PUSH2 0x144B JUMPI DUP1 PUSH20 0xFFFFFFFFFFFFFFFFFFFFFFFFFFFFFFFFFFFFFFFF AND PUSH4 0x8F4FFCB1 CALLER DUP7 ADDRESS DUP8 PUSH1 0x40 MLOAD DUP6 PUSH4 0xFFFFFFFF AND PUSH29 0x100000000000000000000000000000000000000000000000000000000 MUL DUP2 MSTORE PUSH1 0x4 ADD DUP1 DUP6 PUSH20 0xFFFFFFFFFFFFFFFFFFFFFFFFFFFFFFFFFFFFFFFF AND PUSH20 0xFFFFFFFFFFFFFFFFFFFFFFFFFFFFFFFFFFFFFFFF AND DUP2 MSTORE PUSH1 0x20 ADD DUP5 DUP2 MSTORE PUSH1 0x20 ADD DUP4 PUSH20 0xFFFFFFFFFFFFFFFFFFFFFFFFFFFFFFFFFFFFFFFF AND PUSH20 0xFFFFFFFFFFFFFFFFFFFFFFFFFFFFFFFFFFFFFFFF AND DUP2 MSTORE PUSH1 0x20 ADD DUP1 PUSH1 0x20 ADD DUP3 DUP2 SUB DUP3 MSTORE DUP4 DUP2 DUP2 MLOAD DUP2 MSTORE PUSH1 0x20 ADD SWAP2 POP DUP1 MLOAD SWAP1 PUSH1 0x20 ADD SWAP1 DUP1 DUP4 DUP4 PUSH1 0x0 JUMPDEST DUP4 DUP2 LT ISZERO PUSH2 0x13E0 JUMPI DUP1 DUP3 ADD MLOAD DUP2 DUP5 ADD MSTORE PUSH1 0x20 DUP2 ADD SWAP1 POP PUSH2 0x13C5 JUMP JUMPDEST POP POP POP POP SWAP1 POP SWAP1 DUP2 ADD SWAP1 PUSH1 0x1F AND DUP1 ISZERO PUSH2 0x140D JUMPI DUP1 DUP3 SUB DUP1 MLOAD PUSH1 0x1 DUP4 PUSH1 0x20 SUB PUSH2 0x100 EXP SUB NOT AND DUP2 MSTORE PUSH1 0x20 ADD SWAP2 POP JUMPDEST POP SWAP6 POP POP POP POP POP POP PUSH1 0x0 PUSH1 0x40 MLOAD DUP1 DUP4 SUB DUP2 PUSH1 0x0 DUP8 DUP1 EXTCODESIZE ISZERO ISZERO PUSH2 0x142E JUMPI PUSH1 0x0 DUP1 REVERT JUMPDEST PUSH2 0x2C6 GAS SUB CALL ISZERO ISZERO PUSH2 0x143F JUMPI PUSH1 0x0 DUP1 REVERT JUMPDEST POP POP POP PUSH1 0x1 SWAP2 POP PUSH2 0x144C JUMP JUMPDEST JUMPDEST POP SWAP4 SWAP3 POP POP POP JUMP JUMPDEST PUSH1 0x7 PUSH1 0x20 MSTORE DUP2 PUSH1 0x0 MSTORE PUSH1 0x40 PUSH1 0x0 KECCAK256 PUSH1 0x20 MSTORE DUP1 PUSH1 0x0 MSTORE PUSH1 0x40 PUSH1 0x0 KECCAK256 PUSH1 0x0 SWAP2 POP SWAP2 POP POP SLOAD DUP2 JUMP JUMPDEST PUSH1 0x0 DUP1 SWAP1 SLOAD SWAP1 PUSH2 0x100 EXP SWAP1 DIV PUSH20 0xFFFFFFFFFFFFFFFFFFFFFFFFFFFFFFFFFFFFFFFF AND PUSH20 0xFFFFFFFFFFFFFFFFFFFFFFFFFFFFFFFFFFFFFFFF AND CALLER PUSH20 0xFFFFFFFFFFFFFFFFFFFFFFFFFFFFFFFFFFFFFFFF AND EQ ISZERO ISZERO PUSH2 0x14D4 JUMPI PUSH1 0x0 DUP1 REVERT JUMPDEST DUP1 PUSH1 0x0 DUP1 PUSH2 0x100 EXP DUP2 SLOAD DUP2 PUSH20 0xFFFFFFFFFFFFFFFFFFFFFFFFFFFFFFFFFFFFFFFF MUL NOT AND SWAP1 DUP4 PUSH20 0xFFFFFFFFFFFFFFFFFFFFFFFFFFFFFFFFFFFFFFFF AND MUL OR SWAP1 SSTORE POP POP JUMP STOP LOG1 PUSH6 0x627A7A723058 KECCAK256 0xdf PUSH7 0xBF6E60E6DA1B4A 0x2e PUSH22 0xCFAFA1E9903CB791CBF6540514FF7C7BD714DDEF3400 0x29
1,PUSH1 0x60 PUSH1 0x40 MSTORE PUSH1 0x12 PUSH1 0x2 PUSH1 0x0 PUSH2 0x100 EXP DUP2 SLOAD DUP2 PUSH1 0xFF MUL NOT AND SWAP1 DUP4 PUSH1 0xFF AND MUL OR SWAP1 SSTORE POP CALLVALUE ISZERO PUSH3 0x2C JUMPI PUSH1 0x0 DUP1 REVERT JUMPDEST PUSH1 0x40 MLOAD PUSH3 0x1226 CODESIZE SUB DUP1 PUSH3 0x1226 DUP4 CODECOPY DUP2 ADD PUSH1 0x40 MSTORE DUP1 DUP1 MLOAD SWAP1 PUSH1 0x20 ADD SWAP1 SWAP2 SWAP1 DUP1 MLOAD DUP3 ADD SWAP2 SWAP1 PUSH1 0x20 ADD DUP1 MLOAD DUP3 ADD SWAP2 SWAP1 POP POP PUSH1 0x2 PUSH1 0x0 SWAP1 SLOAD SWAP1 PUSH2 0x100 EXP SWAP1 DIV PUSH1 0xFF AND PUSH1 0xFF AND PUSH1 0xA EXP DUP4 MUL PUSH1 0x3 DUP2 SWAP1 SSTORE POP PUSH1 0x3 SLOAD PUSH1 0x4 PUSH1 0x0 CALLER PUSH20 0xFFFFFFFFFFFFFFFFFFFFFFFFFFFFFFFFFFFFFFFF AND PUSH20 0xFFFFFFFFFFFFFFFFFFFFFFFFFFFFFFFFFFFFFFFF AND DUP2 MSTORE PUSH1 0x20 ADD SWAP1 DUP2 MSTORE PUSH1 0x20 ADD PUSH1 0x0 KECCAK256 DUP2 SWAP1 SSTORE POP DUP2 PUSH1 0x0 SWAP1 DUP1 MLOAD SWAP1 PUSH1 0x20 ADD SWAP1 PUSH3 0xD8 SWAP3 SWAP2 SWAP1 PUSH3 0xFB JUMP JUMPDEST POP DUP1 PUSH1 0x1 SWAP1 DUP1 MLOAD SWAP1 PUSH1 0x20 ADD SWAP1 PUSH3 0xF1 SWAP3 SWAP2 SWAP1 PUSH3 0xFB JUMP JUMPDEST POP POP POP POP PUSH3 0x1AA JUMP JUMPDEST DUP3 DUP1 SLOAD PUSH1 0x1 DUP2 PUSH1 0x1 AND ISZERO PUSH2 0x100 MUL SUB AND PUSH1 0x2 SWAP1 DIV SWAP1 PUSH1 0x0 MSTORE PUSH1 0x20 PUSH1 0x0 KECCAK256 SWAP1 PUSH1 0x1F ADD PUSH1 0x20 SWAP1 DIV DUP2 ADD SWAP3 DUP3 PUSH1 0x1F LT PUSH3 0x13E JUMPI DUP1 MLOAD PUSH1 0xFF NOT AND DUP4 DUP1 ADD OR DUP6 SSTORE PUSH3 0x16F JUMP JUMPDEST DUP3 DUP1 ADD PUSH1 0x1 ADD DUP6 SSTORE DUP3 ISZERO PUSH3 0x16F JUMPI SWAP2 DUP3 ADD JUMPDEST DUP3 DUP2 GT ISZERO PUSH3 0x16E JUMPI DUP3 MLOAD DUP3 SSTORE SWAP2 PUSH1 0x20 ADD SWAP2 SWAP1 PUSH1 0x1 ADD SWAP1 PUSH3 0x151 JUMP JUMPDEST JUMPDEST POP SWAP1 POP PUSH3 0x17E SWAP2 SWAP1 PUSH3 0x182 JUMP JUMPDEST POP SWAP1 JUMP JUMPDEST PUSH3 0x1A7 SWAP2 SWAP1 JUMPDEST DUP1 DUP3 GT ISZERO PUSH3 0x1A3 JUMPI PUSH1 0x0 DUP2 PUSH1 0x0 SWAP1 SSTORE POP PUSH1 0x1 ADD PUSH3 0x189 JUMP JUMPDEST POP SWAP1 JUMP JUMPDEST SWAP1 JUMP JUMPDEST PUSH2 0x106C DUP1 PUSH3 0x1BA PUSH1 0x0 CODECOPY PUSH1 0x0 RETURN STOP PUSH1 0x60 PUSH1 0x40 MSTORE PUSH1 0x4 CALLDATASIZE LT PUSH2 0xBA JUMPI PUSH1 0x0 CALLDATALOAD PUSH29 0x100000000000000000000000000000000000000000000000000000000 SWAP1 DIV PUSH4 0xFFFFFFFF AND DUP1 PUSH4 0x6FDDE03 EQ PUSH2 0xBF JUMPI DUP1 PUSH4 0x95EA7B3 EQ PUSH2 0x14D JUMPI DUP1 PUSH4 0x18160DDD EQ PUSH2 0x1A7 JUMPI DUP1 PUSH4 0x23B872DD EQ PUSH2 0x1D0 JUMPI DUP1 PUSH4 0x313CE567 EQ PUSH2 0x249 JUMPI DUP1 PUSH4 0x42966C68 EQ PUSH2 0x278 JUMPI DUP1 PUSH4 0x70A08231 EQ PUSH2 0x2B3 JUMPI DUP1 PUSH4 0x79CC6790 EQ PUSH2 0x300 JUMPI DUP1 PUSH4 0x95D89B41 EQ PUSH2 0x35A JUMPI DUP1 PUSH4 0xA9059CBB EQ PUSH2 0x3E8 JUMPI DUP1 PUSH4 0xCAE9CA51 EQ PUSH2 0x42A JUMPI DUP1 PUSH4 0xDD62ED3E EQ PUSH2 0x4C7 JUMPI JUMPDEST PUSH1 0x0 DUP1 REVERT JUMPDEST CALLVALUE ISZERO PUSH2 0xCA JUMPI PUSH1 0x0 DUP1 REVERT JUMPDEST PUSH2 0xD2 PUSH2 0x533 JUMP JUMPDEST PUSH1 0x40 MLOAD DUP1 DUP1 PUSH1 0x20 ADD DUP3 DUP2 SUB DUP3 MSTORE DUP4 DUP2 DUP2 MLOAD DUP2 MSTORE PUSH1 0x20 ADD SWAP2 POP DUP1 MLOAD SWAP1 PUSH1 0x20 ADD SWAP1 DUP1 DUP4 DUP4 PUSH1 0x0 JUMPDEST DUP4 DUP2 LT ISZERO PUSH2 0x112 JUMPI DUP1 DUP3 ADD MLOAD DUP2 DUP5 ADD MSTORE PUSH1 0x20 DUP2 ADD SWAP1 POP PUSH2 0xF7 JUMP JUMPDEST POP POP POP POP SWAP1 POP SWAP1 DUP2 ADD SWAP1 PUSH1 0x1F AND DUP1 ISZERO PUSH2 0x13F JUMPI DUP1 DUP3 SUB DUP1 MLOAD PUSH1 0x1 DUP4 PUSH1 0x20 SUB PUSH2 0x100 EXP SUB NOT AND DUP2 MSTORE PUSH1 0x20 ADD SWAP2 POP JUMPDEST POP SWAP3 POP POP POP PUSH1 0x40 MLOAD DUP1 SWAP2 SUB SWAP1 RETURN JUMPDEST CALLVALUE ISZERO PUSH2 0x158 JUMPI PUSH1 0x0 DUP1 REVERT JUMPDEST PUSH2 0x18D PUSH1 0x4 DUP1 DUP1 CALLDATALOAD PUSH20 0xFFFFFFFFFFFFFFFFFFFFFFFFFFFFFFFFFFFFFFFF AND SWAP1 PUSH1 0x20 ADD SWAP1 SWAP2 SWAP1 DUP1 CALLDATALOAD SWAP1 PUSH1 0x20 ADD SWAP1 SWAP2 SWAP1 POP POP PUSH2 0x5D1 JUMP JUMPDEST PUSH1 0x40 MLOAD DUP1 DUP3 ISZERO ISZERO ISZERO ISZERO DUP2 MSTORE PUSH1 0x20 ADD SWAP2 POP POP PUSH1 0x40 MLOAD DUP1 SWAP2 SUB SWAP1 RETURN JUMPDEST CALLVALUE ISZERO PUSH2 0x1B2 JUMPI PUSH1 0x0 DUP1 REVERT JUMPDEST PUSH2 0x1BA PUSH2 0x65E JUMP JUMPDEST PUSH1 0x40 MLOAD DUP1 DUP3 DUP2 MSTORE PUSH1 0x20 ADD SWAP2 POP POP PUSH1 0x40 MLOAD DUP1 SWAP2 SUB SWAP1 RETURN JUMPDEST CALLVALUE ISZERO PUSH2 0x1DB JUMPI PUSH1 0x0 DUP1 REVERT JUMPDEST PUSH2 0x22F PUSH1 0x4 DUP1 DUP1 CALLDATALOAD PUSH20 0xFFFFFFFFFFFFFFFFFFFFFFFFFFFFFFFFFFFFFFFF AND SWAP1 PUSH1 0x20 ADD SWAP1 SWAP2 SWAP1 DUP1 CALLDATALOAD PUSH20 0xFFFFFFFFFFFFFFFFFFFFFFFFFFFFFFFFFFFFFFFF AND SWAP1 PUSH1 0x20 ADD SWAP1 SWAP2 SWAP1 DUP1 CALLDATALOAD SWAP1 PUSH1 0x20 ADD SWAP1 SWAP2 SWAP1 POP POP PUSH2 0x664 JUMP JUMPDEST PUSH1 0x40 MLOAD DUP1 DUP3 ISZERO ISZERO ISZERO ISZERO DUP2 MSTORE PUSH1 0x20 ADD SWAP2 POP POP PUSH1 0x40 MLOAD DUP1 SWAP2 SUB SWAP1 RETURN JUMPDEST CALLVALUE ISZERO PUSH2 0x254 JUMPI PUSH1 0x0 DUP1 REVERT JUMPDEST PUSH2 0x25C PUSH2 0x791 JUMP JUMPDEST PUSH1 0x40 MLOAD DUP1 DUP3 PUSH1 0xFF AND PUSH1 0xFF AND DUP2 MSTORE PUSH1 0x20 ADD SWAP2 POP POP PUSH1 0x40 MLOAD DUP1 SWAP2 SUB SWAP1 RETURN JUMPDEST CALLVALUE ISZERO PUSH2 0x283 JUMPI PUSH1 0x0 DUP1 REVERT JUMPDEST PUSH2 0x299 PUSH1 0x4 DUP1 DUP1 CALLDATALOAD SWAP1 PUSH1 0x20 ADD SWAP1 SWAP2 SWAP1 POP POP PUSH2 0x7A4 JUMP JUMPDEST PUSH1 0x40 MLOAD DUP1 DUP3 ISZERO ISZERO ISZERO ISZERO DUP2 MSTORE PUSH1 0x20 ADD SWAP2 POP POP PUSH1 0x40 MLOAD DUP1 SWAP2 SUB SWAP1 RETURN JUMPDEST CALLVALUE ISZERO PUSH2 0x2BE JUMPI PUSH1 0x0 DUP1 REVERT JUMPDEST PUSH2 0x2EA PUSH1 0x4 DUP1 DUP1 CALLDATALOAD PUSH20 0xFFFFFFFFFFFFFFFFFFFFFFFFFFFFFFFFFFFFFFFF AND SWAP1 PUSH1 0x20 ADD SWAP1 SWAP2 SWAP1 POP POP PUSH2 0x8A8 JUMP JUMPDEST PUSH1 0x40 MLOAD DUP1 DUP3 DUP2 MSTORE PUSH1 0x20 ADD SWAP2 POP POP PUSH1 0x40 MLOAD DUP1 SWAP2 SUB SWAP1 RETURN JUMPDEST CALLVALUE ISZERO PUSH2 0x30B JUMPI PUSH1 0x0 DUP1 REVERT JUMPDEST PUSH2 0x340 PUSH1 0x4 DUP1 DUP1 CALLDATALOAD PUSH20 0xFFFFFFFFFFFFFFFFFFFFFFFFFFFFFFFFFFFFFFFF AND SWAP1 PUSH1 0x20 ADD SWAP1 SWAP2 SWAP1 DUP1 CALLDATALOAD SWAP1 PUSH1 0x20 ADD SWAP1 SWAP2 SWAP1 POP POP PUSH2 0x8C0 JUMP JUMPDEST PUSH1 0x40 MLOAD DUP1 DUP3 ISZERO ISZERO ISZERO ISZERO DUP2 MSTORE PUSH1 0x20 ADD SWAP2 POP POP PUSH1 0x40 MLOAD DUP1 SWAP2 SUB SWAP1 RETURN JUMPDEST CALLVALUE ISZERO PUSH2 0x365 JUMPI PUSH1 0x0 DUP1 REVERT JUMPDEST PUSH2 0x36D PUSH2 0xADA JUMP JUMPDEST PUSH1 0x40 MLOAD DUP1 DUP1 PUSH1 0x20 ADD DUP3 DUP2 SUB DUP3 MSTORE DUP4 DUP2 DUP2 MLOAD DUP2 MSTORE PUSH1 0x20 ADD SWAP2 POP DUP1 MLOAD SWAP1 PUSH1 0x20 ADD SWAP1 DUP1 DUP4 DUP4 PUSH1 0x0 JUMPDEST DUP4 DUP2 LT ISZERO PUSH2 0x3AD JUMPI DUP1 DUP3 ADD MLOAD DUP2 DUP5 ADD MSTORE PUSH1 0x20 DUP2 ADD SWAP1 POP PUSH2 0x392 JUMP JUMPDEST POP POP POP POP SWAP1 POP SWAP1 DUP2 ADD SWAP1 PUSH1 0x1F AND DUP1 ISZERO PUSH2 0x3DA JUMPI DUP1 DUP3 SUB DUP1 MLOAD PUSH1 0x1 DUP4 PUSH1 0x20 SUB PUSH2 0x100 EXP SUB NOT AND DUP2 MSTORE PUSH1 0x20 ADD SWAP2 POP JUMPDEST POP SWAP3 POP POP POP PUSH1 0x40 MLOAD DUP1 SWAP2 SUB SWAP1 RETURN JUMPDEST CALLVALUE ISZERO PUSH2 0x3F3 JUMPI PUSH1 0x0 DUP1 REVERT JUMPDEST PUSH2 0x428 PUSH1 0x4 DUP1 DUP1 CALLDATALOAD PUSH20 0xFFFFFFFFFFFFFFFFFFFFFFFFFFFFFFFFFFFFFFFF AND SWAP1 PUSH1 0x20 ADD SWAP1 SWAP2 SWAP1 DUP1 CALLDATALOAD SWAP1 PUSH1 0x20 ADD SWAP1 SWAP2 SWAP1 POP POP PUSH2 0xB78 JUMP JUMPDEST STOP JUMPDEST CALLVALUE ISZERO PUSH2 0x435 JUMPI PUSH1 0x0 DUP1 REVERT JUMPDEST PUSH2 0x4AD PUSH1 0x4 DUP1 DUP1 CALLDATALOAD PUSH20 0xFFFFFFFFFFFFFFFFFFFFFFFFFFFFFFFFFFFFFFFF AND SWAP1 PUSH1 0x20 ADD SWAP1 SWAP2 SWAP1 DUP1 CALLDATALOAD SWAP1 PUSH1 0x20 ADD SWAP1 SWAP2 SWAP1 DUP1 CALLDATALOAD SWAP1 PUSH1 0x20 ADD SWAP1 DUP3 ADD DUP1 CALLDATALOAD SWAP1 PUSH1 0x20 ADD SWAP1 DUP1 DUP1 PUSH1 0x1F ADD PUSH1 0x20 DUP1 SWAP2 DIV MUL PUSH1 0x20 ADD PUSH1 0x40 MLOAD SWAP1 DUP2 ADD PUSH1 0x40 MSTORE DUP1 SWAP4 SWAP3 SWAP2 SWAP1 DUP2 DUP2 MSTORE PUSH1 0x20 ADD DUP4 DUP4 DUP1 DUP3 DUP5 CALLDATACOPY DUP3 ADD SWAP2 POP POP POP POP POP POP SWAP2 SWAP1 POP POP PUSH2 0xB87 JUMP JUMPDEST PUSH1 0x40 MLOAD DUP1 DUP3 ISZERO ISZERO ISZERO ISZERO DUP2 MSTORE PUSH1 0x20 ADD SWAP2 POP POP PUSH1 0x40 MLOAD DUP1 SWAP2 SUB SWAP1 RETURN JUMPDEST CALLVALUE ISZERO PUSH2 0x4D2 JUMPI PUSH1 0x0 DUP1 REVERT JUMPDEST PUSH2 0x51D PUSH1 0x4 DUP1 DUP1 CALLDATALOAD PUSH20 0xFFFFFFFFFFFFFFFFFFFFFFFFFFFFFFFFFFFFFFFF AND SWAP1 PUSH1 0x20 ADD SWAP1 SWAP2 SWAP1 DUP1 CALLDATALOAD PUSH20 0xFFFFFFFFFFFFFFFFFFFFFFFFFFFFFFFFFFFFFFFF AND SWAP1 PUSH1 0x20 ADD SWAP1 SWAP2 SWAP1 POP POP PUSH2 0xD05 JUMP JUMPDEST PUSH1 0x40 MLOAD DUP1 DUP3 DUP2 MSTORE PUSH1 0x20 ADD SWAP2 POP POP PUSH1 0x40 MLOAD DUP1 SWAP2 SUB SWAP1 RETURN JUMPDEST PUSH1 0x0 DUP1 SLOAD PUSH1 0x1 DUP2 PUSH1 0x1 AND ISZERO PUSH2 0x100 MUL SUB AND PUSH1 0x2 SWAP1 DIV DUP1 PUSH1 0x1F ADD PUSH1 0x20 DUP1 SWAP2 DIV MUL PUSH1 0x20 ADD PUSH1 0x40 MLOAD SWAP1 DUP2 ADD PUSH1 0x40 MSTORE DUP1 SWAP3 SWAP2 SWAP1 DUP2 DUP2 MSTORE PUSH1 0x20 ADD DUP3 DUP1 SLOAD PUSH1 0x1 DUP2 PUSH1 0x1 AND ISZERO PUSH2 0x100 MUL SUB AND PUSH1 0x2 SWAP1 DIV DUP1 ISZERO PUSH2 0x5C9 JUMPI DUP1 PUSH1 0x1F LT PUSH2 0x59E JUMPI PUSH2 0x100 DUP1 DUP4 SLOAD DIV MUL DUP4 MSTORE SWAP2 PUSH1 0x20 ADD SWAP2 PUSH2 0x5C9 JUMP JUMPDEST DUP3 ADD SWAP2 SWAP1 PUSH1 0x0 MSTORE PUSH1 0x20 PUSH1 0x0 KECCAK256 SWAP1 JUMPDEST DUP2 SLOAD DUP2 MSTORE SWAP1 PUSH1 0x1 ADD SWAP1 PUSH1 0x20 ADD DUP1 DUP4 GT PUSH2 0x5AC JUMPI DUP3 SWAP1 SUB PUSH1 0x1F AND DUP3 ADD SWAP2 JUMPDEST POP POP POP POP POP DUP2 JUMP JUMPDEST PUSH1 0x0 DUP2 PUSH1 0x5 PUSH1 0x0 CALLER PUSH20 0xFFFFFFFFFFFFFFFFFFFFFFFFFFFFFFFFFFFFFFFF AND PUSH20 0xFFFFFFFFFFFFFFFFFFFFFFFFFFFFFFFFFFFFFFFF AND DUP2 MSTORE PUSH1 0x20 ADD SWAP1 DUP2 MSTORE PUSH1 0x20 ADD PUSH1 0x0 KECCAK256 PUSH1 0x0 DUP6 PUSH20 0xFFFFFFFFFFFFFFFFFFFFFFFFFFFFFFFFFFFFFFFF AND PUSH20 0xFFFFFFFFFFFFFFFFFFFFFFFFFFFFFFFFFFFFFFFF AND DUP2 MSTORE PUSH1 0x20 ADD SWAP1 DUP2 MSTORE PUSH1 0x20 ADD PUSH1 0x0 KECCAK256 DUP2 SWAP1 SSTORE POP PUSH1 0x1 SWAP1 POP SWAP3 SWAP2 POP POP JUMP JUMPDEST PUSH1 0x3 SLOAD DUP2 JUMP JUMPDEST PUSH1 0x0 PUSH1 0x5 PUSH1 0x0 DUP6 PUSH20 0xFFFFFFFFFFFFFFFFFFFFFFFFFFFFFFFFFFFFFFFF AND PUSH20 0xFFFFFFFFFFFFFFFFFFFFFFFFFFFFFFFFFFFFFFFF AND DUP2 MSTORE PUSH1 0x20 ADD SWAP1 DUP2 MSTORE PUSH1 0x20 ADD PUSH1 0x0 KECCAK256 PUSH1 0x0 CALLER PUSH20 0xFFFFFFFFFFFFFFFFFFFFFFFFFFFFFFFFFFFFFFFF AND PUSH20 0xFFFFFFFFFFFFFFFFFFFFFFFFFFFFFFFFFFFFFFFF AND DUP2 MSTORE PUSH1 0x20 ADD SWAP1 DUP2 MSTORE PUSH1 0x20 ADD PUSH1 0x0 KECCAK256 SLOAD DUP3 GT ISZERO ISZERO ISZERO PUSH2 0x6F1 JUMPI PUSH1 0x0 DUP1 REVERT JUMPDEST DUP2 PUSH1 0x5 PUSH1 0x0 DUP7 PUSH20 0xFFFFFFFFFFFFFFFFFFFFFFFFFFFFFFFFFFFFFFFF AND PUSH20 0xFFFFFFFFFFFFFFFFFFFFFFFFFFFFFFFFFFFFFFFF AND DUP2 MSTORE PUSH1 0x20 ADD SWAP1 DUP2 MSTORE PUSH1 0x20 ADD PUSH1 0x0 KECCAK256 PUSH1 0x0 CALLER PUSH20 0xFFFFFFFFFFFFFFFFFFFFFFFFFFFFFFFFFFFFFFFF AND PUSH20 0xFFFFFFFFFFFFFFFFFFFFFFFFFFFFFFFFFFFFFFFF AND DUP2 MSTORE PUSH1 0x20 ADD SWAP1 DUP2 MSTORE PUSH1 0x20 ADD PUSH1 0x0 KECCAK256 PUSH1 0x0 DUP3 DUP3 SLOAD SUB SWAP3 POP POP DUP2 SWAP1 SSTORE POP PUSH2 0x786 DUP5 DUP5 DUP5 PUSH2 0xD2A JUMP JUMPDEST PUSH1 0x1 SWAP1 POP SWAP4 SWAP3 POP POP POP JUMP JUMPDEST PUSH1 0x2 PUSH1 0x0 SWAP1 SLOAD SWAP1 PUSH2 0x100 EXP SWAP1 DIV PUSH1 0xFF AND DUP2 JUMP JUMPDEST PUSH1 0x0 DUP2 PUSH1 0x4 PUSH1 0x0 CALLER PUSH20 0xFFFFFFFFFFFFFFFFFFFFFFFFFFFFFFFFFFFFFFFF AND PUSH20 0xFFFFFFFFFFFFFFFFFFFFFFFFFFFFFFFFFFFFFFFF AND DUP2 MSTORE PUSH1 0x20 ADD SWAP1 DUP2 MSTORE PUSH1 0x20 ADD PUSH1 0x0 KECCAK256 SLOAD LT ISZERO ISZERO ISZERO PUSH2 0x7F4 JUMPI PUSH1 0x0 DUP1 REVERT JUMPDEST DUP2 PUSH1 0x4 PUSH1 0x0 CALLER PUSH20 0xFFFFFFFFFFFFFFFFFFFFFFFFFFFFFFFFFFFFFFFF AND PUSH20 0xFFFFFFFFFFFFFFFFFFFFFFFFFFFFFFFFFFFFFFFF AND DUP2 MSTORE PUSH1 0x20 ADD SWAP1 DUP2 MSTORE PUSH1 0x20 ADD PUSH1 0x0 KECCAK256 PUSH1 0x0 DUP3 DUP3 SLOAD SUB SWAP3 POP POP DUP2 SWAP1 SSTORE POP DUP2 PUSH1 0x3 PUSH1 0x0 DUP3 DUP3 SLOAD SUB SWAP3 POP POP DUP2 SWAP1 SSTORE POP CALLER PUSH20 0xFFFFFFFFFFFFFFFFFFFFFFFFFFFFFFFFFFFFFFFF AND PUSH32 0xCC16F5DBB4873280815C1EE09DBD06736CFFCC184412CF7A71A0FDB75D397CA5 DUP4 PUSH1 0x40 MLOAD DUP1 DUP3 DUP2 MSTORE PUSH1 0x20 ADD SWAP2 POP POP PUSH1 0x40 MLOAD DUP1 SWAP2 SUB SWAP1 LOG2 PUSH1 0x1 SWAP1 POP SWAP2 SWAP1 POP JUMP JUMPDEST PUSH1 0x4 PUSH1 0x20 MSTORE DUP1 PUSH1 0x0 MSTORE PUSH1 0x40 PUSH1 0x0 KECCAK256 PUSH1 0x0 SWAP2 POP SWAP1 POP SLOAD DUP2 JUMP JUMPDEST PUSH1 0x0 DUP2 PUSH1 0x4 PUSH1 0x0 DUP6 PUSH20 0xFFFFFFFFFFFFFFFFFFFFFFFFFFFFFFFFFFFFFFFF AND PUSH20 0xFFFFFFFFFFFFFFFFFFFFFFFFFFFFFFFFFFFFFFFF AND DUP2 MSTORE PUSH1 0x20 ADD SWAP1 DUP2 MSTORE PUSH1 0x20 ADD PUSH1 0x0 KECCAK256 SLOAD LT ISZERO ISZERO ISZERO PUSH2 0x910 JUMPI PUSH1 0x0 DUP1 REVERT JUMPDEST PUSH1 0x5 PUSH1 0x0 DUP5 PUSH20 0xFFFFFFFFFFFFFFFFFFFFFFFFFFFFFFFFFFFFFFFF AND PUSH20 0xFFFFFFFFFFFFFFFFFFFFFFFFFFFFFFFFFFFFFFFF AND DUP2 MSTORE PUSH1 0x20 ADD SWAP1 DUP2 MSTORE PUSH1 0x20 ADD PUSH1 0x0 KECCAK256 PUSH1 0x0 CALLER PUSH20 0xFFFFFFFFFFFFFFFFFFFFFFFFFFFFFFFFFFFFFFFF AND PUSH20 0xFFFFFFFFFFFFFFFFFFFFFFFFFFFFFFFFFFFFFFFF AND DUP2 MSTORE PUSH1 0x20 ADD SWAP1 DUP2 MSTORE PUSH1 0x20 ADD PUSH1 0x0 KECCAK256 SLOAD DUP3 GT ISZERO ISZERO ISZERO PUSH2 0x99B JUMPI PUSH1 0x0 DUP1 REVERT JUMPDEST DUP2 PUSH1 0x4 PUSH1 0x0 DUP6 PUSH20 0xFFFFFFFFFFFFFFFFFFFFFFFFFFFFFFFFFFFFFFFF AND PUSH20 0xFFFFFFFFFFFFFFFFFFFFFFFFFFFFFFFFFFFFFFFF AND DUP2 MSTORE PUSH1 0x20 ADD SWAP1 DUP2 MSTORE PUSH1 0x20 ADD PUSH1 0x0 KECCAK256 PUSH1 0x0 DUP3 DUP3 SLOAD SUB SWAP3 POP POP DUP2 SWAP1 SSTORE POP DUP2 PUSH1 0x5 PUSH1 0x0 DUP6 PUSH20 0xFFFFFFFFFFFFFFFFFFFFFFFFFFFFFFFFFFFFFFFF AND PUSH20 0xFFFFFFFFFFFFFFFFFFFFFFFFFFFFFFFFFFFFFFFF AND DUP2 MSTORE PUSH1 0x20 ADD SWAP1 DUP2 MSTORE PUSH1 0x20 ADD PUSH1 0x0 KECCAK256 PUSH1 0x0 CALLER PUSH20 0xFFFFFFFFFFFFFFFFFFFFFFFFFFFFFFFFFFFFFFFF AND PUSH20 0xFFFFFFFFFFFFFFFFFFFFFFFFFFFFFFFFFFFFFFFF AND DUP2 MSTORE PUSH1 0x20 ADD SWAP1 DUP2 MSTORE PUSH1 0x20 ADD PUSH1 0x0 KECCAK256 PUSH1 0x0 DUP3 DUP3 SLOAD SUB SWAP3 POP POP DUP2 SWAP1 SSTORE POP DUP2 PUSH1 0x3 PUSH1 0x0 DUP3 DUP3 SLOAD SUB SWAP3 POP POP DUP2 SWAP1 SSTORE POP DUP3 PUSH20 0xFFFFFFFFFFFFFFFFFFFFFFFFFFFFFFFFFFFFFFFF AND PUSH32 0xCC16F5DBB4873280815C1EE09DBD06736CFFCC184412CF7A71A0FDB75D397CA5 DUP4 PUSH1 0x40 MLOAD DUP1 DUP3 DUP2 MSTORE PUSH1 0x20 ADD SWAP2 POP POP PUSH1 0x40 MLOAD DUP1 SWAP2 SUB SWAP1 LOG2 PUSH1 0x1 SWAP1 POP SWAP3 SWAP2 POP POP JUMP JUMPDEST PUSH1 0x1 DUP1 SLOAD PUSH1 0x1 DUP2 PUSH1 0x1 AND ISZERO PUSH2 0x100 MUL SUB AND PUSH1 0x2 SWAP1 DIV DUP1 PUSH1 0x1F ADD PUSH1 0x20 DUP1 SWAP2 DIV MUL PUSH1 0x20 ADD PUSH1 0x40 MLOAD SWAP1 DUP2 ADD PUSH1 0x40 MSTORE DUP1 SWAP3 SWAP2 SWAP1 DUP2 DUP2 MSTORE PUSH1 0x20 ADD DUP3 DUP1 SLOAD PUSH1 0x1 DUP2 PUSH1 0x1 AND ISZERO PUSH2 0x100 MUL SUB AND PUSH1 0x2 SWAP1 DIV DUP1 ISZERO PUSH2 0xB70 JUMPI DUP1 PUSH1 0x1F LT PUSH2 0xB45 JUMPI PUSH2 0x100 DUP1 DUP4 SLOAD DIV MUL DUP4 MSTORE SWAP2 PUSH1 0x20 ADD SWAP2 PUSH2 0xB70 JUMP JUMPDEST DUP3 ADD SWAP2 SWAP1 PUSH1 0x0 MSTORE PUSH1 0x20 PUSH1 0x0 KECCAK256 SWAP1 JUMPDEST DUP2 SLOAD DUP2 MSTORE SWAP1 PUSH1 0x1 ADD SWAP1 PUSH1 0x20 ADD DUP1 DUP4 GT PUSH2 0xB53 JUMPI DUP3 SWAP1 SUB PUSH1 0x1F AND DUP3 ADD SWAP2 JUMPDEST POP POP POP POP POP DUP2 JUMP JUMPDEST PUSH2 0xB83 CALLER DUP4 DUP4 PUSH2 0xD2A JUMP JUMPDEST POP POP JUMP JUMPDEST PUSH1 0x0 DUP1 DUP5 SWAP1 POP PUSH2 0xB97 DUP6 DUP6 PUSH2 0x5D1 JUMP JUMPDEST ISZERO PUSH2 0xCFC JUMPI DUP1 PUSH20 0xFFFFFFFFFFFFFFFFFFFFFFFFFFFFFFFFFFFFFFFF AND PUSH4 0x8F4FFCB1 CALLER DUP7 ADDRESS DUP8 PUSH1 0x40 MLOAD DUP6 PUSH4 0xFFFFFFFF AND PUSH29 0x100000000000000000000000000000000000000000000000000000000 MUL DUP2 MSTORE PUSH1 0x4 ADD DUP1 DUP6 PUSH20 0xFFFFFFFFFFFFFFFFFFFFFFFFFFFFFFFFFFFFFFFF AND PUSH20 0xFFFFFFFFFFFFFFFFFFFFFFFFFFFFFFFFFFFFFFFF AND DUP2 MSTORE PUSH1 0x20 ADD DUP5 DUP2 MSTORE PUSH1 0x20 ADD DUP4 PUSH20 0xFFFFFFFFFFFFFFFFFFFFFFFFFFFFFFFFFFFFFFFF AND PUSH20 0xFFFFFFFFFFFFFFFFFFFFFFFFFFFFFFFFFFFFFFFF AND DUP2 MSTORE PUSH1 0x20 ADD DUP1 PUSH1 0x20 ADD DUP3 DUP2 SUB DUP3 MSTORE DUP4 DUP2 DUP2 MLOAD DUP2 MSTORE PUSH1 0x20 ADD SWAP2 POP DUP1 MLOAD SWAP1 PUSH1 0x20 ADD SWAP1 DUP1 DUP4 DUP4 PUSH1 0x0 JUMPDEST DUP4 DUP2 LT ISZERO PUSH2 0xC91 JUMPI DUP1 DUP3 ADD MLOAD DUP2 DUP5 ADD MSTORE PUSH1 0x20 DUP2 ADD SWAP1 POP PUSH2 0xC76 JUMP JUMPDEST POP POP POP POP SWAP1 POP SWAP1 DUP2 ADD SWAP1 PUSH1 0x1F AND DUP1 ISZERO PUSH2 0xCBE JUMPI DUP1 DUP3 SUB DUP1 MLOAD PUSH1 0x1 DUP4 PUSH1 0x20 SUB PUSH2 0x100 EXP SUB NOT AND DUP2 MSTORE PUSH1 0x20 ADD SWAP2 POP JUMPDEST POP SWAP6 POP POP POP POP POP POP PUSH1 0x0 PUSH1 0x40 MLOAD DUP1 DUP4 SUB DUP2 PUSH1 0x0 DUP8 DUP1 EXTCODESIZE ISZERO ISZERO PUSH2 0xCDF JUMPI PUSH1 0x0 DUP1 REVERT JUMPDEST PUSH2 0x2C6 GAS SUB CALL ISZERO ISZERO PUSH2 0xCF0 JUMPI PUSH1 0x0 DUP1 REVERT JUMPDEST POP POP POP PUSH1 0x1 SWAP2 POP PUSH2 0xCFD JUMP JUMPDEST JUMPDEST POP SWAP4 SWAP3 POP POP POP JUMP JUMPDEST PUSH1 0x5 PUSH1 0x20 MSTORE DUP2 PUSH1 0x0 MSTORE PUSH1 0x40 PUSH1 0x0 KECCAK256 PUSH1 0x20 MSTORE DUP1 PUSH1 0x0 MSTORE PUSH1 0x40 PUSH1 0x0 KECCAK256 PUSH1 0x0 SWAP2 POP SWAP2 POP POP SLOAD DUP2 JUMP JUMPDEST PUSH1 0x0 DUP1 DUP4 PUSH20 0xFFFFFFFFFFFFFFFFFFFFFFFFFFFFFFFFFFFFFFFF AND EQ ISZERO ISZERO ISZERO PUSH2 0xD51 JUMPI PUSH1 0x0 DUP1 REVERT JUMPDEST DUP2 PUSH1 0x4 PUSH1 0x0 DUP7 PUSH20 0xFFFFFFFFFFFFFFFFFFFFFFFFFFFFFFFFFFFFFFFF AND PUSH20 0xFFFFFFFFFFFFFFFFFFFFFFFFFFFFFFFFFFFFFFFF AND DUP2 MSTORE PUSH1 0x20 ADD SWAP1 DUP2 MSTORE PUSH1 0x20 ADD PUSH1 0x0 KECCAK256 SLOAD LT ISZERO ISZERO ISZERO PUSH2 0xD9F JUMPI PUSH1 0x0 DUP1 REVERT JUMPDEST PUSH1 0x4 PUSH1 0x0 DUP5 PUSH20 0xFFFFFFFFFFFFFFFFFFFFFFFFFFFFFFFFFFFFFFFF AND PUSH20 0xFFFFFFFFFFFFFFFFFFFFFFFFFFFFFFFFFFFFFFFF AND DUP2 MSTORE PUSH1 0x20 ADD SWAP1 DUP2 MSTORE PUSH1 0x20 ADD PUSH1 0x0 KECCAK256 SLOAD DUP3 PUSH1 0x4 PUSH1 0x0 DUP7 PUSH20 0xFFFFFFFFFFFFFFFFFFFFFFFFFFFFFFFFFFFFFFFF AND PUSH20 0xFFFFFFFFFFFFFFFFFFFFFFFFFFFFFFFFFFFFFFFF AND DUP2 MSTORE PUSH1 0x20 ADD SWAP1 DUP2 MSTORE PUSH1 0x20 ADD PUSH1 0x0 KECCAK256 SLOAD ADD GT ISZERO ISZERO PUSH2 0xE2D JUMPI PUSH1 0x0 DUP1 REVERT JUMPDEST PUSH1 0x4 PUSH1 0x0 DUP5 PUSH20 0xFFFFFFFFFFFFFFFFFFFFFFFFFFFFFFFFFFFFFFFF AND PUSH20 0xFFFFFFFFFFFFFFFFFFFFFFFFFFFFFFFFFFFFFFFF AND DUP2 MSTORE PUSH1 0x20 ADD SWAP1 DUP2 MSTORE PUSH1 0x20 ADD PUSH1 0x0 KECCAK256 SLOAD PUSH1 0x4 PUSH1 0x0 DUP7 PUSH20 0xFFFFFFFFFFFFFFFFFFFFFFFFFFFFFFFFFFFFFFFF AND PUSH20 0xFFFFFFFFFFFFFFFFFFFFFFFFFFFFFFFFFFFFFFFF AND DUP2 MSTORE PUSH1 0x20 ADD SWAP1 DUP2 MSTORE PUSH1 0x20 ADD PUSH1 0x0 KECCAK256 SLOAD ADD SWAP1 POP DUP2 PUSH1 0x4 PUSH1 0x0 DUP7 PUSH20 0xFFFFFFFFFFFFFFFFFFFFFFFFFFFFFFFFFFFFFFFF AND PUSH20 0xFFFFFFFFFFFFFFFFFFFFFFFFFFFFFFFFFFFFFFFF AND DUP2 MSTORE PUSH1 0x20 ADD SWAP1 DUP2 MSTORE PUSH1 0x20 ADD PUSH1 0x0 KECCAK256 PUSH1 0x0 DUP3 DUP3 SLOAD SUB SWAP3 POP POP DUP2 SWAP1 SSTORE POP DUP2 PUSH1 0x4 PUSH1 0x0 DUP6 PUSH20 0xFFFFFFFFFFFFFFFFFFFFFFFFFFFFFFFFFFFFFFFF AND PUSH20 0xFFFFFFFFFFFFFFFFFFFFFFFFFFFFFFFFFFFFFFFF AND DUP2 MSTORE PUSH1 0x20 ADD SWAP1 DUP2 MSTORE PUSH1 0x20 ADD PUSH1 0x0 KECCAK256 PUSH1 0x0 DUP3 DUP3 SLOAD ADD SWAP3 POP POP DUP2 SWAP1 SSTORE POP DUP3 PUSH20 0xFFFFFFFFFFFFFFFFFFFFFFFFFFFFFFFFFFFFFFFF AND DUP5 PUSH20 0xFFFFFFFFFFFFFFFFFFFFFFFFFFFFFFFFFFFFFFFF AND PUSH32 0xDDF252AD1BE2C89B69C2B068FC378DAA952BA7F163C4A11628F55A4DF523B3EF DUP5 PUSH1 0x40 MLOAD DUP1 DUP3 DUP2 MSTORE PUSH1 0x20 ADD SWAP2 POP POP PUSH1 0x40 MLOAD DUP1 SWAP2 SUB SWAP1 LOG3 DUP1 PUSH1 0x4 PUSH1 0x0 DUP6 PUSH20 0xFFFFFFFFFFFFFFFFFFFFFFFFFFFFFFFFFFFFFFFF AND PUSH20 0xFFFFFFFFFFFFFFFFFFFFFFFFFFFFFFFFFFFFFFFF AND DUP2 MSTORE PUSH1 0x20 ADD SWAP1 DUP2 MSTORE PUSH1 0x20 ADD PUSH1 0x0 KECCAK256 SLOAD PUSH1 0x4 PUSH1 0x0 DUP8 PUSH20 0xFFFFFFFFFFFFFFFFFFFFFFFFFFFFFFFFFFFFFFFF AND PUSH20 0xFFFFFFFFFFFFFFFFFFFFFFFFFFFFFFFFFFFFFFFF AND DUP2 MSTORE PUSH1 0x20 ADD SWAP1 DUP2 MSTORE PUSH1 0x20 ADD PUSH1 0x0 KECCAK256 SLOAD ADD EQ ISZERO ISZERO PUSH2 0x103A JUMPI INVALID JUMPDEST POP POP POP POP JUMP STOP LOG1 PUSH6 0x627A7A723058 KECCAK256 CODESIZE 0x4a EXTCODECOPY 0xf 0xe7 MULMOD PUSH11 0x56AB9C62395BE72AAF3427 SDIV 0xaa 0xee 0x46 CALLVALUE CALLCODE ISZERO SWAP8 0xc6 0xaf MLOAD DUP4 0xe6 SSTORE STOP 0x29
1,PUSH1 0x60 PUSH1 0x40 MSTORE PUSH1 0x40 DUP1 MLOAD SWAP1 DUP2 ADD PUSH1 0x40 MSTORE DUP1 PUSH1 0x7 DUP2 MSTORE PUSH1 0x20 ADD PUSH32 0x50564520302E3100000000000000000000000000000000000000000000000000 DUP2 MSTORE POP PUSH1 0x1 SWAP1 DUP1 MLOAD SWAP1 PUSH1 0x20 ADD SWAP1 PUSH3 0x51 SWAP3 SWAP2 SWAP1 PUSH3 0x354 JUMP JUMPDEST POP PUSH1 0x0 PUSH1 0xD SSTORE PUSH1 0x40 DUP1 MLOAD SWAP1 DUP2 ADD PUSH1 0x40 MSTORE DUP1 PUSH1 0x10 DUP2 MSTORE PUSH1 0x20 ADD PUSH32 0x50726F766964656E6365436173696E6F00000000000000000000000000000000 DUP2 MSTORE POP PUSH1 0xE SWAP1 DUP1 MLOAD SWAP1 PUSH1 0x20 ADD SWAP1 PUSH3 0xA4 SWAP3 SWAP2 SWAP1 PUSH3 0x354 JUMP JUMPDEST POP PUSH1 0x40 DUP1 MLOAD SWAP1 DUP2 ADD PUSH1 0x40 MSTORE DUP1 PUSH1 0x3 DUP2 MSTORE PUSH1 0x20 ADD PUSH32 0x5056450000000000000000000000000000000000000000000000000000000000 DUP2 MSTORE POP PUSH1 0xF SWAP1 DUP1 MLOAD SWAP1 PUSH1 0x20 ADD SWAP1 PUSH3 0xF2 SWAP3 SWAP2 SWAP1 PUSH3 0x354 JUMP JUMPDEST POP PUSH1 0x0 PUSH1 0x10 PUSH1 0x0 PUSH2 0x100 EXP DUP2 SLOAD DUP2 PUSH1 0xFF MUL NOT AND SWAP1 DUP4 ISZERO ISZERO MUL OR SWAP1 SSTORE POP CALLVALUE ISZERO PUSH3 0x11A JUMPI PUSH1 0x0 DUP1 REVERT JUMPDEST PUSH11 0x1A784379D99DB42000000 PUSH1 0xE DUP1 SLOAD PUSH1 0x1 DUP2 PUSH1 0x1 AND ISZERO PUSH2 0x100 MUL SUB AND PUSH1 0x2 SWAP1 DIV DUP1 PUSH1 0x1F ADD PUSH1 0x20 DUP1 SWAP2 DIV MUL PUSH1 0x20 ADD PUSH1 0x40 MLOAD SWAP1 DUP2 ADD PUSH1 0x40 MSTORE DUP1 SWAP3 SWAP2 SWAP1 DUP2 DUP2 MSTORE PUSH1 0x20 ADD DUP3 DUP1 SLOAD PUSH1 0x1 DUP2 PUSH1 0x1 AND ISZERO PUSH2 0x100 MUL SUB AND PUSH1 0x2 SWAP1 DIV DUP1 ISZERO PUSH3 0x1C0 JUMPI DUP1 PUSH1 0x1F LT PUSH3 0x194 JUMPI PUSH2 0x100 DUP1 DUP4 SLOAD DIV MUL DUP4 MSTORE SWAP2 PUSH1 0x20 ADD SWAP2 PUSH3 0x1C0 JUMP JUMPDEST DUP3 ADD SWAP2 SWAP1 PUSH1 0x0 MSTORE PUSH1 0x20 PUSH1 0x0 KECCAK256 SWAP1 JUMPDEST DUP2 SLOAD DUP2 MSTORE SWAP1 PUSH1 0x1 ADD SWAP1 PUSH1 0x20 ADD DUP1 DUP4 GT PUSH3 0x1A2 JUMPI DUP3 SWAP1 SUB PUSH1 0x1F AND DUP3 ADD SWAP2 JUMPDEST POP POP POP POP POP PUSH1 0x10 PUSH1 0xF DUP1 SLOAD PUSH1 0x1 DUP2 PUSH1 0x1 AND ISZERO PUSH2 0x100 MUL SUB AND PUSH1 0x2 SWAP1 DIV DUP1 PUSH1 0x1F ADD PUSH1 0x20 DUP1 SWAP2 DIV MUL PUSH1 0x20 ADD PUSH1 0x40 MLOAD SWAP1 DUP2 ADD PUSH1 0x40 MSTORE DUP1 SWAP3 SWAP2 SWAP1 DUP2 DUP2 MSTORE PUSH1 0x20 ADD DUP3 DUP1 SLOAD PUSH1 0x1 DUP2 PUSH1 0x1 AND ISZERO PUSH2 0x100 MUL SUB AND PUSH1 0x2 SWAP1 DIV DUP1 ISZERO PUSH3 0x261 JUMPI DUP1 PUSH1 0x1F LT PUSH3 0x235 JUMPI PUSH2 0x100 DUP1 DUP4 SLOAD DIV MUL DUP4 MSTORE SWAP2 PUSH1 0x20 ADD SWAP2 PUSH3 0x261 JUMP JUMPDEST DUP3 ADD SWAP2 SWAP1 PUSH1 0x0 MSTORE PUSH1 0x20 PUSH1 0x0 KECCAK256 SWAP1 JUMPDEST DUP2 SLOAD DUP2 MSTORE SWAP1 PUSH1 0x1 ADD SWAP1 PUSH1 0x20 ADD DUP1 DUP4 GT PUSH3 0x243 JUMPI DUP3 SWAP1 SUB PUSH1 0x1F AND DUP3 ADD SWAP2 JUMPDEST POP POP POP POP POP CALLER PUSH1 0x0 DUP1 PUSH2 0x100 EXP DUP2 SLOAD DUP2 PUSH20 0xFFFFFFFFFFFFFFFFFFFFFFFFFFFFFFFFFFFFFFFF MUL NOT AND SWAP1 DUP4 PUSH20 0xFFFFFFFFFFFFFFFFFFFFFFFFFFFFFFFFFFFFFFFF AND MUL OR SWAP1 SSTORE POP PUSH10 0x43C33C1937564800000 DUP5 SUB PUSH1 0x6 PUSH1 0x0 CALLER PUSH20 0xFFFFFFFFFFFFFFFFFFFFFFFFFFFFFFFFFFFFFFFF AND PUSH20 0xFFFFFFFFFFFFFFFFFFFFFFFFFFFFFFFFFFFFFFFF AND DUP2 MSTORE PUSH1 0x20 ADD SWAP1 DUP2 MSTORE PUSH1 0x20 ADD PUSH1 0x0 KECCAK256 DUP2 SWAP1 SSTORE POP DUP4 PUSH1 0x5 DUP2 SWAP1 SSTORE POP DUP3 PUSH1 0x2 SWAP1 DUP1 MLOAD SWAP1 PUSH1 0x20 ADD SWAP1 PUSH3 0x315 SWAP3 SWAP2 SWAP1 PUSH3 0x354 JUMP JUMPDEST POP DUP1 PUSH1 0x3 SWAP1 DUP1 MLOAD SWAP1 PUSH1 0x20 ADD SWAP1 PUSH3 0x32E SWAP3 SWAP2 SWAP1 PUSH3 0x354 JUMP JUMPDEST POP DUP2 PUSH1 0x4 PUSH1 0x0 PUSH2 0x100 EXP DUP2 SLOAD DUP2 PUSH1 0xFF MUL NOT AND SWAP1 DUP4 PUSH1 0xFF AND MUL OR SWAP1 SSTORE POP POP POP POP POP PUSH3 0x403 JUMP JUMPDEST DUP3 DUP1 SLOAD PUSH1 0x1 DUP2 PUSH1 0x1 AND ISZERO PUSH2 0x100 MUL SUB AND PUSH1 0x2 SWAP1 DIV SWAP1 PUSH1 0x0 MSTORE PUSH1 0x20 PUSH1 0x0 KECCAK256 SWAP1 PUSH1 0x1F ADD PUSH1 0x20 SWAP1 DIV DUP2 ADD SWAP3 DUP3 PUSH1 0x1F LT PUSH3 0x397 JUMPI DUP1 MLOAD PUSH1 0xFF NOT AND DUP4 DUP1 ADD OR DUP6 SSTORE PUSH3 0x3C8 JUMP JUMPDEST DUP3 DUP1 ADD PUSH1 0x1 ADD DUP6 SSTORE DUP3 ISZERO PUSH3 0x3C8 JUMPI SWAP2 DUP3 ADD JUMPDEST DUP3 DUP2 GT ISZERO PUSH3 0x3C7 JUMPI DUP3 MLOAD DUP3 SSTORE SWAP2 PUSH1 0x20 ADD SWAP2 SWAP1 PUSH1 0x1 ADD SWAP1 PUSH3 0x3AA JUMP JUMPDEST JUMPDEST POP SWAP1 POP PUSH3 0x3D7 SWAP2 SWAP1 PUSH3 0x3DB JUMP JUMPDEST POP SWAP1 JUMP JUMPDEST PUSH3 0x400 SWAP2 SWAP1 JUMPDEST DUP1 DUP3 GT ISZERO PUSH3 0x3FC JUMPI PUSH1 0x0 DUP2 PUSH1 0x0 SWAP1 SSTORE POP PUSH1 0x1 ADD PUSH3 0x3E2 JUMP JUMPDEST POP SWAP1 JUMP JUMPDEST SWAP1 JUMP JUMPDEST PUSH2 0x22DB DUP1 PUSH3 0x413 PUSH1 0x0 CODECOPY PUSH1 0x0 RETURN STOP PUSH1 0x60 PUSH1 0x40 MSTORE PUSH1 0x4 CALLDATASIZE LT PUSH2 0x1A0 JUMPI PUSH1 0x0 CALLDATALOAD PUSH29 0x100000000000000000000000000000000000000000000000000000000 SWAP1 DIV PUSH4 0xFFFFFFFF AND DUP1 PUSH3 0x72D7B5 EQ PUSH2 0x1B0 JUMPI DUP1 PUSH4 0x5FEFDA7 EQ PUSH2 0x201 JUMPI DUP1 PUSH4 0x6661ABD EQ PUSH2 0x22D JUMPI DUP1 PUSH4 0x6FDDE03 EQ PUSH2 0x256 JUMPI DUP1 PUSH4 0x95EA7B3 EQ PUSH2 0x2E4 JUMPI DUP1 PUSH4 0x18160DDD EQ PUSH2 0x33E JUMPI DUP1 PUSH4 0x1CABA41F EQ PUSH2 0x367 JUMPI DUP1 PUSH4 0x23B872DD EQ PUSH2 0x396 JUMPI DUP1 PUSH4 0x313CE567 EQ PUSH2 0x40F JUMPI DUP1 PUSH4 0x31A38C89 EQ PUSH2 0x43E JUMPI DUP1 PUSH4 0x378DC3DC EQ PUSH2 0x46B JUMPI DUP1 PUSH4 0x4B750334 EQ PUSH2 0x494 JUMPI DUP1 PUSH4 0x5A3B7E42 EQ PUSH2 0x4BD JUMPI DUP1 PUSH4 0x6C02A931 EQ PUSH2 0x54B JUMPI DUP1 PUSH4 0x70A08231 EQ PUSH2 0x5D9 JUMPI DUP1 PUSH4 0x79C65068 EQ PUSH2 0x626 JUMPI DUP1 PUSH4 0x7B61C320 EQ PUSH2 0x668 JUMPI DUP1 PUSH4 0x8620410B EQ PUSH2 0x6F6 JUMPI DUP1 PUSH4 0x8DA5CB5B EQ PUSH2 0x71F JUMPI DUP1 PUSH4 0x95D89B41 EQ PUSH2 0x774 JUMPI DUP1 PUSH4 0xA39FAC12 EQ PUSH2 0x802 JUMPI DUP1 PUSH4 0xA6F2AE3A EQ PUSH2 0x86C JUMPI DUP1 PUSH4 0xA9059CBB EQ PUSH2 0x876 JUMPI DUP1 PUSH4 0xAD7ED3C2 EQ PUSH2 0x8B8 JUMPI DUP1 PUSH4 0xB414D4B6 EQ PUSH2 0x8F1 JUMPI DUP1 PUSH4 0xC19678D5 EQ PUSH2 0x942 JUMPI DUP1 PUSH4 0xCAE9CA51 EQ PUSH2 0x96F JUMPI DUP1 PUSH4 0xDD62ED3E EQ PUSH2 0xA0C JUMPI DUP1 PUSH4 0xDFBF53AE EQ PUSH2 0xA78 JUMPI DUP1 PUSH4 0xE4849B32 EQ PUSH2 0xACD JUMPI DUP1 PUSH4 0xE724529C EQ PUSH2 0xAF0 JUMPI DUP1 PUSH4 0xEDF26D9B EQ PUSH2 0xB34 JUMPI DUP1 PUSH4 0xF2FDE38B EQ PUSH2 0xB97 JUMPI JUMPDEST CALLVALUE ISZERO PUSH2 0x1AB JUMPI PUSH1 0x0 DUP1 REVERT JUMPDEST PUSH1 0x0 DUP1 REVERT JUMPDEST CALLVALUE ISZERO PUSH2 0x1BB JUMPI PUSH1 0x0 DUP1 REVERT JUMPDEST PUSH2 0x1E7 PUSH1 0x4 DUP1 DUP1 CALLDATALOAD PUSH20 0xFFFFFFFFFFFFFFFFFFFFFFFFFFFFFFFFFFFFFFFF AND SWAP1 PUSH1 0x20 ADD SWAP1 SWAP2 SWAP1 POP POP PUSH2 0xBD0 JUMP JUMPDEST PUSH1 0x40 MLOAD DUP1 DUP3 ISZERO ISZERO ISZERO ISZERO DUP2 MSTORE PUSH1 0x20 ADD SWAP2 POP POP PUSH1 0x40 MLOAD DUP1 SWAP2 SUB SWAP1 RETURN JUMPDEST CALLVALUE ISZERO PUSH2 0x20C JUMPI PUSH1 0x0 DUP1 REVERT JUMPDEST PUSH2 0x22B PUSH1 0x4 DUP1 DUP1 CALLDATALOAD SWAP1 PUSH1 0x20 ADD SWAP1 SWAP2 SWAP1 DUP1 CALLDATALOAD SWAP1 PUSH1 0x20 ADD SWAP1 SWAP2 SWAP1 POP POP PUSH2 0xBF0 JUMP JUMPDEST STOP JUMPDEST CALLVALUE ISZERO PUSH2 0x238 JUMPI PUSH1 0x0 DUP1 REVERT JUMPDEST PUSH2 0x240 PUSH2 0xC5D JUMP JUMPDEST PUSH1 0x40 MLOAD DUP1 DUP3 DUP2 MSTORE PUSH1 0x20 ADD SWAP2 POP POP PUSH1 0x40 MLOAD DUP1 SWAP2 SUB SWAP1 RETURN JUMPDEST CALLVALUE ISZERO PUSH2 0x261 JUMPI PUSH1 0x0 DUP1 REVERT JUMPDEST PUSH2 0x269 PUSH2 0xC63 JUMP JUMPDEST PUSH1 0x40 MLOAD DUP1 DUP1 PUSH1 0x20 ADD DUP3 DUP2 SUB DUP3 MSTORE DUP4 DUP2 DUP2 MLOAD DUP2 MSTORE PUSH1 0x20 ADD SWAP2 POP DUP1 MLOAD SWAP1 PUSH1 0x20 ADD SWAP1 DUP1 DUP4 DUP4 PUSH1 0x0 JUMPDEST DUP4 DUP2 LT ISZERO PUSH2 0x2A9 JUMPI DUP1 DUP3 ADD MLOAD DUP2 DUP5 ADD MSTORE PUSH1 0x20 DUP2 ADD SWAP1 POP PUSH2 0x28E JUMP JUMPDEST POP POP POP POP SWAP1 POP SWAP1 DUP2 ADD SWAP1 PUSH1 0x1F AND DUP1 ISZERO PUSH2 0x2D6 JUMPI DUP1 DUP3 SUB DUP1 MLOAD PUSH1 0x1 DUP4 PUSH1 0x20 SUB PUSH2 0x100 EXP SUB NOT AND DUP2 MSTORE PUSH1 0x20 ADD SWAP2 POP JUMPDEST POP SWAP3 POP POP POP PUSH1 0x40 MLOAD DUP1 SWAP2 SUB SWAP1 RETURN JUMPDEST CALLVALUE ISZERO PUSH2 0x2EF JUMPI PUSH1 0x0 DUP1 REVERT JUMPDEST PUSH2 0x324 PUSH1 0x4 DUP1 DUP1 CALLDATALOAD PUSH20 0xFFFFFFFFFFFFFFFFFFFFFFFFFFFFFFFFFFFFFFFF AND SWAP1 PUSH1 0x20 ADD SWAP1 SWAP2 SWAP1 DUP1 CALLDATALOAD SWAP1 PUSH1 0x20 ADD SWAP1 SWAP2 SWAP1 POP POP PUSH2 0xD01 JUMP JUMPDEST PUSH1 0x40 MLOAD DUP1 DUP3 ISZERO ISZERO ISZERO ISZERO DUP2 MSTORE PUSH1 0x20 ADD SWAP2 POP POP PUSH1 0x40 MLOAD DUP1 SWAP2 SUB SWAP1 RETURN JUMPDEST CALLVALUE ISZERO PUSH2 0x349 JUMPI PUSH1 0x0 DUP1 REVERT JUMPDEST PUSH2 0x351 PUSH2 0xD8E JUMP JUMPDEST PUSH1 0x40 MLOAD DUP1 DUP3 DUP2 MSTORE PUSH1 0x20 ADD SWAP2 POP POP PUSH1 0x40 MLOAD DUP1 SWAP2 SUB SWAP1 RETURN JUMPDEST CALLVALUE ISZERO PUSH2 0x372 JUMPI PUSH1 0x0 DUP1 REVERT JUMPDEST PUSH2 0x37A PUSH2 0xD94 JUMP JUMPDEST PUSH1 0x40 MLOAD DUP1 DUP3 PUSH1 0xFF AND PUSH1 0xFF AND DUP2 MSTORE PUSH1 0x20 ADD SWAP2 POP POP PUSH1 0x40 MLOAD DUP1 SWAP2 SUB SWAP1 RETURN JUMPDEST CALLVALUE ISZERO PUSH2 0x3A1 JUMPI PUSH1 0x0 DUP1 REVERT JUMPDEST PUSH2 0x3F5 PUSH1 0x4 DUP1 DUP1 CALLDATALOAD PUSH20 0xFFFFFFFFFFFFFFFFFFFFFFFFFFFFFFFFFFFFFFFF AND SWAP1 PUSH1 0x20 ADD SWAP1 SWAP2 SWAP1 DUP1 CALLDATALOAD PUSH20 0xFFFFFFFFFFFFFFFFFFFFFFFFFFFFFFFFFFFFFFFF AND SWAP1 PUSH1 0x20 ADD SWAP1 SWAP2 SWAP1 DUP1 CALLDATALOAD SWAP1 PUSH1 0x20 ADD SWAP1 SWAP2 SWAP1 POP POP PUSH2 0xD99 JUMP JUMPDEST PUSH1 0x40 MLOAD DUP1 DUP3 ISZERO ISZERO ISZERO ISZERO DUP2 MSTORE PUSH1 0x20 ADD SWAP2 POP POP PUSH1 0x40 MLOAD DUP1 SWAP2 SUB SWAP1 RETURN JUMPDEST CALLVALUE ISZERO PUSH2 0x41A JUMPI PUSH1 0x0 DUP1 REVERT JUMPDEST PUSH2 0x422 PUSH2 0x10E8 JUMP JUMPDEST PUSH1 0x40 MLOAD DUP1 DUP3 PUSH1 0xFF AND PUSH1 0xFF AND DUP2 MSTORE PUSH1 0x20 ADD SWAP2 POP POP PUSH1 0x40 MLOAD DUP1 SWAP2 SUB SWAP1 RETURN JUMPDEST CALLVALUE ISZERO PUSH2 0x449 JUMPI PUSH1 0x0 DUP1 REVERT JUMPDEST PUSH2 0x451 PUSH2 0x10FB JUMP JUMPDEST PUSH1 0x40 MLOAD DUP1 DUP3 ISZERO ISZERO ISZERO ISZERO DUP2 MSTORE PUSH1 0x20 ADD SWAP2 POP POP PUSH1 0x40 MLOAD DUP1 SWAP2 SUB SWAP1 RETURN JUMPDEST CALLVALUE ISZERO PUSH2 0x476 JUMPI PUSH1 0x0 DUP1 REVERT JUMPDEST PUSH2 0x47E PUSH2 0x110E JUMP JUMPDEST PUSH1 0x40 MLOAD DUP1 DUP3 DUP2 MSTORE PUSH1 0x20 ADD SWAP2 POP POP PUSH1 0x40 MLOAD DUP1 SWAP2 SUB SWAP1 RETURN JUMPDEST CALLVALUE ISZERO PUSH2 0x49F JUMPI PUSH1 0x0 DUP1 REVERT JUMPDEST PUSH2 0x4A7 PUSH2 0x111D JUMP JUMPDEST PUSH1 0x40 MLOAD DUP1 DUP3 DUP2 MSTORE PUSH1 0x20 ADD SWAP2 POP POP PUSH1 0x40 MLOAD DUP1 SWAP2 SUB SWAP1 RETURN JUMPDEST CALLVALUE ISZERO PUSH2 0x4C8 JUMPI PUSH1 0x0 DUP1 REVERT JUMPDEST PUSH2 0x4D0 PUSH2 0x1123 JUMP JUMPDEST PUSH1 0x40 MLOAD DUP1 DUP1 PUSH1 0x20 ADD DUP3 DUP2 SUB DUP3 MSTORE DUP4 DUP2 DUP2 MLOAD DUP2 MSTORE PUSH1 0x20 ADD SWAP2 POP DUP1 MLOAD SWAP1 PUSH1 0x20 ADD SWAP1 DUP1 DUP4 DUP4 PUSH1 0x0 JUMPDEST DUP4 DUP2 LT ISZERO PUSH2 0x510 JUMPI DUP1 DUP3 ADD MLOAD DUP2 DUP5 ADD MSTORE PUSH1 0x20 DUP2 ADD SWAP1 POP PUSH2 0x4F5 JUMP JUMPDEST POP POP POP POP SWAP1 POP SWAP1 DUP2 ADD SWAP1 PUSH1 0x1F AND DUP1 ISZERO PUSH2 0x53D JUMPI DUP1 DUP3 SUB DUP1 MLOAD PUSH1 0x1 DUP4 PUSH1 0x20 SUB PUSH2 0x100 EXP SUB NOT AND DUP2 MSTORE PUSH1 0x20 ADD SWAP2 POP JUMPDEST POP SWAP3 POP POP POP PUSH1 0x40 MLOAD DUP1 SWAP2 SUB SWAP1 RETURN JUMPDEST CALLVALUE ISZERO PUSH2 0x556 JUMPI PUSH1 0x0 DUP1 REVERT JUMPDEST PUSH2 0x55E PUSH2 0x11C1 JUMP JUMPDEST PUSH1 0x40 MLOAD DUP1 DUP1 PUSH1 0x20 ADD DUP3 DUP2 SUB DUP3 MSTORE DUP4 DUP2 DUP2 MLOAD DUP2 MSTORE PUSH1 0x20 ADD SWAP2 POP DUP1 MLOAD SWAP1 PUSH1 0x20 ADD SWAP1 DUP1 DUP4 DUP4 PUSH1 0x0 JUMPDEST DUP4 DUP2 LT ISZERO PUSH2 0x59E JUMPI DUP1 DUP3 ADD MLOAD DUP2 DUP5 ADD MSTORE PUSH1 0x20 DUP2 ADD SWAP1 POP PUSH2 0x583 JUMP JUMPDEST POP POP POP POP SWAP1 POP SWAP1 DUP2 ADD SWAP1 PUSH1 0x1F AND DUP1 ISZERO PUSH2 0x5CB JUMPI DUP1 DUP3 SUB DUP1 MLOAD PUSH1 0x1 DUP4 PUSH1 0x20 SUB PUSH2 0x100 EXP SUB NOT AND DUP2 MSTORE PUSH1 0x20 ADD SWAP2 POP JUMPDEST POP SWAP3 POP POP POP PUSH1 0x40 MLOAD DUP1 SWAP2 SUB SWAP1 RETURN JUMPDEST CALLVALUE ISZERO PUSH2 0x5E4 JUMPI PUSH1 0x0 DUP1 REVERT JUMPDEST PUSH2 0x610 PUSH1 0x4 DUP1 DUP1 CALLDATALOAD PUSH20 0xFFFFFFFFFFFFFFFFFFFFFFFFFFFFFFFFFFFFFFFF AND SWAP1 PUSH1 0x20 ADD SWAP1 SWAP2 SWAP1 POP POP PUSH2 0x125F JUMP JUMPDEST PUSH1 0x40 MLOAD DUP1 DUP3 DUP2 MSTORE PUSH1 0x20 ADD SWAP2 POP POP PUSH1 0x40 MLOAD DUP1 SWAP2 SUB SWAP1 RETURN JUMPDEST CALLVALUE ISZERO PUSH2 0x631 JUMPI PUSH1 0x0 DUP1 REVERT JUMPDEST PUSH2 0x666 PUSH1 0x4 DUP1 DUP1 CALLDATALOAD PUSH20 0xFFFFFFFFFFFFFFFFFFFFFFFFFFFFFFFFFFFFFFFF AND SWAP1 PUSH1 0x20 ADD SWAP1 SWAP2 SWAP1 DUP1 CALLDATALOAD SWAP1 PUSH1 0x20 ADD SWAP1 SWAP2 SWAP1 POP POP PUSH2 0x1277 JUMP JUMPDEST STOP JUMPDEST CALLVALUE ISZERO PUSH2 0x673 JUMPI PUSH1 0x0 DUP1 REVERT JUMPDEST PUSH2 0x67B PUSH2 0x13E8 JUMP JUMPDEST PUSH1 0x40 MLOAD DUP1 DUP1 PUSH1 0x20 ADD DUP3 DUP2 SUB DUP3 MSTORE DUP4 DUP2 DUP2 MLOAD DUP2 MSTORE PUSH1 0x20 ADD SWAP2 POP DUP1 MLOAD SWAP1 PUSH1 0x20 ADD SWAP1 DUP1 DUP4 DUP4 PUSH1 0x0 JUMPDEST DUP4 DUP2 LT ISZERO PUSH2 0x6BB JUMPI DUP1 DUP3 ADD MLOAD DUP2 DUP5 ADD MSTORE PUSH1 0x20 DUP2 ADD SWAP1 POP PUSH2 0x6A0 JUMP JUMPDEST POP POP POP POP SWAP1 POP SWAP1 DUP2 ADD SWAP1 PUSH1 0x1F AND DUP1 ISZERO PUSH2 0x6E8 JUMPI DUP1 DUP3 SUB DUP1 MLOAD PUSH1 0x1 DUP4 PUSH1 0x20 SUB PUSH2 0x100 EXP SUB NOT AND DUP2 MSTORE PUSH1 0x20 ADD SWAP2 POP JUMPDEST POP SWAP3 POP POP POP PUSH1 0x40 MLOAD DUP1 SWAP2 SUB SWAP1 RETURN JUMPDEST CALLVALUE ISZERO PUSH2 0x701 JUMPI PUSH1 0x0 DUP1 REVERT JUMPDEST PUSH2 0x709 PUSH2 0x1486 JUMP JUMPDEST PUSH1 0x40 MLOAD DUP1 DUP3 DUP2 MSTORE PUSH1 0x20 ADD SWAP2 POP POP PUSH1 0x40 MLOAD DUP1 SWAP2 SUB SWAP1 RETURN JUMPDEST CALLVALUE ISZERO PUSH2 0x72A JUMPI PUSH1 0x0 DUP1 REVERT JUMPDEST PUSH2 0x732 PUSH2 0x148C JUMP JUMPDEST PUSH1 0x40 MLOAD DUP1 DUP3 PUSH20 0xFFFFFFFFFFFFFFFFFFFFFFFFFFFFFFFFFFFFFFFF AND PUSH20 0xFFFFFFFFFFFFFFFFFFFFFFFFFFFFFFFFFFFFFFFF AND DUP2 MSTORE PUSH1 0x20 ADD SWAP2 POP POP PUSH1 0x40 MLOAD DUP1 SWAP2 SUB SWAP1 RETURN JUMPDEST CALLVALUE ISZERO PUSH2 0x77F JUMPI PUSH1 0x0 DUP1 REVERT JUMPDEST PUSH2 0x787 PUSH2 0x14B1 JUMP JUMPDEST PUSH1 0x40 MLOAD DUP1 DUP1 PUSH1 0x20 ADD DUP3 DUP2 SUB DUP3 MSTORE DUP4 DUP2 DUP2 MLOAD DUP2 MSTORE PUSH1 0x20 ADD SWAP2 POP DUP1 MLOAD SWAP1 PUSH1 0x20 ADD SWAP1 DUP1 DUP4 DUP4 PUSH1 0x0 JUMPDEST DUP4 DUP2 LT ISZERO PUSH2 0x7C7 JUMPI DUP1 DUP3 ADD MLOAD DUP2 DUP5 ADD MSTORE PUSH1 0x20 DUP2 ADD SWAP1 POP PUSH2 0x7AC JUMP JUMPDEST POP POP POP POP SWAP1 POP SWAP1 DUP2 ADD SWAP1 PUSH1 0x1F AND DUP1 ISZERO PUSH2 0x7F4 JUMPI DUP1 DUP3 SUB DUP1 MLOAD PUSH1 0x1 DUP4 PUSH1 0x20 SUB PUSH2 0x100 EXP SUB NOT AND DUP2 MSTORE PUSH1 0x20 ADD SWAP2 POP JUMPDEST POP SWAP3 POP POP POP PUSH1 0x40 MLOAD DUP1 SWAP2 SUB SWAP1 RETURN JUMPDEST CALLVALUE ISZERO PUSH2 0x80D JUMPI PUSH1 0x0 DUP1 REVERT JUMPDEST PUSH2 0x815 PUSH2 0x154F JUMP JUMPDEST PUSH1 0x40 MLOAD DUP1 DUP1 PUSH1 0x20 ADD DUP3 DUP2 SUB DUP3 MSTORE DUP4 DUP2 DUP2 MLOAD DUP2 MSTORE PUSH1 0x20 ADD SWAP2 POP DUP1 MLOAD SWAP1 PUSH1 0x20 ADD SWAP1 PUSH1 0x20 MUL DUP1 DUP4 DUP4 PUSH1 0x0 JUMPDEST DUP4 DUP2 LT ISZERO PUSH2 0x858 JUMPI DUP1 DUP3 ADD MLOAD DUP2 DUP5 ADD MSTORE PUSH1 0x20 DUP2 ADD SWAP1 POP PUSH2 0x83D JUMP JUMPDEST POP POP POP POP SWAP1 POP ADD SWAP3 POP POP POP PUSH1 0x40 MLOAD DUP1 SWAP2 SUB SWAP1 RETURN JUMPDEST PUSH2 0x874 PUSH2 0x15E3 JUMP JUMPDEST STOP JUMPDEST CALLVALUE ISZERO PUSH2 0x881 JUMPI PUSH1 0x0 DUP1 REVERT JUMPDEST PUSH2 0x8B6 PUSH1 0x4 DUP1 DUP1 CALLDATALOAD PUSH20 0xFFFFFFFFFFFFFFFFFFFFFFFFFFFFFFFFFFFFFFFF AND SWAP1 PUSH1 0x20 ADD SWAP1 SWAP2 SWAP1 DUP1 CALLDATALOAD SWAP1 PUSH1 0x20 ADD SWAP1 SWAP2 SWAP1 POP POP PUSH2 0x1743 JUMP JUMPDEST STOP JUMPDEST CALLVALUE ISZERO PUSH2 0x8C3 JUMPI PUSH1 0x0 DUP1 REVERT JUMPDEST PUSH2 0x8EF PUSH1 0x4 DUP1 DUP1 CALLDATALOAD PUSH20 0xFFFFFFFFFFFFFFFFFFFFFFFFFFFFFFFFFFFFFFFF AND SWAP1 PUSH1 0x20 ADD SWAP1 SWAP2 SWAP1 POP POP PUSH2 0x1BEA JUMP JUMPDEST STOP JUMPDEST CALLVALUE ISZERO PUSH2 0x8FC JUMPI PUSH1 0x0 DUP1 REVERT JUMPDEST PUSH2 0x928 PUSH1 0x4 DUP1 DUP1 CALLDATALOAD PUSH20 0xFFFFFFFFFFFFFFFFFFFFFFFFFFFFFFFFFFFFFFFF AND SWAP1 PUSH1 0x20 ADD SWAP1 SWAP2 SWAP1 POP POP PUSH2 0x1CA4 JUMP JUMPDEST PUSH1 0x40 MLOAD DUP1 DUP3 ISZERO ISZERO ISZERO ISZERO DUP2 MSTORE PUSH1 0x20 ADD SWAP2 POP POP PUSH1 0x40 MLOAD DUP1 SWAP2 SUB SWAP1 RETURN JUMPDEST CALLVALUE ISZERO PUSH2 0x94D JUMPI PUSH1 0x0 DUP1 REVERT JUMPDEST PUSH2 0x955 PUSH2 0x1CC4 JUMP JUMPDEST PUSH1 0x40 MLOAD DUP1 DUP3 ISZERO ISZERO ISZERO ISZERO DUP2 MSTORE PUSH1 0x20 ADD SWAP2 POP POP PUSH1 0x40 MLOAD DUP1 SWAP2 SUB SWAP1 RETURN JUMPDEST CALLVALUE ISZERO PUSH2 0x97A JUMPI PUSH1 0x0 DUP1 REVERT JUMPDEST PUSH2 0x9F2 PUSH1 0x4 DUP1 DUP1 CALLDATALOAD PUSH20 0xFFFFFFFFFFFFFFFFFFFFFFFFFFFFFFFFFFFFFFFF AND SWAP1 PUSH1 0x20 ADD SWAP1 SWAP2 SWAP1 DUP1 CALLDATALOAD SWAP1 PUSH1 0x20 ADD SWAP1 SWAP2 SWAP1 DUP1 CALLDATALOAD SWAP1 PUSH1 0x20 ADD SWAP1 DUP3 ADD DUP1 CALLDATALOAD SWAP1 PUSH1 0x20 ADD SWAP1 DUP1 DUP1 PUSH1 0x1F ADD PUSH1 0x20 DUP1 SWAP2 DIV MUL PUSH1 0x20 ADD PUSH1 0x40 MLOAD SWAP1 DUP2 ADD PUSH1 0x40 MSTORE DUP1 SWAP4 SWAP3 SWAP2 SWAP1 DUP2 DUP2 MSTORE PUSH1 0x20 ADD DUP4 DUP4 DUP1 DUP3 DUP5 CALLDATACOPY DUP3 ADD SWAP2 POP POP POP POP POP POP SWAP2 SWAP1 POP POP PUSH2 0x1CED JUMP JUMPDEST PUSH1 0x40 MLOAD DUP1 DUP3 ISZERO ISZERO ISZERO ISZERO DUP2 MSTORE PUSH1 0x20 ADD SWAP2 POP POP PUSH1 0x40 MLOAD DUP1 SWAP2 SUB SWAP1 RETURN JUMPDEST CALLVALUE ISZERO PUSH2 0xA17 JUMPI PUSH1 0x0 DUP1 REVERT JUMPDEST PUSH2 0xA62 PUSH1 0x4 DUP1 DUP1 CALLDATALOAD PUSH20 0xFFFFFFFFFFFFFFFFFFFFFFFFFFFFFFFFFFFFFFFF AND SWAP1 PUSH1 0x20 ADD SWAP1 SWAP2 SWAP1 DUP1 CALLDATALOAD PUSH20 0xFFFFFFFFFFFFFFFFFFFFFFFFFFFFFFFFFFFFFFFF AND SWAP1 PUSH1 0x20 ADD SWAP1 SWAP2 SWAP1 POP POP PUSH2 0x1E6B JUMP JUMPDEST PUSH1 0x40 MLOAD DUP1 DUP3 DUP2 MSTORE PUSH1 0x20 ADD SWAP2 POP POP PUSH1 0x40 MLOAD DUP1 SWAP2 SUB SWAP1 RETURN JUMPDEST CALLVALUE ISZERO PUSH2 0xA83 JUMPI PUSH1 0x0 DUP1 REVERT JUMPDEST PUSH2 0xA8B PUSH2 0x1E90 JUMP JUMPDEST PUSH1 0x40 MLOAD DUP1 DUP3 PUSH20 0xFFFFFFFFFFFFFFFFFFFFFFFFFFFFFFFFFFFFFFFF AND PUSH20 0xFFFFFFFFFFFFFFFFFFFFFFFFFFFFFFFFFFFFFFFF AND DUP2 MSTORE PUSH1 0x20 ADD SWAP2 POP POP PUSH1 0x40 MLOAD DUP1 SWAP2 SUB SWAP1 RETURN JUMPDEST CALLVALUE ISZERO PUSH2 0xAD8 JUMPI PUSH1 0x0 DUP1 REVERT JUMPDEST PUSH2 0xAEE PUSH1 0x4 DUP1 DUP1 CALLDATALOAD SWAP1 PUSH1 0x20 ADD SWAP1 SWAP2 SWAP1 POP POP PUSH2 0x1EB6 JUMP JUMPDEST STOP JUMPDEST CALLVALUE ISZERO PUSH2 0xAFB JUMPI PUSH1 0x0 DUP1 REVERT JUMPDEST PUSH2 0xB32 PUSH1 0x4 DUP1 DUP1 CALLDATALOAD PUSH20 0xFFFFFFFFFFFFFFFFFFFFFFFFFFFFFFFFFFFFFFFF AND SWAP1 PUSH1 0x20 ADD SWAP1 SWAP2 SWAP1 DUP1 CALLDATALOAD ISZERO ISZERO SWAP1 PUSH1 0x20 ADD SWAP1 SWAP2 SWAP1 POP POP PUSH2 0x2048 JUMP JUMPDEST STOP JUMPDEST CALLVALUE ISZERO PUSH2 0xB3F JUMPI PUSH1 0x0 DUP1 REVERT JUMPDEST PUSH2 0xB55 PUSH1 0x4 DUP1 DUP1 CALLDATALOAD SWAP1 PUSH1 0x20 ADD SWAP1 SWAP2 SWAP1 POP POP PUSH2 0x216D JUMP JUMPDEST PUSH1 0x40 MLOAD DUP1 DUP3 PUSH20 0xFFFFFFFFFFFFFFFFFFFFFFFFFFFFFFFFFFFFFFFF AND PUSH20 0xFFFFFFFFFFFFFFFFFFFFFFFFFFFFFFFFFFFFFFFF AND DUP2 MSTORE PUSH1 0x20 ADD SWAP2 POP POP PUSH1 0x40 MLOAD DUP1 SWAP2 SUB SWAP1 RETURN JUMPDEST CALLVALUE ISZERO PUSH2 0xBA2 JUMPI PUSH1 0x0 DUP1 REVERT JUMPDEST PUSH2 0xBCE PUSH1 0x4 DUP1 DUP1 CALLDATALOAD PUSH20 0xFFFFFFFFFFFFFFFFFFFFFFFFFFFFFFFFFFFFFFFF AND SWAP1 PUSH1 0x20 ADD SWAP1 SWAP2 SWAP1 POP POP PUSH2 0x21AC JUMP JUMPDEST STOP JUMPDEST PUSH1 0xB PUSH1 0x20 MSTORE DUP1 PUSH1 0x0 MSTORE PUSH1 0x40 PUSH1 0x0 KECCAK256 PUSH1 0x0 SWAP2 POP SLOAD SWAP1 PUSH2 0x100 EXP SWAP1 DIV PUSH1 0xFF AND DUP2 JUMP JUMPDEST PUSH1 0x0 DUP1 SWAP1 SLOAD SWAP1 PUSH2 0x100 EXP SWAP1 DIV PUSH20 0xFFFFFFFFFFFFFFFFFFFFFFFFFFFFFFFFFFFFFFFF AND PUSH20 0xFFFFFFFFFFFFFFFFFFFFFFFFFFFFFFFFFFFFFFFF AND CALLER PUSH20 0xFFFFFFFFFFFFFFFFFFFFFFFFFFFFFFFFFFFFFFFF AND EQ ISZERO ISZERO PUSH2 0xC4B JUMPI PUSH1 0x0 DUP1 REVERT JUMPDEST DUP2 PUSH1 0x8 DUP2 SWAP1 SSTORE POP DUP1 PUSH1 0x9 DUP2 SWAP1 SSTORE POP POP POP JUMP JUMPDEST PUSH1 0xD SLOAD DUP2 JUMP JUMPDEST PUSH1 0x2 DUP1 SLOAD PUSH1 0x1 DUP2 PUSH1 0x1 AND ISZERO PUSH2 0x100 MUL SUB AND PUSH1 0x2 SWAP1 DIV DUP1 PUSH1 0x1F ADD PUSH1 0x20 DUP1 SWAP2 DIV MUL PUSH1 0x20 ADD PUSH1 0x40 MLOAD SWAP1 DUP2 ADD PUSH1 0x40 MSTORE DUP1 SWAP3 SWAP2 SWAP1 DUP2 DUP2 MSTORE PUSH1 0x20 ADD DUP3 DUP1 SLOAD PUSH1 0x1 DUP2 PUSH1 0x1 AND ISZERO PUSH2 0x100 MUL SUB AND PUSH1 0x2 SWAP1 DIV DUP1 ISZERO PUSH2 0xCF9 JUMPI DUP1 PUSH1 0x1F LT PUSH2 0xCCE JUMPI PUSH2 0x100 DUP1 DUP4 SLOAD DIV MUL DUP4 MSTORE SWAP2 PUSH1 0x20 ADD SWAP2 PUSH2 0xCF9 JUMP JUMPDEST DUP3 ADD SWAP2 SWAP1 PUSH1 0x0 MSTORE PUSH1 0x20 PUSH1 0x0 KECCAK256 SWAP1 JUMPDEST DUP2 SLOAD DUP2 MSTORE SWAP1 PUSH1 0x1 ADD SWAP1 PUSH1 0x20 ADD DUP1 DUP4 GT PUSH2 0xCDC JUMPI DUP3 SWAP1 SUB PUSH1 0x1F AND DUP3 ADD SWAP2 JUMPDEST POP POP POP POP POP DUP2 JUMP JUMPDEST PUSH1 0x0 DUP2 PUSH1 0x7 PUSH1 0x0 CALLER PUSH20 0xFFFFFFFFFFFFFFFFFFFFFFFFFFFFFFFFFFFFFFFF AND PUSH20 0xFFFFFFFFFFFFFFFFFFFFFFFFFFFFFFFFFFFFFFFF AND DUP2 MSTORE PUSH1 0x20 ADD SWAP1 DUP2 MSTORE PUSH1 0x20 ADD PUSH1 0x0 KECCAK256 PUSH1 0x0 DUP6 PUSH20 0xFFFFFFFFFFFFFFFFFFFFFFFFFFFFFFFFFFFFFFFF AND PUSH20 0xFFFFFFFFFFFFFFFFFFFFFFFFFFFFFFFFFFFFFFFF AND DUP2 MSTORE PUSH1 0x20 ADD SWAP1 DUP2 MSTORE PUSH1 0x20 ADD PUSH1 0x0 KECCAK256 DUP2 SWAP1 SSTORE POP PUSH1 0x1 SWAP1 POP SWAP3 SWAP2 POP POP JUMP JUMPDEST PUSH1 0x5 SLOAD DUP2 JUMP JUMPDEST PUSH1 0x10 DUP2 JUMP JUMPDEST PUSH1 0x0 PUSH1 0xA PUSH1 0x0 DUP6 PUSH20 0xFFFFFFFFFFFFFFFFFFFFFFFFFFFFFFFFFFFFFFFF AND PUSH20 0xFFFFFFFFFFFFFFFFFFFFFFFFFFFFFFFFFFFFFFFF AND DUP2 MSTORE PUSH1 0x20 ADD SWAP1 DUP2 MSTORE PUSH1 0x20 ADD PUSH1 0x0 KECCAK256 PUSH1 0x0 SWAP1 SLOAD SWAP1 PUSH2 0x100 EXP SWAP1 DIV PUSH1 0xFF AND ISZERO PUSH2 0xDF2 JUMPI PUSH1 0x0 DUP1 REVERT JUMPDEST DUP2 PUSH1 0x6 PUSH1 0x0 DUP7 PUSH20 0xFFFFFFFFFFFFFFFFFFFFFFFFFFFFFFFFFFFFFFFF AND PUSH20 0xFFFFFFFFFFFFFFFFFFFFFFFFFFFFFFFFFFFFFFFF AND DUP2 MSTORE PUSH1 0x20 ADD SWAP1 DUP2 MSTORE PUSH1 0x20 ADD PUSH1 0x0 KECCAK256 SLOAD LT ISZERO PUSH2 0xE3E JUMPI PUSH1 0x0 DUP1 REVERT JUMPDEST PUSH1 0x6 PUSH1 0x0 DUP5 PUSH20 0xFFFFFFFFFFFFFFFFFFFFFFFFFFFFFFFFFFFFFFFF AND PUSH20 0xFFFFFFFFFFFFFFFFFFFFFFFFFFFFFFFFFFFFFFFF AND DUP2 MSTORE PUSH1 0x20 ADD SWAP1 DUP2 MSTORE PUSH1 0x20 ADD PUSH1 0x0 KECCAK256 SLOAD DUP3 PUSH1 0x6 PUSH1 0x0 DUP7 PUSH20 0xFFFFFFFFFFFFFFFFFFFFFFFFFFFFFFFFFFFFFFFF AND PUSH20 0xFFFFFFFFFFFFFFFFFFFFFFFFFFFFFFFFFFFFFFFF AND DUP2 MSTORE PUSH1 0x20 ADD SWAP1 DUP2 MSTORE PUSH1 0x20 ADD PUSH1 0x0 KECCAK256 SLOAD ADD LT ISZERO PUSH2 0xECB JUMPI PUSH1 0x0 DUP1 REVERT JUMPDEST PUSH1 0x7 PUSH1 0x0 DUP6 PUSH20 0xFFFFFFFFFFFFFFFFFFFFFFFFFFFFFFFFFFFFFFFF AND PUSH20 0xFFFFFFFFFFFFFFFFFFFFFFFFFFFFFFFFFFFFFFFF AND DUP2 MSTORE PUSH1 0x20 ADD SWAP1 DUP2 MSTORE PUSH1 0x20 ADD PUSH1 0x0 KECCAK256 PUSH1 0x0 CALLER PUSH20 0xFFFFFFFFFFFFFFFFFFFFFFFFFFFFFFFFFFFFFFFF AND PUSH20 0xFFFFFFFFFFFFFFFFFFFFFFFFFFFFFFFFFFFFFFFF AND DUP2 MSTORE PUSH1 0x20 ADD SWAP1 DUP2 MSTORE PUSH1 0x20 ADD PUSH1 0x0 KECCAK256 SLOAD DUP3 GT ISZERO PUSH2 0xF54 JUMPI PUSH1 0x0 DUP1 REVERT JUMPDEST DUP2 PUSH1 0x6 PUSH1 0x0 DUP7 PUSH20 0xFFFFFFFFFFFFFFFFFFFFFFFFFFFFFFFFFFFFFFFF AND PUSH20 0xFFFFFFFFFFFFFFFFFFFFFFFFFFFFFFFFFFFFFFFF AND DUP2 MSTORE PUSH1 0x20 ADD SWAP1 DUP2 MSTORE PUSH1 0x20 ADD PUSH1 0x0 KECCAK256 PUSH1 0x0 DUP3 DUP3 SLOAD SUB SWAP3 POP POP DUP2 SWAP1 SSTORE POP DUP2 PUSH1 0x6 PUSH1 0x0 DUP6 PUSH20 0xFFFFFFFFFFFFFFFFFFFFFFFFFFFFFFFFFFFFFFFF AND PUSH20 0xFFFFFFFFFFFFFFFFFFFFFFFFFFFFFFFFFFFFFFFF AND DUP2 MSTORE PUSH1 0x20 ADD SWAP1 DUP2 MSTORE PUSH1 0x20 ADD PUSH1 0x0 KECCAK256 PUSH1 0x0 DUP3 DUP3 SLOAD ADD SWAP3 POP POP DUP2 SWAP1 SSTORE POP DUP2 PUSH1 0x7 PUSH1 0x0 DUP7 PUSH20 0xFFFFFFFFFFFFFFFFFFFFFFFFFFFFFFFFFFFFFFFF AND PUSH20 0xFFFFFFFFFFFFFFFFFFFFFFFFFFFFFFFFFFFFFFFF AND DUP2 MSTORE PUSH1 0x20 ADD SWAP1 DUP2 MSTORE PUSH1 0x20 ADD PUSH1 0x0 KECCAK256 PUSH1 0x0 CALLER PUSH20 0xFFFFFFFFFFFFFFFFFFFFFFFFFFFFFFFFFFFFFFFF AND PUSH20 0xFFFFFFFFFFFFFFFFFFFFFFFFFFFFFFFFFFFFFFFF AND DUP2 MSTORE PUSH1 0x20 ADD SWAP1 DUP2 MSTORE PUSH1 0x20 ADD PUSH1 0x0 KECCAK256 PUSH1 0x0 DUP3 DUP3 SLOAD SUB SWAP3 POP POP DUP2 SWAP1 SSTORE POP DUP3 PUSH20 0xFFFFFFFFFFFFFFFFFFFFFFFFFFFFFFFFFFFFFFFF AND DUP5 PUSH20 0xFFFFFFFFFFFFFFFFFFFFFFFFFFFFFFFFFFFFFFFF AND PUSH32 0xDDF252AD1BE2C89B69C2B068FC378DAA952BA7F163C4A11628F55A4DF523B3EF DUP5 PUSH1 0x40 MLOAD DUP1 DUP3 DUP2 MSTORE PUSH1 0x20 ADD SWAP2 POP POP PUSH1 0x40 MLOAD DUP1 SWAP2 SUB SWAP1 LOG3 PUSH1 0x1 SWAP1 POP SWAP4 SWAP3 POP POP POP JUMP JUMPDEST PUSH1 0x4 PUSH1 0x0 SWAP1 SLOAD SWAP1 PUSH2 0x100 EXP SWAP1 DIV PUSH1 0xFF AND DUP2 JUMP JUMPDEST PUSH1 0x10 PUSH1 0x0 SWAP1 SLOAD SWAP1 PUSH2 0x100 EXP SWAP1 DIV PUSH1 0xFF AND DUP2 JUMP JUMPDEST PUSH11 0x1A784379D99DB42000000 DUP2 JUMP JUMPDEST PUSH1 0x8 SLOAD DUP2 JUMP JUMPDEST PUSH1 0x1 DUP1 SLOAD PUSH1 0x1 DUP2 PUSH1 0x1 AND ISZERO PUSH2 0x100 MUL SUB AND PUSH1 0x2 SWAP1 DIV DUP1 PUSH1 0x1F ADD PUSH1 0x20 DUP1 SWAP2 DIV MUL PUSH1 0x20 ADD PUSH1 0x40 MLOAD SWAP1 DUP2 ADD PUSH1 0x40 MSTORE DUP1 SWAP3 SWAP2 SWAP1 DUP2 DUP2 MSTORE PUSH1 0x20 ADD DUP3 DUP1 SLOAD PUSH1 0x1 DUP2 PUSH1 0x1 AND ISZERO PUSH2 0x100 MUL SUB AND PUSH1 0x2 SWAP1 DIV DUP1 ISZERO PUSH2 0x11B9 JUMPI DUP1 PUSH1 0x1F LT PUSH2 0x118E JUMPI PUSH2 0x100 DUP1 DUP4 SLOAD DIV MUL DUP4 MSTORE SWAP2 PUSH1 0x20 ADD SWAP2 PUSH2 0x11B9 JUMP JUMPDEST DUP3 ADD SWAP2 SWAP1 PUSH1 0x0 MSTORE PUSH1 0x20 PUSH1 0x0 KECCAK256 SWAP1 JUMPDEST DUP2 SLOAD DUP2 MSTORE SWAP1 PUSH1 0x1 ADD SWAP1 PUSH1 0x20 ADD DUP1 DUP4 GT PUSH2 0x119C JUMPI DUP3 SWAP1 SUB PUSH1 0x1F AND DUP3 ADD SWAP2 JUMPDEST POP POP POP POP POP DUP2 JUMP JUMPDEST PUSH1 0xE DUP1 SLOAD PUSH1 0x1 DUP2 PUSH1 0x1 AND ISZERO PUSH2 0x100 MUL SUB AND PUSH1 0x2 SWAP1 DIV DUP1 PUSH1 0x1F ADD PUSH1 0x20 DUP1 SWAP2 DIV MUL PUSH1 0x20 ADD PUSH1 0x40 MLOAD SWAP1 DUP2 ADD PUSH1 0x40 MSTORE DUP1 SWAP3 SWAP2 SWAP1 DUP2 DUP2 MSTORE PUSH1 0x20 ADD DUP3 DUP1 SLOAD PUSH1 0x1 DUP2 PUSH1 0x1 AND ISZERO PUSH2 0x100 MUL SUB AND PUSH1 0x2 SWAP1 DIV DUP1 ISZERO PUSH2 0x1257 JUMPI DUP1 PUSH1 0x1F LT PUSH2 0x122C JUMPI PUSH2 0x100 DUP1 DUP4 SLOAD DIV MUL DUP4 MSTORE SWAP2 PUSH1 0x20 ADD SWAP2 PUSH2 0x1257 JUMP JUMPDEST DUP3 ADD SWAP2 SWAP1 PUSH1 0x0 MSTORE PUSH1 0x20 PUSH1 0x0 KECCAK256 SWAP1 JUMPDEST DUP2 SLOAD DUP2 MSTORE SWAP1 PUSH1 0x1 ADD SWAP1 PUSH1 0x20 ADD DUP1 DUP4 GT PUSH2 0x123A JUMPI DUP3 SWAP1 SUB PUSH1 0x1F AND DUP3 ADD SWAP2 JUMPDEST POP POP POP POP POP DUP2 JUMP JUMPDEST PUSH1 0x6 PUSH1 0x20 MSTORE DUP1 PUSH1 0x0 MSTORE PUSH1 0x40 PUSH1 0x0 KECCAK256 PUSH1 0x0 SWAP2 POP SWAP1 POP SLOAD DUP2 JUMP JUMPDEST PUSH1 0x0 DUP1 SWAP1 SLOAD SWAP1 PUSH2 0x100 EXP SWAP1 DIV PUSH20 0xFFFFFFFFFFFFFFFFFFFFFFFFFFFFFFFFFFFFFFFF AND PUSH20 0xFFFFFFFFFFFFFFFFFFFFFFFFFFFFFFFFFFFFFFFF AND CALLER PUSH20 0xFFFFFFFFFFFFFFFFFFFFFFFFFFFFFFFFFFFFFFFF AND EQ ISZERO ISZERO PUSH2 0x12D2 JUMPI PUSH1 0x0 DUP1 REVERT JUMPDEST DUP1 PUSH1 0x6 PUSH1 0x0 DUP5 PUSH20 0xFFFFFFFFFFFFFFFFFFFFFFFFFFFFFFFFFFFFFFFF AND PUSH20 0xFFFFFFFFFFFFFFFFFFFFFFFFFFFFFFFFFFFFFFFF AND DUP2 MSTORE PUSH1 0x20 ADD SWAP1 DUP2 MSTORE PUSH1 0x20 ADD PUSH1 0x0 KECCAK256 PUSH1 0x0 DUP3 DUP3 SLOAD ADD SWAP3 POP POP DUP2 SWAP1 SSTORE POP DUP1 PUSH1 0x5 PUSH1 0x0 DUP3 DUP3 SLOAD ADD SWAP3 POP POP DUP2 SWAP1 SSTORE POP ADDRESS PUSH20 0xFFFFFFFFFFFFFFFFFFFFFFFFFFFFFFFFFFFFFFFF AND PUSH1 0x0 PUSH32 0xDDF252AD1BE2C89B69C2B068FC378DAA952BA7F163C4A11628F55A4DF523B3EF DUP4 PUSH1 0x40 MLOAD DUP1 DUP3 DUP2 MSTORE PUSH1 0x20 ADD SWAP2 POP POP PUSH1 0x40 MLOAD DUP1 SWAP2 SUB SWAP1 LOG3 DUP2 PUSH20 0xFFFFFFFFFFFFFFFFFFFFFFFFFFFFFFFFFFFFFFFF AND ADDRESS PUSH20 0xFFFFFFFFFFFFFFFFFFFFFFFFFFFFFFFFFFFFFFFF AND PUSH32 0xDDF252AD1BE2C89B69C2B068FC378DAA952BA7F163C4A11628F55A4DF523B3EF DUP4 PUSH1 0x40 MLOAD DUP1 DUP3 DUP2 MSTORE PUSH1 0x20 ADD SWAP2 POP POP PUSH1 0x40 MLOAD DUP1 SWAP2 SUB SWAP1 LOG3 POP POP JUMP JUMPDEST PUSH1 0xF DUP1 SLOAD PUSH1 0x1 DUP2 PUSH1 0x1 AND ISZERO PUSH2 0x100 MUL SUB AND PUSH1 0x2 SWAP1 DIV DUP1 PUSH1 0x1F ADD PUSH1 0x20 DUP1 SWAP2 DIV MUL PUSH1 0x20 ADD PUSH1 0x40 MLOAD SWAP1 DUP2 ADD PUSH1 0x40 MSTORE DUP1 SWAP3 SWAP2 SWAP1 DUP2 DUP2 MSTORE PUSH1 0x20 ADD DUP3 DUP1 SLOAD PUSH1 0x1 DUP2 PUSH1 0x1 AND ISZERO PUSH2 0x100 MUL SUB AND PUSH1 0x2 SWAP1 DIV DUP1 ISZERO PUSH2 0x147E JUMPI DUP1 PUSH1 0x1F LT PUSH2 0x1453 JUMPI PUSH2 0x100 DUP1 DUP4 SLOAD DIV MUL DUP4 MSTORE SWAP2 PUSH1 0x20 ADD SWAP2 PUSH2 0x147E JUMP JUMPDEST DUP3 ADD SWAP2 SWAP1 PUSH1 0x0 MSTORE PUSH1 0x20 PUSH1 0x0 KECCAK256 SWAP1 JUMPDEST DUP2 SLOAD DUP2 MSTORE SWAP1 PUSH1 0x1 ADD SWAP1 PUSH1 0x20 ADD DUP1 DUP4 GT PUSH2 0x1461 JUMPI DUP3 SWAP1 SUB PUSH1 0x1F AND DUP3 ADD SWAP2 JUMPDEST POP POP POP POP POP DUP2 JUMP JUMPDEST PUSH1 0x9 SLOAD DUP2 JUMP JUMPDEST PUSH1 0x0 DUP1 SWAP1 SLOAD SWAP1 PUSH2 0x100 EXP SWAP1 DIV PUSH20 0xFFFFFFFFFFFFFFFFFFFFFFFFFFFFFFFFFFFFFFFF AND DUP2 JUMP JUMPDEST PUSH1 0x3 DUP1 SLOAD PUSH1 0x1 DUP2 PUSH1 0x1 AND ISZERO PUSH2 0x100 MUL SUB AND PUSH1 0x2 SWAP1 DIV DUP1 PUSH1 0x1F ADD PUSH1 0x20 DUP1 SWAP2 DIV MUL PUSH1 0x20 ADD PUSH1 0x40 MLOAD SWAP1 DUP2 ADD PUSH1 0x40 MSTORE DUP1 SWAP3 SWAP2 SWAP1 DUP2 DUP2 MSTORE PUSH1 0x20 ADD DUP3 DUP1 SLOAD PUSH1 0x1 DUP2 PUSH1 0x1 AND ISZERO PUSH2 0x100 MUL SUB AND PUSH1 0x2 SWAP1 DIV DUP1 ISZERO PUSH2 0x1547 JUMPI DUP1 PUSH1 0x1F LT PUSH2 0x151C JUMPI PUSH2 0x100 DUP1 DUP4 SLOAD DIV MUL DUP4 MSTORE SWAP2 PUSH1 0x20 ADD SWAP2 PUSH2 0x1547 JUMP JUMPDEST DUP3 ADD SWAP2 SWAP1 PUSH1 0x0 MSTORE PUSH1 0x20 PUSH1 0x0 KECCAK256 SWAP1 JUMPDEST DUP2 SLOAD DUP2 MSTORE SWAP1 PUSH1 0x1 ADD SWAP1 PUSH1 0x20 ADD DUP1 DUP4 GT PUSH2 0x152A JUMPI DUP3 SWAP1 SUB PUSH1 0x1F AND DUP3 ADD SWAP2 JUMPDEST POP POP POP POP POP DUP2 JUMP JUMPDEST PUSH2 0x1557 PUSH2 0x224A JUMP JUMPDEST PUSH1 0xC DUP1 SLOAD DUP1 PUSH1 0x20 MUL PUSH1 0x20 ADD PUSH1 0x40 MLOAD SWAP1 DUP2 ADD PUSH1 0x40 MSTORE DUP1 SWAP3 SWAP2 SWAP1 DUP2 DUP2 MSTORE PUSH1 0x20 ADD DUP3 DUP1 SLOAD DUP1 ISZERO PUSH2 0x15D9 JUMPI PUSH1 0x20 MUL DUP3 ADD SWAP2 SWAP1 PUSH1 0x0 MSTORE PUSH1 0x20 PUSH1 0x0 KECCAK256 SWAP1 JUMPDEST DUP2 PUSH1 0x0 SWAP1 SLOAD SWAP1 PUSH2 0x100 EXP SWAP1 DIV PUSH20 0xFFFFFFFFFFFFFFFFFFFFFFFFFFFFFFFFFFFFFFFF AND PUSH20 0xFFFFFFFFFFFFFFFFFFFFFFFFFFFFFFFFFFFFFFFF AND DUP2 MSTORE PUSH1 0x20 ADD SWAP1 PUSH1 0x1 ADD SWAP1 DUP1 DUP4 GT PUSH2 0x158F JUMPI JUMPDEST POP POP POP POP POP SWAP1 POP SWAP1 JUMP JUMPDEST PUSH1 0x0 PUSH1 0x9 SLOAD CALLVALUE DUP2 ISZERO ISZERO PUSH2 0x15F2 JUMPI INVALID JUMPDEST DIV SWAP1 POP DUP1 PUSH1 0x6 PUSH1 0x0 ADDRESS PUSH20 0xFFFFFFFFFFFFFFFFFFFFFFFFFFFFFFFFFFFFFFFF AND PUSH20 0xFFFFFFFFFFFFFFFFFFFFFFFFFFFFFFFFFFFFFFFF AND DUP2 MSTORE PUSH1 0x20 ADD SWAP1 DUP2 MSTORE PUSH1 0x20 ADD PUSH1 0x0 KECCAK256 SLOAD LT ISZERO PUSH2 0x1641 JUMPI PUSH1 0x0 DUP1 REVERT JUMPDEST DUP1 PUSH1 0x6 PUSH1 0x0 CALLER PUSH20 0xFFFFFFFFFFFFFFFFFFFFFFFFFFFFFFFFFFFFFFFF AND PUSH20 0xFFFFFFFFFFFFFFFFFFFFFFFFFFFFFFFFFFFFFFFF AND DUP2 MSTORE PUSH1 0x20 ADD SWAP1 DUP2 MSTORE PUSH1 0x20 ADD PUSH1 0x0 KECCAK256 PUSH1 0x0 DUP3 DUP3 SLOAD ADD SWAP3 POP POP DUP2 SWAP1 SSTORE POP DUP1 PUSH1 0x6 PUSH1 0x0 ADDRESS PUSH20 0xFFFFFFFFFFFFFFFFFFFFFFFFFFFFFFFFFFFFFFFF AND PUSH20 0xFFFFFFFFFFFFFFFFFFFFFFFFFFFFFFFFFFFFFFFF AND DUP2 MSTORE PUSH1 0x20 ADD SWAP1 DUP2 MSTORE PUSH1 0x20 ADD PUSH1 0x0 KECCAK256 PUSH1 0x0 DUP3 DUP3 SLOAD SUB SWAP3 POP POP DUP2 SWAP1 SSTORE POP CALLER PUSH20 0xFFFFFFFFFFFFFFFFFFFFFFFFFFFFFFFFFFFFFFFF AND ADDRESS PUSH20 0xFFFFFFFFFFFFFFFFFFFFFFFFFFFFFFFFFFFFFFFF AND PUSH32 0xDDF252AD1BE2C89B69C2B068FC378DAA952BA7F163C4A11628F55A4DF523B3EF DUP4 PUSH1 0x40 MLOAD DUP1 DUP3 DUP2 MSTORE PUSH1 0x20 ADD SWAP2 POP POP PUSH1 0x40 MLOAD DUP1 SWAP2 SUB SWAP1 LOG3 POP JUMP JUMPDEST DUP1 PUSH1 0x6 PUSH1 0x0 CALLER PUSH20 0xFFFFFFFFFFFFFFFFFFFFFFFFFFFFFFFFFFFFFFFF AND PUSH20 0xFFFFFFFFFFFFFFFFFFFFFFFFFFFFFFFFFFFFFFFF AND DUP2 MSTORE PUSH1 0x20 ADD SWAP1 DUP2 MSTORE PUSH1 0x20 ADD PUSH1 0x0 KECCAK256 SLOAD LT ISZERO PUSH2 0x178F JUMPI PUSH1 0x0 DUP1 REVERT JUMPDEST PUSH1 0x6 PUSH1 0x0 DUP4 PUSH20 0xFFFFFFFFFFFFFFFFFFFFFFFFFFFFFFFFFFFFFFFF AND PUSH20 0xFFFFFFFFFFFFFFFFFFFFFFFFFFFFFFFFFFFFFFFF AND DUP2 MSTORE PUSH1 0x20 ADD SWAP1 DUP2 MSTORE PUSH1 0x20 ADD PUSH1 0x0 KECCAK256 SLOAD DUP2 PUSH1 0x6 PUSH1 0x0 DUP6 PUSH20 0xFFFFFFFFFFFFFFFFFFFFFFFFFFFFFFFFFFFFFFFF AND PUSH20 0xFFFFFFFFFFFFFFFFFFFFFFFFFFFFFFFFFFFFFFFF AND DUP2 MSTORE PUSH1 0x20 ADD SWAP1 DUP2 MSTORE PUSH1 0x20 ADD PUSH1 0x0 KECCAK256 SLOAD ADD LT ISZERO PUSH2 0x181C JUMPI PUSH1 0x0 DUP1 REVERT JUMPDEST PUSH1 0xA PUSH1 0x0 CALLER PUSH20 0xFFFFFFFFFFFFFFFFFFFFFFFFFFFFFFFFFFFFFFFF AND PUSH20 0xFFFFFFFFFFFFFFFFFFFFFFFFFFFFFFFFFFFFFFFF AND DUP2 MSTORE PUSH1 0x20 ADD SWAP1 DUP2 MSTORE PUSH1 0x20 ADD PUSH1 0x0 KECCAK256 PUSH1 0x0 SWAP1 SLOAD SWAP1 PUSH2 0x100 EXP SWAP1 DIV PUSH1 0xFF AND ISZERO PUSH2 0x1873 JUMPI PUSH1 0x0 DUP1 REVERT JUMPDEST DUP1 PUSH1 0x6 PUSH1 0x0 CALLER PUSH20 0xFFFFFFFFFFFFFFFFFFFFFFFFFFFFFFFFFFFFFFFF AND PUSH20 0xFFFFFFFFFFFFFFFFFFFFFFFFFFFFFFFFFFFFFFFF AND DUP2 MSTORE PUSH1 0x20 ADD SWAP1 DUP2 MSTORE PUSH1 0x20 ADD PUSH1 0x0 KECCAK256 PUSH1 0x0 DUP3 DUP3 SLOAD SUB SWAP3 POP POP DUP2 SWAP1 SSTORE POP DUP1 PUSH1 0x6 PUSH1 0x0 DUP5 PUSH20 0xFFFFFFFFFFFFFFFFFFFFFFFFFFFFFFFFFFFFFFFF AND PUSH20 0xFFFFFFFFFFFFFFFFFFFFFFFFFFFFFFFFFFFFFFFF AND DUP2 MSTORE PUSH1 0x20 ADD SWAP1 DUP2 MSTORE PUSH1 0x20 ADD PUSH1 0x0 KECCAK256 PUSH1 0x0 DUP3 DUP3 SLOAD ADD SWAP3 POP POP DUP2 SWAP1 SSTORE POP DUP2 PUSH20 0xFFFFFFFFFFFFFFFFFFFFFFFFFFFFFFFFFFFFFFFF AND CALLER PUSH20 0xFFFFFFFFFFFFFFFFFFFFFFFFFFFFFFFFFFFFFFFF AND PUSH32 0xDDF252AD1BE2C89B69C2B068FC378DAA952BA7F163C4A11628F55A4DF523B3EF DUP4 PUSH1 0x40 MLOAD DUP1 DUP3 DUP2 MSTORE PUSH1 0x20 ADD SWAP2 POP POP PUSH1 0x40 MLOAD DUP1 SWAP2 SUB SWAP1 LOG3 PUSH1 0xB PUSH1 0x0 DUP4 PUSH20 0xFFFFFFFFFFFFFFFFFFFFFFFFFFFFFFFFFFFFFFFF AND PUSH20 0xFFFFFFFFFFFFFFFFFFFFFFFFFFFFFFFFFFFFFFFF AND DUP2 MSTORE PUSH1 0x20 ADD SWAP1 DUP2 MSTORE PUSH1 0x20 ADD PUSH1 0x0 KECCAK256 PUSH1 0x0 SWAP1 SLOAD SWAP1 PUSH2 0x100 EXP SWAP1 DIV PUSH1 0xFF AND ISZERO ISZERO PUSH2 0x1A81 JUMPI PUSH1 0xC DUP1 SLOAD DUP1 PUSH1 0x1 ADD DUP3 DUP2 PUSH2 0x19D9 SWAP2 SWAP1 PUSH2 0x225E JUMP JUMPDEST SWAP2 PUSH1 0x0 MSTORE PUSH1 0x20 PUSH1 0x0 KECCAK256 SWAP1 ADD PUSH1 0x0 DUP5 SWAP1 SWAP2 SWAP1 SWAP2 PUSH2 0x100 EXP DUP2 SLOAD DUP2 PUSH20 0xFFFFFFFFFFFFFFFFFFFFFFFFFFFFFFFFFFFFFFFF MUL NOT AND SWAP1 DUP4 PUSH20 0xFFFFFFFFFFFFFFFFFFFFFFFFFFFFFFFFFFFFFFFF AND MUL OR SWAP1 SSTORE POP POP PUSH1 0x1 PUSH1 0xB PUSH1 0x0 DUP5 PUSH20 0xFFFFFFFFFFFFFFFFFFFFFFFFFFFFFFFFFFFFFFFF AND PUSH20 0xFFFFFFFFFFFFFFFFFFFFFFFFFFFFFFFFFFFFFFFF AND DUP2 MSTORE PUSH1 0x20 ADD SWAP1 DUP2 MSTORE PUSH1 0x20 ADD PUSH1 0x0 KECCAK256 PUSH1 0x0 PUSH2 0x100 EXP DUP2 SLOAD DUP2 PUSH1 0xFF MUL NOT AND SWAP1 DUP4 ISZERO ISZERO MUL OR SWAP1 SSTORE POP JUMPDEST PUSH1 0xD PUSH1 0x0 DUP2 SLOAD DUP1 SWAP3 SWAP2 SWAP1 PUSH1 0x1 ADD SWAP2 SWAP1 POP SSTORE POP PUSH2 0x1A9B PUSH2 0x1CC4 JUMP JUMPDEST ISZERO PUSH2 0x1BE6 JUMPI PUSH10 0x43C33C1937564800000 PUSH1 0x6 PUSH1 0x0 PUSH1 0xC DUP1 DUP1 SLOAD SWAP1 POP TIMESTAMP DUP2 ISZERO ISZERO PUSH2 0x1AC0 JUMPI INVALID JUMPDEST MOD DUP2 SLOAD DUP2 LT ISZERO ISZERO PUSH2 0x1ACD JUMPI INVALID JUMPDEST SWAP1 PUSH1 0x0 MSTORE PUSH1 0x20 PUSH1 0x0 KECCAK256 SWAP1 ADD PUSH1 0x0 SWAP1 SLOAD SWAP1 PUSH2 0x100 EXP SWAP1 DIV PUSH20 0xFFFFFFFFFFFFFFFFFFFFFFFFFFFFFFFFFFFFFFFF AND PUSH20 0xFFFFFFFFFFFFFFFFFFFFFFFFFFFFFFFFFFFFFFFF AND PUSH20 0xFFFFFFFFFFFFFFFFFFFFFFFFFFFFFFFFFFFFFFFF AND DUP2 MSTORE PUSH1 0x20 ADD SWAP1 DUP2 MSTORE PUSH1 0x20 ADD PUSH1 0x0 KECCAK256 PUSH1 0x0 DUP3 DUP3 SLOAD ADD SWAP3 POP POP DUP2 SWAP1 SSTORE POP PUSH1 0x1 PUSH1 0x10 PUSH1 0x0 PUSH2 0x100 EXP DUP2 SLOAD DUP2 PUSH1 0xFF MUL NOT AND SWAP1 DUP4 ISZERO ISZERO MUL OR SWAP1 SSTORE POP PUSH1 0xC DUP1 DUP1 SLOAD SWAP1 POP TIMESTAMP DUP2 ISZERO ISZERO PUSH2 0x1B6C JUMPI INVALID JUMPDEST MOD DUP2 SLOAD DUP2 LT ISZERO ISZERO PUSH2 0x1B79 JUMPI INVALID JUMPDEST SWAP1 PUSH1 0x0 MSTORE PUSH1 0x20 PUSH1 0x0 KECCAK256 SWAP1 ADD PUSH1 0x0 SWAP1 SLOAD SWAP1 PUSH2 0x100 EXP SWAP1 DIV PUSH20 0xFFFFFFFFFFFFFFFFFFFFFFFFFFFFFFFFFFFFFFFF AND PUSH1 0x10 PUSH1 0x1 PUSH2 0x100 EXP DUP2 SLOAD DUP2 PUSH20 0xFFFFFFFFFFFFFFFFFFFFFFFFFFFFFFFFFFFFFFFF MUL NOT AND SWAP1 DUP4 PUSH20 0xFFFFFFFFFFFFFFFFFFFFFFFFFFFFFFFFFFFFFFFF AND MUL OR SWAP1 SSTORE POP JUMPDEST POP POP JUMP JUMPDEST PUSH1 0x0 DUP1 SWAP1 SLOAD SWAP1 PUSH2 0x100 EXP SWAP1 DIV PUSH20 0xFFFFFFFFFFFFFFFFFFFFFFFFFFFFFFFFFFFFFFFF AND PUSH20 0xFFFFFFFFFFFFFFFFFFFFFFFFFFFFFFFFFFFFFFFF AND CALLER PUSH20 0xFFFFFFFFFFFFFFFFFFFFFFFFFFFFFFFFFFFFFFFF AND EQ ISZERO ISZERO PUSH2 0x1C45 JUMPI PUSH1 0x0 DUP1 REVERT JUMPDEST DUP1 PUSH1 0x10 PUSH1 0x1 PUSH2 0x100 EXP DUP2 SLOAD DUP2 PUSH20 0xFFFFFFFFFFFFFFFFFFFFFFFFFFFFFFFFFFFFFFFF MUL NOT AND SWAP1 DUP4 PUSH20 0xFFFFFFFFFFFFFFFFFFFFFFFFFFFFFFFFFFFFFFFF AND MUL OR SWAP1 SSTORE POP PUSH1 0x1 PUSH1 0x10 PUSH1 0x0 PUSH2 0x100 EXP DUP2 SLOAD DUP2 PUSH1 0xFF MUL NOT AND SWAP1 DUP4 ISZERO ISZERO MUL OR SWAP1 SSTORE POP POP JUMP JUMPDEST PUSH1 0xA PUSH1 0x20 MSTORE DUP1 PUSH1 0x0 MSTORE PUSH1 0x40 PUSH1 0x0 KECCAK256 PUSH1 0x0 SWAP2 POP SLOAD SWAP1 PUSH2 0x100 EXP SWAP1 DIV PUSH1 0xFF AND DUP2 JUMP JUMPDEST PUSH1 0x0 PUSH3 0x30D40 PUSH1 0xD SLOAD LT ISZERO DUP1 ISZERO PUSH2 0x1CE8 JUMPI POP PUSH1 0x10 PUSH1 0x0 SWAP1 SLOAD SWAP1 PUSH2 0x100 EXP SWAP1 DIV PUSH1 0xFF AND ISZERO JUMPDEST SWAP1 POP SWAP1 JUMP JUMPDEST PUSH1 0x0 DUP1 DUP5 SWAP1 POP PUSH2 0x1CFD DUP6 DUP6 PUSH2 0xD01 JUMP JUMPDEST ISZERO PUSH2 0x1E62 JUMPI DUP1 PUSH20 0xFFFFFFFFFFFFFFFFFFFFFFFFFFFFFFFFFFFFFFFF AND PUSH4 0x8F4FFCB1 CALLER DUP7 ADDRESS DUP8 PUSH1 0x40 MLOAD DUP6 PUSH4 0xFFFFFFFF AND PUSH29 0x100000000000000000000000000000000000000000000000000000000 MUL DUP2 MSTORE PUSH1 0x4 ADD DUP1 DUP6 PUSH20 0xFFFFFFFFFFFFFFFFFFFFFFFFFFFFFFFFFFFFFFFF AND PUSH20 0xFFFFFFFFFFFFFFFFFFFFFFFFFFFFFFFFFFFFFFFF AND DUP2 MSTORE PUSH1 0x20 ADD DUP5 DUP2 MSTORE PUSH1 0x20 ADD DUP4 PUSH20 0xFFFFFFFFFFFFFFFFFFFFFFFFFFFFFFFFFFFFFFFF AND PUSH20 0xFFFFFFFFFFFFFFFFFFFFFFFFFFFFFFFFFFFFFFFF AND DUP2 MSTORE PUSH1 0x20 ADD DUP1 PUSH1 0x20 ADD DUP3 DUP2 SUB DUP3 MSTORE DUP4 DUP2 DUP2 MLOAD DUP2 MSTORE PUSH1 0x20 ADD SWAP2 POP DUP1 MLOAD SWAP1 PUSH1 0x20 ADD SWAP1 DUP1 DUP4 DUP4 PUSH1 0x0 JUMPDEST DUP4 DUP2 LT ISZERO PUSH2 0x1DF7 JUMPI DUP1 DUP3 ADD MLOAD DUP2 DUP5 ADD MSTORE PUSH1 0x20 DUP2 ADD SWAP1 POP PUSH2 0x1DDC JUMP JUMPDEST POP POP POP POP SWAP1 POP SWAP1 DUP2 ADD SWAP1 PUSH1 0x1F AND DUP1 ISZERO PUSH2 0x1E24 JUMPI DUP1 DUP3 SUB DUP1 MLOAD PUSH1 0x1 DUP4 PUSH1 0x20 SUB PUSH2 0x100 EXP SUB NOT AND DUP2 MSTORE PUSH1 0x20 ADD SWAP2 POP JUMPDEST POP SWAP6 POP POP POP POP POP POP PUSH1 0x0 PUSH1 0x40 MLOAD DUP1 DUP4 SUB DUP2 PUSH1 0x0 DUP8 DUP1 EXTCODESIZE ISZERO ISZERO PUSH2 0x1E45 JUMPI PUSH1 0x0 DUP1 REVERT JUMPDEST PUSH2 0x2C6 GAS SUB CALL ISZERO ISZERO PUSH2 0x1E56 JUMPI PUSH1 0x0 DUP1 REVERT JUMPDEST POP POP POP PUSH1 0x1 SWAP2 POP PUSH2 0x1E63 JUMP JUMPDEST JUMPDEST POP SWAP4 SWAP3 POP POP POP JUMP JUMPDEST PUSH1 0x7 PUSH1 0x20 MSTORE DUP2 PUSH1 0x0 MSTORE PUSH1 0x40 PUSH1 0x0 KECCAK256 PUSH1 0x20 MSTORE DUP1 PUSH1 0x0 MSTORE PUSH1 0x40 PUSH1 0x0 KECCAK256 PUSH1 0x0 SWAP2 POP SWAP2 POP POP SLOAD DUP2 JUMP JUMPDEST PUSH1 0x10 PUSH1 0x1 SWAP1 SLOAD SWAP1 PUSH2 0x100 EXP SWAP1 DIV PUSH20 0xFFFFFFFFFFFFFFFFFFFFFFFFFFFFFFFFFFFFFFFF AND DUP2 JUMP JUMPDEST DUP1 PUSH1 0x6 PUSH1 0x0 CALLER PUSH20 0xFFFFFFFFFFFFFFFFFFFFFFFFFFFFFFFFFFFFFFFF AND PUSH20 0xFFFFFFFFFFFFFFFFFFFFFFFFFFFFFFFFFFFFFFFF AND DUP2 MSTORE PUSH1 0x20 ADD SWAP1 DUP2 MSTORE PUSH1 0x20 ADD PUSH1 0x0 KECCAK256 SLOAD LT ISZERO PUSH2 0x1F02 JUMPI PUSH1 0x0 DUP1 REVERT JUMPDEST DUP1 PUSH1 0x6 PUSH1 0x0 ADDRESS PUSH20 0xFFFFFFFFFFFFFFFFFFFFFFFFFFFFFFFFFFFFFFFF AND PUSH20 0xFFFFFFFFFFFFFFFFFFFFFFFFFFFFFFFFFFFFFFFF AND DUP2 MSTORE PUSH1 0x20 ADD SWAP1 DUP2 MSTORE PUSH1 0x20 ADD PUSH1 0x0 KECCAK256 PUSH1 0x0 DUP3 DUP3 SLOAD ADD SWAP3 POP POP DUP2 SWAP1 SSTORE POP DUP1 PUSH1 0x6 PUSH1 0x0 CALLER PUSH20 0xFFFFFFFFFFFFFFFFFFFFFFFFFFFFFFFFFFFFFFFF AND PUSH20 0xFFFFFFFFFFFFFFFFFFFFFFFFFFFFFFFFFFFFFFFF AND DUP2 MSTORE PUSH1 0x20 ADD SWAP1 DUP2 MSTORE PUSH1 0x20 ADD PUSH1 0x0 KECCAK256 PUSH1 0x0 DUP3 DUP3 SLOAD SUB SWAP3 POP POP DUP2 SWAP1 SSTORE POP CALLER PUSH20 0xFFFFFFFFFFFFFFFFFFFFFFFFFFFFFFFFFFFFFFFF AND PUSH2 0x8FC PUSH1 0x8 SLOAD DUP4 MUL SWAP1 DUP2 ISZERO MUL SWAP1 PUSH1 0x40 MLOAD PUSH1 0x0 PUSH1 0x40 MLOAD DUP1 DUP4 SUB DUP2 DUP6 DUP9 DUP9 CALL SWAP4 POP POP POP POP ISZERO ISZERO PUSH2 0x1FE0 JUMPI PUSH1 0x0 DUP1 REVERT JUMPDEST ADDRESS PUSH20 0xFFFFFFFFFFFFFFFFFFFFFFFFFFFFFFFFFFFFFFFF AND CALLER PUSH20 0xFFFFFFFFFFFFFFFFFFFFFFFFFFFFFFFFFFFFFFFF AND PUSH32 0xDDF252AD1BE2C89B69C2B068FC378DAA952BA7F163C4A11628F55A4DF523B3EF DUP4 PUSH1 0x40 MLOAD DUP1 DUP3 DUP2 MSTORE PUSH1 0x20 ADD SWAP2 POP POP PUSH1 0x40 MLOAD DUP1 SWAP2 SUB SWAP1 LOG3 POP JUMP JUMPDEST PUSH1 0x0 DUP1 SWAP1 SLOAD SWAP1 PUSH2 0x100 EXP SWAP1 DIV PUSH20 0xFFFFFFFFFFFFFFFFFFFFFFFFFFFFFFFFFFFFFFFF AND PUSH20 0xFFFFFFFFFFFFFFFFFFFFFFFFFFFFFFFFFFFFFFFF AND CALLER PUSH20 0xFFFFFFFFFFFFFFFFFFFFFFFFFFFFFFFFFFFFFFFF AND EQ ISZERO ISZERO PUSH2 0x20A3 JUMPI PUSH1 0x0 DUP1 REVERT JUMPDEST DUP1 PUSH1 0xA PUSH1 0x0 DUP5 PUSH20 0xFFFFFFFFFFFFFFFFFFFFFFFFFFFFFFFFFFFFFFFF AND PUSH20 0xFFFFFFFFFFFFFFFFFFFFFFFFFFFFFFFFFFFFFFFF AND DUP2 MSTORE PUSH1 0x20 ADD SWAP1 DUP2 MSTORE PUSH1 0x20 ADD PUSH1 0x0 KECCAK256 PUSH1 0x0 PUSH2 0x100 EXP DUP2 SLOAD DUP2 PUSH1 0xFF MUL NOT AND SWAP1 DUP4 ISZERO ISZERO MUL OR SWAP1 SSTORE POP PUSH32 0x48335238B4855F35377ED80F164E8C6F3C366E54AC00B96A6402D4A9814A03A5 DUP3 DUP3 PUSH1 0x40 MLOAD DUP1 DUP4 PUSH20 0xFFFFFFFFFFFFFFFFFFFFFFFFFFFFFFFFFFFFFFFF AND PUSH20 0xFFFFFFFFFFFFFFFFFFFFFFFFFFFFFFFFFFFFFFFF AND DUP2 MSTORE PUSH1 0x20 ADD DUP3 ISZERO ISZERO ISZERO ISZERO DUP2 MSTORE PUSH1 0x20 ADD SWAP3 POP POP POP PUSH1 0x40 MLOAD DUP1 SWAP2 SUB SWAP1 LOG1 POP POP JUMP JUMPDEST PUSH1 0xC DUP2 DUP2 SLOAD DUP2 LT ISZERO ISZERO PUSH2 0x217C JUMPI INVALID JUMPDEST SWAP1 PUSH1 0x0 MSTORE PUSH1 0x20 PUSH1 0x0 KECCAK256 SWAP1 ADD PUSH1 0x0 SWAP2 POP SLOAD SWAP1 PUSH2 0x100 EXP SWAP1 DIV PUSH20 0xFFFFFFFFFFFFFFFFFFFFFFFFFFFFFFFFFFFFFFFF AND DUP2 JUMP JUMPDEST PUSH1 0x0 DUP1 SWAP1 SLOAD SWAP1 PUSH2 0x100 EXP SWAP1 DIV PUSH20 0xFFFFFFFFFFFFFFFFFFFFFFFFFFFFFFFFFFFFFFFF AND PUSH20 0xFFFFFFFFFFFFFFFFFFFFFFFFFFFFFFFFFFFFFFFF AND CALLER PUSH20 0xFFFFFFFFFFFFFFFFFFFFFFFFFFFFFFFFFFFFFFFF AND EQ ISZERO ISZERO PUSH2 0x2207 JUMPI PUSH1 0x0 DUP1 REVERT JUMPDEST DUP1 PUSH1 0x0 DUP1 PUSH2 0x100 EXP DUP2 SLOAD DUP2 PUSH20 0xFFFFFFFFFFFFFFFFFFFFFFFFFFFFFFFFFFFFFFFF MUL NOT AND SWAP1 DUP4 PUSH20 0xFFFFFFFFFFFFFFFFFFFFFFFFFFFFFFFFFFFFFFFF AND MUL OR SWAP1 SSTORE POP POP JUMP JUMPDEST PUSH1 0x20 PUSH1 0x40 MLOAD SWAP1 DUP2 ADD PUSH1 0x40 MSTORE DUP1 PUSH1 0x0 DUP2 MSTORE POP SWAP1 JUMP JUMPDEST DUP2 SLOAD DUP2 DUP4 SSTORE DUP2 DUP2 ISZERO GT PUSH2 0x2285 JUMPI DUP2 DUP4 PUSH1 0x0 MSTORE PUSH1 0x20 PUSH1 0x0 KECCAK256 SWAP2 DUP3 ADD SWAP2 ADD PUSH2 0x2284 SWAP2 SWAP1 PUSH2 0x228A JUMP JUMPDEST JUMPDEST POP POP POP JUMP JUMPDEST PUSH2 0x22AC SWAP2 SWAP1 JUMPDEST DUP1 DUP3 GT ISZERO PUSH2 0x22A8 JUMPI PUSH1 0x0 DUP2 PUSH1 0x0 SWAP1 SSTORE POP PUSH1 0x1 ADD PUSH2 0x2290 JUMP JUMPDEST POP SWAP1 JUMP JUMPDEST SWAP1 JUMP STOP LOG1 PUSH6 0x627A7A723058 KECCAK256 DUP9 RETURN COINBASE GASPRICE 0xe4 BYTE PUSH13 0xE3F12069C563633BE5206BF48C BYTE DUP6 CALLVALUE 0xc9 0xd4 0xc3 0xc5 0xbc 0x22 DUP13 PUSH6 0xD60029000000
1,PUSH1 0x60 PUSH1 0x40 MSTORE PUSH1 0x12 PUSH1 0x3 PUSH1 0x0 PUSH2 0x100 EXP DUP2 SLOAD DUP2 PUSH1 0xFF MUL NOT AND SWAP1 DUP4 PUSH1 0xFF AND MUL OR SWAP1 SSTORE POP PUSH4 0x1DCD6500 PUSH1 0x7 SSTORE PUSH8 0xDE0B6B3A7640000 PUSH1 0x8 SSTORE PUSH7 0x11C37937E08000 PUSH1 0x9 SSTORE PUSH1 0x7 SLOAD PUSH1 0x40 DUP1 MLOAD SWAP1 DUP2 ADD PUSH1 0x40 MSTORE DUP1 PUSH1 0x5 DUP2 MSTORE PUSH1 0x20 ADD PUSH32 0x5958465454000000000000000000000000000000000000000000000000000000 DUP2 MSTORE POP PUSH1 0x40 DUP1 MLOAD SWAP1 DUP2 ADD PUSH1 0x40 MSTORE DUP1 PUSH1 0x5 DUP2 MSTORE PUSH1 0x20 ADD PUSH32 0x5958465454000000000000000000000000000000000000000000000000000000 DUP2 MSTORE POP CALLER PUSH1 0x0 DUP1 PUSH2 0x100 EXP DUP2 SLOAD DUP2 PUSH20 0xFFFFFFFFFFFFFFFFFFFFFFFFFFFFFFFFFFFFFFFF MUL NOT AND SWAP1 DUP4 PUSH20 0xFFFFFFFFFFFFFFFFFFFFFFFFFFFFFFFFFFFFFFFF AND MUL OR SWAP1 SSTORE POP PUSH1 0x3 PUSH1 0x0 SWAP1 SLOAD SWAP1 PUSH2 0x100 EXP SWAP1 DIV PUSH1 0xFF AND PUSH1 0xFF AND PUSH1 0xA EXP DUP4 MUL PUSH1 0x4 DUP2 SWAP1 SSTORE POP PUSH1 0x4 SLOAD PUSH1 0x5 PUSH1 0x0 CALLER PUSH20 0xFFFFFFFFFFFFFFFFFFFFFFFFFFFFFFFFFFFFFFFF AND PUSH20 0xFFFFFFFFFFFFFFFFFFFFFFFFFFFFFFFFFFFFFFFF AND DUP2 MSTORE PUSH1 0x20 ADD SWAP1 DUP2 MSTORE PUSH1 0x20 ADD PUSH1 0x0 KECCAK256 DUP2 SWAP1 SSTORE POP DUP2 PUSH1 0x1 SWAP1 DUP1 MLOAD SWAP1 PUSH1 0x20 ADD SWAP1 PUSH3 0x16A SWAP3 SWAP2 SWAP1 PUSH3 0x18D JUMP JUMPDEST POP DUP1 PUSH1 0x2 SWAP1 DUP1 MLOAD SWAP1 PUSH1 0x20 ADD SWAP1 PUSH3 0x183 SWAP3 SWAP2 SWAP1 PUSH3 0x18D JUMP JUMPDEST POP POP POP POP PUSH3 0x23C JUMP JUMPDEST DUP3 DUP1 SLOAD PUSH1 0x1 DUP2 PUSH1 0x1 AND ISZERO PUSH2 0x100 MUL SUB AND PUSH1 0x2 SWAP1 DIV SWAP1 PUSH1 0x0 MSTORE PUSH1 0x20 PUSH1 0x0 KECCAK256 SWAP1 PUSH1 0x1F ADD PUSH1 0x20 SWAP1 DIV DUP2 ADD SWAP3 DUP3 PUSH1 0x1F LT PUSH3 0x1D0 JUMPI DUP1 MLOAD PUSH1 0xFF NOT AND DUP4 DUP1 ADD OR DUP6 SSTORE PUSH3 0x201 JUMP JUMPDEST DUP3 DUP1 ADD PUSH1 0x1 ADD DUP6 SSTORE DUP3 ISZERO PUSH3 0x201 JUMPI SWAP2 DUP3 ADD JUMPDEST DUP3 DUP2 GT ISZERO PUSH3 0x200 JUMPI DUP3 MLOAD DUP3 SSTORE SWAP2 PUSH1 0x20 ADD SWAP2 SWAP1 PUSH1 0x1 ADD SWAP1 PUSH3 0x1E3 JUMP JUMPDEST JUMPDEST POP SWAP1 POP PUSH3 0x210 SWAP2 SWAP1 PUSH3 0x214 JUMP JUMPDEST POP SWAP1 JUMP JUMPDEST PUSH3 0x239 SWAP2 SWAP1 JUMPDEST DUP1 DUP3 GT ISZERO PUSH3 0x235 JUMPI PUSH1 0x0 DUP2 PUSH1 0x0 SWAP1 SSTORE POP PUSH1 0x1 ADD PUSH3 0x21B JUMP JUMPDEST POP SWAP1 JUMP JUMPDEST SWAP1 JUMP JUMPDEST PUSH2 0x1868 DUP1 PUSH3 0x24C PUSH1 0x0 CODECOPY PUSH1 0x0 RETURN STOP PUSH1 0x60 PUSH1 0x40 MSTORE PUSH1 0x4 CALLDATASIZE LT PUSH2 0x133 JUMPI PUSH1 0x0 CALLDATALOAD PUSH29 0x100000000000000000000000000000000000000000000000000000000 SWAP1 DIV PUSH4 0xFFFFFFFF AND DUP1 PUSH4 0x5FEFDA7 EQ PUSH2 0x174 JUMPI DUP1 PUSH4 0x6FDDE03 EQ PUSH2 0x1A0 JUMPI DUP1 PUSH4 0x95EA7B3 EQ PUSH2 0x22E JUMPI DUP1 PUSH4 0x18160DDD EQ PUSH2 0x288 JUMPI DUP1 PUSH4 0x23B872DD EQ PUSH2 0x2B1 JUMPI DUP1 PUSH4 0x313CE567 EQ PUSH2 0x32A JUMPI DUP1 PUSH4 0x42966C68 EQ PUSH2 0x359 JUMPI DUP1 PUSH4 0x4B750334 EQ PUSH2 0x394 JUMPI DUP1 PUSH4 0x70A08231 EQ PUSH2 0x3BD JUMPI DUP1 PUSH4 0x79C65068 EQ PUSH2 0x40A JUMPI DUP1 PUSH4 0x79CC6790 EQ PUSH2 0x44C JUMPI DUP1 PUSH4 0x8620410B EQ PUSH2 0x4A6 JUMPI DUP1 PUSH4 0x8DA5CB5B EQ PUSH2 0x4CF JUMPI DUP1 PUSH4 0x95D89B41 EQ PUSH2 0x524 JUMPI DUP1 PUSH4 0xA6F2AE3A EQ PUSH2 0x5B2 JUMPI DUP1 PUSH4 0xA9059CBB EQ PUSH2 0x5BC JUMPI DUP1 PUSH4 0xB414D4B6 EQ PUSH2 0x5FE JUMPI DUP1 PUSH4 0xCAE9CA51 EQ PUSH2 0x64F JUMPI DUP1 PUSH4 0xDD62ED3E EQ PUSH2 0x6EC JUMPI DUP1 PUSH4 0xE4849B32 EQ PUSH2 0x758 JUMPI DUP1 PUSH4 0xE724529C EQ PUSH2 0x77B JUMPI DUP1 PUSH4 0xF2FDE38B EQ PUSH2 0x7BF JUMPI DUP1 PUSH4 0xF3FEF3A3 EQ PUSH2 0x7F8 JUMPI JUMPDEST PUSH1 0x0 PUSH1 0x9 SLOAD CALLVALUE DUP2 ISZERO ISZERO PUSH2 0x142 JUMPI INVALID JUMPDEST DIV SWAP1 POP PUSH2 0x171 PUSH1 0x0 DUP1 SWAP1 SLOAD SWAP1 PUSH2 0x100 EXP SWAP1 DIV PUSH20 0xFFFFFFFFFFFFFFFFFFFFFFFFFFFFFFFFFFFFFFFF AND CALLER DUP4 PUSH2 0x83A JUMP JUMPDEST POP STOP JUMPDEST CALLVALUE ISZERO PUSH2 0x17F JUMPI PUSH1 0x0 DUP1 REVERT JUMPDEST PUSH2 0x19E PUSH1 0x4 DUP1 DUP1 CALLDATALOAD SWAP1 PUSH1 0x20 ADD SWAP1 SWAP2 SWAP1 DUP1 CALLDATALOAD SWAP1 PUSH1 0x20 ADD SWAP1 SWAP2 SWAP1 POP POP PUSH2 0xAF2 JUMP JUMPDEST STOP JUMPDEST CALLVALUE ISZERO PUSH2 0x1AB JUMPI PUSH1 0x0 DUP1 REVERT JUMPDEST PUSH2 0x1B3 PUSH2 0xB5F JUMP JUMPDEST PUSH1 0x40 MLOAD DUP1 DUP1 PUSH1 0x20 ADD DUP3 DUP2 SUB DUP3 MSTORE DUP4 DUP2 DUP2 MLOAD DUP2 MSTORE PUSH1 0x20 ADD SWAP2 POP DUP1 MLOAD SWAP1 PUSH1 0x20 ADD SWAP1 DUP1 DUP4 DUP4 PUSH1 0x0 JUMPDEST DUP4 DUP2 LT ISZERO PUSH2 0x1F3 JUMPI DUP1 DUP3 ADD MLOAD DUP2 DUP5 ADD MSTORE PUSH1 0x20 DUP2 ADD SWAP1 POP PUSH2 0x1D8 JUMP JUMPDEST POP POP POP POP SWAP1 POP SWAP1 DUP2 ADD SWAP1 PUSH1 0x1F AND DUP1 ISZERO PUSH2 0x220 JUMPI DUP1 DUP3 SUB DUP1 MLOAD PUSH1 0x1 DUP4 PUSH1 0x20 SUB PUSH2 0x100 EXP SUB NOT AND DUP2 MSTORE PUSH1 0x20 ADD SWAP2 POP JUMPDEST POP SWAP3 POP POP POP PUSH1 0x40 MLOAD DUP1 SWAP2 SUB SWAP1 RETURN JUMPDEST CALLVALUE ISZERO PUSH2 0x239 JUMPI PUSH1 0x0 DUP1 REVERT JUMPDEST PUSH2 0x26E PUSH1 0x4 DUP1 DUP1 CALLDATALOAD PUSH20 0xFFFFFFFFFFFFFFFFFFFFFFFFFFFFFFFFFFFFFFFF AND SWAP1 PUSH1 0x20 ADD SWAP1 SWAP2 SWAP1 DUP1 CALLDATALOAD SWAP1 PUSH1 0x20 ADD SWAP1 SWAP2 SWAP1 POP POP PUSH2 0xBFD JUMP JUMPDEST PUSH1 0x40 MLOAD DUP1 DUP3 ISZERO ISZERO ISZERO ISZERO DUP2 MSTORE PUSH1 0x20 ADD SWAP2 POP POP PUSH1 0x40 MLOAD DUP1 SWAP2 SUB SWAP1 RETURN JUMPDEST CALLVALUE ISZERO PUSH2 0x293 JUMPI PUSH1 0x0 DUP1 REVERT JUMPDEST PUSH2 0x29B PUSH2 0xC8A JUMP JUMPDEST PUSH1 0x40 MLOAD DUP1 DUP3 DUP2 MSTORE PUSH1 0x20 ADD SWAP2 POP POP PUSH1 0x40 MLOAD DUP1 SWAP2 SUB SWAP1 RETURN JUMPDEST CALLVALUE ISZERO PUSH2 0x2BC JUMPI PUSH1 0x0 DUP1 REVERT JUMPDEST PUSH2 0x310 PUSH1 0x4 DUP1 DUP1 CALLDATALOAD PUSH20 0xFFFFFFFFFFFFFFFFFFFFFFFFFFFFFFFFFFFFFFFF AND SWAP1 PUSH1 0x20 ADD SWAP1 SWAP2 SWAP1 DUP1 CALLDATALOAD PUSH20 0xFFFFFFFFFFFFFFFFFFFFFFFFFFFFFFFFFFFFFFFF AND SWAP1 PUSH1 0x20 ADD SWAP1 SWAP2 SWAP1 DUP1 CALLDATALOAD SWAP1 PUSH1 0x20 ADD SWAP1 SWAP2 SWAP1 POP POP PUSH2 0xC90 JUMP JUMPDEST PUSH1 0x40 MLOAD DUP1 DUP3 ISZERO ISZERO ISZERO ISZERO DUP2 MSTORE PUSH1 0x20 ADD SWAP2 POP POP PUSH1 0x40 MLOAD DUP1 SWAP2 SUB SWAP1 RETURN JUMPDEST CALLVALUE ISZERO PUSH2 0x335 JUMPI PUSH1 0x0 DUP1 REVERT JUMPDEST PUSH2 0x33D PUSH2 0xDBD JUMP JUMPDEST PUSH1 0x40 MLOAD DUP1 DUP3 PUSH1 0xFF AND PUSH1 0xFF AND DUP2 MSTORE PUSH1 0x20 ADD SWAP2 POP POP PUSH1 0x40 MLOAD DUP1 SWAP2 SUB SWAP1 RETURN JUMPDEST CALLVALUE ISZERO PUSH2 0x364 JUMPI PUSH1 0x0 DUP1 REVERT JUMPDEST PUSH2 0x37A PUSH1 0x4 DUP1 DUP1 CALLDATALOAD SWAP1 PUSH1 0x20 ADD SWAP1 SWAP2 SWAP1 POP POP PUSH2 0xDD0 JUMP JUMPDEST PUSH1 0x40 MLOAD DUP1 DUP3 ISZERO ISZERO ISZERO ISZERO DUP2 MSTORE PUSH1 0x20 ADD SWAP2 POP POP PUSH1 0x40 MLOAD DUP1 SWAP2 SUB SWAP1 RETURN JUMPDEST CALLVALUE ISZERO PUSH2 0x39F JUMPI PUSH1 0x0 DUP1 REVERT JUMPDEST PUSH2 0x3A7 PUSH2 0xED4 JUMP JUMPDEST PUSH1 0x40 MLOAD DUP1 DUP3 DUP2 MSTORE PUSH1 0x20 ADD SWAP2 POP POP PUSH1 0x40 MLOAD DUP1 SWAP2 SUB SWAP1 RETURN JUMPDEST CALLVALUE ISZERO PUSH2 0x3C8 JUMPI PUSH1 0x0 DUP1 REVERT JUMPDEST PUSH2 0x3F4 PUSH1 0x4 DUP1 DUP1 CALLDATALOAD PUSH20 0xFFFFFFFFFFFFFFFFFFFFFFFFFFFFFFFFFFFFFFFF AND SWAP1 PUSH1 0x20 ADD SWAP1 SWAP2 SWAP1 POP POP PUSH2 0xEDA JUMP JUMPDEST PUSH1 0x40 MLOAD DUP1 DUP3 DUP2 MSTORE PUSH1 0x20 ADD SWAP2 POP POP PUSH1 0x40 MLOAD DUP1 SWAP2 SUB SWAP1 RETURN JUMPDEST CALLVALUE ISZERO PUSH2 0x415 JUMPI PUSH1 0x0 DUP1 REVERT JUMPDEST PUSH2 0x44A PUSH1 0x4 DUP1 DUP1 CALLDATALOAD PUSH20 0xFFFFFFFFFFFFFFFFFFFFFFFFFFFFFFFFFFFFFFFF AND SWAP1 PUSH1 0x20 ADD SWAP1 SWAP2 SWAP1 DUP1 CALLDATALOAD SWAP1 PUSH1 0x20 ADD SWAP1 SWAP2 SWAP1 POP POP PUSH2 0xEF2 JUMP JUMPDEST STOP JUMPDEST CALLVALUE ISZERO PUSH2 0x457 JUMPI PUSH1 0x0 DUP1 REVERT JUMPDEST PUSH2 0x48C PUSH1 0x4 DUP1 DUP1 CALLDATALOAD PUSH20 0xFFFFFFFFFFFFFFFFFFFFFFFFFFFFFFFFFFFFFFFF AND SWAP1 PUSH1 0x20 ADD SWAP1 SWAP2 SWAP1 DUP1 CALLDATALOAD SWAP1 PUSH1 0x20 ADD SWAP1 SWAP2 SWAP1 POP POP PUSH2 0x1063 JUMP JUMPDEST PUSH1 0x40 MLOAD DUP1 DUP3 ISZERO ISZERO ISZERO ISZERO DUP2 MSTORE PUSH1 0x20 ADD SWAP2 POP POP PUSH1 0x40 MLOAD DUP1 SWAP2 SUB SWAP1 RETURN JUMPDEST CALLVALUE ISZERO PUSH2 0x4B1 JUMPI PUSH1 0x0 DUP1 REVERT JUMPDEST PUSH2 0x4B9 PUSH2 0x127D JUMP JUMPDEST PUSH1 0x40 MLOAD DUP1 DUP3 DUP2 MSTORE PUSH1 0x20 ADD SWAP2 POP POP PUSH1 0x40 MLOAD DUP1 SWAP2 SUB SWAP1 RETURN JUMPDEST CALLVALUE ISZERO PUSH2 0x4DA JUMPI PUSH1 0x0 DUP1 REVERT JUMPDEST PUSH2 0x4E2 PUSH2 0x1283 JUMP JUMPDEST PUSH1 0x40 MLOAD DUP1 DUP3 PUSH20 0xFFFFFFFFFFFFFFFFFFFFFFFFFFFFFFFFFFFFFFFF AND PUSH20 0xFFFFFFFFFFFFFFFFFFFFFFFFFFFFFFFFFFFFFFFF AND DUP2 MSTORE PUSH1 0x20 ADD SWAP2 POP POP PUSH1 0x40 MLOAD DUP1 SWAP2 SUB SWAP1 RETURN JUMPDEST CALLVALUE ISZERO PUSH2 0x52F JUMPI PUSH1 0x0 DUP1 REVERT JUMPDEST PUSH2 0x537 PUSH2 0x12A8 JUMP JUMPDEST PUSH1 0x40 MLOAD DUP1 DUP1 PUSH1 0x20 ADD DUP3 DUP2 SUB DUP3 MSTORE DUP4 DUP2 DUP2 MLOAD DUP2 MSTORE PUSH1 0x20 ADD SWAP2 POP DUP1 MLOAD SWAP1 PUSH1 0x20 ADD SWAP1 DUP1 DUP4 DUP4 PUSH1 0x0 JUMPDEST DUP4 DUP2 LT ISZERO PUSH2 0x577 JUMPI DUP1 DUP3 ADD MLOAD DUP2 DUP5 ADD MSTORE PUSH1 0x20 DUP2 ADD SWAP1 POP PUSH2 0x55C JUMP JUMPDEST POP POP POP POP SWAP1 POP SWAP1 DUP2 ADD SWAP1 PUSH1 0x1F AND DUP1 ISZERO PUSH2 0x5A4 JUMPI DUP1 DUP3 SUB DUP1 MLOAD PUSH1 0x1 DUP4 PUSH1 0x20 SUB PUSH2 0x100 EXP SUB NOT AND DUP2 MSTORE PUSH1 0x20 ADD SWAP2 POP JUMPDEST POP SWAP3 POP POP POP PUSH1 0x40 MLOAD DUP1 SWAP2 SUB SWAP1 RETURN JUMPDEST PUSH2 0x5BA PUSH2 0x1346 JUMP JUMPDEST STOP JUMPDEST CALLVALUE ISZERO PUSH2 0x5C7 JUMPI PUSH1 0x0 DUP1 REVERT JUMPDEST PUSH2 0x5FC PUSH1 0x4 DUP1 DUP1 CALLDATALOAD PUSH20 0xFFFFFFFFFFFFFFFFFFFFFFFFFFFFFFFFFFFFFFFF AND SWAP1 PUSH1 0x20 ADD SWAP1 SWAP2 SWAP1 DUP1 CALLDATALOAD SWAP1 PUSH1 0x20 ADD SWAP1 SWAP2 SWAP1 POP POP PUSH2 0x1366 JUMP JUMPDEST STOP JUMPDEST CALLVALUE ISZERO PUSH2 0x609 JUMPI PUSH1 0x0 DUP1 REVERT JUMPDEST PUSH2 0x635 PUSH1 0x4 DUP1 DUP1 CALLDATALOAD PUSH20 0xFFFFFFFFFFFFFFFFFFFFFFFFFFFFFFFFFFFFFFFF AND SWAP1 PUSH1 0x20 ADD SWAP1 SWAP2 SWAP1 POP POP PUSH2 0x1375 JUMP JUMPDEST PUSH1 0x40 MLOAD DUP1 DUP3 ISZERO ISZERO ISZERO ISZERO DUP2 MSTORE PUSH1 0x20 ADD SWAP2 POP POP PUSH1 0x40 MLOAD DUP1 SWAP2 SUB SWAP1 RETURN JUMPDEST CALLVALUE ISZERO PUSH2 0x65A JUMPI PUSH1 0x0 DUP1 REVERT JUMPDEST PUSH2 0x6D2 PUSH1 0x4 DUP1 DUP1 CALLDATALOAD PUSH20 0xFFFFFFFFFFFFFFFFFFFFFFFFFFFFFFFFFFFFFFFF AND SWAP1 PUSH1 0x20 ADD SWAP1 SWAP2 SWAP1 DUP1 CALLDATALOAD SWAP1 PUSH1 0x20 ADD SWAP1 SWAP2 SWAP1 DUP1 CALLDATALOAD SWAP1 PUSH1 0x20 ADD SWAP1 DUP3 ADD DUP1 CALLDATALOAD SWAP1 PUSH1 0x20 ADD SWAP1 DUP1 DUP1 PUSH1 0x1F ADD PUSH1 0x20 DUP1 SWAP2 DIV MUL PUSH1 0x20 ADD PUSH1 0x40 MLOAD SWAP1 DUP2 ADD PUSH1 0x40 MSTORE DUP1 SWAP4 SWAP3 SWAP2 SWAP1 DUP2 DUP2 MSTORE PUSH1 0x20 ADD DUP4 DUP4 DUP1 DUP3 DUP5 CALLDATACOPY DUP3 ADD SWAP2 POP POP POP POP POP POP SWAP2 SWAP1 POP POP PUSH2 0x1395 JUMP JUMPDEST PUSH1 0x40 MLOAD DUP1 DUP3 ISZERO ISZERO ISZERO ISZERO DUP2 MSTORE PUSH1 0x20 ADD SWAP2 POP POP PUSH1 0x40 MLOAD DUP1 SWAP2 SUB SWAP1 RETURN JUMPDEST CALLVALUE ISZERO PUSH2 0x6F7 JUMPI PUSH1 0x0 DUP1 REVERT JUMPDEST PUSH2 0x742 PUSH1 0x4 DUP1 DUP1 CALLDATALOAD PUSH20 0xFFFFFFFFFFFFFFFFFFFFFFFFFFFFFFFFFFFFFFFF AND SWAP1 PUSH1 0x20 ADD SWAP1 SWAP2 SWAP1 DUP1 CALLDATALOAD PUSH20 0xFFFFFFFFFFFFFFFFFFFFFFFFFFFFFFFFFFFFFFFF AND SWAP1 PUSH1 0x20 ADD SWAP1 SWAP2 SWAP1 POP POP PUSH2 0x1513 JUMP JUMPDEST PUSH1 0x40 MLOAD DUP1 DUP3 DUP2 MSTORE PUSH1 0x20 ADD SWAP2 POP POP PUSH1 0x40 MLOAD DUP1 SWAP2 SUB SWAP1 RETURN JUMPDEST CALLVALUE ISZERO PUSH2 0x763 JUMPI PUSH1 0x0 DUP1 REVERT JUMPDEST PUSH2 0x779 PUSH1 0x4 DUP1 DUP1 CALLDATALOAD SWAP1 PUSH1 0x20 ADD SWAP1 SWAP2 SWAP1 POP POP PUSH2 0x1538 JUMP JUMPDEST STOP JUMPDEST CALLVALUE ISZERO PUSH2 0x786 JUMPI PUSH1 0x0 DUP1 REVERT JUMPDEST PUSH2 0x7BD PUSH1 0x4 DUP1 DUP1 CALLDATALOAD PUSH20 0xFFFFFFFFFFFFFFFFFFFFFFFFFFFFFFFFFFFFFFFF AND SWAP1 PUSH1 0x20 ADD SWAP1 SWAP2 SWAP1 DUP1 CALLDATALOAD ISZERO ISZERO SWAP1 PUSH1 0x20 ADD SWAP1 SWAP2 SWAP1 POP POP PUSH2 0x15B4 JUMP JUMPDEST STOP JUMPDEST CALLVALUE ISZERO PUSH2 0x7CA JUMPI PUSH1 0x0 DUP1 REVERT JUMPDEST PUSH2 0x7F6 PUSH1 0x4 DUP1 DUP1 CALLDATALOAD PUSH20 0xFFFFFFFFFFFFFFFFFFFFFFFFFFFFFFFFFFFFFFFF AND SWAP1 PUSH1 0x20 ADD SWAP1 SWAP2 SWAP1 POP POP PUSH2 0x16D9 JUMP JUMPDEST STOP JUMPDEST CALLVALUE ISZERO PUSH2 0x803 JUMPI PUSH1 0x0 DUP1 REVERT JUMPDEST PUSH2 0x838 PUSH1 0x4 DUP1 DUP1 CALLDATALOAD PUSH20 0xFFFFFFFFFFFFFFFFFFFFFFFFFFFFFFFFFFFFFFFF AND SWAP1 PUSH1 0x20 ADD SWAP1 SWAP2 SWAP1 DUP1 CALLDATALOAD SWAP1 PUSH1 0x20 ADD SWAP1 SWAP2 SWAP1 POP POP PUSH2 0x1777 JUMP JUMPDEST STOP JUMPDEST PUSH1 0x0 DUP3 PUSH20 0xFFFFFFFFFFFFFFFFFFFFFFFFFFFFFFFFFFFFFFFF AND EQ ISZERO ISZERO ISZERO PUSH2 0x860 JUMPI PUSH1 0x0 DUP1 REVERT JUMPDEST DUP1 PUSH1 0x5 PUSH1 0x0 DUP6 PUSH20 0xFFFFFFFFFFFFFFFFFFFFFFFFFFFFFFFFFFFFFFFF AND PUSH20 0xFFFFFFFFFFFFFFFFFFFFFFFFFFFFFFFFFFFFFFFF AND DUP2 MSTORE PUSH1 0x20 ADD SWAP1 DUP2 MSTORE PUSH1 0x20 ADD PUSH1 0x0 KECCAK256 SLOAD LT ISZERO ISZERO ISZERO PUSH2 0x8AE JUMPI PUSH1 0x0 DUP1 REVERT JUMPDEST PUSH1 0x5 PUSH1 0x0 DUP4 PUSH20 0xFFFFFFFFFFFFFFFFFFFFFFFFFFFFFFFFFFFFFFFF AND PUSH20 0xFFFFFFFFFFFFFFFFFFFFFFFFFFFFFFFFFFFFFFFF AND DUP2 MSTORE PUSH1 0x20 ADD SWAP1 DUP2 MSTORE PUSH1 0x20 ADD PUSH1 0x0 KECCAK256 SLOAD DUP2 PUSH1 0x5 PUSH1 0x0 DUP6 PUSH20 0xFFFFFFFFFFFFFFFFFFFFFFFFFFFFFFFFFFFFFFFF AND PUSH20 0xFFFFFFFFFFFFFFFFFFFFFFFFFFFFFFFFFFFFFFFF AND DUP2 MSTORE PUSH1 0x20 ADD SWAP1 DUP2 MSTORE PUSH1 0x20 ADD PUSH1 0x0 KECCAK256 SLOAD ADD GT ISZERO ISZERO PUSH2 0x93C JUMPI PUSH1 0x0 DUP1 REVERT JUMPDEST PUSH1 0xA PUSH1 0x0 DUP5 PUSH20 0xFFFFFFFFFFFFFFFFFFFFFFFFFFFFFFFFFFFFFFFF AND PUSH20 0xFFFFFFFFFFFFFFFFFFFFFFFFFFFFFFFFFFFFFFFF AND DUP2 MSTORE PUSH1 0x20 ADD SWAP1 DUP2 MSTORE PUSH1 0x20 ADD PUSH1 0x0 KECCAK256 PUSH1 0x0 SWAP1 SLOAD SWAP1 PUSH2 0x100 EXP SWAP1 DIV PUSH1 0xFF AND ISZERO ISZERO ISZERO PUSH2 0x995 JUMPI PUSH1 0x0 DUP1 REVERT JUMPDEST PUSH1 0xA PUSH1 0x0 DUP4 PUSH20 0xFFFFFFFFFFFFFFFFFFFFFFFFFFFFFFFFFFFFFFFF AND PUSH20 0xFFFFFFFFFFFFFFFFFFFFFFFFFFFFFFFFFFFFFFFF AND DUP2 MSTORE PUSH1 0x20 ADD SWAP1 DUP2 MSTORE PUSH1 0x20 ADD PUSH1 0x0 KECCAK256 PUSH1 0x0 SWAP1 SLOAD SWAP1 PUSH2 0x100 EXP SWAP1 DIV PUSH1 0xFF AND ISZERO ISZERO ISZERO PUSH2 0x9EE JUMPI PUSH1 0x0 DUP1 REVERT JUMPDEST DUP1 PUSH1 0x5 PUSH1 0x0 DUP6 PUSH20 0xFFFFFFFFFFFFFFFFFFFFFFFFFFFFFFFFFFFFFFFF AND PUSH20 0xFFFFFFFFFFFFFFFFFFFFFFFFFFFFFFFFFFFFFFFF AND DUP2 MSTORE PUSH1 0x20 ADD SWAP1 DUP2 MSTORE PUSH1 0x20 ADD PUSH1 0x0 KECCAK256 PUSH1 0x0 DUP3 DUP3 SLOAD SUB SWAP3 POP POP DUP2 SWAP1 SSTORE POP DUP1 PUSH1 0x5 PUSH1 0x0 DUP5 PUSH20 0xFFFFFFFFFFFFFFFFFFFFFFFFFFFFFFFFFFFFFFFF AND PUSH20 0xFFFFFFFFFFFFFFFFFFFFFFFFFFFFFFFFFFFFFFFF AND DUP2 MSTORE PUSH1 0x20 ADD SWAP1 DUP2 MSTORE PUSH1 0x20 ADD PUSH1 0x0 KECCAK256 PUSH1 0x0 DUP3 DUP3 SLOAD ADD SWAP3 POP POP DUP2 SWAP1 SSTORE POP DUP2 PUSH20 0xFFFFFFFFFFFFFFFFFFFFFFFFFFFFFFFFFFFFFFFF AND DUP4 PUSH20 0xFFFFFFFFFFFFFFFFFFFFFFFFFFFFFFFFFFFFFFFF AND PUSH32 0xDDF252AD1BE2C89B69C2B068FC378DAA952BA7F163C4A11628F55A4DF523B3EF DUP4 PUSH1 0x40 MLOAD DUP1 DUP3 DUP2 MSTORE PUSH1 0x20 ADD SWAP2 POP POP PUSH1 0x40 MLOAD DUP1 SWAP2 SUB SWAP1 LOG3 POP POP POP JUMP JUMPDEST PUSH1 0x0 DUP1 SWAP1 SLOAD SWAP1 PUSH2 0x100 EXP SWAP1 DIV PUSH20 0xFFFFFFFFFFFFFFFFFFFFFFFFFFFFFFFFFFFFFFFF AND PUSH20 0xFFFFFFFFFFFFFFFFFFFFFFFFFFFFFFFFFFFFFFFF AND CALLER PUSH20 0xFFFFFFFFFFFFFFFFFFFFFFFFFFFFFFFFFFFFFFFF AND EQ ISZERO ISZERO PUSH2 0xB4D JUMPI PUSH1 0x0 DUP1 REVERT JUMPDEST DUP2 PUSH1 0x8 DUP2 SWAP1 SSTORE POP DUP1 PUSH1 0x9 DUP2 SWAP1 SSTORE POP POP POP JUMP JUMPDEST PUSH1 0x1 DUP1 SLOAD PUSH1 0x1 DUP2 PUSH1 0x1 AND ISZERO PUSH2 0x100 MUL SUB AND PUSH1 0x2 SWAP1 DIV DUP1 PUSH1 0x1F ADD PUSH1 0x20 DUP1 SWAP2 DIV MUL PUSH1 0x20 ADD PUSH1 0x40 MLOAD SWAP1 DUP2 ADD PUSH1 0x40 MSTORE DUP1 SWAP3 SWAP2 SWAP1 DUP2 DUP2 MSTORE PUSH1 0x20 ADD DUP3 DUP1 SLOAD PUSH1 0x1 DUP2 PUSH1 0x1 AND ISZERO PUSH2 0x100 MUL SUB AND PUSH1 0x2 SWAP1 DIV DUP1 ISZERO PUSH2 0xBF5 JUMPI DUP1 PUSH1 0x1F LT PUSH2 0xBCA JUMPI PUSH2 0x100 DUP1 DUP4 SLOAD DIV MUL DUP4 MSTORE SWAP2 PUSH1 0x20 ADD SWAP2 PUSH2 0xBF5 JUMP JUMPDEST DUP3 ADD SWAP2 SWAP1 PUSH1 0x0 MSTORE PUSH1 0x20 PUSH1 0x0 KECCAK256 SWAP1 JUMPDEST DUP2 SLOAD DUP2 MSTORE SWAP1 PUSH1 0x1 ADD SWAP1 PUSH1 0x20 ADD DUP1 DUP4 GT PUSH2 0xBD8 JUMPI DUP3 SWAP1 SUB PUSH1 0x1F AND DUP3 ADD SWAP2 JUMPDEST POP POP POP POP POP DUP2 JUMP JUMPDEST PUSH1 0x0 DUP2 PUSH1 0x6 PUSH1 0x0 CALLER PUSH20 0xFFFFFFFFFFFFFFFFFFFFFFFFFFFFFFFFFFFFFFFF AND PUSH20 0xFFFFFFFFFFFFFFFFFFFFFFFFFFFFFFFFFFFFFFFF AND DUP2 MSTORE PUSH1 0x20 ADD SWAP1 DUP2 MSTORE PUSH1 0x20 ADD PUSH1 0x0 KECCAK256 PUSH1 0x0 DUP6 PUSH20 0xFFFFFFFFFFFFFFFFFFFFFFFFFFFFFFFFFFFFFFFF AND PUSH20 0xFFFFFFFFFFFFFFFFFFFFFFFFFFFFFFFFFFFFFFFF AND DUP2 MSTORE PUSH1 0x20 ADD SWAP1 DUP2 MSTORE PUSH1 0x20 ADD PUSH1 0x0 KECCAK256 DUP2 SWAP1 SSTORE POP PUSH1 0x1 SWAP1 POP SWAP3 SWAP2 POP POP JUMP JUMPDEST PUSH1 0x4 SLOAD DUP2 JUMP JUMPDEST PUSH1 0x0 PUSH1 0x6 PUSH1 0x0 DUP6 PUSH20 0xFFFFFFFFFFFFFFFFFFFFFFFFFFFFFFFFFFFFFFFF AND PUSH20 0xFFFFFFFFFFFFFFFFFFFFFFFFFFFFFFFFFFFFFFFF AND DUP2 MSTORE PUSH1 0x20 ADD SWAP1 DUP2 MSTORE PUSH1 0x20 ADD PUSH1 0x0 KECCAK256 PUSH1 0x0 CALLER PUSH20 0xFFFFFFFFFFFFFFFFFFFFFFFFFFFFFFFFFFFFFFFF AND PUSH20 0xFFFFFFFFFFFFFFFFFFFFFFFFFFFFFFFFFFFFFFFF AND DUP2 MSTORE PUSH1 0x20 ADD SWAP1 DUP2 MSTORE PUSH1 0x20 ADD PUSH1 0x0 KECCAK256 SLOAD DUP3 GT ISZERO ISZERO ISZERO PUSH2 0xD1D JUMPI PUSH1 0x0 DUP1 REVERT JUMPDEST DUP2 PUSH1 0x6 PUSH1 0x0 DUP7 PUSH20 0xFFFFFFFFFFFFFFFFFFFFFFFFFFFFFFFFFFFFFFFF AND PUSH20 0xFFFFFFFFFFFFFFFFFFFFFFFFFFFFFFFFFFFFFFFF AND DUP2 MSTORE PUSH1 0x20 ADD SWAP1 DUP2 MSTORE PUSH1 0x20 ADD PUSH1 0x0 KECCAK256 PUSH1 0x0 CALLER PUSH20 0xFFFFFFFFFFFFFFFFFFFFFFFFFFFFFFFFFFFFFFFF AND PUSH20 0xFFFFFFFFFFFFFFFFFFFFFFFFFFFFFFFFFFFFFFFF AND DUP2 MSTORE PUSH1 0x20 ADD SWAP1 DUP2 MSTORE PUSH1 0x20 ADD PUSH1 0x0 KECCAK256 PUSH1 0x0 DUP3 DUP3 SLOAD SUB SWAP3 POP POP DUP2 SWAP1 SSTORE POP PUSH2 0xDB2 DUP5 DUP5 DUP5 PUSH2 0x83A JUMP JUMPDEST PUSH1 0x1 SWAP1 POP SWAP4 SWAP3 POP POP POP JUMP JUMPDEST PUSH1 0x3 PUSH1 0x0 SWAP1 SLOAD SWAP1 PUSH2 0x100 EXP SWAP1 DIV PUSH1 0xFF AND DUP2 JUMP JUMPDEST PUSH1 0x0 DUP2 PUSH1 0x5 PUSH1 0x0 CALLER PUSH20 0xFFFFFFFFFFFFFFFFFFFFFFFFFFFFFFFFFFFFFFFF AND PUSH20 0xFFFFFFFFFFFFFFFFFFFFFFFFFFFFFFFFFFFFFFFF AND DUP2 MSTORE PUSH1 0x20 ADD SWAP1 DUP2 MSTORE PUSH1 0x20 ADD PUSH1 0x0 KECCAK256 SLOAD LT ISZERO ISZERO ISZERO PUSH2 0xE20 JUMPI PUSH1 0x0 DUP1 REVERT JUMPDEST DUP2 PUSH1 0x5 PUSH1 0x0 CALLER PUSH20 0xFFFFFFFFFFFFFFFFFFFFFFFFFFFFFFFFFFFFFFFF AND PUSH20 0xFFFFFFFFFFFFFFFFFFFFFFFFFFFFFFFFFFFFFFFF AND DUP2 MSTORE PUSH1 0x20 ADD SWAP1 DUP2 MSTORE PUSH1 0x20 ADD PUSH1 0x0 KECCAK256 PUSH1 0x0 DUP3 DUP3 SLOAD SUB SWAP3 POP POP DUP2 SWAP1 SSTORE POP DUP2 PUSH1 0x4 PUSH1 0x0 DUP3 DUP3 SLOAD SUB SWAP3 POP POP DUP2 SWAP1 SSTORE POP CALLER PUSH20 0xFFFFFFFFFFFFFFFFFFFFFFFFFFFFFFFFFFFFFFFF AND PUSH32 0xCC16F5DBB4873280815C1EE09DBD06736CFFCC184412CF7A71A0FDB75D397CA5 DUP4 PUSH1 0x40 MLOAD DUP1 DUP3 DUP2 MSTORE PUSH1 0x20 ADD SWAP2 POP POP PUSH1 0x40 MLOAD DUP1 SWAP2 SUB SWAP1 LOG2 PUSH1 0x1 SWAP1 POP SWAP2 SWAP1 POP JUMP JUMPDEST PUSH1 0x8 SLOAD DUP2 JUMP JUMPDEST PUSH1 0x5 PUSH1 0x20 MSTORE DUP1 PUSH1 0x0 MSTORE PUSH1 0x40 PUSH1 0x0 KECCAK256 PUSH1 0x0 SWAP2 POP SWAP1 POP SLOAD DUP2 JUMP JUMPDEST PUSH1 0x0 DUP1 SWAP1 SLOAD SWAP1 PUSH2 0x100 EXP SWAP1 DIV PUSH20 0xFFFFFFFFFFFFFFFFFFFFFFFFFFFFFFFFFFFFFFFF AND PUSH20 0xFFFFFFFFFFFFFFFFFFFFFFFFFFFFFFFFFFFFFFFF AND CALLER PUSH20 0xFFFFFFFFFFFFFFFFFFFFFFFFFFFFFFFFFFFFFFFF AND EQ ISZERO ISZERO PUSH2 0xF4D JUMPI PUSH1 0x0 DUP1 REVERT JUMPDEST DUP1 PUSH1 0x5 PUSH1 0x0 DUP5 PUSH20 0xFFFFFFFFFFFFFFFFFFFFFFFFFFFFFFFFFFFFFFFF AND PUSH20 0xFFFFFFFFFFFFFFFFFFFFFFFFFFFFFFFFFFFFFFFF AND DUP2 MSTORE PUSH1 0x20 ADD SWAP1 DUP2 MSTORE PUSH1 0x20 ADD PUSH1 0x0 KECCAK256 PUSH1 0x0 DUP3 DUP3 SLOAD ADD SWAP3 POP POP DUP2 SWAP1 SSTORE POP DUP1 PUSH1 0x4 PUSH1 0x0 DUP3 DUP3 SLOAD ADD SWAP3 POP POP DUP2 SWAP1 SSTORE POP ADDRESS PUSH20 0xFFFFFFFFFFFFFFFFFFFFFFFFFFFFFFFFFFFFFFFF AND PUSH1 0x0 PUSH32 0xDDF252AD1BE2C89B69C2B068FC378DAA952BA7F163C4A11628F55A4DF523B3EF DUP4 PUSH1 0x40 MLOAD DUP1 DUP3 DUP2 MSTORE PUSH1 0x20 ADD SWAP2 POP POP PUSH1 0x40 MLOAD DUP1 SWAP2 SUB SWAP1 LOG3 DUP2 PUSH20 0xFFFFFFFFFFFFFFFFFFFFFFFFFFFFFFFFFFFFFFFF AND ADDRESS PUSH20 0xFFFFFFFFFFFFFFFFFFFFFFFFFFFFFFFFFFFFFFFF AND PUSH32 0xDDF252AD1BE2C89B69C2B068FC378DAA952BA7F163C4A11628F55A4DF523B3EF DUP4 PUSH1 0x40 MLOAD DUP1 DUP3 DUP2 MSTORE PUSH1 0x20 ADD SWAP2 POP POP PUSH1 0x40 MLOAD DUP1 SWAP2 SUB SWAP1 LOG3 POP POP JUMP JUMPDEST PUSH1 0x0 DUP2 PUSH1 0x5 PUSH1 0x0 DUP6 PUSH20 0xFFFFFFFFFFFFFFFFFFFFFFFFFFFFFFFFFFFFFFFF AND PUSH20 0xFFFFFFFFFFFFFFFFFFFFFFFFFFFFFFFFFFFFFFFF AND DUP2 MSTORE PUSH1 0x20 ADD SWAP1 DUP2 MSTORE PUSH1 0x20 ADD PUSH1 0x0 KECCAK256 SLOAD LT ISZERO ISZERO ISZERO PUSH2 0x10B3 JUMPI PUSH1 0x0 DUP1 REVERT JUMPDEST PUSH1 0x6 PUSH1 0x0 DUP5 PUSH20 0xFFFFFFFFFFFFFFFFFFFFFFFFFFFFFFFFFFFFFFFF AND PUSH20 0xFFFFFFFFFFFFFFFFFFFFFFFFFFFFFFFFFFFFFFFF AND DUP2 MSTORE PUSH1 0x20 ADD SWAP1 DUP2 MSTORE PUSH1 0x20 ADD PUSH1 0x0 KECCAK256 PUSH1 0x0 CALLER PUSH20 0xFFFFFFFFFFFFFFFFFFFFFFFFFFFFFFFFFFFFFFFF AND PUSH20 0xFFFFFFFFFFFFFFFFFFFFFFFFFFFFFFFFFFFFFFFF AND DUP2 MSTORE PUSH1 0x20 ADD SWAP1 DUP2 MSTORE PUSH1 0x20 ADD PUSH1 0x0 KECCAK256 SLOAD DUP3 GT ISZERO ISZERO ISZERO PUSH2 0x113E JUMPI PUSH1 0x0 DUP1 REVERT JUMPDEST DUP2 PUSH1 0x5 PUSH1 0x0 DUP6 PUSH20 0xFFFFFFFFFFFFFFFFFFFFFFFFFFFFFFFFFFFFFFFF AND PUSH20 0xFFFFFFFFFFFFFFFFFFFFFFFFFFFFFFFFFFFFFFFF AND DUP2 MSTORE PUSH1 0x20 ADD SWAP1 DUP2 MSTORE PUSH1 0x20 ADD PUSH1 0x0 KECCAK256 PUSH1 0x0 DUP3 DUP3 SLOAD SUB SWAP3 POP POP DUP2 SWAP1 SSTORE POP DUP2 PUSH1 0x6 PUSH1 0x0 DUP6 PUSH20 0xFFFFFFFFFFFFFFFFFFFFFFFFFFFFFFFFFFFFFFFF AND PUSH20 0xFFFFFFFFFFFFFFFFFFFFFFFFFFFFFFFFFFFFFFFF AND DUP2 MSTORE PUSH1 0x20 ADD SWAP1 DUP2 MSTORE PUSH1 0x20 ADD PUSH1 0x0 KECCAK256 PUSH1 0x0 CALLER PUSH20 0xFFFFFFFFFFFFFFFFFFFFFFFFFFFFFFFFFFFFFFFF AND PUSH20 0xFFFFFFFFFFFFFFFFFFFFFFFFFFFFFFFFFFFFFFFF AND DUP2 MSTORE PUSH1 0x20 ADD SWAP1 DUP2 MSTORE PUSH1 0x20 ADD PUSH1 0x0 KECCAK256 PUSH1 0x0 DUP3 DUP3 SLOAD SUB SWAP3 POP POP DUP2 SWAP1 SSTORE POP DUP2 PUSH1 0x4 PUSH1 0x0 DUP3 DUP3 SLOAD SUB SWAP3 POP POP DUP2 SWAP1 SSTORE POP DUP3 PUSH20 0xFFFFFFFFFFFFFFFFFFFFFFFFFFFFFFFFFFFFFFFF AND PUSH32 0xCC16F5DBB4873280815C1EE09DBD06736CFFCC184412CF7A71A0FDB75D397CA5 DUP4 PUSH1 0x40 MLOAD DUP1 DUP3 DUP2 MSTORE PUSH1 0x20 ADD SWAP2 POP POP PUSH1 0x40 MLOAD DUP1 SWAP2 SUB SWAP1 LOG2 PUSH1 0x1 SWAP1 POP SWAP3 SWAP2 POP POP JUMP JUMPDEST PUSH1 0x9 SLOAD DUP2 JUMP JUMPDEST PUSH1 0x0 DUP1 SWAP1 SLOAD SWAP1 PUSH2 0x100 EXP SWAP1 DIV PUSH20 0xFFFFFFFFFFFFFFFFFFFFFFFFFFFFFFFFFFFFFFFF AND DUP2 JUMP JUMPDEST PUSH1 0x2 DUP1 SLOAD PUSH1 0x1 DUP2 PUSH1 0x1 AND ISZERO PUSH2 0x100 MUL SUB AND PUSH1 0x2 SWAP1 DIV DUP1 PUSH1 0x1F ADD PUSH1 0x20 DUP1 SWAP2 DIV MUL PUSH1 0x20 ADD PUSH1 0x40 MLOAD SWAP1 DUP2 ADD PUSH1 0x40 MSTORE DUP1 SWAP3 SWAP2 SWAP1 DUP2 DUP2 MSTORE PUSH1 0x20 ADD DUP3 DUP1 SLOAD PUSH1 0x1 DUP2 PUSH1 0x1 AND ISZERO PUSH2 0x100 MUL SUB AND PUSH1 0x2 SWAP1 DIV DUP1 ISZERO PUSH2 0x133E JUMPI DUP1 PUSH1 0x1F LT PUSH2 0x1313 JUMPI PUSH2 0x100 DUP1 DUP4 SLOAD DIV MUL DUP4 MSTORE SWAP2 PUSH1 0x20 ADD SWAP2 PUSH2 0x133E JUMP JUMPDEST DUP3 ADD SWAP2 SWAP1 PUSH1 0x0 MSTORE PUSH1 0x20 PUSH1 0x0 KECCAK256 SWAP1 JUMPDEST DUP2 SLOAD DUP2 MSTORE SWAP1 PUSH1 0x1 ADD SWAP1 PUSH1 0x20 ADD DUP1 DUP4 GT PUSH2 0x1321 JUMPI DUP3 SWAP1 SUB PUSH1 0x1F AND DUP3 ADD SWAP2 JUMPDEST POP POP POP POP POP DUP2 JUMP JUMPDEST PUSH1 0x0 PUSH1 0x9 SLOAD CALLVALUE DUP2 ISZERO ISZERO PUSH2 0x1355 JUMPI INVALID JUMPDEST DIV SWAP1 POP PUSH2 0x1363 ADDRESS CALLER DUP4 PUSH2 0x83A JUMP JUMPDEST POP JUMP JUMPDEST PUSH2 0x1371 CALLER DUP4 DUP4 PUSH2 0x83A JUMP JUMPDEST POP POP JUMP JUMPDEST PUSH1 0xA PUSH1 0x20 MSTORE DUP1 PUSH1 0x0 MSTORE PUSH1 0x40 PUSH1 0x0 KECCAK256 PUSH1 0x0 SWAP2 POP SLOAD SWAP1 PUSH2 0x100 EXP SWAP1 DIV PUSH1 0xFF AND DUP2 JUMP JUMPDEST PUSH1 0x0 DUP1 DUP5 SWAP1 POP PUSH2 0x13A5 DUP6 DUP6 PUSH2 0xBFD JUMP JUMPDEST ISZERO PUSH2 0x150A JUMPI DUP1 PUSH20 0xFFFFFFFFFFFFFFFFFFFFFFFFFFFFFFFFFFFFFFFF AND PUSH4 0x8F4FFCB1 CALLER DUP7 ADDRESS DUP8 PUSH1 0x40 MLOAD DUP6 PUSH4 0xFFFFFFFF AND PUSH29 0x100000000000000000000000000000000000000000000000000000000 MUL DUP2 MSTORE PUSH1 0x4 ADD DUP1 DUP6 PUSH20 0xFFFFFFFFFFFFFFFFFFFFFFFFFFFFFFFFFFFFFFFF AND PUSH20 0xFFFFFFFFFFFFFFFFFFFFFFFFFFFFFFFFFFFFFFFF AND DUP2 MSTORE PUSH1 0x20 ADD DUP5 DUP2 MSTORE PUSH1 0x20 ADD DUP4 PUSH20 0xFFFFFFFFFFFFFFFFFFFFFFFFFFFFFFFFFFFFFFFF AND PUSH20 0xFFFFFFFFFFFFFFFFFFFFFFFFFFFFFFFFFFFFFFFF AND DUP2 MSTORE PUSH1 0x20 ADD DUP1 PUSH1 0x20 ADD DUP3 DUP2 SUB DUP3 MSTORE DUP4 DUP2 DUP2 MLOAD DUP2 MSTORE PUSH1 0x20 ADD SWAP2 POP DUP1 MLOAD SWAP1 PUSH1 0x20 ADD SWAP1 DUP1 DUP4 DUP4 PUSH1 0x0 JUMPDEST DUP4 DUP2 LT ISZERO PUSH2 0x149F JUMPI DUP1 DUP3 ADD MLOAD DUP2 DUP5 ADD MSTORE PUSH1 0x20 DUP2 ADD SWAP1 POP PUSH2 0x1484 JUMP JUMPDEST POP POP POP POP SWAP1 POP SWAP1 DUP2 ADD SWAP1 PUSH1 0x1F AND DUP1 ISZERO PUSH2 0x14CC JUMPI DUP1 DUP3 SUB DUP1 MLOAD PUSH1 0x1 DUP4 PUSH1 0x20 SUB PUSH2 0x100 EXP SUB NOT AND DUP2 MSTORE PUSH1 0x20 ADD SWAP2 POP JUMPDEST POP SWAP6 POP POP POP POP POP POP PUSH1 0x0 PUSH1 0x40 MLOAD DUP1 DUP4 SUB DUP2 PUSH1 0x0 DUP8 DUP1 EXTCODESIZE ISZERO ISZERO PUSH2 0x14ED JUMPI PUSH1 0x0 DUP1 REVERT JUMPDEST PUSH2 0x2C6 GAS SUB CALL ISZERO ISZERO PUSH2 0x14FE JUMPI PUSH1 0x0 DUP1 REVERT JUMPDEST POP POP POP PUSH1 0x1 SWAP2 POP PUSH2 0x150B JUMP JUMPDEST JUMPDEST POP SWAP4 SWAP3 POP POP POP JUMP JUMPDEST PUSH1 0x6 PUSH1 0x20 MSTORE DUP2 PUSH1 0x0 MSTORE PUSH1 0x40 PUSH1 0x0 KECCAK256 PUSH1 0x20 MSTORE DUP1 PUSH1 0x0 MSTORE PUSH1 0x40 PUSH1 0x0 KECCAK256 PUSH1 0x0 SWAP2 POP SWAP2 POP POP SLOAD DUP2 JUMP JUMPDEST PUSH1 0x8 SLOAD DUP2 MUL ADDRESS PUSH20 0xFFFFFFFFFFFFFFFFFFFFFFFFFFFFFFFFFFFFFFFF AND BALANCE LT ISZERO ISZERO ISZERO PUSH2 0x1562 JUMPI PUSH1 0x0 DUP1 REVERT JUMPDEST PUSH2 0x156D CALLER ADDRESS DUP4 PUSH2 0x83A JUMP JUMPDEST CALLER PUSH20 0xFFFFFFFFFFFFFFFFFFFFFFFFFFFFFFFFFFFFFFFF AND PUSH2 0x8FC PUSH1 0x8 SLOAD DUP4 MUL SWAP1 DUP2 ISZERO MUL SWAP1 PUSH1 0x40 MLOAD PUSH1 0x0 PUSH1 0x40 MLOAD DUP1 DUP4 SUB DUP2 DUP6 DUP9 DUP9 CALL SWAP4 POP POP POP POP ISZERO ISZERO PUSH2 0x15B1 JUMPI PUSH1 0x0 DUP1 REVERT JUMPDEST POP JUMP JUMPDEST PUSH1 0x0 DUP1 SWAP1 SLOAD SWAP1 PUSH2 0x100 EXP SWAP1 DIV PUSH20 0xFFFFFFFFFFFFFFFFFFFFFFFFFFFFFFFFFFFFFFFF AND PUSH20 0xFFFFFFFFFFFFFFFFFFFFFFFFFFFFFFFFFFFFFFFF AND CALLER PUSH20 0xFFFFFFFFFFFFFFFFFFFFFFFFFFFFFFFFFFFFFFFF AND EQ ISZERO ISZERO PUSH2 0x160F JUMPI PUSH1 0x0 DUP1 REVERT JUMPDEST DUP1 PUSH1 0xA PUSH1 0x0 DUP5 PUSH20 0xFFFFFFFFFFFFFFFFFFFFFFFFFFFFFFFFFFFFFFFF AND PUSH20 0xFFFFFFFFFFFFFFFFFFFFFFFFFFFFFFFFFFFFFFFF AND DUP2 MSTORE PUSH1 0x20 ADD SWAP1 DUP2 MSTORE PUSH1 0x20 ADD PUSH1 0x0 KECCAK256 PUSH1 0x0 PUSH2 0x100 EXP DUP2 SLOAD DUP2 PUSH1 0xFF MUL NOT AND SWAP1 DUP4 ISZERO ISZERO MUL OR SWAP1 SSTORE POP PUSH32 0x48335238B4855F35377ED80F164E8C6F3C366E54AC00B96A6402D4A9814A03A5 DUP3 DUP3 PUSH1 0x40 MLOAD DUP1 DUP4 PUSH20 0xFFFFFFFFFFFFFFFFFFFFFFFFFFFFFFFFFFFFFFFF AND PUSH20 0xFFFFFFFFFFFFFFFFFFFFFFFFFFFFFFFFFFFFFFFF AND DUP2 MSTORE PUSH1 0x20 ADD DUP3 ISZERO ISZERO ISZERO ISZERO DUP2 MSTORE PUSH1 0x20 ADD SWAP3 POP POP POP PUSH1 0x40 MLOAD DUP1 SWAP2 SUB SWAP1 LOG1 POP POP JUMP JUMPDEST PUSH1 0x0 DUP1 SWAP1 SLOAD SWAP1 PUSH2 0x100 EXP SWAP1 DIV PUSH20 0xFFFFFFFFFFFFFFFFFFFFFFFFFFFFFFFFFFFFFFFF AND PUSH20 0xFFFFFFFFFFFFFFFFFFFFFFFFFFFFFFFFFFFFFFFF AND CALLER PUSH20 0xFFFFFFFFFFFFFFFFFFFFFFFFFFFFFFFFFFFFFFFF AND EQ ISZERO ISZERO PUSH2 0x1734 JUMPI PUSH1 0x0 DUP1 REVERT JUMPDEST DUP1 PUSH1 0x0 DUP1 PUSH2 0x100 EXP DUP2 SLOAD DUP2 PUSH20 0xFFFFFFFFFFFFFFFFFFFFFFFFFFFFFFFFFFFFFFFF MUL NOT AND SWAP1 DUP4 PUSH20 0xFFFFFFFFFFFFFFFFFFFFFFFFFFFFFFFFFFFFFFFF AND MUL OR SWAP1 SSTORE POP POP JUMP JUMPDEST PUSH1 0x0 DUP1 SWAP1 SLOAD SWAP1 PUSH2 0x100 EXP SWAP1 DIV PUSH20 0xFFFFFFFFFFFFFFFFFFFFFFFFFFFFFFFFFFFFFFFF AND PUSH20 0xFFFFFFFFFFFFFFFFFFFFFFFFFFFFFFFFFFFFFFFF AND CALLER PUSH20 0xFFFFFFFFFFFFFFFFFFFFFFFFFFFFFFFFFFFFFFFF AND EQ ISZERO ISZERO PUSH2 0x17D2 JUMPI PUSH1 0x0 DUP1 REVERT JUMPDEST DUP1 ADDRESS PUSH20 0xFFFFFFFFFFFFFFFFFFFFFFFFFFFFFFFFFFFFFFFF AND BALANCE LT ISZERO ISZERO ISZERO PUSH2 0x17F8 JUMPI PUSH1 0x0 DUP1 REVERT JUMPDEST CALLER PUSH20 0xFFFFFFFFFFFFFFFFFFFFFFFFFFFFFFFFFFFFFFFF AND PUSH2 0x8FC DUP3 SWAP1 DUP2 ISZERO MUL SWAP1 PUSH1 0x40 MLOAD PUSH1 0x0 PUSH1 0x40 MLOAD DUP1 DUP4 SUB DUP2 DUP6 DUP9 DUP9 CALL SWAP4 POP POP POP POP ISZERO ISZERO PUSH2 0x1838 JUMPI PUSH1 0x0 DUP1 REVERT JUMPDEST POP POP JUMP STOP LOG1 PUSH6 0x627A7A723058 KECCAK256 0xc2 PUSH29 0x3D332A648C882606388548B8E3ED11D88CB5FDF7C00ED12C8425934A9E 0x5d STOP 0x29
1,PUSH1 0x60 PUSH1 0x40 MSTORE CALLVALUE ISZERO PUSH2 0xF JUMPI PUSH1 0x0 DUP1 REVERT JUMPDEST PUSH4 0x5F5E100 PUSH1 0x2 DUP2 SWAP1 SSTORE POP PUSH32 0x494E560000000000000000000000000000000000000000000000000000000000 PUSH1 0x5 DUP2 PUSH1 0x0 NOT AND SWAP1 SSTORE POP PUSH20 0x3EE8F2A4AD734CBEBDE350DBDA28E0DA56812830 PUSH1 0x4 PUSH1 0x0 PUSH2 0x100 EXP DUP2 SLOAD DUP2 PUSH20 0xFFFFFFFFFFFFFFFFFFFFFFFFFFFFFFFFFFFFFFFF MUL NOT AND SWAP1 DUP4 PUSH20 0xFFFFFFFFFFFFFFFFFFFFFFFFFFFFFFFFFFFFFFFF AND MUL OR SWAP1 SSTORE POP PUSH1 0x2 SLOAD PUSH1 0x1 PUSH1 0x0 PUSH1 0x4 PUSH1 0x0 SWAP1 SLOAD SWAP1 PUSH2 0x100 EXP SWAP1 DIV PUSH20 0xFFFFFFFFFFFFFFFFFFFFFFFFFFFFFFFFFFFFFFFF AND PUSH20 0xFFFFFFFFFFFFFFFFFFFFFFFFFFFFFFFFFFFFFFFF AND PUSH20 0xFFFFFFFFFFFFFFFFFFFFFFFFFFFFFFFFFFFFFFFF AND DUP2 MSTORE PUSH1 0x20 ADD SWAP1 DUP2 MSTORE PUSH1 0x20 ADD PUSH1 0x0 KECCAK256 DUP2 SWAP1 SSTORE POP PUSH1 0x0 PUSH1 0x3 DUP2 SWAP1 SSTORE POP PUSH2 0xA9F DUP1 PUSH2 0x119 PUSH1 0x0 CODECOPY PUSH1 0x0 RETURN STOP PUSH1 0x60 PUSH1 0x40 MSTORE PUSH1 0x4 CALLDATASIZE LT PUSH2 0x99 JUMPI PUSH1 0x0 CALLDATALOAD PUSH29 0x100000000000000000000000000000000000000000000000000000000 SWAP1 DIV PUSH4 0xFFFFFFFF AND DUP1 PUSH4 0x95EA7B3 EQ PUSH2 0xA9 JUMPI DUP1 PUSH4 0x18160DDD EQ PUSH2 0x103 JUMPI DUP1 PUSH4 0x23B872DD EQ PUSH2 0x12C JUMPI DUP1 PUSH4 0x313CE567 EQ PUSH2 0x1A5 JUMPI DUP1 PUSH4 0x70A08231 EQ PUSH2 0x1CE JUMPI DUP1 PUSH4 0x8DA5CB5B EQ PUSH2 0x21B JUMPI DUP1 PUSH4 0x95D89B41 EQ PUSH2 0x270 JUMPI DUP1 PUSH4 0xA9059CBB EQ PUSH2 0x2A1 JUMPI DUP1 PUSH4 0xDD62ED3E EQ PUSH2 0x2FB JUMPI JUMPDEST CALLVALUE ISZERO PUSH2 0xA4 JUMPI PUSH1 0x0 DUP1 REVERT JUMPDEST PUSH1 0x0 DUP1 REVERT JUMPDEST CALLVALUE ISZERO PUSH2 0xB4 JUMPI PUSH1 0x0 DUP1 REVERT JUMPDEST PUSH2 0xE9 PUSH1 0x4 DUP1 DUP1 CALLDATALOAD PUSH20 0xFFFFFFFFFFFFFFFFFFFFFFFFFFFFFFFFFFFFFFFF AND SWAP1 PUSH1 0x20 ADD SWAP1 SWAP2 SWAP1 DUP1 CALLDATALOAD SWAP1 PUSH1 0x20 ADD SWAP1 SWAP2 SWAP1 POP POP PUSH2 0x367 JUMP JUMPDEST PUSH1 0x40 MLOAD DUP1 DUP3 ISZERO ISZERO ISZERO ISZERO DUP2 MSTORE PUSH1 0x20 ADD SWAP2 POP POP PUSH1 0x40 MLOAD DUP1 SWAP2 SUB SWAP1 RETURN JUMPDEST CALLVALUE ISZERO PUSH2 0x10E JUMPI PUSH1 0x0 DUP1 REVERT JUMPDEST PUSH2 0x116 PUSH2 0x4EC JUMP JUMPDEST PUSH1 0x40 MLOAD DUP1 DUP3 DUP2 MSTORE PUSH1 0x20 ADD SWAP2 POP POP PUSH1 0x40 MLOAD DUP1 SWAP2 SUB SWAP1 RETURN JUMPDEST CALLVALUE ISZERO PUSH2 0x137 JUMPI PUSH1 0x0 DUP1 REVERT JUMPDEST PUSH2 0x18B PUSH1 0x4 DUP1 DUP1 CALLDATALOAD PUSH20 0xFFFFFFFFFFFFFFFFFFFFFFFFFFFFFFFFFFFFFFFF AND SWAP1 PUSH1 0x20 ADD SWAP1 SWAP2 SWAP1 DUP1 CALLDATALOAD PUSH20 0xFFFFFFFFFFFFFFFFFFFFFFFFFFFFFFFFFFFFFFFF AND SWAP1 PUSH1 0x20 ADD SWAP1 SWAP2 SWAP1 DUP1 CALLDATALOAD SWAP1 PUSH1 0x20 ADD SWAP1 SWAP2 SWAP1 POP POP PUSH2 0x4F2 JUMP JUMPDEST PUSH1 0x40 MLOAD DUP1 DUP3 ISZERO ISZERO ISZERO ISZERO DUP2 MSTORE PUSH1 0x20 ADD SWAP2 POP POP PUSH1 0x40 MLOAD DUP1 SWAP2 SUB SWAP1 RETURN JUMPDEST CALLVALUE ISZERO PUSH2 0x1B0 JUMPI PUSH1 0x0 DUP1 REVERT JUMPDEST PUSH2 0x1B8 PUSH2 0x7A0 JUMP JUMPDEST PUSH1 0x40 MLOAD DUP1 DUP3 DUP2 MSTORE PUSH1 0x20 ADD SWAP2 POP POP PUSH1 0x40 MLOAD DUP1 SWAP2 SUB SWAP1 RETURN JUMPDEST CALLVALUE ISZERO PUSH2 0x1D9 JUMPI PUSH1 0x0 DUP1 REVERT JUMPDEST PUSH2 0x205 PUSH1 0x4 DUP1 DUP1 CALLDATALOAD PUSH20 0xFFFFFFFFFFFFFFFFFFFFFFFFFFFFFFFFFFFFFFFF AND SWAP1 PUSH1 0x20 ADD SWAP1 SWAP2 SWAP1 POP POP PUSH2 0x7A6 JUMP JUMPDEST PUSH1 0x40 MLOAD DUP1 DUP3 DUP2 MSTORE PUSH1 0x20 ADD SWAP2 POP POP PUSH1 0x40 MLOAD DUP1 SWAP2 SUB SWAP1 RETURN JUMPDEST CALLVALUE ISZERO PUSH2 0x226 JUMPI PUSH1 0x0 DUP1 REVERT JUMPDEST PUSH2 0x22E PUSH2 0x7EF JUMP JUMPDEST PUSH1 0x40 MLOAD DUP1 DUP3 PUSH20 0xFFFFFFFFFFFFFFFFFFFFFFFFFFFFFFFFFFFFFFFF AND PUSH20 0xFFFFFFFFFFFFFFFFFFFFFFFFFFFFFFFFFFFFFFFF AND DUP2 MSTORE PUSH1 0x20 ADD SWAP2 POP POP PUSH1 0x40 MLOAD DUP1 SWAP2 SUB SWAP1 RETURN JUMPDEST CALLVALUE ISZERO PUSH2 0x27B JUMPI PUSH1 0x0 DUP1 REVERT JUMPDEST PUSH2 0x283 PUSH2 0x815 JUMP JUMPDEST PUSH1 0x40 MLOAD DUP1 DUP3 PUSH1 0x0 NOT AND PUSH1 0x0 NOT AND DUP2 MSTORE PUSH1 0x20 ADD SWAP2 POP POP PUSH1 0x40 MLOAD DUP1 SWAP2 SUB SWAP1 RETURN JUMPDEST CALLVALUE ISZERO PUSH2 0x2AC JUMPI PUSH1 0x0 DUP1 REVERT JUMPDEST PUSH2 0x2E1 PUSH1 0x4 DUP1 DUP1 CALLDATALOAD PUSH20 0xFFFFFFFFFFFFFFFFFFFFFFFFFFFFFFFFFFFFFFFF AND SWAP1 PUSH1 0x20 ADD SWAP1 SWAP2 SWAP1 DUP1 CALLDATALOAD SWAP1 PUSH1 0x20 ADD SWAP1 SWAP2 SWAP1 POP POP PUSH2 0x81B JUMP JUMPDEST PUSH1 0x40 MLOAD DUP1 DUP3 ISZERO ISZERO ISZERO ISZERO DUP2 MSTORE PUSH1 0x20 ADD SWAP2 POP POP PUSH1 0x40 MLOAD DUP1 SWAP2 SUB SWAP1 RETURN JUMPDEST CALLVALUE ISZERO PUSH2 0x306 JUMPI PUSH1 0x0 DUP1 REVERT JUMPDEST PUSH2 0x351 PUSH1 0x4 DUP1 DUP1 CALLDATALOAD PUSH20 0xFFFFFFFFFFFFFFFFFFFFFFFFFFFFFFFFFFFFFFFF AND SWAP1 PUSH1 0x20 ADD SWAP1 SWAP2 SWAP1 DUP1 CALLDATALOAD PUSH20 0xFFFFFFFFFFFFFFFFFFFFFFFFFFFFFFFFFFFFFFFF AND SWAP1 PUSH1 0x20 ADD SWAP1 SWAP2 SWAP1 POP POP PUSH2 0x9B6 JUMP JUMPDEST PUSH1 0x40 MLOAD DUP1 DUP3 DUP2 MSTORE PUSH1 0x20 ADD SWAP2 POP POP PUSH1 0x40 MLOAD DUP1 SWAP2 SUB SWAP1 RETURN JUMPDEST PUSH1 0x0 DUP1 DUP3 EQ DUP1 PUSH2 0x3F2 JUMPI POP PUSH1 0x0 DUP1 PUSH1 0x0 CALLER PUSH20 0xFFFFFFFFFFFFFFFFFFFFFFFFFFFFFFFFFFFFFFFF AND PUSH20 0xFFFFFFFFFFFFFFFFFFFFFFFFFFFFFFFFFFFFFFFF AND DUP2 MSTORE PUSH1 0x20 ADD SWAP1 DUP2 MSTORE PUSH1 0x20 ADD PUSH1 0x0 KECCAK256 PUSH1 0x0 DUP6 PUSH20 0xFFFFFFFFFFFFFFFFFFFFFFFFFFFFFFFFFFFFFFFF AND PUSH20 0xFFFFFFFFFFFFFFFFFFFFFFFFFFFFFFFFFFFFFFFF AND DUP2 MSTORE PUSH1 0x20 ADD SWAP1 DUP2 MSTORE PUSH1 0x20 ADD PUSH1 0x0 KECCAK256 SLOAD EQ JUMPDEST ISZERO ISZERO PUSH2 0x3FD JUMPI PUSH1 0x0 DUP1 REVERT JUMPDEST DUP2 PUSH1 0x0 DUP1 CALLER PUSH20 0xFFFFFFFFFFFFFFFFFFFFFFFFFFFFFFFFFFFFFFFF AND PUSH20 0xFFFFFFFFFFFFFFFFFFFFFFFFFFFFFFFFFFFFFFFF AND DUP2 MSTORE PUSH1 0x20 ADD SWAP1 DUP2 MSTORE PUSH1 0x20 ADD PUSH1 0x0 KECCAK256 PUSH1 0x0 DUP6 PUSH20 0xFFFFFFFFFFFFFFFFFFFFFFFFFFFFFFFFFFFFFFFF AND PUSH20 0xFFFFFFFFFFFFFFFFFFFFFFFFFFFFFFFFFFFFFFFF AND DUP2 MSTORE PUSH1 0x20 ADD SWAP1 DUP2 MSTORE PUSH1 0x20 ADD PUSH1 0x0 KECCAK256 DUP2 SWAP1 SSTORE POP DUP3 PUSH20 0xFFFFFFFFFFFFFFFFFFFFFFFFFFFFFFFFFFFFFFFF AND CALLER PUSH20 0xFFFFFFFFFFFFFFFFFFFFFFFFFFFFFFFFFFFFFFFF AND PUSH32 0x8C5BE1E5EBEC7D5BD14F71427D1E84F3DD0314C0F7B2291E5B200AC8C7C3B925 DUP5 PUSH1 0x40 MLOAD DUP1 DUP3 DUP2 MSTORE PUSH1 0x20 ADD SWAP2 POP POP PUSH1 0x40 MLOAD DUP1 SWAP2 SUB SWAP1 LOG3 PUSH1 0x1 SWAP1 POP SWAP3 SWAP2 POP POP JUMP JUMPDEST PUSH1 0x2 SLOAD DUP2 JUMP JUMPDEST PUSH1 0x0 DUP1 PUSH1 0x0 DUP1 DUP7 PUSH20 0xFFFFFFFFFFFFFFFFFFFFFFFFFFFFFFFFFFFFFFFF AND PUSH20 0xFFFFFFFFFFFFFFFFFFFFFFFFFFFFFFFFFFFFFFFF AND DUP2 MSTORE PUSH1 0x20 ADD SWAP1 DUP2 MSTORE PUSH1 0x20 ADD PUSH1 0x0 KECCAK256 PUSH1 0x0 CALLER PUSH20 0xFFFFFFFFFFFFFFFFFFFFFFFFFFFFFFFFFFFFFFFF AND PUSH20 0xFFFFFFFFFFFFFFFFFFFFFFFFFFFFFFFFFFFFFFFF AND DUP2 MSTORE PUSH1 0x20 ADD SWAP1 DUP2 MSTORE PUSH1 0x20 ADD PUSH1 0x0 KECCAK256 SLOAD SWAP1 POP PUSH2 0x5C5 DUP4 PUSH1 0x1 PUSH1 0x0 DUP8 PUSH20 0xFFFFFFFFFFFFFFFFFFFFFFFFFFFFFFFFFFFFFFFF AND PUSH20 0xFFFFFFFFFFFFFFFFFFFFFFFFFFFFFFFFFFFFFFFF AND DUP2 MSTORE PUSH1 0x20 ADD SWAP1 DUP2 MSTORE PUSH1 0x20 ADD PUSH1 0x0 KECCAK256 SLOAD PUSH2 0xA3C SWAP1 SWAP2 SWAP1 PUSH4 0xFFFFFFFF AND JUMP JUMPDEST PUSH1 0x1 PUSH1 0x0 DUP7 PUSH20 0xFFFFFFFFFFFFFFFFFFFFFFFFFFFFFFFFFFFFFFFF AND PUSH20 0xFFFFFFFFFFFFFFFFFFFFFFFFFFFFFFFFFFFFFFFF AND DUP2 MSTORE PUSH1 0x20 ADD SWAP1 DUP2 MSTORE PUSH1 0x20 ADD PUSH1 0x0 KECCAK256 DUP2 SWAP1 SSTORE POP PUSH2 0x65A DUP4 PUSH1 0x1 PUSH1 0x0 DUP9 PUSH20 0xFFFFFFFFFFFFFFFFFFFFFFFFFFFFFFFFFFFFFFFF AND PUSH20 0xFFFFFFFFFFFFFFFFFFFFFFFFFFFFFFFFFFFFFFFF AND DUP2 MSTORE PUSH1 0x20 ADD SWAP1 DUP2 MSTORE PUSH1 0x20 ADD PUSH1 0x0 KECCAK256 SLOAD PUSH2 0xA5A SWAP1 SWAP2 SWAP1 PUSH4 0xFFFFFFFF AND JUMP JUMPDEST PUSH1 0x1 PUSH1 0x0 DUP8 PUSH20 0xFFFFFFFFFFFFFFFFFFFFFFFFFFFFFFFFFFFFFFFF AND PUSH20 0xFFFFFFFFFFFFFFFFFFFFFFFFFFFFFFFFFFFFFFFF AND DUP2 MSTORE PUSH1 0x20 ADD SWAP1 DUP2 MSTORE PUSH1 0x20 ADD PUSH1 0x0 KECCAK256 DUP2 SWAP1 SSTORE POP PUSH2 0x6B0 DUP4 DUP3 PUSH2 0xA5A SWAP1 SWAP2 SWAP1 PUSH4 0xFFFFFFFF AND JUMP JUMPDEST PUSH1 0x0 DUP1 DUP8 PUSH20 0xFFFFFFFFFFFFFFFFFFFFFFFFFFFFFFFFFFFFFFFF AND PUSH20 0xFFFFFFFFFFFFFFFFFFFFFFFFFFFFFFFFFFFFFFFF AND DUP2 MSTORE PUSH1 0x20 ADD SWAP1 DUP2 MSTORE PUSH1 0x20 ADD PUSH1 0x0 KECCAK256 PUSH1 0x0 CALLER PUSH20 0xFFFFFFFFFFFFFFFFFFFFFFFFFFFFFFFFFFFFFFFF AND PUSH20 0xFFFFFFFFFFFFFFFFFFFFFFFFFFFFFFFFFFFFFFFF AND DUP2 MSTORE PUSH1 0x20 ADD SWAP1 DUP2 MSTORE PUSH1 0x20 ADD PUSH1 0x0 KECCAK256 DUP2 SWAP1 SSTORE POP DUP4 PUSH20 0xFFFFFFFFFFFFFFFFFFFFFFFFFFFFFFFFFFFFFFFF AND DUP6 PUSH20 0xFFFFFFFFFFFFFFFFFFFFFFFFFFFFFFFFFFFFFFFF AND PUSH32 0xDDF252AD1BE2C89B69C2B068FC378DAA952BA7F163C4A11628F55A4DF523B3EF DUP6 PUSH1 0x40 MLOAD DUP1 DUP3 DUP2 MSTORE PUSH1 0x20 ADD SWAP2 POP POP PUSH1 0x40 MLOAD DUP1 SWAP2 SUB SWAP1 LOG3 PUSH1 0x1 SWAP2 POP POP SWAP4 SWAP3 POP POP POP JUMP JUMPDEST PUSH1 0x3 SLOAD DUP2 JUMP JUMPDEST PUSH1 0x0 PUSH1 0x1 PUSH1 0x0 DUP4 PUSH20 0xFFFFFFFFFFFFFFFFFFFFFFFFFFFFFFFFFFFFFFFF AND PUSH20 0xFFFFFFFFFFFFFFFFFFFFFFFFFFFFFFFFFFFFFFFF AND DUP2 MSTORE PUSH1 0x20 ADD SWAP1 DUP2 MSTORE PUSH1 0x20 ADD PUSH1 0x0 KECCAK256 SLOAD SWAP1 POP SWAP2 SWAP1 POP JUMP JUMPDEST PUSH1 0x4 PUSH1 0x0 SWAP1 SLOAD SWAP1 PUSH2 0x100 EXP SWAP1 DIV PUSH20 0xFFFFFFFFFFFFFFFFFFFFFFFFFFFFFFFFFFFFFFFF AND DUP2 JUMP JUMPDEST PUSH1 0x5 SLOAD DUP2 JUMP JUMPDEST PUSH1 0x0 PUSH2 0x86F DUP3 PUSH1 0x1 PUSH1 0x0 CALLER PUSH20 0xFFFFFFFFFFFFFFFFFFFFFFFFFFFFFFFFFFFFFFFF AND PUSH20 0xFFFFFFFFFFFFFFFFFFFFFFFFFFFFFFFFFFFFFFFF AND DUP2 MSTORE PUSH1 0x20 ADD SWAP1 DUP2 MSTORE PUSH1 0x20 ADD PUSH1 0x0 KECCAK256 SLOAD PUSH2 0xA5A SWAP1 SWAP2 SWAP1 PUSH4 0xFFFFFFFF AND JUMP JUMPDEST PUSH1 0x1 PUSH1 0x0 CALLER PUSH20 0xFFFFFFFFFFFFFFFFFFFFFFFFFFFFFFFFFFFFFFFF AND PUSH20 0xFFFFFFFFFFFFFFFFFFFFFFFFFFFFFFFFFFFFFFFF AND DUP2 MSTORE PUSH1 0x20 ADD SWAP1 DUP2 MSTORE PUSH1 0x20 ADD PUSH1 0x0 KECCAK256 DUP2 SWAP1 SSTORE POP PUSH2 0x904 DUP3 PUSH1 0x1 PUSH1 0x0 DUP7 PUSH20 0xFFFFFFFFFFFFFFFFFFFFFFFFFFFFFFFFFFFFFFFF AND PUSH20 0xFFFFFFFFFFFFFFFFFFFFFFFFFFFFFFFFFFFFFFFF AND DUP2 MSTORE PUSH1 0x20 ADD SWAP1 DUP2 MSTORE PUSH1 0x20 ADD PUSH1 0x0 KECCAK256 SLOAD PUSH2 0xA3C SWAP1 SWAP2 SWAP1 PUSH4 0xFFFFFFFF AND JUMP JUMPDEST PUSH1 0x1 PUSH1 0x0 DUP6 PUSH20 0xFFFFFFFFFFFFFFFFFFFFFFFFFFFFFFFFFFFFFFFF AND PUSH20 0xFFFFFFFFFFFFFFFFFFFFFFFFFFFFFFFFFFFFFFFF AND DUP2 MSTORE PUSH1 0x20 ADD SWAP1 DUP2 MSTORE PUSH1 0x20 ADD PUSH1 0x0 KECCAK256 DUP2 SWAP1 SSTORE POP DUP3 PUSH20 0xFFFFFFFFFFFFFFFFFFFFFFFFFFFFFFFFFFFFFFFF AND CALLER PUSH20 0xFFFFFFFFFFFFFFFFFFFFFFFFFFFFFFFFFFFFFFFF AND PUSH32 0xDDF252AD1BE2C89B69C2B068FC378DAA952BA7F163C4A11628F55A4DF523B3EF DUP5 PUSH1 0x40 MLOAD DUP1 DUP3 DUP2 MSTORE PUSH1 0x20 ADD SWAP2 POP POP PUSH1 0x40 MLOAD DUP1 SWAP2 SUB SWAP1 LOG3 PUSH1 0x1 SWAP1 POP SWAP3 SWAP2 POP POP JUMP JUMPDEST PUSH1 0x0 DUP1 PUSH1 0x0 DUP5 PUSH20 0xFFFFFFFFFFFFFFFFFFFFFFFFFFFFFFFFFFFFFFFF AND PUSH20 0xFFFFFFFFFFFFFFFFFFFFFFFFFFFFFFFFFFFFFFFF AND DUP2 MSTORE PUSH1 0x20 ADD SWAP1 DUP2 MSTORE PUSH1 0x20 ADD PUSH1 0x0 KECCAK256 PUSH1 0x0 DUP4 PUSH20 0xFFFFFFFFFFFFFFFFFFFFFFFFFFFFFFFFFFFFFFFF AND PUSH20 0xFFFFFFFFFFFFFFFFFFFFFFFFFFFFFFFFFFFFFFFF AND DUP2 MSTORE PUSH1 0x20 ADD SWAP1 DUP2 MSTORE PUSH1 0x20 ADD PUSH1 0x0 KECCAK256 SLOAD SWAP1 POP SWAP3 SWAP2 POP POP JUMP JUMPDEST PUSH1 0x0 DUP1 DUP3 DUP5 ADD SWAP1 POP DUP4 DUP2 LT ISZERO ISZERO ISZERO PUSH2 0xA50 JUMPI INVALID JUMPDEST DUP1 SWAP2 POP POP SWAP3 SWAP2 POP POP JUMP JUMPDEST PUSH1 0x0 DUP3 DUP3 GT ISZERO ISZERO ISZERO PUSH2 0xA68 JUMPI INVALID JUMPDEST DUP2 DUP4 SUB SWAP1 POP SWAP3 SWAP2 POP POP JUMP STOP LOG1 PUSH6 0x627A7A723058 KECCAK256 STOP EXTCODECOPY 0xc 0xcb BYTE SWAP14 0xda SLT PUSH9 0x9DC08BA8715634620B DUP8 0x5c 0xe 0x5c 0xe8 INVALID PUSH23 0x575542C1F00C2D00290000000000000000000000000000
1,PUSH1 0x60 PUSH1 0x40 MSTORE PUSH1 0x12 PUSH1 0x3 PUSH1 0x0 PUSH2 0x100 EXP DUP2 SLOAD DUP2 PUSH1 0xFF MUL NOT AND SWAP1 DUP4 PUSH1 0xFF AND MUL OR SWAP1 SSTORE POP CALLVALUE ISZERO PUSH3 0x2C JUMPI PUSH1 0x0 DUP1 REVERT JUMPDEST PUSH1 0x40 MLOAD PUSH3 0x191A CODESIZE SUB DUP1 PUSH3 0x191A DUP4 CODECOPY DUP2 ADD PUSH1 0x40 MSTORE DUP1 DUP1 MLOAD SWAP1 PUSH1 0x20 ADD SWAP1 SWAP2 SWAP1 DUP1 MLOAD DUP3 ADD SWAP2 SWAP1 PUSH1 0x20 ADD DUP1 MLOAD DUP3 ADD SWAP2 SWAP1 POP POP DUP3 DUP3 DUP3 CALLER PUSH1 0x0 DUP1 PUSH2 0x100 EXP DUP2 SLOAD DUP2 PUSH20 0xFFFFFFFFFFFFFFFFFFFFFFFFFFFFFFFFFFFFFFFF MUL NOT AND SWAP1 DUP4 PUSH20 0xFFFFFFFFFFFFFFFFFFFFFFFFFFFFFFFFFFFFFFFF AND MUL OR SWAP1 SSTORE POP PUSH1 0x3 PUSH1 0x0 SWAP1 SLOAD SWAP1 PUSH2 0x100 EXP SWAP1 DIV PUSH1 0xFF AND PUSH1 0xFF AND PUSH1 0xA EXP DUP4 MUL PUSH1 0x4 DUP2 SWAP1 SSTORE POP PUSH1 0x4 SLOAD PUSH1 0x5 PUSH1 0x0 CALLER PUSH20 0xFFFFFFFFFFFFFFFFFFFFFFFFFFFFFFFFFFFFFFFF AND PUSH20 0xFFFFFFFFFFFFFFFFFFFFFFFFFFFFFFFFFFFFFFFF AND DUP2 MSTORE PUSH1 0x20 ADD SWAP1 DUP2 MSTORE PUSH1 0x20 ADD PUSH1 0x0 KECCAK256 DUP2 SWAP1 SSTORE POP DUP2 PUSH1 0x1 SWAP1 DUP1 MLOAD SWAP1 PUSH1 0x20 ADD SWAP1 PUSH3 0x11B SWAP3 SWAP2 SWAP1 PUSH3 0x141 JUMP JUMPDEST POP DUP1 PUSH1 0x2 SWAP1 DUP1 MLOAD SWAP1 PUSH1 0x20 ADD SWAP1 PUSH3 0x134 SWAP3 SWAP2 SWAP1 PUSH3 0x141 JUMP JUMPDEST POP POP POP POP POP POP POP PUSH3 0x1F0 JUMP JUMPDEST DUP3 DUP1 SLOAD PUSH1 0x1 DUP2 PUSH1 0x1 AND ISZERO PUSH2 0x100 MUL SUB AND PUSH1 0x2 SWAP1 DIV SWAP1 PUSH1 0x0 MSTORE PUSH1 0x20 PUSH1 0x0 KECCAK256 SWAP1 PUSH1 0x1F ADD PUSH1 0x20 SWAP1 DIV DUP2 ADD SWAP3 DUP3 PUSH1 0x1F LT PUSH3 0x184 JUMPI DUP1 MLOAD PUSH1 0xFF NOT AND DUP4 DUP1 ADD OR DUP6 SSTORE PUSH3 0x1B5 JUMP JUMPDEST DUP3 DUP1 ADD PUSH1 0x1 ADD DUP6 SSTORE DUP3 ISZERO PUSH3 0x1B5 JUMPI SWAP2 DUP3 ADD JUMPDEST DUP3 DUP2 GT ISZERO PUSH3 0x1B4 JUMPI DUP3 MLOAD DUP3 SSTORE SWAP2 PUSH1 0x20 ADD SWAP2 SWAP1 PUSH1 0x1 ADD SWAP1 PUSH3 0x197 JUMP JUMPDEST JUMPDEST POP SWAP1 POP PUSH3 0x1C4 SWAP2 SWAP1 PUSH3 0x1C8 JUMP JUMPDEST POP SWAP1 JUMP JUMPDEST PUSH3 0x1ED SWAP2 SWAP1 JUMPDEST DUP1 DUP3 GT ISZERO PUSH3 0x1E9 JUMPI PUSH1 0x0 DUP2 PUSH1 0x0 SWAP1 SSTORE POP PUSH1 0x1 ADD PUSH3 0x1CF JUMP JUMPDEST POP SWAP1 JUMP JUMPDEST SWAP1 JUMP JUMPDEST PUSH2 0x171A DUP1 PUSH3 0x200 PUSH1 0x0 CODECOPY PUSH1 0x0 RETURN STOP PUSH1 0x60 PUSH1 0x40 MSTORE PUSH1 0x4 CALLDATASIZE LT PUSH2 0x128 JUMPI PUSH1 0x0 CALLDATALOAD PUSH29 0x100000000000000000000000000000000000000000000000000000000 SWAP1 DIV PUSH4 0xFFFFFFFF AND DUP1 PUSH4 0x5FEFDA7 EQ PUSH2 0x12D JUMPI DUP1 PUSH4 0x6FDDE03 EQ PUSH2 0x159 JUMPI DUP1 PUSH4 0x95EA7B3 EQ PUSH2 0x1E7 JUMPI DUP1 PUSH4 0x18160DDD EQ PUSH2 0x241 JUMPI DUP1 PUSH4 0x23B872DD EQ PUSH2 0x26A JUMPI DUP1 PUSH4 0x313CE567 EQ PUSH2 0x2E3 JUMPI DUP1 PUSH4 0x42966C68 EQ PUSH2 0x312 JUMPI DUP1 PUSH4 0x4B750334 EQ PUSH2 0x34D JUMPI DUP1 PUSH4 0x70A08231 EQ PUSH2 0x376 JUMPI DUP1 PUSH4 0x79C65068 EQ PUSH2 0x3C3 JUMPI DUP1 PUSH4 0x79CC6790 EQ PUSH2 0x405 JUMPI DUP1 PUSH4 0x8620410B EQ PUSH2 0x45F JUMPI DUP1 PUSH4 0x8DA5CB5B EQ PUSH2 0x488 JUMPI DUP1 PUSH4 0x95D89B41 EQ PUSH2 0x4DD JUMPI DUP1 PUSH4 0xA6F2AE3A EQ PUSH2 0x56B JUMPI DUP1 PUSH4 0xA9059CBB EQ PUSH2 0x575 JUMPI DUP1 PUSH4 0xB414D4B6 EQ PUSH2 0x5B7 JUMPI DUP1 PUSH4 0xCAE9CA51 EQ PUSH2 0x608 JUMPI DUP1 PUSH4 0xDD62ED3E EQ PUSH2 0x6A5 JUMPI DUP1 PUSH4 0xE4849B32 EQ PUSH2 0x711 JUMPI DUP1 PUSH4 0xE724529C EQ PUSH2 0x734 JUMPI DUP1 PUSH4 0xF2FDE38B EQ PUSH2 0x778 JUMPI JUMPDEST PUSH1 0x0 DUP1 REVERT JUMPDEST CALLVALUE ISZERO PUSH2 0x138 JUMPI PUSH1 0x0 DUP1 REVERT JUMPDEST PUSH2 0x157 PUSH1 0x4 DUP1 DUP1 CALLDATALOAD SWAP1 PUSH1 0x20 ADD SWAP1 SWAP2 SWAP1 DUP1 CALLDATALOAD SWAP1 PUSH1 0x20 ADD SWAP1 SWAP2 SWAP1 POP POP PUSH2 0x7B1 JUMP JUMPDEST STOP JUMPDEST CALLVALUE ISZERO PUSH2 0x164 JUMPI PUSH1 0x0 DUP1 REVERT JUMPDEST PUSH2 0x16C PUSH2 0x81E JUMP JUMPDEST PUSH1 0x40 MLOAD DUP1 DUP1 PUSH1 0x20 ADD DUP3 DUP2 SUB DUP3 MSTORE DUP4 DUP2 DUP2 MLOAD DUP2 MSTORE PUSH1 0x20 ADD SWAP2 POP DUP1 MLOAD SWAP1 PUSH1 0x20 ADD SWAP1 DUP1 DUP4 DUP4 PUSH1 0x0 JUMPDEST DUP4 DUP2 LT ISZERO PUSH2 0x1AC JUMPI DUP1 DUP3 ADD MLOAD DUP2 DUP5 ADD MSTORE PUSH1 0x20 DUP2 ADD SWAP1 POP PUSH2 0x191 JUMP JUMPDEST POP POP POP POP SWAP1 POP SWAP1 DUP2 ADD SWAP1 PUSH1 0x1F AND DUP1 ISZERO PUSH2 0x1D9 JUMPI DUP1 DUP3 SUB DUP1 MLOAD PUSH1 0x1 DUP4 PUSH1 0x20 SUB PUSH2 0x100 EXP SUB NOT AND DUP2 MSTORE PUSH1 0x20 ADD SWAP2 POP JUMPDEST POP SWAP3 POP POP POP PUSH1 0x40 MLOAD DUP1 SWAP2 SUB SWAP1 RETURN JUMPDEST CALLVALUE ISZERO PUSH2 0x1F2 JUMPI PUSH1 0x0 DUP1 REVERT JUMPDEST PUSH2 0x227 PUSH1 0x4 DUP1 DUP1 CALLDATALOAD PUSH20 0xFFFFFFFFFFFFFFFFFFFFFFFFFFFFFFFFFFFFFFFF AND SWAP1 PUSH1 0x20 ADD SWAP1 SWAP2 SWAP1 DUP1 CALLDATALOAD SWAP1 PUSH1 0x20 ADD SWAP1 SWAP2 SWAP1 POP POP PUSH2 0x8BC JUMP JUMPDEST PUSH1 0x40 MLOAD DUP1 DUP3 ISZERO ISZERO ISZERO ISZERO DUP2 MSTORE PUSH1 0x20 ADD SWAP2 POP POP PUSH1 0x40 MLOAD DUP1 SWAP2 SUB SWAP1 RETURN JUMPDEST CALLVALUE ISZERO PUSH2 0x24C JUMPI PUSH1 0x0 DUP1 REVERT JUMPDEST PUSH2 0x254 PUSH2 0x949 JUMP JUMPDEST PUSH1 0x40 MLOAD DUP1 DUP3 DUP2 MSTORE PUSH1 0x20 ADD SWAP2 POP POP PUSH1 0x40 MLOAD DUP1 SWAP2 SUB SWAP1 RETURN JUMPDEST CALLVALUE ISZERO PUSH2 0x275 JUMPI PUSH1 0x0 DUP1 REVERT JUMPDEST PUSH2 0x2C9 PUSH1 0x4 DUP1 DUP1 CALLDATALOAD PUSH20 0xFFFFFFFFFFFFFFFFFFFFFFFFFFFFFFFFFFFFFFFF AND SWAP1 PUSH1 0x20 ADD SWAP1 SWAP2 SWAP1 DUP1 CALLDATALOAD PUSH20 0xFFFFFFFFFFFFFFFFFFFFFFFFFFFFFFFFFFFFFFFF AND SWAP1 PUSH1 0x20 ADD SWAP1 SWAP2 SWAP1 DUP1 CALLDATALOAD SWAP1 PUSH1 0x20 ADD SWAP1 SWAP2 SWAP1 POP POP PUSH2 0x94F JUMP JUMPDEST PUSH1 0x40 MLOAD DUP1 DUP3 ISZERO ISZERO ISZERO ISZERO DUP2 MSTORE PUSH1 0x20 ADD SWAP2 POP POP PUSH1 0x40 MLOAD DUP1 SWAP2 SUB SWAP1 RETURN JUMPDEST CALLVALUE ISZERO PUSH2 0x2EE JUMPI PUSH1 0x0 DUP1 REVERT JUMPDEST PUSH2 0x2F6 PUSH2 0xA7C JUMP JUMPDEST PUSH1 0x40 MLOAD DUP1 DUP3 PUSH1 0xFF AND PUSH1 0xFF AND DUP2 MSTORE PUSH1 0x20 ADD SWAP2 POP POP PUSH1 0x40 MLOAD DUP1 SWAP2 SUB SWAP1 RETURN JUMPDEST CALLVALUE ISZERO PUSH2 0x31D JUMPI PUSH1 0x0 DUP1 REVERT JUMPDEST PUSH2 0x333 PUSH1 0x4 DUP1 DUP1 CALLDATALOAD SWAP1 PUSH1 0x20 ADD SWAP1 SWAP2 SWAP1 POP POP PUSH2 0xA8F JUMP JUMPDEST PUSH1 0x40 MLOAD DUP1 DUP3 ISZERO ISZERO ISZERO ISZERO DUP2 MSTORE PUSH1 0x20 ADD SWAP2 POP POP PUSH1 0x40 MLOAD DUP1 SWAP2 SUB SWAP1 RETURN JUMPDEST CALLVALUE ISZERO PUSH2 0x358 JUMPI PUSH1 0x0 DUP1 REVERT JUMPDEST PUSH2 0x360 PUSH2 0xB93 JUMP JUMPDEST PUSH1 0x40 MLOAD DUP1 DUP3 DUP2 MSTORE PUSH1 0x20 ADD SWAP2 POP POP PUSH1 0x40 MLOAD DUP1 SWAP2 SUB SWAP1 RETURN JUMPDEST CALLVALUE ISZERO PUSH2 0x381 JUMPI PUSH1 0x0 DUP1 REVERT JUMPDEST PUSH2 0x3AD PUSH1 0x4 DUP1 DUP1 CALLDATALOAD PUSH20 0xFFFFFFFFFFFFFFFFFFFFFFFFFFFFFFFFFFFFFFFF AND SWAP1 PUSH1 0x20 ADD SWAP1 SWAP2 SWAP1 POP POP PUSH2 0xB99 JUMP JUMPDEST PUSH1 0x40 MLOAD DUP1 DUP3 DUP2 MSTORE PUSH1 0x20 ADD SWAP2 POP POP PUSH1 0x40 MLOAD DUP1 SWAP2 SUB SWAP1 RETURN JUMPDEST CALLVALUE ISZERO PUSH2 0x3CE JUMPI PUSH1 0x0 DUP1 REVERT JUMPDEST PUSH2 0x403 PUSH1 0x4 DUP1 DUP1 CALLDATALOAD PUSH20 0xFFFFFFFFFFFFFFFFFFFFFFFFFFFFFFFFFFFFFFFF AND SWAP1 PUSH1 0x20 ADD SWAP1 SWAP2 SWAP1 DUP1 CALLDATALOAD SWAP1 PUSH1 0x20 ADD SWAP1 SWAP2 SWAP1 POP POP PUSH2 0xBB1 JUMP JUMPDEST STOP JUMPDEST CALLVALUE ISZERO PUSH2 0x410 JUMPI PUSH1 0x0 DUP1 REVERT JUMPDEST PUSH2 0x445 PUSH1 0x4 DUP1 DUP1 CALLDATALOAD PUSH20 0xFFFFFFFFFFFFFFFFFFFFFFFFFFFFFFFFFFFFFFFF AND SWAP1 PUSH1 0x20 ADD SWAP1 SWAP2 SWAP1 DUP1 CALLDATALOAD SWAP1 PUSH1 0x20 ADD SWAP1 SWAP2 SWAP1 POP POP PUSH2 0xD22 JUMP JUMPDEST PUSH1 0x40 MLOAD DUP1 DUP3 ISZERO ISZERO ISZERO ISZERO DUP2 MSTORE PUSH1 0x20 ADD SWAP2 POP POP PUSH1 0x40 MLOAD DUP1 SWAP2 SUB SWAP1 RETURN JUMPDEST CALLVALUE ISZERO PUSH2 0x46A JUMPI PUSH1 0x0 DUP1 REVERT JUMPDEST PUSH2 0x472 PUSH2 0xF3C JUMP JUMPDEST PUSH1 0x40 MLOAD DUP1 DUP3 DUP2 MSTORE PUSH1 0x20 ADD SWAP2 POP POP PUSH1 0x40 MLOAD DUP1 SWAP2 SUB SWAP1 RETURN JUMPDEST CALLVALUE ISZERO PUSH2 0x493 JUMPI PUSH1 0x0 DUP1 REVERT JUMPDEST PUSH2 0x49B PUSH2 0xF42 JUMP JUMPDEST PUSH1 0x40 MLOAD DUP1 DUP3 PUSH20 0xFFFFFFFFFFFFFFFFFFFFFFFFFFFFFFFFFFFFFFFF AND PUSH20 0xFFFFFFFFFFFFFFFFFFFFFFFFFFFFFFFFFFFFFFFF AND DUP2 MSTORE PUSH1 0x20 ADD SWAP2 POP POP PUSH1 0x40 MLOAD DUP1 SWAP2 SUB SWAP1 RETURN JUMPDEST CALLVALUE ISZERO PUSH2 0x4E8 JUMPI PUSH1 0x0 DUP1 REVERT JUMPDEST PUSH2 0x4F0 PUSH2 0xF67 JUMP JUMPDEST PUSH1 0x40 MLOAD DUP1 DUP1 PUSH1 0x20 ADD DUP3 DUP2 SUB DUP3 MSTORE DUP4 DUP2 DUP2 MLOAD DUP2 MSTORE PUSH1 0x20 ADD SWAP2 POP DUP1 MLOAD SWAP1 PUSH1 0x20 ADD SWAP1 DUP1 DUP4 DUP4 PUSH1 0x0 JUMPDEST DUP4 DUP2 LT ISZERO PUSH2 0x530 JUMPI DUP1 DUP3 ADD MLOAD DUP2 DUP5 ADD MSTORE PUSH1 0x20 DUP2 ADD SWAP1 POP PUSH2 0x515 JUMP JUMPDEST POP POP POP POP SWAP1 POP SWAP1 DUP2 ADD SWAP1 PUSH1 0x1F AND DUP1 ISZERO PUSH2 0x55D JUMPI DUP1 DUP3 SUB DUP1 MLOAD PUSH1 0x1 DUP4 PUSH1 0x20 SUB PUSH2 0x100 EXP SUB NOT AND DUP2 MSTORE PUSH1 0x20 ADD SWAP2 POP JUMPDEST POP SWAP3 POP POP POP PUSH1 0x40 MLOAD DUP1 SWAP2 SUB SWAP1 RETURN JUMPDEST PUSH2 0x573 PUSH2 0x1005 JUMP JUMPDEST STOP JUMPDEST CALLVALUE ISZERO PUSH2 0x580 JUMPI PUSH1 0x0 DUP1 REVERT JUMPDEST PUSH2 0x5B5 PUSH1 0x4 DUP1 DUP1 CALLDATALOAD PUSH20 0xFFFFFFFFFFFFFFFFFFFFFFFFFFFFFFFFFFFFFFFF AND SWAP1 PUSH1 0x20 ADD SWAP1 SWAP2 SWAP1 DUP1 CALLDATALOAD SWAP1 PUSH1 0x20 ADD SWAP1 SWAP2 SWAP1 POP POP PUSH2 0x1025 JUMP JUMPDEST STOP JUMPDEST CALLVALUE ISZERO PUSH2 0x5C2 JUMPI PUSH1 0x0 DUP1 REVERT JUMPDEST PUSH2 0x5EE PUSH1 0x4 DUP1 DUP1 CALLDATALOAD PUSH20 0xFFFFFFFFFFFFFFFFFFFFFFFFFFFFFFFFFFFFFFFF AND SWAP1 PUSH1 0x20 ADD SWAP1 SWAP2 SWAP1 POP POP PUSH2 0x1034 JUMP JUMPDEST PUSH1 0x40 MLOAD DUP1 DUP3 ISZERO ISZERO ISZERO ISZERO DUP2 MSTORE PUSH1 0x20 ADD SWAP2 POP POP PUSH1 0x40 MLOAD DUP1 SWAP2 SUB SWAP1 RETURN JUMPDEST CALLVALUE ISZERO PUSH2 0x613 JUMPI PUSH1 0x0 DUP1 REVERT JUMPDEST PUSH2 0x68B PUSH1 0x4 DUP1 DUP1 CALLDATALOAD PUSH20 0xFFFFFFFFFFFFFFFFFFFFFFFFFFFFFFFFFFFFFFFF AND SWAP1 PUSH1 0x20 ADD SWAP1 SWAP2 SWAP1 DUP1 CALLDATALOAD SWAP1 PUSH1 0x20 ADD SWAP1 SWAP2 SWAP1 DUP1 CALLDATALOAD SWAP1 PUSH1 0x20 ADD SWAP1 DUP3 ADD DUP1 CALLDATALOAD SWAP1 PUSH1 0x20 ADD SWAP1 DUP1 DUP1 PUSH1 0x1F ADD PUSH1 0x20 DUP1 SWAP2 DIV MUL PUSH1 0x20 ADD PUSH1 0x40 MLOAD SWAP1 DUP2 ADD PUSH1 0x40 MSTORE DUP1 SWAP4 SWAP3 SWAP2 SWAP1 DUP2 DUP2 MSTORE PUSH1 0x20 ADD DUP4 DUP4 DUP1 DUP3 DUP5 CALLDATACOPY DUP3 ADD SWAP2 POP POP POP POP POP POP SWAP2 SWAP1 POP POP PUSH2 0x1054 JUMP JUMPDEST PUSH1 0x40 MLOAD DUP1 DUP3 ISZERO ISZERO ISZERO ISZERO DUP2 MSTORE PUSH1 0x20 ADD SWAP2 POP POP PUSH1 0x40 MLOAD DUP1 SWAP2 SUB SWAP1 RETURN JUMPDEST CALLVALUE ISZERO PUSH2 0x6B0 JUMPI PUSH1 0x0 DUP1 REVERT JUMPDEST PUSH2 0x6FB PUSH1 0x4 DUP1 DUP1 CALLDATALOAD PUSH20 0xFFFFFFFFFFFFFFFFFFFFFFFFFFFFFFFFFFFFFFFF AND SWAP1 PUSH1 0x20 ADD SWAP1 SWAP2 SWAP1 DUP1 CALLDATALOAD PUSH20 0xFFFFFFFFFFFFFFFFFFFFFFFFFFFFFFFFFFFFFFFF AND SWAP1 PUSH1 0x20 ADD SWAP1 SWAP2 SWAP1 POP POP PUSH2 0x11D2 JUMP JUMPDEST PUSH1 0x40 MLOAD DUP1 DUP3 DUP2 MSTORE PUSH1 0x20 ADD SWAP2 POP POP PUSH1 0x40 MLOAD DUP1 SWAP2 SUB SWAP1 RETURN JUMPDEST CALLVALUE ISZERO PUSH2 0x71C JUMPI PUSH1 0x0 DUP1 REVERT JUMPDEST PUSH2 0x732 PUSH1 0x4 DUP1 DUP1 CALLDATALOAD SWAP1 PUSH1 0x20 ADD SWAP1 SWAP2 SWAP1 POP POP PUSH2 0x11F7 JUMP JUMPDEST STOP JUMPDEST CALLVALUE ISZERO PUSH2 0x73F JUMPI PUSH1 0x0 DUP1 REVERT JUMPDEST PUSH2 0x776 PUSH1 0x4 DUP1 DUP1 CALLDATALOAD PUSH20 0xFFFFFFFFFFFFFFFFFFFFFFFFFFFFFFFFFFFFFFFF AND SWAP1 PUSH1 0x20 ADD SWAP1 SWAP2 SWAP1 DUP1 CALLDATALOAD ISZERO ISZERO SWAP1 PUSH1 0x20 ADD SWAP1 SWAP2 SWAP1 POP POP PUSH2 0x1273 JUMP JUMPDEST STOP JUMPDEST CALLVALUE ISZERO PUSH2 0x783 JUMPI PUSH1 0x0 DUP1 REVERT JUMPDEST PUSH2 0x7AF PUSH1 0x4 DUP1 DUP1 CALLDATALOAD PUSH20 0xFFFFFFFFFFFFFFFFFFFFFFFFFFFFFFFFFFFFFFFF AND SWAP1 PUSH1 0x20 ADD SWAP1 SWAP2 SWAP1 POP POP PUSH2 0x1398 JUMP JUMPDEST STOP JUMPDEST PUSH1 0x0 DUP1 SWAP1 SLOAD SWAP1 PUSH2 0x100 EXP SWAP1 DIV PUSH20 0xFFFFFFFFFFFFFFFFFFFFFFFFFFFFFFFFFFFFFFFF AND PUSH20 0xFFFFFFFFFFFFFFFFFFFFFFFFFFFFFFFFFFFFFFFF AND CALLER PUSH20 0xFFFFFFFFFFFFFFFFFFFFFFFFFFFFFFFFFFFFFFFF AND EQ ISZERO ISZERO PUSH2 0x80C JUMPI PUSH1 0x0 DUP1 REVERT JUMPDEST DUP2 PUSH1 0x7 DUP2 SWAP1 SSTORE POP DUP1 PUSH1 0x8 DUP2 SWAP1 SSTORE POP POP POP JUMP JUMPDEST PUSH1 0x1 DUP1 SLOAD PUSH1 0x1 DUP2 PUSH1 0x1 AND ISZERO PUSH2 0x100 MUL SUB AND PUSH1 0x2 SWAP1 DIV DUP1 PUSH1 0x1F ADD PUSH1 0x20 DUP1 SWAP2 DIV MUL PUSH1 0x20 ADD PUSH1 0x40 MLOAD SWAP1 DUP2 ADD PUSH1 0x40 MSTORE DUP1 SWAP3 SWAP2 SWAP1 DUP2 DUP2 MSTORE PUSH1 0x20 ADD DUP3 DUP1 SLOAD PUSH1 0x1 DUP2 PUSH1 0x1 AND ISZERO PUSH2 0x100 MUL SUB AND PUSH1 0x2 SWAP1 DIV DUP1 ISZERO PUSH2 0x8B4 JUMPI DUP1 PUSH1 0x1F LT PUSH2 0x889 JUMPI PUSH2 0x100 DUP1 DUP4 SLOAD DIV MUL DUP4 MSTORE SWAP2 PUSH1 0x20 ADD SWAP2 PUSH2 0x8B4 JUMP JUMPDEST DUP3 ADD SWAP2 SWAP1 PUSH1 0x0 MSTORE PUSH1 0x20 PUSH1 0x0 KECCAK256 SWAP1 JUMPDEST DUP2 SLOAD DUP2 MSTORE SWAP1 PUSH1 0x1 ADD SWAP1 PUSH1 0x20 ADD DUP1 DUP4 GT PUSH2 0x897 JUMPI DUP3 SWAP1 SUB PUSH1 0x1F AND DUP3 ADD SWAP2 JUMPDEST POP POP POP POP POP DUP2 JUMP JUMPDEST PUSH1 0x0 DUP2 PUSH1 0x6 PUSH1 0x0 CALLER PUSH20 0xFFFFFFFFFFFFFFFFFFFFFFFFFFFFFFFFFFFFFFFF AND PUSH20 0xFFFFFFFFFFFFFFFFFFFFFFFFFFFFFFFFFFFFFFFF AND DUP2 MSTORE PUSH1 0x20 ADD SWAP1 DUP2 MSTORE PUSH1 0x20 ADD PUSH1 0x0 KECCAK256 PUSH1 0x0 DUP6 PUSH20 0xFFFFFFFFFFFFFFFFFFFFFFFFFFFFFFFFFFFFFFFF AND PUSH20 0xFFFFFFFFFFFFFFFFFFFFFFFFFFFFFFFFFFFFFFFF AND DUP2 MSTORE PUSH1 0x20 ADD SWAP1 DUP2 MSTORE PUSH1 0x20 ADD PUSH1 0x0 KECCAK256 DUP2 SWAP1 SSTORE POP PUSH1 0x1 SWAP1 POP SWAP3 SWAP2 POP POP JUMP JUMPDEST PUSH1 0x4 SLOAD DUP2 JUMP JUMPDEST PUSH1 0x0 PUSH1 0x6 PUSH1 0x0 DUP6 PUSH20 0xFFFFFFFFFFFFFFFFFFFFFFFFFFFFFFFFFFFFFFFF AND PUSH20 0xFFFFFFFFFFFFFFFFFFFFFFFFFFFFFFFFFFFFFFFF AND DUP2 MSTORE PUSH1 0x20 ADD SWAP1 DUP2 MSTORE PUSH1 0x20 ADD PUSH1 0x0 KECCAK256 PUSH1 0x0 CALLER PUSH20 0xFFFFFFFFFFFFFFFFFFFFFFFFFFFFFFFFFFFFFFFF AND PUSH20 0xFFFFFFFFFFFFFFFFFFFFFFFFFFFFFFFFFFFFFFFF AND DUP2 MSTORE PUSH1 0x20 ADD SWAP1 DUP2 MSTORE PUSH1 0x20 ADD PUSH1 0x0 KECCAK256 SLOAD DUP3 GT ISZERO ISZERO ISZERO PUSH2 0x9DC JUMPI PUSH1 0x0 DUP1 REVERT JUMPDEST DUP2 PUSH1 0x6 PUSH1 0x0 DUP7 PUSH20 0xFFFFFFFFFFFFFFFFFFFFFFFFFFFFFFFFFFFFFFFF AND PUSH20 0xFFFFFFFFFFFFFFFFFFFFFFFFFFFFFFFFFFFFFFFF AND DUP2 MSTORE PUSH1 0x20 ADD SWAP1 DUP2 MSTORE PUSH1 0x20 ADD PUSH1 0x0 KECCAK256 PUSH1 0x0 CALLER PUSH20 0xFFFFFFFFFFFFFFFFFFFFFFFFFFFFFFFFFFFFFFFF AND PUSH20 0xFFFFFFFFFFFFFFFFFFFFFFFFFFFFFFFFFFFFFFFF AND DUP2 MSTORE PUSH1 0x20 ADD SWAP1 DUP2 MSTORE PUSH1 0x20 ADD PUSH1 0x0 KECCAK256 PUSH1 0x0 DUP3 DUP3 SLOAD SUB SWAP3 POP POP DUP2 SWAP1 SSTORE POP PUSH2 0xA71 DUP5 DUP5 DUP5 PUSH2 0x1436 JUMP JUMPDEST PUSH1 0x1 SWAP1 POP SWAP4 SWAP3 POP POP POP JUMP JUMPDEST PUSH1 0x3 PUSH1 0x0 SWAP1 SLOAD SWAP1 PUSH2 0x100 EXP SWAP1 DIV PUSH1 0xFF AND DUP2 JUMP JUMPDEST PUSH1 0x0 DUP2 PUSH1 0x5 PUSH1 0x0 CALLER PUSH20 0xFFFFFFFFFFFFFFFFFFFFFFFFFFFFFFFFFFFFFFFF AND PUSH20 0xFFFFFFFFFFFFFFFFFFFFFFFFFFFFFFFFFFFFFFFF AND DUP2 MSTORE PUSH1 0x20 ADD SWAP1 DUP2 MSTORE PUSH1 0x20 ADD PUSH1 0x0 KECCAK256 SLOAD LT ISZERO ISZERO ISZERO PUSH2 0xADF JUMPI PUSH1 0x0 DUP1 REVERT JUMPDEST DUP2 PUSH1 0x5 PUSH1 0x0 CALLER PUSH20 0xFFFFFFFFFFFFFFFFFFFFFFFFFFFFFFFFFFFFFFFF AND PUSH20 0xFFFFFFFFFFFFFFFFFFFFFFFFFFFFFFFFFFFFFFFF AND DUP2 MSTORE PUSH1 0x20 ADD SWAP1 DUP2 MSTORE PUSH1 0x20 ADD PUSH1 0x0 KECCAK256 PUSH1 0x0 DUP3 DUP3 SLOAD SUB SWAP3 POP POP DUP2 SWAP1 SSTORE POP DUP2 PUSH1 0x4 PUSH1 0x0 DUP3 DUP3 SLOAD SUB SWAP3 POP POP DUP2 SWAP1 SSTORE POP CALLER PUSH20 0xFFFFFFFFFFFFFFFFFFFFFFFFFFFFFFFFFFFFFFFF AND PUSH32 0xCC16F5DBB4873280815C1EE09DBD06736CFFCC184412CF7A71A0FDB75D397CA5 DUP4 PUSH1 0x40 MLOAD DUP1 DUP3 DUP2 MSTORE PUSH1 0x20 ADD SWAP2 POP POP PUSH1 0x40 MLOAD DUP1 SWAP2 SUB SWAP1 LOG2 PUSH1 0x1 SWAP1 POP SWAP2 SWAP1 POP JUMP JUMPDEST PUSH1 0x7 SLOAD DUP2 JUMP JUMPDEST PUSH1 0x5 PUSH1 0x20 MSTORE DUP1 PUSH1 0x0 MSTORE PUSH1 0x40 PUSH1 0x0 KECCAK256 PUSH1 0x0 SWAP2 POP SWAP1 POP SLOAD DUP2 JUMP JUMPDEST PUSH1 0x0 DUP1 SWAP1 SLOAD SWAP1 PUSH2 0x100 EXP SWAP1 DIV PUSH20 0xFFFFFFFFFFFFFFFFFFFFFFFFFFFFFFFFFFFFFFFF AND PUSH20 0xFFFFFFFFFFFFFFFFFFFFFFFFFFFFFFFFFFFFFFFF AND CALLER PUSH20 0xFFFFFFFFFFFFFFFFFFFFFFFFFFFFFFFFFFFFFFFF AND EQ ISZERO ISZERO PUSH2 0xC0C JUMPI PUSH1 0x0 DUP1 REVERT JUMPDEST DUP1 PUSH1 0x5 PUSH1 0x0 DUP5 PUSH20 0xFFFFFFFFFFFFFFFFFFFFFFFFFFFFFFFFFFFFFFFF AND PUSH20 0xFFFFFFFFFFFFFFFFFFFFFFFFFFFFFFFFFFFFFFFF AND DUP2 MSTORE PUSH1 0x20 ADD SWAP1 DUP2 MSTORE PUSH1 0x20 ADD PUSH1 0x0 KECCAK256 PUSH1 0x0 DUP3 DUP3 SLOAD ADD SWAP3 POP POP DUP2 SWAP1 SSTORE POP DUP1 PUSH1 0x4 PUSH1 0x0 DUP3 DUP3 SLOAD ADD SWAP3 POP POP DUP2 SWAP1 SSTORE POP ADDRESS PUSH20 0xFFFFFFFFFFFFFFFFFFFFFFFFFFFFFFFFFFFFFFFF AND PUSH1 0x0 PUSH32 0xDDF252AD1BE2C89B69C2B068FC378DAA952BA7F163C4A11628F55A4DF523B3EF DUP4 PUSH1 0x40 MLOAD DUP1 DUP3 DUP2 MSTORE PUSH1 0x20 ADD SWAP2 POP POP PUSH1 0x40 MLOAD DUP1 SWAP2 SUB SWAP1 LOG3 DUP2 PUSH20 0xFFFFFFFFFFFFFFFFFFFFFFFFFFFFFFFFFFFFFFFF AND ADDRESS PUSH20 0xFFFFFFFFFFFFFFFFFFFFFFFFFFFFFFFFFFFFFFFF AND PUSH32 0xDDF252AD1BE2C89B69C2B068FC378DAA952BA7F163C4A11628F55A4DF523B3EF DUP4 PUSH1 0x40 MLOAD DUP1 DUP3 DUP2 MSTORE PUSH1 0x20 ADD SWAP2 POP POP PUSH1 0x40 MLOAD DUP1 SWAP2 SUB SWAP1 LOG3 POP POP JUMP JUMPDEST PUSH1 0x0 DUP2 PUSH1 0x5 PUSH1 0x0 DUP6 PUSH20 0xFFFFFFFFFFFFFFFFFFFFFFFFFFFFFFFFFFFFFFFF AND PUSH20 0xFFFFFFFFFFFFFFFFFFFFFFFFFFFFFFFFFFFFFFFF AND DUP2 MSTORE PUSH1 0x20 ADD SWAP1 DUP2 MSTORE PUSH1 0x20 ADD PUSH1 0x0 KECCAK256 SLOAD LT ISZERO ISZERO ISZERO PUSH2 0xD72 JUMPI PUSH1 0x0 DUP1 REVERT JUMPDEST PUSH1 0x6 PUSH1 0x0 DUP5 PUSH20 0xFFFFFFFFFFFFFFFFFFFFFFFFFFFFFFFFFFFFFFFF AND PUSH20 0xFFFFFFFFFFFFFFFFFFFFFFFFFFFFFFFFFFFFFFFF AND DUP2 MSTORE PUSH1 0x20 ADD SWAP1 DUP2 MSTORE PUSH1 0x20 ADD PUSH1 0x0 KECCAK256 PUSH1 0x0 CALLER PUSH20 0xFFFFFFFFFFFFFFFFFFFFFFFFFFFFFFFFFFFFFFFF AND PUSH20 0xFFFFFFFFFFFFFFFFFFFFFFFFFFFFFFFFFFFFFFFF AND DUP2 MSTORE PUSH1 0x20 ADD SWAP1 DUP2 MSTORE PUSH1 0x20 ADD PUSH1 0x0 KECCAK256 SLOAD DUP3 GT ISZERO ISZERO ISZERO PUSH2 0xDFD JUMPI PUSH1 0x0 DUP1 REVERT JUMPDEST DUP2 PUSH1 0x5 PUSH1 0x0 DUP6 PUSH20 0xFFFFFFFFFFFFFFFFFFFFFFFFFFFFFFFFFFFFFFFF AND PUSH20 0xFFFFFFFFFFFFFFFFFFFFFFFFFFFFFFFFFFFFFFFF AND DUP2 MSTORE PUSH1 0x20 ADD SWAP1 DUP2 MSTORE PUSH1 0x20 ADD PUSH1 0x0 KECCAK256 PUSH1 0x0 DUP3 DUP3 SLOAD SUB SWAP3 POP POP DUP2 SWAP1 SSTORE POP DUP2 PUSH1 0x6 PUSH1 0x0 DUP6 PUSH20 0xFFFFFFFFFFFFFFFFFFFFFFFFFFFFFFFFFFFFFFFF AND PUSH20 0xFFFFFFFFFFFFFFFFFFFFFFFFFFFFFFFFFFFFFFFF AND DUP2 MSTORE PUSH1 0x20 ADD SWAP1 DUP2 MSTORE PUSH1 0x20 ADD PUSH1 0x0 KECCAK256 PUSH1 0x0 CALLER PUSH20 0xFFFFFFFFFFFFFFFFFFFFFFFFFFFFFFFFFFFFFFFF AND PUSH20 0xFFFFFFFFFFFFFFFFFFFFFFFFFFFFFFFFFFFFFFFF AND DUP2 MSTORE PUSH1 0x20 ADD SWAP1 DUP2 MSTORE PUSH1 0x20 ADD PUSH1 0x0 KECCAK256 PUSH1 0x0 DUP3 DUP3 SLOAD SUB SWAP3 POP POP DUP2 SWAP1 SSTORE POP DUP2 PUSH1 0x4 PUSH1 0x0 DUP3 DUP3 SLOAD SUB SWAP3 POP POP DUP2 SWAP1 SSTORE POP DUP3 PUSH20 0xFFFFFFFFFFFFFFFFFFFFFFFFFFFFFFFFFFFFFFFF AND PUSH32 0xCC16F5DBB4873280815C1EE09DBD06736CFFCC184412CF7A71A0FDB75D397CA5 DUP4 PUSH1 0x40 MLOAD DUP1 DUP3 DUP2 MSTORE PUSH1 0x20 ADD SWAP2 POP POP PUSH1 0x40 MLOAD DUP1 SWAP2 SUB SWAP1 LOG2 PUSH1 0x1 SWAP1 POP SWAP3 SWAP2 POP POP JUMP JUMPDEST PUSH1 0x8 SLOAD DUP2 JUMP JUMPDEST PUSH1 0x0 DUP1 SWAP1 SLOAD SWAP1 PUSH2 0x100 EXP SWAP1 DIV PUSH20 0xFFFFFFFFFFFFFFFFFFFFFFFFFFFFFFFFFFFFFFFF AND DUP2 JUMP JUMPDEST PUSH1 0x2 DUP1 SLOAD PUSH1 0x1 DUP2 PUSH1 0x1 AND ISZERO PUSH2 0x100 MUL SUB AND PUSH1 0x2 SWAP1 DIV DUP1 PUSH1 0x1F ADD PUSH1 0x20 DUP1 SWAP2 DIV MUL PUSH1 0x20 ADD PUSH1 0x40 MLOAD SWAP1 DUP2 ADD PUSH1 0x40 MSTORE DUP1 SWAP3 SWAP2 SWAP1 DUP2 DUP2 MSTORE PUSH1 0x20 ADD DUP3 DUP1 SLOAD PUSH1 0x1 DUP2 PUSH1 0x1 AND ISZERO PUSH2 0x100 MUL SUB AND PUSH1 0x2 SWAP1 DIV DUP1 ISZERO PUSH2 0xFFD JUMPI DUP1 PUSH1 0x1F LT PUSH2 0xFD2 JUMPI PUSH2 0x100 DUP1 DUP4 SLOAD DIV MUL DUP4 MSTORE SWAP2 PUSH1 0x20 ADD SWAP2 PUSH2 0xFFD JUMP JUMPDEST DUP3 ADD SWAP2 SWAP1 PUSH1 0x0 MSTORE PUSH1 0x20 PUSH1 0x0 KECCAK256 SWAP1 JUMPDEST DUP2 SLOAD DUP2 MSTORE SWAP1 PUSH1 0x1 ADD SWAP1 PUSH1 0x20 ADD DUP1 DUP4 GT PUSH2 0xFE0 JUMPI DUP3 SWAP1 SUB PUSH1 0x1F AND DUP3 ADD SWAP2 JUMPDEST POP POP POP POP POP DUP2 JUMP JUMPDEST PUSH1 0x0 PUSH1 0x8 SLOAD CALLVALUE DUP2 ISZERO ISZERO PUSH2 0x1014 JUMPI INVALID JUMPDEST DIV SWAP1 POP PUSH2 0x1022 ADDRESS CALLER DUP4 PUSH2 0x1436 JUMP JUMPDEST POP JUMP JUMPDEST PUSH2 0x1030 CALLER DUP4 DUP4 PUSH2 0x1436 JUMP JUMPDEST POP POP JUMP JUMPDEST PUSH1 0x9 PUSH1 0x20 MSTORE DUP1 PUSH1 0x0 MSTORE PUSH1 0x40 PUSH1 0x0 KECCAK256 PUSH1 0x0 SWAP2 POP SLOAD SWAP1 PUSH2 0x100 EXP SWAP1 DIV PUSH1 0xFF AND DUP2 JUMP JUMPDEST PUSH1 0x0 DUP1 DUP5 SWAP1 POP PUSH2 0x1064 DUP6 DUP6 PUSH2 0x8BC JUMP JUMPDEST ISZERO PUSH2 0x11C9 JUMPI DUP1 PUSH20 0xFFFFFFFFFFFFFFFFFFFFFFFFFFFFFFFFFFFFFFFF AND PUSH4 0x8F4FFCB1 CALLER DUP7 ADDRESS DUP8 PUSH1 0x40 MLOAD DUP6 PUSH4 0xFFFFFFFF AND PUSH29 0x100000000000000000000000000000000000000000000000000000000 MUL DUP2 MSTORE PUSH1 0x4 ADD DUP1 DUP6 PUSH20 0xFFFFFFFFFFFFFFFFFFFFFFFFFFFFFFFFFFFFFFFF AND PUSH20 0xFFFFFFFFFFFFFFFFFFFFFFFFFFFFFFFFFFFFFFFF AND DUP2 MSTORE PUSH1 0x20 ADD DUP5 DUP2 MSTORE PUSH1 0x20 ADD DUP4 PUSH20 0xFFFFFFFFFFFFFFFFFFFFFFFFFFFFFFFFFFFFFFFF AND PUSH20 0xFFFFFFFFFFFFFFFFFFFFFFFFFFFFFFFFFFFFFFFF AND DUP2 MSTORE PUSH1 0x20 ADD DUP1 PUSH1 0x20 ADD DUP3 DUP2 SUB DUP3 MSTORE DUP4 DUP2 DUP2 MLOAD DUP2 MSTORE PUSH1 0x20 ADD SWAP2 POP DUP1 MLOAD SWAP1 PUSH1 0x20 ADD SWAP1 DUP1 DUP4 DUP4 PUSH1 0x0 JUMPDEST DUP4 DUP2 LT ISZERO PUSH2 0x115E JUMPI DUP1 DUP3 ADD MLOAD DUP2 DUP5 ADD MSTORE PUSH1 0x20 DUP2 ADD SWAP1 POP PUSH2 0x1143 JUMP JUMPDEST POP POP POP POP SWAP1 POP SWAP1 DUP2 ADD SWAP1 PUSH1 0x1F AND DUP1 ISZERO PUSH2 0x118B JUMPI DUP1 DUP3 SUB DUP1 MLOAD PUSH1 0x1 DUP4 PUSH1 0x20 SUB PUSH2 0x100 EXP SUB NOT AND DUP2 MSTORE PUSH1 0x20 ADD SWAP2 POP JUMPDEST POP SWAP6 POP POP POP POP POP POP PUSH1 0x0 PUSH1 0x40 MLOAD DUP1 DUP4 SUB DUP2 PUSH1 0x0 DUP8 DUP1 EXTCODESIZE ISZERO ISZERO PUSH2 0x11AC JUMPI PUSH1 0x0 DUP1 REVERT JUMPDEST PUSH2 0x2C6 GAS SUB CALL ISZERO ISZERO PUSH2 0x11BD JUMPI PUSH1 0x0 DUP1 REVERT JUMPDEST POP POP POP PUSH1 0x1 SWAP2 POP PUSH2 0x11CA JUMP JUMPDEST JUMPDEST POP SWAP4 SWAP3 POP POP POP JUMP JUMPDEST PUSH1 0x6 PUSH1 0x20 MSTORE DUP2 PUSH1 0x0 MSTORE PUSH1 0x40 PUSH1 0x0 KECCAK256 PUSH1 0x20 MSTORE DUP1 PUSH1 0x0 MSTORE PUSH1 0x40 PUSH1 0x0 KECCAK256 PUSH1 0x0 SWAP2 POP SWAP2 POP POP SLOAD DUP2 JUMP JUMPDEST PUSH1 0x7 SLOAD DUP2 MUL ADDRESS PUSH20 0xFFFFFFFFFFFFFFFFFFFFFFFFFFFFFFFFFFFFFFFF AND BALANCE LT ISZERO ISZERO ISZERO PUSH2 0x1221 JUMPI PUSH1 0x0 DUP1 REVERT JUMPDEST PUSH2 0x122C CALLER ADDRESS DUP4 PUSH2 0x1436 JUMP JUMPDEST CALLER PUSH20 0xFFFFFFFFFFFFFFFFFFFFFFFFFFFFFFFFFFFFFFFF AND PUSH2 0x8FC PUSH1 0x7 SLOAD DUP4 MUL SWAP1 DUP2 ISZERO MUL SWAP1 PUSH1 0x40 MLOAD PUSH1 0x0 PUSH1 0x40 MLOAD DUP1 DUP4 SUB DUP2 DUP6 DUP9 DUP9 CALL SWAP4 POP POP POP POP ISZERO ISZERO PUSH2 0x1270 JUMPI PUSH1 0x0 DUP1 REVERT JUMPDEST POP JUMP JUMPDEST PUSH1 0x0 DUP1 SWAP1 SLOAD SWAP1 PUSH2 0x100 EXP SWAP1 DIV PUSH20 0xFFFFFFFFFFFFFFFFFFFFFFFFFFFFFFFFFFFFFFFF AND PUSH20 0xFFFFFFFFFFFFFFFFFFFFFFFFFFFFFFFFFFFFFFFF AND CALLER PUSH20 0xFFFFFFFFFFFFFFFFFFFFFFFFFFFFFFFFFFFFFFFF AND EQ ISZERO ISZERO PUSH2 0x12CE JUMPI PUSH1 0x0 DUP1 REVERT JUMPDEST DUP1 PUSH1 0x9 PUSH1 0x0 DUP5 PUSH20 0xFFFFFFFFFFFFFFFFFFFFFFFFFFFFFFFFFFFFFFFF AND PUSH20 0xFFFFFFFFFFFFFFFFFFFFFFFFFFFFFFFFFFFFFFFF AND DUP2 MSTORE PUSH1 0x20 ADD SWAP1 DUP2 MSTORE PUSH1 0x20 ADD PUSH1 0x0 KECCAK256 PUSH1 0x0 PUSH2 0x100 EXP DUP2 SLOAD DUP2 PUSH1 0xFF MUL NOT AND SWAP1 DUP4 ISZERO ISZERO MUL OR SWAP1 SSTORE POP PUSH32 0x48335238B4855F35377ED80F164E8C6F3C366E54AC00B96A6402D4A9814A03A5 DUP3 DUP3 PUSH1 0x40 MLOAD DUP1 DUP4 PUSH20 0xFFFFFFFFFFFFFFFFFFFFFFFFFFFFFFFFFFFFFFFF AND PUSH20 0xFFFFFFFFFFFFFFFFFFFFFFFFFFFFFFFFFFFFFFFF AND DUP2 MSTORE PUSH1 0x20 ADD DUP3 ISZERO ISZERO ISZERO ISZERO DUP2 MSTORE PUSH1 0x20 ADD SWAP3 POP POP POP PUSH1 0x40 MLOAD DUP1 SWAP2 SUB SWAP1 LOG1 POP POP JUMP JUMPDEST PUSH1 0x0 DUP1 SWAP1 SLOAD SWAP1 PUSH2 0x100 EXP SWAP1 DIV PUSH20 0xFFFFFFFFFFFFFFFFFFFFFFFFFFFFFFFFFFFFFFFF AND PUSH20 0xFFFFFFFFFFFFFFFFFFFFFFFFFFFFFFFFFFFFFFFF AND CALLER PUSH20 0xFFFFFFFFFFFFFFFFFFFFFFFFFFFFFFFFFFFFFFFF AND EQ ISZERO ISZERO PUSH2 0x13F3 JUMPI PUSH1 0x0 DUP1 REVERT JUMPDEST DUP1 PUSH1 0x0 DUP1 PUSH2 0x100 EXP DUP2 SLOAD DUP2 PUSH20 0xFFFFFFFFFFFFFFFFFFFFFFFFFFFFFFFFFFFFFFFF MUL NOT AND SWAP1 DUP4 PUSH20 0xFFFFFFFFFFFFFFFFFFFFFFFFFFFFFFFFFFFFFFFF AND MUL OR SWAP1 SSTORE POP POP JUMP JUMPDEST PUSH1 0x0 DUP3 PUSH20 0xFFFFFFFFFFFFFFFFFFFFFFFFFFFFFFFFFFFFFFFF AND EQ ISZERO ISZERO ISZERO PUSH2 0x145C JUMPI PUSH1 0x0 DUP1 REVERT JUMPDEST DUP1 PUSH1 0x5 PUSH1 0x0 DUP6 PUSH20 0xFFFFFFFFFFFFFFFFFFFFFFFFFFFFFFFFFFFFFFFF AND PUSH20 0xFFFFFFFFFFFFFFFFFFFFFFFFFFFFFFFFFFFFFFFF AND DUP2 MSTORE PUSH1 0x20 ADD SWAP1 DUP2 MSTORE PUSH1 0x20 ADD PUSH1 0x0 KECCAK256 SLOAD LT ISZERO ISZERO ISZERO PUSH2 0x14AA JUMPI PUSH1 0x0 DUP1 REVERT JUMPDEST PUSH1 0x5 PUSH1 0x0 DUP4 PUSH20 0xFFFFFFFFFFFFFFFFFFFFFFFFFFFFFFFFFFFFFFFF AND PUSH20 0xFFFFFFFFFFFFFFFFFFFFFFFFFFFFFFFFFFFFFFFF AND DUP2 MSTORE PUSH1 0x20 ADD SWAP1 DUP2 MSTORE PUSH1 0x20 ADD PUSH1 0x0 KECCAK256 SLOAD DUP2 PUSH1 0x5 PUSH1 0x0 DUP6 PUSH20 0xFFFFFFFFFFFFFFFFFFFFFFFFFFFFFFFFFFFFFFFF AND PUSH20 0xFFFFFFFFFFFFFFFFFFFFFFFFFFFFFFFFFFFFFFFF AND DUP2 MSTORE PUSH1 0x20 ADD SWAP1 DUP2 MSTORE PUSH1 0x20 ADD PUSH1 0x0 KECCAK256 SLOAD ADD GT ISZERO ISZERO PUSH2 0x1538 JUMPI PUSH1 0x0 DUP1 REVERT JUMPDEST PUSH1 0x9 PUSH1 0x0 DUP5 PUSH20 0xFFFFFFFFFFFFFFFFFFFFFFFFFFFFFFFFFFFFFFFF AND PUSH20 0xFFFFFFFFFFFFFFFFFFFFFFFFFFFFFFFFFFFFFFFF AND DUP2 MSTORE PUSH1 0x20 ADD SWAP1 DUP2 MSTORE PUSH1 0x20 ADD PUSH1 0x0 KECCAK256 PUSH1 0x0 SWAP1 SLOAD SWAP1 PUSH2 0x100 EXP SWAP1 DIV PUSH1 0xFF AND ISZERO ISZERO ISZERO PUSH2 0x1591 JUMPI PUSH1 0x0 DUP1 REVERT JUMPDEST PUSH1 0x9 PUSH1 0x0 DUP4 PUSH20 0xFFFFFFFFFFFFFFFFFFFFFFFFFFFFFFFFFFFFFFFF AND PUSH20 0xFFFFFFFFFFFFFFFFFFFFFFFFFFFFFFFFFFFFFFFF AND DUP2 MSTORE PUSH1 0x20 ADD SWAP1 DUP2 MSTORE PUSH1 0x20 ADD PUSH1 0x0 KECCAK256 PUSH1 0x0 SWAP1 SLOAD SWAP1 PUSH2 0x100 EXP SWAP1 DIV PUSH1 0xFF AND ISZERO ISZERO ISZERO PUSH2 0x15EA JUMPI PUSH1 0x0 DUP1 REVERT JUMPDEST DUP1 PUSH1 0x5 PUSH1 0x0 DUP6 PUSH20 0xFFFFFFFFFFFFFFFFFFFFFFFFFFFFFFFFFFFFFFFF AND PUSH20 0xFFFFFFFFFFFFFFFFFFFFFFFFFFFFFFFFFFFFFFFF AND DUP2 MSTORE PUSH1 0x20 ADD SWAP1 DUP2 MSTORE PUSH1 0x20 ADD PUSH1 0x0 KECCAK256 PUSH1 0x0 DUP3 DUP3 SLOAD SUB SWAP3 POP POP DUP2 SWAP1 SSTORE POP DUP1 PUSH1 0x5 PUSH1 0x0 DUP5 PUSH20 0xFFFFFFFFFFFFFFFFFFFFFFFFFFFFFFFFFFFFFFFF AND PUSH20 0xFFFFFFFFFFFFFFFFFFFFFFFFFFFFFFFFFFFFFFFF AND DUP2 MSTORE PUSH1 0x20 ADD SWAP1 DUP2 MSTORE PUSH1 0x20 ADD PUSH1 0x0 KECCAK256 PUSH1 0x0 DUP3 DUP3 SLOAD ADD SWAP3 POP POP DUP2 SWAP1 SSTORE POP DUP2 PUSH20 0xFFFFFFFFFFFFFFFFFFFFFFFFFFFFFFFFFFFFFFFF AND DUP4 PUSH20 0xFFFFFFFFFFFFFFFFFFFFFFFFFFFFFFFFFFFFFFFF AND PUSH32 0xDDF252AD1BE2C89B69C2B068FC378DAA952BA7F163C4A11628F55A4DF523B3EF DUP4 PUSH1 0x40 MLOAD DUP1 DUP3 DUP2 MSTORE PUSH1 0x20 ADD SWAP2 POP POP PUSH1 0x40 MLOAD DUP1 SWAP2 SUB SWAP1 LOG3 POP POP POP JUMP STOP LOG1 PUSH6 0x627A7A723058 KECCAK256 0x1e 0x24 0xb0 JUMPDEST PUSH26 0xAB1CB67F9F2074F178DEDC64B6EEBB633C260067570EFF23D781 ISZERO STOP 0x29
1,PUSH1 0x60 PUSH1 0x40 MSTORE CALLER PUSH1 0x0 DUP1 PUSH2 0x100 EXP DUP2 SLOAD DUP2 PUSH20 0xFFFFFFFFFFFFFFFFFFFFFFFFFFFFFFFFFFFFFFFF MUL NOT AND SWAP1 DUP4 PUSH20 0xFFFFFFFFFFFFFFFFFFFFFFFFFFFFFFFFFFFFFFFF AND MUL OR SWAP1 SSTORE POP PUSH2 0x7C3 DUP1 PUSH2 0x53 PUSH1 0x0 CODECOPY PUSH1 0x0 RETURN STOP PUSH1 0x60 PUSH1 0x40 MSTORE PUSH1 0x4 CALLDATASIZE LT PUSH2 0x62 JUMPI PUSH1 0x0 CALLDATALOAD PUSH29 0x100000000000000000000000000000000000000000000000000000000 SWAP1 DIV PUSH4 0xFFFFFFFF AND DUP1 PUSH4 0x51B6FE96 EQ PUSH2 0x67 JUMPI DUP1 PUSH4 0x8DA5CB5B EQ PUSH2 0xC8 JUMPI DUP1 PUSH4 0xED6B2D7D EQ PUSH2 0x11D JUMPI DUP1 PUSH4 0xF2FDE38B EQ PUSH2 0x175 JUMPI JUMPDEST PUSH1 0x0 DUP1 REVERT JUMPDEST CALLVALUE ISZERO PUSH2 0x72 JUMPI PUSH1 0x0 DUP1 REVERT JUMPDEST PUSH2 0xC6 PUSH1 0x4 DUP1 DUP1 CALLDATALOAD PUSH20 0xFFFFFFFFFFFFFFFFFFFFFFFFFFFFFFFFFFFFFFFF AND SWAP1 PUSH1 0x20 ADD SWAP1 SWAP2 SWAP1 DUP1 CALLDATALOAD SWAP1 PUSH1 0x20 ADD SWAP1 DUP3 ADD DUP1 CALLDATALOAD SWAP1 PUSH1 0x20 ADD SWAP2 SWAP1 SWAP2 SWAP3 SWAP1 DUP1 CALLDATALOAD SWAP1 PUSH1 0x20 ADD SWAP1 DUP3 ADD DUP1 CALLDATALOAD SWAP1 PUSH1 0x20 ADD SWAP2 SWAP1 SWAP2 SWAP3 SWAP1 POP POP PUSH2 0x1AE JUMP JUMPDEST STOP JUMPDEST CALLVALUE ISZERO PUSH2 0xD3 JUMPI PUSH1 0x0 DUP1 REVERT JUMPDEST PUSH2 0xDB PUSH2 0x34E JUMP JUMPDEST PUSH1 0x40 MLOAD DUP1 DUP3 PUSH20 0xFFFFFFFFFFFFFFFFFFFFFFFFFFFFFFFFFFFFFFFF AND PUSH20 0xFFFFFFFFFFFFFFFFFFFFFFFFFFFFFFFFFFFFFFFF AND DUP2 MSTORE PUSH1 0x20 ADD SWAP2 POP POP PUSH1 0x40 MLOAD DUP1 SWAP2 SUB SWAP1 RETURN JUMPDEST CALLVALUE ISZERO PUSH2 0x128 JUMPI PUSH1 0x0 DUP1 REVERT JUMPDEST PUSH2 0x173 PUSH1 0x4 DUP1 DUP1 CALLDATALOAD PUSH20 0xFFFFFFFFFFFFFFFFFFFFFFFFFFFFFFFFFFFFFFFF AND SWAP1 PUSH1 0x20 ADD SWAP1 SWAP2 SWAP1 DUP1 CALLDATALOAD PUSH20 0xFFFFFFFFFFFFFFFFFFFFFFFFFFFFFFFFFFFFFFFF AND SWAP1 PUSH1 0x20 ADD SWAP1 SWAP2 SWAP1 POP POP PUSH2 0x373 JUMP JUMPDEST STOP JUMPDEST CALLVALUE ISZERO PUSH2 0x180 JUMPI PUSH1 0x0 DUP1 REVERT JUMPDEST PUSH2 0x1AC PUSH1 0x4 DUP1 DUP1 CALLDATALOAD PUSH20 0xFFFFFFFFFFFFFFFFFFFFFFFFFFFFFFFFFFFFFFFF AND SWAP1 PUSH1 0x20 ADD SWAP1 SWAP2 SWAP1 POP POP PUSH2 0x642 JUMP JUMPDEST STOP JUMPDEST PUSH1 0x0 DUP1 PUSH1 0x0 DUP1 SWAP1 SLOAD SWAP1 PUSH2 0x100 EXP SWAP1 DIV PUSH20 0xFFFFFFFFFFFFFFFFFFFFFFFFFFFFFFFFFFFFFFFF AND PUSH20 0xFFFFFFFFFFFFFFFFFFFFFFFFFFFFFFFFFFFFFFFF AND CALLER PUSH20 0xFFFFFFFFFFFFFFFFFFFFFFFFFFFFFFFFFFFFFFFF AND EQ ISZERO ISZERO PUSH2 0x20C JUMPI PUSH1 0x0 DUP1 REVERT JUMPDEST DUP4 DUP4 SWAP1 POP DUP7 DUP7 SWAP1 POP EQ ISZERO ISZERO PUSH2 0x220 JUMPI PUSH1 0x0 DUP1 REVERT JUMPDEST DUP7 SWAP2 POP PUSH1 0x0 SWAP1 POP JUMPDEST DUP6 DUP6 SWAP1 POP DUP2 LT ISZERO PUSH2 0x345 JUMPI DUP2 PUSH20 0xFFFFFFFFFFFFFFFFFFFFFFFFFFFFFFFFFFFFFFFF AND PUSH4 0xA9059CBB DUP8 DUP8 DUP5 DUP2 DUP2 LT ISZERO ISZERO PUSH2 0x25D JUMPI INVALID JUMPDEST SWAP1 POP PUSH1 0x20 MUL ADD CALLDATALOAD PUSH20 0xFFFFFFFFFFFFFFFFFFFFFFFFFFFFFFFFFFFFFFFF AND DUP7 DUP7 DUP6 DUP2 DUP2 LT ISZERO ISZERO PUSH2 0x288 JUMPI INVALID JUMPDEST SWAP1 POP PUSH1 0x20 MUL ADD CALLDATALOAD PUSH1 0x0 PUSH1 0x40 MLOAD PUSH1 0x20 ADD MSTORE PUSH1 0x40 MLOAD DUP4 PUSH4 0xFFFFFFFF AND PUSH29 0x100000000000000000000000000000000000000000000000000000000 MUL DUP2 MSTORE PUSH1 0x4 ADD DUP1 DUP4 PUSH20 0xFFFFFFFFFFFFFFFFFFFFFFFFFFFFFFFFFFFFFFFF AND PUSH20 0xFFFFFFFFFFFFFFFFFFFFFFFFFFFFFFFFFFFFFFFF AND DUP2 MSTORE PUSH1 0x20 ADD DUP3 DUP2 MSTORE PUSH1 0x20 ADD SWAP3 POP POP POP PUSH1 0x20 PUSH1 0x40 MLOAD DUP1 DUP4 SUB DUP2 PUSH1 0x0 DUP8 DUP1 EXTCODESIZE ISZERO ISZERO PUSH2 0x31C JUMPI PUSH1 0x0 DUP1 REVERT JUMPDEST PUSH2 0x2C6 GAS SUB CALL ISZERO ISZERO PUSH2 0x32D JUMPI PUSH1 0x0 DUP1 REVERT JUMPDEST POP POP POP PUSH1 0x40 MLOAD DUP1 MLOAD SWAP1 POP POP DUP1 DUP1 PUSH1 0x1 ADD SWAP2 POP POP PUSH2 0x228 JUMP JUMPDEST POP POP POP POP POP POP POP JUMP JUMPDEST PUSH1 0x0 DUP1 SWAP1 SLOAD SWAP1 PUSH2 0x100 EXP SWAP1 DIV PUSH20 0xFFFFFFFFFFFFFFFFFFFFFFFFFFFFFFFFFFFFFFFF AND DUP2 JUMP JUMPDEST PUSH1 0x0 DUP1 PUSH1 0x0 DUP1 SWAP1 SLOAD SWAP1 PUSH2 0x100 EXP SWAP1 DIV PUSH20 0xFFFFFFFFFFFFFFFFFFFFFFFFFFFFFFFFFFFFFFFF AND PUSH20 0xFFFFFFFFFFFFFFFFFFFFFFFFFFFFFFFFFFFFFFFF AND CALLER PUSH20 0xFFFFFFFFFFFFFFFFFFFFFFFFFFFFFFFFFFFFFFFF AND EQ ISZERO ISZERO PUSH2 0x3D1 JUMPI PUSH1 0x0 DUP1 REVERT JUMPDEST PUSH1 0x0 DUP5 PUSH20 0xFFFFFFFFFFFFFFFFFFFFFFFFFFFFFFFFFFFFFFFF AND EQ ISZERO PUSH2 0x44C JUMPI DUP3 PUSH20 0xFFFFFFFFFFFFFFFFFFFFFFFFFFFFFFFFFFFFFFFF AND PUSH2 0x8FC ADDRESS PUSH20 0xFFFFFFFFFFFFFFFFFFFFFFFFFFFFFFFFFFFFFFFF AND BALANCE SWAP1 DUP2 ISZERO MUL SWAP1 PUSH1 0x40 MLOAD PUSH1 0x0 PUSH1 0x40 MLOAD DUP1 DUP4 SUB DUP2 DUP6 DUP9 DUP9 CALL SWAP4 POP POP POP POP ISZERO ISZERO PUSH2 0x447 JUMPI PUSH1 0x0 DUP1 REVERT JUMPDEST PUSH2 0x63C JUMP JUMPDEST DUP4 SWAP2 POP DUP2 PUSH20 0xFFFFFFFFFFFFFFFFFFFFFFFFFFFFFFFFFFFFFFFF AND PUSH4 0x70A08231 ADDRESS PUSH1 0x0 PUSH1 0x40 MLOAD PUSH1 0x20 ADD MSTORE PUSH1 0x40 MLOAD DUP3 PUSH4 0xFFFFFFFF AND PUSH29 0x100000000000000000000000000000000000000000000000000000000 MUL DUP2 MSTORE PUSH1 0x4 ADD DUP1 DUP3 PUSH20 0xFFFFFFFFFFFFFFFFFFFFFFFFFFFFFFFFFFFFFFFF AND PUSH20 0xFFFFFFFFFFFFFFFFFFFFFFFFFFFFFFFFFFFFFFFF AND DUP2 MSTORE PUSH1 0x20 ADD SWAP2 POP POP PUSH1 0x20 PUSH1 0x40 MLOAD DUP1 DUP4 SUB DUP2 PUSH1 0x0 DUP8 DUP1 EXTCODESIZE ISZERO ISZERO PUSH2 0x4F2 JUMPI PUSH1 0x0 DUP1 REVERT JUMPDEST PUSH2 0x2C6 GAS SUB CALL ISZERO ISZERO PUSH2 0x503 JUMPI PUSH1 0x0 DUP1 REVERT JUMPDEST POP POP POP PUSH1 0x40 MLOAD DUP1 MLOAD SWAP1 POP SWAP1 POP DUP2 PUSH20 0xFFFFFFFFFFFFFFFFFFFFFFFFFFFFFFFFFFFFFFFF AND PUSH4 0xA9059CBB DUP5 DUP4 PUSH1 0x0 PUSH1 0x40 MLOAD PUSH1 0x20 ADD MSTORE PUSH1 0x40 MLOAD DUP4 PUSH4 0xFFFFFFFF AND PUSH29 0x100000000000000000000000000000000000000000000000000000000 MUL DUP2 MSTORE PUSH1 0x4 ADD DUP1 DUP4 PUSH20 0xFFFFFFFFFFFFFFFFFFFFFFFFFFFFFFFFFFFFFFFF AND PUSH20 0xFFFFFFFFFFFFFFFFFFFFFFFFFFFFFFFFFFFFFFFF AND DUP2 MSTORE PUSH1 0x20 ADD DUP3 DUP2 MSTORE PUSH1 0x20 ADD SWAP3 POP POP POP PUSH1 0x20 PUSH1 0x40 MLOAD DUP1 DUP4 SUB DUP2 PUSH1 0x0 DUP8 DUP1 EXTCODESIZE ISZERO ISZERO PUSH2 0x5BA JUMPI PUSH1 0x0 DUP1 REVERT JUMPDEST PUSH2 0x2C6 GAS SUB CALL ISZERO ISZERO PUSH2 0x5CB JUMPI PUSH1 0x0 DUP1 REVERT JUMPDEST POP POP POP PUSH1 0x40 MLOAD DUP1 MLOAD SWAP1 POP POP DUP3 PUSH20 0xFFFFFFFFFFFFFFFFFFFFFFFFFFFFFFFFFFFFFFFF AND DUP5 PUSH20 0xFFFFFFFFFFFFFFFFFFFFFFFFFFFFFFFFFFFFFFFF AND PUSH32 0x21E9B296E283CAD208B551B3C383BB74E34086EB5691FEE8392DCCE6794521C2 DUP4 PUSH1 0x40 MLOAD DUP1 DUP3 DUP2 MSTORE PUSH1 0x20 ADD SWAP2 POP POP PUSH1 0x40 MLOAD DUP1 SWAP2 SUB SWAP1 LOG3 JUMPDEST POP POP POP POP JUMP JUMPDEST PUSH1 0x0 DUP1 SWAP1 SLOAD SWAP1 PUSH2 0x100 EXP SWAP1 DIV PUSH20 0xFFFFFFFFFFFFFFFFFFFFFFFFFFFFFFFFFFFFFFFF AND PUSH20 0xFFFFFFFFFFFFFFFFFFFFFFFFFFFFFFFFFFFFFFFF AND CALLER PUSH20 0xFFFFFFFFFFFFFFFFFFFFFFFFFFFFFFFFFFFFFFFF AND EQ ISZERO ISZERO PUSH2 0x69D JUMPI PUSH1 0x0 DUP1 REVERT JUMPDEST PUSH1 0x0 PUSH20 0xFFFFFFFFFFFFFFFFFFFFFFFFFFFFFFFFFFFFFFFF AND DUP2 PUSH20 0xFFFFFFFFFFFFFFFFFFFFFFFFFFFFFFFFFFFFFFFF AND EQ ISZERO ISZERO ISZERO PUSH2 0x6D9 JUMPI PUSH1 0x0 DUP1 REVERT JUMPDEST DUP1 PUSH20 0xFFFFFFFFFFFFFFFFFFFFFFFFFFFFFFFFFFFFFFFF AND PUSH1 0x0 DUP1 SWAP1 SLOAD SWAP1 PUSH2 0x100 EXP SWAP1 DIV PUSH20 0xFFFFFFFFFFFFFFFFFFFFFFFFFFFFFFFFFFFFFFFF AND PUSH20 0xFFFFFFFFFFFFFFFFFFFFFFFFFFFFFFFFFFFFFFFF AND PUSH32 0x8BE0079C531659141344CD1FD0A4F28419497F9722A3DAAFE3B4186F6B6457E0 PUSH1 0x40 MLOAD PUSH1 0x40 MLOAD DUP1 SWAP2 SUB SWAP1 LOG3 DUP1 PUSH1 0x0 DUP1 PUSH2 0x100 EXP DUP2 SLOAD DUP2 PUSH20 0xFFFFFFFFFFFFFFFFFFFFFFFFFFFFFFFFFFFFFFFF MUL NOT AND SWAP1 DUP4 PUSH20 0xFFFFFFFFFFFFFFFFFFFFFFFFFFFFFFFFFFFFFFFF AND MUL OR SWAP1 SSTORE POP POP JUMP STOP LOG1 PUSH6 0x627A7A723058 KECCAK256 0xd9 MLOAD 0xb6 DUP1 PUSH13 0x7378C493773CE37706C44B20FB LOG2 0xc2 0x28 PUSH19 0x7329FB0426993ADF9CB4002900000000000000
1,PUSH1 0x60 PUSH1 0x40 MSTORE PUSH1 0x0 PUSH1 0x1 PUSH1 0x14 PUSH2 0x100 EXP DUP2 SLOAD DUP2 PUSH1 0xFF MUL NOT AND SWAP1 DUP4 ISZERO ISZERO MUL OR SWAP1 SSTORE POP CALLER PUSH1 0x1 PUSH1 0x0 PUSH2 0x100 EXP DUP2 SLOAD DUP2 PUSH20 0xFFFFFFFFFFFFFFFFFFFFFFFFFFFFFFFFFFFFFFFF MUL NOT AND SWAP1 DUP4 PUSH20 0xFFFFFFFFFFFFFFFFFFFFFFFFFFFFFFFFFFFFFFFF AND MUL OR SWAP1 SSTORE POP PUSH1 0x1 PUSH1 0x2 PUSH1 0x0 CALLER PUSH20 0xFFFFFFFFFFFFFFFFFFFFFFFFFFFFFFFFFFFFFFFF AND PUSH20 0xFFFFFFFFFFFFFFFFFFFFFFFFFFFFFFFFFFFFFFFF AND DUP2 MSTORE PUSH1 0x20 ADD SWAP1 DUP2 MSTORE PUSH1 0x20 ADD PUSH1 0x0 KECCAK256 PUSH1 0x0 PUSH2 0x100 EXP DUP2 SLOAD DUP2 PUSH1 0xFF MUL NOT AND SWAP1 DUP4 ISZERO ISZERO MUL OR SWAP1 SSTORE POP PUSH2 0xA99 DUP1 PUSH2 0xC7 PUSH1 0x0 CODECOPY PUSH1 0x0 RETURN STOP PUSH1 0x60 PUSH1 0x40 MSTORE PUSH1 0x4 CALLDATASIZE LT PUSH2 0xBA JUMPI PUSH1 0x0 CALLDATALOAD PUSH29 0x100000000000000000000000000000000000000000000000000000000 SWAP1 DIV PUSH4 0xFFFFFFFF AND DUP1 PUSH4 0x202F3EA EQ PUSH2 0xBF JUMPI DUP1 PUSH4 0x18160DDD EQ PUSH2 0xF8 JUMPI DUP1 PUSH4 0x1F15BC1B EQ PUSH2 0x121 JUMPI DUP1 PUSH4 0x212C8157 EQ PUSH2 0x15A JUMPI DUP1 PUSH4 0x2185810B EQ PUSH2 0x16F JUMPI DUP1 PUSH4 0x3FFA274A EQ PUSH2 0x184 JUMPI DUP1 PUSH4 0x70A08231 EQ PUSH2 0x1D5 JUMPI DUP1 PUSH4 0x8DA5CB5B EQ PUSH2 0x222 JUMPI DUP1 PUSH4 0xA9059CBB EQ PUSH2 0x277 JUMPI DUP1 PUSH4 0xADADC77F EQ PUSH2 0x2B9 JUMPI DUP1 PUSH4 0xB0660C3D EQ PUSH2 0x2CE JUMPI DUP1 PUSH4 0xF2FDE38B EQ PUSH2 0x2FB JUMPI JUMPDEST PUSH1 0x0 DUP1 REVERT JUMPDEST CALLVALUE ISZERO PUSH2 0xCA JUMPI PUSH1 0x0 DUP1 REVERT JUMPDEST PUSH2 0xF6 PUSH1 0x4 DUP1 DUP1 CALLDATALOAD PUSH20 0xFFFFFFFFFFFFFFFFFFFFFFFFFFFFFFFFFFFFFFFF AND SWAP1 PUSH1 0x20 ADD SWAP1 SWAP2 SWAP1 POP POP PUSH2 0x334 JUMP JUMPDEST STOP JUMPDEST CALLVALUE ISZERO PUSH2 0x103 JUMPI PUSH1 0x0 DUP1 REVERT JUMPDEST PUSH2 0x10B PUSH2 0x3EB JUMP JUMPDEST PUSH1 0x40 MLOAD DUP1 DUP3 DUP2 MSTORE PUSH1 0x20 ADD SWAP2 POP POP PUSH1 0x40 MLOAD DUP1 SWAP2 SUB SWAP1 RETURN JUMPDEST CALLVALUE ISZERO PUSH2 0x12C JUMPI PUSH1 0x0 DUP1 REVERT JUMPDEST PUSH2 0x158 PUSH1 0x4 DUP1 DUP1 CALLDATALOAD PUSH20 0xFFFFFFFFFFFFFFFFFFFFFFFFFFFFFFFFFFFFFFFF AND SWAP1 PUSH1 0x20 ADD SWAP1 SWAP2 SWAP1 POP POP PUSH2 0x3F1 JUMP JUMPDEST STOP JUMPDEST CALLVALUE ISZERO PUSH2 0x165 JUMPI PUSH1 0x0 DUP1 REVERT JUMPDEST PUSH2 0x16D PUSH2 0x4A8 JUMP JUMPDEST STOP JUMPDEST CALLVALUE ISZERO PUSH2 0x17A JUMPI PUSH1 0x0 DUP1 REVERT JUMPDEST PUSH2 0x182 PUSH2 0x521 JUMP JUMPDEST STOP JUMPDEST CALLVALUE ISZERO PUSH2 0x18F JUMPI PUSH1 0x0 DUP1 REVERT JUMPDEST PUSH2 0x1BB PUSH1 0x4 DUP1 DUP1 CALLDATALOAD PUSH20 0xFFFFFFFFFFFFFFFFFFFFFFFFFFFFFFFFFFFFFFFF AND SWAP1 PUSH1 0x20 ADD SWAP1 SWAP2 SWAP1 POP POP PUSH2 0x599 JUMP JUMPDEST PUSH1 0x40 MLOAD DUP1 DUP3 ISZERO ISZERO ISZERO ISZERO DUP2 MSTORE PUSH1 0x20 ADD SWAP2 POP POP PUSH1 0x40 MLOAD DUP1 SWAP2 SUB SWAP1 RETURN JUMPDEST CALLVALUE ISZERO PUSH2 0x1E0 JUMPI PUSH1 0x0 DUP1 REVERT JUMPDEST PUSH2 0x20C PUSH1 0x4 DUP1 DUP1 CALLDATALOAD PUSH20 0xFFFFFFFFFFFFFFFFFFFFFFFFFFFFFFFFFFFFFFFF AND SWAP1 PUSH1 0x20 ADD SWAP1 SWAP2 SWAP1 POP POP PUSH2 0x614 JUMP JUMPDEST PUSH1 0x40 MLOAD DUP1 DUP3 DUP2 MSTORE PUSH1 0x20 ADD SWAP2 POP POP PUSH1 0x40 MLOAD DUP1 SWAP2 SUB SWAP1 RETURN JUMPDEST CALLVALUE ISZERO PUSH2 0x22D JUMPI PUSH1 0x0 DUP1 REVERT JUMPDEST PUSH2 0x235 PUSH2 0x65D JUMP JUMPDEST PUSH1 0x40 MLOAD DUP1 DUP3 PUSH20 0xFFFFFFFFFFFFFFFFFFFFFFFFFFFFFFFFFFFFFFFF AND PUSH20 0xFFFFFFFFFFFFFFFFFFFFFFFFFFFFFFFFFFFFFFFF AND DUP2 MSTORE PUSH1 0x20 ADD SWAP2 POP POP PUSH1 0x40 MLOAD DUP1 SWAP2 SUB SWAP1 RETURN JUMPDEST CALLVALUE ISZERO PUSH2 0x282 JUMPI PUSH1 0x0 DUP1 REVERT JUMPDEST PUSH2 0x2B7 PUSH1 0x4 DUP1 DUP1 CALLDATALOAD PUSH20 0xFFFFFFFFFFFFFFFFFFFFFFFFFFFFFFFFFFFFFFFF AND SWAP1 PUSH1 0x20 ADD SWAP1 SWAP2 SWAP1 DUP1 CALLDATALOAD SWAP1 PUSH1 0x20 ADD SWAP1 SWAP2 SWAP1 POP POP PUSH2 0x683 JUMP JUMPDEST STOP JUMPDEST CALLVALUE ISZERO PUSH2 0x2C4 JUMPI PUSH1 0x0 DUP1 REVERT JUMPDEST PUSH2 0x2CC PUSH2 0x8AC JUMP JUMPDEST STOP JUMPDEST CALLVALUE ISZERO PUSH2 0x2D9 JUMPI PUSH1 0x0 DUP1 REVERT JUMPDEST PUSH2 0x2E1 PUSH2 0x94C JUMP JUMPDEST PUSH1 0x40 MLOAD DUP1 DUP3 ISZERO ISZERO ISZERO ISZERO DUP2 MSTORE PUSH1 0x20 ADD SWAP2 POP POP PUSH1 0x40 MLOAD DUP1 SWAP2 SUB SWAP1 RETURN JUMPDEST CALLVALUE ISZERO PUSH2 0x306 JUMPI PUSH1 0x0 DUP1 REVERT JUMPDEST PUSH2 0x332 PUSH1 0x4 DUP1 DUP1 CALLDATALOAD PUSH20 0xFFFFFFFFFFFFFFFFFFFFFFFFFFFFFFFFFFFFFFFF AND SWAP1 PUSH1 0x20 ADD SWAP1 SWAP2 SWAP1 POP POP PUSH2 0x95F JUMP JUMPDEST STOP JUMPDEST PUSH1 0x1 PUSH1 0x0 SWAP1 SLOAD SWAP1 PUSH2 0x100 EXP SWAP1 DIV PUSH20 0xFFFFFFFFFFFFFFFFFFFFFFFFFFFFFFFFFFFFFFFF AND PUSH20 0xFFFFFFFFFFFFFFFFFFFFFFFFFFFFFFFFFFFFFFFF AND CALLER PUSH20 0xFFFFFFFFFFFFFFFFFFFFFFFFFFFFFFFFFFFFFFFF AND EQ ISZERO ISZERO PUSH2 0x390 JUMPI PUSH1 0x0 DUP1 REVERT JUMPDEST PUSH1 0x1 PUSH1 0x2 PUSH1 0x0 DUP4 PUSH20 0xFFFFFFFFFFFFFFFFFFFFFFFFFFFFFFFFFFFFFFFF AND PUSH20 0xFFFFFFFFFFFFFFFFFFFFFFFFFFFFFFFFFFFFFFFF AND DUP2 MSTORE PUSH1 0x20 ADD SWAP1 DUP2 MSTORE PUSH1 0x20 ADD PUSH1 0x0 KECCAK256 PUSH1 0x0 PUSH2 0x100 EXP DUP2 SLOAD DUP2 PUSH1 0xFF MUL NOT AND SWAP1 DUP4 ISZERO ISZERO MUL OR SWAP1 SSTORE POP POP JUMP JUMPDEST PUSH1 0x0 SLOAD DUP2 JUMP JUMPDEST PUSH1 0x1 PUSH1 0x0 SWAP1 SLOAD SWAP1 PUSH2 0x100 EXP SWAP1 DIV PUSH20 0xFFFFFFFFFFFFFFFFFFFFFFFFFFFFFFFFFFFFFFFF AND PUSH20 0xFFFFFFFFFFFFFFFFFFFFFFFFFFFFFFFFFFFFFFFF AND CALLER PUSH20 0xFFFFFFFFFFFFFFFFFFFFFFFFFFFFFFFFFFFFFFFF AND EQ ISZERO ISZERO PUSH2 0x44D JUMPI PUSH1 0x0 DUP1 REVERT JUMPDEST PUSH1 0x0 PUSH1 0x2 PUSH1 0x0 DUP4 PUSH20 0xFFFFFFFFFFFFFFFFFFFFFFFFFFFFFFFFFFFFFFFF AND PUSH20 0xFFFFFFFFFFFFFFFFFFFFFFFFFFFFFFFFFFFFFFFF AND DUP2 MSTORE PUSH1 0x20 ADD SWAP1 DUP2 MSTORE PUSH1 0x20 ADD PUSH1 0x0 KECCAK256 PUSH1 0x0 PUSH2 0x100 EXP DUP2 SLOAD DUP2 PUSH1 0xFF MUL NOT AND SWAP1 DUP4 ISZERO ISZERO MUL OR SWAP1 SSTORE POP POP JUMP JUMPDEST PUSH1 0x1 PUSH1 0x0 SWAP1 SLOAD SWAP1 PUSH2 0x100 EXP SWAP1 DIV PUSH20 0xFFFFFFFFFFFFFFFFFFFFFFFFFFFFFFFFFFFFFFFF AND PUSH20 0xFFFFFFFFFFFFFFFFFFFFFFFFFFFFFFFFFFFFFFFF AND CALLER PUSH20 0xFFFFFFFFFFFFFFFFFFFFFFFFFFFFFFFFFFFFFFFF AND EQ ISZERO ISZERO PUSH2 0x504 JUMPI PUSH1 0x0 DUP1 REVERT JUMPDEST PUSH1 0x0 PUSH1 0x1 PUSH1 0x14 PUSH2 0x100 EXP DUP2 SLOAD DUP2 PUSH1 0xFF MUL NOT AND SWAP1 DUP4 ISZERO ISZERO MUL OR SWAP1 SSTORE POP JUMP JUMPDEST PUSH1 0x1 PUSH1 0x0 SWAP1 SLOAD SWAP1 PUSH2 0x100 EXP SWAP1 DIV PUSH20 0xFFFFFFFFFFFFFFFFFFFFFFFFFFFFFFFFFFFFFFFF AND PUSH20 0xFFFFFFFFFFFFFFFFFFFFFFFFFFFFFFFFFFFFFFFF AND CALLER PUSH20 0xFFFFFFFFFFFFFFFFFFFFFFFFFFFFFFFFFFFFFFFF AND EQ ISZERO ISZERO PUSH2 0x57D JUMPI PUSH1 0x0 DUP1 REVERT JUMPDEST PUSH1 0x1 DUP1 PUSH1 0x14 PUSH2 0x100 EXP DUP2 SLOAD DUP2 PUSH1 0xFF MUL NOT AND SWAP1 DUP4 ISZERO ISZERO MUL OR SWAP1 SSTORE POP JUMP JUMPDEST PUSH1 0x0 PUSH1 0x1 ISZERO ISZERO PUSH1 0x1 PUSH1 0x14 SWAP1 SLOAD SWAP1 PUSH2 0x100 EXP SWAP1 DIV PUSH1 0xFF AND ISZERO ISZERO EQ DUP1 PUSH2 0x60D JUMPI POP PUSH1 0x1 ISZERO ISZERO PUSH1 0x2 PUSH1 0x0 DUP5 PUSH20 0xFFFFFFFFFFFFFFFFFFFFFFFFFFFFFFFFFFFFFFFF AND PUSH20 0xFFFFFFFFFFFFFFFFFFFFFFFFFFFFFFFFFFFFFFFF AND DUP2 MSTORE PUSH1 0x20 ADD SWAP1 DUP2 MSTORE PUSH1 0x20 ADD PUSH1 0x0 KECCAK256 PUSH1 0x0 SWAP1 SLOAD SWAP1 PUSH2 0x100 EXP SWAP1 DIV PUSH1 0xFF AND ISZERO ISZERO EQ JUMPDEST SWAP1 POP SWAP2 SWAP1 POP JUMP JUMPDEST PUSH1 0x0 PUSH1 0x3 PUSH1 0x0 DUP4 PUSH20 0xFFFFFFFFFFFFFFFFFFFFFFFFFFFFFFFFFFFFFFFF AND PUSH20 0xFFFFFFFFFFFFFFFFFFFFFFFFFFFFFFFFFFFFFFFF AND DUP2 MSTORE PUSH1 0x20 ADD SWAP1 DUP2 MSTORE PUSH1 0x20 ADD PUSH1 0x0 KECCAK256 SLOAD SWAP1 POP SWAP2 SWAP1 POP JUMP JUMPDEST PUSH1 0x1 PUSH1 0x0 SWAP1 SLOAD SWAP1 PUSH2 0x100 EXP SWAP1 DIV PUSH20 0xFFFFFFFFFFFFFFFFFFFFFFFFFFFFFFFFFFFFFFFF AND DUP2 JUMP JUMPDEST PUSH1 0x40 PUSH1 0x4 DUP2 ADD PUSH1 0x0 CALLDATASIZE SWAP1 POP LT ISZERO ISZERO ISZERO PUSH2 0x69B JUMPI PUSH1 0x0 DUP1 REVERT JUMPDEST PUSH1 0x1 ISZERO ISZERO PUSH1 0x1 PUSH1 0x14 SWAP1 SLOAD SWAP1 PUSH2 0x100 EXP SWAP1 DIV PUSH1 0xFF AND ISZERO ISZERO EQ DUP1 PUSH2 0x70D JUMPI POP PUSH1 0x1 ISZERO ISZERO PUSH1 0x2 PUSH1 0x0 CALLER PUSH20 0xFFFFFFFFFFFFFFFFFFFFFFFFFFFFFFFFFFFFFFFF AND PUSH20 0xFFFFFFFFFFFFFFFFFFFFFFFFFFFFFFFFFFFFFFFF AND DUP2 MSTORE PUSH1 0x20 ADD SWAP1 DUP2 MSTORE PUSH1 0x20 ADD PUSH1 0x0 KECCAK256 PUSH1 0x0 SWAP1 SLOAD SWAP1 PUSH2 0x100 EXP SWAP1 DIV PUSH1 0xFF AND ISZERO ISZERO EQ JUMPDEST ISZERO ISZERO PUSH2 0x718 JUMPI PUSH1 0x0 DUP1 REVERT JUMPDEST PUSH2 0x76A DUP3 PUSH1 0x3 PUSH1 0x0 CALLER PUSH20 0xFFFFFFFFFFFFFFFFFFFFFFFFFFFFFFFFFFFFFFFF AND PUSH20 0xFFFFFFFFFFFFFFFFFFFFFFFFFFFFFFFFFFFFFFFF AND DUP2 MSTORE PUSH1 0x20 ADD SWAP1 DUP2 MSTORE PUSH1 0x20 ADD PUSH1 0x0 KECCAK256 SLOAD PUSH2 0xA36 SWAP1 SWAP2 SWAP1 PUSH4 0xFFFFFFFF AND JUMP JUMPDEST PUSH1 0x3 PUSH1 0x0 CALLER PUSH20 0xFFFFFFFFFFFFFFFFFFFFFFFFFFFFFFFFFFFFFFFF AND PUSH20 0xFFFFFFFFFFFFFFFFFFFFFFFFFFFFFFFFFFFFFFFF AND DUP2 MSTORE PUSH1 0x20 ADD SWAP1 DUP2 MSTORE PUSH1 0x20 ADD PUSH1 0x0 KECCAK256 DUP2 SWAP1 SSTORE POP PUSH2 0x7FF DUP3 PUSH1 0x3 PUSH1 0x0 DUP7 PUSH20 0xFFFFFFFFFFFFFFFFFFFFFFFFFFFFFFFFFFFFFFFF AND PUSH20 0xFFFFFFFFFFFFFFFFFFFFFFFFFFFFFFFFFFFFFFFF AND DUP2 MSTORE PUSH1 0x20 ADD SWAP1 DUP2 MSTORE PUSH1 0x20 ADD PUSH1 0x0 KECCAK256 SLOAD PUSH2 0xA4F SWAP1 SWAP2 SWAP1 PUSH4 0xFFFFFFFF AND JUMP JUMPDEST PUSH1 0x3 PUSH1 0x0 DUP6 PUSH20 0xFFFFFFFFFFFFFFFFFFFFFFFFFFFFFFFFFFFFFFFF AND PUSH20 0xFFFFFFFFFFFFFFFFFFFFFFFFFFFFFFFFFFFFFFFF AND DUP2 MSTORE PUSH1 0x20 ADD SWAP1 DUP2 MSTORE PUSH1 0x20 ADD PUSH1 0x0 KECCAK256 DUP2 SWAP1 SSTORE POP DUP3 PUSH20 0xFFFFFFFFFFFFFFFFFFFFFFFFFFFFFFFFFFFFFFFF AND CALLER PUSH20 0xFFFFFFFFFFFFFFFFFFFFFFFFFFFFFFFFFFFFFFFF AND PUSH32 0xDDF252AD1BE2C89B69C2B068FC378DAA952BA7F163C4A11628F55A4DF523B3EF DUP5 PUSH1 0x40 MLOAD DUP1 DUP3 DUP2 MSTORE PUSH1 0x20 ADD SWAP2 POP POP PUSH1 0x40 MLOAD DUP1 SWAP2 SUB SWAP1 LOG3 POP POP POP JUMP JUMPDEST PUSH1 0x1 PUSH1 0x0 SWAP1 SLOAD SWAP1 PUSH2 0x100 EXP SWAP1 DIV PUSH20 0xFFFFFFFFFFFFFFFFFFFFFFFFFFFFFFFFFFFFFFFF AND PUSH20 0xFFFFFFFFFFFFFFFFFFFFFFFFFFFFFFFFFFFFFFFF AND CALLER PUSH20 0xFFFFFFFFFFFFFFFFFFFFFFFFFFFFFFFFFFFFFFFF AND EQ ISZERO ISZERO PUSH2 0x908 JUMPI PUSH1 0x0 DUP1 REVERT JUMPDEST PUSH1 0x0 PUSH1 0x1 PUSH1 0x0 PUSH2 0x100 EXP DUP2 SLOAD DUP2 PUSH20 0xFFFFFFFFFFFFFFFFFFFFFFFFFFFFFFFFFFFFFFFF MUL NOT AND SWAP1 DUP4 PUSH20 0xFFFFFFFFFFFFFFFFFFFFFFFFFFFFFFFFFFFFFFFF AND MUL OR SWAP1 SSTORE POP JUMP JUMPDEST PUSH1 0x1 PUSH1 0x14 SWAP1 SLOAD SWAP1 PUSH2 0x100 EXP SWAP1 DIV PUSH1 0xFF AND DUP2 JUMP JUMPDEST PUSH1 0x1 PUSH1 0x0 SWAP1 SLOAD SWAP1 PUSH2 0x100 EXP SWAP1 DIV PUSH20 0xFFFFFFFFFFFFFFFFFFFFFFFFFFFFFFFFFFFFFFFF AND PUSH20 0xFFFFFFFFFFFFFFFFFFFFFFFFFFFFFFFFFFFFFFFF AND CALLER PUSH20 0xFFFFFFFFFFFFFFFFFFFFFFFFFFFFFFFFFFFFFFFF AND EQ ISZERO ISZERO PUSH2 0x9BB JUMPI PUSH1 0x0 DUP1 REVERT JUMPDEST PUSH1 0x0 PUSH20 0xFFFFFFFFFFFFFFFFFFFFFFFFFFFFFFFFFFFFFFFF AND DUP2 PUSH20 0xFFFFFFFFFFFFFFFFFFFFFFFFFFFFFFFFFFFFFFFF AND EQ ISZERO ISZERO PUSH2 0xA33 JUMPI DUP1 PUSH1 0x1 PUSH1 0x0 PUSH2 0x100 EXP DUP2 SLOAD DUP2 PUSH20 0xFFFFFFFFFFFFFFFFFFFFFFFFFFFFFFFFFFFFFFFF MUL NOT AND SWAP1 DUP4 PUSH20 0xFFFFFFFFFFFFFFFFFFFFFFFFFFFFFFFFFFFFFFFF AND MUL OR SWAP1 SSTORE POP JUMPDEST POP JUMP JUMPDEST PUSH1 0x0 DUP3 DUP3 GT ISZERO ISZERO ISZERO PUSH2 0xA44 JUMPI INVALID JUMPDEST DUP2 DUP4 SUB SWAP1 POP SWAP3 SWAP2 POP POP JUMP JUMPDEST PUSH1 0x0 DUP1 DUP3 DUP5 ADD SWAP1 POP DUP4 DUP2 LT ISZERO ISZERO ISZERO PUSH2 0xA63 JUMPI INVALID JUMPDEST DUP1 SWAP2 POP POP SWAP3 SWAP2 POP POP JUMP STOP LOG1 PUSH6 0x627A7A723058 KECCAK256 ADD 0xd PUSH4 0xF30E58B8 NUMBER 0xa7 0xc9 DELEGATECALL SWAP7 PUSH25 0x4BF46F091F87AD954808F51D81A5F26F21FD00002900000000
1,PUSH1 0x60 PUSH1 0x40 MSTORE PUSH1 0x40 DUP1 MLOAD SWAP1 DUP2 ADD PUSH1 0x40 MSTORE DUP1 PUSH1 0x8 DUP2 MSTORE PUSH1 0x20 ADD PUSH32 0x4372797374616C73000000000000000000000000000000000000000000000000 DUP2 MSTORE POP PUSH1 0x1 SWAP1 DUP1 MLOAD SWAP1 PUSH1 0x20 ADD SWAP1 PUSH3 0x51 SWAP3 SWAP2 SWAP1 PUSH3 0x163 JUMP JUMPDEST POP PUSH1 0x40 DUP1 MLOAD SWAP1 DUP2 ADD PUSH1 0x40 MSTORE DUP1 PUSH1 0x3 DUP2 MSTORE PUSH1 0x20 ADD PUSH32 0x4243590000000000000000000000000000000000000000000000000000000000 DUP2 MSTORE POP PUSH1 0x2 SWAP1 DUP1 MLOAD SWAP1 PUSH1 0x20 ADD SWAP1 PUSH3 0x9F SWAP3 SWAP2 SWAP1 PUSH3 0x163 JUMP JUMPDEST POP PUSH1 0x12 PUSH1 0x3 PUSH1 0x0 PUSH2 0x100 EXP DUP2 SLOAD DUP2 PUSH1 0xFF MUL NOT AND SWAP1 DUP4 PUSH1 0xFF AND MUL OR SWAP1 SSTORE POP PUSH11 0x84595161401484A000000 PUSH1 0x4 SSTORE CALLVALUE ISZERO PUSH3 0xD7 JUMPI PUSH1 0x0 DUP1 REVERT JUMPDEST CALLER PUSH1 0x0 DUP1 PUSH2 0x100 EXP DUP2 SLOAD DUP2 PUSH20 0xFFFFFFFFFFFFFFFFFFFFFFFFFFFFFFFFFFFFFFFF MUL NOT AND SWAP1 DUP4 PUSH20 0xFFFFFFFFFFFFFFFFFFFFFFFFFFFFFFFFFFFFFFFF AND MUL OR SWAP1 SSTORE POP PUSH1 0x4 SLOAD PUSH1 0x5 PUSH1 0x0 CALLER PUSH20 0xFFFFFFFFFFFFFFFFFFFFFFFFFFFFFFFFFFFFFFFF AND PUSH20 0xFFFFFFFFFFFFFFFFFFFFFFFFFFFFFFFFFFFFFFFF AND DUP2 MSTORE PUSH1 0x20 ADD SWAP1 DUP2 MSTORE PUSH1 0x20 ADD PUSH1 0x0 KECCAK256 DUP2 SWAP1 SSTORE POP PUSH3 0x212 JUMP JUMPDEST DUP3 DUP1 SLOAD PUSH1 0x1 DUP2 PUSH1 0x1 AND ISZERO PUSH2 0x100 MUL SUB AND PUSH1 0x2 SWAP1 DIV SWAP1 PUSH1 0x0 MSTORE PUSH1 0x20 PUSH1 0x0 KECCAK256 SWAP1 PUSH1 0x1F ADD PUSH1 0x20 SWAP1 DIV DUP2 ADD SWAP3 DUP3 PUSH1 0x1F LT PUSH3 0x1A6 JUMPI DUP1 MLOAD PUSH1 0xFF NOT AND DUP4 DUP1 ADD OR DUP6 SSTORE PUSH3 0x1D7 JUMP JUMPDEST DUP3 DUP1 ADD PUSH1 0x1 ADD DUP6 SSTORE DUP3 ISZERO PUSH3 0x1D7 JUMPI SWAP2 DUP3 ADD JUMPDEST DUP3 DUP2 GT ISZERO PUSH3 0x1D6 JUMPI DUP3 MLOAD DUP3 SSTORE SWAP2 PUSH1 0x20 ADD SWAP2 SWAP1 PUSH1 0x1 ADD SWAP1 PUSH3 0x1B9 JUMP JUMPDEST JUMPDEST POP SWAP1 POP PUSH3 0x1E6 SWAP2 SWAP1 PUSH3 0x1EA JUMP JUMPDEST POP SWAP1 JUMP JUMPDEST PUSH3 0x20F SWAP2 SWAP1 JUMPDEST DUP1 DUP3 GT ISZERO PUSH3 0x20B JUMPI PUSH1 0x0 DUP2 PUSH1 0x0 SWAP1 SSTORE POP PUSH1 0x1 ADD PUSH3 0x1F1 JUMP JUMPDEST POP SWAP1 JUMP JUMPDEST SWAP1 JUMP JUMPDEST PUSH2 0x162D DUP1 PUSH3 0x222 PUSH1 0x0 CODECOPY PUSH1 0x0 RETURN STOP PUSH1 0x60 PUSH1 0x40 MSTORE PUSH1 0x4 CALLDATASIZE LT PUSH2 0xE6 JUMPI PUSH1 0x0 CALLDATALOAD PUSH29 0x100000000000000000000000000000000000000000000000000000000 SWAP1 DIV PUSH4 0xFFFFFFFF AND DUP1 PUSH4 0x6FDDE03 EQ PUSH2 0xEB JUMPI DUP1 PUSH4 0x95EA7B3 EQ PUSH2 0x179 JUMPI DUP1 PUSH4 0x18160DDD EQ PUSH2 0x1D3 JUMPI DUP1 PUSH4 0x23B872DD EQ PUSH2 0x1FC JUMPI DUP1 PUSH4 0x313CE567 EQ PUSH2 0x275 JUMPI DUP1 PUSH4 0x42966C68 EQ PUSH2 0x2A4 JUMPI DUP1 PUSH4 0x70A08231 EQ PUSH2 0x2DF JUMPI DUP1 PUSH4 0x79C65068 EQ PUSH2 0x32C JUMPI DUP1 PUSH4 0x79CC6790 EQ PUSH2 0x36E JUMPI DUP1 PUSH4 0x8DA5CB5B EQ PUSH2 0x3C8 JUMPI DUP1 PUSH4 0x95D89B41 EQ PUSH2 0x41D JUMPI DUP1 PUSH4 0xA9059CBB EQ PUSH2 0x4AB JUMPI DUP1 PUSH4 0xA9C7648F EQ PUSH2 0x4ED JUMPI DUP1 PUSH4 0xCAE9CA51 EQ PUSH2 0x550 JUMPI DUP1 PUSH4 0xDD62ED3E EQ PUSH2 0x5ED JUMPI DUP1 PUSH4 0xF2FDE38B EQ PUSH2 0x659 JUMPI JUMPDEST PUSH1 0x0 DUP1 REVERT JUMPDEST CALLVALUE ISZERO PUSH2 0xF6 JUMPI PUSH1 0x0 DUP1 REVERT JUMPDEST PUSH2 0xFE PUSH2 0x692 JUMP JUMPDEST PUSH1 0x40 MLOAD DUP1 DUP1 PUSH1 0x20 ADD DUP3 DUP2 SUB DUP3 MSTORE DUP4 DUP2 DUP2 MLOAD DUP2 MSTORE PUSH1 0x20 ADD SWAP2 POP DUP1 MLOAD SWAP1 PUSH1 0x20 ADD SWAP1 DUP1 DUP4 DUP4 PUSH1 0x0 JUMPDEST DUP4 DUP2 LT ISZERO PUSH2 0x13E JUMPI DUP1 DUP3 ADD MLOAD DUP2 DUP5 ADD MSTORE PUSH1 0x20 DUP2 ADD SWAP1 POP PUSH2 0x123 JUMP JUMPDEST POP POP POP POP SWAP1 POP SWAP1 DUP2 ADD SWAP1 PUSH1 0x1F AND DUP1 ISZERO PUSH2 0x16B JUMPI DUP1 DUP3 SUB DUP1 MLOAD PUSH1 0x1 DUP4 PUSH1 0x20 SUB PUSH2 0x100 EXP SUB NOT AND DUP2 MSTORE PUSH1 0x20 ADD SWAP2 POP JUMPDEST POP SWAP3 POP POP POP PUSH1 0x40 MLOAD DUP1 SWAP2 SUB SWAP1 RETURN JUMPDEST CALLVALUE ISZERO PUSH2 0x184 JUMPI PUSH1 0x0 DUP1 REVERT JUMPDEST PUSH2 0x1B9 PUSH1 0x4 DUP1 DUP1 CALLDATALOAD PUSH20 0xFFFFFFFFFFFFFFFFFFFFFFFFFFFFFFFFFFFFFFFF AND SWAP1 PUSH1 0x20 ADD SWAP1 SWAP2 SWAP1 DUP1 CALLDATALOAD SWAP1 PUSH1 0x20 ADD SWAP1 SWAP2 SWAP1 POP POP PUSH2 0x730 JUMP JUMPDEST PUSH1 0x40 MLOAD DUP1 DUP3 ISZERO ISZERO ISZERO ISZERO DUP2 MSTORE PUSH1 0x20 ADD SWAP2 POP POP PUSH1 0x40 MLOAD DUP1 SWAP2 SUB SWAP1 RETURN JUMPDEST CALLVALUE ISZERO PUSH2 0x1DE JUMPI PUSH1 0x0 DUP1 REVERT JUMPDEST PUSH2 0x1E6 PUSH2 0x7BD JUMP JUMPDEST PUSH1 0x40 MLOAD DUP1 DUP3 DUP2 MSTORE PUSH1 0x20 ADD SWAP2 POP POP PUSH1 0x40 MLOAD DUP1 SWAP2 SUB SWAP1 RETURN JUMPDEST CALLVALUE ISZERO PUSH2 0x207 JUMPI PUSH1 0x0 DUP1 REVERT JUMPDEST PUSH2 0x25B PUSH1 0x4 DUP1 DUP1 CALLDATALOAD PUSH20 0xFFFFFFFFFFFFFFFFFFFFFFFFFFFFFFFFFFFFFFFF AND SWAP1 PUSH1 0x20 ADD SWAP1 SWAP2 SWAP1 DUP1 CALLDATALOAD PUSH20 0xFFFFFFFFFFFFFFFFFFFFFFFFFFFFFFFFFFFFFFFF AND SWAP1 PUSH1 0x20 ADD SWAP1 SWAP2 SWAP1 DUP1 CALLDATALOAD SWAP1 PUSH1 0x20 ADD SWAP1 SWAP2 SWAP1 POP POP PUSH2 0x7C3 JUMP JUMPDEST PUSH1 0x40 MLOAD DUP1 DUP3 ISZERO ISZERO ISZERO ISZERO DUP2 MSTORE PUSH1 0x20 ADD SWAP2 POP POP PUSH1 0x40 MLOAD DUP1 SWAP2 SUB SWAP1 RETURN JUMPDEST CALLVALUE ISZERO PUSH2 0x280 JUMPI PUSH1 0x0 DUP1 REVERT JUMPDEST PUSH2 0x288 PUSH2 0x8F0 JUMP JUMPDEST PUSH1 0x40 MLOAD DUP1 DUP3 PUSH1 0xFF AND PUSH1 0xFF AND DUP2 MSTORE PUSH1 0x20 ADD SWAP2 POP POP PUSH1 0x40 MLOAD DUP1 SWAP2 SUB SWAP1 RETURN JUMPDEST CALLVALUE ISZERO PUSH2 0x2AF JUMPI PUSH1 0x0 DUP1 REVERT JUMPDEST PUSH2 0x2C5 PUSH1 0x4 DUP1 DUP1 CALLDATALOAD SWAP1 PUSH1 0x20 ADD SWAP1 SWAP2 SWAP1 POP POP PUSH2 0x903 JUMP JUMPDEST PUSH1 0x40 MLOAD DUP1 DUP3 ISZERO ISZERO ISZERO ISZERO DUP2 MSTORE PUSH1 0x20 ADD SWAP2 POP POP PUSH1 0x40 MLOAD DUP1 SWAP2 SUB SWAP1 RETURN JUMPDEST CALLVALUE ISZERO PUSH2 0x2EA JUMPI PUSH1 0x0 DUP1 REVERT JUMPDEST PUSH2 0x316 PUSH1 0x4 DUP1 DUP1 CALLDATALOAD PUSH20 0xFFFFFFFFFFFFFFFFFFFFFFFFFFFFFFFFFFFFFFFF AND SWAP1 PUSH1 0x20 ADD SWAP1 SWAP2 SWAP1 POP POP PUSH2 0xA07 JUMP JUMPDEST PUSH1 0x40 MLOAD DUP1 DUP3 DUP2 MSTORE PUSH1 0x20 ADD SWAP2 POP POP PUSH1 0x40 MLOAD DUP1 SWAP2 SUB SWAP1 RETURN JUMPDEST CALLVALUE ISZERO PUSH2 0x337 JUMPI PUSH1 0x0 DUP1 REVERT JUMPDEST PUSH2 0x36C PUSH1 0x4 DUP1 DUP1 CALLDATALOAD PUSH20 0xFFFFFFFFFFFFFFFFFFFFFFFFFFFFFFFFFFFFFFFF AND SWAP1 PUSH1 0x20 ADD SWAP1 SWAP2 SWAP1 DUP1 CALLDATALOAD SWAP1 PUSH1 0x20 ADD SWAP1 SWAP2 SWAP1 POP POP PUSH2 0xA1F JUMP JUMPDEST STOP JUMPDEST CALLVALUE ISZERO PUSH2 0x379 JUMPI PUSH1 0x0 DUP1 REVERT JUMPDEST PUSH2 0x3AE PUSH1 0x4 DUP1 DUP1 CALLDATALOAD PUSH20 0xFFFFFFFFFFFFFFFFFFFFFFFFFFFFFFFFFFFFFFFF AND SWAP1 PUSH1 0x20 ADD SWAP1 SWAP2 SWAP1 DUP1 CALLDATALOAD SWAP1 PUSH1 0x20 ADD SWAP1 SWAP2 SWAP1 POP POP PUSH2 0xBD2 JUMP JUMPDEST PUSH1 0x40 MLOAD DUP1 DUP3 ISZERO ISZERO ISZERO ISZERO DUP2 MSTORE PUSH1 0x20 ADD SWAP2 POP POP PUSH1 0x40 MLOAD DUP1 SWAP2 SUB SWAP1 RETURN JUMPDEST CALLVALUE ISZERO PUSH2 0x3D3 JUMPI PUSH1 0x0 DUP1 REVERT JUMPDEST PUSH2 0x3DB PUSH2 0xDEC JUMP JUMPDEST PUSH1 0x40 MLOAD DUP1 DUP3 PUSH20 0xFFFFFFFFFFFFFFFFFFFFFFFFFFFFFFFFFFFFFFFF AND PUSH20 0xFFFFFFFFFFFFFFFFFFFFFFFFFFFFFFFFFFFFFFFF AND DUP2 MSTORE PUSH1 0x20 ADD SWAP2 POP POP PUSH1 0x40 MLOAD DUP1 SWAP2 SUB SWAP1 RETURN JUMPDEST CALLVALUE ISZERO PUSH2 0x428 JUMPI PUSH1 0x0 DUP1 REVERT JUMPDEST PUSH2 0x430 PUSH2 0xE11 JUMP JUMPDEST PUSH1 0x40 MLOAD DUP1 DUP1 PUSH1 0x20 ADD DUP3 DUP2 SUB DUP3 MSTORE DUP4 DUP2 DUP2 MLOAD DUP2 MSTORE PUSH1 0x20 ADD SWAP2 POP DUP1 MLOAD SWAP1 PUSH1 0x20 ADD SWAP1 DUP1 DUP4 DUP4 PUSH1 0x0 JUMPDEST DUP4 DUP2 LT ISZERO PUSH2 0x470 JUMPI DUP1 DUP3 ADD MLOAD DUP2 DUP5 ADD MSTORE PUSH1 0x20 DUP2 ADD SWAP1 POP PUSH2 0x455 JUMP JUMPDEST POP POP POP POP SWAP1 POP SWAP1 DUP2 ADD SWAP1 PUSH1 0x1F AND DUP1 ISZERO PUSH2 0x49D JUMPI DUP1 DUP3 SUB DUP1 MLOAD PUSH1 0x1 DUP4 PUSH1 0x20 SUB PUSH2 0x100 EXP SUB NOT AND DUP2 MSTORE PUSH1 0x20 ADD SWAP2 POP JUMPDEST POP SWAP3 POP POP POP PUSH1 0x40 MLOAD DUP1 SWAP2 SUB SWAP1 RETURN JUMPDEST CALLVALUE ISZERO PUSH2 0x4B6 JUMPI PUSH1 0x0 DUP1 REVERT JUMPDEST PUSH2 0x4EB PUSH1 0x4 DUP1 DUP1 CALLDATALOAD PUSH20 0xFFFFFFFFFFFFFFFFFFFFFFFFFFFFFFFFFFFFFFFF AND SWAP1 PUSH1 0x20 ADD SWAP1 SWAP2 SWAP1 DUP1 CALLDATALOAD SWAP1 PUSH1 0x20 ADD SWAP1 SWAP2 SWAP1 POP POP PUSH2 0xEAF JUMP JUMPDEST STOP JUMPDEST CALLVALUE ISZERO PUSH2 0x4F8 JUMPI PUSH1 0x0 DUP1 REVERT JUMPDEST PUSH2 0x54E PUSH1 0x4 DUP1 DUP1 CALLDATALOAD SWAP1 PUSH1 0x20 ADD SWAP1 DUP3 ADD DUP1 CALLDATALOAD SWAP1 PUSH1 0x20 ADD SWAP1 DUP1 DUP1 PUSH1 0x20 MUL PUSH1 0x20 ADD PUSH1 0x40 MLOAD SWAP1 DUP2 ADD PUSH1 0x40 MSTORE DUP1 SWAP4 SWAP3 SWAP2 SWAP1 DUP2 DUP2 MSTORE PUSH1 0x20 ADD DUP4 DUP4 PUSH1 0x20 MUL DUP1 DUP3 DUP5 CALLDATACOPY DUP3 ADD SWAP2 POP POP POP POP POP POP SWAP2 SWAP1 DUP1 CALLDATALOAD SWAP1 PUSH1 0x20 ADD SWAP1 SWAP2 SWAP1 POP POP PUSH2 0xEBE JUMP JUMPDEST STOP JUMPDEST CALLVALUE ISZERO PUSH2 0x55B JUMPI PUSH1 0x0 DUP1 REVERT JUMPDEST PUSH2 0x5D3 PUSH1 0x4 DUP1 DUP1 CALLDATALOAD PUSH20 0xFFFFFFFFFFFFFFFFFFFFFFFFFFFFFFFFFFFFFFFF AND SWAP1 PUSH1 0x20 ADD SWAP1 SWAP2 SWAP1 DUP1 CALLDATALOAD SWAP1 PUSH1 0x20 ADD SWAP1 SWAP2 SWAP1 DUP1 CALLDATALOAD SWAP1 PUSH1 0x20 ADD SWAP1 DUP3 ADD DUP1 CALLDATALOAD SWAP1 PUSH1 0x20 ADD SWAP1 DUP1 DUP1 PUSH1 0x1F ADD PUSH1 0x20 DUP1 SWAP2 DIV MUL PUSH1 0x20 ADD PUSH1 0x40 MLOAD SWAP1 DUP2 ADD PUSH1 0x40 MSTORE DUP1 SWAP4 SWAP3 SWAP2 SWAP1 DUP2 DUP2 MSTORE PUSH1 0x20 ADD DUP4 DUP4 DUP1 DUP3 DUP5 CALLDATACOPY DUP3 ADD SWAP2 POP POP POP POP POP POP SWAP2 SWAP1 POP POP PUSH2 0x10AA JUMP JUMPDEST PUSH1 0x40 MLOAD DUP1 DUP3 ISZERO ISZERO ISZERO ISZERO DUP2 MSTORE PUSH1 0x20 ADD SWAP2 POP POP PUSH1 0x40 MLOAD DUP1 SWAP2 SUB SWAP1 RETURN JUMPDEST CALLVALUE ISZERO PUSH2 0x5F8 JUMPI PUSH1 0x0 DUP1 REVERT JUMPDEST PUSH2 0x643 PUSH1 0x4 DUP1 DUP1 CALLDATALOAD PUSH20 0xFFFFFFFFFFFFFFFFFFFFFFFFFFFFFFFFFFFFFFFF AND SWAP1 PUSH1 0x20 ADD SWAP1 SWAP2 SWAP1 DUP1 CALLDATALOAD PUSH20 0xFFFFFFFFFFFFFFFFFFFFFFFFFFFFFFFFFFFFFFFF AND SWAP1 PUSH1 0x20 ADD SWAP1 SWAP2 SWAP1 POP POP PUSH2 0x1228 JUMP JUMPDEST PUSH1 0x40 MLOAD DUP1 DUP3 DUP2 MSTORE PUSH1 0x20 ADD SWAP2 POP POP PUSH1 0x40 MLOAD DUP1 SWAP2 SUB SWAP1 RETURN JUMPDEST CALLVALUE ISZERO PUSH2 0x664 JUMPI PUSH1 0x0 DUP1 REVERT JUMPDEST PUSH2 0x690 PUSH1 0x4 DUP1 DUP1 CALLDATALOAD PUSH20 0xFFFFFFFFFFFFFFFFFFFFFFFFFFFFFFFFFFFFFFFF AND SWAP1 PUSH1 0x20 ADD SWAP1 SWAP2 SWAP1 POP POP PUSH2 0x124D JUMP JUMPDEST STOP JUMPDEST PUSH1 0x1 DUP1 SLOAD PUSH1 0x1 DUP2 PUSH1 0x1 AND ISZERO PUSH2 0x100 MUL SUB AND PUSH1 0x2 SWAP1 DIV DUP1 PUSH1 0x1F ADD PUSH1 0x20 DUP1 SWAP2 DIV MUL PUSH1 0x20 ADD PUSH1 0x40 MLOAD SWAP1 DUP2 ADD PUSH1 0x40 MSTORE DUP1 SWAP3 SWAP2 SWAP1 DUP2 DUP2 MSTORE PUSH1 0x20 ADD DUP3 DUP1 SLOAD PUSH1 0x1 DUP2 PUSH1 0x1 AND ISZERO PUSH2 0x100 MUL SUB AND PUSH1 0x2 SWAP1 DIV DUP1 ISZERO PUSH2 0x728 JUMPI DUP1 PUSH1 0x1F LT PUSH2 0x6FD JUMPI PUSH2 0x100 DUP1 DUP4 SLOAD DIV MUL DUP4 MSTORE SWAP2 PUSH1 0x20 ADD SWAP2 PUSH2 0x728 JUMP JUMPDEST DUP3 ADD SWAP2 SWAP1 PUSH1 0x0 MSTORE PUSH1 0x20 PUSH1 0x0 KECCAK256 SWAP1 JUMPDEST DUP2 SLOAD DUP2 MSTORE SWAP1 PUSH1 0x1 ADD SWAP1 PUSH1 0x20 ADD DUP1 DUP4 GT PUSH2 0x70B JUMPI DUP3 SWAP1 SUB PUSH1 0x1F AND DUP3 ADD SWAP2 JUMPDEST POP POP POP POP POP DUP2 JUMP JUMPDEST PUSH1 0x0 DUP2 PUSH1 0x6 PUSH1 0x0 CALLER PUSH20 0xFFFFFFFFFFFFFFFFFFFFFFFFFFFFFFFFFFFFFFFF AND PUSH20 0xFFFFFFFFFFFFFFFFFFFFFFFFFFFFFFFFFFFFFFFF AND DUP2 MSTORE PUSH1 0x20 ADD SWAP1 DUP2 MSTORE PUSH1 0x20 ADD PUSH1 0x0 KECCAK256 PUSH1 0x0 DUP6 PUSH20 0xFFFFFFFFFFFFFFFFFFFFFFFFFFFFFFFFFFFFFFFF AND PUSH20 0xFFFFFFFFFFFFFFFFFFFFFFFFFFFFFFFFFFFFFFFF AND DUP2 MSTORE PUSH1 0x20 ADD SWAP1 DUP2 MSTORE PUSH1 0x20 ADD PUSH1 0x0 KECCAK256 DUP2 SWAP1 SSTORE POP PUSH1 0x1 SWAP1 POP SWAP3 SWAP2 POP POP JUMP JUMPDEST PUSH1 0x4 SLOAD DUP2 JUMP JUMPDEST PUSH1 0x0 PUSH1 0x6 PUSH1 0x0 DUP6 PUSH20 0xFFFFFFFFFFFFFFFFFFFFFFFFFFFFFFFFFFFFFFFF AND PUSH20 0xFFFFFFFFFFFFFFFFFFFFFFFFFFFFFFFFFFFFFFFF AND DUP2 MSTORE PUSH1 0x20 ADD SWAP1 DUP2 MSTORE PUSH1 0x20 ADD PUSH1 0x0 KECCAK256 PUSH1 0x0 CALLER PUSH20 0xFFFFFFFFFFFFFFFFFFFFFFFFFFFFFFFFFFFFFFFF AND PUSH20 0xFFFFFFFFFFFFFFFFFFFFFFFFFFFFFFFFFFFFFFFF AND DUP2 MSTORE PUSH1 0x20 ADD SWAP1 DUP2 MSTORE PUSH1 0x20 ADD PUSH1 0x0 KECCAK256 SLOAD DUP3 GT ISZERO ISZERO ISZERO PUSH2 0x850 JUMPI PUSH1 0x0 DUP1 REVERT JUMPDEST DUP2 PUSH1 0x6 PUSH1 0x0 DUP7 PUSH20 0xFFFFFFFFFFFFFFFFFFFFFFFFFFFFFFFFFFFFFFFF AND PUSH20 0xFFFFFFFFFFFFFFFFFFFFFFFFFFFFFFFFFFFFFFFF AND DUP2 MSTORE PUSH1 0x20 ADD SWAP1 DUP2 MSTORE PUSH1 0x20 ADD PUSH1 0x0 KECCAK256 PUSH1 0x0 CALLER PUSH20 0xFFFFFFFFFFFFFFFFFFFFFFFFFFFFFFFFFFFFFFFF AND PUSH20 0xFFFFFFFFFFFFFFFFFFFFFFFFFFFFFFFFFFFFFFFF AND DUP2 MSTORE PUSH1 0x20 ADD SWAP1 DUP2 MSTORE PUSH1 0x20 ADD PUSH1 0x0 KECCAK256 PUSH1 0x0 DUP3 DUP3 SLOAD SUB SWAP3 POP POP DUP2 SWAP1 SSTORE POP PUSH2 0x8E5 DUP5 DUP5 DUP5 PUSH2 0x12EB JUMP JUMPDEST PUSH1 0x1 SWAP1 POP SWAP4 SWAP3 POP POP POP JUMP JUMPDEST PUSH1 0x3 PUSH1 0x0 SWAP1 SLOAD SWAP1 PUSH2 0x100 EXP SWAP1 DIV PUSH1 0xFF AND DUP2 JUMP JUMPDEST PUSH1 0x0 DUP2 PUSH1 0x5 PUSH1 0x0 CALLER PUSH20 0xFFFFFFFFFFFFFFFFFFFFFFFFFFFFFFFFFFFFFFFF AND PUSH20 0xFFFFFFFFFFFFFFFFFFFFFFFFFFFFFFFFFFFFFFFF AND DUP2 MSTORE PUSH1 0x20 ADD SWAP1 DUP2 MSTORE PUSH1 0x20 ADD PUSH1 0x0 KECCAK256 SLOAD LT ISZERO ISZERO ISZERO PUSH2 0x953 JUMPI PUSH1 0x0 DUP1 REVERT JUMPDEST DUP2 PUSH1 0x5 PUSH1 0x0 CALLER PUSH20 0xFFFFFFFFFFFFFFFFFFFFFFFFFFFFFFFFFFFFFFFF AND PUSH20 0xFFFFFFFFFFFFFFFFFFFFFFFFFFFFFFFFFFFFFFFF AND DUP2 MSTORE PUSH1 0x20 ADD SWAP1 DUP2 MSTORE PUSH1 0x20 ADD PUSH1 0x0 KECCAK256 PUSH1 0x0 DUP3 DUP3 SLOAD SUB SWAP3 POP POP DUP2 SWAP1 SSTORE POP DUP2 PUSH1 0x4 PUSH1 0x0 DUP3 DUP3 SLOAD SUB SWAP3 POP POP DUP2 SWAP1 SSTORE POP CALLER PUSH20 0xFFFFFFFFFFFFFFFFFFFFFFFFFFFFFFFFFFFFFFFF AND PUSH32 0xCC16F5DBB4873280815C1EE09DBD06736CFFCC184412CF7A71A0FDB75D397CA5 DUP4 PUSH1 0x40 MLOAD DUP1 DUP3 DUP2 MSTORE PUSH1 0x20 ADD SWAP2 POP POP PUSH1 0x40 MLOAD DUP1 SWAP2 SUB SWAP1 LOG2 PUSH1 0x1 SWAP1 POP SWAP2 SWAP1 POP JUMP JUMPDEST PUSH1 0x5 PUSH1 0x20 MSTORE DUP1 PUSH1 0x0 MSTORE PUSH1 0x40 PUSH1 0x0 KECCAK256 PUSH1 0x0 SWAP2 POP SWAP1 POP SLOAD DUP2 JUMP JUMPDEST PUSH1 0x0 DUP1 SWAP1 SLOAD SWAP1 PUSH2 0x100 EXP SWAP1 DIV PUSH20 0xFFFFFFFFFFFFFFFFFFFFFFFFFFFFFFFFFFFFFFFF AND PUSH20 0xFFFFFFFFFFFFFFFFFFFFFFFFFFFFFFFFFFFFFFFF AND CALLER PUSH20 0xFFFFFFFFFFFFFFFFFFFFFFFFFFFFFFFFFFFFFFFF AND EQ ISZERO ISZERO PUSH2 0xA7A JUMPI PUSH1 0x0 DUP1 REVERT JUMPDEST DUP1 PUSH1 0x5 PUSH1 0x0 DUP5 PUSH20 0xFFFFFFFFFFFFFFFFFFFFFFFFFFFFFFFFFFFFFFFF AND PUSH20 0xFFFFFFFFFFFFFFFFFFFFFFFFFFFFFFFFFFFFFFFF AND DUP2 MSTORE PUSH1 0x20 ADD SWAP1 DUP2 MSTORE PUSH1 0x20 ADD PUSH1 0x0 KECCAK256 PUSH1 0x0 DUP3 DUP3 SLOAD ADD SWAP3 POP POP DUP2 SWAP1 SSTORE POP DUP1 PUSH1 0x4 PUSH1 0x0 DUP3 DUP3 SLOAD ADD SWAP3 POP POP DUP2 SWAP1 SSTORE POP PUSH1 0x0 DUP1 SWAP1 SLOAD SWAP1 PUSH2 0x100 EXP SWAP1 DIV PUSH20 0xFFFFFFFFFFFFFFFFFFFFFFFFFFFFFFFFFFFFFFFF AND PUSH20 0xFFFFFFFFFFFFFFFFFFFFFFFFFFFFFFFFFFFFFFFF AND PUSH1 0x0 PUSH32 0xDDF252AD1BE2C89B69C2B068FC378DAA952BA7F163C4A11628F55A4DF523B3EF DUP4 PUSH1 0x40 MLOAD DUP1 DUP3 DUP2 MSTORE PUSH1 0x20 ADD SWAP2 POP POP PUSH1 0x40 MLOAD DUP1 SWAP2 SUB SWAP1 LOG3 DUP2 PUSH20 0xFFFFFFFFFFFFFFFFFFFFFFFFFFFFFFFFFFFFFFFF AND PUSH1 0x0 DUP1 SWAP1 SLOAD SWAP1 PUSH2 0x100 EXP SWAP1 DIV PUSH20 0xFFFFFFFFFFFFFFFFFFFFFFFFFFFFFFFFFFFFFFFF AND PUSH20 0xFFFFFFFFFFFFFFFFFFFFFFFFFFFFFFFFFFFFFFFF AND PUSH32 0xDDF252AD1BE2C89B69C2B068FC378DAA952BA7F163C4A11628F55A4DF523B3EF DUP4 PUSH1 0x40 MLOAD DUP1 DUP3 DUP2 MSTORE PUSH1 0x20 ADD SWAP2 POP POP PUSH1 0x40 MLOAD DUP1 SWAP2 SUB SWAP1 LOG3 POP POP JUMP JUMPDEST PUSH1 0x0 DUP2 PUSH1 0x5 PUSH1 0x0 DUP6 PUSH20 0xFFFFFFFFFFFFFFFFFFFFFFFFFFFFFFFFFFFFFFFF AND PUSH20 0xFFFFFFFFFFFFFFFFFFFFFFFFFFFFFFFFFFFFFFFF AND DUP2 MSTORE PUSH1 0x20 ADD SWAP1 DUP2 MSTORE PUSH1 0x20 ADD PUSH1 0x0 KECCAK256 SLOAD LT ISZERO ISZERO ISZERO PUSH2 0xC22 JUMPI PUSH1 0x0 DUP1 REVERT JUMPDEST PUSH1 0x6 PUSH1 0x0 DUP5 PUSH20 0xFFFFFFFFFFFFFFFFFFFFFFFFFFFFFFFFFFFFFFFF AND PUSH20 0xFFFFFFFFFFFFFFFFFFFFFFFFFFFFFFFFFFFFFFFF AND DUP2 MSTORE PUSH1 0x20 ADD SWAP1 DUP2 MSTORE PUSH1 0x20 ADD PUSH1 0x0 KECCAK256 PUSH1 0x0 CALLER PUSH20 0xFFFFFFFFFFFFFFFFFFFFFFFFFFFFFFFFFFFFFFFF AND PUSH20 0xFFFFFFFFFFFFFFFFFFFFFFFFFFFFFFFFFFFFFFFF AND DUP2 MSTORE PUSH1 0x20 ADD SWAP1 DUP2 MSTORE PUSH1 0x20 ADD PUSH1 0x0 KECCAK256 SLOAD DUP3 GT ISZERO ISZERO ISZERO PUSH2 0xCAD JUMPI PUSH1 0x0 DUP1 REVERT JUMPDEST DUP2 PUSH1 0x5 PUSH1 0x0 DUP6 PUSH20 0xFFFFFFFFFFFFFFFFFFFFFFFFFFFFFFFFFFFFFFFF AND PUSH20 0xFFFFFFFFFFFFFFFFFFFFFFFFFFFFFFFFFFFFFFFF AND DUP2 MSTORE PUSH1 0x20 ADD SWAP1 DUP2 MSTORE PUSH1 0x20 ADD PUSH1 0x0 KECCAK256 PUSH1 0x0 DUP3 DUP3 SLOAD SUB SWAP3 POP POP DUP2 SWAP1 SSTORE POP DUP2 PUSH1 0x6 PUSH1 0x0 DUP6 PUSH20 0xFFFFFFFFFFFFFFFFFFFFFFFFFFFFFFFFFFFFFFFF AND PUSH20 0xFFFFFFFFFFFFFFFFFFFFFFFFFFFFFFFFFFFFFFFF AND DUP2 MSTORE PUSH1 0x20 ADD SWAP1 DUP2 MSTORE PUSH1 0x20 ADD PUSH1 0x0 KECCAK256 PUSH1 0x0 CALLER PUSH20 0xFFFFFFFFFFFFFFFFFFFFFFFFFFFFFFFFFFFFFFFF AND PUSH20 0xFFFFFFFFFFFFFFFFFFFFFFFFFFFFFFFFFFFFFFFF AND DUP2 MSTORE PUSH1 0x20 ADD SWAP1 DUP2 MSTORE PUSH1 0x20 ADD PUSH1 0x0 KECCAK256 PUSH1 0x0 DUP3 DUP3 SLOAD SUB SWAP3 POP POP DUP2 SWAP1 SSTORE POP DUP2 PUSH1 0x4 PUSH1 0x0 DUP3 DUP3 SLOAD SUB SWAP3 POP POP DUP2 SWAP1 SSTORE POP DUP3 PUSH20 0xFFFFFFFFFFFFFFFFFFFFFFFFFFFFFFFFFFFFFFFF AND PUSH32 0xCC16F5DBB4873280815C1EE09DBD06736CFFCC184412CF7A71A0FDB75D397CA5 DUP4 PUSH1 0x40 MLOAD DUP1 DUP3 DUP2 MSTORE PUSH1 0x20 ADD SWAP2 POP POP PUSH1 0x40 MLOAD DUP1 SWAP2 SUB SWAP1 LOG2 PUSH1 0x1 SWAP1 POP SWAP3 SWAP2 POP POP JUMP JUMPDEST PUSH1 0x0 DUP1 SWAP1 SLOAD SWAP1 PUSH2 0x100 EXP SWAP1 DIV PUSH20 0xFFFFFFFFFFFFFFFFFFFFFFFFFFFFFFFFFFFFFFFF AND DUP2 JUMP JUMPDEST PUSH1 0x2 DUP1 SLOAD PUSH1 0x1 DUP2 PUSH1 0x1 AND ISZERO PUSH2 0x100 MUL SUB AND PUSH1 0x2 SWAP1 DIV DUP1 PUSH1 0x1F ADD PUSH1 0x20 DUP1 SWAP2 DIV MUL PUSH1 0x20 ADD PUSH1 0x40 MLOAD SWAP1 DUP2 ADD PUSH1 0x40 MSTORE DUP1 SWAP3 SWAP2 SWAP1 DUP2 DUP2 MSTORE PUSH1 0x20 ADD DUP3 DUP1 SLOAD PUSH1 0x1 DUP2 PUSH1 0x1 AND ISZERO PUSH2 0x100 MUL SUB AND PUSH1 0x2 SWAP1 DIV DUP1 ISZERO PUSH2 0xEA7 JUMPI DUP1 PUSH1 0x1F LT PUSH2 0xE7C JUMPI PUSH2 0x100 DUP1 DUP4 SLOAD DIV MUL DUP4 MSTORE SWAP2 PUSH1 0x20 ADD SWAP2 PUSH2 0xEA7 JUMP JUMPDEST DUP3 ADD SWAP2 SWAP1 PUSH1 0x0 MSTORE PUSH1 0x20 PUSH1 0x0 KECCAK256 SWAP1 JUMPDEST DUP2 SLOAD DUP2 MSTORE SWAP1 PUSH1 0x1 ADD SWAP1 PUSH1 0x20 ADD DUP1 DUP4 GT PUSH2 0xE8A JUMPI DUP3 SWAP1 SUB PUSH1 0x1F AND DUP3 ADD SWAP2 JUMPDEST POP POP POP POP POP DUP2 JUMP JUMPDEST PUSH2 0xEBA CALLER DUP4 DUP4 PUSH2 0x12EB JUMP JUMPDEST POP POP JUMP JUMPDEST PUSH1 0x0 DUP1 PUSH1 0x0 SWAP1 SLOAD SWAP1 PUSH2 0x100 EXP SWAP1 DIV PUSH20 0xFFFFFFFFFFFFFFFFFFFFFFFFFFFFFFFFFFFFFFFF AND PUSH20 0xFFFFFFFFFFFFFFFFFFFFFFFFFFFFFFFFFFFFFFFF AND CALLER PUSH20 0xFFFFFFFFFFFFFFFFFFFFFFFFFFFFFFFFFFFFFFFF AND EQ ISZERO ISZERO PUSH2 0xF1B JUMPI PUSH1 0x0 DUP1 REVERT JUMPDEST PUSH1 0x0 SWAP1 POP JUMPDEST DUP3 MLOAD DUP2 LT ISZERO PUSH2 0x10A5 JUMPI DUP2 PUSH1 0x5 PUSH1 0x0 DUP1 PUSH1 0x0 SWAP1 SLOAD SWAP1 PUSH2 0x100 EXP SWAP1 DIV PUSH20 0xFFFFFFFFFFFFFFFFFFFFFFFFFFFFFFFFFFFFFFFF AND PUSH20 0xFFFFFFFFFFFFFFFFFFFFFFFFFFFFFFFFFFFFFFFF AND PUSH20 0xFFFFFFFFFFFFFFFFFFFFFFFFFFFFFFFFFFFFFFFF AND DUP2 MSTORE PUSH1 0x20 ADD SWAP1 DUP2 MSTORE PUSH1 0x20 ADD PUSH1 0x0 KECCAK256 PUSH1 0x0 DUP3 DUP3 SLOAD SUB SWAP3 POP POP DUP2 SWAP1 SSTORE POP DUP2 PUSH1 0x5 PUSH1 0x0 DUP6 DUP5 DUP2 MLOAD DUP2 LT ISZERO ISZERO PUSH2 0xFAA JUMPI INVALID JUMPDEST SWAP1 PUSH1 0x20 ADD SWAP1 PUSH1 0x20 MUL ADD MLOAD PUSH20 0xFFFFFFFFFFFFFFFFFFFFFFFFFFFFFFFFFFFFFFFF AND PUSH20 0xFFFFFFFFFFFFFFFFFFFFFFFFFFFFFFFFFFFFFFFF AND DUP2 MSTORE PUSH1 0x20 ADD SWAP1 DUP2 MSTORE PUSH1 0x20 ADD PUSH1 0x0 KECCAK256 PUSH1 0x0 DUP3 DUP3 SLOAD ADD SWAP3 POP POP DUP2 SWAP1 SSTORE POP DUP3 DUP2 DUP2 MLOAD DUP2 LT ISZERO ISZERO PUSH2 0x1009 JUMPI INVALID JUMPDEST SWAP1 PUSH1 0x20 ADD SWAP1 PUSH1 0x20 MUL ADD MLOAD PUSH20 0xFFFFFFFFFFFFFFFFFFFFFFFFFFFFFFFFFFFFFFFF AND PUSH1 0x0 DUP1 SWAP1 SLOAD SWAP1 PUSH2 0x100 EXP SWAP1 DIV PUSH20 0xFFFFFFFFFFFFFFFFFFFFFFFFFFFFFFFFFFFFFFFF AND PUSH20 0xFFFFFFFFFFFFFFFFFFFFFFFFFFFFFFFFFFFFFFFF AND PUSH32 0xDDF252AD1BE2C89B69C2B068FC378DAA952BA7F163C4A11628F55A4DF523B3EF DUP5 PUSH1 0x40 MLOAD DUP1 DUP3 DUP2 MSTORE PUSH1 0x20 ADD SWAP2 POP POP PUSH1 0x40 MLOAD DUP1 SWAP2 SUB SWAP1 LOG3 DUP1 DUP1 PUSH1 0x1 ADD SWAP2 POP POP PUSH2 0xF20 JUMP JUMPDEST POP POP POP JUMP JUMPDEST PUSH1 0x0 DUP1 DUP5 SWAP1 POP PUSH2 0x10BA DUP6 DUP6 PUSH2 0x730 JUMP JUMPDEST ISZERO PUSH2 0x121F JUMPI DUP1 PUSH20 0xFFFFFFFFFFFFFFFFFFFFFFFFFFFFFFFFFFFFFFFF AND PUSH4 0x8F4FFCB1 CALLER DUP7 ADDRESS DUP8 PUSH1 0x40 MLOAD DUP6 PUSH4 0xFFFFFFFF AND PUSH29 0x100000000000000000000000000000000000000000000000000000000 MUL DUP2 MSTORE PUSH1 0x4 ADD DUP1 DUP6 PUSH20 0xFFFFFFFFFFFFFFFFFFFFFFFFFFFFFFFFFFFFFFFF AND PUSH20 0xFFFFFFFFFFFFFFFFFFFFFFFFFFFFFFFFFFFFFFFF AND DUP2 MSTORE PUSH1 0x20 ADD DUP5 DUP2 MSTORE PUSH1 0x20 ADD DUP4 PUSH20 0xFFFFFFFFFFFFFFFFFFFFFFFFFFFFFFFFFFFFFFFF AND PUSH20 0xFFFFFFFFFFFFFFFFFFFFFFFFFFFFFFFFFFFFFFFF AND DUP2 MSTORE PUSH1 0x20 ADD DUP1 PUSH1 0x20 ADD DUP3 DUP2 SUB DUP3 MSTORE DUP4 DUP2 DUP2 MLOAD DUP2 MSTORE PUSH1 0x20 ADD SWAP2 POP DUP1 MLOAD SWAP1 PUSH1 0x20 ADD SWAP1 DUP1 DUP4 DUP4 PUSH1 0x0 JUMPDEST DUP4 DUP2 LT ISZERO PUSH2 0x11B4 JUMPI DUP1 DUP3 ADD MLOAD DUP2 DUP5 ADD MSTORE PUSH1 0x20 DUP2 ADD SWAP1 POP PUSH2 0x1199 JUMP JUMPDEST POP POP POP POP SWAP1 POP SWAP1 DUP2 ADD SWAP1 PUSH1 0x1F AND DUP1 ISZERO PUSH2 0x11E1 JUMPI DUP1 DUP3 SUB DUP1 MLOAD PUSH1 0x1 DUP4 PUSH1 0x20 SUB PUSH2 0x100 EXP SUB NOT AND DUP2 MSTORE PUSH1 0x20 ADD SWAP2 POP JUMPDEST POP SWAP6 POP POP POP POP POP POP PUSH1 0x0 PUSH1 0x40 MLOAD DUP1 DUP4 SUB DUP2 PUSH1 0x0 DUP8 DUP1 EXTCODESIZE ISZERO ISZERO PUSH2 0x1202 JUMPI PUSH1 0x0 DUP1 REVERT JUMPDEST PUSH2 0x2C6 GAS SUB CALL ISZERO ISZERO PUSH2 0x1213 JUMPI PUSH1 0x0 DUP1 REVERT JUMPDEST POP POP POP PUSH1 0x1 SWAP2 POP PUSH2 0x1220 JUMP JUMPDEST JUMPDEST POP SWAP4 SWAP3 POP POP POP JUMP JUMPDEST PUSH1 0x6 PUSH1 0x20 MSTORE DUP2 PUSH1 0x0 MSTORE PUSH1 0x40 PUSH1 0x0 KECCAK256 PUSH1 0x20 MSTORE DUP1 PUSH1 0x0 MSTORE PUSH1 0x40 PUSH1 0x0 KECCAK256 PUSH1 0x0 SWAP2 POP SWAP2 POP POP SLOAD DUP2 JUMP JUMPDEST PUSH1 0x0 DUP1 SWAP1 SLOAD SWAP1 PUSH2 0x100 EXP SWAP1 DIV PUSH20 0xFFFFFFFFFFFFFFFFFFFFFFFFFFFFFFFFFFFFFFFF AND PUSH20 0xFFFFFFFFFFFFFFFFFFFFFFFFFFFFFFFFFFFFFFFF AND CALLER PUSH20 0xFFFFFFFFFFFFFFFFFFFFFFFFFFFFFFFFFFFFFFFF AND EQ ISZERO ISZERO PUSH2 0x12A8 JUMPI PUSH1 0x0 DUP1 REVERT JUMPDEST DUP1 PUSH1 0x0 DUP1 PUSH2 0x100 EXP DUP2 SLOAD DUP2 PUSH20 0xFFFFFFFFFFFFFFFFFFFFFFFFFFFFFFFFFFFFFFFF MUL NOT AND SWAP1 DUP4 PUSH20 0xFFFFFFFFFFFFFFFFFFFFFFFFFFFFFFFFFFFFFFFF AND MUL OR SWAP1 SSTORE POP POP JUMP JUMPDEST PUSH1 0x0 DUP1 DUP4 PUSH20 0xFFFFFFFFFFFFFFFFFFFFFFFFFFFFFFFFFFFFFFFF AND EQ ISZERO ISZERO ISZERO PUSH2 0x1312 JUMPI PUSH1 0x0 DUP1 REVERT JUMPDEST DUP2 PUSH1 0x5 PUSH1 0x0 DUP7 PUSH20 0xFFFFFFFFFFFFFFFFFFFFFFFFFFFFFFFFFFFFFFFF AND PUSH20 0xFFFFFFFFFFFFFFFFFFFFFFFFFFFFFFFFFFFFFFFF AND DUP2 MSTORE PUSH1 0x20 ADD SWAP1 DUP2 MSTORE PUSH1 0x20 ADD PUSH1 0x0 KECCAK256 SLOAD LT ISZERO ISZERO ISZERO PUSH2 0x1360 JUMPI PUSH1 0x0 DUP1 REVERT JUMPDEST PUSH1 0x5 PUSH1 0x0 DUP5 PUSH20 0xFFFFFFFFFFFFFFFFFFFFFFFFFFFFFFFFFFFFFFFF AND PUSH20 0xFFFFFFFFFFFFFFFFFFFFFFFFFFFFFFFFFFFFFFFF AND DUP2 MSTORE PUSH1 0x20 ADD SWAP1 DUP2 MSTORE PUSH1 0x20 ADD PUSH1 0x0 KECCAK256 SLOAD DUP3 PUSH1 0x5 PUSH1 0x0 DUP7 PUSH20 0xFFFFFFFFFFFFFFFFFFFFFFFFFFFFFFFFFFFFFFFF AND PUSH20 0xFFFFFFFFFFFFFFFFFFFFFFFFFFFFFFFFFFFFFFFF AND DUP2 MSTORE PUSH1 0x20 ADD SWAP1 DUP2 MSTORE PUSH1 0x20 ADD PUSH1 0x0 KECCAK256 SLOAD ADD GT ISZERO ISZERO PUSH2 0x13EE JUMPI PUSH1 0x0 DUP1 REVERT JUMPDEST PUSH1 0x5 PUSH1 0x0 DUP5 PUSH20 0xFFFFFFFFFFFFFFFFFFFFFFFFFFFFFFFFFFFFFFFF AND PUSH20 0xFFFFFFFFFFFFFFFFFFFFFFFFFFFFFFFFFFFFFFFF AND DUP2 MSTORE PUSH1 0x20 ADD SWAP1 DUP2 MSTORE PUSH1 0x20 ADD PUSH1 0x0 KECCAK256 SLOAD PUSH1 0x5 PUSH1 0x0 DUP7 PUSH20 0xFFFFFFFFFFFFFFFFFFFFFFFFFFFFFFFFFFFFFFFF AND PUSH20 0xFFFFFFFFFFFFFFFFFFFFFFFFFFFFFFFFFFFFFFFF AND DUP2 MSTORE PUSH1 0x20 ADD SWAP1 DUP2 MSTORE PUSH1 0x20 ADD PUSH1 0x0 KECCAK256 SLOAD ADD SWAP1 POP DUP2 PUSH1 0x5 PUSH1 0x0 DUP7 PUSH20 0xFFFFFFFFFFFFFFFFFFFFFFFFFFFFFFFFFFFFFFFF AND PUSH20 0xFFFFFFFFFFFFFFFFFFFFFFFFFFFFFFFFFFFFFFFF AND DUP2 MSTORE PUSH1 0x20 ADD SWAP1 DUP2 MSTORE PUSH1 0x20 ADD PUSH1 0x0 KECCAK256 PUSH1 0x0 DUP3 DUP3 SLOAD SUB SWAP3 POP POP DUP2 SWAP1 SSTORE POP DUP2 PUSH1 0x5 PUSH1 0x0 DUP6 PUSH20 0xFFFFFFFFFFFFFFFFFFFFFFFFFFFFFFFFFFFFFFFF AND PUSH20 0xFFFFFFFFFFFFFFFFFFFFFFFFFFFFFFFFFFFFFFFF AND DUP2 MSTORE PUSH1 0x20 ADD SWAP1 DUP2 MSTORE PUSH1 0x20 ADD PUSH1 0x0 KECCAK256 PUSH1 0x0 DUP3 DUP3 SLOAD ADD SWAP3 POP POP DUP2 SWAP1 SSTORE POP DUP3 PUSH20 0xFFFFFFFFFFFFFFFFFFFFFFFFFFFFFFFFFFFFFFFF AND DUP5 PUSH20 0xFFFFFFFFFFFFFFFFFFFFFFFFFFFFFFFFFFFFFFFF AND PUSH32 0xDDF252AD1BE2C89B69C2B068FC378DAA952BA7F163C4A11628F55A4DF523B3EF DUP5 PUSH1 0x40 MLOAD DUP1 DUP3 DUP2 MSTORE PUSH1 0x20 ADD SWAP2 POP POP PUSH1 0x40 MLOAD DUP1 SWAP2 SUB SWAP1 LOG3 DUP1 PUSH1 0x5 PUSH1 0x0 DUP6 PUSH20 0xFFFFFFFFFFFFFFFFFFFFFFFFFFFFFFFFFFFFFFFF AND PUSH20 0xFFFFFFFFFFFFFFFFFFFFFFFFFFFFFFFFFFFFFFFF AND DUP2 MSTORE PUSH1 0x20 ADD SWAP1 DUP2 MSTORE PUSH1 0x20 ADD PUSH1 0x0 KECCAK256 SLOAD PUSH1 0x5 PUSH1 0x0 DUP8 PUSH20 0xFFFFFFFFFFFFFFFFFFFFFFFFFFFFFFFFFFFFFFFF AND PUSH20 0xFFFFFFFFFFFFFFFFFFFFFFFFFFFFFFFFFFFFFFFF AND DUP2 MSTORE PUSH1 0x20 ADD SWAP1 DUP2 MSTORE PUSH1 0x20 ADD PUSH1 0x0 KECCAK256 SLOAD ADD EQ ISZERO ISZERO PUSH2 0x15FB JUMPI INVALID JUMPDEST POP POP POP POP JUMP STOP LOG1 PUSH6 0x627A7A723058 KECCAK256 0xb6 CALLVALUE DUP16 0x5d 0xdf 0xa9 DIV 0xd4 PUSH22 0xA140C5DB75C21912F0C52A5E008F08D9C3F487CBBC19 SHR STOP 0x29
1,PUSH1 0x4C PUSH1 0x2C PUSH1 0xB DUP3 DUP3 DUP3 CODECOPY DUP1 MLOAD PUSH1 0x0 BYTE PUSH1 0x73 EQ PUSH1 0x0 DUP2 EQ PUSH1 0x1C JUMPI PUSH1 0x1E JUMP JUMPDEST INVALID JUMPDEST POP ADDRESS PUSH1 0x0 MSTORE PUSH1 0x73 DUP2 MSTORE8 DUP3 DUP2 RETURN STOP PUSH20 0x0 ADDRESS EQ PUSH1 0x60 PUSH1 0x40 MSTORE PUSH1 0x0 DUP1 REVERT STOP LOG1 PUSH6 0x627A7A723058 KECCAK256 SUB SGT POP 0x49 0x3f 0xab 0xa6 0xc1 0xc3 SLT 0xc9 CREATE2 0x27 0xbc DUP12 0xec PUSH24 0xEAC00508BED9DC5D4B371734E8E1FE002900000000000000
1,PUSH1 0x60 PUSH1 0x40 MSTORE PUSH1 0x12 PUSH1 0x3 PUSH1 0x0 PUSH2 0x100 EXP DUP2 SLOAD DUP2 PUSH1 0xFF MUL NOT AND SWAP1 DUP4 PUSH1 0xFF AND MUL OR SWAP1 SSTORE POP CALLVALUE ISZERO PUSH3 0x2C JUMPI PUSH1 0x0 DUP1 REVERT JUMPDEST PUSH1 0x40 MLOAD PUSH3 0x1919 CODESIZE SUB DUP1 PUSH3 0x1919 DUP4 CODECOPY DUP2 ADD PUSH1 0x40 MSTORE DUP1 DUP1 MLOAD SWAP1 PUSH1 0x20 ADD SWAP1 SWAP2 SWAP1 DUP1 MLOAD DUP3 ADD SWAP2 SWAP1 PUSH1 0x20 ADD DUP1 MLOAD DUP3 ADD SWAP2 SWAP1 POP POP DUP3 DUP3 DUP3 CALLER PUSH1 0x0 DUP1 PUSH2 0x100 EXP DUP2 SLOAD DUP2 PUSH20 0xFFFFFFFFFFFFFFFFFFFFFFFFFFFFFFFFFFFFFFFF MUL NOT AND SWAP1 DUP4 PUSH20 0xFFFFFFFFFFFFFFFFFFFFFFFFFFFFFFFFFFFFFFFF AND MUL OR SWAP1 SSTORE POP PUSH1 0x3 PUSH1 0x0 SWAP1 SLOAD SWAP1 PUSH2 0x100 EXP SWAP1 DIV PUSH1 0xFF AND PUSH1 0xFF AND PUSH1 0xA EXP DUP4 MUL PUSH1 0x4 DUP2 SWAP1 SSTORE POP PUSH1 0x4 SLOAD PUSH1 0x5 PUSH1 0x0 CALLER PUSH20 0xFFFFFFFFFFFFFFFFFFFFFFFFFFFFFFFFFFFFFFFF AND PUSH20 0xFFFFFFFFFFFFFFFFFFFFFFFFFFFFFFFFFFFFFFFF AND DUP2 MSTORE PUSH1 0x20 ADD SWAP1 DUP2 MSTORE PUSH1 0x20 ADD PUSH1 0x0 KECCAK256 DUP2 SWAP1 SSTORE POP DUP2 PUSH1 0x1 SWAP1 DUP1 MLOAD SWAP1 PUSH1 0x20 ADD SWAP1 PUSH3 0x11B SWAP3 SWAP2 SWAP1 PUSH3 0x141 JUMP JUMPDEST POP DUP1 PUSH1 0x2 SWAP1 DUP1 MLOAD SWAP1 PUSH1 0x20 ADD SWAP1 PUSH3 0x134 SWAP3 SWAP2 SWAP1 PUSH3 0x141 JUMP JUMPDEST POP POP POP POP POP POP POP PUSH3 0x1F0 JUMP JUMPDEST DUP3 DUP1 SLOAD PUSH1 0x1 DUP2 PUSH1 0x1 AND ISZERO PUSH2 0x100 MUL SUB AND PUSH1 0x2 SWAP1 DIV SWAP1 PUSH1 0x0 MSTORE PUSH1 0x20 PUSH1 0x0 KECCAK256 SWAP1 PUSH1 0x1F ADD PUSH1 0x20 SWAP1 DIV DUP2 ADD SWAP3 DUP3 PUSH1 0x1F LT PUSH3 0x184 JUMPI DUP1 MLOAD PUSH1 0xFF NOT AND DUP4 DUP1 ADD OR DUP6 SSTORE PUSH3 0x1B5 JUMP JUMPDEST DUP3 DUP1 ADD PUSH1 0x1 ADD DUP6 SSTORE DUP3 ISZERO PUSH3 0x1B5 JUMPI SWAP2 DUP3 ADD JUMPDEST DUP3 DUP2 GT ISZERO PUSH3 0x1B4 JUMPI DUP3 MLOAD DUP3 SSTORE SWAP2 PUSH1 0x20 ADD SWAP2 SWAP1 PUSH1 0x1 ADD SWAP1 PUSH3 0x197 JUMP JUMPDEST JUMPDEST POP SWAP1 POP PUSH3 0x1C4 SWAP2 SWAP1 PUSH3 0x1C8 JUMP JUMPDEST POP SWAP1 JUMP JUMPDEST PUSH3 0x1ED SWAP2 SWAP1 JUMPDEST DUP1 DUP3 GT ISZERO PUSH3 0x1E9 JUMPI PUSH1 0x0 DUP2 PUSH1 0x0 SWAP1 SSTORE POP PUSH1 0x1 ADD PUSH3 0x1CF JUMP JUMPDEST POP SWAP1 JUMP JUMPDEST SWAP1 JUMP JUMPDEST PUSH2 0x1719 DUP1 PUSH3 0x200 PUSH1 0x0 CODECOPY PUSH1 0x0 RETURN STOP PUSH1 0x60 PUSH1 0x40 MSTORE PUSH1 0x4 CALLDATASIZE LT PUSH2 0x128 JUMPI PUSH1 0x0 CALLDATALOAD PUSH29 0x100000000000000000000000000000000000000000000000000000000 SWAP1 DIV PUSH4 0xFFFFFFFF AND DUP1 PUSH4 0x5FEFDA7 EQ PUSH2 0x12D JUMPI DUP1 PUSH4 0x6FDDE03 EQ PUSH2 0x159 JUMPI DUP1 PUSH4 0x95EA7B3 EQ PUSH2 0x1E7 JUMPI DUP1 PUSH4 0x18160DDD EQ PUSH2 0x241 JUMPI DUP1 PUSH4 0x23B872DD EQ PUSH2 0x26A JUMPI DUP1 PUSH4 0x313CE567 EQ PUSH2 0x2E3 JUMPI DUP1 PUSH4 0x42966C68 EQ PUSH2 0x312 JUMPI DUP1 PUSH4 0x4B750334 EQ PUSH2 0x34D JUMPI DUP1 PUSH4 0x70A08231 EQ PUSH2 0x376 JUMPI DUP1 PUSH4 0x79C65068 EQ PUSH2 0x3C3 JUMPI DUP1 PUSH4 0x79CC6790 EQ PUSH2 0x405 JUMPI DUP1 PUSH4 0x8620410B EQ PUSH2 0x45F JUMPI DUP1 PUSH4 0x8DA5CB5B EQ PUSH2 0x488 JUMPI DUP1 PUSH4 0x95D89B41 EQ PUSH2 0x4DD JUMPI DUP1 PUSH4 0xA6F2AE3A EQ PUSH2 0x56B JUMPI DUP1 PUSH4 0xA9059CBB EQ PUSH2 0x575 JUMPI DUP1 PUSH4 0xB414D4B6 EQ PUSH2 0x5B7 JUMPI DUP1 PUSH4 0xCAE9CA51 EQ PUSH2 0x608 JUMPI DUP1 PUSH4 0xDD62ED3E EQ PUSH2 0x6A5 JUMPI DUP1 PUSH4 0xE4849B32 EQ PUSH2 0x711 JUMPI DUP1 PUSH4 0xE724529C EQ PUSH2 0x734 JUMPI DUP1 PUSH4 0xF2FDE38B EQ PUSH2 0x778 JUMPI JUMPDEST PUSH1 0x0 DUP1 REVERT JUMPDEST CALLVALUE ISZERO PUSH2 0x138 JUMPI PUSH1 0x0 DUP1 REVERT JUMPDEST PUSH2 0x157 PUSH1 0x4 DUP1 DUP1 CALLDATALOAD SWAP1 PUSH1 0x20 ADD SWAP1 SWAP2 SWAP1 DUP1 CALLDATALOAD SWAP1 PUSH1 0x20 ADD SWAP1 SWAP2 SWAP1 POP POP PUSH2 0x7B1 JUMP JUMPDEST STOP JUMPDEST CALLVALUE ISZERO PUSH2 0x164 JUMPI PUSH1 0x0 DUP1 REVERT JUMPDEST PUSH2 0x16C PUSH2 0x81E JUMP JUMPDEST PUSH1 0x40 MLOAD DUP1 DUP1 PUSH1 0x20 ADD DUP3 DUP2 SUB DUP3 MSTORE DUP4 DUP2 DUP2 MLOAD DUP2 MSTORE PUSH1 0x20 ADD SWAP2 POP DUP1 MLOAD SWAP1 PUSH1 0x20 ADD SWAP1 DUP1 DUP4 DUP4 PUSH1 0x0 JUMPDEST DUP4 DUP2 LT ISZERO PUSH2 0x1AC JUMPI DUP1 DUP3 ADD MLOAD DUP2 DUP5 ADD MSTORE PUSH1 0x20 DUP2 ADD SWAP1 POP PUSH2 0x191 JUMP JUMPDEST POP POP POP POP SWAP1 POP SWAP1 DUP2 ADD SWAP1 PUSH1 0x1F AND DUP1 ISZERO PUSH2 0x1D9 JUMPI DUP1 DUP3 SUB DUP1 MLOAD PUSH1 0x1 DUP4 PUSH1 0x20 SUB PUSH2 0x100 EXP SUB NOT AND DUP2 MSTORE PUSH1 0x20 ADD SWAP2 POP JUMPDEST POP SWAP3 POP POP POP PUSH1 0x40 MLOAD DUP1 SWAP2 SUB SWAP1 RETURN JUMPDEST CALLVALUE ISZERO PUSH2 0x1F2 JUMPI PUSH1 0x0 DUP1 REVERT JUMPDEST PUSH2 0x227 PUSH1 0x4 DUP1 DUP1 CALLDATALOAD PUSH20 0xFFFFFFFFFFFFFFFFFFFFFFFFFFFFFFFFFFFFFFFF AND SWAP1 PUSH1 0x20 ADD SWAP1 SWAP2 SWAP1 DUP1 CALLDATALOAD SWAP1 PUSH1 0x20 ADD SWAP1 SWAP2 SWAP1 POP POP PUSH2 0x8BC JUMP JUMPDEST PUSH1 0x40 MLOAD DUP1 DUP3 ISZERO ISZERO ISZERO ISZERO DUP2 MSTORE PUSH1 0x20 ADD SWAP2 POP POP PUSH1 0x40 MLOAD DUP1 SWAP2 SUB SWAP1 RETURN JUMPDEST CALLVALUE ISZERO PUSH2 0x24C JUMPI PUSH1 0x0 DUP1 REVERT JUMPDEST PUSH2 0x254 PUSH2 0x949 JUMP JUMPDEST PUSH1 0x40 MLOAD DUP1 DUP3 DUP2 MSTORE PUSH1 0x20 ADD SWAP2 POP POP PUSH1 0x40 MLOAD DUP1 SWAP2 SUB SWAP1 RETURN JUMPDEST CALLVALUE ISZERO PUSH2 0x275 JUMPI PUSH1 0x0 DUP1 REVERT JUMPDEST PUSH2 0x2C9 PUSH1 0x4 DUP1 DUP1 CALLDATALOAD PUSH20 0xFFFFFFFFFFFFFFFFFFFFFFFFFFFFFFFFFFFFFFFF AND SWAP1 PUSH1 0x20 ADD SWAP1 SWAP2 SWAP1 DUP1 CALLDATALOAD PUSH20 0xFFFFFFFFFFFFFFFFFFFFFFFFFFFFFFFFFFFFFFFF AND SWAP1 PUSH1 0x20 ADD SWAP1 SWAP2 SWAP1 DUP1 CALLDATALOAD SWAP1 PUSH1 0x20 ADD SWAP1 SWAP2 SWAP1 POP POP PUSH2 0x94F JUMP JUMPDEST PUSH1 0x40 MLOAD DUP1 DUP3 ISZERO ISZERO ISZERO ISZERO DUP2 MSTORE PUSH1 0x20 ADD SWAP2 POP POP PUSH1 0x40 MLOAD DUP1 SWAP2 SUB SWAP1 RETURN JUMPDEST CALLVALUE ISZERO PUSH2 0x2EE JUMPI PUSH1 0x0 DUP1 REVERT JUMPDEST PUSH2 0x2F6 PUSH2 0xA7C JUMP JUMPDEST PUSH1 0x40 MLOAD DUP1 DUP3 PUSH1 0xFF AND PUSH1 0xFF AND DUP2 MSTORE PUSH1 0x20 ADD SWAP2 POP POP PUSH1 0x40 MLOAD DUP1 SWAP2 SUB SWAP1 RETURN JUMPDEST CALLVALUE ISZERO PUSH2 0x31D JUMPI PUSH1 0x0 DUP1 REVERT JUMPDEST PUSH2 0x333 PUSH1 0x4 DUP1 DUP1 CALLDATALOAD SWAP1 PUSH1 0x20 ADD SWAP1 SWAP2 SWAP1 POP POP PUSH2 0xA8F JUMP JUMPDEST PUSH1 0x40 MLOAD DUP1 DUP3 ISZERO ISZERO ISZERO ISZERO DUP2 MSTORE PUSH1 0x20 ADD SWAP2 POP POP PUSH1 0x40 MLOAD DUP1 SWAP2 SUB SWAP1 RETURN JUMPDEST CALLVALUE ISZERO PUSH2 0x358 JUMPI PUSH1 0x0 DUP1 REVERT JUMPDEST PUSH2 0x360 PUSH2 0xB93 JUMP JUMPDEST PUSH1 0x40 MLOAD DUP1 DUP3 DUP2 MSTORE PUSH1 0x20 ADD SWAP2 POP POP PUSH1 0x40 MLOAD DUP1 SWAP2 SUB SWAP1 RETURN JUMPDEST CALLVALUE ISZERO PUSH2 0x381 JUMPI PUSH1 0x0 DUP1 REVERT JUMPDEST PUSH2 0x3AD PUSH1 0x4 DUP1 DUP1 CALLDATALOAD PUSH20 0xFFFFFFFFFFFFFFFFFFFFFFFFFFFFFFFFFFFFFFFF AND SWAP1 PUSH1 0x20 ADD SWAP1 SWAP2 SWAP1 POP POP PUSH2 0xB99 JUMP JUMPDEST PUSH1 0x40 MLOAD DUP1 DUP3 DUP2 MSTORE PUSH1 0x20 ADD SWAP2 POP POP PUSH1 0x40 MLOAD DUP1 SWAP2 SUB SWAP1 RETURN JUMPDEST CALLVALUE ISZERO PUSH2 0x3CE JUMPI PUSH1 0x0 DUP1 REVERT JUMPDEST PUSH2 0x403 PUSH1 0x4 DUP1 DUP1 CALLDATALOAD PUSH20 0xFFFFFFFFFFFFFFFFFFFFFFFFFFFFFFFFFFFFFFFF AND SWAP1 PUSH1 0x20 ADD SWAP1 SWAP2 SWAP1 DUP1 CALLDATALOAD SWAP1 PUSH1 0x20 ADD SWAP1 SWAP2 SWAP1 POP POP PUSH2 0xBB1 JUMP JUMPDEST STOP JUMPDEST CALLVALUE ISZERO PUSH2 0x410 JUMPI PUSH1 0x0 DUP1 REVERT JUMPDEST PUSH2 0x445 PUSH1 0x4 DUP1 DUP1 CALLDATALOAD PUSH20 0xFFFFFFFFFFFFFFFFFFFFFFFFFFFFFFFFFFFFFFFF AND SWAP1 PUSH1 0x20 ADD SWAP1 SWAP2 SWAP1 DUP1 CALLDATALOAD SWAP1 PUSH1 0x20 ADD SWAP1 SWAP2 SWAP1 POP POP PUSH2 0xD22 JUMP JUMPDEST PUSH1 0x40 MLOAD DUP1 DUP3 ISZERO ISZERO ISZERO ISZERO DUP2 MSTORE PUSH1 0x20 ADD SWAP2 POP POP PUSH1 0x40 MLOAD DUP1 SWAP2 SUB SWAP1 RETURN JUMPDEST CALLVALUE ISZERO PUSH2 0x46A JUMPI PUSH1 0x0 DUP1 REVERT JUMPDEST PUSH2 0x472 PUSH2 0xF3C JUMP JUMPDEST PUSH1 0x40 MLOAD DUP1 DUP3 DUP2 MSTORE PUSH1 0x20 ADD SWAP2 POP POP PUSH1 0x40 MLOAD DUP1 SWAP2 SUB SWAP1 RETURN JUMPDEST CALLVALUE ISZERO PUSH2 0x493 JUMPI PUSH1 0x0 DUP1 REVERT JUMPDEST PUSH2 0x49B PUSH2 0xF42 JUMP JUMPDEST PUSH1 0x40 MLOAD DUP1 DUP3 PUSH20 0xFFFFFFFFFFFFFFFFFFFFFFFFFFFFFFFFFFFFFFFF AND PUSH20 0xFFFFFFFFFFFFFFFFFFFFFFFFFFFFFFFFFFFFFFFF AND DUP2 MSTORE PUSH1 0x20 ADD SWAP2 POP POP PUSH1 0x40 MLOAD DUP1 SWAP2 SUB SWAP1 RETURN JUMPDEST CALLVALUE ISZERO PUSH2 0x4E8 JUMPI PUSH1 0x0 DUP1 REVERT JUMPDEST PUSH2 0x4F0 PUSH2 0xF67 JUMP JUMPDEST PUSH1 0x40 MLOAD DUP1 DUP1 PUSH1 0x20 ADD DUP3 DUP2 SUB DUP3 MSTORE DUP4 DUP2 DUP2 MLOAD DUP2 MSTORE PUSH1 0x20 ADD SWAP2 POP DUP1 MLOAD SWAP1 PUSH1 0x20 ADD SWAP1 DUP1 DUP4 DUP4 PUSH1 0x0 JUMPDEST DUP4 DUP2 LT ISZERO PUSH2 0x530 JUMPI DUP1 DUP3 ADD MLOAD DUP2 DUP5 ADD MSTORE PUSH1 0x20 DUP2 ADD SWAP1 POP PUSH2 0x515 JUMP JUMPDEST POP POP POP POP SWAP1 POP SWAP1 DUP2 ADD SWAP1 PUSH1 0x1F AND DUP1 ISZERO PUSH2 0x55D JUMPI DUP1 DUP3 SUB DUP1 MLOAD PUSH1 0x1 DUP4 PUSH1 0x20 SUB PUSH2 0x100 EXP SUB NOT AND DUP2 MSTORE PUSH1 0x20 ADD SWAP2 POP JUMPDEST POP SWAP3 POP POP POP PUSH1 0x40 MLOAD DUP1 SWAP2 SUB SWAP1 RETURN JUMPDEST PUSH2 0x573 PUSH2 0x1005 JUMP JUMPDEST STOP JUMPDEST CALLVALUE ISZERO PUSH2 0x580 JUMPI PUSH1 0x0 DUP1 REVERT JUMPDEST PUSH2 0x5B5 PUSH1 0x4 DUP1 DUP1 CALLDATALOAD PUSH20 0xFFFFFFFFFFFFFFFFFFFFFFFFFFFFFFFFFFFFFFFF AND SWAP1 PUSH1 0x20 ADD SWAP1 SWAP2 SWAP1 DUP1 CALLDATALOAD SWAP1 PUSH1 0x20 ADD SWAP1 SWAP2 SWAP1 POP POP PUSH2 0x1025 JUMP JUMPDEST STOP JUMPDEST CALLVALUE ISZERO PUSH2 0x5C2 JUMPI PUSH1 0x0 DUP1 REVERT JUMPDEST PUSH2 0x5EE PUSH1 0x4 DUP1 DUP1 CALLDATALOAD PUSH20 0xFFFFFFFFFFFFFFFFFFFFFFFFFFFFFFFFFFFFFFFF AND SWAP1 PUSH1 0x20 ADD SWAP1 SWAP2 SWAP1 POP POP PUSH2 0x1034 JUMP JUMPDEST PUSH1 0x40 MLOAD DUP1 DUP3 ISZERO ISZERO ISZERO ISZERO DUP2 MSTORE PUSH1 0x20 ADD SWAP2 POP POP PUSH1 0x40 MLOAD DUP1 SWAP2 SUB SWAP1 RETURN JUMPDEST CALLVALUE ISZERO PUSH2 0x613 JUMPI PUSH1 0x0 DUP1 REVERT JUMPDEST PUSH2 0x68B PUSH1 0x4 DUP1 DUP1 CALLDATALOAD PUSH20 0xFFFFFFFFFFFFFFFFFFFFFFFFFFFFFFFFFFFFFFFF AND SWAP1 PUSH1 0x20 ADD SWAP1 SWAP2 SWAP1 DUP1 CALLDATALOAD SWAP1 PUSH1 0x20 ADD SWAP1 SWAP2 SWAP1 DUP1 CALLDATALOAD SWAP1 PUSH1 0x20 ADD SWAP1 DUP3 ADD DUP1 CALLDATALOAD SWAP1 PUSH1 0x20 ADD SWAP1 DUP1 DUP1 PUSH1 0x1F ADD PUSH1 0x20 DUP1 SWAP2 DIV MUL PUSH1 0x20 ADD PUSH1 0x40 MLOAD SWAP1 DUP2 ADD PUSH1 0x40 MSTORE DUP1 SWAP4 SWAP3 SWAP2 SWAP1 DUP2 DUP2 MSTORE PUSH1 0x20 ADD DUP4 DUP4 DUP1 DUP3 DUP5 CALLDATACOPY DUP3 ADD SWAP2 POP POP POP POP POP POP SWAP2 SWAP1 POP POP PUSH2 0x1054 JUMP JUMPDEST PUSH1 0x40 MLOAD DUP1 DUP3 ISZERO ISZERO ISZERO ISZERO DUP2 MSTORE PUSH1 0x20 ADD SWAP2 POP POP PUSH1 0x40 MLOAD DUP1 SWAP2 SUB SWAP1 RETURN JUMPDEST CALLVALUE ISZERO PUSH2 0x6B0 JUMPI PUSH1 0x0 DUP1 REVERT JUMPDEST PUSH2 0x6FB PUSH1 0x4 DUP1 DUP1 CALLDATALOAD PUSH20 0xFFFFFFFFFFFFFFFFFFFFFFFFFFFFFFFFFFFFFFFF AND SWAP1 PUSH1 0x20 ADD SWAP1 SWAP2 SWAP1 DUP1 CALLDATALOAD PUSH20 0xFFFFFFFFFFFFFFFFFFFFFFFFFFFFFFFFFFFFFFFF AND SWAP1 PUSH1 0x20 ADD SWAP1 SWAP2 SWAP1 POP POP PUSH2 0x11D2 JUMP JUMPDEST PUSH1 0x40 MLOAD DUP1 DUP3 DUP2 MSTORE PUSH1 0x20 ADD SWAP2 POP POP PUSH1 0x40 MLOAD DUP1 SWAP2 SUB SWAP1 RETURN JUMPDEST CALLVALUE ISZERO PUSH2 0x71C JUMPI PUSH1 0x0 DUP1 REVERT JUMPDEST PUSH2 0x732 PUSH1 0x4 DUP1 DUP1 CALLDATALOAD SWAP1 PUSH1 0x20 ADD SWAP1 SWAP2 SWAP1 POP POP PUSH2 0x11F7 JUMP JUMPDEST STOP JUMPDEST CALLVALUE ISZERO PUSH2 0x73F JUMPI PUSH1 0x0 DUP1 REVERT JUMPDEST PUSH2 0x776 PUSH1 0x4 DUP1 DUP1 CALLDATALOAD PUSH20 0xFFFFFFFFFFFFFFFFFFFFFFFFFFFFFFFFFFFFFFFF AND SWAP1 PUSH1 0x20 ADD SWAP1 SWAP2 SWAP1 DUP1 CALLDATALOAD ISZERO ISZERO SWAP1 PUSH1 0x20 ADD SWAP1 SWAP2 SWAP1 POP POP PUSH2 0x1273 JUMP JUMPDEST STOP JUMPDEST CALLVALUE ISZERO PUSH2 0x783 JUMPI PUSH1 0x0 DUP1 REVERT JUMPDEST PUSH2 0x7AF PUSH1 0x4 DUP1 DUP1 CALLDATALOAD PUSH20 0xFFFFFFFFFFFFFFFFFFFFFFFFFFFFFFFFFFFFFFFF AND SWAP1 PUSH1 0x20 ADD SWAP1 SWAP2 SWAP1 POP POP PUSH2 0x1398 JUMP JUMPDEST STOP JUMPDEST PUSH1 0x0 DUP1 SWAP1 SLOAD SWAP1 PUSH2 0x100 EXP SWAP1 DIV PUSH20 0xFFFFFFFFFFFFFFFFFFFFFFFFFFFFFFFFFFFFFFFF AND PUSH20 0xFFFFFFFFFFFFFFFFFFFFFFFFFFFFFFFFFFFFFFFF AND CALLER PUSH20 0xFFFFFFFFFFFFFFFFFFFFFFFFFFFFFFFFFFFFFFFF AND EQ ISZERO ISZERO PUSH2 0x80C JUMPI PUSH1 0x0 DUP1 REVERT JUMPDEST DUP2 PUSH1 0x7 DUP2 SWAP1 SSTORE POP DUP1 PUSH1 0x8 DUP2 SWAP1 SSTORE POP POP POP JUMP JUMPDEST PUSH1 0x1 DUP1 SLOAD PUSH1 0x1 DUP2 PUSH1 0x1 AND ISZERO PUSH2 0x100 MUL SUB AND PUSH1 0x2 SWAP1 DIV DUP1 PUSH1 0x1F ADD PUSH1 0x20 DUP1 SWAP2 DIV MUL PUSH1 0x20 ADD PUSH1 0x40 MLOAD SWAP1 DUP2 ADD PUSH1 0x40 MSTORE DUP1 SWAP3 SWAP2 SWAP1 DUP2 DUP2 MSTORE PUSH1 0x20 ADD DUP3 DUP1 SLOAD PUSH1 0x1 DUP2 PUSH1 0x1 AND ISZERO PUSH2 0x100 MUL SUB AND PUSH1 0x2 SWAP1 DIV DUP1 ISZERO PUSH2 0x8B4 JUMPI DUP1 PUSH1 0x1F LT PUSH2 0x889 JUMPI PUSH2 0x100 DUP1 DUP4 SLOAD DIV MUL DUP4 MSTORE SWAP2 PUSH1 0x20 ADD SWAP2 PUSH2 0x8B4 JUMP JUMPDEST DUP3 ADD SWAP2 SWAP1 PUSH1 0x0 MSTORE PUSH1 0x20 PUSH1 0x0 KECCAK256 SWAP1 JUMPDEST DUP2 SLOAD DUP2 MSTORE SWAP1 PUSH1 0x1 ADD SWAP1 PUSH1 0x20 ADD DUP1 DUP4 GT PUSH2 0x897 JUMPI DUP3 SWAP1 SUB PUSH1 0x1F AND DUP3 ADD SWAP2 JUMPDEST POP POP POP POP POP DUP2 JUMP JUMPDEST PUSH1 0x0 DUP2 PUSH1 0x6 PUSH1 0x0 CALLER PUSH20 0xFFFFFFFFFFFFFFFFFFFFFFFFFFFFFFFFFFFFFFFF AND PUSH20 0xFFFFFFFFFFFFFFFFFFFFFFFFFFFFFFFFFFFFFFFF AND DUP2 MSTORE PUSH1 0x20 ADD SWAP1 DUP2 MSTORE PUSH1 0x20 ADD PUSH1 0x0 KECCAK256 PUSH1 0x0 DUP6 PUSH20 0xFFFFFFFFFFFFFFFFFFFFFFFFFFFFFFFFFFFFFFFF AND PUSH20 0xFFFFFFFFFFFFFFFFFFFFFFFFFFFFFFFFFFFFFFFF AND DUP2 MSTORE PUSH1 0x20 ADD SWAP1 DUP2 MSTORE PUSH1 0x20 ADD PUSH1 0x0 KECCAK256 DUP2 SWAP1 SSTORE POP PUSH1 0x1 SWAP1 POP SWAP3 SWAP2 POP POP JUMP JUMPDEST PUSH1 0x4 SLOAD DUP2 JUMP JUMPDEST PUSH1 0x0 PUSH1 0x6 PUSH1 0x0 DUP6 PUSH20 0xFFFFFFFFFFFFFFFFFFFFFFFFFFFFFFFFFFFFFFFF AND PUSH20 0xFFFFFFFFFFFFFFFFFFFFFFFFFFFFFFFFFFFFFFFF AND DUP2 MSTORE PUSH1 0x20 ADD SWAP1 DUP2 MSTORE PUSH1 0x20 ADD PUSH1 0x0 KECCAK256 PUSH1 0x0 CALLER PUSH20 0xFFFFFFFFFFFFFFFFFFFFFFFFFFFFFFFFFFFFFFFF AND PUSH20 0xFFFFFFFFFFFFFFFFFFFFFFFFFFFFFFFFFFFFFFFF AND DUP2 MSTORE PUSH1 0x20 ADD SWAP1 DUP2 MSTORE PUSH1 0x20 ADD PUSH1 0x0 KECCAK256 SLOAD DUP3 GT ISZERO ISZERO ISZERO PUSH2 0x9DC JUMPI PUSH1 0x0 DUP1 REVERT JUMPDEST DUP2 PUSH1 0x6 PUSH1 0x0 DUP7 PUSH20 0xFFFFFFFFFFFFFFFFFFFFFFFFFFFFFFFFFFFFFFFF AND PUSH20 0xFFFFFFFFFFFFFFFFFFFFFFFFFFFFFFFFFFFFFFFF AND DUP2 MSTORE PUSH1 0x20 ADD SWAP1 DUP2 MSTORE PUSH1 0x20 ADD PUSH1 0x0 KECCAK256 PUSH1 0x0 CALLER PUSH20 0xFFFFFFFFFFFFFFFFFFFFFFFFFFFFFFFFFFFFFFFF AND PUSH20 0xFFFFFFFFFFFFFFFFFFFFFFFFFFFFFFFFFFFFFFFF AND DUP2 MSTORE PUSH1 0x20 ADD SWAP1 DUP2 MSTORE PUSH1 0x20 ADD PUSH1 0x0 KECCAK256 PUSH1 0x0 DUP3 DUP3 SLOAD SUB SWAP3 POP POP DUP2 SWAP1 SSTORE POP PUSH2 0xA71 DUP5 DUP5 DUP5 PUSH2 0x1436 JUMP JUMPDEST PUSH1 0x1 SWAP1 POP SWAP4 SWAP3 POP POP POP JUMP JUMPDEST PUSH1 0x3 PUSH1 0x0 SWAP1 SLOAD SWAP1 PUSH2 0x100 EXP SWAP1 DIV PUSH1 0xFF AND DUP2 JUMP JUMPDEST PUSH1 0x0 DUP2 PUSH1 0x5 PUSH1 0x0 CALLER PUSH20 0xFFFFFFFFFFFFFFFFFFFFFFFFFFFFFFFFFFFFFFFF AND PUSH20 0xFFFFFFFFFFFFFFFFFFFFFFFFFFFFFFFFFFFFFFFF AND DUP2 MSTORE PUSH1 0x20 ADD SWAP1 DUP2 MSTORE PUSH1 0x20 ADD PUSH1 0x0 KECCAK256 SLOAD LT ISZERO ISZERO ISZERO PUSH2 0xADF JUMPI PUSH1 0x0 DUP1 REVERT JUMPDEST DUP2 PUSH1 0x5 PUSH1 0x0 CALLER PUSH20 0xFFFFFFFFFFFFFFFFFFFFFFFFFFFFFFFFFFFFFFFF AND PUSH20 0xFFFFFFFFFFFFFFFFFFFFFFFFFFFFFFFFFFFFFFFF AND DUP2 MSTORE PUSH1 0x20 ADD SWAP1 DUP2 MSTORE PUSH1 0x20 ADD PUSH1 0x0 KECCAK256 PUSH1 0x0 DUP3 DUP3 SLOAD SUB SWAP3 POP POP DUP2 SWAP1 SSTORE POP DUP2 PUSH1 0x4 PUSH1 0x0 DUP3 DUP3 SLOAD SUB SWAP3 POP POP DUP2 SWAP1 SSTORE POP CALLER PUSH20 0xFFFFFFFFFFFFFFFFFFFFFFFFFFFFFFFFFFFFFFFF AND PUSH32 0xCC16F5DBB4873280815C1EE09DBD06736CFFCC184412CF7A71A0FDB75D397CA5 DUP4 PUSH1 0x40 MLOAD DUP1 DUP3 DUP2 MSTORE PUSH1 0x20 ADD SWAP2 POP POP PUSH1 0x40 MLOAD DUP1 SWAP2 SUB SWAP1 LOG2 PUSH1 0x1 SWAP1 POP SWAP2 SWAP1 POP JUMP JUMPDEST PUSH1 0x7 SLOAD DUP2 JUMP JUMPDEST PUSH1 0x5 PUSH1 0x20 MSTORE DUP1 PUSH1 0x0 MSTORE PUSH1 0x40 PUSH1 0x0 KECCAK256 PUSH1 0x0 SWAP2 POP SWAP1 POP SLOAD DUP2 JUMP JUMPDEST PUSH1 0x0 DUP1 SWAP1 SLOAD SWAP1 PUSH2 0x100 EXP SWAP1 DIV PUSH20 0xFFFFFFFFFFFFFFFFFFFFFFFFFFFFFFFFFFFFFFFF AND PUSH20 0xFFFFFFFFFFFFFFFFFFFFFFFFFFFFFFFFFFFFFFFF AND CALLER PUSH20 0xFFFFFFFFFFFFFFFFFFFFFFFFFFFFFFFFFFFFFFFF AND EQ ISZERO ISZERO PUSH2 0xC0C JUMPI PUSH1 0x0 DUP1 REVERT JUMPDEST DUP1 PUSH1 0x5 PUSH1 0x0 DUP5 PUSH20 0xFFFFFFFFFFFFFFFFFFFFFFFFFFFFFFFFFFFFFFFF AND PUSH20 0xFFFFFFFFFFFFFFFFFFFFFFFFFFFFFFFFFFFFFFFF AND DUP2 MSTORE PUSH1 0x20 ADD SWAP1 DUP2 MSTORE PUSH1 0x20 ADD PUSH1 0x0 KECCAK256 PUSH1 0x0 DUP3 DUP3 SLOAD ADD SWAP3 POP POP DUP2 SWAP1 SSTORE POP DUP1 PUSH1 0x4 PUSH1 0x0 DUP3 DUP3 SLOAD ADD SWAP3 POP POP DUP2 SWAP1 SSTORE POP ADDRESS PUSH20 0xFFFFFFFFFFFFFFFFFFFFFFFFFFFFFFFFFFFFFFFF AND PUSH1 0x0 PUSH32 0xDDF252AD1BE2C89B69C2B068FC378DAA952BA7F163C4A11628F55A4DF523B3EF DUP4 PUSH1 0x40 MLOAD DUP1 DUP3 DUP2 MSTORE PUSH1 0x20 ADD SWAP2 POP POP PUSH1 0x40 MLOAD DUP1 SWAP2 SUB SWAP1 LOG3 DUP2 PUSH20 0xFFFFFFFFFFFFFFFFFFFFFFFFFFFFFFFFFFFFFFFF AND ADDRESS PUSH20 0xFFFFFFFFFFFFFFFFFFFFFFFFFFFFFFFFFFFFFFFF AND PUSH32 0xDDF252AD1BE2C89B69C2B068FC378DAA952BA7F163C4A11628F55A4DF523B3EF DUP4 PUSH1 0x40 MLOAD DUP1 DUP3 DUP2 MSTORE PUSH1 0x20 ADD SWAP2 POP POP PUSH1 0x40 MLOAD DUP1 SWAP2 SUB SWAP1 LOG3 POP POP JUMP JUMPDEST PUSH1 0x0 DUP2 PUSH1 0x5 PUSH1 0x0 DUP6 PUSH20 0xFFFFFFFFFFFFFFFFFFFFFFFFFFFFFFFFFFFFFFFF AND PUSH20 0xFFFFFFFFFFFFFFFFFFFFFFFFFFFFFFFFFFFFFFFF AND DUP2 MSTORE PUSH1 0x20 ADD SWAP1 DUP2 MSTORE PUSH1 0x20 ADD PUSH1 0x0 KECCAK256 SLOAD LT ISZERO ISZERO ISZERO PUSH2 0xD72 JUMPI PUSH1 0x0 DUP1 REVERT JUMPDEST PUSH1 0x6 PUSH1 0x0 DUP5 PUSH20 0xFFFFFFFFFFFFFFFFFFFFFFFFFFFFFFFFFFFFFFFF AND PUSH20 0xFFFFFFFFFFFFFFFFFFFFFFFFFFFFFFFFFFFFFFFF AND DUP2 MSTORE PUSH1 0x20 ADD SWAP1 DUP2 MSTORE PUSH1 0x20 ADD PUSH1 0x0 KECCAK256 PUSH1 0x0 CALLER PUSH20 0xFFFFFFFFFFFFFFFFFFFFFFFFFFFFFFFFFFFFFFFF AND PUSH20 0xFFFFFFFFFFFFFFFFFFFFFFFFFFFFFFFFFFFFFFFF AND DUP2 MSTORE PUSH1 0x20 ADD SWAP1 DUP2 MSTORE PUSH1 0x20 ADD PUSH1 0x0 KECCAK256 SLOAD DUP3 GT ISZERO ISZERO ISZERO PUSH2 0xDFD JUMPI PUSH1 0x0 DUP1 REVERT JUMPDEST DUP2 PUSH1 0x5 PUSH1 0x0 DUP6 PUSH20 0xFFFFFFFFFFFFFFFFFFFFFFFFFFFFFFFFFFFFFFFF AND PUSH20 0xFFFFFFFFFFFFFFFFFFFFFFFFFFFFFFFFFFFFFFFF AND DUP2 MSTORE PUSH1 0x20 ADD SWAP1 DUP2 MSTORE PUSH1 0x20 ADD PUSH1 0x0 KECCAK256 PUSH1 0x0 DUP3 DUP3 SLOAD SUB SWAP3 POP POP DUP2 SWAP1 SSTORE POP DUP2 PUSH1 0x6 PUSH1 0x0 DUP6 PUSH20 0xFFFFFFFFFFFFFFFFFFFFFFFFFFFFFFFFFFFFFFFF AND PUSH20 0xFFFFFFFFFFFFFFFFFFFFFFFFFFFFFFFFFFFFFFFF AND DUP2 MSTORE PUSH1 0x20 ADD SWAP1 DUP2 MSTORE PUSH1 0x20 ADD PUSH1 0x0 KECCAK256 PUSH1 0x0 CALLER PUSH20 0xFFFFFFFFFFFFFFFFFFFFFFFFFFFFFFFFFFFFFFFF AND PUSH20 0xFFFFFFFFFFFFFFFFFFFFFFFFFFFFFFFFFFFFFFFF AND DUP2 MSTORE PUSH1 0x20 ADD SWAP1 DUP2 MSTORE PUSH1 0x20 ADD PUSH1 0x0 KECCAK256 PUSH1 0x0 DUP3 DUP3 SLOAD SUB SWAP3 POP POP DUP2 SWAP1 SSTORE POP DUP2 PUSH1 0x4 PUSH1 0x0 DUP3 DUP3 SLOAD SUB SWAP3 POP POP DUP2 SWAP1 SSTORE POP DUP3 PUSH20 0xFFFFFFFFFFFFFFFFFFFFFFFFFFFFFFFFFFFFFFFF AND PUSH32 0xCC16F5DBB4873280815C1EE09DBD06736CFFCC184412CF7A71A0FDB75D397CA5 DUP4 PUSH1 0x40 MLOAD DUP1 DUP3 DUP2 MSTORE PUSH1 0x20 ADD SWAP2 POP POP PUSH1 0x40 MLOAD DUP1 SWAP2 SUB SWAP1 LOG2 PUSH1 0x1 SWAP1 POP SWAP3 SWAP2 POP POP JUMP JUMPDEST PUSH1 0x8 SLOAD DUP2 JUMP JUMPDEST PUSH1 0x0 DUP1 SWAP1 SLOAD SWAP1 PUSH2 0x100 EXP SWAP1 DIV PUSH20 0xFFFFFFFFFFFFFFFFFFFFFFFFFFFFFFFFFFFFFFFF AND DUP2 JUMP JUMPDEST PUSH1 0x2 DUP1 SLOAD PUSH1 0x1 DUP2 PUSH1 0x1 AND ISZERO PUSH2 0x100 MUL SUB AND PUSH1 0x2 SWAP1 DIV DUP1 PUSH1 0x1F ADD PUSH1 0x20 DUP1 SWAP2 DIV MUL PUSH1 0x20 ADD PUSH1 0x40 MLOAD SWAP1 DUP2 ADD PUSH1 0x40 MSTORE DUP1 SWAP3 SWAP2 SWAP1 DUP2 DUP2 MSTORE PUSH1 0x20 ADD DUP3 DUP1 SLOAD PUSH1 0x1 DUP2 PUSH1 0x1 AND ISZERO PUSH2 0x100 MUL SUB AND PUSH1 0x2 SWAP1 DIV DUP1 ISZERO PUSH2 0xFFD JUMPI DUP1 PUSH1 0x1F LT PUSH2 0xFD2 JUMPI PUSH2 0x100 DUP1 DUP4 SLOAD DIV MUL DUP4 MSTORE SWAP2 PUSH1 0x20 ADD SWAP2 PUSH2 0xFFD JUMP JUMPDEST DUP3 ADD SWAP2 SWAP1 PUSH1 0x0 MSTORE PUSH1 0x20 PUSH1 0x0 KECCAK256 SWAP1 JUMPDEST DUP2 SLOAD DUP2 MSTORE SWAP1 PUSH1 0x1 ADD SWAP1 PUSH1 0x20 ADD DUP1 DUP4 GT PUSH2 0xFE0 JUMPI DUP3 SWAP1 SUB PUSH1 0x1F AND DUP3 ADD SWAP2 JUMPDEST POP POP POP POP POP DUP2 JUMP JUMPDEST PUSH1 0x0 PUSH1 0x8 SLOAD CALLVALUE DUP2 ISZERO ISZERO PUSH2 0x1014 JUMPI INVALID JUMPDEST DIV SWAP1 POP PUSH2 0x1022 ADDRESS CALLER DUP4 PUSH2 0x1436 JUMP JUMPDEST POP JUMP JUMPDEST PUSH2 0x1030 CALLER DUP4 DUP4 PUSH2 0x1436 JUMP JUMPDEST POP POP JUMP JUMPDEST PUSH1 0x9 PUSH1 0x20 MSTORE DUP1 PUSH1 0x0 MSTORE PUSH1 0x40 PUSH1 0x0 KECCAK256 PUSH1 0x0 SWAP2 POP SLOAD SWAP1 PUSH2 0x100 EXP SWAP1 DIV PUSH1 0xFF AND DUP2 JUMP JUMPDEST PUSH1 0x0 DUP1 DUP5 SWAP1 POP PUSH2 0x1064 DUP6 DUP6 PUSH2 0x8BC JUMP JUMPDEST ISZERO PUSH2 0x11C9 JUMPI DUP1 PUSH20 0xFFFFFFFFFFFFFFFFFFFFFFFFFFFFFFFFFFFFFFFF AND PUSH4 0x8F4FFCB1 CALLER DUP7 ADDRESS DUP8 PUSH1 0x40 MLOAD DUP6 PUSH4 0xFFFFFFFF AND PUSH29 0x100000000000000000000000000000000000000000000000000000000 MUL DUP2 MSTORE PUSH1 0x4 ADD DUP1 DUP6 PUSH20 0xFFFFFFFFFFFFFFFFFFFFFFFFFFFFFFFFFFFFFFFF AND PUSH20 0xFFFFFFFFFFFFFFFFFFFFFFFFFFFFFFFFFFFFFFFF AND DUP2 MSTORE PUSH1 0x20 ADD DUP5 DUP2 MSTORE PUSH1 0x20 ADD DUP4 PUSH20 0xFFFFFFFFFFFFFFFFFFFFFFFFFFFFFFFFFFFFFFFF AND PUSH20 0xFFFFFFFFFFFFFFFFFFFFFFFFFFFFFFFFFFFFFFFF AND DUP2 MSTORE PUSH1 0x20 ADD DUP1 PUSH1 0x20 ADD DUP3 DUP2 SUB DUP3 MSTORE DUP4 DUP2 DUP2 MLOAD DUP2 MSTORE PUSH1 0x20 ADD SWAP2 POP DUP1 MLOAD SWAP1 PUSH1 0x20 ADD SWAP1 DUP1 DUP4 DUP4 PUSH1 0x0 JUMPDEST DUP4 DUP2 LT ISZERO PUSH2 0x115E JUMPI DUP1 DUP3 ADD MLOAD DUP2 DUP5 ADD MSTORE PUSH1 0x20 DUP2 ADD SWAP1 POP PUSH2 0x1143 JUMP JUMPDEST POP POP POP POP SWAP1 POP SWAP1 DUP2 ADD SWAP1 PUSH1 0x1F AND DUP1 ISZERO PUSH2 0x118B JUMPI DUP1 DUP3 SUB DUP1 MLOAD PUSH1 0x1 DUP4 PUSH1 0x20 SUB PUSH2 0x100 EXP SUB NOT AND DUP2 MSTORE PUSH1 0x20 ADD SWAP2 POP JUMPDEST POP SWAP6 POP POP POP POP POP POP PUSH1 0x0 PUSH1 0x40 MLOAD DUP1 DUP4 SUB DUP2 PUSH1 0x0 DUP8 DUP1 EXTCODESIZE ISZERO ISZERO PUSH2 0x11AC JUMPI PUSH1 0x0 DUP1 REVERT JUMPDEST PUSH2 0x2C6 GAS SUB CALL ISZERO ISZERO PUSH2 0x11BD JUMPI PUSH1 0x0 DUP1 REVERT JUMPDEST POP POP POP PUSH1 0x1 SWAP2 POP PUSH2 0x11CA JUMP JUMPDEST JUMPDEST POP SWAP4 SWAP3 POP POP POP JUMP JUMPDEST PUSH1 0x6 PUSH1 0x20 MSTORE DUP2 PUSH1 0x0 MSTORE PUSH1 0x40 PUSH1 0x0 KECCAK256 PUSH1 0x20 MSTORE DUP1 PUSH1 0x0 MSTORE PUSH1 0x40 PUSH1 0x0 KECCAK256 PUSH1 0x0 SWAP2 POP SWAP2 POP POP SLOAD DUP2 JUMP JUMPDEST PUSH1 0x7 SLOAD DUP2 MUL ADDRESS PUSH20 0xFFFFFFFFFFFFFFFFFFFFFFFFFFFFFFFFFFFFFFFF AND BALANCE LT ISZERO ISZERO ISZERO PUSH2 0x1221 JUMPI PUSH1 0x0 DUP1 REVERT JUMPDEST PUSH2 0x122C CALLER ADDRESS DUP4 PUSH2 0x1436 JUMP JUMPDEST CALLER PUSH20 0xFFFFFFFFFFFFFFFFFFFFFFFFFFFFFFFFFFFFFFFF AND PUSH2 0x8FC PUSH1 0x7 SLOAD DUP4 MUL SWAP1 DUP2 ISZERO MUL SWAP1 PUSH1 0x40 MLOAD PUSH1 0x0 PUSH1 0x40 MLOAD DUP1 DUP4 SUB DUP2 DUP6 DUP9 DUP9 CALL SWAP4 POP POP POP POP ISZERO ISZERO PUSH2 0x1270 JUMPI PUSH1 0x0 DUP1 REVERT JUMPDEST POP JUMP JUMPDEST PUSH1 0x0 DUP1 SWAP1 SLOAD SWAP1 PUSH2 0x100 EXP SWAP1 DIV PUSH20 0xFFFFFFFFFFFFFFFFFFFFFFFFFFFFFFFFFFFFFFFF AND PUSH20 0xFFFFFFFFFFFFFFFFFFFFFFFFFFFFFFFFFFFFFFFF AND CALLER PUSH20 0xFFFFFFFFFFFFFFFFFFFFFFFFFFFFFFFFFFFFFFFF AND EQ ISZERO ISZERO PUSH2 0x12CE JUMPI PUSH1 0x0 DUP1 REVERT JUMPDEST DUP1 PUSH1 0x9 PUSH1 0x0 DUP5 PUSH20 0xFFFFFFFFFFFFFFFFFFFFFFFFFFFFFFFFFFFFFFFF AND PUSH20 0xFFFFFFFFFFFFFFFFFFFFFFFFFFFFFFFFFFFFFFFF AND DUP2 MSTORE PUSH1 0x20 ADD SWAP1 DUP2 MSTORE PUSH1 0x20 ADD PUSH1 0x0 KECCAK256 PUSH1 0x0 PUSH2 0x100 EXP DUP2 SLOAD DUP2 PUSH1 0xFF MUL NOT AND SWAP1 DUP4 ISZERO ISZERO MUL OR SWAP1 SSTORE POP PUSH32 0x48335238B4855F35377ED80F164E8C6F3C366E54AC00B96A6402D4A9814A03A5 DUP3 DUP3 PUSH1 0x40 MLOAD DUP1 DUP4 PUSH20 0xFFFFFFFFFFFFFFFFFFFFFFFFFFFFFFFFFFFFFFFF AND PUSH20 0xFFFFFFFFFFFFFFFFFFFFFFFFFFFFFFFFFFFFFFFF AND DUP2 MSTORE PUSH1 0x20 ADD DUP3 ISZERO ISZERO ISZERO ISZERO DUP2 MSTORE PUSH1 0x20 ADD SWAP3 POP POP POP PUSH1 0x40 MLOAD DUP1 SWAP2 SUB SWAP1 LOG1 POP POP JUMP JUMPDEST PUSH1 0x0 DUP1 SWAP1 SLOAD SWAP1 PUSH2 0x100 EXP SWAP1 DIV PUSH20 0xFFFFFFFFFFFFFFFFFFFFFFFFFFFFFFFFFFFFFFFF AND PUSH20 0xFFFFFFFFFFFFFFFFFFFFFFFFFFFFFFFFFFFFFFFF AND CALLER PUSH20 0xFFFFFFFFFFFFFFFFFFFFFFFFFFFFFFFFFFFFFFFF AND EQ ISZERO ISZERO PUSH2 0x13F3 JUMPI PUSH1 0x0 DUP1 REVERT JUMPDEST DUP1 PUSH1 0x0 DUP1 PUSH2 0x100 EXP DUP2 SLOAD DUP2 PUSH20 0xFFFFFFFFFFFFFFFFFFFFFFFFFFFFFFFFFFFFFFFF MUL NOT AND SWAP1 DUP4 PUSH20 0xFFFFFFFFFFFFFFFFFFFFFFFFFFFFFFFFFFFFFFFF AND MUL OR SWAP1 SSTORE POP POP JUMP JUMPDEST PUSH1 0x0 DUP3 PUSH20 0xFFFFFFFFFFFFFFFFFFFFFFFFFFFFFFFFFFFFFFFF AND EQ ISZERO ISZERO ISZERO PUSH2 0x145C JUMPI PUSH1 0x0 DUP1 REVERT JUMPDEST DUP1 PUSH1 0x5 PUSH1 0x0 DUP6 PUSH20 0xFFFFFFFFFFFFFFFFFFFFFFFFFFFFFFFFFFFFFFFF AND PUSH20 0xFFFFFFFFFFFFFFFFFFFFFFFFFFFFFFFFFFFFFFFF AND DUP2 MSTORE PUSH1 0x20 ADD SWAP1 DUP2 MSTORE PUSH1 0x20 ADD PUSH1 0x0 KECCAK256 SLOAD GT ISZERO ISZERO PUSH2 0x14A9 JUMPI PUSH1 0x0 DUP1 REVERT JUMPDEST PUSH1 0x5 PUSH1 0x0 DUP4 PUSH20 0xFFFFFFFFFFFFFFFFFFFFFFFFFFFFFFFFFFFFFFFF AND PUSH20 0xFFFFFFFFFFFFFFFFFFFFFFFFFFFFFFFFFFFFFFFF AND DUP2 MSTORE PUSH1 0x20 ADD SWAP1 DUP2 MSTORE PUSH1 0x20 ADD PUSH1 0x0 KECCAK256 SLOAD DUP2 PUSH1 0x5 PUSH1 0x0 DUP6 PUSH20 0xFFFFFFFFFFFFFFFFFFFFFFFFFFFFFFFFFFFFFFFF AND PUSH20 0xFFFFFFFFFFFFFFFFFFFFFFFFFFFFFFFFFFFFFFFF AND DUP2 MSTORE PUSH1 0x20 ADD SWAP1 DUP2 MSTORE PUSH1 0x20 ADD PUSH1 0x0 KECCAK256 SLOAD ADD GT ISZERO ISZERO PUSH2 0x1537 JUMPI PUSH1 0x0 DUP1 REVERT JUMPDEST PUSH1 0x9 PUSH1 0x0 DUP5 PUSH20 0xFFFFFFFFFFFFFFFFFFFFFFFFFFFFFFFFFFFFFFFF AND PUSH20 0xFFFFFFFFFFFFFFFFFFFFFFFFFFFFFFFFFFFFFFFF AND DUP2 MSTORE PUSH1 0x20 ADD SWAP1 DUP2 MSTORE PUSH1 0x20 ADD PUSH1 0x0 KECCAK256 PUSH1 0x0 SWAP1 SLOAD SWAP1 PUSH2 0x100 EXP SWAP1 DIV PUSH1 0xFF AND ISZERO ISZERO ISZERO PUSH2 0x1590 JUMPI PUSH1 0x0 DUP1 REVERT JUMPDEST PUSH1 0x9 PUSH1 0x0 DUP4 PUSH20 0xFFFFFFFFFFFFFFFFFFFFFFFFFFFFFFFFFFFFFFFF AND PUSH20 0xFFFFFFFFFFFFFFFFFFFFFFFFFFFFFFFFFFFFFFFF AND DUP2 MSTORE PUSH1 0x20 ADD SWAP1 DUP2 MSTORE PUSH1 0x20 ADD PUSH1 0x0 KECCAK256 PUSH1 0x0 SWAP1 SLOAD SWAP1 PUSH2 0x100 EXP SWAP1 DIV PUSH1 0xFF AND ISZERO ISZERO ISZERO PUSH2 0x15E9 JUMPI PUSH1 0x0 DUP1 REVERT JUMPDEST DUP1 PUSH1 0x5 PUSH1 0x0 DUP6 PUSH20 0xFFFFFFFFFFFFFFFFFFFFFFFFFFFFFFFFFFFFFFFF AND PUSH20 0xFFFFFFFFFFFFFFFFFFFFFFFFFFFFFFFFFFFFFFFF AND DUP2 MSTORE PUSH1 0x20 ADD SWAP1 DUP2 MSTORE PUSH1 0x20 ADD PUSH1 0x0 KECCAK256 PUSH1 0x0 DUP3 DUP3 SLOAD SUB SWAP3 POP POP DUP2 SWAP1 SSTORE POP DUP1 PUSH1 0x5 PUSH1 0x0 DUP5 PUSH20 0xFFFFFFFFFFFFFFFFFFFFFFFFFFFFFFFFFFFFFFFF AND PUSH20 0xFFFFFFFFFFFFFFFFFFFFFFFFFFFFFFFFFFFFFFFF AND DUP2 MSTORE PUSH1 0x20 ADD SWAP1 DUP2 MSTORE PUSH1 0x20 ADD PUSH1 0x0 KECCAK256 PUSH1 0x0 DUP3 DUP3 SLOAD ADD SWAP3 POP POP DUP2 SWAP1 SSTORE POP DUP2 PUSH20 0xFFFFFFFFFFFFFFFFFFFFFFFFFFFFFFFFFFFFFFFF AND DUP4 PUSH20 0xFFFFFFFFFFFFFFFFFFFFFFFFFFFFFFFFFFFFFFFF AND PUSH32 0xDDF252AD1BE2C89B69C2B068FC378DAA952BA7F163C4A11628F55A4DF523B3EF DUP4 PUSH1 0x40 MLOAD DUP1 DUP3 DUP2 MSTORE PUSH1 0x20 ADD SWAP2 POP POP PUSH1 0x40 MLOAD DUP1 SWAP2 SUB SWAP1 LOG3 POP POP POP JUMP STOP LOG1 PUSH6 0x627A7A723058 KECCAK256 LT EXP 0x4f PUSH6 0xB3EFC5EB097C 0xb0 REVERT BALANCE 0x4e 0xb8 0xac MSTORE CALLER EQ 0xce 0xb5 STOP PUSH31 0x5392FD5C8F1AC7A67C00290000000000000000000000000000000000000000
1,PUSH1 0x60 PUSH1 0x40 MSTORE PUSH1 0x12 PUSH1 0x2 PUSH1 0x0 PUSH2 0x100 EXP DUP2 SLOAD DUP2 PUSH1 0xFF MUL NOT AND SWAP1 DUP4 PUSH1 0xFF AND MUL OR SWAP1 SSTORE POP CALLVALUE ISZERO PUSH3 0x2C JUMPI PUSH1 0x0 DUP1 REVERT JUMPDEST PUSH1 0x40 MLOAD PUSH3 0x1226 CODESIZE SUB DUP1 PUSH3 0x1226 DUP4 CODECOPY DUP2 ADD PUSH1 0x40 MSTORE DUP1 DUP1 MLOAD SWAP1 PUSH1 0x20 ADD SWAP1 SWAP2 SWAP1 DUP1 MLOAD DUP3 ADD SWAP2 SWAP1 PUSH1 0x20 ADD DUP1 MLOAD DUP3 ADD SWAP2 SWAP1 POP POP PUSH1 0x2 PUSH1 0x0 SWAP1 SLOAD SWAP1 PUSH2 0x100 EXP SWAP1 DIV PUSH1 0xFF AND PUSH1 0xFF AND PUSH1 0xA EXP DUP4 MUL PUSH1 0x3 DUP2 SWAP1 SSTORE POP PUSH1 0x3 SLOAD PUSH1 0x4 PUSH1 0x0 CALLER PUSH20 0xFFFFFFFFFFFFFFFFFFFFFFFFFFFFFFFFFFFFFFFF AND PUSH20 0xFFFFFFFFFFFFFFFFFFFFFFFFFFFFFFFFFFFFFFFF AND DUP2 MSTORE PUSH1 0x20 ADD SWAP1 DUP2 MSTORE PUSH1 0x20 ADD PUSH1 0x0 KECCAK256 DUP2 SWAP1 SSTORE POP DUP2 PUSH1 0x0 SWAP1 DUP1 MLOAD SWAP1 PUSH1 0x20 ADD SWAP1 PUSH3 0xD8 SWAP3 SWAP2 SWAP1 PUSH3 0xFB JUMP JUMPDEST POP DUP1 PUSH1 0x1 SWAP1 DUP1 MLOAD SWAP1 PUSH1 0x20 ADD SWAP1 PUSH3 0xF1 SWAP3 SWAP2 SWAP1 PUSH3 0xFB JUMP JUMPDEST POP POP POP POP PUSH3 0x1AA JUMP JUMPDEST DUP3 DUP1 SLOAD PUSH1 0x1 DUP2 PUSH1 0x1 AND ISZERO PUSH2 0x100 MUL SUB AND PUSH1 0x2 SWAP1 DIV SWAP1 PUSH1 0x0 MSTORE PUSH1 0x20 PUSH1 0x0 KECCAK256 SWAP1 PUSH1 0x1F ADD PUSH1 0x20 SWAP1 DIV DUP2 ADD SWAP3 DUP3 PUSH1 0x1F LT PUSH3 0x13E JUMPI DUP1 MLOAD PUSH1 0xFF NOT AND DUP4 DUP1 ADD OR DUP6 SSTORE PUSH3 0x16F JUMP JUMPDEST DUP3 DUP1 ADD PUSH1 0x1 ADD DUP6 SSTORE DUP3 ISZERO PUSH3 0x16F JUMPI SWAP2 DUP3 ADD JUMPDEST DUP3 DUP2 GT ISZERO PUSH3 0x16E JUMPI DUP3 MLOAD DUP3 SSTORE SWAP2 PUSH1 0x20 ADD SWAP2 SWAP1 PUSH1 0x1 ADD SWAP1 PUSH3 0x151 JUMP JUMPDEST JUMPDEST POP SWAP1 POP PUSH3 0x17E SWAP2 SWAP1 PUSH3 0x182 JUMP JUMPDEST POP SWAP1 JUMP JUMPDEST PUSH3 0x1A7 SWAP2 SWAP1 JUMPDEST DUP1 DUP3 GT ISZERO PUSH3 0x1A3 JUMPI PUSH1 0x0 DUP2 PUSH1 0x0 SWAP1 SSTORE POP PUSH1 0x1 ADD PUSH3 0x189 JUMP JUMPDEST POP SWAP1 JUMP JUMPDEST SWAP1 JUMP JUMPDEST PUSH2 0x106C DUP1 PUSH3 0x1BA PUSH1 0x0 CODECOPY PUSH1 0x0 RETURN STOP PUSH1 0x60 PUSH1 0x40 MSTORE PUSH1 0x4 CALLDATASIZE LT PUSH2 0xBA JUMPI PUSH1 0x0 CALLDATALOAD PUSH29 0x100000000000000000000000000000000000000000000000000000000 SWAP1 DIV PUSH4 0xFFFFFFFF AND DUP1 PUSH4 0x6FDDE03 EQ PUSH2 0xBF JUMPI DUP1 PUSH4 0x95EA7B3 EQ PUSH2 0x14D JUMPI DUP1 PUSH4 0x18160DDD EQ PUSH2 0x1A7 JUMPI DUP1 PUSH4 0x23B872DD EQ PUSH2 0x1D0 JUMPI DUP1 PUSH4 0x313CE567 EQ PUSH2 0x249 JUMPI DUP1 PUSH4 0x42966C68 EQ PUSH2 0x278 JUMPI DUP1 PUSH4 0x70A08231 EQ PUSH2 0x2B3 JUMPI DUP1 PUSH4 0x79CC6790 EQ PUSH2 0x300 JUMPI DUP1 PUSH4 0x95D89B41 EQ PUSH2 0x35A JUMPI DUP1 PUSH4 0xA9059CBB EQ PUSH2 0x3E8 JUMPI DUP1 PUSH4 0xCAE9CA51 EQ PUSH2 0x42A JUMPI DUP1 PUSH4 0xDD62ED3E EQ PUSH2 0x4C7 JUMPI JUMPDEST PUSH1 0x0 DUP1 REVERT JUMPDEST CALLVALUE ISZERO PUSH2 0xCA JUMPI PUSH1 0x0 DUP1 REVERT JUMPDEST PUSH2 0xD2 PUSH2 0x533 JUMP JUMPDEST PUSH1 0x40 MLOAD DUP1 DUP1 PUSH1 0x20 ADD DUP3 DUP2 SUB DUP3 MSTORE DUP4 DUP2 DUP2 MLOAD DUP2 MSTORE PUSH1 0x20 ADD SWAP2 POP DUP1 MLOAD SWAP1 PUSH1 0x20 ADD SWAP1 DUP1 DUP4 DUP4 PUSH1 0x0 JUMPDEST DUP4 DUP2 LT ISZERO PUSH2 0x112 JUMPI DUP1 DUP3 ADD MLOAD DUP2 DUP5 ADD MSTORE PUSH1 0x20 DUP2 ADD SWAP1 POP PUSH2 0xF7 JUMP JUMPDEST POP POP POP POP SWAP1 POP SWAP1 DUP2 ADD SWAP1 PUSH1 0x1F AND DUP1 ISZERO PUSH2 0x13F JUMPI DUP1 DUP3 SUB DUP1 MLOAD PUSH1 0x1 DUP4 PUSH1 0x20 SUB PUSH2 0x100 EXP SUB NOT AND DUP2 MSTORE PUSH1 0x20 ADD SWAP2 POP JUMPDEST POP SWAP3 POP POP POP PUSH1 0x40 MLOAD DUP1 SWAP2 SUB SWAP1 RETURN JUMPDEST CALLVALUE ISZERO PUSH2 0x158 JUMPI PUSH1 0x0 DUP1 REVERT JUMPDEST PUSH2 0x18D PUSH1 0x4 DUP1 DUP1 CALLDATALOAD PUSH20 0xFFFFFFFFFFFFFFFFFFFFFFFFFFFFFFFFFFFFFFFF AND SWAP1 PUSH1 0x20 ADD SWAP1 SWAP2 SWAP1 DUP1 CALLDATALOAD SWAP1 PUSH1 0x20 ADD SWAP1 SWAP2 SWAP1 POP POP PUSH2 0x5D1 JUMP JUMPDEST PUSH1 0x40 MLOAD DUP1 DUP3 ISZERO ISZERO ISZERO ISZERO DUP2 MSTORE PUSH1 0x20 ADD SWAP2 POP POP PUSH1 0x40 MLOAD DUP1 SWAP2 SUB SWAP1 RETURN JUMPDEST CALLVALUE ISZERO PUSH2 0x1B2 JUMPI PUSH1 0x0 DUP1 REVERT JUMPDEST PUSH2 0x1BA PUSH2 0x65E JUMP JUMPDEST PUSH1 0x40 MLOAD DUP1 DUP3 DUP2 MSTORE PUSH1 0x20 ADD SWAP2 POP POP PUSH1 0x40 MLOAD DUP1 SWAP2 SUB SWAP1 RETURN JUMPDEST CALLVALUE ISZERO PUSH2 0x1DB JUMPI PUSH1 0x0 DUP1 REVERT JUMPDEST PUSH2 0x22F PUSH1 0x4 DUP1 DUP1 CALLDATALOAD PUSH20 0xFFFFFFFFFFFFFFFFFFFFFFFFFFFFFFFFFFFFFFFF AND SWAP1 PUSH1 0x20 ADD SWAP1 SWAP2 SWAP1 DUP1 CALLDATALOAD PUSH20 0xFFFFFFFFFFFFFFFFFFFFFFFFFFFFFFFFFFFFFFFF AND SWAP1 PUSH1 0x20 ADD SWAP1 SWAP2 SWAP1 DUP1 CALLDATALOAD SWAP1 PUSH1 0x20 ADD SWAP1 SWAP2 SWAP1 POP POP PUSH2 0x664 JUMP JUMPDEST PUSH1 0x40 MLOAD DUP1 DUP3 ISZERO ISZERO ISZERO ISZERO DUP2 MSTORE PUSH1 0x20 ADD SWAP2 POP POP PUSH1 0x40 MLOAD DUP1 SWAP2 SUB SWAP1 RETURN JUMPDEST CALLVALUE ISZERO PUSH2 0x254 JUMPI PUSH1 0x0 DUP1 REVERT JUMPDEST PUSH2 0x25C PUSH2 0x791 JUMP JUMPDEST PUSH1 0x40 MLOAD DUP1 DUP3 PUSH1 0xFF AND PUSH1 0xFF AND DUP2 MSTORE PUSH1 0x20 ADD SWAP2 POP POP PUSH1 0x40 MLOAD DUP1 SWAP2 SUB SWAP1 RETURN JUMPDEST CALLVALUE ISZERO PUSH2 0x283 JUMPI PUSH1 0x0 DUP1 REVERT JUMPDEST PUSH2 0x299 PUSH1 0x4 DUP1 DUP1 CALLDATALOAD SWAP1 PUSH1 0x20 ADD SWAP1 SWAP2 SWAP1 POP POP PUSH2 0x7A4 JUMP JUMPDEST PUSH1 0x40 MLOAD DUP1 DUP3 ISZERO ISZERO ISZERO ISZERO DUP2 MSTORE PUSH1 0x20 ADD SWAP2 POP POP PUSH1 0x40 MLOAD DUP1 SWAP2 SUB SWAP1 RETURN JUMPDEST CALLVALUE ISZERO PUSH2 0x2BE JUMPI PUSH1 0x0 DUP1 REVERT JUMPDEST PUSH2 0x2EA PUSH1 0x4 DUP1 DUP1 CALLDATALOAD PUSH20 0xFFFFFFFFFFFFFFFFFFFFFFFFFFFFFFFFFFFFFFFF AND SWAP1 PUSH1 0x20 ADD SWAP1 SWAP2 SWAP1 POP POP PUSH2 0x8A8 JUMP JUMPDEST PUSH1 0x40 MLOAD DUP1 DUP3 DUP2 MSTORE PUSH1 0x20 ADD SWAP2 POP POP PUSH1 0x40 MLOAD DUP1 SWAP2 SUB SWAP1 RETURN JUMPDEST CALLVALUE ISZERO PUSH2 0x30B JUMPI PUSH1 0x0 DUP1 REVERT JUMPDEST PUSH2 0x340 PUSH1 0x4 DUP1 DUP1 CALLDATALOAD PUSH20 0xFFFFFFFFFFFFFFFFFFFFFFFFFFFFFFFFFFFFFFFF AND SWAP1 PUSH1 0x20 ADD SWAP1 SWAP2 SWAP1 DUP1 CALLDATALOAD SWAP1 PUSH1 0x20 ADD SWAP1 SWAP2 SWAP1 POP POP PUSH2 0x8C0 JUMP JUMPDEST PUSH1 0x40 MLOAD DUP1 DUP3 ISZERO ISZERO ISZERO ISZERO DUP2 MSTORE PUSH1 0x20 ADD SWAP2 POP POP PUSH1 0x40 MLOAD DUP1 SWAP2 SUB SWAP1 RETURN JUMPDEST CALLVALUE ISZERO PUSH2 0x365 JUMPI PUSH1 0x0 DUP1 REVERT JUMPDEST PUSH2 0x36D PUSH2 0xADA JUMP JUMPDEST PUSH1 0x40 MLOAD DUP1 DUP1 PUSH1 0x20 ADD DUP3 DUP2 SUB DUP3 MSTORE DUP4 DUP2 DUP2 MLOAD DUP2 MSTORE PUSH1 0x20 ADD SWAP2 POP DUP1 MLOAD SWAP1 PUSH1 0x20 ADD SWAP1 DUP1 DUP4 DUP4 PUSH1 0x0 JUMPDEST DUP4 DUP2 LT ISZERO PUSH2 0x3AD JUMPI DUP1 DUP3 ADD MLOAD DUP2 DUP5 ADD MSTORE PUSH1 0x20 DUP2 ADD SWAP1 POP PUSH2 0x392 JUMP JUMPDEST POP POP POP POP SWAP1 POP SWAP1 DUP2 ADD SWAP1 PUSH1 0x1F AND DUP1 ISZERO PUSH2 0x3DA JUMPI DUP1 DUP3 SUB DUP1 MLOAD PUSH1 0x1 DUP4 PUSH1 0x20 SUB PUSH2 0x100 EXP SUB NOT AND DUP2 MSTORE PUSH1 0x20 ADD SWAP2 POP JUMPDEST POP SWAP3 POP POP POP PUSH1 0x40 MLOAD DUP1 SWAP2 SUB SWAP1 RETURN JUMPDEST CALLVALUE ISZERO PUSH2 0x3F3 JUMPI PUSH1 0x0 DUP1 REVERT JUMPDEST PUSH2 0x428 PUSH1 0x4 DUP1 DUP1 CALLDATALOAD PUSH20 0xFFFFFFFFFFFFFFFFFFFFFFFFFFFFFFFFFFFFFFFF AND SWAP1 PUSH1 0x20 ADD SWAP1 SWAP2 SWAP1 DUP1 CALLDATALOAD SWAP1 PUSH1 0x20 ADD SWAP1 SWAP2 SWAP1 POP POP PUSH2 0xB78 JUMP JUMPDEST STOP JUMPDEST CALLVALUE ISZERO PUSH2 0x435 JUMPI PUSH1 0x0 DUP1 REVERT JUMPDEST PUSH2 0x4AD PUSH1 0x4 DUP1 DUP1 CALLDATALOAD PUSH20 0xFFFFFFFFFFFFFFFFFFFFFFFFFFFFFFFFFFFFFFFF AND SWAP1 PUSH1 0x20 ADD SWAP1 SWAP2 SWAP1 DUP1 CALLDATALOAD SWAP1 PUSH1 0x20 ADD SWAP1 SWAP2 SWAP1 DUP1 CALLDATALOAD SWAP1 PUSH1 0x20 ADD SWAP1 DUP3 ADD DUP1 CALLDATALOAD SWAP1 PUSH1 0x20 ADD SWAP1 DUP1 DUP1 PUSH1 0x1F ADD PUSH1 0x20 DUP1 SWAP2 DIV MUL PUSH1 0x20 ADD PUSH1 0x40 MLOAD SWAP1 DUP2 ADD PUSH1 0x40 MSTORE DUP1 SWAP4 SWAP3 SWAP2 SWAP1 DUP2 DUP2 MSTORE PUSH1 0x20 ADD DUP4 DUP4 DUP1 DUP3 DUP5 CALLDATACOPY DUP3 ADD SWAP2 POP POP POP POP POP POP SWAP2 SWAP1 POP POP PUSH2 0xB87 JUMP JUMPDEST PUSH1 0x40 MLOAD DUP1 DUP3 ISZERO ISZERO ISZERO ISZERO DUP2 MSTORE PUSH1 0x20 ADD SWAP2 POP POP PUSH1 0x40 MLOAD DUP1 SWAP2 SUB SWAP1 RETURN JUMPDEST CALLVALUE ISZERO PUSH2 0x4D2 JUMPI PUSH1 0x0 DUP1 REVERT JUMPDEST PUSH2 0x51D PUSH1 0x4 DUP1 DUP1 CALLDATALOAD PUSH20 0xFFFFFFFFFFFFFFFFFFFFFFFFFFFFFFFFFFFFFFFF AND SWAP1 PUSH1 0x20 ADD SWAP1 SWAP2 SWAP1 DUP1 CALLDATALOAD PUSH20 0xFFFFFFFFFFFFFFFFFFFFFFFFFFFFFFFFFFFFFFFF AND SWAP1 PUSH1 0x20 ADD SWAP1 SWAP2 SWAP1 POP POP PUSH2 0xD05 JUMP JUMPDEST PUSH1 0x40 MLOAD DUP1 DUP3 DUP2 MSTORE PUSH1 0x20 ADD SWAP2 POP POP PUSH1 0x40 MLOAD DUP1 SWAP2 SUB SWAP1 RETURN JUMPDEST PUSH1 0x0 DUP1 SLOAD PUSH1 0x1 DUP2 PUSH1 0x1 AND ISZERO PUSH2 0x100 MUL SUB AND PUSH1 0x2 SWAP1 DIV DUP1 PUSH1 0x1F ADD PUSH1 0x20 DUP1 SWAP2 DIV MUL PUSH1 0x20 ADD PUSH1 0x40 MLOAD SWAP1 DUP2 ADD PUSH1 0x40 MSTORE DUP1 SWAP3 SWAP2 SWAP1 DUP2 DUP2 MSTORE PUSH1 0x20 ADD DUP3 DUP1 SLOAD PUSH1 0x1 DUP2 PUSH1 0x1 AND ISZERO PUSH2 0x100 MUL SUB AND PUSH1 0x2 SWAP1 DIV DUP1 ISZERO PUSH2 0x5C9 JUMPI DUP1 PUSH1 0x1F LT PUSH2 0x59E JUMPI PUSH2 0x100 DUP1 DUP4 SLOAD DIV MUL DUP4 MSTORE SWAP2 PUSH1 0x20 ADD SWAP2 PUSH2 0x5C9 JUMP JUMPDEST DUP3 ADD SWAP2 SWAP1 PUSH1 0x0 MSTORE PUSH1 0x20 PUSH1 0x0 KECCAK256 SWAP1 JUMPDEST DUP2 SLOAD DUP2 MSTORE SWAP1 PUSH1 0x1 ADD SWAP1 PUSH1 0x20 ADD DUP1 DUP4 GT PUSH2 0x5AC JUMPI DUP3 SWAP1 SUB PUSH1 0x1F AND DUP3 ADD SWAP2 JUMPDEST POP POP POP POP POP DUP2 JUMP JUMPDEST PUSH1 0x0 DUP2 PUSH1 0x5 PUSH1 0x0 CALLER PUSH20 0xFFFFFFFFFFFFFFFFFFFFFFFFFFFFFFFFFFFFFFFF AND PUSH20 0xFFFFFFFFFFFFFFFFFFFFFFFFFFFFFFFFFFFFFFFF AND DUP2 MSTORE PUSH1 0x20 ADD SWAP1 DUP2 MSTORE PUSH1 0x20 ADD PUSH1 0x0 KECCAK256 PUSH1 0x0 DUP6 PUSH20 0xFFFFFFFFFFFFFFFFFFFFFFFFFFFFFFFFFFFFFFFF AND PUSH20 0xFFFFFFFFFFFFFFFFFFFFFFFFFFFFFFFFFFFFFFFF AND DUP2 MSTORE PUSH1 0x20 ADD SWAP1 DUP2 MSTORE PUSH1 0x20 ADD PUSH1 0x0 KECCAK256 DUP2 SWAP1 SSTORE POP PUSH1 0x1 SWAP1 POP SWAP3 SWAP2 POP POP JUMP JUMPDEST PUSH1 0x3 SLOAD DUP2 JUMP JUMPDEST PUSH1 0x0 PUSH1 0x5 PUSH1 0x0 DUP6 PUSH20 0xFFFFFFFFFFFFFFFFFFFFFFFFFFFFFFFFFFFFFFFF AND PUSH20 0xFFFFFFFFFFFFFFFFFFFFFFFFFFFFFFFFFFFFFFFF AND DUP2 MSTORE PUSH1 0x20 ADD SWAP1 DUP2 MSTORE PUSH1 0x20 ADD PUSH1 0x0 KECCAK256 PUSH1 0x0 CALLER PUSH20 0xFFFFFFFFFFFFFFFFFFFFFFFFFFFFFFFFFFFFFFFF AND PUSH20 0xFFFFFFFFFFFFFFFFFFFFFFFFFFFFFFFFFFFFFFFF AND DUP2 MSTORE PUSH1 0x20 ADD SWAP1 DUP2 MSTORE PUSH1 0x20 ADD PUSH1 0x0 KECCAK256 SLOAD DUP3 GT ISZERO ISZERO ISZERO PUSH2 0x6F1 JUMPI PUSH1 0x0 DUP1 REVERT JUMPDEST DUP2 PUSH1 0x5 PUSH1 0x0 DUP7 PUSH20 0xFFFFFFFFFFFFFFFFFFFFFFFFFFFFFFFFFFFFFFFF AND PUSH20 0xFFFFFFFFFFFFFFFFFFFFFFFFFFFFFFFFFFFFFFFF AND DUP2 MSTORE PUSH1 0x20 ADD SWAP1 DUP2 MSTORE PUSH1 0x20 ADD PUSH1 0x0 KECCAK256 PUSH1 0x0 CALLER PUSH20 0xFFFFFFFFFFFFFFFFFFFFFFFFFFFFFFFFFFFFFFFF AND PUSH20 0xFFFFFFFFFFFFFFFFFFFFFFFFFFFFFFFFFFFFFFFF AND DUP2 MSTORE PUSH1 0x20 ADD SWAP1 DUP2 MSTORE PUSH1 0x20 ADD PUSH1 0x0 KECCAK256 PUSH1 0x0 DUP3 DUP3 SLOAD SUB SWAP3 POP POP DUP2 SWAP1 SSTORE POP PUSH2 0x786 DUP5 DUP5 DUP5 PUSH2 0xD2A JUMP JUMPDEST PUSH1 0x1 SWAP1 POP SWAP4 SWAP3 POP POP POP JUMP JUMPDEST PUSH1 0x2 PUSH1 0x0 SWAP1 SLOAD SWAP1 PUSH2 0x100 EXP SWAP1 DIV PUSH1 0xFF AND DUP2 JUMP JUMPDEST PUSH1 0x0 DUP2 PUSH1 0x4 PUSH1 0x0 CALLER PUSH20 0xFFFFFFFFFFFFFFFFFFFFFFFFFFFFFFFFFFFFFFFF AND PUSH20 0xFFFFFFFFFFFFFFFFFFFFFFFFFFFFFFFFFFFFFFFF AND DUP2 MSTORE PUSH1 0x20 ADD SWAP1 DUP2 MSTORE PUSH1 0x20 ADD PUSH1 0x0 KECCAK256 SLOAD LT ISZERO ISZERO ISZERO PUSH2 0x7F4 JUMPI PUSH1 0x0 DUP1 REVERT JUMPDEST DUP2 PUSH1 0x4 PUSH1 0x0 CALLER PUSH20 0xFFFFFFFFFFFFFFFFFFFFFFFFFFFFFFFFFFFFFFFF AND PUSH20 0xFFFFFFFFFFFFFFFFFFFFFFFFFFFFFFFFFFFFFFFF AND DUP2 MSTORE PUSH1 0x20 ADD SWAP1 DUP2 MSTORE PUSH1 0x20 ADD PUSH1 0x0 KECCAK256 PUSH1 0x0 DUP3 DUP3 SLOAD SUB SWAP3 POP POP DUP2 SWAP1 SSTORE POP DUP2 PUSH1 0x3 PUSH1 0x0 DUP3 DUP3 SLOAD SUB SWAP3 POP POP DUP2 SWAP1 SSTORE POP CALLER PUSH20 0xFFFFFFFFFFFFFFFFFFFFFFFFFFFFFFFFFFFFFFFF AND PUSH32 0xCC16F5DBB4873280815C1EE09DBD06736CFFCC184412CF7A71A0FDB75D397CA5 DUP4 PUSH1 0x40 MLOAD DUP1 DUP3 DUP2 MSTORE PUSH1 0x20 ADD SWAP2 POP POP PUSH1 0x40 MLOAD DUP1 SWAP2 SUB SWAP1 LOG2 PUSH1 0x1 SWAP1 POP SWAP2 SWAP1 POP JUMP JUMPDEST PUSH1 0x4 PUSH1 0x20 MSTORE DUP1 PUSH1 0x0 MSTORE PUSH1 0x40 PUSH1 0x0 KECCAK256 PUSH1 0x0 SWAP2 POP SWAP1 POP SLOAD DUP2 JUMP JUMPDEST PUSH1 0x0 DUP2 PUSH1 0x4 PUSH1 0x0 DUP6 PUSH20 0xFFFFFFFFFFFFFFFFFFFFFFFFFFFFFFFFFFFFFFFF AND PUSH20 0xFFFFFFFFFFFFFFFFFFFFFFFFFFFFFFFFFFFFFFFF AND DUP2 MSTORE PUSH1 0x20 ADD SWAP1 DUP2 MSTORE PUSH1 0x20 ADD PUSH1 0x0 KECCAK256 SLOAD LT ISZERO ISZERO ISZERO PUSH2 0x910 JUMPI PUSH1 0x0 DUP1 REVERT JUMPDEST PUSH1 0x5 PUSH1 0x0 DUP5 PUSH20 0xFFFFFFFFFFFFFFFFFFFFFFFFFFFFFFFFFFFFFFFF AND PUSH20 0xFFFFFFFFFFFFFFFFFFFFFFFFFFFFFFFFFFFFFFFF AND DUP2 MSTORE PUSH1 0x20 ADD SWAP1 DUP2 MSTORE PUSH1 0x20 ADD PUSH1 0x0 KECCAK256 PUSH1 0x0 CALLER PUSH20 0xFFFFFFFFFFFFFFFFFFFFFFFFFFFFFFFFFFFFFFFF AND PUSH20 0xFFFFFFFFFFFFFFFFFFFFFFFFFFFFFFFFFFFFFFFF AND DUP2 MSTORE PUSH1 0x20 ADD SWAP1 DUP2 MSTORE PUSH1 0x20 ADD PUSH1 0x0 KECCAK256 SLOAD DUP3 GT ISZERO ISZERO ISZERO PUSH2 0x99B JUMPI PUSH1 0x0 DUP1 REVERT JUMPDEST DUP2 PUSH1 0x4 PUSH1 0x0 DUP6 PUSH20 0xFFFFFFFFFFFFFFFFFFFFFFFFFFFFFFFFFFFFFFFF AND PUSH20 0xFFFFFFFFFFFFFFFFFFFFFFFFFFFFFFFFFFFFFFFF AND DUP2 MSTORE PUSH1 0x20 ADD SWAP1 DUP2 MSTORE PUSH1 0x20 ADD PUSH1 0x0 KECCAK256 PUSH1 0x0 DUP3 DUP3 SLOAD SUB SWAP3 POP POP DUP2 SWAP1 SSTORE POP DUP2 PUSH1 0x5 PUSH1 0x0 DUP6 PUSH20 0xFFFFFFFFFFFFFFFFFFFFFFFFFFFFFFFFFFFFFFFF AND PUSH20 0xFFFFFFFFFFFFFFFFFFFFFFFFFFFFFFFFFFFFFFFF AND DUP2 MSTORE PUSH1 0x20 ADD SWAP1 DUP2 MSTORE PUSH1 0x20 ADD PUSH1 0x0 KECCAK256 PUSH1 0x0 CALLER PUSH20 0xFFFFFFFFFFFFFFFFFFFFFFFFFFFFFFFFFFFFFFFF AND PUSH20 0xFFFFFFFFFFFFFFFFFFFFFFFFFFFFFFFFFFFFFFFF AND DUP2 MSTORE PUSH1 0x20 ADD SWAP1 DUP2 MSTORE PUSH1 0x20 ADD PUSH1 0x0 KECCAK256 PUSH1 0x0 DUP3 DUP3 SLOAD SUB SWAP3 POP POP DUP2 SWAP1 SSTORE POP DUP2 PUSH1 0x3 PUSH1 0x0 DUP3 DUP3 SLOAD SUB SWAP3 POP POP DUP2 SWAP1 SSTORE POP DUP3 PUSH20 0xFFFFFFFFFFFFFFFFFFFFFFFFFFFFFFFFFFFFFFFF AND PUSH32 0xCC16F5DBB4873280815C1EE09DBD06736CFFCC184412CF7A71A0FDB75D397CA5 DUP4 PUSH1 0x40 MLOAD DUP1 DUP3 DUP2 MSTORE PUSH1 0x20 ADD SWAP2 POP POP PUSH1 0x40 MLOAD DUP1 SWAP2 SUB SWAP1 LOG2 PUSH1 0x1 SWAP1 POP SWAP3 SWAP2 POP POP JUMP JUMPDEST PUSH1 0x1 DUP1 SLOAD PUSH1 0x1 DUP2 PUSH1 0x1 AND ISZERO PUSH2 0x100 MUL SUB AND PUSH1 0x2 SWAP1 DIV DUP1 PUSH1 0x1F ADD PUSH1 0x20 DUP1 SWAP2 DIV MUL PUSH1 0x20 ADD PUSH1 0x40 MLOAD SWAP1 DUP2 ADD PUSH1 0x40 MSTORE DUP1 SWAP3 SWAP2 SWAP1 DUP2 DUP2 MSTORE PUSH1 0x20 ADD DUP3 DUP1 SLOAD PUSH1 0x1 DUP2 PUSH1 0x1 AND ISZERO PUSH2 0x100 MUL SUB AND PUSH1 0x2 SWAP1 DIV DUP1 ISZERO PUSH2 0xB70 JUMPI DUP1 PUSH1 0x1F LT PUSH2 0xB45 JUMPI PUSH2 0x100 DUP1 DUP4 SLOAD DIV MUL DUP4 MSTORE SWAP2 PUSH1 0x20 ADD SWAP2 PUSH2 0xB70 JUMP JUMPDEST DUP3 ADD SWAP2 SWAP1 PUSH1 0x0 MSTORE PUSH1 0x20 PUSH1 0x0 KECCAK256 SWAP1 JUMPDEST DUP2 SLOAD DUP2 MSTORE SWAP1 PUSH1 0x1 ADD SWAP1 PUSH1 0x20 ADD DUP1 DUP4 GT PUSH2 0xB53 JUMPI DUP3 SWAP1 SUB PUSH1 0x1F AND DUP3 ADD SWAP2 JUMPDEST POP POP POP POP POP DUP2 JUMP JUMPDEST PUSH2 0xB83 CALLER DUP4 DUP4 PUSH2 0xD2A JUMP JUMPDEST POP POP JUMP JUMPDEST PUSH1 0x0 DUP1 DUP5 SWAP1 POP PUSH2 0xB97 DUP6 DUP6 PUSH2 0x5D1 JUMP JUMPDEST ISZERO PUSH2 0xCFC JUMPI DUP1 PUSH20 0xFFFFFFFFFFFFFFFFFFFFFFFFFFFFFFFFFFFFFFFF AND PUSH4 0x8F4FFCB1 CALLER DUP7 ADDRESS DUP8 PUSH1 0x40 MLOAD DUP6 PUSH4 0xFFFFFFFF AND PUSH29 0x100000000000000000000000000000000000000000000000000000000 MUL DUP2 MSTORE PUSH1 0x4 ADD DUP1 DUP6 PUSH20 0xFFFFFFFFFFFFFFFFFFFFFFFFFFFFFFFFFFFFFFFF AND PUSH20 0xFFFFFFFFFFFFFFFFFFFFFFFFFFFFFFFFFFFFFFFF AND DUP2 MSTORE PUSH1 0x20 ADD DUP5 DUP2 MSTORE PUSH1 0x20 ADD DUP4 PUSH20 0xFFFFFFFFFFFFFFFFFFFFFFFFFFFFFFFFFFFFFFFF AND PUSH20 0xFFFFFFFFFFFFFFFFFFFFFFFFFFFFFFFFFFFFFFFF AND DUP2 MSTORE PUSH1 0x20 ADD DUP1 PUSH1 0x20 ADD DUP3 DUP2 SUB DUP3 MSTORE DUP4 DUP2 DUP2 MLOAD DUP2 MSTORE PUSH1 0x20 ADD SWAP2 POP DUP1 MLOAD SWAP1 PUSH1 0x20 ADD SWAP1 DUP1 DUP4 DUP4 PUSH1 0x0 JUMPDEST DUP4 DUP2 LT ISZERO PUSH2 0xC91 JUMPI DUP1 DUP3 ADD MLOAD DUP2 DUP5 ADD MSTORE PUSH1 0x20 DUP2 ADD SWAP1 POP PUSH2 0xC76 JUMP JUMPDEST POP POP POP POP SWAP1 POP SWAP1 DUP2 ADD SWAP1 PUSH1 0x1F AND DUP1 ISZERO PUSH2 0xCBE JUMPI DUP1 DUP3 SUB DUP1 MLOAD PUSH1 0x1 DUP4 PUSH1 0x20 SUB PUSH2 0x100 EXP SUB NOT AND DUP2 MSTORE PUSH1 0x20 ADD SWAP2 POP JUMPDEST POP SWAP6 POP POP POP POP POP POP PUSH1 0x0 PUSH1 0x40 MLOAD DUP1 DUP4 SUB DUP2 PUSH1 0x0 DUP8 DUP1 EXTCODESIZE ISZERO ISZERO PUSH2 0xCDF JUMPI PUSH1 0x0 DUP1 REVERT JUMPDEST PUSH2 0x2C6 GAS SUB CALL ISZERO ISZERO PUSH2 0xCF0 JUMPI PUSH1 0x0 DUP1 REVERT JUMPDEST POP POP POP PUSH1 0x1 SWAP2 POP PUSH2 0xCFD JUMP JUMPDEST JUMPDEST POP SWAP4 SWAP3 POP POP POP JUMP JUMPDEST PUSH1 0x5 PUSH1 0x20 MSTORE DUP2 PUSH1 0x0 MSTORE PUSH1 0x40 PUSH1 0x0 KECCAK256 PUSH1 0x20 MSTORE DUP1 PUSH1 0x0 MSTORE PUSH1 0x40 PUSH1 0x0 KECCAK256 PUSH1 0x0 SWAP2 POP SWAP2 POP POP SLOAD DUP2 JUMP JUMPDEST PUSH1 0x0 DUP1 DUP4 PUSH20 0xFFFFFFFFFFFFFFFFFFFFFFFFFFFFFFFFFFFFFFFF AND EQ ISZERO ISZERO ISZERO PUSH2 0xD51 JUMPI PUSH1 0x0 DUP1 REVERT JUMPDEST DUP2 PUSH1 0x4 PUSH1 0x0 DUP7 PUSH20 0xFFFFFFFFFFFFFFFFFFFFFFFFFFFFFFFFFFFFFFFF AND PUSH20 0xFFFFFFFFFFFFFFFFFFFFFFFFFFFFFFFFFFFFFFFF AND DUP2 MSTORE PUSH1 0x20 ADD SWAP1 DUP2 MSTORE PUSH1 0x20 ADD PUSH1 0x0 KECCAK256 SLOAD LT ISZERO ISZERO ISZERO PUSH2 0xD9F JUMPI PUSH1 0x0 DUP1 REVERT JUMPDEST PUSH1 0x4 PUSH1 0x0 DUP5 PUSH20 0xFFFFFFFFFFFFFFFFFFFFFFFFFFFFFFFFFFFFFFFF AND PUSH20 0xFFFFFFFFFFFFFFFFFFFFFFFFFFFFFFFFFFFFFFFF AND DUP2 MSTORE PUSH1 0x20 ADD SWAP1 DUP2 MSTORE PUSH1 0x20 ADD PUSH1 0x0 KECCAK256 SLOAD DUP3 PUSH1 0x4 PUSH1 0x0 DUP7 PUSH20 0xFFFFFFFFFFFFFFFFFFFFFFFFFFFFFFFFFFFFFFFF AND PUSH20 0xFFFFFFFFFFFFFFFFFFFFFFFFFFFFFFFFFFFFFFFF AND DUP2 MSTORE PUSH1 0x20 ADD SWAP1 DUP2 MSTORE PUSH1 0x20 ADD PUSH1 0x0 KECCAK256 SLOAD ADD GT ISZERO ISZERO PUSH2 0xE2D JUMPI PUSH1 0x0 DUP1 REVERT JUMPDEST PUSH1 0x4 PUSH1 0x0 DUP5 PUSH20 0xFFFFFFFFFFFFFFFFFFFFFFFFFFFFFFFFFFFFFFFF AND PUSH20 0xFFFFFFFFFFFFFFFFFFFFFFFFFFFFFFFFFFFFFFFF AND DUP2 MSTORE PUSH1 0x20 ADD SWAP1 DUP2 MSTORE PUSH1 0x20 ADD PUSH1 0x0 KECCAK256 SLOAD PUSH1 0x4 PUSH1 0x0 DUP7 PUSH20 0xFFFFFFFFFFFFFFFFFFFFFFFFFFFFFFFFFFFFFFFF AND PUSH20 0xFFFFFFFFFFFFFFFFFFFFFFFFFFFFFFFFFFFFFFFF AND DUP2 MSTORE PUSH1 0x20 ADD SWAP1 DUP2 MSTORE PUSH1 0x20 ADD PUSH1 0x0 KECCAK256 SLOAD ADD SWAP1 POP DUP2 PUSH1 0x4 PUSH1 0x0 DUP7 PUSH20 0xFFFFFFFFFFFFFFFFFFFFFFFFFFFFFFFFFFFFFFFF AND PUSH20 0xFFFFFFFFFFFFFFFFFFFFFFFFFFFFFFFFFFFFFFFF AND DUP2 MSTORE PUSH1 0x20 ADD SWAP1 DUP2 MSTORE PUSH1 0x20 ADD PUSH1 0x0 KECCAK256 PUSH1 0x0 DUP3 DUP3 SLOAD SUB SWAP3 POP POP DUP2 SWAP1 SSTORE POP DUP2 PUSH1 0x4 PUSH1 0x0 DUP6 PUSH20 0xFFFFFFFFFFFFFFFFFFFFFFFFFFFFFFFFFFFFFFFF AND PUSH20 0xFFFFFFFFFFFFFFFFFFFFFFFFFFFFFFFFFFFFFFFF AND DUP2 MSTORE PUSH1 0x20 ADD SWAP1 DUP2 MSTORE PUSH1 0x20 ADD PUSH1 0x0 KECCAK256 PUSH1 0x0 DUP3 DUP3 SLOAD ADD SWAP3 POP POP DUP2 SWAP1 SSTORE POP DUP3 PUSH20 0xFFFFFFFFFFFFFFFFFFFFFFFFFFFFFFFFFFFFFFFF AND DUP5 PUSH20 0xFFFFFFFFFFFFFFFFFFFFFFFFFFFFFFFFFFFFFFFF AND PUSH32 0xDDF252AD1BE2C89B69C2B068FC378DAA952BA7F163C4A11628F55A4DF523B3EF DUP5 PUSH1 0x40 MLOAD DUP1 DUP3 DUP2 MSTORE PUSH1 0x20 ADD SWAP2 POP POP PUSH1 0x40 MLOAD DUP1 SWAP2 SUB SWAP1 LOG3 DUP1 PUSH1 0x4 PUSH1 0x0 DUP6 PUSH20 0xFFFFFFFFFFFFFFFFFFFFFFFFFFFFFFFFFFFFFFFF AND PUSH20 0xFFFFFFFFFFFFFFFFFFFFFFFFFFFFFFFFFFFFFFFF AND DUP2 MSTORE PUSH1 0x20 ADD SWAP1 DUP2 MSTORE PUSH1 0x20 ADD PUSH1 0x0 KECCAK256 SLOAD PUSH1 0x4 PUSH1 0x0 DUP8 PUSH20 0xFFFFFFFFFFFFFFFFFFFFFFFFFFFFFFFFFFFFFFFF AND PUSH20 0xFFFFFFFFFFFFFFFFFFFFFFFFFFFFFFFFFFFFFFFF AND DUP2 MSTORE PUSH1 0x20 ADD SWAP1 DUP2 MSTORE PUSH1 0x20 ADD PUSH1 0x0 KECCAK256 SLOAD ADD EQ ISZERO ISZERO PUSH2 0x103A JUMPI INVALID JUMPDEST POP POP POP POP JUMP STOP LOG1 PUSH6 0x627A7A723058 KECCAK256 0xa6 AND 0x22 KECCAK256 0xab 0xea NUMBER 0x23 SHR SSTORE 0xc6 JUMPI PUSH28 0x4EDD7ECA14E309050CCAA911715BFD8E0C6BF4002900000000000000
1,PUSH1 0x60 PUSH1 0x40 MSTORE PUSH1 0x0 PUSH1 0x2 SSTORE PUSH1 0x0 PUSH1 0x3 SSTORE CALLVALUE ISZERO PUSH2 0x19 JUMPI PUSH1 0x0 DUP1 REVERT JUMPDEST PUSH1 0x40 MLOAD PUSH1 0x40 DUP1 PUSH2 0x6B5 DUP4 CODECOPY DUP2 ADD PUSH1 0x40 MSTORE DUP1 DUP1 MLOAD SWAP1 PUSH1 0x20 ADD SWAP1 SWAP2 SWAP1 DUP1 MLOAD SWAP1 PUSH1 0x20 ADD SWAP1 SWAP2 SWAP1 POP POP CALLER PUSH1 0x0 DUP1 PUSH2 0x100 EXP DUP2 SLOAD DUP2 PUSH20 0xFFFFFFFFFFFFFFFFFFFFFFFFFFFFFFFFFFFFFFFF MUL NOT AND SWAP1 DUP4 PUSH20 0xFFFFFFFFFFFFFFFFFFFFFFFFFFFFFFFFFFFFFFFF AND MUL OR SWAP1 SSTORE POP DUP2 PUSH1 0x1 PUSH1 0x0 PUSH2 0x100 EXP DUP2 SLOAD DUP2 PUSH20 0xFFFFFFFFFFFFFFFFFFFFFFFFFFFFFFFFFFFFFFFF MUL NOT AND SWAP1 DUP4 PUSH20 0xFFFFFFFFFFFFFFFFFFFFFFFFFFFFFFFFFFFFFFFF AND MUL OR SWAP1 SSTORE POP TIMESTAMP PUSH1 0x1 PUSH1 0x14 PUSH2 0x100 EXP DUP2 SLOAD DUP2 PUSH8 0xFFFFFFFFFFFFFFFF MUL NOT AND SWAP1 DUP4 PUSH8 0xFFFFFFFFFFFFFFFF AND MUL OR SWAP1 SSTORE POP DUP1 PUSH1 0x4 PUSH1 0x0 PUSH2 0x100 EXP DUP2 SLOAD DUP2 PUSH20 0xFFFFFFFFFFFFFFFFFFFFFFFFFFFFFFFFFFFFFFFF MUL NOT AND SWAP1 DUP4 PUSH20 0xFFFFFFFFFFFFFFFFFFFFFFFFFFFFFFFFFFFFFFFF AND MUL OR SWAP1 SSTORE POP POP POP PUSH2 0x57B DUP1 PUSH2 0x13A PUSH1 0x0 CODECOPY PUSH1 0x0 RETURN STOP PUSH1 0x60 PUSH1 0x40 MSTORE PUSH1 0x4 CALLDATASIZE LT PUSH2 0x83 JUMPI PUSH1 0x0 CALLDATALOAD PUSH29 0x100000000000000000000000000000000000000000000000000000000 SWAP1 DIV PUSH4 0xFFFFFFFF AND DUP1 PUSH4 0x2D05D3F EQ PUSH2 0x88 JUMPI DUP1 PUSH4 0x42C62865 EQ PUSH2 0xDD JUMPI DUP1 PUSH4 0x7F0554CA EQ PUSH2 0x106 JUMPI DUP1 PUSH4 0x8D8F2ADB EQ PUSH2 0x15B JUMPI DUP1 PUSH4 0xAB231511 EQ PUSH2 0x170 JUMPI DUP1 PUSH4 0xAE277584 EQ PUSH2 0x1AD JUMPI DUP1 PUSH4 0xE2F35F17 EQ PUSH2 0x1D6 JUMPI JUMPDEST PUSH1 0x0 DUP1 REVERT JUMPDEST CALLVALUE ISZERO PUSH2 0x93 JUMPI PUSH1 0x0 DUP1 REVERT JUMPDEST PUSH2 0x9B PUSH2 0x22B JUMP JUMPDEST PUSH1 0x40 MLOAD DUP1 DUP3 PUSH20 0xFFFFFFFFFFFFFFFFFFFFFFFFFFFFFFFFFFFFFFFF AND PUSH20 0xFFFFFFFFFFFFFFFFFFFFFFFFFFFFFFFFFFFFFFFF AND DUP2 MSTORE PUSH1 0x20 ADD SWAP2 POP POP PUSH1 0x40 MLOAD DUP1 SWAP2 SUB SWAP1 RETURN JUMPDEST CALLVALUE ISZERO PUSH2 0xE8 JUMPI PUSH1 0x0 DUP1 REVERT JUMPDEST PUSH2 0xF0 PUSH2 0x250 JUMP JUMPDEST PUSH1 0x40 MLOAD DUP1 DUP3 DUP2 MSTORE PUSH1 0x20 ADD SWAP2 POP POP PUSH1 0x40 MLOAD DUP1 SWAP2 SUB SWAP1 RETURN JUMPDEST CALLVALUE ISZERO PUSH2 0x111 JUMPI PUSH1 0x0 DUP1 REVERT JUMPDEST PUSH2 0x119 PUSH2 0x256 JUMP JUMPDEST PUSH1 0x40 MLOAD DUP1 DUP3 PUSH20 0xFFFFFFFFFFFFFFFFFFFFFFFFFFFFFFFFFFFFFFFF AND PUSH20 0xFFFFFFFFFFFFFFFFFFFFFFFFFFFFFFFFFFFFFFFF AND DUP2 MSTORE PUSH1 0x20 ADD SWAP2 POP POP PUSH1 0x40 MLOAD DUP1 SWAP2 SUB SWAP1 RETURN JUMPDEST CALLVALUE ISZERO PUSH2 0x166 JUMPI PUSH1 0x0 DUP1 REVERT JUMPDEST PUSH2 0x16E PUSH2 0x27C JUMP JUMPDEST STOP JUMPDEST CALLVALUE ISZERO PUSH2 0x17B JUMPI PUSH1 0x0 DUP1 REVERT JUMPDEST PUSH2 0x183 PUSH2 0x4FA JUMP JUMPDEST PUSH1 0x40 MLOAD DUP1 DUP3 PUSH8 0xFFFFFFFFFFFFFFFF AND PUSH8 0xFFFFFFFFFFFFFFFF AND DUP2 MSTORE PUSH1 0x20 ADD SWAP2 POP POP PUSH1 0x40 MLOAD DUP1 SWAP2 SUB SWAP1 RETURN JUMPDEST CALLVALUE ISZERO PUSH2 0x1B8 JUMPI PUSH1 0x0 DUP1 REVERT JUMPDEST PUSH2 0x1C0 PUSH2 0x514 JUMP JUMPDEST PUSH1 0x40 MLOAD DUP1 DUP3 DUP2 MSTORE PUSH1 0x20 ADD SWAP2 POP POP PUSH1 0x40 MLOAD DUP1 SWAP2 SUB SWAP1 RETURN JUMPDEST CALLVALUE ISZERO PUSH2 0x1E1 JUMPI PUSH1 0x0 DUP1 REVERT JUMPDEST PUSH2 0x1E9 PUSH2 0x51A JUMP JUMPDEST PUSH1 0x40 MLOAD DUP1 DUP3 PUSH20 0xFFFFFFFFFFFFFFFFFFFFFFFFFFFFFFFFFFFFFFFF AND PUSH20 0xFFFFFFFFFFFFFFFFFFFFFFFFFFFFFFFFFFFFFFFF AND DUP2 MSTORE PUSH1 0x20 ADD SWAP2 POP POP PUSH1 0x40 MLOAD DUP1 SWAP2 SUB SWAP1 RETURN JUMPDEST PUSH1 0x0 DUP1 SWAP1 SLOAD SWAP1 PUSH2 0x100 EXP SWAP1 DIV PUSH20 0xFFFFFFFFFFFFFFFFFFFFFFFFFFFFFFFFFFFFFFFF AND DUP2 JUMP JUMPDEST PUSH1 0x2 SLOAD DUP2 JUMP JUMPDEST PUSH1 0x4 PUSH1 0x0 SWAP1 SLOAD SWAP1 PUSH2 0x100 EXP SWAP1 DIV PUSH20 0xFFFFFFFFFFFFFFFFFFFFFFFFFFFFFFFFFFFFFFFF AND DUP2 JUMP JUMPDEST PUSH1 0x0 PUSH3 0x278D00 PUSH1 0x1 PUSH1 0x14 SWAP1 SLOAD SWAP1 PUSH2 0x100 EXP SWAP1 DIV PUSH8 0xFFFFFFFFFFFFFFFF AND ADD SWAP1 POP DUP1 PUSH8 0xFFFFFFFFFFFFFFFF AND TIMESTAMP LT ISZERO PUSH2 0x2B3 JUMPI PUSH1 0x0 DUP1 REVERT JUMPDEST PUSH1 0x0 PUSH1 0x2 SLOAD EQ ISZERO PUSH2 0x3B1 JUMPI PUSH1 0xA PUSH1 0x4 PUSH1 0x0 SWAP1 SLOAD SWAP1 PUSH2 0x100 EXP SWAP1 DIV PUSH20 0xFFFFFFFFFFFFFFFFFFFFFFFFFFFFFFFFFFFFFFFF AND PUSH20 0xFFFFFFFFFFFFFFFFFFFFFFFFFFFFFFFFFFFFFFFF AND PUSH4 0x70A08231 ADDRESS PUSH1 0x0 PUSH1 0x40 MLOAD PUSH1 0x20 ADD MSTORE PUSH1 0x40 MLOAD DUP3 PUSH4 0xFFFFFFFF AND PUSH29 0x100000000000000000000000000000000000000000000000000000000 MUL DUP2 MSTORE PUSH1 0x4 ADD DUP1 DUP3 PUSH20 0xFFFFFFFFFFFFFFFFFFFFFFFFFFFFFFFFFFFFFFFF AND PUSH20 0xFFFFFFFFFFFFFFFFFFFFFFFFFFFFFFFFFFFFFFFF AND DUP2 MSTORE PUSH1 0x20 ADD SWAP2 POP POP PUSH1 0x20 PUSH1 0x40 MLOAD DUP1 DUP4 SUB DUP2 PUSH1 0x0 DUP8 DUP1 EXTCODESIZE ISZERO ISZERO PUSH2 0x385 JUMPI PUSH1 0x0 DUP1 REVERT JUMPDEST PUSH2 0x2C6 GAS SUB CALL ISZERO ISZERO PUSH2 0x396 JUMPI PUSH1 0x0 DUP1 REVERT JUMPDEST POP POP POP PUSH1 0x40 MLOAD DUP1 MLOAD SWAP1 POP DUP2 ISZERO ISZERO PUSH2 0x3A9 JUMPI INVALID JUMPDEST DIV PUSH1 0x3 DUP2 SWAP1 SSTORE POP JUMPDEST PUSH2 0x3C0 PUSH1 0x0 PUSH1 0x3 SLOAD EQ ISZERO PUSH2 0x540 JUMP JUMPDEST PUSH1 0x4 PUSH1 0x0 SWAP1 SLOAD SWAP1 PUSH2 0x100 EXP SWAP1 DIV PUSH20 0xFFFFFFFFFFFFFFFFFFFFFFFFFFFFFFFFFFFFFFFF AND PUSH20 0xFFFFFFFFFFFFFFFFFFFFFFFFFFFFFFFFFFFFFFFF AND PUSH4 0xA9059CBB PUSH1 0x1 PUSH1 0x0 SWAP1 SLOAD SWAP1 PUSH2 0x100 EXP SWAP1 DIV PUSH20 0xFFFFFFFFFFFFFFFFFFFFFFFFFFFFFFFFFFFFFFFF AND PUSH1 0x3 SLOAD PUSH1 0x40 MLOAD DUP4 PUSH4 0xFFFFFFFF AND PUSH29 0x100000000000000000000000000000000000000000000000000000000 MUL DUP2 MSTORE PUSH1 0x4 ADD DUP1 DUP4 PUSH20 0xFFFFFFFFFFFFFFFFFFFFFFFFFFFFFFFFFFFFFFFF AND PUSH20 0xFFFFFFFFFFFFFFFFFFFFFFFFFFFFFFFFFFFFFFFF AND DUP2 MSTORE PUSH1 0x20 ADD DUP3 DUP2 MSTORE PUSH1 0x20 ADD SWAP3 POP POP POP PUSH1 0x0 PUSH1 0x40 MLOAD DUP1 DUP4 SUB DUP2 PUSH1 0x0 DUP8 DUP1 EXTCODESIZE ISZERO ISZERO PUSH2 0x4A8 JUMPI PUSH1 0x0 DUP1 REVERT JUMPDEST PUSH2 0x2C6 GAS SUB CALL ISZERO ISZERO PUSH2 0x4B9 JUMPI PUSH1 0x0 DUP1 REVERT JUMPDEST POP POP POP PUSH1 0x2 PUSH1 0x0 DUP2 SLOAD DUP1 SWAP3 SWAP2 SWAP1 PUSH1 0x1 ADD SWAP2 SWAP1 POP SSTORE POP TIMESTAMP PUSH1 0x1 PUSH1 0x14 PUSH2 0x100 EXP DUP2 SLOAD DUP2 PUSH8 0xFFFFFFFFFFFFFFFF MUL NOT AND SWAP1 DUP4 PUSH8 0xFFFFFFFFFFFFFFFF AND MUL OR SWAP1 SSTORE POP POP JUMP JUMPDEST PUSH1 0x1 PUSH1 0x14 SWAP1 SLOAD SWAP1 PUSH2 0x100 EXP SWAP1 DIV PUSH8 0xFFFFFFFFFFFFFFFF AND DUP2 JUMP JUMPDEST PUSH1 0x3 SLOAD DUP2 JUMP JUMPDEST PUSH1 0x1 PUSH1 0x0 SWAP1 SLOAD SWAP1 PUSH2 0x100 EXP SWAP1 DIV PUSH20 0xFFFFFFFFFFFFFFFFFFFFFFFFFFFFFFFFFFFFFFFF AND DUP2 JUMP JUMPDEST DUP1 ISZERO ISZERO PUSH2 0x54C JUMPI PUSH1 0x0 DUP1 REVERT JUMPDEST POP JUMP STOP LOG1 PUSH6 0x627A7A723058 KECCAK256 SWAP4 SWAP5 0xa6 0x1e DUP11 PUSH17 0xF2A67F4696D70C92B408D1A084C4428102 0xf7 SWAP9 0x28 0xb1 0x4c 0xb1 0xa9 SWAP7 PUSH2 0x29
1,PUSH1 0x60 PUSH1 0x40 MSTORE PUSH1 0x6 PUSH1 0x3 PUSH1 0x0 PUSH2 0x100 EXP DUP2 SLOAD DUP2 PUSH1 0xFF MUL NOT AND SWAP1 DUP4 PUSH1 0xFF AND MUL OR SWAP1 SSTORE POP CALLVALUE ISZERO PUSH3 0x2C JUMPI PUSH1 0x0 DUP1 REVERT JUMPDEST PUSH1 0x40 MLOAD PUSH3 0x191A CODESIZE SUB DUP1 PUSH3 0x191A DUP4 CODECOPY DUP2 ADD PUSH1 0x40 MSTORE DUP1 DUP1 MLOAD SWAP1 PUSH1 0x20 ADD SWAP1 SWAP2 SWAP1 DUP1 MLOAD DUP3 ADD SWAP2 SWAP1 PUSH1 0x20 ADD DUP1 MLOAD DUP3 ADD SWAP2 SWAP1 POP POP DUP3 DUP3 DUP3 CALLER PUSH1 0x0 DUP1 PUSH2 0x100 EXP DUP2 SLOAD DUP2 PUSH20 0xFFFFFFFFFFFFFFFFFFFFFFFFFFFFFFFFFFFFFFFF MUL NOT AND SWAP1 DUP4 PUSH20 0xFFFFFFFFFFFFFFFFFFFFFFFFFFFFFFFFFFFFFFFF AND MUL OR SWAP1 SSTORE POP PUSH1 0x3 PUSH1 0x0 SWAP1 SLOAD SWAP1 PUSH2 0x100 EXP SWAP1 DIV PUSH1 0xFF AND PUSH1 0xFF AND PUSH1 0xA EXP DUP4 MUL PUSH1 0x4 DUP2 SWAP1 SSTORE POP PUSH1 0x4 SLOAD PUSH1 0x5 PUSH1 0x0 CALLER PUSH20 0xFFFFFFFFFFFFFFFFFFFFFFFFFFFFFFFFFFFFFFFF AND PUSH20 0xFFFFFFFFFFFFFFFFFFFFFFFFFFFFFFFFFFFFFFFF AND DUP2 MSTORE PUSH1 0x20 ADD SWAP1 DUP2 MSTORE PUSH1 0x20 ADD PUSH1 0x0 KECCAK256 DUP2 SWAP1 SSTORE POP DUP2 PUSH1 0x1 SWAP1 DUP1 MLOAD SWAP1 PUSH1 0x20 ADD SWAP1 PUSH3 0x11B SWAP3 SWAP2 SWAP1 PUSH3 0x141 JUMP JUMPDEST POP DUP1 PUSH1 0x2 SWAP1 DUP1 MLOAD SWAP1 PUSH1 0x20 ADD SWAP1 PUSH3 0x134 SWAP3 SWAP2 SWAP1 PUSH3 0x141 JUMP JUMPDEST POP POP POP POP POP POP POP PUSH3 0x1F0 JUMP JUMPDEST DUP3 DUP1 SLOAD PUSH1 0x1 DUP2 PUSH1 0x1 AND ISZERO PUSH2 0x100 MUL SUB AND PUSH1 0x2 SWAP1 DIV SWAP1 PUSH1 0x0 MSTORE PUSH1 0x20 PUSH1 0x0 KECCAK256 SWAP1 PUSH1 0x1F ADD PUSH1 0x20 SWAP1 DIV DUP2 ADD SWAP3 DUP3 PUSH1 0x1F LT PUSH3 0x184 JUMPI DUP1 MLOAD PUSH1 0xFF NOT AND DUP4 DUP1 ADD OR DUP6 SSTORE PUSH3 0x1B5 JUMP JUMPDEST DUP3 DUP1 ADD PUSH1 0x1 ADD DUP6 SSTORE DUP3 ISZERO PUSH3 0x1B5 JUMPI SWAP2 DUP3 ADD JUMPDEST DUP3 DUP2 GT ISZERO PUSH3 0x1B4 JUMPI DUP3 MLOAD DUP3 SSTORE SWAP2 PUSH1 0x20 ADD SWAP2 SWAP1 PUSH1 0x1 ADD SWAP1 PUSH3 0x197 JUMP JUMPDEST JUMPDEST POP SWAP1 POP PUSH3 0x1C4 SWAP2 SWAP1 PUSH3 0x1C8 JUMP JUMPDEST POP SWAP1 JUMP JUMPDEST PUSH3 0x1ED SWAP2 SWAP1 JUMPDEST DUP1 DUP3 GT ISZERO PUSH3 0x1E9 JUMPI PUSH1 0x0 DUP2 PUSH1 0x0 SWAP1 SSTORE POP PUSH1 0x1 ADD PUSH3 0x1CF JUMP JUMPDEST POP SWAP1 JUMP JUMPDEST SWAP1 JUMP JUMPDEST PUSH2 0x171A DUP1 PUSH3 0x200 PUSH1 0x0 CODECOPY PUSH1 0x0 RETURN STOP PUSH1 0x60 PUSH1 0x40 MSTORE PUSH1 0x4 CALLDATASIZE LT PUSH2 0x128 JUMPI PUSH1 0x0 CALLDATALOAD PUSH29 0x100000000000000000000000000000000000000000000000000000000 SWAP1 DIV PUSH4 0xFFFFFFFF AND DUP1 PUSH4 0x5FEFDA7 EQ PUSH2 0x12D JUMPI DUP1 PUSH4 0x6FDDE03 EQ PUSH2 0x159 JUMPI DUP1 PUSH4 0x95EA7B3 EQ PUSH2 0x1E7 JUMPI DUP1 PUSH4 0x18160DDD EQ PUSH2 0x241 JUMPI DUP1 PUSH4 0x23B872DD EQ PUSH2 0x26A JUMPI DUP1 PUSH4 0x313CE567 EQ PUSH2 0x2E3 JUMPI DUP1 PUSH4 0x42966C68 EQ PUSH2 0x312 JUMPI DUP1 PUSH4 0x4B750334 EQ PUSH2 0x34D JUMPI DUP1 PUSH4 0x70A08231 EQ PUSH2 0x376 JUMPI DUP1 PUSH4 0x79C65068 EQ PUSH2 0x3C3 JUMPI DUP1 PUSH4 0x79CC6790 EQ PUSH2 0x405 JUMPI DUP1 PUSH4 0x8620410B EQ PUSH2 0x45F JUMPI DUP1 PUSH4 0x8DA5CB5B EQ PUSH2 0x488 JUMPI DUP1 PUSH4 0x95D89B41 EQ PUSH2 0x4DD JUMPI DUP1 PUSH4 0xA6F2AE3A EQ PUSH2 0x56B JUMPI DUP1 PUSH4 0xA9059CBB EQ PUSH2 0x575 JUMPI DUP1 PUSH4 0xB414D4B6 EQ PUSH2 0x5B7 JUMPI DUP1 PUSH4 0xCAE9CA51 EQ PUSH2 0x608 JUMPI DUP1 PUSH4 0xDD62ED3E EQ PUSH2 0x6A5 JUMPI DUP1 PUSH4 0xE4849B32 EQ PUSH2 0x711 JUMPI DUP1 PUSH4 0xE724529C EQ PUSH2 0x734 JUMPI DUP1 PUSH4 0xF2FDE38B EQ PUSH2 0x778 JUMPI JUMPDEST PUSH1 0x0 DUP1 REVERT JUMPDEST CALLVALUE ISZERO PUSH2 0x138 JUMPI PUSH1 0x0 DUP1 REVERT JUMPDEST PUSH2 0x157 PUSH1 0x4 DUP1 DUP1 CALLDATALOAD SWAP1 PUSH1 0x20 ADD SWAP1 SWAP2 SWAP1 DUP1 CALLDATALOAD SWAP1 PUSH1 0x20 ADD SWAP1 SWAP2 SWAP1 POP POP PUSH2 0x7B1 JUMP JUMPDEST STOP JUMPDEST CALLVALUE ISZERO PUSH2 0x164 JUMPI PUSH1 0x0 DUP1 REVERT JUMPDEST PUSH2 0x16C PUSH2 0x81E JUMP JUMPDEST PUSH1 0x40 MLOAD DUP1 DUP1 PUSH1 0x20 ADD DUP3 DUP2 SUB DUP3 MSTORE DUP4 DUP2 DUP2 MLOAD DUP2 MSTORE PUSH1 0x20 ADD SWAP2 POP DUP1 MLOAD SWAP1 PUSH1 0x20 ADD SWAP1 DUP1 DUP4 DUP4 PUSH1 0x0 JUMPDEST DUP4 DUP2 LT ISZERO PUSH2 0x1AC JUMPI DUP1 DUP3 ADD MLOAD DUP2 DUP5 ADD MSTORE PUSH1 0x20 DUP2 ADD SWAP1 POP PUSH2 0x191 JUMP JUMPDEST POP POP POP POP SWAP1 POP SWAP1 DUP2 ADD SWAP1 PUSH1 0x1F AND DUP1 ISZERO PUSH2 0x1D9 JUMPI DUP1 DUP3 SUB DUP1 MLOAD PUSH1 0x1 DUP4 PUSH1 0x20 SUB PUSH2 0x100 EXP SUB NOT AND DUP2 MSTORE PUSH1 0x20 ADD SWAP2 POP JUMPDEST POP SWAP3 POP POP POP PUSH1 0x40 MLOAD DUP1 SWAP2 SUB SWAP1 RETURN JUMPDEST CALLVALUE ISZERO PUSH2 0x1F2 JUMPI PUSH1 0x0 DUP1 REVERT JUMPDEST PUSH2 0x227 PUSH1 0x4 DUP1 DUP1 CALLDATALOAD PUSH20 0xFFFFFFFFFFFFFFFFFFFFFFFFFFFFFFFFFFFFFFFF AND SWAP1 PUSH1 0x20 ADD SWAP1 SWAP2 SWAP1 DUP1 CALLDATALOAD SWAP1 PUSH1 0x20 ADD SWAP1 SWAP2 SWAP1 POP POP PUSH2 0x8BC JUMP JUMPDEST PUSH1 0x40 MLOAD DUP1 DUP3 ISZERO ISZERO ISZERO ISZERO DUP2 MSTORE PUSH1 0x20 ADD SWAP2 POP POP PUSH1 0x40 MLOAD DUP1 SWAP2 SUB SWAP1 RETURN JUMPDEST CALLVALUE ISZERO PUSH2 0x24C JUMPI PUSH1 0x0 DUP1 REVERT JUMPDEST PUSH2 0x254 PUSH2 0x949 JUMP JUMPDEST PUSH1 0x40 MLOAD DUP1 DUP3 DUP2 MSTORE PUSH1 0x20 ADD SWAP2 POP POP PUSH1 0x40 MLOAD DUP1 SWAP2 SUB SWAP1 RETURN JUMPDEST CALLVALUE ISZERO PUSH2 0x275 JUMPI PUSH1 0x0 DUP1 REVERT JUMPDEST PUSH2 0x2C9 PUSH1 0x4 DUP1 DUP1 CALLDATALOAD PUSH20 0xFFFFFFFFFFFFFFFFFFFFFFFFFFFFFFFFFFFFFFFF AND SWAP1 PUSH1 0x20 ADD SWAP1 SWAP2 SWAP1 DUP1 CALLDATALOAD PUSH20 0xFFFFFFFFFFFFFFFFFFFFFFFFFFFFFFFFFFFFFFFF AND SWAP1 PUSH1 0x20 ADD SWAP1 SWAP2 SWAP1 DUP1 CALLDATALOAD SWAP1 PUSH1 0x20 ADD SWAP1 SWAP2 SWAP1 POP POP PUSH2 0x94F JUMP JUMPDEST PUSH1 0x40 MLOAD DUP1 DUP3 ISZERO ISZERO ISZERO ISZERO DUP2 MSTORE PUSH1 0x20 ADD SWAP2 POP POP PUSH1 0x40 MLOAD DUP1 SWAP2 SUB SWAP1 RETURN JUMPDEST CALLVALUE ISZERO PUSH2 0x2EE JUMPI PUSH1 0x0 DUP1 REVERT JUMPDEST PUSH2 0x2F6 PUSH2 0xA7C JUMP JUMPDEST PUSH1 0x40 MLOAD DUP1 DUP3 PUSH1 0xFF AND PUSH1 0xFF AND DUP2 MSTORE PUSH1 0x20 ADD SWAP2 POP POP PUSH1 0x40 MLOAD DUP1 SWAP2 SUB SWAP1 RETURN JUMPDEST CALLVALUE ISZERO PUSH2 0x31D JUMPI PUSH1 0x0 DUP1 REVERT JUMPDEST PUSH2 0x333 PUSH1 0x4 DUP1 DUP1 CALLDATALOAD SWAP1 PUSH1 0x20 ADD SWAP1 SWAP2 SWAP1 POP POP PUSH2 0xA8F JUMP JUMPDEST PUSH1 0x40 MLOAD DUP1 DUP3 ISZERO ISZERO ISZERO ISZERO DUP2 MSTORE PUSH1 0x20 ADD SWAP2 POP POP PUSH1 0x40 MLOAD DUP1 SWAP2 SUB SWAP1 RETURN JUMPDEST CALLVALUE ISZERO PUSH2 0x358 JUMPI PUSH1 0x0 DUP1 REVERT JUMPDEST PUSH2 0x360 PUSH2 0xB93 JUMP JUMPDEST PUSH1 0x40 MLOAD DUP1 DUP3 DUP2 MSTORE PUSH1 0x20 ADD SWAP2 POP POP PUSH1 0x40 MLOAD DUP1 SWAP2 SUB SWAP1 RETURN JUMPDEST CALLVALUE ISZERO PUSH2 0x381 JUMPI PUSH1 0x0 DUP1 REVERT JUMPDEST PUSH2 0x3AD PUSH1 0x4 DUP1 DUP1 CALLDATALOAD PUSH20 0xFFFFFFFFFFFFFFFFFFFFFFFFFFFFFFFFFFFFFFFF AND SWAP1 PUSH1 0x20 ADD SWAP1 SWAP2 SWAP1 POP POP PUSH2 0xB99 JUMP JUMPDEST PUSH1 0x40 MLOAD DUP1 DUP3 DUP2 MSTORE PUSH1 0x20 ADD SWAP2 POP POP PUSH1 0x40 MLOAD DUP1 SWAP2 SUB SWAP1 RETURN JUMPDEST CALLVALUE ISZERO PUSH2 0x3CE JUMPI PUSH1 0x0 DUP1 REVERT JUMPDEST PUSH2 0x403 PUSH1 0x4 DUP1 DUP1 CALLDATALOAD PUSH20 0xFFFFFFFFFFFFFFFFFFFFFFFFFFFFFFFFFFFFFFFF AND SWAP1 PUSH1 0x20 ADD SWAP1 SWAP2 SWAP1 DUP1 CALLDATALOAD SWAP1 PUSH1 0x20 ADD SWAP1 SWAP2 SWAP1 POP POP PUSH2 0xBB1 JUMP JUMPDEST STOP JUMPDEST CALLVALUE ISZERO PUSH2 0x410 JUMPI PUSH1 0x0 DUP1 REVERT JUMPDEST PUSH2 0x445 PUSH1 0x4 DUP1 DUP1 CALLDATALOAD PUSH20 0xFFFFFFFFFFFFFFFFFFFFFFFFFFFFFFFFFFFFFFFF AND SWAP1 PUSH1 0x20 ADD SWAP1 SWAP2 SWAP1 DUP1 CALLDATALOAD SWAP1 PUSH1 0x20 ADD SWAP1 SWAP2 SWAP1 POP POP PUSH2 0xD22 JUMP JUMPDEST PUSH1 0x40 MLOAD DUP1 DUP3 ISZERO ISZERO ISZERO ISZERO DUP2 MSTORE PUSH1 0x20 ADD SWAP2 POP POP PUSH1 0x40 MLOAD DUP1 SWAP2 SUB SWAP1 RETURN JUMPDEST CALLVALUE ISZERO PUSH2 0x46A JUMPI PUSH1 0x0 DUP1 REVERT JUMPDEST PUSH2 0x472 PUSH2 0xF3C JUMP JUMPDEST PUSH1 0x40 MLOAD DUP1 DUP3 DUP2 MSTORE PUSH1 0x20 ADD SWAP2 POP POP PUSH1 0x40 MLOAD DUP1 SWAP2 SUB SWAP1 RETURN JUMPDEST CALLVALUE ISZERO PUSH2 0x493 JUMPI PUSH1 0x0 DUP1 REVERT JUMPDEST PUSH2 0x49B PUSH2 0xF42 JUMP JUMPDEST PUSH1 0x40 MLOAD DUP1 DUP3 PUSH20 0xFFFFFFFFFFFFFFFFFFFFFFFFFFFFFFFFFFFFFFFF AND PUSH20 0xFFFFFFFFFFFFFFFFFFFFFFFFFFFFFFFFFFFFFFFF AND DUP2 MSTORE PUSH1 0x20 ADD SWAP2 POP POP PUSH1 0x40 MLOAD DUP1 SWAP2 SUB SWAP1 RETURN JUMPDEST CALLVALUE ISZERO PUSH2 0x4E8 JUMPI PUSH1 0x0 DUP1 REVERT JUMPDEST PUSH2 0x4F0 PUSH2 0xF67 JUMP JUMPDEST PUSH1 0x40 MLOAD DUP1 DUP1 PUSH1 0x20 ADD DUP3 DUP2 SUB DUP3 MSTORE DUP4 DUP2 DUP2 MLOAD DUP2 MSTORE PUSH1 0x20 ADD SWAP2 POP DUP1 MLOAD SWAP1 PUSH1 0x20 ADD SWAP1 DUP1 DUP4 DUP4 PUSH1 0x0 JUMPDEST DUP4 DUP2 LT ISZERO PUSH2 0x530 JUMPI DUP1 DUP3 ADD MLOAD DUP2 DUP5 ADD MSTORE PUSH1 0x20 DUP2 ADD SWAP1 POP PUSH2 0x515 JUMP JUMPDEST POP POP POP POP SWAP1 POP SWAP1 DUP2 ADD SWAP1 PUSH1 0x1F AND DUP1 ISZERO PUSH2 0x55D JUMPI DUP1 DUP3 SUB DUP1 MLOAD PUSH1 0x1 DUP4 PUSH1 0x20 SUB PUSH2 0x100 EXP SUB NOT AND DUP2 MSTORE PUSH1 0x20 ADD SWAP2 POP JUMPDEST POP SWAP3 POP POP POP PUSH1 0x40 MLOAD DUP1 SWAP2 SUB SWAP1 RETURN JUMPDEST PUSH2 0x573 PUSH2 0x1005 JUMP JUMPDEST STOP JUMPDEST CALLVALUE ISZERO PUSH2 0x580 JUMPI PUSH1 0x0 DUP1 REVERT JUMPDEST PUSH2 0x5B5 PUSH1 0x4 DUP1 DUP1 CALLDATALOAD PUSH20 0xFFFFFFFFFFFFFFFFFFFFFFFFFFFFFFFFFFFFFFFF AND SWAP1 PUSH1 0x20 ADD SWAP1 SWAP2 SWAP1 DUP1 CALLDATALOAD SWAP1 PUSH1 0x20 ADD SWAP1 SWAP2 SWAP1 POP POP PUSH2 0x1025 JUMP JUMPDEST STOP JUMPDEST CALLVALUE ISZERO PUSH2 0x5C2 JUMPI PUSH1 0x0 DUP1 REVERT JUMPDEST PUSH2 0x5EE PUSH1 0x4 DUP1 DUP1 CALLDATALOAD PUSH20 0xFFFFFFFFFFFFFFFFFFFFFFFFFFFFFFFFFFFFFFFF AND SWAP1 PUSH1 0x20 ADD SWAP1 SWAP2 SWAP1 POP POP PUSH2 0x1034 JUMP JUMPDEST PUSH1 0x40 MLOAD DUP1 DUP3 ISZERO ISZERO ISZERO ISZERO DUP2 MSTORE PUSH1 0x20 ADD SWAP2 POP POP PUSH1 0x40 MLOAD DUP1 SWAP2 SUB SWAP1 RETURN JUMPDEST CALLVALUE ISZERO PUSH2 0x613 JUMPI PUSH1 0x0 DUP1 REVERT JUMPDEST PUSH2 0x68B PUSH1 0x4 DUP1 DUP1 CALLDATALOAD PUSH20 0xFFFFFFFFFFFFFFFFFFFFFFFFFFFFFFFFFFFFFFFF AND SWAP1 PUSH1 0x20 ADD SWAP1 SWAP2 SWAP1 DUP1 CALLDATALOAD SWAP1 PUSH1 0x20 ADD SWAP1 SWAP2 SWAP1 DUP1 CALLDATALOAD SWAP1 PUSH1 0x20 ADD SWAP1 DUP3 ADD DUP1 CALLDATALOAD SWAP1 PUSH1 0x20 ADD SWAP1 DUP1 DUP1 PUSH1 0x1F ADD PUSH1 0x20 DUP1 SWAP2 DIV MUL PUSH1 0x20 ADD PUSH1 0x40 MLOAD SWAP1 DUP2 ADD PUSH1 0x40 MSTORE DUP1 SWAP4 SWAP3 SWAP2 SWAP1 DUP2 DUP2 MSTORE PUSH1 0x20 ADD DUP4 DUP4 DUP1 DUP3 DUP5 CALLDATACOPY DUP3 ADD SWAP2 POP POP POP POP POP POP SWAP2 SWAP1 POP POP PUSH2 0x1054 JUMP JUMPDEST PUSH1 0x40 MLOAD DUP1 DUP3 ISZERO ISZERO ISZERO ISZERO DUP2 MSTORE PUSH1 0x20 ADD SWAP2 POP POP PUSH1 0x40 MLOAD DUP1 SWAP2 SUB SWAP1 RETURN JUMPDEST CALLVALUE ISZERO PUSH2 0x6B0 JUMPI PUSH1 0x0 DUP1 REVERT JUMPDEST PUSH2 0x6FB PUSH1 0x4 DUP1 DUP1 CALLDATALOAD PUSH20 0xFFFFFFFFFFFFFFFFFFFFFFFFFFFFFFFFFFFFFFFF AND SWAP1 PUSH1 0x20 ADD SWAP1 SWAP2 SWAP1 DUP1 CALLDATALOAD PUSH20 0xFFFFFFFFFFFFFFFFFFFFFFFFFFFFFFFFFFFFFFFF AND SWAP1 PUSH1 0x20 ADD SWAP1 SWAP2 SWAP1 POP POP PUSH2 0x11D2 JUMP JUMPDEST PUSH1 0x40 MLOAD DUP1 DUP3 DUP2 MSTORE PUSH1 0x20 ADD SWAP2 POP POP PUSH1 0x40 MLOAD DUP1 SWAP2 SUB SWAP1 RETURN JUMPDEST CALLVALUE ISZERO PUSH2 0x71C JUMPI PUSH1 0x0 DUP1 REVERT JUMPDEST PUSH2 0x732 PUSH1 0x4 DUP1 DUP1 CALLDATALOAD SWAP1 PUSH1 0x20 ADD SWAP1 SWAP2 SWAP1 POP POP PUSH2 0x11F7 JUMP JUMPDEST STOP JUMPDEST CALLVALUE ISZERO PUSH2 0x73F JUMPI PUSH1 0x0 DUP1 REVERT JUMPDEST PUSH2 0x776 PUSH1 0x4 DUP1 DUP1 CALLDATALOAD PUSH20 0xFFFFFFFFFFFFFFFFFFFFFFFFFFFFFFFFFFFFFFFF AND SWAP1 PUSH1 0x20 ADD SWAP1 SWAP2 SWAP1 DUP1 CALLDATALOAD ISZERO ISZERO SWAP1 PUSH1 0x20 ADD SWAP1 SWAP2 SWAP1 POP POP PUSH2 0x1273 JUMP JUMPDEST STOP JUMPDEST CALLVALUE ISZERO PUSH2 0x783 JUMPI PUSH1 0x0 DUP1 REVERT JUMPDEST PUSH2 0x7AF PUSH1 0x4 DUP1 DUP1 CALLDATALOAD PUSH20 0xFFFFFFFFFFFFFFFFFFFFFFFFFFFFFFFFFFFFFFFF AND SWAP1 PUSH1 0x20 ADD SWAP1 SWAP2 SWAP1 POP POP PUSH2 0x1398 JUMP JUMPDEST STOP JUMPDEST PUSH1 0x0 DUP1 SWAP1 SLOAD SWAP1 PUSH2 0x100 EXP SWAP1 DIV PUSH20 0xFFFFFFFFFFFFFFFFFFFFFFFFFFFFFFFFFFFFFFFF AND PUSH20 0xFFFFFFFFFFFFFFFFFFFFFFFFFFFFFFFFFFFFFFFF AND CALLER PUSH20 0xFFFFFFFFFFFFFFFFFFFFFFFFFFFFFFFFFFFFFFFF AND EQ ISZERO ISZERO PUSH2 0x80C JUMPI PUSH1 0x0 DUP1 REVERT JUMPDEST DUP2 PUSH1 0x7 DUP2 SWAP1 SSTORE POP DUP1 PUSH1 0x8 DUP2 SWAP1 SSTORE POP POP POP JUMP JUMPDEST PUSH1 0x1 DUP1 SLOAD PUSH1 0x1 DUP2 PUSH1 0x1 AND ISZERO PUSH2 0x100 MUL SUB AND PUSH1 0x2 SWAP1 DIV DUP1 PUSH1 0x1F ADD PUSH1 0x20 DUP1 SWAP2 DIV MUL PUSH1 0x20 ADD PUSH1 0x40 MLOAD SWAP1 DUP2 ADD PUSH1 0x40 MSTORE DUP1 SWAP3 SWAP2 SWAP1 DUP2 DUP2 MSTORE PUSH1 0x20 ADD DUP3 DUP1 SLOAD PUSH1 0x1 DUP2 PUSH1 0x1 AND ISZERO PUSH2 0x100 MUL SUB AND PUSH1 0x2 SWAP1 DIV DUP1 ISZERO PUSH2 0x8B4 JUMPI DUP1 PUSH1 0x1F LT PUSH2 0x889 JUMPI PUSH2 0x100 DUP1 DUP4 SLOAD DIV MUL DUP4 MSTORE SWAP2 PUSH1 0x20 ADD SWAP2 PUSH2 0x8B4 JUMP JUMPDEST DUP3 ADD SWAP2 SWAP1 PUSH1 0x0 MSTORE PUSH1 0x20 PUSH1 0x0 KECCAK256 SWAP1 JUMPDEST DUP2 SLOAD DUP2 MSTORE SWAP1 PUSH1 0x1 ADD SWAP1 PUSH1 0x20 ADD DUP1 DUP4 GT PUSH2 0x897 JUMPI DUP3 SWAP1 SUB PUSH1 0x1F AND DUP3 ADD SWAP2 JUMPDEST POP POP POP POP POP DUP2 JUMP JUMPDEST PUSH1 0x0 DUP2 PUSH1 0x6 PUSH1 0x0 CALLER PUSH20 0xFFFFFFFFFFFFFFFFFFFFFFFFFFFFFFFFFFFFFFFF AND PUSH20 0xFFFFFFFFFFFFFFFFFFFFFFFFFFFFFFFFFFFFFFFF AND DUP2 MSTORE PUSH1 0x20 ADD SWAP1 DUP2 MSTORE PUSH1 0x20 ADD PUSH1 0x0 KECCAK256 PUSH1 0x0 DUP6 PUSH20 0xFFFFFFFFFFFFFFFFFFFFFFFFFFFFFFFFFFFFFFFF AND PUSH20 0xFFFFFFFFFFFFFFFFFFFFFFFFFFFFFFFFFFFFFFFF AND DUP2 MSTORE PUSH1 0x20 ADD SWAP1 DUP2 MSTORE PUSH1 0x20 ADD PUSH1 0x0 KECCAK256 DUP2 SWAP1 SSTORE POP PUSH1 0x1 SWAP1 POP SWAP3 SWAP2 POP POP JUMP JUMPDEST PUSH1 0x4 SLOAD DUP2 JUMP JUMPDEST PUSH1 0x0 PUSH1 0x6 PUSH1 0x0 DUP6 PUSH20 0xFFFFFFFFFFFFFFFFFFFFFFFFFFFFFFFFFFFFFFFF AND PUSH20 0xFFFFFFFFFFFFFFFFFFFFFFFFFFFFFFFFFFFFFFFF AND DUP2 MSTORE PUSH1 0x20 ADD SWAP1 DUP2 MSTORE PUSH1 0x20 ADD PUSH1 0x0 KECCAK256 PUSH1 0x0 CALLER PUSH20 0xFFFFFFFFFFFFFFFFFFFFFFFFFFFFFFFFFFFFFFFF AND PUSH20 0xFFFFFFFFFFFFFFFFFFFFFFFFFFFFFFFFFFFFFFFF AND DUP2 MSTORE PUSH1 0x20 ADD SWAP1 DUP2 MSTORE PUSH1 0x20 ADD PUSH1 0x0 KECCAK256 SLOAD DUP3 GT ISZERO ISZERO ISZERO PUSH2 0x9DC JUMPI PUSH1 0x0 DUP1 REVERT JUMPDEST DUP2 PUSH1 0x6 PUSH1 0x0 DUP7 PUSH20 0xFFFFFFFFFFFFFFFFFFFFFFFFFFFFFFFFFFFFFFFF AND PUSH20 0xFFFFFFFFFFFFFFFFFFFFFFFFFFFFFFFFFFFFFFFF AND DUP2 MSTORE PUSH1 0x20 ADD SWAP1 DUP2 MSTORE PUSH1 0x20 ADD PUSH1 0x0 KECCAK256 PUSH1 0x0 CALLER PUSH20 0xFFFFFFFFFFFFFFFFFFFFFFFFFFFFFFFFFFFFFFFF AND PUSH20 0xFFFFFFFFFFFFFFFFFFFFFFFFFFFFFFFFFFFFFFFF AND DUP2 MSTORE PUSH1 0x20 ADD SWAP1 DUP2 MSTORE PUSH1 0x20 ADD PUSH1 0x0 KECCAK256 PUSH1 0x0 DUP3 DUP3 SLOAD SUB SWAP3 POP POP DUP2 SWAP1 SSTORE POP PUSH2 0xA71 DUP5 DUP5 DUP5 PUSH2 0x1436 JUMP JUMPDEST PUSH1 0x1 SWAP1 POP SWAP4 SWAP3 POP POP POP JUMP JUMPDEST PUSH1 0x3 PUSH1 0x0 SWAP1 SLOAD SWAP1 PUSH2 0x100 EXP SWAP1 DIV PUSH1 0xFF AND DUP2 JUMP JUMPDEST PUSH1 0x0 DUP2 PUSH1 0x5 PUSH1 0x0 CALLER PUSH20 0xFFFFFFFFFFFFFFFFFFFFFFFFFFFFFFFFFFFFFFFF AND PUSH20 0xFFFFFFFFFFFFFFFFFFFFFFFFFFFFFFFFFFFFFFFF AND DUP2 MSTORE PUSH1 0x20 ADD SWAP1 DUP2 MSTORE PUSH1 0x20 ADD PUSH1 0x0 KECCAK256 SLOAD LT ISZERO ISZERO ISZERO PUSH2 0xADF JUMPI PUSH1 0x0 DUP1 REVERT JUMPDEST DUP2 PUSH1 0x5 PUSH1 0x0 CALLER PUSH20 0xFFFFFFFFFFFFFFFFFFFFFFFFFFFFFFFFFFFFFFFF AND PUSH20 0xFFFFFFFFFFFFFFFFFFFFFFFFFFFFFFFFFFFFFFFF AND DUP2 MSTORE PUSH1 0x20 ADD SWAP1 DUP2 MSTORE PUSH1 0x20 ADD PUSH1 0x0 KECCAK256 PUSH1 0x0 DUP3 DUP3 SLOAD SUB SWAP3 POP POP DUP2 SWAP1 SSTORE POP DUP2 PUSH1 0x4 PUSH1 0x0 DUP3 DUP3 SLOAD SUB SWAP3 POP POP DUP2 SWAP1 SSTORE POP CALLER PUSH20 0xFFFFFFFFFFFFFFFFFFFFFFFFFFFFFFFFFFFFFFFF AND PUSH32 0xCC16F5DBB4873280815C1EE09DBD06736CFFCC184412CF7A71A0FDB75D397CA5 DUP4 PUSH1 0x40 MLOAD DUP1 DUP3 DUP2 MSTORE PUSH1 0x20 ADD SWAP2 POP POP PUSH1 0x40 MLOAD DUP1 SWAP2 SUB SWAP1 LOG2 PUSH1 0x1 SWAP1 POP SWAP2 SWAP1 POP JUMP JUMPDEST PUSH1 0x7 SLOAD DUP2 JUMP JUMPDEST PUSH1 0x5 PUSH1 0x20 MSTORE DUP1 PUSH1 0x0 MSTORE PUSH1 0x40 PUSH1 0x0 KECCAK256 PUSH1 0x0 SWAP2 POP SWAP1 POP SLOAD DUP2 JUMP JUMPDEST PUSH1 0x0 DUP1 SWAP1 SLOAD SWAP1 PUSH2 0x100 EXP SWAP1 DIV PUSH20 0xFFFFFFFFFFFFFFFFFFFFFFFFFFFFFFFFFFFFFFFF AND PUSH20 0xFFFFFFFFFFFFFFFFFFFFFFFFFFFFFFFFFFFFFFFF AND CALLER PUSH20 0xFFFFFFFFFFFFFFFFFFFFFFFFFFFFFFFFFFFFFFFF AND EQ ISZERO ISZERO PUSH2 0xC0C JUMPI PUSH1 0x0 DUP1 REVERT JUMPDEST DUP1 PUSH1 0x5 PUSH1 0x0 DUP5 PUSH20 0xFFFFFFFFFFFFFFFFFFFFFFFFFFFFFFFFFFFFFFFF AND PUSH20 0xFFFFFFFFFFFFFFFFFFFFFFFFFFFFFFFFFFFFFFFF AND DUP2 MSTORE PUSH1 0x20 ADD SWAP1 DUP2 MSTORE PUSH1 0x20 ADD PUSH1 0x0 KECCAK256 PUSH1 0x0 DUP3 DUP3 SLOAD ADD SWAP3 POP POP DUP2 SWAP1 SSTORE POP DUP1 PUSH1 0x4 PUSH1 0x0 DUP3 DUP3 SLOAD ADD SWAP3 POP POP DUP2 SWAP1 SSTORE POP ADDRESS PUSH20 0xFFFFFFFFFFFFFFFFFFFFFFFFFFFFFFFFFFFFFFFF AND PUSH1 0x0 PUSH32 0xDDF252AD1BE2C89B69C2B068FC378DAA952BA7F163C4A11628F55A4DF523B3EF DUP4 PUSH1 0x40 MLOAD DUP1 DUP3 DUP2 MSTORE PUSH1 0x20 ADD SWAP2 POP POP PUSH1 0x40 MLOAD DUP1 SWAP2 SUB SWAP1 LOG3 DUP2 PUSH20 0xFFFFFFFFFFFFFFFFFFFFFFFFFFFFFFFFFFFFFFFF AND ADDRESS PUSH20 0xFFFFFFFFFFFFFFFFFFFFFFFFFFFFFFFFFFFFFFFF AND PUSH32 0xDDF252AD1BE2C89B69C2B068FC378DAA952BA7F163C4A11628F55A4DF523B3EF DUP4 PUSH1 0x40 MLOAD DUP1 DUP3 DUP2 MSTORE PUSH1 0x20 ADD SWAP2 POP POP PUSH1 0x40 MLOAD DUP1 SWAP2 SUB SWAP1 LOG3 POP POP JUMP JUMPDEST PUSH1 0x0 DUP2 PUSH1 0x5 PUSH1 0x0 DUP6 PUSH20 0xFFFFFFFFFFFFFFFFFFFFFFFFFFFFFFFFFFFFFFFF AND PUSH20 0xFFFFFFFFFFFFFFFFFFFFFFFFFFFFFFFFFFFFFFFF AND DUP2 MSTORE PUSH1 0x20 ADD SWAP1 DUP2 MSTORE PUSH1 0x20 ADD PUSH1 0x0 KECCAK256 SLOAD LT ISZERO ISZERO ISZERO PUSH2 0xD72 JUMPI PUSH1 0x0 DUP1 REVERT JUMPDEST PUSH1 0x6 PUSH1 0x0 DUP5 PUSH20 0xFFFFFFFFFFFFFFFFFFFFFFFFFFFFFFFFFFFFFFFF AND PUSH20 0xFFFFFFFFFFFFFFFFFFFFFFFFFFFFFFFFFFFFFFFF AND DUP2 MSTORE PUSH1 0x20 ADD SWAP1 DUP2 MSTORE PUSH1 0x20 ADD PUSH1 0x0 KECCAK256 PUSH1 0x0 CALLER PUSH20 0xFFFFFFFFFFFFFFFFFFFFFFFFFFFFFFFFFFFFFFFF AND PUSH20 0xFFFFFFFFFFFFFFFFFFFFFFFFFFFFFFFFFFFFFFFF AND DUP2 MSTORE PUSH1 0x20 ADD SWAP1 DUP2 MSTORE PUSH1 0x20 ADD PUSH1 0x0 KECCAK256 SLOAD DUP3 GT ISZERO ISZERO ISZERO PUSH2 0xDFD JUMPI PUSH1 0x0 DUP1 REVERT JUMPDEST DUP2 PUSH1 0x5 PUSH1 0x0 DUP6 PUSH20 0xFFFFFFFFFFFFFFFFFFFFFFFFFFFFFFFFFFFFFFFF AND PUSH20 0xFFFFFFFFFFFFFFFFFFFFFFFFFFFFFFFFFFFFFFFF AND DUP2 MSTORE PUSH1 0x20 ADD SWAP1 DUP2 MSTORE PUSH1 0x20 ADD PUSH1 0x0 KECCAK256 PUSH1 0x0 DUP3 DUP3 SLOAD SUB SWAP3 POP POP DUP2 SWAP1 SSTORE POP DUP2 PUSH1 0x6 PUSH1 0x0 DUP6 PUSH20 0xFFFFFFFFFFFFFFFFFFFFFFFFFFFFFFFFFFFFFFFF AND PUSH20 0xFFFFFFFFFFFFFFFFFFFFFFFFFFFFFFFFFFFFFFFF AND DUP2 MSTORE PUSH1 0x20 ADD SWAP1 DUP2 MSTORE PUSH1 0x20 ADD PUSH1 0x0 KECCAK256 PUSH1 0x0 CALLER PUSH20 0xFFFFFFFFFFFFFFFFFFFFFFFFFFFFFFFFFFFFFFFF AND PUSH20 0xFFFFFFFFFFFFFFFFFFFFFFFFFFFFFFFFFFFFFFFF AND DUP2 MSTORE PUSH1 0x20 ADD SWAP1 DUP2 MSTORE PUSH1 0x20 ADD PUSH1 0x0 KECCAK256 PUSH1 0x0 DUP3 DUP3 SLOAD SUB SWAP3 POP POP DUP2 SWAP1 SSTORE POP DUP2 PUSH1 0x4 PUSH1 0x0 DUP3 DUP3 SLOAD SUB SWAP3 POP POP DUP2 SWAP1 SSTORE POP DUP3 PUSH20 0xFFFFFFFFFFFFFFFFFFFFFFFFFFFFFFFFFFFFFFFF AND PUSH32 0xCC16F5DBB4873280815C1EE09DBD06736CFFCC184412CF7A71A0FDB75D397CA5 DUP4 PUSH1 0x40 MLOAD DUP1 DUP3 DUP2 MSTORE PUSH1 0x20 ADD SWAP2 POP POP PUSH1 0x40 MLOAD DUP1 SWAP2 SUB SWAP1 LOG2 PUSH1 0x1 SWAP1 POP SWAP3 SWAP2 POP POP JUMP JUMPDEST PUSH1 0x8 SLOAD DUP2 JUMP JUMPDEST PUSH1 0x0 DUP1 SWAP1 SLOAD SWAP1 PUSH2 0x100 EXP SWAP1 DIV PUSH20 0xFFFFFFFFFFFFFFFFFFFFFFFFFFFFFFFFFFFFFFFF AND DUP2 JUMP JUMPDEST PUSH1 0x2 DUP1 SLOAD PUSH1 0x1 DUP2 PUSH1 0x1 AND ISZERO PUSH2 0x100 MUL SUB AND PUSH1 0x2 SWAP1 DIV DUP1 PUSH1 0x1F ADD PUSH1 0x20 DUP1 SWAP2 DIV MUL PUSH1 0x20 ADD PUSH1 0x40 MLOAD SWAP1 DUP2 ADD PUSH1 0x40 MSTORE DUP1 SWAP3 SWAP2 SWAP1 DUP2 DUP2 MSTORE PUSH1 0x20 ADD DUP3 DUP1 SLOAD PUSH1 0x1 DUP2 PUSH1 0x1 AND ISZERO PUSH2 0x100 MUL SUB AND PUSH1 0x2 SWAP1 DIV DUP1 ISZERO PUSH2 0xFFD JUMPI DUP1 PUSH1 0x1F LT PUSH2 0xFD2 JUMPI PUSH2 0x100 DUP1 DUP4 SLOAD DIV MUL DUP4 MSTORE SWAP2 PUSH1 0x20 ADD SWAP2 PUSH2 0xFFD JUMP JUMPDEST DUP3 ADD SWAP2 SWAP1 PUSH1 0x0 MSTORE PUSH1 0x20 PUSH1 0x0 KECCAK256 SWAP1 JUMPDEST DUP2 SLOAD DUP2 MSTORE SWAP1 PUSH1 0x1 ADD SWAP1 PUSH1 0x20 ADD DUP1 DUP4 GT PUSH2 0xFE0 JUMPI DUP3 SWAP1 SUB PUSH1 0x1F AND DUP3 ADD SWAP2 JUMPDEST POP POP POP POP POP DUP2 JUMP JUMPDEST PUSH1 0x0 PUSH1 0x8 SLOAD CALLVALUE DUP2 ISZERO ISZERO PUSH2 0x1014 JUMPI INVALID JUMPDEST DIV SWAP1 POP PUSH2 0x1022 ADDRESS CALLER DUP4 PUSH2 0x1436 JUMP JUMPDEST POP JUMP JUMPDEST PUSH2 0x1030 CALLER DUP4 DUP4 PUSH2 0x1436 JUMP JUMPDEST POP POP JUMP JUMPDEST PUSH1 0x9 PUSH1 0x20 MSTORE DUP1 PUSH1 0x0 MSTORE PUSH1 0x40 PUSH1 0x0 KECCAK256 PUSH1 0x0 SWAP2 POP SLOAD SWAP1 PUSH2 0x100 EXP SWAP1 DIV PUSH1 0xFF AND DUP2 JUMP JUMPDEST PUSH1 0x0 DUP1 DUP5 SWAP1 POP PUSH2 0x1064 DUP6 DUP6 PUSH2 0x8BC JUMP JUMPDEST ISZERO PUSH2 0x11C9 JUMPI DUP1 PUSH20 0xFFFFFFFFFFFFFFFFFFFFFFFFFFFFFFFFFFFFFFFF AND PUSH4 0x8F4FFCB1 CALLER DUP7 ADDRESS DUP8 PUSH1 0x40 MLOAD DUP6 PUSH4 0xFFFFFFFF AND PUSH29 0x100000000000000000000000000000000000000000000000000000000 MUL DUP2 MSTORE PUSH1 0x4 ADD DUP1 DUP6 PUSH20 0xFFFFFFFFFFFFFFFFFFFFFFFFFFFFFFFFFFFFFFFF AND PUSH20 0xFFFFFFFFFFFFFFFFFFFFFFFFFFFFFFFFFFFFFFFF AND DUP2 MSTORE PUSH1 0x20 ADD DUP5 DUP2 MSTORE PUSH1 0x20 ADD DUP4 PUSH20 0xFFFFFFFFFFFFFFFFFFFFFFFFFFFFFFFFFFFFFFFF AND PUSH20 0xFFFFFFFFFFFFFFFFFFFFFFFFFFFFFFFFFFFFFFFF AND DUP2 MSTORE PUSH1 0x20 ADD DUP1 PUSH1 0x20 ADD DUP3 DUP2 SUB DUP3 MSTORE DUP4 DUP2 DUP2 MLOAD DUP2 MSTORE PUSH1 0x20 ADD SWAP2 POP DUP1 MLOAD SWAP1 PUSH1 0x20 ADD SWAP1 DUP1 DUP4 DUP4 PUSH1 0x0 JUMPDEST DUP4 DUP2 LT ISZERO PUSH2 0x115E JUMPI DUP1 DUP3 ADD MLOAD DUP2 DUP5 ADD MSTORE PUSH1 0x20 DUP2 ADD SWAP1 POP PUSH2 0x1143 JUMP JUMPDEST POP POP POP POP SWAP1 POP SWAP1 DUP2 ADD SWAP1 PUSH1 0x1F AND DUP1 ISZERO PUSH2 0x118B JUMPI DUP1 DUP3 SUB DUP1 MLOAD PUSH1 0x1 DUP4 PUSH1 0x20 SUB PUSH2 0x100 EXP SUB NOT AND DUP2 MSTORE PUSH1 0x20 ADD SWAP2 POP JUMPDEST POP SWAP6 POP POP POP POP POP POP PUSH1 0x0 PUSH1 0x40 MLOAD DUP1 DUP4 SUB DUP2 PUSH1 0x0 DUP8 DUP1 EXTCODESIZE ISZERO ISZERO PUSH2 0x11AC JUMPI PUSH1 0x0 DUP1 REVERT JUMPDEST PUSH2 0x2C6 GAS SUB CALL ISZERO ISZERO PUSH2 0x11BD JUMPI PUSH1 0x0 DUP1 REVERT JUMPDEST POP POP POP PUSH1 0x1 SWAP2 POP PUSH2 0x11CA JUMP JUMPDEST JUMPDEST POP SWAP4 SWAP3 POP POP POP JUMP JUMPDEST PUSH1 0x6 PUSH1 0x20 MSTORE DUP2 PUSH1 0x0 MSTORE PUSH1 0x40 PUSH1 0x0 KECCAK256 PUSH1 0x20 MSTORE DUP1 PUSH1 0x0 MSTORE PUSH1 0x40 PUSH1 0x0 KECCAK256 PUSH1 0x0 SWAP2 POP SWAP2 POP POP SLOAD DUP2 JUMP JUMPDEST PUSH1 0x7 SLOAD DUP2 MUL ADDRESS PUSH20 0xFFFFFFFFFFFFFFFFFFFFFFFFFFFFFFFFFFFFFFFF AND BALANCE LT ISZERO ISZERO ISZERO PUSH2 0x1221 JUMPI PUSH1 0x0 DUP1 REVERT JUMPDEST PUSH2 0x122C CALLER ADDRESS DUP4 PUSH2 0x1436 JUMP JUMPDEST CALLER PUSH20 0xFFFFFFFFFFFFFFFFFFFFFFFFFFFFFFFFFFFFFFFF AND PUSH2 0x8FC PUSH1 0x7 SLOAD DUP4 MUL SWAP1 DUP2 ISZERO MUL SWAP1 PUSH1 0x40 MLOAD PUSH1 0x0 PUSH1 0x40 MLOAD DUP1 DUP4 SUB DUP2 DUP6 DUP9 DUP9 CALL SWAP4 POP POP POP POP ISZERO ISZERO PUSH2 0x1270 JUMPI PUSH1 0x0 DUP1 REVERT JUMPDEST POP JUMP JUMPDEST PUSH1 0x0 DUP1 SWAP1 SLOAD SWAP1 PUSH2 0x100 EXP SWAP1 DIV PUSH20 0xFFFFFFFFFFFFFFFFFFFFFFFFFFFFFFFFFFFFFFFF AND PUSH20 0xFFFFFFFFFFFFFFFFFFFFFFFFFFFFFFFFFFFFFFFF AND CALLER PUSH20 0xFFFFFFFFFFFFFFFFFFFFFFFFFFFFFFFFFFFFFFFF AND EQ ISZERO ISZERO PUSH2 0x12CE JUMPI PUSH1 0x0 DUP1 REVERT JUMPDEST DUP1 PUSH1 0x9 PUSH1 0x0 DUP5 PUSH20 0xFFFFFFFFFFFFFFFFFFFFFFFFFFFFFFFFFFFFFFFF AND PUSH20 0xFFFFFFFFFFFFFFFFFFFFFFFFFFFFFFFFFFFFFFFF AND DUP2 MSTORE PUSH1 0x20 ADD SWAP1 DUP2 MSTORE PUSH1 0x20 ADD PUSH1 0x0 KECCAK256 PUSH1 0x0 PUSH2 0x100 EXP DUP2 SLOAD DUP2 PUSH1 0xFF MUL NOT AND SWAP1 DUP4 ISZERO ISZERO MUL OR SWAP1 SSTORE POP PUSH32 0x48335238B4855F35377ED80F164E8C6F3C366E54AC00B96A6402D4A9814A03A5 DUP3 DUP3 PUSH1 0x40 MLOAD DUP1 DUP4 PUSH20 0xFFFFFFFFFFFFFFFFFFFFFFFFFFFFFFFFFFFFFFFF AND PUSH20 0xFFFFFFFFFFFFFFFFFFFFFFFFFFFFFFFFFFFFFFFF AND DUP2 MSTORE PUSH1 0x20 ADD DUP3 ISZERO ISZERO ISZERO ISZERO DUP2 MSTORE PUSH1 0x20 ADD SWAP3 POP POP POP PUSH1 0x40 MLOAD DUP1 SWAP2 SUB SWAP1 LOG1 POP POP JUMP JUMPDEST PUSH1 0x0 DUP1 SWAP1 SLOAD SWAP1 PUSH2 0x100 EXP SWAP1 DIV PUSH20 0xFFFFFFFFFFFFFFFFFFFFFFFFFFFFFFFFFFFFFFFF AND PUSH20 0xFFFFFFFFFFFFFFFFFFFFFFFFFFFFFFFFFFFFFFFF AND CALLER PUSH20 0xFFFFFFFFFFFFFFFFFFFFFFFFFFFFFFFFFFFFFFFF AND EQ ISZERO ISZERO PUSH2 0x13F3 JUMPI PUSH1 0x0 DUP1 REVERT JUMPDEST DUP1 PUSH1 0x0 DUP1 PUSH2 0x100 EXP DUP2 SLOAD DUP2 PUSH20 0xFFFFFFFFFFFFFFFFFFFFFFFFFFFFFFFFFFFFFFFF MUL NOT AND SWAP1 DUP4 PUSH20 0xFFFFFFFFFFFFFFFFFFFFFFFFFFFFFFFFFFFFFFFF AND MUL OR SWAP1 SSTORE POP POP JUMP JUMPDEST PUSH1 0x0 DUP3 PUSH20 0xFFFFFFFFFFFFFFFFFFFFFFFFFFFFFFFFFFFFFFFF AND EQ ISZERO ISZERO ISZERO PUSH2 0x145C JUMPI PUSH1 0x0 DUP1 REVERT JUMPDEST DUP1 PUSH1 0x5 PUSH1 0x0 DUP6 PUSH20 0xFFFFFFFFFFFFFFFFFFFFFFFFFFFFFFFFFFFFFFFF AND PUSH20 0xFFFFFFFFFFFFFFFFFFFFFFFFFFFFFFFFFFFFFFFF AND DUP2 MSTORE PUSH1 0x20 ADD SWAP1 DUP2 MSTORE PUSH1 0x20 ADD PUSH1 0x0 KECCAK256 SLOAD LT ISZERO ISZERO ISZERO PUSH2 0x14AA JUMPI PUSH1 0x0 DUP1 REVERT JUMPDEST PUSH1 0x5 PUSH1 0x0 DUP4 PUSH20 0xFFFFFFFFFFFFFFFFFFFFFFFFFFFFFFFFFFFFFFFF AND PUSH20 0xFFFFFFFFFFFFFFFFFFFFFFFFFFFFFFFFFFFFFFFF AND DUP2 MSTORE PUSH1 0x20 ADD SWAP1 DUP2 MSTORE PUSH1 0x20 ADD PUSH1 0x0 KECCAK256 SLOAD DUP2 PUSH1 0x5 PUSH1 0x0 DUP6 PUSH20 0xFFFFFFFFFFFFFFFFFFFFFFFFFFFFFFFFFFFFFFFF AND PUSH20 0xFFFFFFFFFFFFFFFFFFFFFFFFFFFFFFFFFFFFFFFF AND DUP2 MSTORE PUSH1 0x20 ADD SWAP1 DUP2 MSTORE PUSH1 0x20 ADD PUSH1 0x0 KECCAK256 SLOAD ADD GT ISZERO ISZERO PUSH2 0x1538 JUMPI PUSH1 0x0 DUP1 REVERT JUMPDEST PUSH1 0x9 PUSH1 0x0 DUP5 PUSH20 0xFFFFFFFFFFFFFFFFFFFFFFFFFFFFFFFFFFFFFFFF AND PUSH20 0xFFFFFFFFFFFFFFFFFFFFFFFFFFFFFFFFFFFFFFFF AND DUP2 MSTORE PUSH1 0x20 ADD SWAP1 DUP2 MSTORE PUSH1 0x20 ADD PUSH1 0x0 KECCAK256 PUSH1 0x0 SWAP1 SLOAD SWAP1 PUSH2 0x100 EXP SWAP1 DIV PUSH1 0xFF AND ISZERO ISZERO ISZERO PUSH2 0x1591 JUMPI PUSH1 0x0 DUP1 REVERT JUMPDEST PUSH1 0x9 PUSH1 0x0 DUP4 PUSH20 0xFFFFFFFFFFFFFFFFFFFFFFFFFFFFFFFFFFFFFFFF AND PUSH20 0xFFFFFFFFFFFFFFFFFFFFFFFFFFFFFFFFFFFFFFFF AND DUP2 MSTORE PUSH1 0x20 ADD SWAP1 DUP2 MSTORE PUSH1 0x20 ADD PUSH1 0x0 KECCAK256 PUSH1 0x0 SWAP1 SLOAD SWAP1 PUSH2 0x100 EXP SWAP1 DIV PUSH1 0xFF AND ISZERO ISZERO ISZERO PUSH2 0x15EA JUMPI PUSH1 0x0 DUP1 REVERT JUMPDEST DUP1 PUSH1 0x5 PUSH1 0x0 DUP6 PUSH20 0xFFFFFFFFFFFFFFFFFFFFFFFFFFFFFFFFFFFFFFFF AND PUSH20 0xFFFFFFFFFFFFFFFFFFFFFFFFFFFFFFFFFFFFFFFF AND DUP2 MSTORE PUSH1 0x20 ADD SWAP1 DUP2 MSTORE PUSH1 0x20 ADD PUSH1 0x0 KECCAK256 PUSH1 0x0 DUP3 DUP3 SLOAD SUB SWAP3 POP POP DUP2 SWAP1 SSTORE POP DUP1 PUSH1 0x5 PUSH1 0x0 DUP5 PUSH20 0xFFFFFFFFFFFFFFFFFFFFFFFFFFFFFFFFFFFFFFFF AND PUSH20 0xFFFFFFFFFFFFFFFFFFFFFFFFFFFFFFFFFFFFFFFF AND DUP2 MSTORE PUSH1 0x20 ADD SWAP1 DUP2 MSTORE PUSH1 0x20 ADD PUSH1 0x0 KECCAK256 PUSH1 0x0 DUP3 DUP3 SLOAD ADD SWAP3 POP POP DUP2 SWAP1 SSTORE POP DUP2 PUSH20 0xFFFFFFFFFFFFFFFFFFFFFFFFFFFFFFFFFFFFFFFF AND DUP4 PUSH20 0xFFFFFFFFFFFFFFFFFFFFFFFFFFFFFFFFFFFFFFFF AND PUSH32 0xDDF252AD1BE2C89B69C2B068FC378DAA952BA7F163C4A11628F55A4DF523B3EF DUP4 PUSH1 0x40 MLOAD DUP1 DUP3 DUP2 MSTORE PUSH1 0x20 ADD SWAP2 POP POP PUSH1 0x40 MLOAD DUP1 SWAP2 SUB SWAP1 LOG3 POP POP POP JUMP STOP LOG1 PUSH6 0x627A7A723058 KECCAK256 PUSH18 0x51B44CD92987281BF576BD481D838E6312DB 0xb3 0xea 0xd6 DUP5 0xa5 PUSH20 0x4D88039FA9E76A00290000000000000000000000
1,PUSH1 0x60 PUSH1 0x40 MSTORE CALLVALUE ISZERO PUSH2 0xF JUMPI PUSH1 0x0 DUP1 REVERT JUMPDEST PUSH2 0x379 DUP1 PUSH2 0x1E PUSH1 0x0 CODECOPY PUSH1 0x0 RETURN STOP PUSH1 0x60 PUSH1 0x40 MSTORE PUSH1 0x4 CALLDATASIZE LT PUSH2 0x57 JUMPI PUSH1 0x0 CALLDATALOAD PUSH29 0x100000000000000000000000000000000000000000000000000000000 SWAP1 DIV PUSH4 0xFFFFFFFF AND DUP1 PUSH4 0x18160DDD EQ PUSH2 0x5C JUMPI DUP1 PUSH4 0x70A08231 EQ PUSH2 0x85 JUMPI DUP1 PUSH4 0xA9059CBB EQ PUSH2 0xD2 JUMPI JUMPDEST PUSH1 0x0 DUP1 REVERT JUMPDEST CALLVALUE ISZERO PUSH2 0x67 JUMPI PUSH1 0x0 DUP1 REVERT JUMPDEST PUSH2 0x6F PUSH2 0x12C JUMP JUMPDEST PUSH1 0x40 MLOAD DUP1 DUP3 DUP2 MSTORE PUSH1 0x20 ADD SWAP2 POP POP PUSH1 0x40 MLOAD DUP1 SWAP2 SUB SWAP1 RETURN JUMPDEST CALLVALUE ISZERO PUSH2 0x90 JUMPI PUSH1 0x0 DUP1 REVERT JUMPDEST PUSH2 0xBC PUSH1 0x4 DUP1 DUP1 CALLDATALOAD PUSH20 0xFFFFFFFFFFFFFFFFFFFFFFFFFFFFFFFFFFFFFFFF AND SWAP1 PUSH1 0x20 ADD SWAP1 SWAP2 SWAP1 POP POP PUSH2 0x132 JUMP JUMPDEST PUSH1 0x40 MLOAD DUP1 DUP3 DUP2 MSTORE PUSH1 0x20 ADD SWAP2 POP POP PUSH1 0x40 MLOAD DUP1 SWAP2 SUB SWAP1 RETURN JUMPDEST CALLVALUE ISZERO PUSH2 0xDD JUMPI PUSH1 0x0 DUP1 REVERT JUMPDEST PUSH2 0x112 PUSH1 0x4 DUP1 DUP1 CALLDATALOAD PUSH20 0xFFFFFFFFFFFFFFFFFFFFFFFFFFFFFFFFFFFFFFFF AND SWAP1 PUSH1 0x20 ADD SWAP1 SWAP2 SWAP1 DUP1 CALLDATALOAD SWAP1 PUSH1 0x20 ADD SWAP1 SWAP2 SWAP1 POP POP PUSH2 0x17B JUMP JUMPDEST PUSH1 0x40 MLOAD DUP1 DUP3 ISZERO ISZERO ISZERO ISZERO DUP2 MSTORE PUSH1 0x20 ADD SWAP2 POP POP PUSH1 0x40 MLOAD DUP1 SWAP2 SUB SWAP1 RETURN JUMPDEST PUSH1 0x0 SLOAD DUP2 JUMP JUMPDEST PUSH1 0x0 PUSH1 0x1 PUSH1 0x0 DUP4 PUSH20 0xFFFFFFFFFFFFFFFFFFFFFFFFFFFFFFFFFFFFFFFF AND PUSH20 0xFFFFFFFFFFFFFFFFFFFFFFFFFFFFFFFFFFFFFFFF AND DUP2 MSTORE PUSH1 0x20 ADD SWAP1 DUP2 MSTORE PUSH1 0x20 ADD PUSH1 0x0 KECCAK256 SLOAD SWAP1 POP SWAP2 SWAP1 POP JUMP JUMPDEST PUSH1 0x0 PUSH2 0x1CF DUP3 PUSH1 0x1 PUSH1 0x0 CALLER PUSH20 0xFFFFFFFFFFFFFFFFFFFFFFFFFFFFFFFFFFFFFFFF AND PUSH20 0xFFFFFFFFFFFFFFFFFFFFFFFFFFFFFFFFFFFFFFFF AND DUP2 MSTORE PUSH1 0x20 ADD SWAP1 DUP2 MSTORE PUSH1 0x20 ADD PUSH1 0x0 KECCAK256 SLOAD PUSH2 0x316 SWAP1 SWAP2 SWAP1 PUSH4 0xFFFFFFFF AND JUMP JUMPDEST PUSH1 0x1 PUSH1 0x0 CALLER PUSH20 0xFFFFFFFFFFFFFFFFFFFFFFFFFFFFFFFFFFFFFFFF AND PUSH20 0xFFFFFFFFFFFFFFFFFFFFFFFFFFFFFFFFFFFFFFFF AND DUP2 MSTORE PUSH1 0x20 ADD SWAP1 DUP2 MSTORE PUSH1 0x20 ADD PUSH1 0x0 KECCAK256 DUP2 SWAP1 SSTORE POP PUSH2 0x264 DUP3 PUSH1 0x1 PUSH1 0x0 DUP7 PUSH20 0xFFFFFFFFFFFFFFFFFFFFFFFFFFFFFFFFFFFFFFFF AND PUSH20 0xFFFFFFFFFFFFFFFFFFFFFFFFFFFFFFFFFFFFFFFF AND DUP2 MSTORE PUSH1 0x20 ADD SWAP1 DUP2 MSTORE PUSH1 0x20 ADD PUSH1 0x0 KECCAK256 SLOAD PUSH2 0x32F SWAP1 SWAP2 SWAP1 PUSH4 0xFFFFFFFF AND JUMP JUMPDEST PUSH1 0x1 PUSH1 0x0 DUP6 PUSH20 0xFFFFFFFFFFFFFFFFFFFFFFFFFFFFFFFFFFFFFFFF AND PUSH20 0xFFFFFFFFFFFFFFFFFFFFFFFFFFFFFFFFFFFFFFFF AND DUP2 MSTORE PUSH1 0x20 ADD SWAP1 DUP2 MSTORE PUSH1 0x20 ADD PUSH1 0x0 KECCAK256 DUP2 SWAP1 SSTORE POP DUP3 PUSH20 0xFFFFFFFFFFFFFFFFFFFFFFFFFFFFFFFFFFFFFFFF AND CALLER PUSH20 0xFFFFFFFFFFFFFFFFFFFFFFFFFFFFFFFFFFFFFFFF AND PUSH32 0xDDF252AD1BE2C89B69C2B068FC378DAA952BA7F163C4A11628F55A4DF523B3EF DUP5 PUSH1 0x40 MLOAD DUP1 DUP3 DUP2 MSTORE PUSH1 0x20 ADD SWAP2 POP POP PUSH1 0x40 MLOAD DUP1 SWAP2 SUB SWAP1 LOG3 PUSH1 0x1 SWAP1 POP SWAP3 SWAP2 POP POP JUMP JUMPDEST PUSH1 0x0 DUP3 DUP3 GT ISZERO ISZERO ISZERO PUSH2 0x324 JUMPI INVALID JUMPDEST DUP2 DUP4 SUB SWAP1 POP SWAP3 SWAP2 POP POP JUMP JUMPDEST PUSH1 0x0 DUP1 DUP3 DUP5 ADD SWAP1 POP DUP4 DUP2 LT ISZERO ISZERO ISZERO PUSH2 0x343 JUMPI INVALID JUMPDEST DUP1 SWAP2 POP POP SWAP3 SWAP2 POP POP JUMP STOP LOG1 PUSH6 0x627A7A723058 KECCAK256 LOG4 0xd5 PUSH1 0xE7 0xe0 SWAP6 PUSH19 0x7BF84B83329C0765F6E0D765A77C6A391B10C2 0xea 0xc4 0x25 DUP16 SWAP14 AND STOP 0x29
1,PUSH1 0x60 PUSH1 0x40 MSTORE PUSH20 0x6012C8CF97BEAD5DEAE237070F9587F8E7A266D PUSH1 0x1 PUSH1 0x0 PUSH2 0x100 EXP DUP2 SLOAD DUP2 PUSH20 0xFFFFFFFFFFFFFFFFFFFFFFFFFFFFFFFFFFFFFFFF MUL NOT AND SWAP1 DUP4 PUSH20 0xFFFFFFFFFFFFFFFFFFFFFFFFFFFFFFFFFFFFFFFF AND MUL OR SWAP1 SSTORE POP PUSH20 0xB1690C08E213A35ED9BAB7B318DE14420FB57D8C PUSH1 0x2 PUSH1 0x0 PUSH2 0x100 EXP DUP2 SLOAD DUP2 PUSH20 0xFFFFFFFFFFFFFFFFFFFFFFFFFFFFFFFFFFFFFFFF MUL NOT AND SWAP1 DUP4 PUSH20 0xFFFFFFFFFFFFFFFFFFFFFFFFFFFFFFFFFFFFFFFF AND MUL OR SWAP1 SSTORE POP PUSH20 0xB30CB3B3E03A508DB2A0A3E07BA1297B47BB0FB1 PUSH1 0x3 PUSH1 0x0 PUSH2 0x100 EXP DUP2 SLOAD DUP2 PUSH20 0xFFFFFFFFFFFFFFFFFFFFFFFFFFFFFFFFFFFFFFFF MUL NOT AND SWAP1 DUP4 PUSH20 0xFFFFFFFFFFFFFFFFFFFFFFFFFFFFFFFFFFFFFFFF AND MUL OR SWAP1 SSTORE POP PUSH1 0xF PUSH1 0x6 SSTORE PUSH1 0xF PUSH1 0x7 SSTORE PUSH7 0x2386F26FC10000 PUSH1 0x8 SSTORE PUSH1 0x1 PUSH1 0x9 SSTORE PUSH1 0xA DUP1 SSTORE PUSH1 0x40 DUP1 MLOAD SWAP1 DUP2 ADD PUSH1 0x40 MSTORE DUP1 PUSH1 0xE DUP2 MSTORE PUSH1 0x20 ADD PUSH32 0x43727970746F2053707269746573000000000000000000000000000000000000 DUP2 MSTORE POP PUSH1 0x13 SWAP1 DUP1 MLOAD SWAP1 PUSH1 0x20 ADD SWAP1 PUSH3 0x16E SWAP3 SWAP2 SWAP1 PUSH3 0x22B JUMP JUMPDEST POP PUSH1 0x40 DUP1 MLOAD SWAP1 DUP2 ADD PUSH1 0x40 MSTORE DUP1 PUSH1 0x3 DUP2 MSTORE PUSH1 0x20 ADD PUSH32 0x4352530000000000000000000000000000000000000000000000000000000000 DUP2 MSTORE POP PUSH1 0x14 SWAP1 DUP1 MLOAD SWAP1 PUSH1 0x20 ADD SWAP1 PUSH3 0x1BC SWAP3 SWAP2 SWAP1 PUSH3 0x22B JUMP JUMPDEST POP PUSH1 0x0 PUSH1 0x15 PUSH1 0x0 PUSH2 0x100 EXP DUP2 SLOAD DUP2 PUSH1 0xFF MUL NOT AND SWAP1 DUP4 PUSH1 0xFF AND MUL OR SWAP1 SSTORE POP CALLVALUE ISZERO PUSH3 0x1E5 JUMPI PUSH1 0x0 DUP1 REVERT JUMPDEST CALLER PUSH1 0x0 DUP1 PUSH2 0x100 EXP DUP2 SLOAD DUP2 PUSH20 0xFFFFFFFFFFFFFFFFFFFFFFFFFFFFFFFFFFFFFFFF MUL NOT AND SWAP1 DUP4 PUSH20 0xFFFFFFFFFFFFFFFFFFFFFFFFFFFFFFFFFFFFFFFF AND MUL OR SWAP1 SSTORE POP PUSH3 0x2DA JUMP JUMPDEST DUP3 DUP1 SLOAD PUSH1 0x1 DUP2 PUSH1 0x1 AND ISZERO PUSH2 0x100 MUL SUB AND PUSH1 0x2 SWAP1 DIV SWAP1 PUSH1 0x0 MSTORE PUSH1 0x20 PUSH1 0x0 KECCAK256 SWAP1 PUSH1 0x1F ADD PUSH1 0x20 SWAP1 DIV DUP2 ADD SWAP3 DUP3 PUSH1 0x1F LT PUSH3 0x26E JUMPI DUP1 MLOAD PUSH1 0xFF NOT AND DUP4 DUP1 ADD OR DUP6 SSTORE PUSH3 0x29F JUMP JUMPDEST DUP3 DUP1 ADD PUSH1 0x1 ADD DUP6 SSTORE DUP3 ISZERO PUSH3 0x29F JUMPI SWAP2 DUP3 ADD JUMPDEST DUP3 DUP2 GT ISZERO PUSH3 0x29E JUMPI DUP3 MLOAD DUP3 SSTORE SWAP2 PUSH1 0x20 ADD SWAP2 SWAP1 PUSH1 0x1 ADD SWAP1 PUSH3 0x281 JUMP JUMPDEST JUMPDEST POP SWAP1 POP PUSH3 0x2AE SWAP2 SWAP1 PUSH3 0x2B2 JUMP JUMPDEST POP SWAP1 JUMP JUMPDEST PUSH3 0x2D7 SWAP2 SWAP1 JUMPDEST DUP1 DUP3 GT ISZERO PUSH3 0x2D3 JUMPI PUSH1 0x0 DUP2 PUSH1 0x0 SWAP1 SSTORE POP PUSH1 0x1 ADD PUSH3 0x2B9 JUMP JUMPDEST POP SWAP1 JUMP JUMPDEST SWAP1 JUMP JUMPDEST PUSH2 0x3664 DUP1 PUSH3 0x2EA PUSH1 0x0 CODECOPY PUSH1 0x0 RETURN STOP PUSH1 0x60 PUSH1 0x40 MSTORE PUSH1 0x4 CALLDATASIZE LT PUSH2 0x21A JUMPI PUSH1 0x0 CALLDATALOAD PUSH29 0x100000000000000000000000000000000000000000000000000000000 SWAP1 DIV PUSH4 0xFFFFFFFF AND DUP1 PUSH4 0x1FFC9A7 EQ PUSH2 0x21C JUMPI DUP1 PUSH4 0x6FDDE03 EQ PUSH2 0x276 JUMPI DUP1 PUSH4 0x95EA7B3 EQ PUSH2 0x304 JUMPI DUP1 PUSH4 0xA71D020 EQ PUSH2 0x346 JUMPI DUP1 PUSH4 0x18160DDD EQ PUSH2 0x369 JUMPI DUP1 PUSH4 0x186E4297 EQ PUSH2 0x392 JUMPI DUP1 PUSH4 0x23B872DD EQ PUSH2 0x3BB JUMPI DUP1 PUSH4 0x253E3447 EQ PUSH2 0x41C JUMPI DUP1 PUSH4 0x2759EA4A EQ PUSH2 0x469 JUMPI DUP1 PUSH4 0x313CE567 EQ PUSH2 0x4F7 JUMPI DUP1 PUSH4 0x365044A8 EQ PUSH2 0x526 JUMPI DUP1 PUSH4 0x3CCFD60B EQ PUSH2 0x54F JUMPI DUP1 PUSH4 0x40851210 EQ PUSH2 0x564 JUMPI DUP1 PUSH4 0x51C54C68 EQ PUSH2 0x59B JUMPI DUP1 PUSH4 0x53EEB430 EQ PUSH2 0x5B3 JUMPI DUP1 PUSH4 0x58D38231 EQ PUSH2 0x5EA JUMPI DUP1 PUSH4 0x5A5E0074 EQ PUSH2 0x678 JUMPI DUP1 PUSH4 0x5E7037D0 EQ PUSH2 0x6A1 JUMPI DUP1 PUSH4 0x6352211E EQ PUSH2 0x6C4 JUMPI DUP1 PUSH4 0x6C7F3F17 EQ PUSH2 0x727 JUMPI DUP1 PUSH4 0x70A08231 EQ PUSH2 0x750 JUMPI DUP1 PUSH4 0x78D46C3F EQ PUSH2 0x79D JUMPI DUP1 PUSH4 0x83B5FF8B EQ PUSH2 0x7C9 JUMPI DUP1 PUSH4 0x88D18EA4 EQ PUSH2 0x7F2 JUMPI DUP1 PUSH4 0x8BC6A72B EQ PUSH2 0x80A JUMPI DUP1 PUSH4 0x8CD86F02 EQ PUSH2 0x836 JUMPI DUP1 PUSH4 0x8DA5CB5B EQ PUSH2 0x8AB JUMPI DUP1 PUSH4 0x95D89B41 EQ PUSH2 0x900 JUMPI DUP1 PUSH4 0x9B6A2B2F EQ PUSH2 0x98E JUMPI DUP1 PUSH4 0x9E0CBB64 EQ PUSH2 0x9E4 JUMPI DUP1 PUSH4 0xA542A02F EQ PUSH2 0xA72 JUMPI DUP1 PUSH4 0xA774F163 EQ PUSH2 0xAA9 JUMPI DUP1 PUSH4 0xA9059CBB EQ PUSH2 0xAD5 JUMPI DUP1 PUSH4 0xAE104265 EQ PUSH2 0xB17 JUMPI DUP1 PUSH4 0xD36F0E9C EQ PUSH2 0xB4E JUMPI DUP1 PUSH4 0xD50CB88B EQ PUSH2 0xB77 JUMPI DUP1 PUSH4 0xD7B4C9B1 EQ PUSH2 0xBA0 JUMPI DUP1 PUSH4 0xD94288DE EQ PUSH2 0xBFB JUMPI DUP1 PUSH4 0xD95431CD EQ PUSH2 0xC24 JUMPI DUP1 PUSH4 0xDD62ED3E EQ PUSH2 0xC5B JUMPI DUP1 PUSH4 0xE118EDA4 EQ PUSH2 0xCC7 JUMPI DUP1 PUSH4 0xEA7C2115 EQ PUSH2 0xCF0 JUMPI DUP1 PUSH4 0xF0D504EB EQ PUSH2 0xD43 JUMPI DUP1 PUSH4 0xF63841E4 EQ PUSH2 0xDE0 JUMPI JUMPDEST STOP JUMPDEST CALLVALUE ISZERO PUSH2 0x227 JUMPI PUSH1 0x0 DUP1 REVERT JUMPDEST PUSH2 0x25C PUSH1 0x4 DUP1 DUP1 CALLDATALOAD PUSH28 0xFFFFFFFFFFFFFFFFFFFFFFFFFFFFFFFFFFFFFFFFFFFFFFFFFFFFFFFF NOT AND SWAP1 PUSH1 0x20 ADD SWAP1 SWAP2 SWAP1 POP POP PUSH2 0xE09 JUMP JUMPDEST PUSH1 0x40 MLOAD DUP1 DUP3 ISZERO ISZERO ISZERO ISZERO DUP2 MSTORE PUSH1 0x20 ADD SWAP2 POP POP PUSH1 0x40 MLOAD DUP1 SWAP2 SUB SWAP1 RETURN JUMPDEST CALLVALUE ISZERO PUSH2 0x281 JUMPI PUSH1 0x0 DUP1 REVERT JUMPDEST PUSH2 0x289 PUSH2 0x103E JUMP JUMPDEST PUSH1 0x40 MLOAD DUP1 DUP1 PUSH1 0x20 ADD DUP3 DUP2 SUB DUP3 MSTORE DUP4 DUP2 DUP2 MLOAD DUP2 MSTORE PUSH1 0x20 ADD SWAP2 POP DUP1 MLOAD SWAP1 PUSH1 0x20 ADD SWAP1 DUP1 DUP4 DUP4 PUSH1 0x0 JUMPDEST DUP4 DUP2 LT ISZERO PUSH2 0x2C9 JUMPI DUP1 DUP3 ADD MLOAD DUP2 DUP5 ADD MSTORE PUSH1 0x20 DUP2 ADD SWAP1 POP PUSH2 0x2AE JUMP JUMPDEST POP POP POP POP SWAP1 POP SWAP1 DUP2 ADD SWAP1 PUSH1 0x1F AND DUP1 ISZERO PUSH2 0x2F6 JUMPI DUP1 DUP3 SUB DUP1 MLOAD PUSH1 0x1 DUP4 PUSH1 0x20 SUB PUSH2 0x100 EXP SUB NOT AND DUP2 MSTORE PUSH1 0x20 ADD SWAP2 POP JUMPDEST POP SWAP3 POP POP POP PUSH1 0x40 MLOAD DUP1 SWAP2 SUB SWAP1 RETURN JUMPDEST CALLVALUE ISZERO PUSH2 0x30F JUMPI PUSH1 0x0 DUP1 REVERT JUMPDEST PUSH2 0x344 PUSH1 0x4 DUP1 DUP1 CALLDATALOAD PUSH20 0xFFFFFFFFFFFFFFFFFFFFFFFFFFFFFFFFFFFFFFFF AND SWAP1 PUSH1 0x20 ADD SWAP1 SWAP2 SWAP1 DUP1 CALLDATALOAD SWAP1 PUSH1 0x20 ADD SWAP1 SWAP2 SWAP1 POP POP PUSH2 0x10E6 JUMP JUMPDEST STOP JUMPDEST CALLVALUE ISZERO PUSH2 0x351 JUMPI PUSH1 0x0 DUP1 REVERT JUMPDEST PUSH2 0x367 PUSH1 0x4 DUP1 DUP1 CALLDATALOAD SWAP1 PUSH1 0x20 ADD SWAP1 SWAP2 SWAP1 POP POP PUSH2 0x1262 JUMP JUMPDEST STOP JUMPDEST CALLVALUE ISZERO PUSH2 0x374 JUMPI PUSH1 0x0 DUP1 REVERT JUMPDEST PUSH2 0x37C PUSH2 0x12D6 JUMP JUMPDEST PUSH1 0x40 MLOAD DUP1 DUP3 DUP2 MSTORE PUSH1 0x20 ADD SWAP2 POP POP PUSH1 0x40 MLOAD DUP1 SWAP2 SUB SWAP1 RETURN JUMPDEST CALLVALUE ISZERO PUSH2 0x39D JUMPI PUSH1 0x0 DUP1 REVERT JUMPDEST PUSH2 0x3A5 PUSH2 0x12E3 JUMP JUMPDEST PUSH1 0x40 MLOAD DUP1 DUP3 DUP2 MSTORE PUSH1 0x20 ADD SWAP2 POP POP PUSH1 0x40 MLOAD DUP1 SWAP2 SUB SWAP1 RETURN JUMPDEST CALLVALUE ISZERO PUSH2 0x3C6 JUMPI PUSH1 0x0 DUP1 REVERT JUMPDEST PUSH2 0x41A PUSH1 0x4 DUP1 DUP1 CALLDATALOAD PUSH20 0xFFFFFFFFFFFFFFFFFFFFFFFFFFFFFFFFFFFFFFFF AND SWAP1 PUSH1 0x20 ADD SWAP1 SWAP2 SWAP1 DUP1 CALLDATALOAD PUSH20 0xFFFFFFFFFFFFFFFFFFFFFFFFFFFFFFFFFFFFFFFF AND SWAP1 PUSH1 0x20 ADD SWAP1 SWAP2 SWAP1 DUP1 CALLDATALOAD SWAP1 PUSH1 0x20 ADD SWAP1 SWAP2 SWAP1 POP POP PUSH2 0x12E9 JUMP JUMPDEST STOP JUMPDEST CALLVALUE ISZERO PUSH2 0x427 JUMPI PUSH1 0x0 DUP1 REVERT JUMPDEST PUSH2 0x453 PUSH1 0x4 DUP1 DUP1 CALLDATALOAD PUSH20 0xFFFFFFFFFFFFFFFFFFFFFFFFFFFFFFFFFFFFFFFF AND SWAP1 PUSH1 0x20 ADD SWAP1 SWAP2 SWAP1 POP POP PUSH2 0x16C1 JUMP JUMPDEST PUSH1 0x40 MLOAD DUP1 DUP3 DUP2 MSTORE PUSH1 0x20 ADD SWAP2 POP POP PUSH1 0x40 MLOAD DUP1 SWAP2 SUB SWAP1 RETURN JUMPDEST CALLVALUE ISZERO PUSH2 0x474 JUMPI PUSH1 0x0 DUP1 REVERT JUMPDEST PUSH2 0x48A PUSH1 0x4 DUP1 DUP1 CALLDATALOAD SWAP1 PUSH1 0x20 ADD SWAP1 SWAP2 SWAP1 POP POP PUSH2 0x16D9 JUMP JUMPDEST PUSH1 0x40 MLOAD DUP1 DUP8 PUSH20 0xFFFFFFFFFFFFFFFFFFFFFFFFFFFFFFFFFFFFFFFF AND PUSH20 0xFFFFFFFFFFFFFFFFFFFFFFFFFFFFFFFFFFFFFFFF AND DUP2 MSTORE PUSH1 0x20 ADD DUP7 DUP2 MSTORE PUSH1 0x20 ADD DUP6 ISZERO ISZERO ISZERO ISZERO DUP2 MSTORE PUSH1 0x20 ADD DUP5 DUP2 MSTORE PUSH1 0x20 ADD DUP4 DUP2 MSTORE PUSH1 0x20 ADD DUP3 ISZERO ISZERO ISZERO ISZERO DUP2 MSTORE PUSH1 0x20 ADD SWAP7 POP POP POP POP POP POP POP PUSH1 0x40 MLOAD DUP1 SWAP2 SUB SWAP1 RETURN JUMPDEST CALLVALUE ISZERO PUSH2 0x502 JUMPI PUSH1 0x0 DUP1 REVERT JUMPDEST PUSH2 0x50A PUSH2 0x17BB JUMP JUMPDEST PUSH1 0x40 MLOAD DUP1 DUP3 PUSH1 0xFF AND PUSH1 0xFF AND DUP2 MSTORE PUSH1 0x20 ADD SWAP2 POP POP PUSH1 0x40 MLOAD DUP1 SWAP2 SUB SWAP1 RETURN JUMPDEST CALLVALUE ISZERO PUSH2 0x531 JUMPI PUSH1 0x0 DUP1 REVERT JUMPDEST PUSH2 0x539 PUSH2 0x17CE JUMP JUMPDEST PUSH1 0x40 MLOAD DUP1 DUP3 DUP2 MSTORE PUSH1 0x20 ADD SWAP2 POP POP PUSH1 0x40 MLOAD DUP1 SWAP2 SUB SWAP1 RETURN JUMPDEST CALLVALUE ISZERO PUSH2 0x55A JUMPI PUSH1 0x0 DUP1 REVERT JUMPDEST PUSH2 0x562 PUSH2 0x17D4 JUMP JUMPDEST STOP JUMPDEST CALLVALUE ISZERO PUSH2 0x56F JUMPI PUSH1 0x0 DUP1 REVERT JUMPDEST PUSH2 0x585 PUSH1 0x4 DUP1 DUP1 CALLDATALOAD SWAP1 PUSH1 0x20 ADD SWAP1 SWAP2 SWAP1 POP POP PUSH2 0x1908 JUMP JUMPDEST PUSH1 0x40 MLOAD DUP1 DUP3 DUP2 MSTORE PUSH1 0x20 ADD SWAP2 POP POP PUSH1 0x40 MLOAD DUP1 SWAP2 SUB SWAP1 RETURN JUMPDEST PUSH2 0x5B1 PUSH1 0x4 DUP1 DUP1 CALLDATALOAD SWAP1 PUSH1 0x20 ADD SWAP1 SWAP2 SWAP1 POP POP PUSH2 0x192C JUMP JUMPDEST STOP JUMPDEST CALLVALUE ISZERO PUSH2 0x5BE JUMPI PUSH1 0x0 DUP1 REVERT JUMPDEST PUSH2 0x5D4 PUSH1 0x4 DUP1 DUP1 CALLDATALOAD SWAP1 PUSH1 0x20 ADD SWAP1 SWAP2 SWAP1 POP POP PUSH2 0x20E5 JUMP JUMPDEST PUSH1 0x40 MLOAD DUP1 DUP3 DUP2 MSTORE PUSH1 0x20 ADD SWAP2 POP POP PUSH1 0x40 MLOAD DUP1 SWAP2 SUB SWAP1 RETURN JUMPDEST CALLVALUE ISZERO PUSH2 0x5F5 JUMPI PUSH1 0x0 DUP1 REVERT JUMPDEST PUSH2 0x60B PUSH1 0x4 DUP1 DUP1 CALLDATALOAD SWAP1 PUSH1 0x20 ADD SWAP1 SWAP2 SWAP1 POP POP PUSH2 0x2109 JUMP JUMPDEST PUSH1 0x40 MLOAD DUP1 DUP8 PUSH20 0xFFFFFFFFFFFFFFFFFFFFFFFFFFFFFFFFFFFFFFFF AND PUSH20 0xFFFFFFFFFFFFFFFFFFFFFFFFFFFFFFFFFFFFFFFF AND DUP2 MSTORE PUSH1 0x20 ADD DUP7 DUP2 MSTORE PUSH1 0x20 ADD DUP6 ISZERO ISZERO ISZERO ISZERO DUP2 MSTORE PUSH1 0x20 ADD DUP5 DUP2 MSTORE PUSH1 0x20 ADD DUP4 DUP2 MSTORE PUSH1 0x20 ADD DUP3 ISZERO ISZERO ISZERO ISZERO DUP2 MSTORE PUSH1 0x20 ADD SWAP7 POP POP POP POP POP POP POP PUSH1 0x40 MLOAD DUP1 SWAP2 SUB SWAP1 RETURN JUMPDEST CALLVALUE ISZERO PUSH2 0x683 JUMPI PUSH1 0x0 DUP1 REVERT JUMPDEST PUSH2 0x68B PUSH2 0x217F JUMP JUMPDEST PUSH1 0x40 MLOAD DUP1 DUP3 DUP2 MSTORE PUSH1 0x20 ADD SWAP2 POP POP PUSH1 0x40 MLOAD DUP1 SWAP2 SUB SWAP1 RETURN JUMPDEST CALLVALUE ISZERO PUSH2 0x6AC JUMPI PUSH1 0x0 DUP1 REVERT JUMPDEST PUSH2 0x6C2 PUSH1 0x4 DUP1 DUP1 CALLDATALOAD SWAP1 PUSH1 0x20 ADD SWAP1 SWAP2 SWAP1 POP POP PUSH2 0x2185 JUMP JUMPDEST STOP JUMPDEST CALLVALUE ISZERO PUSH2 0x6CF JUMPI PUSH1 0x0 DUP1 REVERT JUMPDEST PUSH2 0x6E5 PUSH1 0x4 DUP1 DUP1 CALLDATALOAD SWAP1 PUSH1 0x20 ADD SWAP1 SWAP2 SWAP1 POP POP PUSH2 0x2357 JUMP JUMPDEST PUSH1 0x40 MLOAD DUP1 DUP3 PUSH20 0xFFFFFFFFFFFFFFFFFFFFFFFFFFFFFFFFFFFFFFFF AND PUSH20 0xFFFFFFFFFFFFFFFFFFFFFFFFFFFFFFFFFFFFFFFF AND DUP2 MSTORE PUSH1 0x20 ADD SWAP2 POP POP PUSH1 0x40 MLOAD DUP1 SWAP2 SUB SWAP1 RETURN JUMPDEST CALLVALUE ISZERO PUSH2 0x732 JUMPI PUSH1 0x0 DUP1 REVERT JUMPDEST PUSH2 0x73A PUSH2 0x2397 JUMP JUMPDEST PUSH1 0x40 MLOAD DUP1 DUP3 DUP2 MSTORE PUSH1 0x20 ADD SWAP2 POP POP PUSH1 0x40 MLOAD DUP1 SWAP2 SUB SWAP1 RETURN JUMPDEST CALLVALUE ISZERO PUSH2 0x75B JUMPI PUSH1 0x0 DUP1 REVERT JUMPDEST PUSH2 0x787 PUSH1 0x4 DUP1 DUP1 CALLDATALOAD PUSH20 0xFFFFFFFFFFFFFFFFFFFFFFFFFFFFFFFFFFFFFFFF AND SWAP1 PUSH1 0x20 ADD SWAP1 SWAP2 SWAP1 POP POP PUSH2 0x239D JUMP JUMPDEST PUSH1 0x40 MLOAD DUP1 DUP3 DUP2 MSTORE PUSH1 0x20 ADD SWAP2 POP POP PUSH1 0x40 MLOAD DUP1 SWAP2 SUB SWAP1 RETURN JUMPDEST CALLVALUE ISZERO PUSH2 0x7A8 JUMPI PUSH1 0x0 DUP1 REVERT JUMPDEST PUSH2 0x7C7 PUSH1 0x4 DUP1 DUP1 CALLDATALOAD SWAP1 PUSH1 0x20 ADD SWAP1 SWAP2 SWAP1 DUP1 CALLDATALOAD SWAP1 PUSH1 0x20 ADD SWAP1 SWAP2 SWAP1 POP POP PUSH2 0x23E6 JUMP JUMPDEST STOP JUMPDEST CALLVALUE ISZERO PUSH2 0x7D4 JUMPI PUSH1 0x0 DUP1 REVERT JUMPDEST PUSH2 0x7DC PUSH2 0x264E JUMP JUMPDEST PUSH1 0x40 MLOAD DUP1 DUP3 DUP2 MSTORE PUSH1 0x20 ADD SWAP2 POP POP PUSH1 0x40 MLOAD DUP1 SWAP2 SUB SWAP1 RETURN JUMPDEST PUSH2 0x808 PUSH1 0x4 DUP1 DUP1 CALLDATALOAD SWAP1 PUSH1 0x20 ADD SWAP1 SWAP2 SWAP1 POP POP PUSH2 0x2654 JUMP JUMPDEST STOP JUMPDEST CALLVALUE ISZERO PUSH2 0x815 JUMPI PUSH1 0x0 DUP1 REVERT JUMPDEST PUSH2 0x834 PUSH1 0x4 DUP1 DUP1 CALLDATALOAD SWAP1 PUSH1 0x20 ADD SWAP1 SWAP2 SWAP1 DUP1 CALLDATALOAD SWAP1 PUSH1 0x20 ADD SWAP1 SWAP2 SWAP1 POP POP PUSH2 0x29E5 JUMP JUMPDEST STOP JUMPDEST CALLVALUE ISZERO PUSH2 0x841 JUMPI PUSH1 0x0 DUP1 REVERT JUMPDEST PUSH2 0x895 PUSH1 0x4 DUP1 DUP1 CALLDATALOAD PUSH20 0xFFFFFFFFFFFFFFFFFFFFFFFFFFFFFFFFFFFFFFFF AND SWAP1 PUSH1 0x20 ADD SWAP1 SWAP2 SWAP1 DUP1 CALLDATALOAD PUSH20 0xFFFFFFFFFFFFFFFFFFFFFFFFFFFFFFFFFFFFFFFF AND SWAP1 PUSH1 0x20 ADD SWAP1 SWAP2 SWAP1 DUP1 CALLDATALOAD SWAP1 PUSH1 0x20 ADD SWAP1 SWAP2 SWAP1 POP POP PUSH2 0x2A63 JUMP JUMPDEST PUSH1 0x40 MLOAD DUP1 DUP3 DUP2 MSTORE PUSH1 0x20 ADD SWAP2 POP POP PUSH1 0x40 MLOAD DUP1 SWAP2 SUB SWAP1 RETURN JUMPDEST CALLVALUE ISZERO PUSH2 0x8B6 JUMPI PUSH1 0x0 DUP1 REVERT JUMPDEST PUSH2 0x8BE PUSH2 0x2AA1 JUMP JUMPDEST PUSH1 0x40 MLOAD DUP1 DUP3 PUSH20 0xFFFFFFFFFFFFFFFFFFFFFFFFFFFFFFFFFFFFFFFF AND PUSH20 0xFFFFFFFFFFFFFFFFFFFFFFFFFFFFFFFFFFFFFFFF AND DUP2 MSTORE PUSH1 0x20 ADD SWAP2 POP POP PUSH1 0x40 MLOAD DUP1 SWAP2 SUB SWAP1 RETURN JUMPDEST CALLVALUE ISZERO PUSH2 0x90B JUMPI PUSH1 0x0 DUP1 REVERT JUMPDEST PUSH2 0x913 PUSH2 0x2AC6 JUMP JUMPDEST PUSH1 0x40 MLOAD DUP1 DUP1 PUSH1 0x20 ADD DUP3 DUP2 SUB DUP3 MSTORE DUP4 DUP2 DUP2 MLOAD DUP2 MSTORE PUSH1 0x20 ADD SWAP2 POP DUP1 MLOAD SWAP1 PUSH1 0x20 ADD SWAP1 DUP1 DUP4 DUP4 PUSH1 0x0 JUMPDEST DUP4 DUP2 LT ISZERO PUSH2 0x953 JUMPI DUP1 DUP3 ADD MLOAD DUP2 DUP5 ADD MSTORE PUSH1 0x20 DUP2 ADD SWAP1 POP PUSH2 0x938 JUMP JUMPDEST POP POP POP POP SWAP1 POP SWAP1 DUP2 ADD SWAP1 PUSH1 0x1F AND DUP1 ISZERO PUSH2 0x980 JUMPI DUP1 DUP3 SUB DUP1 MLOAD PUSH1 0x1 DUP4 PUSH1 0x20 SUB PUSH2 0x100 EXP SUB NOT AND DUP2 MSTORE PUSH1 0x20 ADD SWAP2 POP JUMPDEST POP SWAP3 POP POP POP PUSH1 0x40 MLOAD DUP1 SWAP2 SUB SWAP1 RETURN JUMPDEST CALLVALUE ISZERO PUSH2 0x999 JUMPI PUSH1 0x0 DUP1 REVERT JUMPDEST PUSH2 0x9CE PUSH1 0x4 DUP1 DUP1 CALLDATALOAD PUSH20 0xFFFFFFFFFFFFFFFFFFFFFFFFFFFFFFFFFFFFFFFF AND SWAP1 PUSH1 0x20 ADD SWAP1 SWAP2 SWAP1 DUP1 CALLDATALOAD SWAP1 PUSH1 0x20 ADD SWAP1 SWAP2 SWAP1 POP POP PUSH2 0x2B6E JUMP JUMPDEST PUSH1 0x40 MLOAD DUP1 DUP3 DUP2 MSTORE PUSH1 0x20 ADD SWAP2 POP POP PUSH1 0x40 MLOAD DUP1 SWAP2 SUB SWAP1 RETURN JUMPDEST CALLVALUE ISZERO PUSH2 0x9EF JUMPI PUSH1 0x0 DUP1 REVERT JUMPDEST PUSH2 0xA1B PUSH1 0x4 DUP1 DUP1 CALLDATALOAD PUSH20 0xFFFFFFFFFFFFFFFFFFFFFFFFFFFFFFFFFFFFFFFF AND SWAP1 PUSH1 0x20 ADD SWAP1 SWAP2 SWAP1 POP POP PUSH2 0x2B9F JUMP JUMPDEST PUSH1 0x40 MLOAD DUP1 DUP1 PUSH1 0x20 ADD DUP3 DUP2 SUB DUP3 MSTORE DUP4 DUP2 DUP2 MLOAD DUP2 MSTORE PUSH1 0x20 ADD SWAP2 POP DUP1 MLOAD SWAP1 PUSH1 0x20 ADD SWAP1 PUSH1 0x20 MUL DUP1 DUP4 DUP4 PUSH1 0x0 JUMPDEST DUP4 DUP2 LT ISZERO PUSH2 0xA5E JUMPI DUP1 DUP3 ADD MLOAD DUP2 DUP5 ADD MSTORE PUSH1 0x20 DUP2 ADD SWAP1 POP PUSH2 0xA43 JUMP JUMPDEST POP POP POP POP SWAP1 POP ADD SWAP3 POP POP POP PUSH1 0x40 MLOAD DUP1 SWAP2 SUB SWAP1 RETURN JUMPDEST CALLVALUE ISZERO PUSH2 0xA7D JUMPI PUSH1 0x0 DUP1 REVERT JUMPDEST PUSH2 0xA93 PUSH1 0x4 DUP1 DUP1 CALLDATALOAD SWAP1 PUSH1 0x20 ADD SWAP1 SWAP2 SWAP1 POP POP PUSH2 0x2C3C JUMP JUMPDEST PUSH1 0x40 MLOAD DUP1 DUP3 DUP2 MSTORE PUSH1 0x20 ADD SWAP2 POP POP PUSH1 0x40 MLOAD DUP1 SWAP2 SUB SWAP1 RETURN JUMPDEST CALLVALUE ISZERO PUSH2 0xAB4 JUMPI PUSH1 0x0 DUP1 REVERT JUMPDEST PUSH2 0xAD3 PUSH1 0x4 DUP1 DUP1 CALLDATALOAD SWAP1 PUSH1 0x20 ADD SWAP1 SWAP2 SWAP1 DUP1 CALLDATALOAD SWAP1 PUSH1 0x20 ADD SWAP1 SWAP2 SWAP1 POP POP PUSH2 0x2C60 JUMP JUMPDEST STOP JUMPDEST CALLVALUE ISZERO PUSH2 0xAE0 JUMPI PUSH1 0x0 DUP1 REVERT JUMPDEST PUSH2 0xB15 PUSH1 0x4 DUP1 DUP1 CALLDATALOAD PUSH20 0xFFFFFFFFFFFFFFFFFFFFFFFFFFFFFFFFFFFFFFFF AND SWAP1 PUSH1 0x20 ADD SWAP1 SWAP2 SWAP1 DUP1 CALLDATALOAD SWAP1 PUSH1 0x20 ADD SWAP1 SWAP2 SWAP1 POP POP PUSH2 0x2CEB JUMP JUMPDEST STOP JUMPDEST CALLVALUE ISZERO PUSH2 0xB22 JUMPI PUSH1 0x0 DUP1 REVERT JUMPDEST PUSH2 0xB38 PUSH1 0x4 DUP1 DUP1 CALLDATALOAD SWAP1 PUSH1 0x20 ADD SWAP1 SWAP2 SWAP1 POP POP PUSH2 0x2F1E JUMP JUMPDEST PUSH1 0x40 MLOAD DUP1 DUP3 DUP2 MSTORE PUSH1 0x20 ADD SWAP2 POP POP PUSH1 0x40 MLOAD DUP1 SWAP2 SUB SWAP1 RETURN JUMPDEST CALLVALUE ISZERO PUSH2 0xB59 JUMPI PUSH1 0x0 DUP1 REVERT JUMPDEST PUSH2 0xB61 PUSH2 0x3044 JUMP JUMPDEST PUSH1 0x40 MLOAD DUP1 DUP3 DUP2 MSTORE PUSH1 0x20 ADD SWAP2 POP POP PUSH1 0x40 MLOAD DUP1 SWAP2 SUB SWAP1 RETURN JUMPDEST CALLVALUE ISZERO PUSH2 0xB82 JUMPI PUSH1 0x0 DUP1 REVERT JUMPDEST PUSH2 0xB8A PUSH2 0x304A JUMP JUMPDEST PUSH1 0x40 MLOAD DUP1 DUP3 DUP2 MSTORE PUSH1 0x20 ADD SWAP2 POP POP PUSH1 0x40 MLOAD DUP1 SWAP2 SUB SWAP1 RETURN JUMPDEST CALLVALUE ISZERO PUSH2 0xBAB JUMPI PUSH1 0x0 DUP1 REVERT JUMPDEST PUSH2 0xBC1 PUSH1 0x4 DUP1 DUP1 CALLDATALOAD SWAP1 PUSH1 0x20 ADD SWAP1 SWAP2 SWAP1 POP POP PUSH2 0x3050 JUMP JUMPDEST PUSH1 0x40 MLOAD DUP1 DUP7 ISZERO ISZERO ISZERO ISZERO DUP2 MSTORE PUSH1 0x20 ADD DUP6 ISZERO ISZERO ISZERO ISZERO DUP2 MSTORE PUSH1 0x20 ADD DUP5 DUP2 MSTORE PUSH1 0x20 ADD DUP4 DUP2 MSTORE PUSH1 0x20 ADD DUP3 DUP2 MSTORE PUSH1 0x20 ADD SWAP6 POP POP POP POP POP POP PUSH1 0x40 MLOAD DUP1 SWAP2 SUB SWAP1 RETURN JUMPDEST CALLVALUE ISZERO PUSH2 0xC06 JUMPI PUSH1 0x0 DUP1 REVERT JUMPDEST PUSH2 0xC0E PUSH2 0x3177 JUMP JUMPDEST PUSH1 0x40 MLOAD DUP1 DUP3 DUP2 MSTORE PUSH1 0x20 ADD SWAP2 POP POP PUSH1 0x40 MLOAD DUP1 SWAP2 SUB SWAP1 RETURN JUMPDEST CALLVALUE ISZERO PUSH2 0xC2F JUMPI PUSH1 0x0 DUP1 REVERT JUMPDEST PUSH2 0xC45 PUSH1 0x4 DUP1 DUP1 CALLDATALOAD SWAP1 PUSH1 0x20 ADD SWAP1 SWAP2 SWAP1 POP POP PUSH2 0x317D JUMP JUMPDEST PUSH1 0x40 MLOAD DUP1 DUP3 DUP2 MSTORE PUSH1 0x20 ADD SWAP2 POP POP PUSH1 0x40 MLOAD DUP1 SWAP2 SUB SWAP1 RETURN JUMPDEST CALLVALUE ISZERO PUSH2 0xC66 JUMPI PUSH1 0x0 DUP1 REVERT JUMPDEST PUSH2 0xCB1 PUSH1 0x4 DUP1 DUP1 CALLDATALOAD PUSH20 0xFFFFFFFFFFFFFFFFFFFFFFFFFFFFFFFFFFFFFFFF AND SWAP1 PUSH1 0x20 ADD SWAP1 SWAP2 SWAP1 DUP1 CALLDATALOAD PUSH20 0xFFFFFFFFFFFFFFFFFFFFFFFFFFFFFFFFFFFFFFFF AND SWAP1 PUSH1 0x20 ADD SWAP1 SWAP2 SWAP1 POP POP PUSH2 0x31A1 JUMP JUMPDEST PUSH1 0x40 MLOAD DUP1 DUP3 DUP2 MSTORE PUSH1 0x20 ADD SWAP2 POP POP PUSH1 0x40 MLOAD DUP1 SWAP2 SUB SWAP1 RETURN JUMPDEST CALLVALUE ISZERO PUSH2 0xCD2 JUMPI PUSH1 0x0 DUP1 REVERT JUMPDEST PUSH2 0xCDA PUSH2 0x322B JUMP JUMPDEST PUSH1 0x40 MLOAD DUP1 DUP3 DUP2 MSTORE PUSH1 0x20 ADD SWAP2 POP POP PUSH1 0x40 MLOAD DUP1 SWAP2 SUB SWAP1 RETURN JUMPDEST CALLVALUE ISZERO PUSH2 0xCFB JUMPI PUSH1 0x0 DUP1 REVERT JUMPDEST PUSH2 0xD11 PUSH1 0x4 DUP1 DUP1 CALLDATALOAD SWAP1 PUSH1 0x20 ADD SWAP1 SWAP2 SWAP1 POP POP PUSH2 0x3238 JUMP JUMPDEST PUSH1 0x40 MLOAD DUP1 DUP7 DUP2 MSTORE PUSH1 0x20 ADD DUP6 DUP2 MSTORE PUSH1 0x20 ADD DUP5 DUP2 MSTORE PUSH1 0x20 ADD DUP4 DUP2 MSTORE PUSH1 0x20 ADD DUP3 DUP2 MSTORE PUSH1 0x20 ADD SWAP6 POP POP POP POP POP POP PUSH1 0x40 MLOAD DUP1 SWAP2 SUB SWAP1 RETURN JUMPDEST CALLVALUE ISZERO PUSH2 0xD4E JUMPI PUSH1 0x0 DUP1 REVERT JUMPDEST PUSH2 0xD64 PUSH1 0x4 DUP1 DUP1 CALLDATALOAD SWAP1 PUSH1 0x20 ADD SWAP1 SWAP2 SWAP1 POP POP PUSH2 0x335F JUMP JUMPDEST PUSH1 0x40 MLOAD DUP1 DUP5 PUSH20 0xFFFFFFFFFFFFFFFFFFFFFFFFFFFFFFFFFFFFFFFF AND PUSH20 0xFFFFFFFFFFFFFFFFFFFFFFFFFFFFFFFFFFFFFFFF AND DUP2 MSTORE PUSH1 0x20 ADD DUP4 DUP2 MSTORE PUSH1 0x20 ADD DUP3 PUSH20 0xFFFFFFFFFFFFFFFFFFFFFFFFFFFFFFFFFFFFFFFF AND PUSH20 0xFFFFFFFFFFFFFFFFFFFFFFFFFFFFFFFFFFFFFFFF AND DUP2 MSTORE PUSH1 0x20 ADD SWAP4 POP POP POP POP PUSH1 0x40 MLOAD DUP1 SWAP2 SUB SWAP1 RETURN JUMPDEST CALLVALUE ISZERO PUSH2 0xDEB JUMPI PUSH1 0x0 DUP1 REVERT JUMPDEST PUSH2 0xDF3 PUSH2 0x35B9 JUMP JUMPDEST PUSH1 0x40 MLOAD DUP1 DUP3 DUP2 MSTORE PUSH1 0x20 ADD SWAP2 POP POP PUSH1 0x40 MLOAD DUP1 SWAP2 SUB SWAP1 RETURN JUMPDEST PUSH1 0x0 PUSH1 0x40 MLOAD DUP1 DUP1 PUSH32 0x737570706F727473496E74657266616365286279746573342900000000000000 DUP2 MSTORE POP PUSH1 0x19 ADD SWAP1 POP PUSH1 0x40 MLOAD DUP1 SWAP2 SUB SWAP1 KECCAK256 PUSH28 0xFFFFFFFFFFFFFFFFFFFFFFFFFFFFFFFFFFFFFFFFFFFFFFFFFFFFFFFF NOT AND DUP3 PUSH28 0xFFFFFFFFFFFFFFFFFFFFFFFFFFFFFFFFFFFFFFFFFFFFFFFFFFFFFFFF NOT AND EQ DUP1 PUSH2 0x1037 JUMPI POP PUSH1 0x40 MLOAD DUP1 DUP1 PUSH32 0x7472616E7366657246726F6D28616464726573732C616464726573732C75696E DUP2 MSTORE PUSH1 0x20 ADD PUSH32 0x7432353629000000000000000000000000000000000000000000000000000000 DUP2 MSTORE POP PUSH1 0x25 ADD SWAP1 POP PUSH1 0x40 MLOAD DUP1 SWAP2 SUB SWAP1 KECCAK256 PUSH1 0x40 MLOAD DUP1 DUP1 PUSH32 0x7472616E7366657228616464726573732C75696E743235362900000000000000 DUP2 MSTORE POP PUSH1 0x19 ADD SWAP1 POP PUSH1 0x40 MLOAD DUP1 SWAP2 SUB SWAP1 KECCAK256 PUSH1 0x40 MLOAD DUP1 DUP1 PUSH32 0x617070726F766528616464726573732C75696E74323536290000000000000000 DUP2 MSTORE POP PUSH1 0x18 ADD SWAP1 POP PUSH1 0x40 MLOAD DUP1 SWAP2 SUB SWAP1 KECCAK256 PUSH1 0x40 MLOAD DUP1 DUP1 PUSH32 0x6F776E65724F662875696E743235362900000000000000000000000000000000 DUP2 MSTORE POP PUSH1 0x10 ADD SWAP1 POP PUSH1 0x40 MLOAD DUP1 SWAP2 SUB SWAP1 KECCAK256 PUSH1 0x40 MLOAD DUP1 DUP1 PUSH32 0x62616C616E63654F662861646472657373290000000000000000000000000000 DUP2 MSTORE POP PUSH1 0x12 ADD SWAP1 POP PUSH1 0x40 MLOAD DUP1 SWAP2 SUB SWAP1 KECCAK256 PUSH1 0x40 MLOAD DUP1 DUP1 PUSH32 0x746F74616C537570706C79282900000000000000000000000000000000000000 DUP2 MSTORE POP PUSH1 0xD ADD SWAP1 POP PUSH1 0x40 MLOAD DUP1 SWAP2 SUB SWAP1 KECCAK256 XOR XOR XOR XOR XOR PUSH28 0xFFFFFFFFFFFFFFFFFFFFFFFFFFFFFFFFFFFFFFFFFFFFFFFFFFFFFFFF NOT AND DUP3 PUSH28 0xFFFFFFFFFFFFFFFFFFFFFFFFFFFFFFFFFFFFFFFFFFFFFFFFFFFFFFFF NOT AND EQ JUMPDEST SWAP1 POP SWAP2 SWAP1 POP JUMP JUMPDEST PUSH2 0x1046 PUSH2 0x35BF JUMP JUMPDEST PUSH1 0x13 DUP1 SLOAD PUSH1 0x1 DUP2 PUSH1 0x1 AND ISZERO PUSH2 0x100 MUL SUB AND PUSH1 0x2 SWAP1 DIV DUP1 PUSH1 0x1F ADD PUSH1 0x20 DUP1 SWAP2 DIV MUL PUSH1 0x20 ADD PUSH1 0x40 MLOAD SWAP1 DUP2 ADD PUSH1 0x40 MSTORE DUP1 SWAP3 SWAP2 SWAP1 DUP2 DUP2 MSTORE PUSH1 0x20 ADD DUP3 DUP1 SLOAD PUSH1 0x1 DUP2 PUSH1 0x1 AND ISZERO PUSH2 0x100 MUL SUB AND PUSH1 0x2 SWAP1 DIV DUP1 ISZERO PUSH2 0x10DC JUMPI DUP1 PUSH1 0x1F LT PUSH2 0x10B1 JUMPI PUSH2 0x100 DUP1 DUP4 SLOAD DIV MUL DUP4 MSTORE SWAP2 PUSH1 0x20 ADD SWAP2 PUSH2 0x10DC JUMP JUMPDEST DUP3 ADD SWAP2 SWAP1 PUSH1 0x0 MSTORE PUSH1 0x20 PUSH1 0x0 KECCAK256 SWAP1 JUMPDEST DUP2 SLOAD DUP2 MSTORE SWAP1 PUSH1 0x1 ADD SWAP1 PUSH1 0x20 ADD DUP1 DUP4 GT PUSH2 0x10BF JUMPI DUP3 SWAP1 SUB PUSH1 0x1F AND DUP3 ADD SWAP2 JUMPDEST POP POP POP POP POP SWAP1 POP SWAP1 JUMP JUMPDEST CALLER PUSH20 0xFFFFFFFFFFFFFFFFFFFFFFFFFFFFFFFFFFFFFFFF AND PUSH1 0xF PUSH1 0x0 DUP4 DUP2 MSTORE PUSH1 0x20 ADD SWAP1 DUP2 MSTORE PUSH1 0x20 ADD PUSH1 0x0 KECCAK256 PUSH1 0x0 ADD PUSH1 0x0 SWAP1 SLOAD SWAP1 PUSH2 0x100 EXP SWAP1 DIV PUSH20 0xFFFFFFFFFFFFFFFFFFFFFFFFFFFFFFFFFFFFFFFF AND PUSH20 0xFFFFFFFFFFFFFFFFFFFFFFFFFFFFFFFFFFFFFFFF AND EQ ISZERO ISZERO PUSH2 0x1156 JUMPI PUSH1 0x0 DUP1 REVERT JUMPDEST PUSH1 0x12 PUSH1 0x0 CALLER PUSH20 0xFFFFFFFFFFFFFFFFFFFFFFFFFFFFFFFFFFFFFFFF AND PUSH20 0xFFFFFFFFFFFFFFFFFFFFFFFFFFFFFFFFFFFFFFFF AND DUP2 MSTORE PUSH1 0x20 ADD SWAP1 DUP2 MSTORE PUSH1 0x20 ADD PUSH1 0x0 KECCAK256 PUSH1 0x0 DUP4 PUSH20 0xFFFFFFFFFFFFFFFFFFFFFFFFFFFFFFFFFFFFFFFF AND PUSH20 0xFFFFFFFFFFFFFFFFFFFFFFFFFFFFFFFFFFFFFFFF AND DUP2 MSTORE PUSH1 0x20 ADD SWAP1 DUP2 MSTORE PUSH1 0x20 ADD PUSH1 0x0 KECCAK256 DUP1 SLOAD DUP1 PUSH1 0x1 ADD DUP3 DUP2 PUSH2 0x11E4 SWAP2 SWAP1 PUSH2 0x35D3 JUMP JUMPDEST SWAP2 PUSH1 0x0 MSTORE PUSH1 0x20 PUSH1 0x0 KECCAK256 SWAP1 ADD PUSH1 0x0 DUP4 SWAP1 SWAP2 SWAP1 SWAP2 POP SSTORE POP DUP2 PUSH20 0xFFFFFFFFFFFFFFFFFFFFFFFFFFFFFFFFFFFFFFFF AND CALLER PUSH20 0xFFFFFFFFFFFFFFFFFFFFFFFFFFFFFFFFFFFFFFFF AND PUSH32 0x8C5BE1E5EBEC7D5BD14F71427D1E84F3DD0314C0F7B2291E5B200AC8C7C3B925 DUP4 PUSH1 0x40 MLOAD DUP1 DUP3 DUP2 MSTORE PUSH1 0x20 ADD SWAP2 POP POP PUSH1 0x40 MLOAD DUP1 SWAP2 SUB SWAP1 LOG3 POP POP JUMP JUMPDEST PUSH1 0x0 DUP1 SWAP1 SLOAD SWAP1 PUSH2 0x100 EXP SWAP1 DIV PUSH20 0xFFFFFFFFFFFFFFFFFFFFFFFFFFFFFFFFFFFFFFFF AND PUSH20 0xFFFFFFFFFFFFFFFFFFFFFFFFFFFFFFFFFFFFFFFF AND CALLER PUSH20 0xFFFFFFFFFFFFFFFFFFFFFFFFFFFFFFFFFFFFFFFF AND EQ ISZERO ISZERO PUSH2 0x12BD JUMPI PUSH1 0x0 DUP1 REVERT JUMPDEST PUSH1 0x0 DUP2 GT ISZERO ISZERO PUSH2 0x12CC JUMPI PUSH1 0x0 DUP1 REVERT JUMPDEST DUP1 PUSH1 0x8 DUP2 SWAP1 SSTORE POP POP JUMP JUMPDEST PUSH1 0x0 PUSH1 0xC DUP1 SLOAD SWAP1 POP SWAP1 POP SWAP1 JUMP JUMPDEST PUSH1 0x7 SLOAD DUP2 JUMP JUMPDEST PUSH1 0x0 DUP1 SWAP1 POP JUMPDEST PUSH1 0x12 PUSH1 0x0 DUP6 PUSH20 0xFFFFFFFFFFFFFFFFFFFFFFFFFFFFFFFFFFFFFFFF AND PUSH20 0xFFFFFFFFFFFFFFFFFFFFFFFFFFFFFFFFFFFFFFFF AND DUP2 MSTORE PUSH1 0x20 ADD SWAP1 DUP2 MSTORE PUSH1 0x20 ADD PUSH1 0x0 KECCAK256 PUSH1 0x0 CALLER PUSH20 0xFFFFFFFFFFFFFFFFFFFFFFFFFFFFFFFFFFFFFFFF AND PUSH20 0xFFFFFFFFFFFFFFFFFFFFFFFFFFFFFFFFFFFFFFFF AND DUP2 MSTORE PUSH1 0x20 ADD SWAP1 DUP2 MSTORE PUSH1 0x20 ADD PUSH1 0x0 KECCAK256 DUP1 SLOAD SWAP1 POP DUP2 LT ISZERO PUSH2 0x16BB JUMPI DUP2 PUSH1 0x12 PUSH1 0x0 DUP7 PUSH20 0xFFFFFFFFFFFFFFFFFFFFFFFFFFFFFFFFFFFFFFFF AND PUSH20 0xFFFFFFFFFFFFFFFFFFFFFFFFFFFFFFFFFFFFFFFF AND DUP2 MSTORE PUSH1 0x20 ADD SWAP1 DUP2 MSTORE PUSH1 0x20 ADD PUSH1 0x0 KECCAK256 PUSH1 0x0 CALLER PUSH20 0xFFFFFFFFFFFFFFFFFFFFFFFFFFFFFFFFFFFFFFFF AND PUSH20 0xFFFFFFFFFFFFFFFFFFFFFFFFFFFFFFFFFFFFFFFF AND DUP2 MSTORE PUSH1 0x20 ADD SWAP1 DUP2 MSTORE PUSH1 0x20 ADD PUSH1 0x0 KECCAK256 DUP3 DUP2 SLOAD DUP2 LT ISZERO ISZERO PUSH2 0x1400 JUMPI INVALID JUMPDEST SWAP1 PUSH1 0x0 MSTORE PUSH1 0x20 PUSH1 0x0 KECCAK256 SWAP1 ADD SLOAD EQ ISZERO PUSH2 0x16AE JUMPI DUP4 PUSH20 0xFFFFFFFFFFFFFFFFFFFFFFFFFFFFFFFFFFFFFFFF AND PUSH1 0xF PUSH1 0x0 DUP5 DUP2 MSTORE PUSH1 0x20 ADD SWAP1 DUP2 MSTORE PUSH1 0x20 ADD PUSH1 0x0 KECCAK256 PUSH1 0x0 ADD PUSH1 0x0 SWAP1 SLOAD SWAP1 PUSH2 0x100 EXP SWAP1 DIV PUSH20 0xFFFFFFFFFFFFFFFFFFFFFFFFFFFFFFFFFFFFFFFF AND PUSH20 0xFFFFFFFFFFFFFFFFFFFFFFFFFFFFFFFFFFFFFFFF AND EQ ISZERO ISZERO PUSH2 0x1482 JUMPI PUSH1 0x0 DUP1 REVERT JUMPDEST PUSH1 0x11 PUSH1 0x0 PUSH1 0xF PUSH1 0x0 DUP6 DUP2 MSTORE PUSH1 0x20 ADD SWAP1 DUP2 MSTORE PUSH1 0x20 ADD PUSH1 0x0 KECCAK256 PUSH1 0x0 ADD PUSH1 0x0 SWAP1 SLOAD SWAP1 PUSH2 0x100 EXP SWAP1 DIV PUSH20 0xFFFFFFFFFFFFFFFFFFFFFFFFFFFFFFFFFFFFFFFF AND PUSH20 0xFFFFFFFFFFFFFFFFFFFFFFFFFFFFFFFFFFFFFFFF AND PUSH20 0xFFFFFFFFFFFFFFFFFFFFFFFFFFFFFFFFFFFFFFFF AND DUP2 MSTORE PUSH1 0x20 ADD SWAP1 DUP2 MSTORE PUSH1 0x20 ADD PUSH1 0x0 KECCAK256 PUSH1 0x0 DUP2 SLOAD DUP1 SWAP3 SWAP2 SWAP1 PUSH1 0x1 SWAP1 SUB SWAP2 SWAP1 POP SSTORE POP PUSH1 0x11 PUSH1 0x0 DUP5 PUSH20 0xFFFFFFFFFFFFFFFFFFFFFFFFFFFFFFFFFFFFFFFF AND PUSH20 0xFFFFFFFFFFFFFFFFFFFFFFFFFFFFFFFFFFFFFFFF AND DUP2 MSTORE PUSH1 0x20 ADD SWAP1 DUP2 MSTORE PUSH1 0x20 ADD PUSH1 0x0 KECCAK256 PUSH1 0x0 DUP2 SLOAD DUP1 SWAP3 SWAP2 SWAP1 PUSH1 0x1 ADD SWAP2 SWAP1 POP SSTORE POP PUSH1 0x10 PUSH1 0x0 DUP5 PUSH20 0xFFFFFFFFFFFFFFFFFFFFFFFFFFFFFFFFFFFFFFFF AND PUSH20 0xFFFFFFFFFFFFFFFFFFFFFFFFFFFFFFFFFFFFFFFF AND DUP2 MSTORE PUSH1 0x20 ADD SWAP1 DUP2 MSTORE PUSH1 0x20 ADD PUSH1 0x0 KECCAK256 DUP1 SLOAD DUP1 PUSH1 0x1 ADD DUP3 DUP2 PUSH2 0x15A8 SWAP2 SWAP1 PUSH2 0x35D3 JUMP JUMPDEST SWAP2 PUSH1 0x0 MSTORE PUSH1 0x20 PUSH1 0x0 KECCAK256 SWAP1 ADD PUSH1 0x0 DUP5 SWAP1 SWAP2 SWAP1 SWAP2 POP SSTORE POP DUP3 PUSH1 0xF PUSH1 0x0 DUP5 DUP2 MSTORE PUSH1 0x20 ADD SWAP1 DUP2 MSTORE PUSH1 0x20 ADD PUSH1 0x0 KECCAK256 PUSH1 0x0 ADD PUSH1 0x0 PUSH2 0x100 EXP DUP2 SLOAD DUP2 PUSH20 0xFFFFFFFFFFFFFFFFFFFFFFFFFFFFFFFFFFFFFFFF MUL NOT AND SWAP1 DUP4 PUSH20 0xFFFFFFFFFFFFFFFFFFFFFFFFFFFFFFFFFFFFFFFF AND MUL OR SWAP1 SSTORE POP DUP3 PUSH20 0xFFFFFFFFFFFFFFFFFFFFFFFFFFFFFFFFFFFFFFFF AND PUSH1 0xF PUSH1 0x0 DUP5 DUP2 MSTORE PUSH1 0x20 ADD SWAP1 DUP2 MSTORE PUSH1 0x20 ADD PUSH1 0x0 KECCAK256 PUSH1 0x0 ADD PUSH1 0x0 SWAP1 SLOAD SWAP1 PUSH2 0x100 EXP SWAP1 DIV PUSH20 0xFFFFFFFFFFFFFFFFFFFFFFFFFFFFFFFFFFFFFFFF AND PUSH20 0xFFFFFFFFFFFFFFFFFFFFFFFFFFFFFFFFFFFFFFFF AND PUSH32 0xDDF252AD1BE2C89B69C2B068FC378DAA952BA7F163C4A11628F55A4DF523B3EF DUP5 PUSH1 0x40 MLOAD DUP1 DUP3 DUP2 MSTORE PUSH1 0x20 ADD SWAP2 POP POP PUSH1 0x40 MLOAD DUP1 SWAP2 SUB SWAP1 LOG3 JUMPDEST DUP1 DUP1 PUSH1 0x1 ADD SWAP2 POP POP PUSH2 0x12EF JUMP JUMPDEST POP POP POP POP JUMP JUMPDEST PUSH1 0x11 PUSH1 0x20 MSTORE DUP1 PUSH1 0x0 MSTORE PUSH1 0x40 PUSH1 0x0 KECCAK256 PUSH1 0x0 SWAP2 POP SWAP1 POP SLOAD DUP2 JUMP JUMPDEST PUSH1 0x0 DUP1 PUSH1 0x0 DUP1 PUSH1 0x0 DUP1 PUSH1 0xF PUSH1 0x0 DUP9 DUP2 MSTORE PUSH1 0x20 ADD SWAP1 DUP2 MSTORE PUSH1 0x20 ADD PUSH1 0x0 KECCAK256 PUSH1 0x0 ADD PUSH1 0x0 SWAP1 SLOAD SWAP1 PUSH2 0x100 EXP SWAP1 DIV PUSH20 0xFFFFFFFFFFFFFFFFFFFFFFFFFFFFFFFFFFFFFFFF AND PUSH1 0xF PUSH1 0x0 DUP10 DUP2 MSTORE PUSH1 0x20 ADD SWAP1 DUP2 MSTORE PUSH1 0x20 ADD PUSH1 0x0 KECCAK256 PUSH1 0x1 ADD SLOAD PUSH1 0xF PUSH1 0x0 DUP11 DUP2 MSTORE PUSH1 0x20 ADD SWAP1 DUP2 MSTORE PUSH1 0x20 ADD PUSH1 0x0 KECCAK256 PUSH1 0x2 ADD PUSH1 0x0 SWAP1 SLOAD SWAP1 PUSH2 0x100 EXP SWAP1 DIV PUSH1 0xFF AND PUSH1 0xF PUSH1 0x0 DUP12 DUP2 MSTORE PUSH1 0x20 ADD SWAP1 DUP2 MSTORE PUSH1 0x20 ADD PUSH1 0x0 KECCAK256 PUSH1 0x3 ADD SLOAD PUSH1 0xF PUSH1 0x0 DUP13 DUP2 MSTORE PUSH1 0x20 ADD SWAP1 DUP2 MSTORE PUSH1 0x20 ADD PUSH1 0x0 KECCAK256 PUSH1 0x4 ADD SLOAD PUSH1 0xF PUSH1 0x0 DUP14 DUP2 MSTORE PUSH1 0x20 ADD SWAP1 DUP2 MSTORE PUSH1 0x20 ADD PUSH1 0x0 KECCAK256 PUSH1 0x5 ADD PUSH1 0x0 SWAP1 SLOAD SWAP1 PUSH2 0x100 EXP SWAP1 DIV PUSH1 0xFF AND SWAP6 POP SWAP6 POP SWAP6 POP SWAP6 POP SWAP6 POP SWAP6 POP SWAP2 SWAP4 SWAP6 POP SWAP2 SWAP4 SWAP6 JUMP JUMPDEST PUSH1 0x15 PUSH1 0x0 SWAP1 SLOAD SWAP1 PUSH2 0x100 EXP SWAP1 DIV PUSH1 0xFF AND DUP2 JUMP JUMPDEST PUSH1 0xA SLOAD DUP2 JUMP JUMPDEST PUSH1 0x0 DUP1 SWAP1 SLOAD SWAP1 PUSH2 0x100 EXP SWAP1 DIV PUSH20 0xFFFFFFFFFFFFFFFFFFFFFFFFFFFFFFFFFFFFFFFF AND PUSH20 0xFFFFFFFFFFFFFFFFFFFFFFFFFFFFFFFFFFFFFFFF AND CALLER PUSH20 0xFFFFFFFFFFFFFFFFFFFFFFFFFFFFFFFFFFFFFFFF AND EQ ISZERO ISZERO PUSH2 0x182F JUMPI PUSH1 0x0 DUP1 REVERT JUMPDEST PUSH1 0x0 DUP1 SWAP1 SLOAD SWAP1 PUSH2 0x100 EXP SWAP1 DIV PUSH20 0xFFFFFFFFFFFFFFFFFFFFFFFFFFFFFFFFFFFFFFFF AND PUSH20 0xFFFFFFFFFFFFFFFFFFFFFFFFFFFFFFFFFFFFFFFF AND PUSH2 0x8FC PUSH1 0x4 SLOAD SWAP1 DUP2 ISZERO MUL SWAP1 PUSH1 0x40 MLOAD PUSH1 0x0 PUSH1 0x40 MLOAD DUP1 DUP4 SUB DUP2 DUP6 DUP9 DUP9 CALL SWAP4 POP POP POP POP ISZERO ISZERO PUSH2 0x1892 JUMPI PUSH1 0x0 DUP1 REVERT JUMPDEST PUSH1 0x3 PUSH1 0x0 SWAP1 SLOAD SWAP1 PUSH2 0x100 EXP SWAP1 DIV PUSH20 0xFFFFFFFFFFFFFFFFFFFFFFFFFFFFFFFFFFFFFFFF AND PUSH20 0xFFFFFFFFFFFFFFFFFFFFFFFFFFFFFFFFFFFFFFFF AND PUSH2 0x8FC PUSH1 0x5 SLOAD SWAP1 DUP2 ISZERO MUL SWAP1 PUSH1 0x40 MLOAD PUSH1 0x0 PUSH1 0x40 MLOAD DUP1 DUP4 SUB DUP2 DUP6 DUP9 DUP9 CALL SWAP4 POP POP POP POP ISZERO ISZERO PUSH2 0x18F6 JUMPI PUSH1 0x0 DUP1 REVERT JUMPDEST PUSH1 0x0 PUSH1 0x4 DUP2 SWAP1 SSTORE POP PUSH1 0x0 PUSH1 0x5 DUP2 SWAP1 SSTORE POP JUMP JUMPDEST PUSH1 0xB DUP2 DUP2 SLOAD DUP2 LT ISZERO ISZERO PUSH2 0x1917 JUMPI INVALID JUMPDEST SWAP1 PUSH1 0x0 MSTORE PUSH1 0x20 PUSH1 0x0 KECCAK256 SWAP1 ADD PUSH1 0x0 SWAP2 POP SWAP1 POP SLOAD DUP2 JUMP JUMPDEST PUSH1 0x0 DUP1 PUSH1 0x0 DUP1 PUSH1 0x1 ISZERO ISZERO PUSH1 0xF PUSH1 0x0 DUP8 DUP2 MSTORE PUSH1 0x20 ADD SWAP1 DUP2 MSTORE PUSH1 0x20 ADD PUSH1 0x0 KECCAK256 PUSH1 0x2 ADD PUSH1 0x0 SWAP1 SLOAD SWAP1 PUSH2 0x100 EXP SWAP1 DIV PUSH1 0xFF AND ISZERO ISZERO EQ ISZERO PUSH2 0x1BD9 JUMPI PUSH1 0x6 SLOAD PUSH2 0x3E8 PUSH1 0xF PUSH1 0x0 DUP9 DUP2 MSTORE PUSH1 0x20 ADD SWAP1 DUP2 MSTORE PUSH1 0x20 ADD PUSH1 0x0 KECCAK256 PUSH1 0x3 ADD SLOAD DUP2 ISZERO ISZERO PUSH2 0x1988 JUMPI INVALID JUMPDEST DIV MUL SWAP4 POP PUSH1 0x7 SLOAD PUSH2 0x3E8 PUSH1 0xF PUSH1 0x0 DUP9 DUP2 MSTORE PUSH1 0x20 ADD SWAP1 DUP2 MSTORE PUSH1 0x20 ADD PUSH1 0x0 KECCAK256 PUSH1 0x3 ADD SLOAD DUP2 ISZERO ISZERO PUSH2 0x19B2 JUMPI INVALID JUMPDEST DIV MUL SWAP3 POP DUP3 DUP5 PUSH1 0xF PUSH1 0x0 DUP9 DUP2 MSTORE PUSH1 0x20 ADD SWAP1 DUP2 MSTORE PUSH1 0x20 ADD PUSH1 0x0 KECCAK256 PUSH1 0x3 ADD SLOAD ADD ADD CALLVALUE EQ ISZERO ISZERO PUSH2 0x19DE JUMPI PUSH1 0x0 DUP1 REVERT JUMPDEST PUSH1 0xF PUSH1 0x0 DUP7 DUP2 MSTORE PUSH1 0x20 ADD SWAP1 DUP2 MSTORE PUSH1 0x20 ADD PUSH1 0x0 KECCAK256 PUSH1 0x0 ADD PUSH1 0x0 SWAP1 SLOAD SWAP1 PUSH2 0x100 EXP SWAP1 DIV PUSH20 0xFFFFFFFFFFFFFFFFFFFFFFFFFFFFFFFFFFFFFFFF AND PUSH20 0xFFFFFFFFFFFFFFFFFFFFFFFFFFFFFFFFFFFFFFFF AND PUSH2 0x8FC PUSH1 0xF PUSH1 0x0 DUP9 DUP2 MSTORE PUSH1 0x20 ADD SWAP1 DUP2 MSTORE PUSH1 0x20 ADD PUSH1 0x0 KECCAK256 PUSH1 0x3 ADD SLOAD SWAP1 DUP2 ISZERO MUL SWAP1 PUSH1 0x40 MLOAD PUSH1 0x0 PUSH1 0x40 MLOAD DUP1 DUP4 SUB DUP2 DUP6 DUP9 DUP9 CALL SWAP4 POP POP POP POP ISZERO ISZERO PUSH2 0x1A6A JUMPI PUSH1 0x0 DUP1 REVERT JUMPDEST PUSH1 0x11 PUSH1 0x0 PUSH1 0xF PUSH1 0x0 DUP9 DUP2 MSTORE PUSH1 0x20 ADD SWAP1 DUP2 MSTORE PUSH1 0x20 ADD PUSH1 0x0 KECCAK256 PUSH1 0x0 ADD PUSH1 0x0 SWAP1 SLOAD SWAP1 PUSH2 0x100 EXP SWAP1 DIV PUSH20 0xFFFFFFFFFFFFFFFFFFFFFFFFFFFFFFFFFFFFFFFF AND PUSH20 0xFFFFFFFFFFFFFFFFFFFFFFFFFFFFFFFFFFFFFFFF AND PUSH20 0xFFFFFFFFFFFFFFFFFFFFFFFFFFFFFFFFFFFFFFFF AND DUP2 MSTORE PUSH1 0x20 ADD SWAP1 DUP2 MSTORE PUSH1 0x20 ADD PUSH1 0x0 KECCAK256 PUSH1 0x0 DUP2 SLOAD DUP1 SWAP3 SWAP2 SWAP1 PUSH1 0x1 SWAP1 SUB SWAP2 SWAP1 POP SSTORE POP PUSH1 0x0 PUSH1 0xF PUSH1 0x0 DUP8 DUP2 MSTORE PUSH1 0x20 ADD SWAP1 DUP2 MSTORE PUSH1 0x20 ADD PUSH1 0x0 KECCAK256 PUSH1 0x4 ADD SLOAD EQ ISZERO PUSH2 0x1B39 JUMPI PUSH1 0xC DUP1 SLOAD DUP1 PUSH1 0x1 ADD DUP3 DUP2 PUSH2 0x1B23 SWAP2 SWAP1 PUSH2 0x35D3 JUMP JUMPDEST SWAP2 PUSH1 0x0 MSTORE PUSH1 0x20 PUSH1 0x0 KECCAK256 SWAP1 ADD PUSH1 0x0 DUP8 SWAP1 SWAP2 SWAP1 SWAP2 POP SSTORE POP JUMPDEST PUSH1 0xF PUSH1 0x0 DUP7 DUP2 MSTORE PUSH1 0x20 ADD SWAP1 DUP2 MSTORE PUSH1 0x20 ADD PUSH1 0x0 KECCAK256 PUSH1 0x0 ADD PUSH1 0x0 SWAP1 SLOAD SWAP1 PUSH2 0x100 EXP SWAP1 DIV PUSH20 0xFFFFFFFFFFFFFFFFFFFFFFFFFFFFFFFFFFFFFFFF AND PUSH20 0xFFFFFFFFFFFFFFFFFFFFFFFFFFFFFFFFFFFFFFFF AND CALLER PUSH20 0xFFFFFFFFFFFFFFFFFFFFFFFFFFFFFFFFFFFFFFFF AND PUSH32 0xDDF252AD1BE2C89B69C2B068FC378DAA952BA7F163C4A11628F55A4DF523B3EF DUP8 PUSH1 0x40 MLOAD DUP1 DUP3 DUP2 MSTORE PUSH1 0x20 ADD SWAP2 POP POP PUSH1 0x40 MLOAD DUP1 SWAP2 SUB SWAP1 LOG3 PUSH2 0x1F1E JUMP JUMPDEST PUSH1 0x0 PUSH1 0xF PUSH1 0x0 DUP8 DUP2 MSTORE PUSH1 0x20 ADD SWAP1 DUP2 MSTORE PUSH1 0x20 ADD PUSH1 0x0 KECCAK256 PUSH1 0x4 ADD SLOAD EQ ISZERO ISZERO PUSH2 0x1BFE JUMPI PUSH1 0x0 DUP1 REVERT JUMPDEST PUSH1 0x0 PUSH1 0xF PUSH1 0x0 DUP8 DUP2 MSTORE PUSH1 0x20 ADD SWAP1 DUP2 MSTORE PUSH1 0x20 ADD PUSH1 0x0 KECCAK256 PUSH1 0x3 ADD SLOAD EQ ISZERO ISZERO PUSH2 0x1C23 JUMPI PUSH1 0x0 DUP1 REVERT JUMPDEST PUSH1 0x2 PUSH1 0x0 SWAP1 SLOAD SWAP1 PUSH2 0x100 EXP SWAP1 DIV PUSH20 0xFFFFFFFFFFFFFFFFFFFFFFFFFFFFFFFFFFFFFFFF AND PUSH20 0xFFFFFFFFFFFFFFFFFFFFFFFFFFFFFFFFFFFFFFFF AND PUSH4 0xC55D0F56 DUP7 PUSH1 0x0 PUSH1 0x40 MLOAD PUSH1 0x20 ADD MSTORE PUSH1 0x40 MLOAD DUP3 PUSH4 0xFFFFFFFF AND PUSH29 0x100000000000000000000000000000000000000000000000000000000 MUL DUP2 MSTORE PUSH1 0x4 ADD DUP1 DUP3 DUP2 MSTORE PUSH1 0x20 ADD SWAP2 POP POP PUSH1 0x20 PUSH1 0x40 MLOAD DUP1 DUP4 SUB DUP2 PUSH1 0x0 DUP8 DUP1 EXTCODESIZE ISZERO ISZERO PUSH2 0x1CBC JUMPI PUSH1 0x0 DUP1 REVERT JUMPDEST PUSH2 0x2C6 GAS SUB CALL ISZERO ISZERO PUSH2 0x1CCD JUMPI PUSH1 0x0 DUP1 REVERT JUMPDEST POP POP POP PUSH1 0x40 MLOAD DUP1 MLOAD SWAP1 POP SWAP2 POP PUSH1 0x0 DUP3 GT ISZERO ISZERO PUSH2 0x1CE8 JUMPI PUSH1 0x0 DUP1 REVERT JUMPDEST PUSH1 0xA SLOAD PUSH1 0x9 SLOAD PUSH1 0x6 SLOAD PUSH2 0x3E8 DUP6 DUP2 ISZERO ISZERO PUSH2 0x1CFE JUMPI INVALID JUMPDEST DIV MUL MUL DUP2 ISZERO ISZERO PUSH2 0x1D0A JUMPI INVALID JUMPDEST DIV SWAP4 POP PUSH1 0xA SLOAD PUSH1 0x9 SLOAD PUSH1 0x7 SLOAD PUSH2 0x3E8 DUP6 DUP2 ISZERO ISZERO PUSH2 0x1D23 JUMPI INVALID JUMPDEST DIV MUL MUL DUP2 ISZERO ISZERO PUSH2 0x1D2F JUMPI INVALID JUMPDEST DIV SWAP3 POP DUP3 DUP5 PUSH1 0xA SLOAD PUSH1 0x9 SLOAD DUP6 MUL DUP2 ISZERO ISZERO PUSH2 0x1D45 JUMPI INVALID JUMPDEST DIV ADD ADD CALLVALUE EQ ISZERO ISZERO PUSH2 0x1D55 JUMPI PUSH1 0x0 DUP1 REVERT JUMPDEST PUSH1 0x1 PUSH1 0x0 SWAP1 SLOAD SWAP1 PUSH2 0x100 EXP SWAP1 DIV PUSH20 0xFFFFFFFFFFFFFFFFFFFFFFFFFFFFFFFFFFFFFFFF AND PUSH20 0xFFFFFFFFFFFFFFFFFFFFFFFFFFFFFFFFFFFFFFFF AND PUSH4 0x6352211E DUP7 PUSH1 0x0 PUSH1 0x40 MLOAD PUSH1 0x20 ADD MSTORE PUSH1 0x40 MLOAD DUP3 PUSH4 0xFFFFFFFF AND PUSH29 0x100000000000000000000000000000000000000000000000000000000 MUL DUP2 MSTORE PUSH1 0x4 ADD DUP1 DUP3 DUP2 MSTORE PUSH1 0x20 ADD SWAP2 POP POP PUSH1 0x20 PUSH1 0x40 MLOAD DUP1 DUP4 SUB DUP2 PUSH1 0x0 DUP8 DUP1 EXTCODESIZE ISZERO ISZERO PUSH2 0x1DEE JUMPI PUSH1 0x0 DUP1 REVERT JUMPDEST PUSH2 0x2C6 GAS SUB CALL ISZERO ISZERO PUSH2 0x1DFF JUMPI PUSH1 0x0 DUP1 REVERT JUMPDEST POP POP POP PUSH1 0x40 MLOAD DUP1 MLOAD SWAP1 POP SWAP1 POP DUP1 PUSH20 0xFFFFFFFFFFFFFFFFFFFFFFFFFFFFFFFFFFFFFFFF AND PUSH2 0x8FC PUSH1 0xA SLOAD PUSH1 0x9 SLOAD DUP6 MUL DUP2 ISZERO ISZERO PUSH2 0x1E36 JUMPI INVALID JUMPDEST DIV SWAP1 DUP2 ISZERO MUL SWAP1 PUSH1 0x40 MLOAD PUSH1 0x0 PUSH1 0x40 MLOAD DUP1 DUP4 SUB DUP2 DUP6 DUP9 DUP9 CALL SWAP4 POP POP POP POP ISZERO ISZERO PUSH2 0x1E5C JUMPI PUSH1 0x0 DUP1 REVERT JUMPDEST PUSH1 0xC DUP1 SLOAD DUP1 PUSH1 0x1 ADD DUP3 DUP2 PUSH2 0x1E70 SWAP2 SWAP1 PUSH2 0x35D3 JUMP JUMPDEST SWAP2 PUSH1 0x0 MSTORE PUSH1 0x20 PUSH1 0x0 KECCAK256 SWAP1 ADD PUSH1 0x0 DUP8 SWAP1 SWAP2 SWAP1 SWAP2 POP SSTORE POP PUSH1 0x1 PUSH2 0x168 PUSH1 0x1 NUMBER SUB BLOCKHASH PUSH1 0x1 SWAP1 DIV DUP2 ISZERO ISZERO PUSH2 0x1E9C JUMPI INVALID JUMPDEST MOD ADD PUSH1 0xF PUSH1 0x0 DUP8 DUP2 MSTORE PUSH1 0x20 ADD SWAP1 DUP2 MSTORE PUSH1 0x20 ADD PUSH1 0x0 KECCAK256 PUSH1 0x1 ADD DUP2 SWAP1 SSTORE POP CALLER PUSH20 0xFFFFFFFFFFFFFFFFFFFFFFFFFFFFFFFFFFFFFFFF AND DUP2 PUSH20 0xFFFFFFFFFFFFFFFFFFFFFFFFFFFFFFFFFFFFFFFF AND PUSH32 0xDDF252AD1BE2C89B69C2B068FC378DAA952BA7F163C4A11628F55A4DF523B3EF DUP8 PUSH1 0x40 MLOAD DUP1 DUP3 DUP2 MSTORE PUSH1 0x20 ADD SWAP2 POP POP PUSH1 0x40 MLOAD DUP1 SWAP2 SUB SWAP1 LOG3 JUMPDEST PUSH1 0xE PUSH1 0x0 DUP2 SLOAD DUP1 SWAP3 SWAP2 SWAP1 PUSH1 0x1 ADD SWAP2 SWAP1 POP SSTORE POP PUSH1 0x10 PUSH1 0x0 CALLER PUSH20 0xFFFFFFFFFFFFFFFFFFFFFFFFFFFFFFFFFFFFFFFF AND PUSH20 0xFFFFFFFFFFFFFFFFFFFFFFFFFFFFFFFFFFFFFFFF AND DUP2 MSTORE PUSH1 0x20 ADD SWAP1 DUP2 MSTORE PUSH1 0x20 ADD PUSH1 0x0 KECCAK256 DUP1 SLOAD DUP1 PUSH1 0x1 ADD DUP3 DUP2 PUSH2 0x1F81 SWAP2 SWAP1 PUSH2 0x35D3 JUMP JUMPDEST SWAP2 PUSH1 0x0 MSTORE PUSH1 0x20 PUSH1 0x0 KECCAK256 SWAP1 ADD PUSH1 0x0 DUP8 SWAP1 SWAP2 SWAP1 SWAP2 POP SSTORE POP PUSH1 0x11 PUSH1 0x0 CALLER PUSH20 0xFFFFFFFFFFFFFFFFFFFFFFFFFFFFFFFFFFFFFFFF AND PUSH20 0xFFFFFFFFFFFFFFFFFFFFFFFFFFFFFFFFFFFFFFFF AND DUP2 MSTORE PUSH1 0x20 ADD SWAP1 DUP2 MSTORE PUSH1 0x20 ADD PUSH1 0x0 KECCAK256 PUSH1 0x0 DUP2 SLOAD DUP1 SWAP3 SWAP2 SWAP1 PUSH1 0x1 ADD SWAP2 SWAP1 POP SSTORE POP CALLER PUSH1 0xF PUSH1 0x0 DUP8 DUP2 MSTORE PUSH1 0x20 ADD SWAP1 DUP2 MSTORE PUSH1 0x20 ADD PUSH1 0x0 KECCAK256 PUSH1 0x0 ADD PUSH1 0x0 PUSH2 0x100 EXP DUP2 SLOAD DUP2 PUSH20 0xFFFFFFFFFFFFFFFFFFFFFFFFFFFFFFFFFFFFFFFF MUL NOT AND SWAP1 DUP4 PUSH20 0xFFFFFFFFFFFFFFFFFFFFFFFFFFFFFFFFFFFFFFFF AND MUL OR SWAP1 SSTORE POP PUSH1 0x0 PUSH1 0xF PUSH1 0x0 DUP8 DUP2 MSTORE PUSH1 0x20 ADD SWAP1 DUP2 MSTORE PUSH1 0x20 ADD PUSH1 0x0 KECCAK256 PUSH1 0x2 ADD PUSH1 0x0 PUSH2 0x100 EXP DUP2 SLOAD DUP2 PUSH1 0xFF MUL NOT AND SWAP1 DUP4 ISZERO ISZERO MUL OR SWAP1 SSTORE POP PUSH1 0xF PUSH1 0x0 DUP7 DUP2 MSTORE PUSH1 0x20 ADD SWAP1 DUP2 MSTORE PUSH1 0x20 ADD PUSH1 0x0 KECCAK256 PUSH1 0x4 ADD PUSH1 0x0 DUP2 SLOAD DUP1 SWAP3 SWAP2 SWAP1 PUSH1 0x1 ADD SWAP2 SWAP1 POP SSTORE POP PUSH1 0x0 PUSH1 0xF PUSH1 0x0 DUP8 DUP2 MSTORE PUSH1 0x20 ADD SWAP1 DUP2 MSTORE PUSH1 0x20 ADD PUSH1 0x0 KECCAK256 PUSH1 0x5 ADD PUSH1 0x0 PUSH2 0x100 EXP DUP2 SLOAD DUP2 PUSH1 0xFF MUL NOT AND SWAP1 DUP4 ISZERO ISZERO MUL OR SWAP1 SSTORE POP DUP4 PUSH1 0x4 PUSH1 0x0 DUP3 DUP3 SLOAD ADD SWAP3 POP POP DUP2 SWAP1 SSTORE POP DUP3 PUSH1 0x5 PUSH1 0x0 DUP3 DUP3 SLOAD ADD SWAP3 POP POP DUP2 SWAP1 SSTORE POP POP POP POP POP POP JUMP JUMPDEST PUSH1 0xC DUP2 DUP2 SLOAD DUP2 LT ISZERO ISZERO PUSH2 0x20F4 JUMPI INVALID JUMPDEST SWAP1 PUSH1 0x0 MSTORE PUSH1 0x20 PUSH1 0x0 KECCAK256 SWAP1 ADD PUSH1 0x0 SWAP2 POP SWAP1 POP SLOAD DUP2 JUMP JUMPDEST PUSH1 0xF PUSH1 0x20 MSTORE DUP1 PUSH1 0x0 MSTORE PUSH1 0x40 PUSH1 0x0 KECCAK256 PUSH1 0x0 SWAP2 POP SWAP1 POP DUP1 PUSH1 0x0 ADD PUSH1 0x0 SWAP1 SLOAD SWAP1 PUSH2 0x100 EXP SWAP1 DIV PUSH20 0xFFFFFFFFFFFFFFFFFFFFFFFFFFFFFFFFFFFFFFFF AND SWAP1 DUP1 PUSH1 0x1 ADD SLOAD SWAP1 DUP1 PUSH1 0x2 ADD PUSH1 0x0 SWAP1 SLOAD SWAP1 PUSH2 0x100 EXP SWAP1 DIV PUSH1 0xFF AND SWAP1 DUP1 PUSH1 0x3 ADD SLOAD SWAP1 DUP1 PUSH1 0x4 ADD SLOAD SWAP1 DUP1 PUSH1 0x5 ADD PUSH1 0x0 SWAP1 SLOAD SWAP1 PUSH2 0x100 EXP SWAP1 DIV PUSH1 0xFF AND SWAP1 POP DUP7 JUMP JUMPDEST PUSH1 0x4 SLOAD DUP2 JUMP JUMPDEST PUSH1 0x0 CALLER PUSH20 0xFFFFFFFFFFFFFFFFFFFFFFFFFFFFFFFFFFFFFFFF AND PUSH1 0xF PUSH1 0x0 DUP5 DUP2 MSTORE PUSH1 0x20 ADD SWAP1 DUP2 MSTORE PUSH1 0x20 ADD PUSH1 0x0 KECCAK256 PUSH1 0x0 ADD PUSH1 0x0 SWAP1 SLOAD SWAP1 PUSH2 0x100 EXP SWAP1 DIV PUSH20 0xFFFFFFFFFFFFFFFFFFFFFFFFFFFFFFFFFFFFFFFF AND PUSH20 0xFFFFFFFFFFFFFFFFFFFFFFFFFFFFFFFFFFFFFFFF AND EQ ISZERO ISZERO PUSH2 0x2324 JUMPI PUSH1 0x0 PUSH1 0xF PUSH1 0x0 DUP5 DUP2 MSTORE PUSH1 0x20 ADD SWAP1 DUP2 MSTORE PUSH1 0x20 ADD PUSH1 0x0 KECCAK256 PUSH1 0x4 ADD SLOAD EQ ISZERO ISZERO PUSH2 0x2217 JUMPI PUSH1 0x0 DUP1 REVERT JUMPDEST PUSH1 0x1 PUSH1 0x0 SWAP1 SLOAD SWAP1 PUSH2 0x100 EXP SWAP1 DIV PUSH20 0xFFFFFFFFFFFFFFFFFFFFFFFFFFFFFFFFFFFFFFFF AND PUSH20 0xFFFFFFFFFFFFFFFFFFFFFFFFFFFFFFFFFFFFFFFF AND PUSH4 0x6352211E DUP4 PUSH1 0x0 PUSH1 0x40 MLOAD PUSH1 0x20 ADD MSTORE PUSH1 0x40 MLOAD DUP3 PUSH4 0xFFFFFFFF AND PUSH29 0x100000000000000000000000000000000000000000000000000000000 MUL DUP2 MSTORE PUSH1 0x4 ADD DUP1 DUP3 DUP2 MSTORE PUSH1 0x20 ADD SWAP2 POP POP PUSH1 0x20 PUSH1 0x40 MLOAD DUP1 DUP4 SUB DUP2 PUSH1 0x0 DUP8 DUP1 EXTCODESIZE ISZERO ISZERO PUSH2 0x22B0 JUMPI PUSH1 0x0 DUP1 REVERT JUMPDEST PUSH2 0x2C6 GAS SUB CALL ISZERO ISZERO PUSH2 0x22C1 JUMPI PUSH1 0x0 DUP1 REVERT JUMPDEST POP POP POP PUSH1 0x40 MLOAD DUP1 MLOAD SWAP1 POP SWAP1 POP CALLER PUSH20 0xFFFFFFFFFFFFFFFFFFFFFFFFFFFFFFFFFFFFFFFF AND DUP2 PUSH20 0xFFFFFFFFFFFFFFFFFFFFFFFFFFFFFFFFFFFFFFFF AND EQ ISZERO ISZERO PUSH2 0x2307 JUMPI PUSH1 0x0 DUP1 REVERT JUMPDEST PUSH1 0x1 PUSH1 0xF PUSH1 0x0 DUP5 DUP2 MSTORE PUSH1 0x20 ADD SWAP1 DUP2 MSTORE PUSH1 0x20 ADD PUSH1 0x0 KECCAK256 PUSH1 0x3 ADD DUP2 SWAP1 SSTORE POP JUMPDEST PUSH1 0x0 PUSH1 0xF PUSH1 0x0 DUP5 DUP2 MSTORE PUSH1 0x20 ADD SWAP1 DUP2 MSTORE PUSH1 0x20 ADD PUSH1 0x0 KECCAK256 PUSH1 0x2 ADD PUSH1 0x0 PUSH2 0x100 EXP DUP2 SLOAD DUP2 PUSH1 0xFF MUL NOT AND SWAP1 DUP4 ISZERO ISZERO MUL OR SWAP1 SSTORE POP POP POP JUMP JUMPDEST PUSH1 0x0 PUSH1 0xF PUSH1 0x0 DUP4 DUP2 MSTORE PUSH1 0x20 ADD SWAP1 DUP2 MSTORE PUSH1 0x20 ADD PUSH1 0x0 KECCAK256 PUSH1 0x0 ADD PUSH1 0x0 SWAP1 SLOAD SWAP1 PUSH2 0x100 EXP SWAP1 DIV PUSH20 0xFFFFFFFFFFFFFFFFFFFFFFFFFFFFFFFFFFFFFFFF AND SWAP1 POP SWAP2 SWAP1 POP JUMP JUMPDEST PUSH1 0xE SLOAD DUP2 JUMP JUMPDEST PUSH1 0x0 PUSH1 0x11 PUSH1 0x0 DUP4 PUSH20 0xFFFFFFFFFFFFFFFFFFFFFFFFFFFFFFFFFFFFFFFF AND PUSH20 0xFFFFFFFFFFFFFFFFFFFFFFFFFFFFFFFFFFFFFFFF AND DUP2 MSTORE PUSH1 0x20 ADD SWAP1 DUP2 MSTORE PUSH1 0x20 ADD PUSH1 0x0 KECCAK256 SLOAD SWAP1 POP SWAP2 SWAP1 POP JUMP JUMPDEST PUSH1 0x0 DUP1 DUP3 GT ISZERO ISZERO PUSH2 0x23F6 JUMPI PUSH1 0x0 DUP1 REVERT JUMPDEST CALLER PUSH20 0xFFFFFFFFFFFFFFFFFFFFFFFFFFFFFFFFFFFFFFFF AND PUSH1 0xF PUSH1 0x0 DUP6 DUP2 MSTORE PUSH1 0x20 ADD SWAP1 DUP2 MSTORE PUSH1 0x20 ADD PUSH1 0x0 KECCAK256 PUSH1 0x0 ADD PUSH1 0x0 SWAP1 SLOAD SWAP1 PUSH2 0x100 EXP SWAP1 DIV PUSH20 0xFFFFFFFFFFFFFFFFFFFFFFFFFFFFFFFFFFFFFFFF AND PUSH20 0xFFFFFFFFFFFFFFFFFFFFFFFFFFFFFFFFFFFFFFFF AND EQ ISZERO ISZERO PUSH2 0x25FF JUMPI PUSH1 0x0 PUSH1 0xF PUSH1 0x0 DUP6 DUP2 MSTORE PUSH1 0x20 ADD SWAP1 DUP2 MSTORE PUSH1 0x20 ADD PUSH1 0x0 KECCAK256 PUSH1 0x4 ADD SLOAD EQ ISZERO ISZERO PUSH2 0x2486 JUMPI PUSH1 0x0 DUP1 REVERT JUMPDEST PUSH1 0x1 PUSH1 0x0 SWAP1 SLOAD SWAP1 PUSH2 0x100 EXP SWAP1 DIV PUSH20 0xFFFFFFFFFFFFFFFFFFFFFFFFFFFFFFFFFFFFFFFF AND PUSH20 0xFFFFFFFFFFFFFFFFFFFFFFFFFFFFFFFFFFFFFFFF AND PUSH4 0x6352211E DUP5 PUSH1 0x0 PUSH1 0x40 MLOAD PUSH1 0x20 ADD MSTORE PUSH1 0x40 MLOAD DUP3 PUSH4 0xFFFFFFFF AND PUSH29 0x100000000000000000000000000000000000000000000000000000000 MUL DUP2 MSTORE PUSH1 0x4 ADD DUP1 DUP3 DUP2 MSTORE PUSH1 0x20 ADD SWAP2 POP POP PUSH1 0x20 PUSH1 0x40 MLOAD DUP1 DUP4 SUB DUP2 PUSH1 0x0 DUP8 DUP1 EXTCODESIZE ISZERO ISZERO PUSH2 0x251F JUMPI PUSH1 0x0 DUP1 REVERT JUMPDEST PUSH2 0x2C6 GAS SUB CALL ISZERO ISZERO PUSH2 0x2530 JUMPI PUSH1 0x0 DUP1 REVERT JUMPDEST POP POP POP PUSH1 0x40 MLOAD DUP1 MLOAD SWAP1 POP SWAP1 POP CALLER PUSH20 0xFFFFFFFFFFFFFFFFFFFFFFFFFFFFFFFFFFFFFFFF AND DUP2 PUSH20 0xFFFFFFFFFFFFFFFFFFFFFFFFFFFFFFFFFFFFFFFF AND EQ ISZERO ISZERO PUSH2 0x2576 JUMPI PUSH1 0x0 DUP1 REVERT JUMPDEST CALLER PUSH1 0xF PUSH1 0x0 DUP6 DUP2 MSTORE PUSH1 0x20 ADD SWAP1 DUP2 MSTORE PUSH1 0x20 ADD PUSH1 0x0 KECCAK256 PUSH1 0x0 ADD PUSH1 0x0 PUSH2 0x100 EXP DUP2 SLOAD DUP2 PUSH20 0xFFFFFFFFFFFFFFFFFFFFFFFFFFFFFFFFFFFFFFFF MUL NOT AND SWAP1 DUP4 PUSH20 0xFFFFFFFFFFFFFFFFFFFFFFFFFFFFFFFFFFFFFFFF AND MUL OR SWAP1 SSTORE POP PUSH1 0x1 PUSH2 0x168 PUSH1 0x1 NUMBER SUB BLOCKHASH PUSH1 0x1 SWAP1 DIV DUP2 ISZERO ISZERO PUSH2 0x25E2 JUMPI INVALID JUMPDEST MOD ADD PUSH1 0xF PUSH1 0x0 DUP6 DUP2 MSTORE PUSH1 0x20 ADD SWAP1 DUP2 MSTORE PUSH1 0x20 ADD PUSH1 0x0 KECCAK256 PUSH1 0x1 ADD DUP2 SWAP1 SSTORE POP JUMPDEST PUSH1 0x1 PUSH1 0xF PUSH1 0x0 DUP6 DUP2 MSTORE PUSH1 0x20 ADD SWAP1 DUP2 MSTORE PUSH1 0x20 ADD PUSH1 0x0 KECCAK256 PUSH1 0x2 ADD PUSH1 0x0 PUSH2 0x100 EXP DUP2 SLOAD DUP2 PUSH1 0xFF MUL NOT AND SWAP1 DUP4 ISZERO ISZERO MUL OR SWAP1 SSTORE POP DUP2 PUSH1 0xF PUSH1 0x0 DUP6 DUP2 MSTORE PUSH1 0x20 ADD SWAP1 DUP2 MSTORE PUSH1 0x20 ADD PUSH1 0x0 KECCAK256 PUSH1 0x3 ADD DUP2 SWAP1 SSTORE POP POP POP POP JUMP JUMPDEST PUSH1 0x6 SLOAD DUP2 JUMP JUMPDEST PUSH1 0x0 DUP1 PUSH1 0x8 SLOAD CALLVALUE EQ ISZERO ISZERO PUSH2 0x2667 JUMPI PUSH1 0x0 DUP1 REVERT JUMPDEST PUSH1 0x1 PUSH1 0xF PUSH1 0x0 DUP6 DUP2 MSTORE PUSH1 0x20 ADD SWAP1 DUP2 MSTORE PUSH1 0x20 ADD PUSH1 0x0 KECCAK256 PUSH1 0x5 ADD PUSH1 0x0 PUSH2 0x100 EXP DUP2 SLOAD DUP2 PUSH1 0xFF MUL NOT AND SWAP1 DUP4 ISZERO ISZERO MUL OR SWAP1 SSTORE POP PUSH1 0x0 PUSH1 0xF PUSH1 0x0 DUP6 DUP2 MSTORE PUSH1 0x20 ADD SWAP1 DUP2 MSTORE PUSH1 0x20 ADD PUSH1 0x0 KECCAK256 PUSH1 0x4 ADD SLOAD EQ ISZERO PUSH2 0x2995 JUMPI PUSH1 0x1 PUSH1 0x0 SWAP1 SLOAD SWAP1 PUSH2 0x100 EXP SWAP1 DIV PUSH20 0xFFFFFFFFFFFFFFFFFFFFFFFFFFFFFFFFFFFFFFFF AND PUSH20 0xFFFFFFFFFFFFFFFFFFFFFFFFFFFFFFFFFFFFFFFF AND PUSH4 0x6352211E DUP5 PUSH1 0x0 PUSH1 0x40 MLOAD PUSH1 0x20 ADD MSTORE PUSH1 0x40 MLOAD DUP3 PUSH4 0xFFFFFFFF AND PUSH29 0x100000000000000000000000000000000000000000000000000000000 MUL DUP2 MSTORE PUSH1 0x4 ADD DUP1 DUP3 DUP2 MSTORE PUSH1 0x20 ADD SWAP2 POP POP PUSH1 0x20 PUSH1 0x40 MLOAD DUP1 DUP4 SUB DUP2 PUSH1 0x0 DUP8 DUP1 EXTCODESIZE ISZERO ISZERO PUSH2 0x274E JUMPI PUSH1 0x0 DUP1 REVERT JUMPDEST PUSH2 0x2C6 GAS SUB CALL ISZERO ISZERO PUSH2 0x275F JUMPI PUSH1 0x0 DUP1 REVERT JUMPDEST POP POP POP PUSH1 0x40 MLOAD DUP1 MLOAD SWAP1 POP SWAP2 POP PUSH1 0x2 PUSH1 0x0 SWAP1 SLOAD SWAP1 PUSH2 0x100 EXP SWAP1 DIV PUSH20 0xFFFFFFFFFFFFFFFFFFFFFFFFFFFFFFFFFFFFFFFF AND PUSH20 0xFFFFFFFFFFFFFFFFFFFFFFFFFFFFFFFFFFFFFFFF AND PUSH4 0xC55D0F56 DUP5 PUSH1 0x0 PUSH1 0x40 MLOAD PUSH1 0x20 ADD MSTORE PUSH1 0x40 MLOAD DUP3 PUSH4 0xFFFFFFFF AND PUSH29 0x100000000000000000000000000000000000000000000000000000000 MUL DUP2 MSTORE PUSH1 0x4 ADD DUP1 DUP3 DUP2 MSTORE PUSH1 0x20 ADD SWAP2 POP POP PUSH1 0x20 PUSH1 0x40 MLOAD DUP1 DUP4 SUB DUP2 PUSH1 0x0 DUP8 DUP1 EXTCODESIZE ISZERO ISZERO PUSH2 0x2804 JUMPI PUSH1 0x0 DUP1 REVERT JUMPDEST PUSH2 0x2C6 GAS SUB CALL ISZERO ISZERO PUSH2 0x2815 JUMPI PUSH1 0x0 DUP1 REVERT JUMPDEST POP POP POP PUSH1 0x40 MLOAD DUP1 MLOAD SWAP1 POP SWAP1 POP PUSH1 0x0 DUP2 GT DUP1 ISZERO PUSH2 0x285C JUMPI POP DUP2 PUSH20 0xFFFFFFFFFFFFFFFFFFFFFFFFFFFFFFFFFFFFFFFF AND CALLER PUSH20 0xFFFFFFFFFFFFFFFFFFFFFFFFFFFFFFFFFFFFFFFF AND EQ JUMPDEST ISZERO PUSH2 0x28BD JUMPI PUSH1 0xA SLOAD PUSH1 0x9 SLOAD DUP3 MUL DUP2 ISZERO ISZERO PUSH2 0x2872 JUMPI INVALID JUMPDEST DIV PUSH1 0xF PUSH1 0x0 DUP6 DUP2 MSTORE PUSH1 0x20 ADD SWAP1 DUP2 MSTORE PUSH1 0x20 ADD PUSH1 0x0 KECCAK256 PUSH1 0x3 ADD DUP2 SWAP1 SSTORE POP PUSH1 0x1 PUSH1 0xF PUSH1 0x0 DUP6 DUP2 MSTORE PUSH1 0x20 ADD SWAP1 DUP2 MSTORE PUSH1 0x20 ADD PUSH1 0x0 KECCAK256 PUSH1 0x2 ADD PUSH1 0x0 PUSH2 0x100 EXP DUP2 SLOAD DUP2 PUSH1 0xFF MUL NOT AND SWAP1 DUP4 ISZERO ISZERO MUL OR SWAP1 SSTORE POP JUMPDEST DUP2 PUSH1 0xF PUSH1 0x0 DUP6 DUP2 MSTORE PUSH1 0x20 ADD SWAP1 DUP2 MSTORE PUSH1 0x20 ADD PUSH1 0x0 KECCAK256 PUSH1 0x0 ADD PUSH1 0x0 PUSH2 0x100 EXP DUP2 SLOAD DUP2 PUSH20 0xFFFFFFFFFFFFFFFFFFFFFFFFFFFFFFFFFFFFFFFF MUL NOT AND SWAP1 DUP4 PUSH20 0xFFFFFFFFFFFFFFFFFFFFFFFFFFFFFFFFFFFFFFFF AND MUL OR SWAP1 SSTORE POP PUSH1 0x1 PUSH2 0x168 PUSH1 0x1 NUMBER SUB BLOCKHASH PUSH1 0x1 SWAP1 DIV DUP2 ISZERO ISZERO PUSH2 0x2929 JUMPI INVALID JUMPDEST MOD ADD PUSH1 0xF PUSH1 0x0 DUP6 DUP2 MSTORE PUSH1 0x20 ADD SWAP1 DUP2 MSTORE PUSH1 0x20 ADD PUSH1 0x0 KECCAK256 PUSH1 0x1 ADD DUP2 SWAP1 SSTORE POP PUSH1 0x11 PUSH1 0x0 DUP4 PUSH20 0xFFFFFFFFFFFFFFFFFFFFFFFFFFFFFFFFFFFFFFFF AND PUSH20 0xFFFFFFFFFFFFFFFFFFFFFFFFFFFFFFFFFFFFFFFF AND DUP2 MSTORE PUSH1 0x20 ADD SWAP1 DUP2 MSTORE PUSH1 0x20 ADD PUSH1 0x0 KECCAK256 PUSH1 0x0 DUP2 SLOAD DUP1 SWAP3 SWAP2 SWAP1 PUSH1 0x1 ADD SWAP2 SWAP1 POP SSTORE POP JUMPDEST PUSH1 0xD PUSH1 0x0 DUP2 SLOAD DUP1 SWAP3 SWAP2 SWAP1 PUSH1 0x1 ADD SWAP2 SWAP1 POP SSTORE POP CALLVALUE PUSH1 0x4 PUSH1 0x0 DUP3 DUP3 SLOAD ADD SWAP3 POP POP DUP2 SWAP1 SSTORE POP PUSH1 0xB DUP1 SLOAD DUP1 PUSH1 0x1 ADD DUP3 DUP2 PUSH2 0x29CB SWAP2 SWAP1 PUSH2 0x35D3 JUMP JUMPDEST SWAP2 PUSH1 0x0 MSTORE PUSH1 0x20 PUSH1 0x0 KECCAK256 SWAP1 ADD PUSH1 0x0 DUP6 SWAP1 SWAP2 SWAP1 SWAP2 POP SSTORE POP POP POP POP JUMP JUMPDEST PUSH1 0x0 DUP1 SWAP1 SLOAD SWAP1 PUSH2 0x100 EXP SWAP1 DIV PUSH20 0xFFFFFFFFFFFFFFFFFFFFFFFFFFFFFFFFFFFFFFFF AND PUSH20 0xFFFFFFFFFFFFFFFFFFFFFFFFFFFFFFFFFFFFFFFF AND CALLER PUSH20 0xFFFFFFFFFFFFFFFFFFFFFFFFFFFFFFFFFFFFFFFF AND EQ ISZERO ISZERO PUSH2 0x2A40 JUMPI PUSH1 0x0 DUP1 REVERT JUMPDEST PUSH1 0x33 DUP2 DUP4 ADD LT ISZERO ISZERO PUSH2 0x2A51 JUMPI PUSH1 0x0 DUP1 REVERT JUMPDEST DUP2 PUSH1 0x6 DUP2 SWAP1 SSTORE POP DUP1 PUSH1 0x7 DUP2 SWAP1 SSTORE POP POP POP JUMP JUMPDEST PUSH1 0x12 PUSH1 0x20 MSTORE DUP3 PUSH1 0x0 MSTORE PUSH1 0x40 PUSH1 0x0 KECCAK256 PUSH1 0x20 MSTORE DUP2 PUSH1 0x0 MSTORE PUSH1 0x40 PUSH1 0x0 KECCAK256 DUP2 DUP2 SLOAD DUP2 LT ISZERO ISZERO PUSH2 0x2A8A JUMPI INVALID JUMPDEST SWAP1 PUSH1 0x0 MSTORE PUSH1 0x20 PUSH1 0x0 KECCAK256 SWAP1 ADD PUSH1 0x0 SWAP3 POP SWAP3 POP POP POP SLOAD DUP2 JUMP JUMPDEST PUSH1 0x0 DUP1 SWAP1 SLOAD SWAP1 PUSH2 0x100 EXP SWAP1 DIV PUSH20 0xFFFFFFFFFFFFFFFFFFFFFFFFFFFFFFFFFFFFFFFF AND DUP2 JUMP JUMPDEST PUSH2 0x2ACE PUSH2 0x35BF JUMP JUMPDEST PUSH1 0x14 DUP1 SLOAD PUSH1 0x1 DUP2 PUSH1 0x1 AND ISZERO PUSH2 0x100 MUL SUB AND PUSH1 0x2 SWAP1 DIV DUP1 PUSH1 0x1F ADD PUSH1 0x20 DUP1 SWAP2 DIV MUL PUSH1 0x20 ADD PUSH1 0x40 MLOAD SWAP1 DUP2 ADD PUSH1 0x40 MSTORE DUP1 SWAP3 SWAP2 SWAP1 DUP2 DUP2 MSTORE PUSH1 0x20 ADD DUP3 DUP1 SLOAD PUSH1 0x1 DUP2 PUSH1 0x1 AND ISZERO PUSH2 0x100 MUL SUB AND PUSH1 0x2 SWAP1 DIV DUP1 ISZERO PUSH2 0x2B64 JUMPI DUP1 PUSH1 0x1F LT PUSH2 0x2B39 JUMPI PUSH2 0x100 DUP1 DUP4 SLOAD DIV MUL DUP4 MSTORE SWAP2 PUSH1 0x20 ADD SWAP2 PUSH2 0x2B64 JUMP JUMPDEST DUP3 ADD SWAP2 SWAP1 PUSH1 0x0 MSTORE PUSH1 0x20 PUSH1 0x0 KECCAK256 SWAP1 JUMPDEST DUP2 SLOAD DUP2 MSTORE SWAP1 PUSH1 0x1 ADD SWAP1 PUSH1 0x20 ADD DUP1 DUP4 GT PUSH2 0x2B47 JUMPI DUP3 SWAP1 SUB PUSH1 0x1F AND DUP3 ADD SWAP2 JUMPDEST POP POP POP POP POP SWAP1 POP SWAP1 JUMP JUMPDEST PUSH1 0x10 PUSH1 0x20 MSTORE DUP2 PUSH1 0x0 MSTORE PUSH1 0x40 PUSH1 0x0 KECCAK256 DUP2 DUP2 SLOAD DUP2 LT ISZERO ISZERO PUSH2 0x2B89 JUMPI INVALID JUMPDEST SWAP1 PUSH1 0x0 MSTORE PUSH1 0x20 PUSH1 0x0 KECCAK256 SWAP1 ADD PUSH1 0x0 SWAP2 POP SWAP2 POP POP SLOAD DUP2 JUMP JUMPDEST PUSH2 0x2BA7 PUSH2 0x35FF JUMP JUMPDEST PUSH1 0x10 PUSH1 0x0 DUP4 PUSH20 0xFFFFFFFFFFFFFFFFFFFFFFFFFFFFFFFFFFFFFFFF AND PUSH20 0xFFFFFFFFFFFFFFFFFFFFFFFFFFFFFFFFFFFFFFFF AND DUP2 MSTORE PUSH1 0x20 ADD SWAP1 DUP2 MSTORE PUSH1 0x20 ADD PUSH1 0x0 KECCAK256 DUP1 SLOAD DUP1 PUSH1 0x20 MUL PUSH1 0x20 ADD PUSH1 0x40 MLOAD SWAP1 DUP2 ADD PUSH1 0x40 MSTORE DUP1 SWAP3 SWAP2 SWAP1 DUP2 DUP2 MSTORE PUSH1 0x20 ADD DUP3 DUP1 SLOAD DUP1 ISZERO PUSH2 0x2C30 JUMPI PUSH1 0x20 MUL DUP3 ADD SWAP2 SWAP1 PUSH1 0x0 MSTORE PUSH1 0x20 PUSH1 0x0 KECCAK256 SWAP1 JUMPDEST DUP2 SLOAD DUP2 MSTORE PUSH1 0x20 ADD SWAP1 PUSH1 0x1 ADD SWAP1 DUP1 DUP4 GT PUSH2 0x2C1C JUMPI JUMPDEST POP POP POP POP POP SWAP1 POP SWAP2 SWAP1 POP JUMP JUMPDEST PUSH1 0x0 PUSH1 0xC DUP3 DUP2 SLOAD DUP2 LT ISZERO ISZERO PUSH2 0x2C4D JUMPI INVALID JUMPDEST SWAP1 PUSH1 0x0 MSTORE PUSH1 0x20 PUSH1 0x0 KECCAK256 SWAP1 ADD SLOAD SWAP1 POP SWAP2 SWAP1 POP JUMP JUMPDEST PUSH1 0x0 DUP1 SWAP1 SLOAD SWAP1 PUSH2 0x100 EXP SWAP1 DIV PUSH20 0xFFFFFFFFFFFFFFFFFFFFFFFFFFFFFFFFFFFFFFFF AND PUSH20 0xFFFFFFFFFFFFFFFFFFFFFFFFFFFFFFFFFFFFFFFF AND CALLER PUSH20 0xFFFFFFFFFFFFFFFFFFFFFFFFFFFFFFFFFFFFFFFF AND EQ ISZERO ISZERO PUSH2 0x2CBB JUMPI PUSH1 0x0 DUP1 REVERT JUMPDEST PUSH1 0x0 DUP3 GT ISZERO ISZERO PUSH2 0x2CCA JUMPI PUSH1 0x0 DUP1 REVERT JUMPDEST PUSH1 0x0 DUP2 GT ISZERO ISZERO PUSH2 0x2CD9 JUMPI PUSH1 0x0 DUP1 REVERT JUMPDEST DUP2 PUSH1 0x9 DUP2 SWAP1 SSTORE POP DUP1 PUSH1 0xA DUP2 SWAP1 SSTORE POP POP POP JUMP JUMPDEST CALLER PUSH20 0xFFFFFFFFFFFFFFFFFFFFFFFFFFFFFFFFFFFFFFFF AND PUSH1 0xF PUSH1 0x0 DUP4 DUP2 MSTORE PUSH1 0x20 ADD SWAP1 DUP2 MSTORE PUSH1 0x20 ADD PUSH1 0x0 KECCAK256 PUSH1 0x0 ADD PUSH1 0x0 SWAP1 SLOAD SWAP1 PUSH2 0x100 EXP SWAP1 DIV PUSH20 0xFFFFFFFFFFFFFFFFFFFFFFFFFFFFFFFFFFFFFFFF AND PUSH20 0xFFFFFFFFFFFFFFFFFFFFFFFFFFFFFFFFFFFFFFFF AND EQ ISZERO ISZERO PUSH2 0x2D5B JUMPI PUSH1 0x0 DUP1 REVERT JUMPDEST DUP2 PUSH1 0xF PUSH1 0x0 DUP4 DUP2 MSTORE PUSH1 0x20 ADD SWAP1 DUP2 MSTORE PUSH1 0x20 ADD PUSH1 0x0 KECCAK256 PUSH1 0x0 ADD PUSH1 0x0 PUSH2 0x100 EXP DUP2 SLOAD DUP2 PUSH20 0xFFFFFFFFFFFFFFFFFFFFFFFFFFFFFFFFFFFFFFFF MUL NOT AND SWAP1 DUP4 PUSH20 0xFFFFFFFFFFFFFFFFFFFFFFFFFFFFFFFFFFFFFFFF AND MUL OR SWAP1 SSTORE POP PUSH1 0x11 PUSH1 0x0 CALLER PUSH20 0xFFFFFFFFFFFFFFFFFFFFFFFFFFFFFFFFFFFFFFFF AND PUSH20 0xFFFFFFFFFFFFFFFFFFFFFFFFFFFFFFFFFFFFFFFF AND DUP2 MSTORE PUSH1 0x20 ADD SWAP1 DUP2 MSTORE PUSH1 0x20 ADD PUSH1 0x0 KECCAK256 PUSH1 0x0 DUP2 SLOAD DUP1 SWAP3 SWAP2 SWAP1 PUSH1 0x1 SWAP1 SUB SWAP2 SWAP1 POP SSTORE POP PUSH1 0x11 PUSH1 0x0 DUP4 PUSH20 0xFFFFFFFFFFFFFFFFFFFFFFFFFFFFFFFFFFFFFFFF AND PUSH20 0xFFFFFFFFFFFFFFFFFFFFFFFFFFFFFFFFFFFFFFFF AND DUP2 MSTORE PUSH1 0x20 ADD SWAP1 DUP2 MSTORE PUSH1 0x20 ADD PUSH1 0x0 KECCAK256 PUSH1 0x0 DUP2 SLOAD DUP1 SWAP3 SWAP2 SWAP1 PUSH1 0x1 ADD SWAP2 SWAP1 POP SSTORE POP PUSH1 0x10 PUSH1 0x0 DUP4 PUSH20 0xFFFFFFFFFFFFFFFFFFFFFFFFFFFFFFFFFFFFFFFF AND PUSH20 0xFFFFFFFFFFFFFFFFFFFFFFFFFFFFFFFFFFFFFFFF AND DUP2 MSTORE PUSH1 0x20 ADD SWAP1 DUP2 MSTORE PUSH1 0x20 ADD PUSH1 0x0 KECCAK256 DUP1 SLOAD DUP1 PUSH1 0x1 ADD DUP3 DUP2 PUSH2 0x2EA0 SWAP2 SWAP1 PUSH2 0x35D3 JUMP JUMPDEST SWAP2 PUSH1 0x0 MSTORE PUSH1 0x20 PUSH1 0x0 KECCAK256 SWAP1 ADD PUSH1 0x0 DUP4 SWAP1 SWAP2 SWAP1 SWAP2 POP SSTORE POP DUP2 PUSH20 0xFFFFFFFFFFFFFFFFFFFFFFFFFFFFFFFFFFFFFFFF AND CALLER PUSH20 0xFFFFFFFFFFFFFFFFFFFFFFFFFFFFFFFFFFFFFFFF AND PUSH32 0xDDF252AD1BE2C89B69C2B068FC378DAA952BA7F163C4A11628F55A4DF523B3EF DUP4 PUSH1 0x40 MLOAD DUP1 DUP3 DUP2 MSTORE PUSH1 0x20 ADD SWAP2 POP POP PUSH1 0x40 MLOAD DUP1 SWAP2 SUB SWAP1 LOG3 POP POP JUMP JUMPDEST PUSH1 0x0 DUP1 PUSH1 0x0 DUP1 PUSH1 0x2 PUSH1 0x0 SWAP1 SLOAD SWAP1 PUSH2 0x100 EXP SWAP1 DIV PUSH20 0xFFFFFFFFFFFFFFFFFFFFFFFFFFFFFFFFFFFFFFFF AND PUSH20 0xFFFFFFFFFFFFFFFFFFFFFFFFFFFFFFFFFFFFFFFF AND PUSH4 0xC55D0F56 DUP7 PUSH1 0x0 PUSH1 0x40 MLOAD PUSH1 0x20 ADD MSTORE PUSH1 0x40 MLOAD DUP3 PUSH4 0xFFFFFFFF AND PUSH29 0x100000000000000000000000000000000000000000000000000000000 MUL DUP2 MSTORE PUSH1 0x4 ADD DUP1 DUP3 DUP2 MSTORE PUSH1 0x20 ADD SWAP2 POP POP PUSH1 0x20 PUSH1 0x40 MLOAD DUP1 DUP4 SUB DUP2 PUSH1 0x0 DUP8 DUP1 EXTCODESIZE ISZERO ISZERO PUSH2 0x2FBD JUMPI PUSH1 0x0 DUP1 REVERT JUMPDEST PUSH2 0x2C6 GAS SUB CALL ISZERO ISZERO PUSH2 0x2FCE JUMPI PUSH1 0x0 DUP1 REVERT JUMPDEST POP POP POP PUSH1 0x40 MLOAD DUP1 MLOAD SWAP1 POP SWAP3 POP PUSH1 0xA SLOAD PUSH1 0x9 SLOAD PUSH1 0x6 SLOAD PUSH2 0x3E8 DUP7 DUP2 ISZERO ISZERO PUSH2 0x2FF0 JUMPI INVALID JUMPDEST DIV MUL MUL DUP2 ISZERO ISZERO PUSH2 0x2FFC JUMPI INVALID JUMPDEST DIV SWAP2 POP PUSH1 0xA SLOAD PUSH1 0x9 SLOAD PUSH1 0x7 SLOAD PUSH2 0x3E8 DUP7 DUP2 ISZERO ISZERO PUSH2 0x3015 JUMPI INVALID JUMPDEST DIV MUL MUL DUP2 ISZERO ISZERO PUSH2 0x3021 JUMPI INVALID JUMPDEST DIV SWAP1 POP DUP1 DUP3 PUSH1 0xA SLOAD PUSH1 0x9 SLOAD DUP7 MUL DUP2 ISZERO ISZERO PUSH2 0x3037 JUMPI INVALID JUMPDEST DIV ADD ADD SWAP4 POP POP POP POP SWAP2 SWAP1 POP JUMP JUMPDEST PUSH1 0x5 SLOAD DUP2 JUMP JUMPDEST PUSH1 0x9 SLOAD DUP2 JUMP JUMPDEST PUSH1 0x0 DUP1 PUSH1 0x0 DUP1 PUSH1 0x0 DUP1 PUSH1 0x0 DUP1 PUSH1 0x0 DUP1 PUSH1 0x1 PUSH1 0x0 SWAP1 SLOAD SWAP1 PUSH2 0x100 EXP SWAP1 DIV PUSH20 0xFFFFFFFFFFFFFFFFFFFFFFFFFFFFFFFFFFFFFFFF AND PUSH20 0xFFFFFFFFFFFFFFFFFFFFFFFFFFFFFFFFFFFFFFFF AND PUSH4 0xE98B7F4D DUP13 PUSH1 0x0 PUSH1 0x40 MLOAD PUSH2 0x140 ADD MSTORE PUSH1 0x40 MLOAD DUP3 PUSH4 0xFFFFFFFF AND PUSH29 0x100000000000000000000000000000000000000000000000000000000 MUL DUP2 MSTORE PUSH1 0x4 ADD DUP1 DUP3 DUP2 MSTORE PUSH1 0x20 ADD SWAP2 POP POP PUSH2 0x140 PUSH1 0x40 MLOAD DUP1 DUP4 SUB DUP2 PUSH1 0x0 DUP8 DUP1 EXTCODESIZE ISZERO ISZERO PUSH2 0x30FA JUMPI PUSH1 0x0 DUP1 REVERT JUMPDEST PUSH2 0x2C6 GAS SUB CALL ISZERO ISZERO PUSH2 0x310B JUMPI PUSH1 0x0 DUP1 REVERT JUMPDEST POP POP POP PUSH1 0x40 MLOAD DUP1 MLOAD SWAP1 PUSH1 0x20 ADD DUP1 MLOAD SWAP1 PUSH1 0x20 ADD DUP1 MLOAD SWAP1 PUSH1 0x20 ADD DUP1 MLOAD SWAP1 PUSH1 0x20 ADD DUP1 MLOAD SWAP1 PUSH1 0x20 ADD DUP1 MLOAD SWAP1 PUSH1 0x20 ADD DUP1 MLOAD SWAP1 PUSH1 0x20 ADD DUP1 MLOAD SWAP1 PUSH1 0x20 ADD DUP1 MLOAD SWAP1 PUSH1 0x20 ADD DUP1 MLOAD SWAP1 POP POP POP POP POP POP SWAP5 POP SWAP5 POP SWAP5 POP SWAP5 POP SWAP5 POP DUP5 DUP5 DUP5 DUP5 DUP5 SWAP10 POP SWAP10 POP SWAP10 POP SWAP10 POP SWAP10 POP POP POP POP POP POP SWAP2 SWAP4 SWAP6 SWAP1 SWAP3 SWAP5 POP JUMP JUMPDEST PUSH1 0xD SLOAD DUP2 JUMP JUMPDEST PUSH1 0x0 PUSH1 0xB DUP3 DUP2 SLOAD DUP2 LT ISZERO ISZERO PUSH2 0x318E JUMPI INVALID JUMPDEST SWAP1 PUSH1 0x0 MSTORE PUSH1 0x20 PUSH1 0x0 KECCAK256 SWAP1 ADD SLOAD SWAP1 POP SWAP2 SWAP1 POP JUMP JUMPDEST PUSH1 0x0 PUSH1 0x12 PUSH1 0x0 DUP5 PUSH20 0xFFFFFFFFFFFFFFFFFFFFFFFFFFFFFFFFFFFFFFFF AND PUSH20 0xFFFFFFFFFFFFFFFFFFFFFFFFFFFFFFFFFFFFFFFF AND DUP2 MSTORE PUSH1 0x20 ADD SWAP1 DUP2 MSTORE PUSH1 0x20 ADD PUSH1 0x0 KECCAK256 PUSH1 0x0 DUP4 PUSH20 0xFFFFFFFFFFFFFFFFFFFFFFFFFFFFFFFFFFFFFFFF AND PUSH20 0xFFFFFFFFFFFFFFFFFFFFFFFFFFFFFFFFFFFFFFFF AND DUP2 MSTORE PUSH1 0x20 ADD SWAP1 DUP2 MSTORE PUSH1 0x20 ADD PUSH1 0x0 KECCAK256 DUP1 SLOAD SWAP1 POP SWAP1 POP SWAP3 SWAP2 POP POP JUMP JUMPDEST PUSH1 0x0 PUSH1 0xB DUP1 SLOAD SWAP1 POP SWAP1 POP SWAP1 JUMP JUMPDEST PUSH1 0x0 DUP1 PUSH1 0x0 DUP1 PUSH1 0x0 DUP1 PUSH1 0x0 DUP1 PUSH1 0x0 DUP1 PUSH1 0x1 PUSH1 0x0 SWAP1 SLOAD SWAP1 PUSH2 0x100 EXP SWAP1 DIV PUSH20 0xFFFFFFFFFFFFFFFFFFFFFFFFFFFFFFFFFFFFFFFF AND PUSH20 0xFFFFFFFFFFFFFFFFFFFFFFFFFFFFFFFFFFFFFFFF AND PUSH4 0xE98B7F4D DUP13 PUSH1 0x0 PUSH1 0x40 MLOAD PUSH2 0x140 ADD MSTORE PUSH1 0x40 MLOAD DUP3 PUSH4 0xFFFFFFFF AND PUSH29 0x100000000000000000000000000000000000000000000000000000000 MUL DUP2 MSTORE PUSH1 0x4 ADD DUP1 DUP3 DUP2 MSTORE PUSH1 0x20 ADD SWAP2 POP POP PUSH2 0x140 PUSH1 0x40 MLOAD DUP1 DUP4 SUB DUP2 PUSH1 0x0 DUP8 DUP1 EXTCODESIZE ISZERO ISZERO PUSH2 0x32E2 JUMPI PUSH1 0x0 DUP1 REVERT JUMPDEST PUSH2 0x2C6 GAS SUB CALL ISZERO ISZERO PUSH2 0x32F3 JUMPI PUSH1 0x0 DUP1 REVERT JUMPDEST POP POP POP PUSH1 0x40 MLOAD DUP1 MLOAD SWAP1 PUSH1 0x20 ADD DUP1 MLOAD SWAP1 PUSH1 0x20 ADD DUP1 MLOAD SWAP1 PUSH1 0x20 ADD DUP1 MLOAD SWAP1 PUSH1 0x20 ADD DUP1 MLOAD SWAP1 PUSH1 0x20 ADD DUP1 MLOAD SWAP1 PUSH1 0x20 ADD DUP1 MLOAD SWAP1 PUSH1 0x20 ADD DUP1 MLOAD SWAP1 PUSH1 0x20 ADD DUP1 MLOAD SWAP1 PUSH1 0x20 ADD DUP1 MLOAD SWAP1 POP SWAP10 POP SWAP10 POP SWAP10 POP SWAP10 POP SWAP10 POP POP POP POP POP POP DUP5 DUP5 DUP5 DUP5 DUP5 SWAP10 POP SWAP10 POP SWAP10 POP SWAP10 POP SWAP10 POP POP POP POP POP POP SWAP2 SWAP4 SWAP6 SWAP1 SWAP3 SWAP5 POP JUMP JUMPDEST PUSH1 0x0 DUP1 PUSH1 0x0 DUP1 PUSH1 0x0 DUP1 PUSH1 0x2 PUSH1 0x0 SWAP1 SLOAD SWAP1 PUSH2 0x100 EXP SWAP1 DIV PUSH20 0xFFFFFFFFFFFFFFFFFFFFFFFFFFFFFFFFFFFFFFFF AND PUSH20 0xFFFFFFFFFFFFFFFFFFFFFFFFFFFFFFFFFFFFFFFF AND PUSH4 0x78BD7935 DUP9 PUSH1 0x0 PUSH1 0x40 MLOAD PUSH1 0xA0 ADD MSTORE PUSH1 0x40 MLOAD DUP3 PUSH4 0xFFFFFFFF AND PUSH29 0x100000000000000000000000000000000000000000000000000000000 MUL DUP2 MSTORE PUSH1 0x4 ADD DUP1 DUP3 DUP2 MSTORE PUSH1 0x20 ADD SWAP2 POP POP PUSH1 0xA0 PUSH1 0x40 MLOAD DUP1 DUP4 SUB DUP2 PUSH1 0x0 DUP8 DUP1 EXTCODESIZE ISZERO ISZERO PUSH2 0x3401 JUMPI PUSH1 0x0 DUP1 REVERT JUMPDEST PUSH2 0x2C6 GAS SUB CALL ISZERO ISZERO PUSH2 0x3412 JUMPI PUSH1 0x0 DUP1 REVERT JUMPDEST POP POP POP PUSH1 0x40 MLOAD DUP1 MLOAD SWAP1 PUSH1 0x20 ADD DUP1 MLOAD SWAP1 PUSH1 0x20 ADD DUP1 MLOAD SWAP1 PUSH1 0x20 ADD DUP1 MLOAD SWAP1 PUSH1 0x20 ADD DUP1 MLOAD SWAP1 POP POP POP POP POP SWAP3 POP PUSH1 0x2 PUSH1 0x0 SWAP1 SLOAD SWAP1 PUSH2 0x100 EXP SWAP1 DIV PUSH20 0xFFFFFFFFFFFFFFFFFFFFFFFFFFFFFFFFFFFFFFFF AND PUSH20 0xFFFFFFFFFFFFFFFFFFFFFFFFFFFFFFFFFFFFFFFF AND PUSH4 0xC55D0F56 DUP9 PUSH1 0x0 PUSH1 0x40 MLOAD PUSH1 0x20 ADD MSTORE PUSH1 0x40 MLOAD DUP3 PUSH4 0xFFFFFFFF AND PUSH29 0x100000000000000000000000000000000000000000000000000000000 MUL DUP2 MSTORE PUSH1 0x4 ADD DUP1 DUP3 DUP2 MSTORE PUSH1 0x20 ADD SWAP2 POP POP PUSH1 0x20 PUSH1 0x40 MLOAD DUP1 DUP4 SUB DUP2 PUSH1 0x0 DUP8 DUP1 EXTCODESIZE ISZERO ISZERO PUSH2 0x34D3 JUMPI PUSH1 0x0 DUP1 REVERT JUMPDEST PUSH2 0x2C6 GAS SUB CALL ISZERO ISZERO PUSH2 0x34E4 JUMPI PUSH1 0x0 DUP1 REVERT JUMPDEST POP POP POP PUSH1 0x40 MLOAD DUP1 MLOAD SWAP1 POP SWAP2 POP PUSH1 0x1 PUSH1 0x0 SWAP1 SLOAD SWAP1 PUSH2 0x100 EXP SWAP1 DIV PUSH20 0xFFFFFFFFFFFFFFFFFFFFFFFFFFFFFFFFFFFFFFFF AND PUSH20 0xFFFFFFFFFFFFFFFFFFFFFFFFFFFFFFFFFFFFFFFF AND PUSH4 0x6352211E DUP9 PUSH1 0x0 PUSH1 0x40 MLOAD PUSH1 0x20 ADD MSTORE PUSH1 0x40 MLOAD DUP3 PUSH4 0xFFFFFFFF AND PUSH29 0x100000000000000000000000000000000000000000000000000000000 MUL DUP2 MSTORE PUSH1 0x4 ADD DUP1 DUP3 DUP2 MSTORE PUSH1 0x20 ADD SWAP2 POP POP PUSH1 0x20 PUSH1 0x40 MLOAD DUP1 DUP4 SUB DUP2 PUSH1 0x0 DUP8 DUP1 EXTCODESIZE ISZERO ISZERO PUSH2 0x3589 JUMPI PUSH1 0x0 DUP1 REVERT JUMPDEST PUSH2 0x2C6 GAS SUB CALL ISZERO ISZERO PUSH2 0x359A JUMPI PUSH1 0x0 DUP1 REVERT JUMPDEST POP POP POP PUSH1 0x40 MLOAD DUP1 MLOAD SWAP1 POP SWAP1 POP DUP3 DUP3 DUP3 SWAP6 POP SWAP6 POP SWAP6 POP POP POP POP SWAP2 SWAP4 SWAP1 SWAP3 POP JUMP JUMPDEST PUSH1 0x8 SLOAD DUP2 JUMP JUMPDEST PUSH1 0x20 PUSH1 0x40 MLOAD SWAP1 DUP2 ADD PUSH1 0x40 MSTORE DUP1 PUSH1 0x0 DUP2 MSTORE POP SWAP1 JUMP JUMPDEST DUP2 SLOAD DUP2 DUP4 SSTORE DUP2 DUP2 ISZERO GT PUSH2 0x35FA JUMPI DUP2 DUP4 PUSH1 0x0 MSTORE PUSH1 0x20 PUSH1 0x0 KECCAK256 SWAP2 DUP3 ADD SWAP2 ADD PUSH2 0x35F9 SWAP2 SWAP1 PUSH2 0x3613 JUMP JUMPDEST JUMPDEST POP POP POP JUMP JUMPDEST PUSH1 0x20 PUSH1 0x40 MLOAD SWAP1 DUP2 ADD PUSH1 0x40 MSTORE DUP1 PUSH1 0x0 DUP2 MSTORE POP SWAP1 JUMP JUMPDEST PUSH2 0x3635 SWAP2 SWAP1 JUMPDEST DUP1 DUP3 GT ISZERO PUSH2 0x3631 JUMPI PUSH1 0x0 DUP2 PUSH1 0x0 SWAP1 SSTORE POP PUSH1 0x1 ADD PUSH2 0x3619 JUMP JUMPDEST POP SWAP1 JUMP JUMPDEST SWAP1 JUMP STOP LOG1 PUSH6 0x627A7A723058 KECCAK256 LOG0 SWAP7 0xa9 DUP13 SWAP7 SLOAD 0x46 0x48 0x26 0xb3 0xe0 0xb1 CALLDATALOAD 0xe3 LOG2 0xce 0xb2 DUP11 0xe0 LOG1 GAS DUP2 LOG1 0x23 0xb0 CALLCODE 0xf7 0xca SWAP9 0x47 0xf7 PUSH6 0x2900000000
1,PUSH1 0x60 PUSH1 0x40 MSTORE CALLVALUE ISZERO PUSH2 0xF JUMPI PUSH1 0x0 DUP1 REVERT JUMPDEST PUSH2 0x37F DUP1 PUSH2 0x1E PUSH1 0x0 CODECOPY PUSH1 0x0 RETURN STOP PUSH1 0x60 PUSH1 0x40 MSTORE PUSH1 0x4 CALLDATASIZE LT PUSH2 0x57 JUMPI PUSH1 0x0 CALLDATALOAD PUSH29 0x100000000000000000000000000000000000000000000000000000000 SWAP1 DIV PUSH4 0xFFFFFFFF AND DUP1 PUSH4 0x18160DDD EQ PUSH2 0x5C JUMPI DUP1 PUSH4 0x70A08231 EQ PUSH2 0x85 JUMPI DUP1 PUSH4 0xA9059CBB EQ PUSH2 0xD2 JUMPI JUMPDEST PUSH1 0x0 DUP1 REVERT JUMPDEST CALLVALUE ISZERO PUSH2 0x67 JUMPI PUSH1 0x0 DUP1 REVERT JUMPDEST PUSH2 0x6F PUSH2 0x114 JUMP JUMPDEST PUSH1 0x40 MLOAD DUP1 DUP3 DUP2 MSTORE PUSH1 0x20 ADD SWAP2 POP POP PUSH1 0x40 MLOAD DUP1 SWAP2 SUB SWAP1 RETURN JUMPDEST CALLVALUE ISZERO PUSH2 0x90 JUMPI PUSH1 0x0 DUP1 REVERT JUMPDEST PUSH2 0xBC PUSH1 0x4 DUP1 DUP1 CALLDATALOAD PUSH20 0xFFFFFFFFFFFFFFFFFFFFFFFFFFFFFFFFFFFFFFFF AND SWAP1 PUSH1 0x20 ADD SWAP1 SWAP2 SWAP1 POP POP PUSH2 0x11A JUMP JUMPDEST PUSH1 0x40 MLOAD DUP1 DUP3 DUP2 MSTORE PUSH1 0x20 ADD SWAP2 POP POP PUSH1 0x40 MLOAD DUP1 SWAP2 SUB SWAP1 RETURN JUMPDEST CALLVALUE ISZERO PUSH2 0xDD JUMPI PUSH1 0x0 DUP1 REVERT JUMPDEST PUSH2 0x112 PUSH1 0x4 DUP1 DUP1 CALLDATALOAD PUSH20 0xFFFFFFFFFFFFFFFFFFFFFFFFFFFFFFFFFFFFFFFF AND SWAP1 PUSH1 0x20 ADD SWAP1 SWAP2 SWAP1 DUP1 CALLDATALOAD SWAP1 PUSH1 0x20 ADD SWAP1 SWAP2 SWAP1 POP POP PUSH2 0x163 JUMP JUMPDEST STOP JUMPDEST PUSH1 0x0 SLOAD DUP2 JUMP JUMPDEST PUSH1 0x0 PUSH1 0x1 PUSH1 0x0 DUP4 PUSH20 0xFFFFFFFFFFFFFFFFFFFFFFFFFFFFFFFFFFFFFFFF AND PUSH20 0xFFFFFFFFFFFFFFFFFFFFFFFFFFFFFFFFFFFFFFFF AND DUP2 MSTORE PUSH1 0x20 ADD SWAP1 DUP2 MSTORE PUSH1 0x20 ADD PUSH1 0x0 KECCAK256 SLOAD SWAP1 POP SWAP2 SWAP1 POP JUMP JUMPDEST PUSH1 0x40 PUSH1 0x4 DUP2 ADD PUSH1 0x0 CALLDATASIZE SWAP1 POP LT ISZERO PUSH2 0x179 JUMPI PUSH1 0x0 DUP1 REVERT JUMPDEST PUSH2 0x1CB DUP3 PUSH1 0x1 PUSH1 0x0 CALLER PUSH20 0xFFFFFFFFFFFFFFFFFFFFFFFFFFFFFFFFFFFFFFFF AND PUSH20 0xFFFFFFFFFFFFFFFFFFFFFFFFFFFFFFFFFFFFFFFF AND DUP2 MSTORE PUSH1 0x20 ADD SWAP1 DUP2 MSTORE PUSH1 0x20 ADD PUSH1 0x0 KECCAK256 SLOAD PUSH2 0x30D SWAP1 SWAP2 SWAP1 PUSH4 0xFFFFFFFF AND JUMP JUMPDEST PUSH1 0x1 PUSH1 0x0 CALLER PUSH20 0xFFFFFFFFFFFFFFFFFFFFFFFFFFFFFFFFFFFFFFFF AND PUSH20 0xFFFFFFFFFFFFFFFFFFFFFFFFFFFFFFFFFFFFFFFF AND DUP2 MSTORE PUSH1 0x20 ADD SWAP1 DUP2 MSTORE PUSH1 0x20 ADD PUSH1 0x0 KECCAK256 DUP2 SWAP1 SSTORE POP PUSH2 0x260 DUP3 PUSH1 0x1 PUSH1 0x0 DUP7 PUSH20 0xFFFFFFFFFFFFFFFFFFFFFFFFFFFFFFFFFFFFFFFF AND PUSH20 0xFFFFFFFFFFFFFFFFFFFFFFFFFFFFFFFFFFFFFFFF AND DUP2 MSTORE PUSH1 0x20 ADD SWAP1 DUP2 MSTORE PUSH1 0x20 ADD PUSH1 0x0 KECCAK256 SLOAD PUSH2 0x326 SWAP1 SWAP2 SWAP1 PUSH4 0xFFFFFFFF AND JUMP JUMPDEST PUSH1 0x1 PUSH1 0x0 DUP6 PUSH20 0xFFFFFFFFFFFFFFFFFFFFFFFFFFFFFFFFFFFFFFFF AND PUSH20 0xFFFFFFFFFFFFFFFFFFFFFFFFFFFFFFFFFFFFFFFF AND DUP2 MSTORE PUSH1 0x20 ADD SWAP1 DUP2 MSTORE PUSH1 0x20 ADD PUSH1 0x0 KECCAK256 DUP2 SWAP1 SSTORE POP DUP3 PUSH20 0xFFFFFFFFFFFFFFFFFFFFFFFFFFFFFFFFFFFFFFFF AND CALLER PUSH20 0xFFFFFFFFFFFFFFFFFFFFFFFFFFFFFFFFFFFFFFFF AND PUSH32 0xDDF252AD1BE2C89B69C2B068FC378DAA952BA7F163C4A11628F55A4DF523B3EF DUP5 PUSH1 0x40 MLOAD DUP1 DUP3 DUP2 MSTORE PUSH1 0x20 ADD SWAP2 POP POP PUSH1 0x40 MLOAD DUP1 SWAP2 SUB SWAP1 LOG3 POP POP POP JUMP JUMPDEST PUSH1 0x0 PUSH2 0x31B DUP4 DUP4 GT ISZERO PUSH2 0x344 JUMP JUMPDEST DUP2 DUP4 SUB SWAP1 POP SWAP3 SWAP2 POP POP JUMP JUMPDEST PUSH1 0x0 DUP1 DUP3 DUP5 ADD SWAP1 POP PUSH2 0x33A DUP5 DUP3 LT ISZERO PUSH2 0x344 JUMP JUMPDEST DUP1 SWAP2 POP POP SWAP3 SWAP2 POP POP JUMP JUMPDEST DUP1 ISZERO ISZERO PUSH2 0x350 JUMPI PUSH1 0x0 DUP1 REVERT JUMPDEST POP JUMP STOP LOG1 PUSH6 0x627A7A723058 KECCAK256 0xbe CALL 0x2c PUSH20 0x1242F2F1FA44C46F10DCA2643C10E9B0D0E75C6D DUP3 0xe4 0x4d 0xd9 0xbf 0x28 PUSH22 0xAE002900000000000000000000000000000000000000
1,PUSH1 0x60 PUSH1 0x40 MSTORE PUSH1 0x2 DUP1 PUSH1 0x0 PUSH2 0x100 EXP DUP2 SLOAD DUP2 PUSH1 0xFF MUL NOT AND SWAP1 DUP4 PUSH1 0xFF AND MUL OR SWAP1 SSTORE POP CALLVALUE ISZERO PUSH3 0x2B JUMPI PUSH1 0x0 DUP1 REVERT JUMPDEST PUSH1 0x40 MLOAD PUSH3 0x1225 CODESIZE SUB DUP1 PUSH3 0x1225 DUP4 CODECOPY DUP2 ADD PUSH1 0x40 MSTORE DUP1 DUP1 MLOAD SWAP1 PUSH1 0x20 ADD SWAP1 SWAP2 SWAP1 DUP1 MLOAD DUP3 ADD SWAP2 SWAP1 PUSH1 0x20 ADD DUP1 MLOAD DUP3 ADD SWAP2 SWAP1 POP POP PUSH1 0x2 PUSH1 0x0 SWAP1 SLOAD SWAP1 PUSH2 0x100 EXP SWAP1 DIV PUSH1 0xFF AND PUSH1 0xFF AND PUSH1 0xA EXP DUP4 MUL PUSH1 0x3 DUP2 SWAP1 SSTORE POP PUSH1 0x3 SLOAD PUSH1 0x4 PUSH1 0x0 CALLER PUSH20 0xFFFFFFFFFFFFFFFFFFFFFFFFFFFFFFFFFFFFFFFF AND PUSH20 0xFFFFFFFFFFFFFFFFFFFFFFFFFFFFFFFFFFFFFFFF AND DUP2 MSTORE PUSH1 0x20 ADD SWAP1 DUP2 MSTORE PUSH1 0x20 ADD PUSH1 0x0 KECCAK256 DUP2 SWAP1 SSTORE POP DUP2 PUSH1 0x0 SWAP1 DUP1 MLOAD SWAP1 PUSH1 0x20 ADD SWAP1 PUSH3 0xD7 SWAP3 SWAP2 SWAP1 PUSH3 0xFA JUMP JUMPDEST POP DUP1 PUSH1 0x1 SWAP1 DUP1 MLOAD SWAP1 PUSH1 0x20 ADD SWAP1 PUSH3 0xF0 SWAP3 SWAP2 SWAP1 PUSH3 0xFA JUMP JUMPDEST POP POP POP POP PUSH3 0x1A9 JUMP JUMPDEST DUP3 DUP1 SLOAD PUSH1 0x1 DUP2 PUSH1 0x1 AND ISZERO PUSH2 0x100 MUL SUB AND PUSH1 0x2 SWAP1 DIV SWAP1 PUSH1 0x0 MSTORE PUSH1 0x20 PUSH1 0x0 KECCAK256 SWAP1 PUSH1 0x1F ADD PUSH1 0x20 SWAP1 DIV DUP2 ADD SWAP3 DUP3 PUSH1 0x1F LT PUSH3 0x13D JUMPI DUP1 MLOAD PUSH1 0xFF NOT AND DUP4 DUP1 ADD OR DUP6 SSTORE PUSH3 0x16E JUMP JUMPDEST DUP3 DUP1 ADD PUSH1 0x1 ADD DUP6 SSTORE DUP3 ISZERO PUSH3 0x16E JUMPI SWAP2 DUP3 ADD JUMPDEST DUP3 DUP2 GT ISZERO PUSH3 0x16D JUMPI DUP3 MLOAD DUP3 SSTORE SWAP2 PUSH1 0x20 ADD SWAP2 SWAP1 PUSH1 0x1 ADD SWAP1 PUSH3 0x150 JUMP JUMPDEST JUMPDEST POP SWAP1 POP PUSH3 0x17D SWAP2 SWAP1 PUSH3 0x181 JUMP JUMPDEST POP SWAP1 JUMP JUMPDEST PUSH3 0x1A6 SWAP2 SWAP1 JUMPDEST DUP1 DUP3 GT ISZERO PUSH3 0x1A2 JUMPI PUSH1 0x0 DUP2 PUSH1 0x0 SWAP1 SSTORE POP PUSH1 0x1 ADD PUSH3 0x188 JUMP JUMPDEST POP SWAP1 JUMP JUMPDEST SWAP1 JUMP JUMPDEST PUSH2 0x106C DUP1 PUSH3 0x1B9 PUSH1 0x0 CODECOPY PUSH1 0x0 RETURN STOP PUSH1 0x60 PUSH1 0x40 MSTORE PUSH1 0x4 CALLDATASIZE LT PUSH2 0xBA JUMPI PUSH1 0x0 CALLDATALOAD PUSH29 0x100000000000000000000000000000000000000000000000000000000 SWAP1 DIV PUSH4 0xFFFFFFFF AND DUP1 PUSH4 0x6FDDE03 EQ PUSH2 0xBF JUMPI DUP1 PUSH4 0x95EA7B3 EQ PUSH2 0x14D JUMPI DUP1 PUSH4 0x18160DDD EQ PUSH2 0x1A7 JUMPI DUP1 PUSH4 0x23B872DD EQ PUSH2 0x1D0 JUMPI DUP1 PUSH4 0x313CE567 EQ PUSH2 0x249 JUMPI DUP1 PUSH4 0x42966C68 EQ PUSH2 0x278 JUMPI DUP1 PUSH4 0x70A08231 EQ PUSH2 0x2B3 JUMPI DUP1 PUSH4 0x79CC6790 EQ PUSH2 0x300 JUMPI DUP1 PUSH4 0x95D89B41 EQ PUSH2 0x35A JUMPI DUP1 PUSH4 0xA9059CBB EQ PUSH2 0x3E8 JUMPI DUP1 PUSH4 0xCAE9CA51 EQ PUSH2 0x42A JUMPI DUP1 PUSH4 0xDD62ED3E EQ PUSH2 0x4C7 JUMPI JUMPDEST PUSH1 0x0 DUP1 REVERT JUMPDEST CALLVALUE ISZERO PUSH2 0xCA JUMPI PUSH1 0x0 DUP1 REVERT JUMPDEST PUSH2 0xD2 PUSH2 0x533 JUMP JUMPDEST PUSH1 0x40 MLOAD DUP1 DUP1 PUSH1 0x20 ADD DUP3 DUP2 SUB DUP3 MSTORE DUP4 DUP2 DUP2 MLOAD DUP2 MSTORE PUSH1 0x20 ADD SWAP2 POP DUP1 MLOAD SWAP1 PUSH1 0x20 ADD SWAP1 DUP1 DUP4 DUP4 PUSH1 0x0 JUMPDEST DUP4 DUP2 LT ISZERO PUSH2 0x112 JUMPI DUP1 DUP3 ADD MLOAD DUP2 DUP5 ADD MSTORE PUSH1 0x20 DUP2 ADD SWAP1 POP PUSH2 0xF7 JUMP JUMPDEST POP POP POP POP SWAP1 POP SWAP1 DUP2 ADD SWAP1 PUSH1 0x1F AND DUP1 ISZERO PUSH2 0x13F JUMPI DUP1 DUP3 SUB DUP1 MLOAD PUSH1 0x1 DUP4 PUSH1 0x20 SUB PUSH2 0x100 EXP SUB NOT AND DUP2 MSTORE PUSH1 0x20 ADD SWAP2 POP JUMPDEST POP SWAP3 POP POP POP PUSH1 0x40 MLOAD DUP1 SWAP2 SUB SWAP1 RETURN JUMPDEST CALLVALUE ISZERO PUSH2 0x158 JUMPI PUSH1 0x0 DUP1 REVERT JUMPDEST PUSH2 0x18D PUSH1 0x4 DUP1 DUP1 CALLDATALOAD PUSH20 0xFFFFFFFFFFFFFFFFFFFFFFFFFFFFFFFFFFFFFFFF AND SWAP1 PUSH1 0x20 ADD SWAP1 SWAP2 SWAP1 DUP1 CALLDATALOAD SWAP1 PUSH1 0x20 ADD SWAP1 SWAP2 SWAP1 POP POP PUSH2 0x5D1 JUMP JUMPDEST PUSH1 0x40 MLOAD DUP1 DUP3 ISZERO ISZERO ISZERO ISZERO DUP2 MSTORE PUSH1 0x20 ADD SWAP2 POP POP PUSH1 0x40 MLOAD DUP1 SWAP2 SUB SWAP1 RETURN JUMPDEST CALLVALUE ISZERO PUSH2 0x1B2 JUMPI PUSH1 0x0 DUP1 REVERT JUMPDEST PUSH2 0x1BA PUSH2 0x65E JUMP JUMPDEST PUSH1 0x40 MLOAD DUP1 DUP3 DUP2 MSTORE PUSH1 0x20 ADD SWAP2 POP POP PUSH1 0x40 MLOAD DUP1 SWAP2 SUB SWAP1 RETURN JUMPDEST CALLVALUE ISZERO PUSH2 0x1DB JUMPI PUSH1 0x0 DUP1 REVERT JUMPDEST PUSH2 0x22F PUSH1 0x4 DUP1 DUP1 CALLDATALOAD PUSH20 0xFFFFFFFFFFFFFFFFFFFFFFFFFFFFFFFFFFFFFFFF AND SWAP1 PUSH1 0x20 ADD SWAP1 SWAP2 SWAP1 DUP1 CALLDATALOAD PUSH20 0xFFFFFFFFFFFFFFFFFFFFFFFFFFFFFFFFFFFFFFFF AND SWAP1 PUSH1 0x20 ADD SWAP1 SWAP2 SWAP1 DUP1 CALLDATALOAD SWAP1 PUSH1 0x20 ADD SWAP1 SWAP2 SWAP1 POP POP PUSH2 0x664 JUMP JUMPDEST PUSH1 0x40 MLOAD DUP1 DUP3 ISZERO ISZERO ISZERO ISZERO DUP2 MSTORE PUSH1 0x20 ADD SWAP2 POP POP PUSH1 0x40 MLOAD DUP1 SWAP2 SUB SWAP1 RETURN JUMPDEST CALLVALUE ISZERO PUSH2 0x254 JUMPI PUSH1 0x0 DUP1 REVERT JUMPDEST PUSH2 0x25C PUSH2 0x791 JUMP JUMPDEST PUSH1 0x40 MLOAD DUP1 DUP3 PUSH1 0xFF AND PUSH1 0xFF AND DUP2 MSTORE PUSH1 0x20 ADD SWAP2 POP POP PUSH1 0x40 MLOAD DUP1 SWAP2 SUB SWAP1 RETURN JUMPDEST CALLVALUE ISZERO PUSH2 0x283 JUMPI PUSH1 0x0 DUP1 REVERT JUMPDEST PUSH2 0x299 PUSH1 0x4 DUP1 DUP1 CALLDATALOAD SWAP1 PUSH1 0x20 ADD SWAP1 SWAP2 SWAP1 POP POP PUSH2 0x7A4 JUMP JUMPDEST PUSH1 0x40 MLOAD DUP1 DUP3 ISZERO ISZERO ISZERO ISZERO DUP2 MSTORE PUSH1 0x20 ADD SWAP2 POP POP PUSH1 0x40 MLOAD DUP1 SWAP2 SUB SWAP1 RETURN JUMPDEST CALLVALUE ISZERO PUSH2 0x2BE JUMPI PUSH1 0x0 DUP1 REVERT JUMPDEST PUSH2 0x2EA PUSH1 0x4 DUP1 DUP1 CALLDATALOAD PUSH20 0xFFFFFFFFFFFFFFFFFFFFFFFFFFFFFFFFFFFFFFFF AND SWAP1 PUSH1 0x20 ADD SWAP1 SWAP2 SWAP1 POP POP PUSH2 0x8A8 JUMP JUMPDEST PUSH1 0x40 MLOAD DUP1 DUP3 DUP2 MSTORE PUSH1 0x20 ADD SWAP2 POP POP PUSH1 0x40 MLOAD DUP1 SWAP2 SUB SWAP1 RETURN JUMPDEST CALLVALUE ISZERO PUSH2 0x30B JUMPI PUSH1 0x0 DUP1 REVERT JUMPDEST PUSH2 0x340 PUSH1 0x4 DUP1 DUP1 CALLDATALOAD PUSH20 0xFFFFFFFFFFFFFFFFFFFFFFFFFFFFFFFFFFFFFFFF AND SWAP1 PUSH1 0x20 ADD SWAP1 SWAP2 SWAP1 DUP1 CALLDATALOAD SWAP1 PUSH1 0x20 ADD SWAP1 SWAP2 SWAP1 POP POP PUSH2 0x8C0 JUMP JUMPDEST PUSH1 0x40 MLOAD DUP1 DUP3 ISZERO ISZERO ISZERO ISZERO DUP2 MSTORE PUSH1 0x20 ADD SWAP2 POP POP PUSH1 0x40 MLOAD DUP1 SWAP2 SUB SWAP1 RETURN JUMPDEST CALLVALUE ISZERO PUSH2 0x365 JUMPI PUSH1 0x0 DUP1 REVERT JUMPDEST PUSH2 0x36D PUSH2 0xADA JUMP JUMPDEST PUSH1 0x40 MLOAD DUP1 DUP1 PUSH1 0x20 ADD DUP3 DUP2 SUB DUP3 MSTORE DUP4 DUP2 DUP2 MLOAD DUP2 MSTORE PUSH1 0x20 ADD SWAP2 POP DUP1 MLOAD SWAP1 PUSH1 0x20 ADD SWAP1 DUP1 DUP4 DUP4 PUSH1 0x0 JUMPDEST DUP4 DUP2 LT ISZERO PUSH2 0x3AD JUMPI DUP1 DUP3 ADD MLOAD DUP2 DUP5 ADD MSTORE PUSH1 0x20 DUP2 ADD SWAP1 POP PUSH2 0x392 JUMP JUMPDEST POP POP POP POP SWAP1 POP SWAP1 DUP2 ADD SWAP1 PUSH1 0x1F AND DUP1 ISZERO PUSH2 0x3DA JUMPI DUP1 DUP3 SUB DUP1 MLOAD PUSH1 0x1 DUP4 PUSH1 0x20 SUB PUSH2 0x100 EXP SUB NOT AND DUP2 MSTORE PUSH1 0x20 ADD SWAP2 POP JUMPDEST POP SWAP3 POP POP POP PUSH1 0x40 MLOAD DUP1 SWAP2 SUB SWAP1 RETURN JUMPDEST CALLVALUE ISZERO PUSH2 0x3F3 JUMPI PUSH1 0x0 DUP1 REVERT JUMPDEST PUSH2 0x428 PUSH1 0x4 DUP1 DUP1 CALLDATALOAD PUSH20 0xFFFFFFFFFFFFFFFFFFFFFFFFFFFFFFFFFFFFFFFF AND SWAP1 PUSH1 0x20 ADD SWAP1 SWAP2 SWAP1 DUP1 CALLDATALOAD SWAP1 PUSH1 0x20 ADD SWAP1 SWAP2 SWAP1 POP POP PUSH2 0xB78 JUMP JUMPDEST STOP JUMPDEST CALLVALUE ISZERO PUSH2 0x435 JUMPI PUSH1 0x0 DUP1 REVERT JUMPDEST PUSH2 0x4AD PUSH1 0x4 DUP1 DUP1 CALLDATALOAD PUSH20 0xFFFFFFFFFFFFFFFFFFFFFFFFFFFFFFFFFFFFFFFF AND SWAP1 PUSH1 0x20 ADD SWAP1 SWAP2 SWAP1 DUP1 CALLDATALOAD SWAP1 PUSH1 0x20 ADD SWAP1 SWAP2 SWAP1 DUP1 CALLDATALOAD SWAP1 PUSH1 0x20 ADD SWAP1 DUP3 ADD DUP1 CALLDATALOAD SWAP1 PUSH1 0x20 ADD SWAP1 DUP1 DUP1 PUSH1 0x1F ADD PUSH1 0x20 DUP1 SWAP2 DIV MUL PUSH1 0x20 ADD PUSH1 0x40 MLOAD SWAP1 DUP2 ADD PUSH1 0x40 MSTORE DUP1 SWAP4 SWAP3 SWAP2 SWAP1 DUP2 DUP2 MSTORE PUSH1 0x20 ADD DUP4 DUP4 DUP1 DUP3 DUP5 CALLDATACOPY DUP3 ADD SWAP2 POP POP POP POP POP POP SWAP2 SWAP1 POP POP PUSH2 0xB87 JUMP JUMPDEST PUSH1 0x40 MLOAD DUP1 DUP3 ISZERO ISZERO ISZERO ISZERO DUP2 MSTORE PUSH1 0x20 ADD SWAP2 POP POP PUSH1 0x40 MLOAD DUP1 SWAP2 SUB SWAP1 RETURN JUMPDEST CALLVALUE ISZERO PUSH2 0x4D2 JUMPI PUSH1 0x0 DUP1 REVERT JUMPDEST PUSH2 0x51D PUSH1 0x4 DUP1 DUP1 CALLDATALOAD PUSH20 0xFFFFFFFFFFFFFFFFFFFFFFFFFFFFFFFFFFFFFFFF AND SWAP1 PUSH1 0x20 ADD SWAP1 SWAP2 SWAP1 DUP1 CALLDATALOAD PUSH20 0xFFFFFFFFFFFFFFFFFFFFFFFFFFFFFFFFFFFFFFFF AND SWAP1 PUSH1 0x20 ADD SWAP1 SWAP2 SWAP1 POP POP PUSH2 0xD05 JUMP JUMPDEST PUSH1 0x40 MLOAD DUP1 DUP3 DUP2 MSTORE PUSH1 0x20 ADD SWAP2 POP POP PUSH1 0x40 MLOAD DUP1 SWAP2 SUB SWAP1 RETURN JUMPDEST PUSH1 0x0 DUP1 SLOAD PUSH1 0x1 DUP2 PUSH1 0x1 AND ISZERO PUSH2 0x100 MUL SUB AND PUSH1 0x2 SWAP1 DIV DUP1 PUSH1 0x1F ADD PUSH1 0x20 DUP1 SWAP2 DIV MUL PUSH1 0x20 ADD PUSH1 0x40 MLOAD SWAP1 DUP2 ADD PUSH1 0x40 MSTORE DUP1 SWAP3 SWAP2 SWAP1 DUP2 DUP2 MSTORE PUSH1 0x20 ADD DUP3 DUP1 SLOAD PUSH1 0x1 DUP2 PUSH1 0x1 AND ISZERO PUSH2 0x100 MUL SUB AND PUSH1 0x2 SWAP1 DIV DUP1 ISZERO PUSH2 0x5C9 JUMPI DUP1 PUSH1 0x1F LT PUSH2 0x59E JUMPI PUSH2 0x100 DUP1 DUP4 SLOAD DIV MUL DUP4 MSTORE SWAP2 PUSH1 0x20 ADD SWAP2 PUSH2 0x5C9 JUMP JUMPDEST DUP3 ADD SWAP2 SWAP1 PUSH1 0x0 MSTORE PUSH1 0x20 PUSH1 0x0 KECCAK256 SWAP1 JUMPDEST DUP2 SLOAD DUP2 MSTORE SWAP1 PUSH1 0x1 ADD SWAP1 PUSH1 0x20 ADD DUP1 DUP4 GT PUSH2 0x5AC JUMPI DUP3 SWAP1 SUB PUSH1 0x1F AND DUP3 ADD SWAP2 JUMPDEST POP POP POP POP POP DUP2 JUMP JUMPDEST PUSH1 0x0 DUP2 PUSH1 0x5 PUSH1 0x0 CALLER PUSH20 0xFFFFFFFFFFFFFFFFFFFFFFFFFFFFFFFFFFFFFFFF AND PUSH20 0xFFFFFFFFFFFFFFFFFFFFFFFFFFFFFFFFFFFFFFFF AND DUP2 MSTORE PUSH1 0x20 ADD SWAP1 DUP2 MSTORE PUSH1 0x20 ADD PUSH1 0x0 KECCAK256 PUSH1 0x0 DUP6 PUSH20 0xFFFFFFFFFFFFFFFFFFFFFFFFFFFFFFFFFFFFFFFF AND PUSH20 0xFFFFFFFFFFFFFFFFFFFFFFFFFFFFFFFFFFFFFFFF AND DUP2 MSTORE PUSH1 0x20 ADD SWAP1 DUP2 MSTORE PUSH1 0x20 ADD PUSH1 0x0 KECCAK256 DUP2 SWAP1 SSTORE POP PUSH1 0x1 SWAP1 POP SWAP3 SWAP2 POP POP JUMP JUMPDEST PUSH1 0x3 SLOAD DUP2 JUMP JUMPDEST PUSH1 0x0 PUSH1 0x5 PUSH1 0x0 DUP6 PUSH20 0xFFFFFFFFFFFFFFFFFFFFFFFFFFFFFFFFFFFFFFFF AND PUSH20 0xFFFFFFFFFFFFFFFFFFFFFFFFFFFFFFFFFFFFFFFF AND DUP2 MSTORE PUSH1 0x20 ADD SWAP1 DUP2 MSTORE PUSH1 0x20 ADD PUSH1 0x0 KECCAK256 PUSH1 0x0 CALLER PUSH20 0xFFFFFFFFFFFFFFFFFFFFFFFFFFFFFFFFFFFFFFFF AND PUSH20 0xFFFFFFFFFFFFFFFFFFFFFFFFFFFFFFFFFFFFFFFF AND DUP2 MSTORE PUSH1 0x20 ADD SWAP1 DUP2 MSTORE PUSH1 0x20 ADD PUSH1 0x0 KECCAK256 SLOAD DUP3 GT ISZERO ISZERO ISZERO PUSH2 0x6F1 JUMPI PUSH1 0x0 DUP1 REVERT JUMPDEST DUP2 PUSH1 0x5 PUSH1 0x0 DUP7 PUSH20 0xFFFFFFFFFFFFFFFFFFFFFFFFFFFFFFFFFFFFFFFF AND PUSH20 0xFFFFFFFFFFFFFFFFFFFFFFFFFFFFFFFFFFFFFFFF AND DUP2 MSTORE PUSH1 0x20 ADD SWAP1 DUP2 MSTORE PUSH1 0x20 ADD PUSH1 0x0 KECCAK256 PUSH1 0x0 CALLER PUSH20 0xFFFFFFFFFFFFFFFFFFFFFFFFFFFFFFFFFFFFFFFF AND PUSH20 0xFFFFFFFFFFFFFFFFFFFFFFFFFFFFFFFFFFFFFFFF AND DUP2 MSTORE PUSH1 0x20 ADD SWAP1 DUP2 MSTORE PUSH1 0x20 ADD PUSH1 0x0 KECCAK256 PUSH1 0x0 DUP3 DUP3 SLOAD SUB SWAP3 POP POP DUP2 SWAP1 SSTORE POP PUSH2 0x786 DUP5 DUP5 DUP5 PUSH2 0xD2A JUMP JUMPDEST PUSH1 0x1 SWAP1 POP SWAP4 SWAP3 POP POP POP JUMP JUMPDEST PUSH1 0x2 PUSH1 0x0 SWAP1 SLOAD SWAP1 PUSH2 0x100 EXP SWAP1 DIV PUSH1 0xFF AND DUP2 JUMP JUMPDEST PUSH1 0x0 DUP2 PUSH1 0x4 PUSH1 0x0 CALLER PUSH20 0xFFFFFFFFFFFFFFFFFFFFFFFFFFFFFFFFFFFFFFFF AND PUSH20 0xFFFFFFFFFFFFFFFFFFFFFFFFFFFFFFFFFFFFFFFF AND DUP2 MSTORE PUSH1 0x20 ADD SWAP1 DUP2 MSTORE PUSH1 0x20 ADD PUSH1 0x0 KECCAK256 SLOAD LT ISZERO ISZERO ISZERO PUSH2 0x7F4 JUMPI PUSH1 0x0 DUP1 REVERT JUMPDEST DUP2 PUSH1 0x4 PUSH1 0x0 CALLER PUSH20 0xFFFFFFFFFFFFFFFFFFFFFFFFFFFFFFFFFFFFFFFF AND PUSH20 0xFFFFFFFFFFFFFFFFFFFFFFFFFFFFFFFFFFFFFFFF AND DUP2 MSTORE PUSH1 0x20 ADD SWAP1 DUP2 MSTORE PUSH1 0x20 ADD PUSH1 0x0 KECCAK256 PUSH1 0x0 DUP3 DUP3 SLOAD SUB SWAP3 POP POP DUP2 SWAP1 SSTORE POP DUP2 PUSH1 0x3 PUSH1 0x0 DUP3 DUP3 SLOAD SUB SWAP3 POP POP DUP2 SWAP1 SSTORE POP CALLER PUSH20 0xFFFFFFFFFFFFFFFFFFFFFFFFFFFFFFFFFFFFFFFF AND PUSH32 0xCC16F5DBB4873280815C1EE09DBD06736CFFCC184412CF7A71A0FDB75D397CA5 DUP4 PUSH1 0x40 MLOAD DUP1 DUP3 DUP2 MSTORE PUSH1 0x20 ADD SWAP2 POP POP PUSH1 0x40 MLOAD DUP1 SWAP2 SUB SWAP1 LOG2 PUSH1 0x1 SWAP1 POP SWAP2 SWAP1 POP JUMP JUMPDEST PUSH1 0x4 PUSH1 0x20 MSTORE DUP1 PUSH1 0x0 MSTORE PUSH1 0x40 PUSH1 0x0 KECCAK256 PUSH1 0x0 SWAP2 POP SWAP1 POP SLOAD DUP2 JUMP JUMPDEST PUSH1 0x0 DUP2 PUSH1 0x4 PUSH1 0x0 DUP6 PUSH20 0xFFFFFFFFFFFFFFFFFFFFFFFFFFFFFFFFFFFFFFFF AND PUSH20 0xFFFFFFFFFFFFFFFFFFFFFFFFFFFFFFFFFFFFFFFF AND DUP2 MSTORE PUSH1 0x20 ADD SWAP1 DUP2 MSTORE PUSH1 0x20 ADD PUSH1 0x0 KECCAK256 SLOAD LT ISZERO ISZERO ISZERO PUSH2 0x910 JUMPI PUSH1 0x0 DUP1 REVERT JUMPDEST PUSH1 0x5 PUSH1 0x0 DUP5 PUSH20 0xFFFFFFFFFFFFFFFFFFFFFFFFFFFFFFFFFFFFFFFF AND PUSH20 0xFFFFFFFFFFFFFFFFFFFFFFFFFFFFFFFFFFFFFFFF AND DUP2 MSTORE PUSH1 0x20 ADD SWAP1 DUP2 MSTORE PUSH1 0x20 ADD PUSH1 0x0 KECCAK256 PUSH1 0x0 CALLER PUSH20 0xFFFFFFFFFFFFFFFFFFFFFFFFFFFFFFFFFFFFFFFF AND PUSH20 0xFFFFFFFFFFFFFFFFFFFFFFFFFFFFFFFFFFFFFFFF AND DUP2 MSTORE PUSH1 0x20 ADD SWAP1 DUP2 MSTORE PUSH1 0x20 ADD PUSH1 0x0 KECCAK256 SLOAD DUP3 GT ISZERO ISZERO ISZERO PUSH2 0x99B JUMPI PUSH1 0x0 DUP1 REVERT JUMPDEST DUP2 PUSH1 0x4 PUSH1 0x0 DUP6 PUSH20 0xFFFFFFFFFFFFFFFFFFFFFFFFFFFFFFFFFFFFFFFF AND PUSH20 0xFFFFFFFFFFFFFFFFFFFFFFFFFFFFFFFFFFFFFFFF AND DUP2 MSTORE PUSH1 0x20 ADD SWAP1 DUP2 MSTORE PUSH1 0x20 ADD PUSH1 0x0 KECCAK256 PUSH1 0x0 DUP3 DUP3 SLOAD SUB SWAP3 POP POP DUP2 SWAP1 SSTORE POP DUP2 PUSH1 0x5 PUSH1 0x0 DUP6 PUSH20 0xFFFFFFFFFFFFFFFFFFFFFFFFFFFFFFFFFFFFFFFF AND PUSH20 0xFFFFFFFFFFFFFFFFFFFFFFFFFFFFFFFFFFFFFFFF AND DUP2 MSTORE PUSH1 0x20 ADD SWAP1 DUP2 MSTORE PUSH1 0x20 ADD PUSH1 0x0 KECCAK256 PUSH1 0x0 CALLER PUSH20 0xFFFFFFFFFFFFFFFFFFFFFFFFFFFFFFFFFFFFFFFF AND PUSH20 0xFFFFFFFFFFFFFFFFFFFFFFFFFFFFFFFFFFFFFFFF AND DUP2 MSTORE PUSH1 0x20 ADD SWAP1 DUP2 MSTORE PUSH1 0x20 ADD PUSH1 0x0 KECCAK256 PUSH1 0x0 DUP3 DUP3 SLOAD SUB SWAP3 POP POP DUP2 SWAP1 SSTORE POP DUP2 PUSH1 0x3 PUSH1 0x0 DUP3 DUP3 SLOAD SUB SWAP3 POP POP DUP2 SWAP1 SSTORE POP DUP3 PUSH20 0xFFFFFFFFFFFFFFFFFFFFFFFFFFFFFFFFFFFFFFFF AND PUSH32 0xCC16F5DBB4873280815C1EE09DBD06736CFFCC184412CF7A71A0FDB75D397CA5 DUP4 PUSH1 0x40 MLOAD DUP1 DUP3 DUP2 MSTORE PUSH1 0x20 ADD SWAP2 POP POP PUSH1 0x40 MLOAD DUP1 SWAP2 SUB SWAP1 LOG2 PUSH1 0x1 SWAP1 POP SWAP3 SWAP2 POP POP JUMP JUMPDEST PUSH1 0x1 DUP1 SLOAD PUSH1 0x1 DUP2 PUSH1 0x1 AND ISZERO PUSH2 0x100 MUL SUB AND PUSH1 0x2 SWAP1 DIV DUP1 PUSH1 0x1F ADD PUSH1 0x20 DUP1 SWAP2 DIV MUL PUSH1 0x20 ADD PUSH1 0x40 MLOAD SWAP1 DUP2 ADD PUSH1 0x40 MSTORE DUP1 SWAP3 SWAP2 SWAP1 DUP2 DUP2 MSTORE PUSH1 0x20 ADD DUP3 DUP1 SLOAD PUSH1 0x1 DUP2 PUSH1 0x1 AND ISZERO PUSH2 0x100 MUL SUB AND PUSH1 0x2 SWAP1 DIV DUP1 ISZERO PUSH2 0xB70 JUMPI DUP1 PUSH1 0x1F LT PUSH2 0xB45 JUMPI PUSH2 0x100 DUP1 DUP4 SLOAD DIV MUL DUP4 MSTORE SWAP2 PUSH1 0x20 ADD SWAP2 PUSH2 0xB70 JUMP JUMPDEST DUP3 ADD SWAP2 SWAP1 PUSH1 0x0 MSTORE PUSH1 0x20 PUSH1 0x0 KECCAK256 SWAP1 JUMPDEST DUP2 SLOAD DUP2 MSTORE SWAP1 PUSH1 0x1 ADD SWAP1 PUSH1 0x20 ADD DUP1 DUP4 GT PUSH2 0xB53 JUMPI DUP3 SWAP1 SUB PUSH1 0x1F AND DUP3 ADD SWAP2 JUMPDEST POP POP POP POP POP DUP2 JUMP JUMPDEST PUSH2 0xB83 CALLER DUP4 DUP4 PUSH2 0xD2A JUMP JUMPDEST POP POP JUMP JUMPDEST PUSH1 0x0 DUP1 DUP5 SWAP1 POP PUSH2 0xB97 DUP6 DUP6 PUSH2 0x5D1 JUMP JUMPDEST ISZERO PUSH2 0xCFC JUMPI DUP1 PUSH20 0xFFFFFFFFFFFFFFFFFFFFFFFFFFFFFFFFFFFFFFFF AND PUSH4 0x8F4FFCB1 CALLER DUP7 ADDRESS DUP8 PUSH1 0x40 MLOAD DUP6 PUSH4 0xFFFFFFFF AND PUSH29 0x100000000000000000000000000000000000000000000000000000000 MUL DUP2 MSTORE PUSH1 0x4 ADD DUP1 DUP6 PUSH20 0xFFFFFFFFFFFFFFFFFFFFFFFFFFFFFFFFFFFFFFFF AND PUSH20 0xFFFFFFFFFFFFFFFFFFFFFFFFFFFFFFFFFFFFFFFF AND DUP2 MSTORE PUSH1 0x20 ADD DUP5 DUP2 MSTORE PUSH1 0x20 ADD DUP4 PUSH20 0xFFFFFFFFFFFFFFFFFFFFFFFFFFFFFFFFFFFFFFFF AND PUSH20 0xFFFFFFFFFFFFFFFFFFFFFFFFFFFFFFFFFFFFFFFF AND DUP2 MSTORE PUSH1 0x20 ADD DUP1 PUSH1 0x20 ADD DUP3 DUP2 SUB DUP3 MSTORE DUP4 DUP2 DUP2 MLOAD DUP2 MSTORE PUSH1 0x20 ADD SWAP2 POP DUP1 MLOAD SWAP1 PUSH1 0x20 ADD SWAP1 DUP1 DUP4 DUP4 PUSH1 0x0 JUMPDEST DUP4 DUP2 LT ISZERO PUSH2 0xC91 JUMPI DUP1 DUP3 ADD MLOAD DUP2 DUP5 ADD MSTORE PUSH1 0x20 DUP2 ADD SWAP1 POP PUSH2 0xC76 JUMP JUMPDEST POP POP POP POP SWAP1 POP SWAP1 DUP2 ADD SWAP1 PUSH1 0x1F AND DUP1 ISZERO PUSH2 0xCBE JUMPI DUP1 DUP3 SUB DUP1 MLOAD PUSH1 0x1 DUP4 PUSH1 0x20 SUB PUSH2 0x100 EXP SUB NOT AND DUP2 MSTORE PUSH1 0x20 ADD SWAP2 POP JUMPDEST POP SWAP6 POP POP POP POP POP POP PUSH1 0x0 PUSH1 0x40 MLOAD DUP1 DUP4 SUB DUP2 PUSH1 0x0 DUP8 DUP1 EXTCODESIZE ISZERO ISZERO PUSH2 0xCDF JUMPI PUSH1 0x0 DUP1 REVERT JUMPDEST PUSH2 0x2C6 GAS SUB CALL ISZERO ISZERO PUSH2 0xCF0 JUMPI PUSH1 0x0 DUP1 REVERT JUMPDEST POP POP POP PUSH1 0x1 SWAP2 POP PUSH2 0xCFD JUMP JUMPDEST JUMPDEST POP SWAP4 SWAP3 POP POP POP JUMP JUMPDEST PUSH1 0x5 PUSH1 0x20 MSTORE DUP2 PUSH1 0x0 MSTORE PUSH1 0x40 PUSH1 0x0 KECCAK256 PUSH1 0x20 MSTORE DUP1 PUSH1 0x0 MSTORE PUSH1 0x40 PUSH1 0x0 KECCAK256 PUSH1 0x0 SWAP2 POP SWAP2 POP POP SLOAD DUP2 JUMP JUMPDEST PUSH1 0x0 DUP1 DUP4 PUSH20 0xFFFFFFFFFFFFFFFFFFFFFFFFFFFFFFFFFFFFFFFF AND EQ ISZERO ISZERO ISZERO PUSH2 0xD51 JUMPI PUSH1 0x0 DUP1 REVERT JUMPDEST DUP2 PUSH1 0x4 PUSH1 0x0 DUP7 PUSH20 0xFFFFFFFFFFFFFFFFFFFFFFFFFFFFFFFFFFFFFFFF AND PUSH20 0xFFFFFFFFFFFFFFFFFFFFFFFFFFFFFFFFFFFFFFFF AND DUP2 MSTORE PUSH1 0x20 ADD SWAP1 DUP2 MSTORE PUSH1 0x20 ADD PUSH1 0x0 KECCAK256 SLOAD LT ISZERO ISZERO ISZERO PUSH2 0xD9F JUMPI PUSH1 0x0 DUP1 REVERT JUMPDEST PUSH1 0x4 PUSH1 0x0 DUP5 PUSH20 0xFFFFFFFFFFFFFFFFFFFFFFFFFFFFFFFFFFFFFFFF AND PUSH20 0xFFFFFFFFFFFFFFFFFFFFFFFFFFFFFFFFFFFFFFFF AND DUP2 MSTORE PUSH1 0x20 ADD SWAP1 DUP2 MSTORE PUSH1 0x20 ADD PUSH1 0x0 KECCAK256 SLOAD DUP3 PUSH1 0x4 PUSH1 0x0 DUP7 PUSH20 0xFFFFFFFFFFFFFFFFFFFFFFFFFFFFFFFFFFFFFFFF AND PUSH20 0xFFFFFFFFFFFFFFFFFFFFFFFFFFFFFFFFFFFFFFFF AND DUP2 MSTORE PUSH1 0x20 ADD SWAP1 DUP2 MSTORE PUSH1 0x20 ADD PUSH1 0x0 KECCAK256 SLOAD ADD GT ISZERO ISZERO PUSH2 0xE2D JUMPI PUSH1 0x0 DUP1 REVERT JUMPDEST PUSH1 0x4 PUSH1 0x0 DUP5 PUSH20 0xFFFFFFFFFFFFFFFFFFFFFFFFFFFFFFFFFFFFFFFF AND PUSH20 0xFFFFFFFFFFFFFFFFFFFFFFFFFFFFFFFFFFFFFFFF AND DUP2 MSTORE PUSH1 0x20 ADD SWAP1 DUP2 MSTORE PUSH1 0x20 ADD PUSH1 0x0 KECCAK256 SLOAD PUSH1 0x4 PUSH1 0x0 DUP7 PUSH20 0xFFFFFFFFFFFFFFFFFFFFFFFFFFFFFFFFFFFFFFFF AND PUSH20 0xFFFFFFFFFFFFFFFFFFFFFFFFFFFFFFFFFFFFFFFF AND DUP2 MSTORE PUSH1 0x20 ADD SWAP1 DUP2 MSTORE PUSH1 0x20 ADD PUSH1 0x0 KECCAK256 SLOAD ADD SWAP1 POP DUP2 PUSH1 0x4 PUSH1 0x0 DUP7 PUSH20 0xFFFFFFFFFFFFFFFFFFFFFFFFFFFFFFFFFFFFFFFF AND PUSH20 0xFFFFFFFFFFFFFFFFFFFFFFFFFFFFFFFFFFFFFFFF AND DUP2 MSTORE PUSH1 0x20 ADD SWAP1 DUP2 MSTORE PUSH1 0x20 ADD PUSH1 0x0 KECCAK256 PUSH1 0x0 DUP3 DUP3 SLOAD SUB SWAP3 POP POP DUP2 SWAP1 SSTORE POP DUP2 PUSH1 0x4 PUSH1 0x0 DUP6 PUSH20 0xFFFFFFFFFFFFFFFFFFFFFFFFFFFFFFFFFFFFFFFF AND PUSH20 0xFFFFFFFFFFFFFFFFFFFFFFFFFFFFFFFFFFFFFFFF AND DUP2 MSTORE PUSH1 0x20 ADD SWAP1 DUP2 MSTORE PUSH1 0x20 ADD PUSH1 0x0 KECCAK256 PUSH1 0x0 DUP3 DUP3 SLOAD ADD SWAP3 POP POP DUP2 SWAP1 SSTORE POP DUP3 PUSH20 0xFFFFFFFFFFFFFFFFFFFFFFFFFFFFFFFFFFFFFFFF AND DUP5 PUSH20 0xFFFFFFFFFFFFFFFFFFFFFFFFFFFFFFFFFFFFFFFF AND PUSH32 0xDDF252AD1BE2C89B69C2B068FC378DAA952BA7F163C4A11628F55A4DF523B3EF DUP5 PUSH1 0x40 MLOAD DUP1 DUP3 DUP2 MSTORE PUSH1 0x20 ADD SWAP2 POP POP PUSH1 0x40 MLOAD DUP1 SWAP2 SUB SWAP1 LOG3 DUP1 PUSH1 0x4 PUSH1 0x0 DUP6 PUSH20 0xFFFFFFFFFFFFFFFFFFFFFFFFFFFFFFFFFFFFFFFF AND PUSH20 0xFFFFFFFFFFFFFFFFFFFFFFFFFFFFFFFFFFFFFFFF AND DUP2 MSTORE PUSH1 0x20 ADD SWAP1 DUP2 MSTORE PUSH1 0x20 ADD PUSH1 0x0 KECCAK256 SLOAD PUSH1 0x4 PUSH1 0x0 DUP8 PUSH20 0xFFFFFFFFFFFFFFFFFFFFFFFFFFFFFFFFFFFFFFFF AND PUSH20 0xFFFFFFFFFFFFFFFFFFFFFFFFFFFFFFFFFFFFFFFF AND DUP2 MSTORE PUSH1 0x20 ADD SWAP1 DUP2 MSTORE PUSH1 0x20 ADD PUSH1 0x0 KECCAK256 SLOAD ADD EQ ISZERO ISZERO PUSH2 0x103A JUMPI INVALID JUMPDEST POP POP POP POP JUMP STOP LOG1 PUSH6 0x627A7A723058 KECCAK256 0xe5 0xd2 CALLER PUSH5 0xBC3BC19C5A SIGNEXTEND PC TIMESTAMP 0xd3 0xb9 PUSH25 0xA503D8AC0B3D561C13C5703B34B6AE3E6B002900000000000
1,PUSH1 0x60 PUSH1 0x40 MSTORE PUSH1 0x12 PUSH1 0x3 PUSH1 0x0 PUSH2 0x100 EXP DUP2 SLOAD DUP2 PUSH1 0xFF MUL NOT AND SWAP1 DUP4 PUSH1 0xFF AND MUL OR SWAP1 SSTORE POP CALLVALUE ISZERO PUSH3 0x2C JUMPI PUSH1 0x0 DUP1 REVERT JUMPDEST PUSH1 0x40 MLOAD PUSH3 0x191A CODESIZE SUB DUP1 PUSH3 0x191A DUP4 CODECOPY DUP2 ADD PUSH1 0x40 MSTORE DUP1 DUP1 MLOAD SWAP1 PUSH1 0x20 ADD SWAP1 SWAP2 SWAP1 DUP1 MLOAD DUP3 ADD SWAP2 SWAP1 PUSH1 0x20 ADD DUP1 MLOAD DUP3 ADD SWAP2 SWAP1 POP POP DUP3 DUP3 DUP3 CALLER PUSH1 0x0 DUP1 PUSH2 0x100 EXP DUP2 SLOAD DUP2 PUSH20 0xFFFFFFFFFFFFFFFFFFFFFFFFFFFFFFFFFFFFFFFF MUL NOT AND SWAP1 DUP4 PUSH20 0xFFFFFFFFFFFFFFFFFFFFFFFFFFFFFFFFFFFFFFFF AND MUL OR SWAP1 SSTORE POP PUSH1 0x3 PUSH1 0x0 SWAP1 SLOAD SWAP1 PUSH2 0x100 EXP SWAP1 DIV PUSH1 0xFF AND PUSH1 0xFF AND PUSH1 0xA EXP DUP4 MUL PUSH1 0x4 DUP2 SWAP1 SSTORE POP PUSH1 0x4 SLOAD PUSH1 0x5 PUSH1 0x0 CALLER PUSH20 0xFFFFFFFFFFFFFFFFFFFFFFFFFFFFFFFFFFFFFFFF AND PUSH20 0xFFFFFFFFFFFFFFFFFFFFFFFFFFFFFFFFFFFFFFFF AND DUP2 MSTORE PUSH1 0x20 ADD SWAP1 DUP2 MSTORE PUSH1 0x20 ADD PUSH1 0x0 KECCAK256 DUP2 SWAP1 SSTORE POP DUP2 PUSH1 0x1 SWAP1 DUP1 MLOAD SWAP1 PUSH1 0x20 ADD SWAP1 PUSH3 0x11B SWAP3 SWAP2 SWAP1 PUSH3 0x141 JUMP JUMPDEST POP DUP1 PUSH1 0x2 SWAP1 DUP1 MLOAD SWAP1 PUSH1 0x20 ADD SWAP1 PUSH3 0x134 SWAP3 SWAP2 SWAP1 PUSH3 0x141 JUMP JUMPDEST POP POP POP POP POP POP POP PUSH3 0x1F0 JUMP JUMPDEST DUP3 DUP1 SLOAD PUSH1 0x1 DUP2 PUSH1 0x1 AND ISZERO PUSH2 0x100 MUL SUB AND PUSH1 0x2 SWAP1 DIV SWAP1 PUSH1 0x0 MSTORE PUSH1 0x20 PUSH1 0x0 KECCAK256 SWAP1 PUSH1 0x1F ADD PUSH1 0x20 SWAP1 DIV DUP2 ADD SWAP3 DUP3 PUSH1 0x1F LT PUSH3 0x184 JUMPI DUP1 MLOAD PUSH1 0xFF NOT AND DUP4 DUP1 ADD OR DUP6 SSTORE PUSH3 0x1B5 JUMP JUMPDEST DUP3 DUP1 ADD PUSH1 0x1 ADD DUP6 SSTORE DUP3 ISZERO PUSH3 0x1B5 JUMPI SWAP2 DUP3 ADD JUMPDEST DUP3 DUP2 GT ISZERO PUSH3 0x1B4 JUMPI DUP3 MLOAD DUP3 SSTORE SWAP2 PUSH1 0x20 ADD SWAP2 SWAP1 PUSH1 0x1 ADD SWAP1 PUSH3 0x197 JUMP JUMPDEST JUMPDEST POP SWAP1 POP PUSH3 0x1C4 SWAP2 SWAP1 PUSH3 0x1C8 JUMP JUMPDEST POP SWAP1 JUMP JUMPDEST PUSH3 0x1ED SWAP2 SWAP1 JUMPDEST DUP1 DUP3 GT ISZERO PUSH3 0x1E9 JUMPI PUSH1 0x0 DUP2 PUSH1 0x0 SWAP1 SSTORE POP PUSH1 0x1 ADD PUSH3 0x1CF JUMP JUMPDEST POP SWAP1 JUMP JUMPDEST SWAP1 JUMP JUMPDEST PUSH2 0x171A DUP1 PUSH3 0x200 PUSH1 0x0 CODECOPY PUSH1 0x0 RETURN STOP PUSH1 0x60 PUSH1 0x40 MSTORE PUSH1 0x4 CALLDATASIZE LT PUSH2 0x128 JUMPI PUSH1 0x0 CALLDATALOAD PUSH29 0x100000000000000000000000000000000000000000000000000000000 SWAP1 DIV PUSH4 0xFFFFFFFF AND DUP1 PUSH4 0x5FEFDA7 EQ PUSH2 0x12D JUMPI DUP1 PUSH4 0x6FDDE03 EQ PUSH2 0x159 JUMPI DUP1 PUSH4 0x95EA7B3 EQ PUSH2 0x1E7 JUMPI DUP1 PUSH4 0x18160DDD EQ PUSH2 0x241 JUMPI DUP1 PUSH4 0x23B872DD EQ PUSH2 0x26A JUMPI DUP1 PUSH4 0x313CE567 EQ PUSH2 0x2E3 JUMPI DUP1 PUSH4 0x42966C68 EQ PUSH2 0x312 JUMPI DUP1 PUSH4 0x4B750334 EQ PUSH2 0x34D JUMPI DUP1 PUSH4 0x70A08231 EQ PUSH2 0x376 JUMPI DUP1 PUSH4 0x79C65068 EQ PUSH2 0x3C3 JUMPI DUP1 PUSH4 0x79CC6790 EQ PUSH2 0x405 JUMPI DUP1 PUSH4 0x8620410B EQ PUSH2 0x45F JUMPI DUP1 PUSH4 0x8DA5CB5B EQ PUSH2 0x488 JUMPI DUP1 PUSH4 0x95D89B41 EQ PUSH2 0x4DD JUMPI DUP1 PUSH4 0xA6F2AE3A EQ PUSH2 0x56B JUMPI DUP1 PUSH4 0xA9059CBB EQ PUSH2 0x575 JUMPI DUP1 PUSH4 0xB414D4B6 EQ PUSH2 0x5B7 JUMPI DUP1 PUSH4 0xCAE9CA51 EQ PUSH2 0x608 JUMPI DUP1 PUSH4 0xDD62ED3E EQ PUSH2 0x6A5 JUMPI DUP1 PUSH4 0xE4849B32 EQ PUSH2 0x711 JUMPI DUP1 PUSH4 0xE724529C EQ PUSH2 0x734 JUMPI DUP1 PUSH4 0xF2FDE38B EQ PUSH2 0x778 JUMPI JUMPDEST PUSH1 0x0 DUP1 REVERT JUMPDEST CALLVALUE ISZERO PUSH2 0x138 JUMPI PUSH1 0x0 DUP1 REVERT JUMPDEST PUSH2 0x157 PUSH1 0x4 DUP1 DUP1 CALLDATALOAD SWAP1 PUSH1 0x20 ADD SWAP1 SWAP2 SWAP1 DUP1 CALLDATALOAD SWAP1 PUSH1 0x20 ADD SWAP1 SWAP2 SWAP1 POP POP PUSH2 0x7B1 JUMP JUMPDEST STOP JUMPDEST CALLVALUE ISZERO PUSH2 0x164 JUMPI PUSH1 0x0 DUP1 REVERT JUMPDEST PUSH2 0x16C PUSH2 0x81E JUMP JUMPDEST PUSH1 0x40 MLOAD DUP1 DUP1 PUSH1 0x20 ADD DUP3 DUP2 SUB DUP3 MSTORE DUP4 DUP2 DUP2 MLOAD DUP2 MSTORE PUSH1 0x20 ADD SWAP2 POP DUP1 MLOAD SWAP1 PUSH1 0x20 ADD SWAP1 DUP1 DUP4 DUP4 PUSH1 0x0 JUMPDEST DUP4 DUP2 LT ISZERO PUSH2 0x1AC JUMPI DUP1 DUP3 ADD MLOAD DUP2 DUP5 ADD MSTORE PUSH1 0x20 DUP2 ADD SWAP1 POP PUSH2 0x191 JUMP JUMPDEST POP POP POP POP SWAP1 POP SWAP1 DUP2 ADD SWAP1 PUSH1 0x1F AND DUP1 ISZERO PUSH2 0x1D9 JUMPI DUP1 DUP3 SUB DUP1 MLOAD PUSH1 0x1 DUP4 PUSH1 0x20 SUB PUSH2 0x100 EXP SUB NOT AND DUP2 MSTORE PUSH1 0x20 ADD SWAP2 POP JUMPDEST POP SWAP3 POP POP POP PUSH1 0x40 MLOAD DUP1 SWAP2 SUB SWAP1 RETURN JUMPDEST CALLVALUE ISZERO PUSH2 0x1F2 JUMPI PUSH1 0x0 DUP1 REVERT JUMPDEST PUSH2 0x227 PUSH1 0x4 DUP1 DUP1 CALLDATALOAD PUSH20 0xFFFFFFFFFFFFFFFFFFFFFFFFFFFFFFFFFFFFFFFF AND SWAP1 PUSH1 0x20 ADD SWAP1 SWAP2 SWAP1 DUP1 CALLDATALOAD SWAP1 PUSH1 0x20 ADD SWAP1 SWAP2 SWAP1 POP POP PUSH2 0x8BC JUMP JUMPDEST PUSH1 0x40 MLOAD DUP1 DUP3 ISZERO ISZERO ISZERO ISZERO DUP2 MSTORE PUSH1 0x20 ADD SWAP2 POP POP PUSH1 0x40 MLOAD DUP1 SWAP2 SUB SWAP1 RETURN JUMPDEST CALLVALUE ISZERO PUSH2 0x24C JUMPI PUSH1 0x0 DUP1 REVERT JUMPDEST PUSH2 0x254 PUSH2 0x949 JUMP JUMPDEST PUSH1 0x40 MLOAD DUP1 DUP3 DUP2 MSTORE PUSH1 0x20 ADD SWAP2 POP POP PUSH1 0x40 MLOAD DUP1 SWAP2 SUB SWAP1 RETURN JUMPDEST CALLVALUE ISZERO PUSH2 0x275 JUMPI PUSH1 0x0 DUP1 REVERT JUMPDEST PUSH2 0x2C9 PUSH1 0x4 DUP1 DUP1 CALLDATALOAD PUSH20 0xFFFFFFFFFFFFFFFFFFFFFFFFFFFFFFFFFFFFFFFF AND SWAP1 PUSH1 0x20 ADD SWAP1 SWAP2 SWAP1 DUP1 CALLDATALOAD PUSH20 0xFFFFFFFFFFFFFFFFFFFFFFFFFFFFFFFFFFFFFFFF AND SWAP1 PUSH1 0x20 ADD SWAP1 SWAP2 SWAP1 DUP1 CALLDATALOAD SWAP1 PUSH1 0x20 ADD SWAP1 SWAP2 SWAP1 POP POP PUSH2 0x94F JUMP JUMPDEST PUSH1 0x40 MLOAD DUP1 DUP3 ISZERO ISZERO ISZERO ISZERO DUP2 MSTORE PUSH1 0x20 ADD SWAP2 POP POP PUSH1 0x40 MLOAD DUP1 SWAP2 SUB SWAP1 RETURN JUMPDEST CALLVALUE ISZERO PUSH2 0x2EE JUMPI PUSH1 0x0 DUP1 REVERT JUMPDEST PUSH2 0x2F6 PUSH2 0xA7C JUMP JUMPDEST PUSH1 0x40 MLOAD DUP1 DUP3 PUSH1 0xFF AND PUSH1 0xFF AND DUP2 MSTORE PUSH1 0x20 ADD SWAP2 POP POP PUSH1 0x40 MLOAD DUP1 SWAP2 SUB SWAP1 RETURN JUMPDEST CALLVALUE ISZERO PUSH2 0x31D JUMPI PUSH1 0x0 DUP1 REVERT JUMPDEST PUSH2 0x333 PUSH1 0x4 DUP1 DUP1 CALLDATALOAD SWAP1 PUSH1 0x20 ADD SWAP1 SWAP2 SWAP1 POP POP PUSH2 0xA8F JUMP JUMPDEST PUSH1 0x40 MLOAD DUP1 DUP3 ISZERO ISZERO ISZERO ISZERO DUP2 MSTORE PUSH1 0x20 ADD SWAP2 POP POP PUSH1 0x40 MLOAD DUP1 SWAP2 SUB SWAP1 RETURN JUMPDEST CALLVALUE ISZERO PUSH2 0x358 JUMPI PUSH1 0x0 DUP1 REVERT JUMPDEST PUSH2 0x360 PUSH2 0xB93 JUMP JUMPDEST PUSH1 0x40 MLOAD DUP1 DUP3 DUP2 MSTORE PUSH1 0x20 ADD SWAP2 POP POP PUSH1 0x40 MLOAD DUP1 SWAP2 SUB SWAP1 RETURN JUMPDEST CALLVALUE ISZERO PUSH2 0x381 JUMPI PUSH1 0x0 DUP1 REVERT JUMPDEST PUSH2 0x3AD PUSH1 0x4 DUP1 DUP1 CALLDATALOAD PUSH20 0xFFFFFFFFFFFFFFFFFFFFFFFFFFFFFFFFFFFFFFFF AND SWAP1 PUSH1 0x20 ADD SWAP1 SWAP2 SWAP1 POP POP PUSH2 0xB99 JUMP JUMPDEST PUSH1 0x40 MLOAD DUP1 DUP3 DUP2 MSTORE PUSH1 0x20 ADD SWAP2 POP POP PUSH1 0x40 MLOAD DUP1 SWAP2 SUB SWAP1 RETURN JUMPDEST CALLVALUE ISZERO PUSH2 0x3CE JUMPI PUSH1 0x0 DUP1 REVERT JUMPDEST PUSH2 0x403 PUSH1 0x4 DUP1 DUP1 CALLDATALOAD PUSH20 0xFFFFFFFFFFFFFFFFFFFFFFFFFFFFFFFFFFFFFFFF AND SWAP1 PUSH1 0x20 ADD SWAP1 SWAP2 SWAP1 DUP1 CALLDATALOAD SWAP1 PUSH1 0x20 ADD SWAP1 SWAP2 SWAP1 POP POP PUSH2 0xBB1 JUMP JUMPDEST STOP JUMPDEST CALLVALUE ISZERO PUSH2 0x410 JUMPI PUSH1 0x0 DUP1 REVERT JUMPDEST PUSH2 0x445 PUSH1 0x4 DUP1 DUP1 CALLDATALOAD PUSH20 0xFFFFFFFFFFFFFFFFFFFFFFFFFFFFFFFFFFFFFFFF AND SWAP1 PUSH1 0x20 ADD SWAP1 SWAP2 SWAP1 DUP1 CALLDATALOAD SWAP1 PUSH1 0x20 ADD SWAP1 SWAP2 SWAP1 POP POP PUSH2 0xD22 JUMP JUMPDEST PUSH1 0x40 MLOAD DUP1 DUP3 ISZERO ISZERO ISZERO ISZERO DUP2 MSTORE PUSH1 0x20 ADD SWAP2 POP POP PUSH1 0x40 MLOAD DUP1 SWAP2 SUB SWAP1 RETURN JUMPDEST CALLVALUE ISZERO PUSH2 0x46A JUMPI PUSH1 0x0 DUP1 REVERT JUMPDEST PUSH2 0x472 PUSH2 0xF3C JUMP JUMPDEST PUSH1 0x40 MLOAD DUP1 DUP3 DUP2 MSTORE PUSH1 0x20 ADD SWAP2 POP POP PUSH1 0x40 MLOAD DUP1 SWAP2 SUB SWAP1 RETURN JUMPDEST CALLVALUE ISZERO PUSH2 0x493 JUMPI PUSH1 0x0 DUP1 REVERT JUMPDEST PUSH2 0x49B PUSH2 0xF42 JUMP JUMPDEST PUSH1 0x40 MLOAD DUP1 DUP3 PUSH20 0xFFFFFFFFFFFFFFFFFFFFFFFFFFFFFFFFFFFFFFFF AND PUSH20 0xFFFFFFFFFFFFFFFFFFFFFFFFFFFFFFFFFFFFFFFF AND DUP2 MSTORE PUSH1 0x20 ADD SWAP2 POP POP PUSH1 0x40 MLOAD DUP1 SWAP2 SUB SWAP1 RETURN JUMPDEST CALLVALUE ISZERO PUSH2 0x4E8 JUMPI PUSH1 0x0 DUP1 REVERT JUMPDEST PUSH2 0x4F0 PUSH2 0xF67 JUMP JUMPDEST PUSH1 0x40 MLOAD DUP1 DUP1 PUSH1 0x20 ADD DUP3 DUP2 SUB DUP3 MSTORE DUP4 DUP2 DUP2 MLOAD DUP2 MSTORE PUSH1 0x20 ADD SWAP2 POP DUP1 MLOAD SWAP1 PUSH1 0x20 ADD SWAP1 DUP1 DUP4 DUP4 PUSH1 0x0 JUMPDEST DUP4 DUP2 LT ISZERO PUSH2 0x530 JUMPI DUP1 DUP3 ADD MLOAD DUP2 DUP5 ADD MSTORE PUSH1 0x20 DUP2 ADD SWAP1 POP PUSH2 0x515 JUMP JUMPDEST POP POP POP POP SWAP1 POP SWAP1 DUP2 ADD SWAP1 PUSH1 0x1F AND DUP1 ISZERO PUSH2 0x55D JUMPI DUP1 DUP3 SUB DUP1 MLOAD PUSH1 0x1 DUP4 PUSH1 0x20 SUB PUSH2 0x100 EXP SUB NOT AND DUP2 MSTORE PUSH1 0x20 ADD SWAP2 POP JUMPDEST POP SWAP3 POP POP POP PUSH1 0x40 MLOAD DUP1 SWAP2 SUB SWAP1 RETURN JUMPDEST PUSH2 0x573 PUSH2 0x1005 JUMP JUMPDEST STOP JUMPDEST CALLVALUE ISZERO PUSH2 0x580 JUMPI PUSH1 0x0 DUP1 REVERT JUMPDEST PUSH2 0x5B5 PUSH1 0x4 DUP1 DUP1 CALLDATALOAD PUSH20 0xFFFFFFFFFFFFFFFFFFFFFFFFFFFFFFFFFFFFFFFF AND SWAP1 PUSH1 0x20 ADD SWAP1 SWAP2 SWAP1 DUP1 CALLDATALOAD SWAP1 PUSH1 0x20 ADD SWAP1 SWAP2 SWAP1 POP POP PUSH2 0x1025 JUMP JUMPDEST STOP JUMPDEST CALLVALUE ISZERO PUSH2 0x5C2 JUMPI PUSH1 0x0 DUP1 REVERT JUMPDEST PUSH2 0x5EE PUSH1 0x4 DUP1 DUP1 CALLDATALOAD PUSH20 0xFFFFFFFFFFFFFFFFFFFFFFFFFFFFFFFFFFFFFFFF AND SWAP1 PUSH1 0x20 ADD SWAP1 SWAP2 SWAP1 POP POP PUSH2 0x1034 JUMP JUMPDEST PUSH1 0x40 MLOAD DUP1 DUP3 ISZERO ISZERO ISZERO ISZERO DUP2 MSTORE PUSH1 0x20 ADD SWAP2 POP POP PUSH1 0x40 MLOAD DUP1 SWAP2 SUB SWAP1 RETURN JUMPDEST CALLVALUE ISZERO PUSH2 0x613 JUMPI PUSH1 0x0 DUP1 REVERT JUMPDEST PUSH2 0x68B PUSH1 0x4 DUP1 DUP1 CALLDATALOAD PUSH20 0xFFFFFFFFFFFFFFFFFFFFFFFFFFFFFFFFFFFFFFFF AND SWAP1 PUSH1 0x20 ADD SWAP1 SWAP2 SWAP1 DUP1 CALLDATALOAD SWAP1 PUSH1 0x20 ADD SWAP1 SWAP2 SWAP1 DUP1 CALLDATALOAD SWAP1 PUSH1 0x20 ADD SWAP1 DUP3 ADD DUP1 CALLDATALOAD SWAP1 PUSH1 0x20 ADD SWAP1 DUP1 DUP1 PUSH1 0x1F ADD PUSH1 0x20 DUP1 SWAP2 DIV MUL PUSH1 0x20 ADD PUSH1 0x40 MLOAD SWAP1 DUP2 ADD PUSH1 0x40 MSTORE DUP1 SWAP4 SWAP3 SWAP2 SWAP1 DUP2 DUP2 MSTORE PUSH1 0x20 ADD DUP4 DUP4 DUP1 DUP3 DUP5 CALLDATACOPY DUP3 ADD SWAP2 POP POP POP POP POP POP SWAP2 SWAP1 POP POP PUSH2 0x1054 JUMP JUMPDEST PUSH1 0x40 MLOAD DUP1 DUP3 ISZERO ISZERO ISZERO ISZERO DUP2 MSTORE PUSH1 0x20 ADD SWAP2 POP POP PUSH1 0x40 MLOAD DUP1 SWAP2 SUB SWAP1 RETURN JUMPDEST CALLVALUE ISZERO PUSH2 0x6B0 JUMPI PUSH1 0x0 DUP1 REVERT JUMPDEST PUSH2 0x6FB PUSH1 0x4 DUP1 DUP1 CALLDATALOAD PUSH20 0xFFFFFFFFFFFFFFFFFFFFFFFFFFFFFFFFFFFFFFFF AND SWAP1 PUSH1 0x20 ADD SWAP1 SWAP2 SWAP1 DUP1 CALLDATALOAD PUSH20 0xFFFFFFFFFFFFFFFFFFFFFFFFFFFFFFFFFFFFFFFF AND SWAP1 PUSH1 0x20 ADD SWAP1 SWAP2 SWAP1 POP POP PUSH2 0x11D2 JUMP JUMPDEST PUSH1 0x40 MLOAD DUP1 DUP3 DUP2 MSTORE PUSH1 0x20 ADD SWAP2 POP POP PUSH1 0x40 MLOAD DUP1 SWAP2 SUB SWAP1 RETURN JUMPDEST CALLVALUE ISZERO PUSH2 0x71C JUMPI PUSH1 0x0 DUP1 REVERT JUMPDEST PUSH2 0x732 PUSH1 0x4 DUP1 DUP1 CALLDATALOAD SWAP1 PUSH1 0x20 ADD SWAP1 SWAP2 SWAP1 POP POP PUSH2 0x11F7 JUMP JUMPDEST STOP JUMPDEST CALLVALUE ISZERO PUSH2 0x73F JUMPI PUSH1 0x0 DUP1 REVERT JUMPDEST PUSH2 0x776 PUSH1 0x4 DUP1 DUP1 CALLDATALOAD PUSH20 0xFFFFFFFFFFFFFFFFFFFFFFFFFFFFFFFFFFFFFFFF AND SWAP1 PUSH1 0x20 ADD SWAP1 SWAP2 SWAP1 DUP1 CALLDATALOAD ISZERO ISZERO SWAP1 PUSH1 0x20 ADD SWAP1 SWAP2 SWAP1 POP POP PUSH2 0x1273 JUMP JUMPDEST STOP JUMPDEST CALLVALUE ISZERO PUSH2 0x783 JUMPI PUSH1 0x0 DUP1 REVERT JUMPDEST PUSH2 0x7AF PUSH1 0x4 DUP1 DUP1 CALLDATALOAD PUSH20 0xFFFFFFFFFFFFFFFFFFFFFFFFFFFFFFFFFFFFFFFF AND SWAP1 PUSH1 0x20 ADD SWAP1 SWAP2 SWAP1 POP POP PUSH2 0x1398 JUMP JUMPDEST STOP JUMPDEST PUSH1 0x0 DUP1 SWAP1 SLOAD SWAP1 PUSH2 0x100 EXP SWAP1 DIV PUSH20 0xFFFFFFFFFFFFFFFFFFFFFFFFFFFFFFFFFFFFFFFF AND PUSH20 0xFFFFFFFFFFFFFFFFFFFFFFFFFFFFFFFFFFFFFFFF AND CALLER PUSH20 0xFFFFFFFFFFFFFFFFFFFFFFFFFFFFFFFFFFFFFFFF AND EQ ISZERO ISZERO PUSH2 0x80C JUMPI PUSH1 0x0 DUP1 REVERT JUMPDEST DUP2 PUSH1 0x7 DUP2 SWAP1 SSTORE POP DUP1 PUSH1 0x8 DUP2 SWAP1 SSTORE POP POP POP JUMP JUMPDEST PUSH1 0x1 DUP1 SLOAD PUSH1 0x1 DUP2 PUSH1 0x1 AND ISZERO PUSH2 0x100 MUL SUB AND PUSH1 0x2 SWAP1 DIV DUP1 PUSH1 0x1F ADD PUSH1 0x20 DUP1 SWAP2 DIV MUL PUSH1 0x20 ADD PUSH1 0x40 MLOAD SWAP1 DUP2 ADD PUSH1 0x40 MSTORE DUP1 SWAP3 SWAP2 SWAP1 DUP2 DUP2 MSTORE PUSH1 0x20 ADD DUP3 DUP1 SLOAD PUSH1 0x1 DUP2 PUSH1 0x1 AND ISZERO PUSH2 0x100 MUL SUB AND PUSH1 0x2 SWAP1 DIV DUP1 ISZERO PUSH2 0x8B4 JUMPI DUP1 PUSH1 0x1F LT PUSH2 0x889 JUMPI PUSH2 0x100 DUP1 DUP4 SLOAD DIV MUL DUP4 MSTORE SWAP2 PUSH1 0x20 ADD SWAP2 PUSH2 0x8B4 JUMP JUMPDEST DUP3 ADD SWAP2 SWAP1 PUSH1 0x0 MSTORE PUSH1 0x20 PUSH1 0x0 KECCAK256 SWAP1 JUMPDEST DUP2 SLOAD DUP2 MSTORE SWAP1 PUSH1 0x1 ADD SWAP1 PUSH1 0x20 ADD DUP1 DUP4 GT PUSH2 0x897 JUMPI DUP3 SWAP1 SUB PUSH1 0x1F AND DUP3 ADD SWAP2 JUMPDEST POP POP POP POP POP DUP2 JUMP JUMPDEST PUSH1 0x0 DUP2 PUSH1 0x6 PUSH1 0x0 CALLER PUSH20 0xFFFFFFFFFFFFFFFFFFFFFFFFFFFFFFFFFFFFFFFF AND PUSH20 0xFFFFFFFFFFFFFFFFFFFFFFFFFFFFFFFFFFFFFFFF AND DUP2 MSTORE PUSH1 0x20 ADD SWAP1 DUP2 MSTORE PUSH1 0x20 ADD PUSH1 0x0 KECCAK256 PUSH1 0x0 DUP6 PUSH20 0xFFFFFFFFFFFFFFFFFFFFFFFFFFFFFFFFFFFFFFFF AND PUSH20 0xFFFFFFFFFFFFFFFFFFFFFFFFFFFFFFFFFFFFFFFF AND DUP2 MSTORE PUSH1 0x20 ADD SWAP1 DUP2 MSTORE PUSH1 0x20 ADD PUSH1 0x0 KECCAK256 DUP2 SWAP1 SSTORE POP PUSH1 0x1 SWAP1 POP SWAP3 SWAP2 POP POP JUMP JUMPDEST PUSH1 0x4 SLOAD DUP2 JUMP JUMPDEST PUSH1 0x0 PUSH1 0x6 PUSH1 0x0 DUP6 PUSH20 0xFFFFFFFFFFFFFFFFFFFFFFFFFFFFFFFFFFFFFFFF AND PUSH20 0xFFFFFFFFFFFFFFFFFFFFFFFFFFFFFFFFFFFFFFFF AND DUP2 MSTORE PUSH1 0x20 ADD SWAP1 DUP2 MSTORE PUSH1 0x20 ADD PUSH1 0x0 KECCAK256 PUSH1 0x0 CALLER PUSH20 0xFFFFFFFFFFFFFFFFFFFFFFFFFFFFFFFFFFFFFFFF AND PUSH20 0xFFFFFFFFFFFFFFFFFFFFFFFFFFFFFFFFFFFFFFFF AND DUP2 MSTORE PUSH1 0x20 ADD SWAP1 DUP2 MSTORE PUSH1 0x20 ADD PUSH1 0x0 KECCAK256 SLOAD DUP3 GT ISZERO ISZERO ISZERO PUSH2 0x9DC JUMPI PUSH1 0x0 DUP1 REVERT JUMPDEST DUP2 PUSH1 0x6 PUSH1 0x0 DUP7 PUSH20 0xFFFFFFFFFFFFFFFFFFFFFFFFFFFFFFFFFFFFFFFF AND PUSH20 0xFFFFFFFFFFFFFFFFFFFFFFFFFFFFFFFFFFFFFFFF AND DUP2 MSTORE PUSH1 0x20 ADD SWAP1 DUP2 MSTORE PUSH1 0x20 ADD PUSH1 0x0 KECCAK256 PUSH1 0x0 CALLER PUSH20 0xFFFFFFFFFFFFFFFFFFFFFFFFFFFFFFFFFFFFFFFF AND PUSH20 0xFFFFFFFFFFFFFFFFFFFFFFFFFFFFFFFFFFFFFFFF AND DUP2 MSTORE PUSH1 0x20 ADD SWAP1 DUP2 MSTORE PUSH1 0x20 ADD PUSH1 0x0 KECCAK256 PUSH1 0x0 DUP3 DUP3 SLOAD SUB SWAP3 POP POP DUP2 SWAP1 SSTORE POP PUSH2 0xA71 DUP5 DUP5 DUP5 PUSH2 0x1436 JUMP JUMPDEST PUSH1 0x1 SWAP1 POP SWAP4 SWAP3 POP POP POP JUMP JUMPDEST PUSH1 0x3 PUSH1 0x0 SWAP1 SLOAD SWAP1 PUSH2 0x100 EXP SWAP1 DIV PUSH1 0xFF AND DUP2 JUMP JUMPDEST PUSH1 0x0 DUP2 PUSH1 0x5 PUSH1 0x0 CALLER PUSH20 0xFFFFFFFFFFFFFFFFFFFFFFFFFFFFFFFFFFFFFFFF AND PUSH20 0xFFFFFFFFFFFFFFFFFFFFFFFFFFFFFFFFFFFFFFFF AND DUP2 MSTORE PUSH1 0x20 ADD SWAP1 DUP2 MSTORE PUSH1 0x20 ADD PUSH1 0x0 KECCAK256 SLOAD LT ISZERO ISZERO ISZERO PUSH2 0xADF JUMPI PUSH1 0x0 DUP1 REVERT JUMPDEST DUP2 PUSH1 0x5 PUSH1 0x0 CALLER PUSH20 0xFFFFFFFFFFFFFFFFFFFFFFFFFFFFFFFFFFFFFFFF AND PUSH20 0xFFFFFFFFFFFFFFFFFFFFFFFFFFFFFFFFFFFFFFFF AND DUP2 MSTORE PUSH1 0x20 ADD SWAP1 DUP2 MSTORE PUSH1 0x20 ADD PUSH1 0x0 KECCAK256 PUSH1 0x0 DUP3 DUP3 SLOAD SUB SWAP3 POP POP DUP2 SWAP1 SSTORE POP DUP2 PUSH1 0x4 PUSH1 0x0 DUP3 DUP3 SLOAD SUB SWAP3 POP POP DUP2 SWAP1 SSTORE POP CALLER PUSH20 0xFFFFFFFFFFFFFFFFFFFFFFFFFFFFFFFFFFFFFFFF AND PUSH32 0xCC16F5DBB4873280815C1EE09DBD06736CFFCC184412CF7A71A0FDB75D397CA5 DUP4 PUSH1 0x40 MLOAD DUP1 DUP3 DUP2 MSTORE PUSH1 0x20 ADD SWAP2 POP POP PUSH1 0x40 MLOAD DUP1 SWAP2 SUB SWAP1 LOG2 PUSH1 0x1 SWAP1 POP SWAP2 SWAP1 POP JUMP JUMPDEST PUSH1 0x7 SLOAD DUP2 JUMP JUMPDEST PUSH1 0x5 PUSH1 0x20 MSTORE DUP1 PUSH1 0x0 MSTORE PUSH1 0x40 PUSH1 0x0 KECCAK256 PUSH1 0x0 SWAP2 POP SWAP1 POP SLOAD DUP2 JUMP JUMPDEST PUSH1 0x0 DUP1 SWAP1 SLOAD SWAP1 PUSH2 0x100 EXP SWAP1 DIV PUSH20 0xFFFFFFFFFFFFFFFFFFFFFFFFFFFFFFFFFFFFFFFF AND PUSH20 0xFFFFFFFFFFFFFFFFFFFFFFFFFFFFFFFFFFFFFFFF AND CALLER PUSH20 0xFFFFFFFFFFFFFFFFFFFFFFFFFFFFFFFFFFFFFFFF AND EQ ISZERO ISZERO PUSH2 0xC0C JUMPI PUSH1 0x0 DUP1 REVERT JUMPDEST DUP1 PUSH1 0x5 PUSH1 0x0 DUP5 PUSH20 0xFFFFFFFFFFFFFFFFFFFFFFFFFFFFFFFFFFFFFFFF AND PUSH20 0xFFFFFFFFFFFFFFFFFFFFFFFFFFFFFFFFFFFFFFFF AND DUP2 MSTORE PUSH1 0x20 ADD SWAP1 DUP2 MSTORE PUSH1 0x20 ADD PUSH1 0x0 KECCAK256 PUSH1 0x0 DUP3 DUP3 SLOAD ADD SWAP3 POP POP DUP2 SWAP1 SSTORE POP DUP1 PUSH1 0x4 PUSH1 0x0 DUP3 DUP3 SLOAD ADD SWAP3 POP POP DUP2 SWAP1 SSTORE POP ADDRESS PUSH20 0xFFFFFFFFFFFFFFFFFFFFFFFFFFFFFFFFFFFFFFFF AND PUSH1 0x0 PUSH32 0xDDF252AD1BE2C89B69C2B068FC378DAA952BA7F163C4A11628F55A4DF523B3EF DUP4 PUSH1 0x40 MLOAD DUP1 DUP3 DUP2 MSTORE PUSH1 0x20 ADD SWAP2 POP POP PUSH1 0x40 MLOAD DUP1 SWAP2 SUB SWAP1 LOG3 DUP2 PUSH20 0xFFFFFFFFFFFFFFFFFFFFFFFFFFFFFFFFFFFFFFFF AND ADDRESS PUSH20 0xFFFFFFFFFFFFFFFFFFFFFFFFFFFFFFFFFFFFFFFF AND PUSH32 0xDDF252AD1BE2C89B69C2B068FC378DAA952BA7F163C4A11628F55A4DF523B3EF DUP4 PUSH1 0x40 MLOAD DUP1 DUP3 DUP2 MSTORE PUSH1 0x20 ADD SWAP2 POP POP PUSH1 0x40 MLOAD DUP1 SWAP2 SUB SWAP1 LOG3 POP POP JUMP JUMPDEST PUSH1 0x0 DUP2 PUSH1 0x5 PUSH1 0x0 DUP6 PUSH20 0xFFFFFFFFFFFFFFFFFFFFFFFFFFFFFFFFFFFFFFFF AND PUSH20 0xFFFFFFFFFFFFFFFFFFFFFFFFFFFFFFFFFFFFFFFF AND DUP2 MSTORE PUSH1 0x20 ADD SWAP1 DUP2 MSTORE PUSH1 0x20 ADD PUSH1 0x0 KECCAK256 SLOAD LT ISZERO ISZERO ISZERO PUSH2 0xD72 JUMPI PUSH1 0x0 DUP1 REVERT JUMPDEST PUSH1 0x6 PUSH1 0x0 DUP5 PUSH20 0xFFFFFFFFFFFFFFFFFFFFFFFFFFFFFFFFFFFFFFFF AND PUSH20 0xFFFFFFFFFFFFFFFFFFFFFFFFFFFFFFFFFFFFFFFF AND DUP2 MSTORE PUSH1 0x20 ADD SWAP1 DUP2 MSTORE PUSH1 0x20 ADD PUSH1 0x0 KECCAK256 PUSH1 0x0 CALLER PUSH20 0xFFFFFFFFFFFFFFFFFFFFFFFFFFFFFFFFFFFFFFFF AND PUSH20 0xFFFFFFFFFFFFFFFFFFFFFFFFFFFFFFFFFFFFFFFF AND DUP2 MSTORE PUSH1 0x20 ADD SWAP1 DUP2 MSTORE PUSH1 0x20 ADD PUSH1 0x0 KECCAK256 SLOAD DUP3 GT ISZERO ISZERO ISZERO PUSH2 0xDFD JUMPI PUSH1 0x0 DUP1 REVERT JUMPDEST DUP2 PUSH1 0x5 PUSH1 0x0 DUP6 PUSH20 0xFFFFFFFFFFFFFFFFFFFFFFFFFFFFFFFFFFFFFFFF AND PUSH20 0xFFFFFFFFFFFFFFFFFFFFFFFFFFFFFFFFFFFFFFFF AND DUP2 MSTORE PUSH1 0x20 ADD SWAP1 DUP2 MSTORE PUSH1 0x20 ADD PUSH1 0x0 KECCAK256 PUSH1 0x0 DUP3 DUP3 SLOAD SUB SWAP3 POP POP DUP2 SWAP1 SSTORE POP DUP2 PUSH1 0x6 PUSH1 0x0 DUP6 PUSH20 0xFFFFFFFFFFFFFFFFFFFFFFFFFFFFFFFFFFFFFFFF AND PUSH20 0xFFFFFFFFFFFFFFFFFFFFFFFFFFFFFFFFFFFFFFFF AND DUP2 MSTORE PUSH1 0x20 ADD SWAP1 DUP2 MSTORE PUSH1 0x20 ADD PUSH1 0x0 KECCAK256 PUSH1 0x0 CALLER PUSH20 0xFFFFFFFFFFFFFFFFFFFFFFFFFFFFFFFFFFFFFFFF AND PUSH20 0xFFFFFFFFFFFFFFFFFFFFFFFFFFFFFFFFFFFFFFFF AND DUP2 MSTORE PUSH1 0x20 ADD SWAP1 DUP2 MSTORE PUSH1 0x20 ADD PUSH1 0x0 KECCAK256 PUSH1 0x0 DUP3 DUP3 SLOAD SUB SWAP3 POP POP DUP2 SWAP1 SSTORE POP DUP2 PUSH1 0x4 PUSH1 0x0 DUP3 DUP3 SLOAD SUB SWAP3 POP POP DUP2 SWAP1 SSTORE POP DUP3 PUSH20 0xFFFFFFFFFFFFFFFFFFFFFFFFFFFFFFFFFFFFFFFF AND PUSH32 0xCC16F5DBB4873280815C1EE09DBD06736CFFCC184412CF7A71A0FDB75D397CA5 DUP4 PUSH1 0x40 MLOAD DUP1 DUP3 DUP2 MSTORE PUSH1 0x20 ADD SWAP2 POP POP PUSH1 0x40 MLOAD DUP1 SWAP2 SUB SWAP1 LOG2 PUSH1 0x1 SWAP1 POP SWAP3 SWAP2 POP POP JUMP JUMPDEST PUSH1 0x8 SLOAD DUP2 JUMP JUMPDEST PUSH1 0x0 DUP1 SWAP1 SLOAD SWAP1 PUSH2 0x100 EXP SWAP1 DIV PUSH20 0xFFFFFFFFFFFFFFFFFFFFFFFFFFFFFFFFFFFFFFFF AND DUP2 JUMP JUMPDEST PUSH1 0x2 DUP1 SLOAD PUSH1 0x1 DUP2 PUSH1 0x1 AND ISZERO PUSH2 0x100 MUL SUB AND PUSH1 0x2 SWAP1 DIV DUP1 PUSH1 0x1F ADD PUSH1 0x20 DUP1 SWAP2 DIV MUL PUSH1 0x20 ADD PUSH1 0x40 MLOAD SWAP1 DUP2 ADD PUSH1 0x40 MSTORE DUP1 SWAP3 SWAP2 SWAP1 DUP2 DUP2 MSTORE PUSH1 0x20 ADD DUP3 DUP1 SLOAD PUSH1 0x1 DUP2 PUSH1 0x1 AND ISZERO PUSH2 0x100 MUL SUB AND PUSH1 0x2 SWAP1 DIV DUP1 ISZERO PUSH2 0xFFD JUMPI DUP1 PUSH1 0x1F LT PUSH2 0xFD2 JUMPI PUSH2 0x100 DUP1 DUP4 SLOAD DIV MUL DUP4 MSTORE SWAP2 PUSH1 0x20 ADD SWAP2 PUSH2 0xFFD JUMP JUMPDEST DUP3 ADD SWAP2 SWAP1 PUSH1 0x0 MSTORE PUSH1 0x20 PUSH1 0x0 KECCAK256 SWAP1 JUMPDEST DUP2 SLOAD DUP2 MSTORE SWAP1 PUSH1 0x1 ADD SWAP1 PUSH1 0x20 ADD DUP1 DUP4 GT PUSH2 0xFE0 JUMPI DUP3 SWAP1 SUB PUSH1 0x1F AND DUP3 ADD SWAP2 JUMPDEST POP POP POP POP POP DUP2 JUMP JUMPDEST PUSH1 0x0 PUSH1 0x8 SLOAD CALLVALUE DUP2 ISZERO ISZERO PUSH2 0x1014 JUMPI INVALID JUMPDEST DIV SWAP1 POP PUSH2 0x1022 ADDRESS CALLER DUP4 PUSH2 0x1436 JUMP JUMPDEST POP JUMP JUMPDEST PUSH2 0x1030 CALLER DUP4 DUP4 PUSH2 0x1436 JUMP JUMPDEST POP POP JUMP JUMPDEST PUSH1 0x9 PUSH1 0x20 MSTORE DUP1 PUSH1 0x0 MSTORE PUSH1 0x40 PUSH1 0x0 KECCAK256 PUSH1 0x0 SWAP2 POP SLOAD SWAP1 PUSH2 0x100 EXP SWAP1 DIV PUSH1 0xFF AND DUP2 JUMP JUMPDEST PUSH1 0x0 DUP1 DUP5 SWAP1 POP PUSH2 0x1064 DUP6 DUP6 PUSH2 0x8BC JUMP JUMPDEST ISZERO PUSH2 0x11C9 JUMPI DUP1 PUSH20 0xFFFFFFFFFFFFFFFFFFFFFFFFFFFFFFFFFFFFFFFF AND PUSH4 0x8F4FFCB1 CALLER DUP7 ADDRESS DUP8 PUSH1 0x40 MLOAD DUP6 PUSH4 0xFFFFFFFF AND PUSH29 0x100000000000000000000000000000000000000000000000000000000 MUL DUP2 MSTORE PUSH1 0x4 ADD DUP1 DUP6 PUSH20 0xFFFFFFFFFFFFFFFFFFFFFFFFFFFFFFFFFFFFFFFF AND PUSH20 0xFFFFFFFFFFFFFFFFFFFFFFFFFFFFFFFFFFFFFFFF AND DUP2 MSTORE PUSH1 0x20 ADD DUP5 DUP2 MSTORE PUSH1 0x20 ADD DUP4 PUSH20 0xFFFFFFFFFFFFFFFFFFFFFFFFFFFFFFFFFFFFFFFF AND PUSH20 0xFFFFFFFFFFFFFFFFFFFFFFFFFFFFFFFFFFFFFFFF AND DUP2 MSTORE PUSH1 0x20 ADD DUP1 PUSH1 0x20 ADD DUP3 DUP2 SUB DUP3 MSTORE DUP4 DUP2 DUP2 MLOAD DUP2 MSTORE PUSH1 0x20 ADD SWAP2 POP DUP1 MLOAD SWAP1 PUSH1 0x20 ADD SWAP1 DUP1 DUP4 DUP4 PUSH1 0x0 JUMPDEST DUP4 DUP2 LT ISZERO PUSH2 0x115E JUMPI DUP1 DUP3 ADD MLOAD DUP2 DUP5 ADD MSTORE PUSH1 0x20 DUP2 ADD SWAP1 POP PUSH2 0x1143 JUMP JUMPDEST POP POP POP POP SWAP1 POP SWAP1 DUP2 ADD SWAP1 PUSH1 0x1F AND DUP1 ISZERO PUSH2 0x118B JUMPI DUP1 DUP3 SUB DUP1 MLOAD PUSH1 0x1 DUP4 PUSH1 0x20 SUB PUSH2 0x100 EXP SUB NOT AND DUP2 MSTORE PUSH1 0x20 ADD SWAP2 POP JUMPDEST POP SWAP6 POP POP POP POP POP POP PUSH1 0x0 PUSH1 0x40 MLOAD DUP1 DUP4 SUB DUP2 PUSH1 0x0 DUP8 DUP1 EXTCODESIZE ISZERO ISZERO PUSH2 0x11AC JUMPI PUSH1 0x0 DUP1 REVERT JUMPDEST PUSH2 0x2C6 GAS SUB CALL ISZERO ISZERO PUSH2 0x11BD JUMPI PUSH1 0x0 DUP1 REVERT JUMPDEST POP POP POP PUSH1 0x1 SWAP2 POP PUSH2 0x11CA JUMP JUMPDEST JUMPDEST POP SWAP4 SWAP3 POP POP POP JUMP JUMPDEST PUSH1 0x6 PUSH1 0x20 MSTORE DUP2 PUSH1 0x0 MSTORE PUSH1 0x40 PUSH1 0x0 KECCAK256 PUSH1 0x20 MSTORE DUP1 PUSH1 0x0 MSTORE PUSH1 0x40 PUSH1 0x0 KECCAK256 PUSH1 0x0 SWAP2 POP SWAP2 POP POP SLOAD DUP2 JUMP JUMPDEST PUSH1 0x7 SLOAD DUP2 MUL ADDRESS PUSH20 0xFFFFFFFFFFFFFFFFFFFFFFFFFFFFFFFFFFFFFFFF AND BALANCE LT ISZERO ISZERO ISZERO PUSH2 0x1221 JUMPI PUSH1 0x0 DUP1 REVERT JUMPDEST PUSH2 0x122C CALLER ADDRESS DUP4 PUSH2 0x1436 JUMP JUMPDEST CALLER PUSH20 0xFFFFFFFFFFFFFFFFFFFFFFFFFFFFFFFFFFFFFFFF AND PUSH2 0x8FC PUSH1 0x7 SLOAD DUP4 MUL SWAP1 DUP2 ISZERO MUL SWAP1 PUSH1 0x40 MLOAD PUSH1 0x0 PUSH1 0x40 MLOAD DUP1 DUP4 SUB DUP2 DUP6 DUP9 DUP9 CALL SWAP4 POP POP POP POP ISZERO ISZERO PUSH2 0x1270 JUMPI PUSH1 0x0 DUP1 REVERT JUMPDEST POP JUMP JUMPDEST PUSH1 0x0 DUP1 SWAP1 SLOAD SWAP1 PUSH2 0x100 EXP SWAP1 DIV PUSH20 0xFFFFFFFFFFFFFFFFFFFFFFFFFFFFFFFFFFFFFFFF AND PUSH20 0xFFFFFFFFFFFFFFFFFFFFFFFFFFFFFFFFFFFFFFFF AND CALLER PUSH20 0xFFFFFFFFFFFFFFFFFFFFFFFFFFFFFFFFFFFFFFFF AND EQ ISZERO ISZERO PUSH2 0x12CE JUMPI PUSH1 0x0 DUP1 REVERT JUMPDEST DUP1 PUSH1 0x9 PUSH1 0x0 DUP5 PUSH20 0xFFFFFFFFFFFFFFFFFFFFFFFFFFFFFFFFFFFFFFFF AND PUSH20 0xFFFFFFFFFFFFFFFFFFFFFFFFFFFFFFFFFFFFFFFF AND DUP2 MSTORE PUSH1 0x20 ADD SWAP1 DUP2 MSTORE PUSH1 0x20 ADD PUSH1 0x0 KECCAK256 PUSH1 0x0 PUSH2 0x100 EXP DUP2 SLOAD DUP2 PUSH1 0xFF MUL NOT AND SWAP1 DUP4 ISZERO ISZERO MUL OR SWAP1 SSTORE POP PUSH32 0x48335238B4855F35377ED80F164E8C6F3C366E54AC00B96A6402D4A9814A03A5 DUP3 DUP3 PUSH1 0x40 MLOAD DUP1 DUP4 PUSH20 0xFFFFFFFFFFFFFFFFFFFFFFFFFFFFFFFFFFFFFFFF AND PUSH20 0xFFFFFFFFFFFFFFFFFFFFFFFFFFFFFFFFFFFFFFFF AND DUP2 MSTORE PUSH1 0x20 ADD DUP3 ISZERO ISZERO ISZERO ISZERO DUP2 MSTORE PUSH1 0x20 ADD SWAP3 POP POP POP PUSH1 0x40 MLOAD DUP1 SWAP2 SUB SWAP1 LOG1 POP POP JUMP JUMPDEST PUSH1 0x0 DUP1 SWAP1 SLOAD SWAP1 PUSH2 0x100 EXP SWAP1 DIV PUSH20 0xFFFFFFFFFFFFFFFFFFFFFFFFFFFFFFFFFFFFFFFF AND PUSH20 0xFFFFFFFFFFFFFFFFFFFFFFFFFFFFFFFFFFFFFFFF AND CALLER PUSH20 0xFFFFFFFFFFFFFFFFFFFFFFFFFFFFFFFFFFFFFFFF AND EQ ISZERO ISZERO PUSH2 0x13F3 JUMPI PUSH1 0x0 DUP1 REVERT JUMPDEST DUP1 PUSH1 0x0 DUP1 PUSH2 0x100 EXP DUP2 SLOAD DUP2 PUSH20 0xFFFFFFFFFFFFFFFFFFFFFFFFFFFFFFFFFFFFFFFF MUL NOT AND SWAP1 DUP4 PUSH20 0xFFFFFFFFFFFFFFFFFFFFFFFFFFFFFFFFFFFFFFFF AND MUL OR SWAP1 SSTORE POP POP JUMP JUMPDEST PUSH1 0x0 DUP3 PUSH20 0xFFFFFFFFFFFFFFFFFFFFFFFFFFFFFFFFFFFFFFFF AND EQ ISZERO ISZERO ISZERO PUSH2 0x145C JUMPI PUSH1 0x0 DUP1 REVERT JUMPDEST DUP1 PUSH1 0x5 PUSH1 0x0 DUP6 PUSH20 0xFFFFFFFFFFFFFFFFFFFFFFFFFFFFFFFFFFFFFFFF AND PUSH20 0xFFFFFFFFFFFFFFFFFFFFFFFFFFFFFFFFFFFFFFFF AND DUP2 MSTORE PUSH1 0x20 ADD SWAP1 DUP2 MSTORE PUSH1 0x20 ADD PUSH1 0x0 KECCAK256 SLOAD LT ISZERO ISZERO ISZERO PUSH2 0x14AA JUMPI PUSH1 0x0 DUP1 REVERT JUMPDEST PUSH1 0x5 PUSH1 0x0 DUP4 PUSH20 0xFFFFFFFFFFFFFFFFFFFFFFFFFFFFFFFFFFFFFFFF AND PUSH20 0xFFFFFFFFFFFFFFFFFFFFFFFFFFFFFFFFFFFFFFFF AND DUP2 MSTORE PUSH1 0x20 ADD SWAP1 DUP2 MSTORE PUSH1 0x20 ADD PUSH1 0x0 KECCAK256 SLOAD DUP2 PUSH1 0x5 PUSH1 0x0 DUP6 PUSH20 0xFFFFFFFFFFFFFFFFFFFFFFFFFFFFFFFFFFFFFFFF AND PUSH20 0xFFFFFFFFFFFFFFFFFFFFFFFFFFFFFFFFFFFFFFFF AND DUP2 MSTORE PUSH1 0x20 ADD SWAP1 DUP2 MSTORE PUSH1 0x20 ADD PUSH1 0x0 KECCAK256 SLOAD ADD GT ISZERO ISZERO PUSH2 0x1538 JUMPI PUSH1 0x0 DUP1 REVERT JUMPDEST PUSH1 0x9 PUSH1 0x0 DUP5 PUSH20 0xFFFFFFFFFFFFFFFFFFFFFFFFFFFFFFFFFFFFFFFF AND PUSH20 0xFFFFFFFFFFFFFFFFFFFFFFFFFFFFFFFFFFFFFFFF AND DUP2 MSTORE PUSH1 0x20 ADD SWAP1 DUP2 MSTORE PUSH1 0x20 ADD PUSH1 0x0 KECCAK256 PUSH1 0x0 SWAP1 SLOAD SWAP1 PUSH2 0x100 EXP SWAP1 DIV PUSH1 0xFF AND ISZERO ISZERO ISZERO PUSH2 0x1591 JUMPI PUSH1 0x0 DUP1 REVERT JUMPDEST PUSH1 0x9 PUSH1 0x0 DUP4 PUSH20 0xFFFFFFFFFFFFFFFFFFFFFFFFFFFFFFFFFFFFFFFF AND PUSH20 0xFFFFFFFFFFFFFFFFFFFFFFFFFFFFFFFFFFFFFFFF AND DUP2 MSTORE PUSH1 0x20 ADD SWAP1 DUP2 MSTORE PUSH1 0x20 ADD PUSH1 0x0 KECCAK256 PUSH1 0x0 SWAP1 SLOAD SWAP1 PUSH2 0x100 EXP SWAP1 DIV PUSH1 0xFF AND ISZERO ISZERO ISZERO PUSH2 0x15EA JUMPI PUSH1 0x0 DUP1 REVERT JUMPDEST DUP1 PUSH1 0x5 PUSH1 0x0 DUP6 PUSH20 0xFFFFFFFFFFFFFFFFFFFFFFFFFFFFFFFFFFFFFFFF AND PUSH20 0xFFFFFFFFFFFFFFFFFFFFFFFFFFFFFFFFFFFFFFFF AND DUP2 MSTORE PUSH1 0x20 ADD SWAP1 DUP2 MSTORE PUSH1 0x20 ADD PUSH1 0x0 KECCAK256 PUSH1 0x0 DUP3 DUP3 SLOAD SUB SWAP3 POP POP DUP2 SWAP1 SSTORE POP DUP1 PUSH1 0x5 PUSH1 0x0 DUP5 PUSH20 0xFFFFFFFFFFFFFFFFFFFFFFFFFFFFFFFFFFFFFFFF AND PUSH20 0xFFFFFFFFFFFFFFFFFFFFFFFFFFFFFFFFFFFFFFFF AND DUP2 MSTORE PUSH1 0x20 ADD SWAP1 DUP2 MSTORE PUSH1 0x20 ADD PUSH1 0x0 KECCAK256 PUSH1 0x0 DUP3 DUP3 SLOAD ADD SWAP3 POP POP DUP2 SWAP1 SSTORE POP DUP2 PUSH20 0xFFFFFFFFFFFFFFFFFFFFFFFFFFFFFFFFFFFFFFFF AND DUP4 PUSH20 0xFFFFFFFFFFFFFFFFFFFFFFFFFFFFFFFFFFFFFFFF AND PUSH32 0xDDF252AD1BE2C89B69C2B068FC378DAA952BA7F163C4A11628F55A4DF523B3EF DUP4 PUSH1 0x40 MLOAD DUP1 DUP3 DUP2 MSTORE PUSH1 0x20 ADD SWAP2 POP POP PUSH1 0x40 MLOAD DUP1 SWAP2 SUB SWAP1 LOG3 POP POP POP JUMP STOP LOG1 PUSH6 0x627A7A723058 KECCAK256 SWAP9 SWAP15 MULMOD PUSH28 0x1FBD37C9D99477ACE611A2FE222A92BC2C574AB2BA164240AB595357 STOP 0x29
1,PUSH1 0x60 PUSH1 0x40 MSTORE PUSH1 0x12 PUSH1 0x2 PUSH1 0x0 PUSH2 0x100 EXP DUP2 SLOAD DUP2 PUSH1 0xFF MUL NOT AND SWAP1 DUP4 PUSH1 0xFF AND MUL OR SWAP1 SSTORE POP CALLVALUE ISZERO PUSH3 0x2C JUMPI PUSH1 0x0 DUP1 REVERT JUMPDEST PUSH1 0x2 PUSH1 0x0 SWAP1 SLOAD SWAP1 PUSH2 0x100 EXP SWAP1 DIV PUSH1 0xFF AND PUSH1 0xFF AND PUSH1 0xA EXP PUSH3 0x7A1200 MUL PUSH1 0x3 DUP2 SWAP1 SSTORE POP PUSH1 0x3 SLOAD PUSH1 0x4 PUSH1 0x0 CALLER PUSH20 0xFFFFFFFFFFFFFFFFFFFFFFFFFFFFFFFFFFFFFFFF AND PUSH20 0xFFFFFFFFFFFFFFFFFFFFFFFFFFFFFFFFFFFFFFFF AND DUP2 MSTORE PUSH1 0x20 ADD SWAP1 DUP2 MSTORE PUSH1 0x20 ADD PUSH1 0x0 KECCAK256 DUP2 SWAP1 SSTORE POP PUSH1 0x40 DUP1 MLOAD SWAP1 DUP2 ADD PUSH1 0x40 MSTORE DUP1 PUSH1 0x13 DUP2 MSTORE PUSH1 0x20 ADD PUSH32 0x43727970746F49676E6974657220546F6B656E00000000000000000000000000 DUP2 MSTORE POP PUSH1 0x0 SWAP1 DUP1 MLOAD SWAP1 PUSH1 0x20 ADD SWAP1 PUSH3 0xE0 SWAP3 SWAP2 SWAP1 PUSH3 0x135 JUMP JUMPDEST POP PUSH1 0x40 DUP1 MLOAD SWAP1 DUP2 ADD PUSH1 0x40 MSTORE DUP1 PUSH1 0x3 DUP2 MSTORE PUSH1 0x20 ADD PUSH32 0x4349540000000000000000000000000000000000000000000000000000000000 DUP2 MSTORE POP PUSH1 0x1 SWAP1 DUP1 MLOAD SWAP1 PUSH1 0x20 ADD SWAP1 PUSH3 0x12E SWAP3 SWAP2 SWAP1 PUSH3 0x135 JUMP JUMPDEST POP PUSH3 0x1E4 JUMP JUMPDEST DUP3 DUP1 SLOAD PUSH1 0x1 DUP2 PUSH1 0x1 AND ISZERO PUSH2 0x100 MUL SUB AND PUSH1 0x2 SWAP1 DIV SWAP1 PUSH1 0x0 MSTORE PUSH1 0x20 PUSH1 0x0 KECCAK256 SWAP1 PUSH1 0x1F ADD PUSH1 0x20 SWAP1 DIV DUP2 ADD SWAP3 DUP3 PUSH1 0x1F LT PUSH3 0x178 JUMPI DUP1 MLOAD PUSH1 0xFF NOT AND DUP4 DUP1 ADD OR DUP6 SSTORE PUSH3 0x1A9 JUMP JUMPDEST DUP3 DUP1 ADD PUSH1 0x1 ADD DUP6 SSTORE DUP3 ISZERO PUSH3 0x1A9 JUMPI SWAP2 DUP3 ADD JUMPDEST DUP3 DUP2 GT ISZERO PUSH3 0x1A8 JUMPI DUP3 MLOAD DUP3 SSTORE SWAP2 PUSH1 0x20 ADD SWAP2 SWAP1 PUSH1 0x1 ADD SWAP1 PUSH3 0x18B JUMP JUMPDEST JUMPDEST POP SWAP1 POP PUSH3 0x1B8 SWAP2 SWAP1 PUSH3 0x1BC JUMP JUMPDEST POP SWAP1 JUMP JUMPDEST PUSH3 0x1E1 SWAP2 SWAP1 JUMPDEST DUP1 DUP3 GT ISZERO PUSH3 0x1DD JUMPI PUSH1 0x0 DUP2 PUSH1 0x0 SWAP1 SSTORE POP PUSH1 0x1 ADD PUSH3 0x1C3 JUMP JUMPDEST POP SWAP1 JUMP JUMPDEST SWAP1 JUMP JUMPDEST PUSH2 0x106C DUP1 PUSH3 0x1F4 PUSH1 0x0 CODECOPY PUSH1 0x0 RETURN STOP PUSH1 0x60 PUSH1 0x40 MSTORE PUSH1 0x4 CALLDATASIZE LT PUSH2 0xBA JUMPI PUSH1 0x0 CALLDATALOAD PUSH29 0x100000000000000000000000000000000000000000000000000000000 SWAP1 DIV PUSH4 0xFFFFFFFF AND DUP1 PUSH4 0x6FDDE03 EQ PUSH2 0xBF JUMPI DUP1 PUSH4 0x95EA7B3 EQ PUSH2 0x14D JUMPI DUP1 PUSH4 0x18160DDD EQ PUSH2 0x1A7 JUMPI DUP1 PUSH4 0x23B872DD EQ PUSH2 0x1D0 JUMPI DUP1 PUSH4 0x313CE567 EQ PUSH2 0x249 JUMPI DUP1 PUSH4 0x42966C68 EQ PUSH2 0x278 JUMPI DUP1 PUSH4 0x70A08231 EQ PUSH2 0x2B3 JUMPI DUP1 PUSH4 0x79CC6790 EQ PUSH2 0x300 JUMPI DUP1 PUSH4 0x95D89B41 EQ PUSH2 0x35A JUMPI DUP1 PUSH4 0xA9059CBB EQ PUSH2 0x3E8 JUMPI DUP1 PUSH4 0xCAE9CA51 EQ PUSH2 0x42A JUMPI DUP1 PUSH4 0xDD62ED3E EQ PUSH2 0x4C7 JUMPI JUMPDEST PUSH1 0x0 DUP1 REVERT JUMPDEST CALLVALUE ISZERO PUSH2 0xCA JUMPI PUSH1 0x0 DUP1 REVERT JUMPDEST PUSH2 0xD2 PUSH2 0x533 JUMP JUMPDEST PUSH1 0x40 MLOAD DUP1 DUP1 PUSH1 0x20 ADD DUP3 DUP2 SUB DUP3 MSTORE DUP4 DUP2 DUP2 MLOAD DUP2 MSTORE PUSH1 0x20 ADD SWAP2 POP DUP1 MLOAD SWAP1 PUSH1 0x20 ADD SWAP1 DUP1 DUP4 DUP4 PUSH1 0x0 JUMPDEST DUP4 DUP2 LT ISZERO PUSH2 0x112 JUMPI DUP1 DUP3 ADD MLOAD DUP2 DUP5 ADD MSTORE PUSH1 0x20 DUP2 ADD SWAP1 POP PUSH2 0xF7 JUMP JUMPDEST POP POP POP POP SWAP1 POP SWAP1 DUP2 ADD SWAP1 PUSH1 0x1F AND DUP1 ISZERO PUSH2 0x13F JUMPI DUP1 DUP3 SUB DUP1 MLOAD PUSH1 0x1 DUP4 PUSH1 0x20 SUB PUSH2 0x100 EXP SUB NOT AND DUP2 MSTORE PUSH1 0x20 ADD SWAP2 POP JUMPDEST POP SWAP3 POP POP POP PUSH1 0x40 MLOAD DUP1 SWAP2 SUB SWAP1 RETURN JUMPDEST CALLVALUE ISZERO PUSH2 0x158 JUMPI PUSH1 0x0 DUP1 REVERT JUMPDEST PUSH2 0x18D PUSH1 0x4 DUP1 DUP1 CALLDATALOAD PUSH20 0xFFFFFFFFFFFFFFFFFFFFFFFFFFFFFFFFFFFFFFFF AND SWAP1 PUSH1 0x20 ADD SWAP1 SWAP2 SWAP1 DUP1 CALLDATALOAD SWAP1 PUSH1 0x20 ADD SWAP1 SWAP2 SWAP1 POP POP PUSH2 0x5D1 JUMP JUMPDEST PUSH1 0x40 MLOAD DUP1 DUP3 ISZERO ISZERO ISZERO ISZERO DUP2 MSTORE PUSH1 0x20 ADD SWAP2 POP POP PUSH1 0x40 MLOAD DUP1 SWAP2 SUB SWAP1 RETURN JUMPDEST CALLVALUE ISZERO PUSH2 0x1B2 JUMPI PUSH1 0x0 DUP1 REVERT JUMPDEST PUSH2 0x1BA PUSH2 0x65E JUMP JUMPDEST PUSH1 0x40 MLOAD DUP1 DUP3 DUP2 MSTORE PUSH1 0x20 ADD SWAP2 POP POP PUSH1 0x40 MLOAD DUP1 SWAP2 SUB SWAP1 RETURN JUMPDEST CALLVALUE ISZERO PUSH2 0x1DB JUMPI PUSH1 0x0 DUP1 REVERT JUMPDEST PUSH2 0x22F PUSH1 0x4 DUP1 DUP1 CALLDATALOAD PUSH20 0xFFFFFFFFFFFFFFFFFFFFFFFFFFFFFFFFFFFFFFFF AND SWAP1 PUSH1 0x20 ADD SWAP1 SWAP2 SWAP1 DUP1 CALLDATALOAD PUSH20 0xFFFFFFFFFFFFFFFFFFFFFFFFFFFFFFFFFFFFFFFF AND SWAP1 PUSH1 0x20 ADD SWAP1 SWAP2 SWAP1 DUP1 CALLDATALOAD SWAP1 PUSH1 0x20 ADD SWAP1 SWAP2 SWAP1 POP POP PUSH2 0x664 JUMP JUMPDEST PUSH1 0x40 MLOAD DUP1 DUP3 ISZERO ISZERO ISZERO ISZERO DUP2 MSTORE PUSH1 0x20 ADD SWAP2 POP POP PUSH1 0x40 MLOAD DUP1 SWAP2 SUB SWAP1 RETURN JUMPDEST CALLVALUE ISZERO PUSH2 0x254 JUMPI PUSH1 0x0 DUP1 REVERT JUMPDEST PUSH2 0x25C PUSH2 0x791 JUMP JUMPDEST PUSH1 0x40 MLOAD DUP1 DUP3 PUSH1 0xFF AND PUSH1 0xFF AND DUP2 MSTORE PUSH1 0x20 ADD SWAP2 POP POP PUSH1 0x40 MLOAD DUP1 SWAP2 SUB SWAP1 RETURN JUMPDEST CALLVALUE ISZERO PUSH2 0x283 JUMPI PUSH1 0x0 DUP1 REVERT JUMPDEST PUSH2 0x299 PUSH1 0x4 DUP1 DUP1 CALLDATALOAD SWAP1 PUSH1 0x20 ADD SWAP1 SWAP2 SWAP1 POP POP PUSH2 0x7A4 JUMP JUMPDEST PUSH1 0x40 MLOAD DUP1 DUP3 ISZERO ISZERO ISZERO ISZERO DUP2 MSTORE PUSH1 0x20 ADD SWAP2 POP POP PUSH1 0x40 MLOAD DUP1 SWAP2 SUB SWAP1 RETURN JUMPDEST CALLVALUE ISZERO PUSH2 0x2BE JUMPI PUSH1 0x0 DUP1 REVERT JUMPDEST PUSH2 0x2EA PUSH1 0x4 DUP1 DUP1 CALLDATALOAD PUSH20 0xFFFFFFFFFFFFFFFFFFFFFFFFFFFFFFFFFFFFFFFF AND SWAP1 PUSH1 0x20 ADD SWAP1 SWAP2 SWAP1 POP POP PUSH2 0x8A8 JUMP JUMPDEST PUSH1 0x40 MLOAD DUP1 DUP3 DUP2 MSTORE PUSH1 0x20 ADD SWAP2 POP POP PUSH1 0x40 MLOAD DUP1 SWAP2 SUB SWAP1 RETURN JUMPDEST CALLVALUE ISZERO PUSH2 0x30B JUMPI PUSH1 0x0 DUP1 REVERT JUMPDEST PUSH2 0x340 PUSH1 0x4 DUP1 DUP1 CALLDATALOAD PUSH20 0xFFFFFFFFFFFFFFFFFFFFFFFFFFFFFFFFFFFFFFFF AND SWAP1 PUSH1 0x20 ADD SWAP1 SWAP2 SWAP1 DUP1 CALLDATALOAD SWAP1 PUSH1 0x20 ADD SWAP1 SWAP2 SWAP1 POP POP PUSH2 0x8C0 JUMP JUMPDEST PUSH1 0x40 MLOAD DUP1 DUP3 ISZERO ISZERO ISZERO ISZERO DUP2 MSTORE PUSH1 0x20 ADD SWAP2 POP POP PUSH1 0x40 MLOAD DUP1 SWAP2 SUB SWAP1 RETURN JUMPDEST CALLVALUE ISZERO PUSH2 0x365 JUMPI PUSH1 0x0 DUP1 REVERT JUMPDEST PUSH2 0x36D PUSH2 0xADA JUMP JUMPDEST PUSH1 0x40 MLOAD DUP1 DUP1 PUSH1 0x20 ADD DUP3 DUP2 SUB DUP3 MSTORE DUP4 DUP2 DUP2 MLOAD DUP2 MSTORE PUSH1 0x20 ADD SWAP2 POP DUP1 MLOAD SWAP1 PUSH1 0x20 ADD SWAP1 DUP1 DUP4 DUP4 PUSH1 0x0 JUMPDEST DUP4 DUP2 LT ISZERO PUSH2 0x3AD JUMPI DUP1 DUP3 ADD MLOAD DUP2 DUP5 ADD MSTORE PUSH1 0x20 DUP2 ADD SWAP1 POP PUSH2 0x392 JUMP JUMPDEST POP POP POP POP SWAP1 POP SWAP1 DUP2 ADD SWAP1 PUSH1 0x1F AND DUP1 ISZERO PUSH2 0x3DA JUMPI DUP1 DUP3 SUB DUP1 MLOAD PUSH1 0x1 DUP4 PUSH1 0x20 SUB PUSH2 0x100 EXP SUB NOT AND DUP2 MSTORE PUSH1 0x20 ADD SWAP2 POP JUMPDEST POP SWAP3 POP POP POP PUSH1 0x40 MLOAD DUP1 SWAP2 SUB SWAP1 RETURN JUMPDEST CALLVALUE ISZERO PUSH2 0x3F3 JUMPI PUSH1 0x0 DUP1 REVERT JUMPDEST PUSH2 0x428 PUSH1 0x4 DUP1 DUP1 CALLDATALOAD PUSH20 0xFFFFFFFFFFFFFFFFFFFFFFFFFFFFFFFFFFFFFFFF AND SWAP1 PUSH1 0x20 ADD SWAP1 SWAP2 SWAP1 DUP1 CALLDATALOAD SWAP1 PUSH1 0x20 ADD SWAP1 SWAP2 SWAP1 POP POP PUSH2 0xB78 JUMP JUMPDEST STOP JUMPDEST CALLVALUE ISZERO PUSH2 0x435 JUMPI PUSH1 0x0 DUP1 REVERT JUMPDEST PUSH2 0x4AD PUSH1 0x4 DUP1 DUP1 CALLDATALOAD PUSH20 0xFFFFFFFFFFFFFFFFFFFFFFFFFFFFFFFFFFFFFFFF AND SWAP1 PUSH1 0x20 ADD SWAP1 SWAP2 SWAP1 DUP1 CALLDATALOAD SWAP1 PUSH1 0x20 ADD SWAP1 SWAP2 SWAP1 DUP1 CALLDATALOAD SWAP1 PUSH1 0x20 ADD SWAP1 DUP3 ADD DUP1 CALLDATALOAD SWAP1 PUSH1 0x20 ADD SWAP1 DUP1 DUP1 PUSH1 0x1F ADD PUSH1 0x20 DUP1 SWAP2 DIV MUL PUSH1 0x20 ADD PUSH1 0x40 MLOAD SWAP1 DUP2 ADD PUSH1 0x40 MSTORE DUP1 SWAP4 SWAP3 SWAP2 SWAP1 DUP2 DUP2 MSTORE PUSH1 0x20 ADD DUP4 DUP4 DUP1 DUP3 DUP5 CALLDATACOPY DUP3 ADD SWAP2 POP POP POP POP POP POP SWAP2 SWAP1 POP POP PUSH2 0xB87 JUMP JUMPDEST PUSH1 0x40 MLOAD DUP1 DUP3 ISZERO ISZERO ISZERO ISZERO DUP2 MSTORE PUSH1 0x20 ADD SWAP2 POP POP PUSH1 0x40 MLOAD DUP1 SWAP2 SUB SWAP1 RETURN JUMPDEST CALLVALUE ISZERO PUSH2 0x4D2 JUMPI PUSH1 0x0 DUP1 REVERT JUMPDEST PUSH2 0x51D PUSH1 0x4 DUP1 DUP1 CALLDATALOAD PUSH20 0xFFFFFFFFFFFFFFFFFFFFFFFFFFFFFFFFFFFFFFFF AND SWAP1 PUSH1 0x20 ADD SWAP1 SWAP2 SWAP1 DUP1 CALLDATALOAD PUSH20 0xFFFFFFFFFFFFFFFFFFFFFFFFFFFFFFFFFFFFFFFF AND SWAP1 PUSH1 0x20 ADD SWAP1 SWAP2 SWAP1 POP POP PUSH2 0xD05 JUMP JUMPDEST PUSH1 0x40 MLOAD DUP1 DUP3 DUP2 MSTORE PUSH1 0x20 ADD SWAP2 POP POP PUSH1 0x40 MLOAD DUP1 SWAP2 SUB SWAP1 RETURN JUMPDEST PUSH1 0x0 DUP1 SLOAD PUSH1 0x1 DUP2 PUSH1 0x1 AND ISZERO PUSH2 0x100 MUL SUB AND PUSH1 0x2 SWAP1 DIV DUP1 PUSH1 0x1F ADD PUSH1 0x20 DUP1 SWAP2 DIV MUL PUSH1 0x20 ADD PUSH1 0x40 MLOAD SWAP1 DUP2 ADD PUSH1 0x40 MSTORE DUP1 SWAP3 SWAP2 SWAP1 DUP2 DUP2 MSTORE PUSH1 0x20 ADD DUP3 DUP1 SLOAD PUSH1 0x1 DUP2 PUSH1 0x1 AND ISZERO PUSH2 0x100 MUL SUB AND PUSH1 0x2 SWAP1 DIV DUP1 ISZERO PUSH2 0x5C9 JUMPI DUP1 PUSH1 0x1F LT PUSH2 0x59E JUMPI PUSH2 0x100 DUP1 DUP4 SLOAD DIV MUL DUP4 MSTORE SWAP2 PUSH1 0x20 ADD SWAP2 PUSH2 0x5C9 JUMP JUMPDEST DUP3 ADD SWAP2 SWAP1 PUSH1 0x0 MSTORE PUSH1 0x20 PUSH1 0x0 KECCAK256 SWAP1 JUMPDEST DUP2 SLOAD DUP2 MSTORE SWAP1 PUSH1 0x1 ADD SWAP1 PUSH1 0x20 ADD DUP1 DUP4 GT PUSH2 0x5AC JUMPI DUP3 SWAP1 SUB PUSH1 0x1F AND DUP3 ADD SWAP2 JUMPDEST POP POP POP POP POP DUP2 JUMP JUMPDEST PUSH1 0x0 DUP2 PUSH1 0x5 PUSH1 0x0 CALLER PUSH20 0xFFFFFFFFFFFFFFFFFFFFFFFFFFFFFFFFFFFFFFFF AND PUSH20 0xFFFFFFFFFFFFFFFFFFFFFFFFFFFFFFFFFFFFFFFF AND DUP2 MSTORE PUSH1 0x20 ADD SWAP1 DUP2 MSTORE PUSH1 0x20 ADD PUSH1 0x0 KECCAK256 PUSH1 0x0 DUP6 PUSH20 0xFFFFFFFFFFFFFFFFFFFFFFFFFFFFFFFFFFFFFFFF AND PUSH20 0xFFFFFFFFFFFFFFFFFFFFFFFFFFFFFFFFFFFFFFFF AND DUP2 MSTORE PUSH1 0x20 ADD SWAP1 DUP2 MSTORE PUSH1 0x20 ADD PUSH1 0x0 KECCAK256 DUP2 SWAP1 SSTORE POP PUSH1 0x1 SWAP1 POP SWAP3 SWAP2 POP POP JUMP JUMPDEST PUSH1 0x3 SLOAD DUP2 JUMP JUMPDEST PUSH1 0x0 PUSH1 0x5 PUSH1 0x0 DUP6 PUSH20 0xFFFFFFFFFFFFFFFFFFFFFFFFFFFFFFFFFFFFFFFF AND PUSH20 0xFFFFFFFFFFFFFFFFFFFFFFFFFFFFFFFFFFFFFFFF AND DUP2 MSTORE PUSH1 0x20 ADD SWAP1 DUP2 MSTORE PUSH1 0x20 ADD PUSH1 0x0 KECCAK256 PUSH1 0x0 CALLER PUSH20 0xFFFFFFFFFFFFFFFFFFFFFFFFFFFFFFFFFFFFFFFF AND PUSH20 0xFFFFFFFFFFFFFFFFFFFFFFFFFFFFFFFFFFFFFFFF AND DUP2 MSTORE PUSH1 0x20 ADD SWAP1 DUP2 MSTORE PUSH1 0x20 ADD PUSH1 0x0 KECCAK256 SLOAD DUP3 GT ISZERO ISZERO ISZERO PUSH2 0x6F1 JUMPI PUSH1 0x0 DUP1 REVERT JUMPDEST DUP2 PUSH1 0x5 PUSH1 0x0 DUP7 PUSH20 0xFFFFFFFFFFFFFFFFFFFFFFFFFFFFFFFFFFFFFFFF AND PUSH20 0xFFFFFFFFFFFFFFFFFFFFFFFFFFFFFFFFFFFFFFFF AND DUP2 MSTORE PUSH1 0x20 ADD SWAP1 DUP2 MSTORE PUSH1 0x20 ADD PUSH1 0x0 KECCAK256 PUSH1 0x0 CALLER PUSH20 0xFFFFFFFFFFFFFFFFFFFFFFFFFFFFFFFFFFFFFFFF AND PUSH20 0xFFFFFFFFFFFFFFFFFFFFFFFFFFFFFFFFFFFFFFFF AND DUP2 MSTORE PUSH1 0x20 ADD SWAP1 DUP2 MSTORE PUSH1 0x20 ADD PUSH1 0x0 KECCAK256 PUSH1 0x0 DUP3 DUP3 SLOAD SUB SWAP3 POP POP DUP2 SWAP1 SSTORE POP PUSH2 0x786 DUP5 DUP5 DUP5 PUSH2 0xD2A JUMP JUMPDEST PUSH1 0x1 SWAP1 POP SWAP4 SWAP3 POP POP POP JUMP JUMPDEST PUSH1 0x2 PUSH1 0x0 SWAP1 SLOAD SWAP1 PUSH2 0x100 EXP SWAP1 DIV PUSH1 0xFF AND DUP2 JUMP JUMPDEST PUSH1 0x0 DUP2 PUSH1 0x4 PUSH1 0x0 CALLER PUSH20 0xFFFFFFFFFFFFFFFFFFFFFFFFFFFFFFFFFFFFFFFF AND PUSH20 0xFFFFFFFFFFFFFFFFFFFFFFFFFFFFFFFFFFFFFFFF AND DUP2 MSTORE PUSH1 0x20 ADD SWAP1 DUP2 MSTORE PUSH1 0x20 ADD PUSH1 0x0 KECCAK256 SLOAD LT ISZERO ISZERO ISZERO PUSH2 0x7F4 JUMPI PUSH1 0x0 DUP1 REVERT JUMPDEST DUP2 PUSH1 0x4 PUSH1 0x0 CALLER PUSH20 0xFFFFFFFFFFFFFFFFFFFFFFFFFFFFFFFFFFFFFFFF AND PUSH20 0xFFFFFFFFFFFFFFFFFFFFFFFFFFFFFFFFFFFFFFFF AND DUP2 MSTORE PUSH1 0x20 ADD SWAP1 DUP2 MSTORE PUSH1 0x20 ADD PUSH1 0x0 KECCAK256 PUSH1 0x0 DUP3 DUP3 SLOAD SUB SWAP3 POP POP DUP2 SWAP1 SSTORE POP DUP2 PUSH1 0x3 PUSH1 0x0 DUP3 DUP3 SLOAD SUB SWAP3 POP POP DUP2 SWAP1 SSTORE POP CALLER PUSH20 0xFFFFFFFFFFFFFFFFFFFFFFFFFFFFFFFFFFFFFFFF AND PUSH32 0xCC16F5DBB4873280815C1EE09DBD06736CFFCC184412CF7A71A0FDB75D397CA5 DUP4 PUSH1 0x40 MLOAD DUP1 DUP3 DUP2 MSTORE PUSH1 0x20 ADD SWAP2 POP POP PUSH1 0x40 MLOAD DUP1 SWAP2 SUB SWAP1 LOG2 PUSH1 0x1 SWAP1 POP SWAP2 SWAP1 POP JUMP JUMPDEST PUSH1 0x4 PUSH1 0x20 MSTORE DUP1 PUSH1 0x0 MSTORE PUSH1 0x40 PUSH1 0x0 KECCAK256 PUSH1 0x0 SWAP2 POP SWAP1 POP SLOAD DUP2 JUMP JUMPDEST PUSH1 0x0 DUP2 PUSH1 0x4 PUSH1 0x0 DUP6 PUSH20 0xFFFFFFFFFFFFFFFFFFFFFFFFFFFFFFFFFFFFFFFF AND PUSH20 0xFFFFFFFFFFFFFFFFFFFFFFFFFFFFFFFFFFFFFFFF AND DUP2 MSTORE PUSH1 0x20 ADD SWAP1 DUP2 MSTORE PUSH1 0x20 ADD PUSH1 0x0 KECCAK256 SLOAD LT ISZERO ISZERO ISZERO PUSH2 0x910 JUMPI PUSH1 0x0 DUP1 REVERT JUMPDEST PUSH1 0x5 PUSH1 0x0 DUP5 PUSH20 0xFFFFFFFFFFFFFFFFFFFFFFFFFFFFFFFFFFFFFFFF AND PUSH20 0xFFFFFFFFFFFFFFFFFFFFFFFFFFFFFFFFFFFFFFFF AND DUP2 MSTORE PUSH1 0x20 ADD SWAP1 DUP2 MSTORE PUSH1 0x20 ADD PUSH1 0x0 KECCAK256 PUSH1 0x0 CALLER PUSH20 0xFFFFFFFFFFFFFFFFFFFFFFFFFFFFFFFFFFFFFFFF AND PUSH20 0xFFFFFFFFFFFFFFFFFFFFFFFFFFFFFFFFFFFFFFFF AND DUP2 MSTORE PUSH1 0x20 ADD SWAP1 DUP2 MSTORE PUSH1 0x20 ADD PUSH1 0x0 KECCAK256 SLOAD DUP3 GT ISZERO ISZERO ISZERO PUSH2 0x99B JUMPI PUSH1 0x0 DUP1 REVERT JUMPDEST DUP2 PUSH1 0x4 PUSH1 0x0 DUP6 PUSH20 0xFFFFFFFFFFFFFFFFFFFFFFFFFFFFFFFFFFFFFFFF AND PUSH20 0xFFFFFFFFFFFFFFFFFFFFFFFFFFFFFFFFFFFFFFFF AND DUP2 MSTORE PUSH1 0x20 ADD SWAP1 DUP2 MSTORE PUSH1 0x20 ADD PUSH1 0x0 KECCAK256 PUSH1 0x0 DUP3 DUP3 SLOAD SUB SWAP3 POP POP DUP2 SWAP1 SSTORE POP DUP2 PUSH1 0x5 PUSH1 0x0 DUP6 PUSH20 0xFFFFFFFFFFFFFFFFFFFFFFFFFFFFFFFFFFFFFFFF AND PUSH20 0xFFFFFFFFFFFFFFFFFFFFFFFFFFFFFFFFFFFFFFFF AND DUP2 MSTORE PUSH1 0x20 ADD SWAP1 DUP2 MSTORE PUSH1 0x20 ADD PUSH1 0x0 KECCAK256 PUSH1 0x0 CALLER PUSH20 0xFFFFFFFFFFFFFFFFFFFFFFFFFFFFFFFFFFFFFFFF AND PUSH20 0xFFFFFFFFFFFFFFFFFFFFFFFFFFFFFFFFFFFFFFFF AND DUP2 MSTORE PUSH1 0x20 ADD SWAP1 DUP2 MSTORE PUSH1 0x20 ADD PUSH1 0x0 KECCAK256 PUSH1 0x0 DUP3 DUP3 SLOAD SUB SWAP3 POP POP DUP2 SWAP1 SSTORE POP DUP2 PUSH1 0x3 PUSH1 0x0 DUP3 DUP3 SLOAD SUB SWAP3 POP POP DUP2 SWAP1 SSTORE POP DUP3 PUSH20 0xFFFFFFFFFFFFFFFFFFFFFFFFFFFFFFFFFFFFFFFF AND PUSH32 0xCC16F5DBB4873280815C1EE09DBD06736CFFCC184412CF7A71A0FDB75D397CA5 DUP4 PUSH1 0x40 MLOAD DUP1 DUP3 DUP2 MSTORE PUSH1 0x20 ADD SWAP2 POP POP PUSH1 0x40 MLOAD DUP1 SWAP2 SUB SWAP1 LOG2 PUSH1 0x1 SWAP1 POP SWAP3 SWAP2 POP POP JUMP JUMPDEST PUSH1 0x1 DUP1 SLOAD PUSH1 0x1 DUP2 PUSH1 0x1 AND ISZERO PUSH2 0x100 MUL SUB AND PUSH1 0x2 SWAP1 DIV DUP1 PUSH1 0x1F ADD PUSH1 0x20 DUP1 SWAP2 DIV MUL PUSH1 0x20 ADD PUSH1 0x40 MLOAD SWAP1 DUP2 ADD PUSH1 0x40 MSTORE DUP1 SWAP3 SWAP2 SWAP1 DUP2 DUP2 MSTORE PUSH1 0x20 ADD DUP3 DUP1 SLOAD PUSH1 0x1 DUP2 PUSH1 0x1 AND ISZERO PUSH2 0x100 MUL SUB AND PUSH1 0x2 SWAP1 DIV DUP1 ISZERO PUSH2 0xB70 JUMPI DUP1 PUSH1 0x1F LT PUSH2 0xB45 JUMPI PUSH2 0x100 DUP1 DUP4 SLOAD DIV MUL DUP4 MSTORE SWAP2 PUSH1 0x20 ADD SWAP2 PUSH2 0xB70 JUMP JUMPDEST DUP3 ADD SWAP2 SWAP1 PUSH1 0x0 MSTORE PUSH1 0x20 PUSH1 0x0 KECCAK256 SWAP1 JUMPDEST DUP2 SLOAD DUP2 MSTORE SWAP1 PUSH1 0x1 ADD SWAP1 PUSH1 0x20 ADD DUP1 DUP4 GT PUSH2 0xB53 JUMPI DUP3 SWAP1 SUB PUSH1 0x1F AND DUP3 ADD SWAP2 JUMPDEST POP POP POP POP POP DUP2 JUMP JUMPDEST PUSH2 0xB83 CALLER DUP4 DUP4 PUSH2 0xD2A JUMP JUMPDEST POP POP JUMP JUMPDEST PUSH1 0x0 DUP1 DUP5 SWAP1 POP PUSH2 0xB97 DUP6 DUP6 PUSH2 0x5D1 JUMP JUMPDEST ISZERO PUSH2 0xCFC JUMPI DUP1 PUSH20 0xFFFFFFFFFFFFFFFFFFFFFFFFFFFFFFFFFFFFFFFF AND PUSH4 0x8F4FFCB1 CALLER DUP7 ADDRESS DUP8 PUSH1 0x40 MLOAD DUP6 PUSH4 0xFFFFFFFF AND PUSH29 0x100000000000000000000000000000000000000000000000000000000 MUL DUP2 MSTORE PUSH1 0x4 ADD DUP1 DUP6 PUSH20 0xFFFFFFFFFFFFFFFFFFFFFFFFFFFFFFFFFFFFFFFF AND PUSH20 0xFFFFFFFFFFFFFFFFFFFFFFFFFFFFFFFFFFFFFFFF AND DUP2 MSTORE PUSH1 0x20 ADD DUP5 DUP2 MSTORE PUSH1 0x20 ADD DUP4 PUSH20 0xFFFFFFFFFFFFFFFFFFFFFFFFFFFFFFFFFFFFFFFF AND PUSH20 0xFFFFFFFFFFFFFFFFFFFFFFFFFFFFFFFFFFFFFFFF AND DUP2 MSTORE PUSH1 0x20 ADD DUP1 PUSH1 0x20 ADD DUP3 DUP2 SUB DUP3 MSTORE DUP4 DUP2 DUP2 MLOAD DUP2 MSTORE PUSH1 0x20 ADD SWAP2 POP DUP1 MLOAD SWAP1 PUSH1 0x20 ADD SWAP1 DUP1 DUP4 DUP4 PUSH1 0x0 JUMPDEST DUP4 DUP2 LT ISZERO PUSH2 0xC91 JUMPI DUP1 DUP3 ADD MLOAD DUP2 DUP5 ADD MSTORE PUSH1 0x20 DUP2 ADD SWAP1 POP PUSH2 0xC76 JUMP JUMPDEST POP POP POP POP SWAP1 POP SWAP1 DUP2 ADD SWAP1 PUSH1 0x1F AND DUP1 ISZERO PUSH2 0xCBE JUMPI DUP1 DUP3 SUB DUP1 MLOAD PUSH1 0x1 DUP4 PUSH1 0x20 SUB PUSH2 0x100 EXP SUB NOT AND DUP2 MSTORE PUSH1 0x20 ADD SWAP2 POP JUMPDEST POP SWAP6 POP POP POP POP POP POP PUSH1 0x0 PUSH1 0x40 MLOAD DUP1 DUP4 SUB DUP2 PUSH1 0x0 DUP8 DUP1 EXTCODESIZE ISZERO ISZERO PUSH2 0xCDF JUMPI PUSH1 0x0 DUP1 REVERT JUMPDEST PUSH2 0x2C6 GAS SUB CALL ISZERO ISZERO PUSH2 0xCF0 JUMPI PUSH1 0x0 DUP1 REVERT JUMPDEST POP POP POP PUSH1 0x1 SWAP2 POP PUSH2 0xCFD JUMP JUMPDEST JUMPDEST POP SWAP4 SWAP3 POP POP POP JUMP JUMPDEST PUSH1 0x5 PUSH1 0x20 MSTORE DUP2 PUSH1 0x0 MSTORE PUSH1 0x40 PUSH1 0x0 KECCAK256 PUSH1 0x20 MSTORE DUP1 PUSH1 0x0 MSTORE PUSH1 0x40 PUSH1 0x0 KECCAK256 PUSH1 0x0 SWAP2 POP SWAP2 POP POP SLOAD DUP2 JUMP JUMPDEST PUSH1 0x0 DUP1 DUP4 PUSH20 0xFFFFFFFFFFFFFFFFFFFFFFFFFFFFFFFFFFFFFFFF AND EQ ISZERO ISZERO ISZERO PUSH2 0xD51 JUMPI PUSH1 0x0 DUP1 REVERT JUMPDEST DUP2 PUSH1 0x4 PUSH1 0x0 DUP7 PUSH20 0xFFFFFFFFFFFFFFFFFFFFFFFFFFFFFFFFFFFFFFFF AND PUSH20 0xFFFFFFFFFFFFFFFFFFFFFFFFFFFFFFFFFFFFFFFF AND DUP2 MSTORE PUSH1 0x20 ADD SWAP1 DUP2 MSTORE PUSH1 0x20 ADD PUSH1 0x0 KECCAK256 SLOAD LT ISZERO ISZERO ISZERO PUSH2 0xD9F JUMPI PUSH1 0x0 DUP1 REVERT JUMPDEST PUSH1 0x4 PUSH1 0x0 DUP5 PUSH20 0xFFFFFFFFFFFFFFFFFFFFFFFFFFFFFFFFFFFFFFFF AND PUSH20 0xFFFFFFFFFFFFFFFFFFFFFFFFFFFFFFFFFFFFFFFF AND DUP2 MSTORE PUSH1 0x20 ADD SWAP1 DUP2 MSTORE PUSH1 0x20 ADD PUSH1 0x0 KECCAK256 SLOAD DUP3 PUSH1 0x4 PUSH1 0x0 DUP7 PUSH20 0xFFFFFFFFFFFFFFFFFFFFFFFFFFFFFFFFFFFFFFFF AND PUSH20 0xFFFFFFFFFFFFFFFFFFFFFFFFFFFFFFFFFFFFFFFF AND DUP2 MSTORE PUSH1 0x20 ADD SWAP1 DUP2 MSTORE PUSH1 0x20 ADD PUSH1 0x0 KECCAK256 SLOAD ADD GT ISZERO ISZERO PUSH2 0xE2D JUMPI PUSH1 0x0 DUP1 REVERT JUMPDEST PUSH1 0x4 PUSH1 0x0 DUP5 PUSH20 0xFFFFFFFFFFFFFFFFFFFFFFFFFFFFFFFFFFFFFFFF AND PUSH20 0xFFFFFFFFFFFFFFFFFFFFFFFFFFFFFFFFFFFFFFFF AND DUP2 MSTORE PUSH1 0x20 ADD SWAP1 DUP2 MSTORE PUSH1 0x20 ADD PUSH1 0x0 KECCAK256 SLOAD PUSH1 0x4 PUSH1 0x0 DUP7 PUSH20 0xFFFFFFFFFFFFFFFFFFFFFFFFFFFFFFFFFFFFFFFF AND PUSH20 0xFFFFFFFFFFFFFFFFFFFFFFFFFFFFFFFFFFFFFFFF AND DUP2 MSTORE PUSH1 0x20 ADD SWAP1 DUP2 MSTORE PUSH1 0x20 ADD PUSH1 0x0 KECCAK256 SLOAD ADD SWAP1 POP DUP2 PUSH1 0x4 PUSH1 0x0 DUP7 PUSH20 0xFFFFFFFFFFFFFFFFFFFFFFFFFFFFFFFFFFFFFFFF AND PUSH20 0xFFFFFFFFFFFFFFFFFFFFFFFFFFFFFFFFFFFFFFFF AND DUP2 MSTORE PUSH1 0x20 ADD SWAP1 DUP2 MSTORE PUSH1 0x20 ADD PUSH1 0x0 KECCAK256 PUSH1 0x0 DUP3 DUP3 SLOAD SUB SWAP3 POP POP DUP2 SWAP1 SSTORE POP DUP2 PUSH1 0x4 PUSH1 0x0 DUP6 PUSH20 0xFFFFFFFFFFFFFFFFFFFFFFFFFFFFFFFFFFFFFFFF AND PUSH20 0xFFFFFFFFFFFFFFFFFFFFFFFFFFFFFFFFFFFFFFFF AND DUP2 MSTORE PUSH1 0x20 ADD SWAP1 DUP2 MSTORE PUSH1 0x20 ADD PUSH1 0x0 KECCAK256 PUSH1 0x0 DUP3 DUP3 SLOAD ADD SWAP3 POP POP DUP2 SWAP1 SSTORE POP DUP3 PUSH20 0xFFFFFFFFFFFFFFFFFFFFFFFFFFFFFFFFFFFFFFFF AND DUP5 PUSH20 0xFFFFFFFFFFFFFFFFFFFFFFFFFFFFFFFFFFFFFFFF AND PUSH32 0xDDF252AD1BE2C89B69C2B068FC378DAA952BA7F163C4A11628F55A4DF523B3EF DUP5 PUSH1 0x40 MLOAD DUP1 DUP3 DUP2 MSTORE PUSH1 0x20 ADD SWAP2 POP POP PUSH1 0x40 MLOAD DUP1 SWAP2 SUB SWAP1 LOG3 DUP1 PUSH1 0x4 PUSH1 0x0 DUP6 PUSH20 0xFFFFFFFFFFFFFFFFFFFFFFFFFFFFFFFFFFFFFFFF AND PUSH20 0xFFFFFFFFFFFFFFFFFFFFFFFFFFFFFFFFFFFFFFFF AND DUP2 MSTORE PUSH1 0x20 ADD SWAP1 DUP2 MSTORE PUSH1 0x20 ADD PUSH1 0x0 KECCAK256 SLOAD PUSH1 0x4 PUSH1 0x0 DUP8 PUSH20 0xFFFFFFFFFFFFFFFFFFFFFFFFFFFFFFFFFFFFFFFF AND PUSH20 0xFFFFFFFFFFFFFFFFFFFFFFFFFFFFFFFFFFFFFFFF AND DUP2 MSTORE PUSH1 0x20 ADD SWAP1 DUP2 MSTORE PUSH1 0x20 ADD PUSH1 0x0 KECCAK256 SLOAD ADD EQ ISZERO ISZERO PUSH2 0x103A JUMPI INVALID JUMPDEST POP POP POP POP JUMP STOP LOG1 PUSH6 0x627A7A723058 KECCAK256 0x21 0xb3 0xf8 0xaf JUMPI PUSH15 0xA1CFFDB5F373A1F288A02880126C51 AND PUSH2 0x2DDE 0xc8 DELEGATECALL 0x2f ADDRESS 0xdb SWAP2 SWAP9 STOP 0x29
1,PUSH1 0x60 PUSH1 0x40 MSTORE CALLVALUE ISZERO PUSH2 0xF JUMPI PUSH1 0x0 DUP1 REVERT JUMPDEST PUSH2 0x37F DUP1 PUSH2 0x1E PUSH1 0x0 CODECOPY PUSH1 0x0 RETURN STOP PUSH1 0x60 PUSH1 0x40 MSTORE PUSH1 0x4 CALLDATASIZE LT PUSH2 0x57 JUMPI PUSH1 0x0 CALLDATALOAD PUSH29 0x100000000000000000000000000000000000000000000000000000000 SWAP1 DIV PUSH4 0xFFFFFFFF AND DUP1 PUSH4 0x18160DDD EQ PUSH2 0x5C JUMPI DUP1 PUSH4 0x70A08231 EQ PUSH2 0x85 JUMPI DUP1 PUSH4 0xA9059CBB EQ PUSH2 0xD2 JUMPI JUMPDEST PUSH1 0x0 DUP1 REVERT JUMPDEST CALLVALUE ISZERO PUSH2 0x67 JUMPI PUSH1 0x0 DUP1 REVERT JUMPDEST PUSH2 0x6F PUSH2 0x114 JUMP JUMPDEST PUSH1 0x40 MLOAD DUP1 DUP3 DUP2 MSTORE PUSH1 0x20 ADD SWAP2 POP POP PUSH1 0x40 MLOAD DUP1 SWAP2 SUB SWAP1 RETURN JUMPDEST CALLVALUE ISZERO PUSH2 0x90 JUMPI PUSH1 0x0 DUP1 REVERT JUMPDEST PUSH2 0xBC PUSH1 0x4 DUP1 DUP1 CALLDATALOAD PUSH20 0xFFFFFFFFFFFFFFFFFFFFFFFFFFFFFFFFFFFFFFFF AND SWAP1 PUSH1 0x20 ADD SWAP1 SWAP2 SWAP1 POP POP PUSH2 0x11A JUMP JUMPDEST PUSH1 0x40 MLOAD DUP1 DUP3 DUP2 MSTORE PUSH1 0x20 ADD SWAP2 POP POP PUSH1 0x40 MLOAD DUP1 SWAP2 SUB SWAP1 RETURN JUMPDEST CALLVALUE ISZERO PUSH2 0xDD JUMPI PUSH1 0x0 DUP1 REVERT JUMPDEST PUSH2 0x112 PUSH1 0x4 DUP1 DUP1 CALLDATALOAD PUSH20 0xFFFFFFFFFFFFFFFFFFFFFFFFFFFFFFFFFFFFFFFF AND SWAP1 PUSH1 0x20 ADD SWAP1 SWAP2 SWAP1 DUP1 CALLDATALOAD SWAP1 PUSH1 0x20 ADD SWAP1 SWAP2 SWAP1 POP POP PUSH2 0x163 JUMP JUMPDEST STOP JUMPDEST PUSH1 0x0 SLOAD DUP2 JUMP JUMPDEST PUSH1 0x0 PUSH1 0x1 PUSH1 0x0 DUP4 PUSH20 0xFFFFFFFFFFFFFFFFFFFFFFFFFFFFFFFFFFFFFFFF AND PUSH20 0xFFFFFFFFFFFFFFFFFFFFFFFFFFFFFFFFFFFFFFFF AND DUP2 MSTORE PUSH1 0x20 ADD SWAP1 DUP2 MSTORE PUSH1 0x20 ADD PUSH1 0x0 KECCAK256 SLOAD SWAP1 POP SWAP2 SWAP1 POP JUMP JUMPDEST PUSH1 0x40 PUSH1 0x4 DUP2 ADD PUSH1 0x0 CALLDATASIZE SWAP1 POP LT ISZERO PUSH2 0x179 JUMPI PUSH1 0x0 DUP1 REVERT JUMPDEST PUSH2 0x1CB DUP3 PUSH1 0x1 PUSH1 0x0 CALLER PUSH20 0xFFFFFFFFFFFFFFFFFFFFFFFFFFFFFFFFFFFFFFFF AND PUSH20 0xFFFFFFFFFFFFFFFFFFFFFFFFFFFFFFFFFFFFFFFF AND DUP2 MSTORE PUSH1 0x20 ADD SWAP1 DUP2 MSTORE PUSH1 0x20 ADD PUSH1 0x0 KECCAK256 SLOAD PUSH2 0x30D SWAP1 SWAP2 SWAP1 PUSH4 0xFFFFFFFF AND JUMP JUMPDEST PUSH1 0x1 PUSH1 0x0 CALLER PUSH20 0xFFFFFFFFFFFFFFFFFFFFFFFFFFFFFFFFFFFFFFFF AND PUSH20 0xFFFFFFFFFFFFFFFFFFFFFFFFFFFFFFFFFFFFFFFF AND DUP2 MSTORE PUSH1 0x20 ADD SWAP1 DUP2 MSTORE PUSH1 0x20 ADD PUSH1 0x0 KECCAK256 DUP2 SWAP1 SSTORE POP PUSH2 0x260 DUP3 PUSH1 0x1 PUSH1 0x0 DUP7 PUSH20 0xFFFFFFFFFFFFFFFFFFFFFFFFFFFFFFFFFFFFFFFF AND PUSH20 0xFFFFFFFFFFFFFFFFFFFFFFFFFFFFFFFFFFFFFFFF AND DUP2 MSTORE PUSH1 0x20 ADD SWAP1 DUP2 MSTORE PUSH1 0x20 ADD PUSH1 0x0 KECCAK256 SLOAD PUSH2 0x326 SWAP1 SWAP2 SWAP1 PUSH4 0xFFFFFFFF AND JUMP JUMPDEST PUSH1 0x1 PUSH1 0x0 DUP6 PUSH20 0xFFFFFFFFFFFFFFFFFFFFFFFFFFFFFFFFFFFFFFFF AND PUSH20 0xFFFFFFFFFFFFFFFFFFFFFFFFFFFFFFFFFFFFFFFF AND DUP2 MSTORE PUSH1 0x20 ADD SWAP1 DUP2 MSTORE PUSH1 0x20 ADD PUSH1 0x0 KECCAK256 DUP2 SWAP1 SSTORE POP DUP3 PUSH20 0xFFFFFFFFFFFFFFFFFFFFFFFFFFFFFFFFFFFFFFFF AND CALLER PUSH20 0xFFFFFFFFFFFFFFFFFFFFFFFFFFFFFFFFFFFFFFFF AND PUSH32 0xDDF252AD1BE2C89B69C2B068FC378DAA952BA7F163C4A11628F55A4DF523B3EF DUP5 PUSH1 0x40 MLOAD DUP1 DUP3 DUP2 MSTORE PUSH1 0x20 ADD SWAP2 POP POP PUSH1 0x40 MLOAD DUP1 SWAP2 SUB SWAP1 LOG3 POP POP POP JUMP JUMPDEST PUSH1 0x0 PUSH2 0x31B DUP4 DUP4 GT ISZERO PUSH2 0x344 JUMP JUMPDEST DUP2 DUP4 SUB SWAP1 POP SWAP3 SWAP2 POP POP JUMP JUMPDEST PUSH1 0x0 DUP1 DUP3 DUP5 ADD SWAP1 POP PUSH2 0x33A DUP5 DUP3 LT ISZERO PUSH2 0x344 JUMP JUMPDEST DUP1 SWAP2 POP POP SWAP3 SWAP2 POP POP JUMP JUMPDEST DUP1 ISZERO ISZERO PUSH2 0x350 JUMPI PUSH1 0x0 DUP1 REVERT JUMPDEST POP JUMP STOP LOG1 PUSH6 0x627A7A723058 KECCAK256 0xd3 PUSH5 0x37B37E7821 0xac 0xb6 0xaf CALLCODE 0xb4 0x25 CREATE EXP 0x21 CODECOPY 0xd1 0x2f OR SWAP8 0xb1 ISZERO RETURN SIGNEXTEND PUSH20 0x658A9E7E7F460029000000000000000000000000
1,PUSH1 0x60 PUSH1 0x40 MSTORE PUSH1 0x12 PUSH1 0x2 PUSH1 0x0 PUSH2 0x100 EXP DUP2 SLOAD DUP2 PUSH1 0xFF MUL NOT AND SWAP1 DUP4 PUSH1 0xFF AND MUL OR SWAP1 SSTORE POP CALLVALUE ISZERO PUSH3 0x2C JUMPI PUSH1 0x0 DUP1 REVERT JUMPDEST PUSH1 0x40 MLOAD PUSH3 0x1226 CODESIZE SUB DUP1 PUSH3 0x1226 DUP4 CODECOPY DUP2 ADD PUSH1 0x40 MSTORE DUP1 DUP1 MLOAD SWAP1 PUSH1 0x20 ADD SWAP1 SWAP2 SWAP1 DUP1 MLOAD DUP3 ADD SWAP2 SWAP1 PUSH1 0x20 ADD DUP1 MLOAD DUP3 ADD SWAP2 SWAP1 POP POP PUSH1 0x2 PUSH1 0x0 SWAP1 SLOAD SWAP1 PUSH2 0x100 EXP SWAP1 DIV PUSH1 0xFF AND PUSH1 0xFF AND PUSH1 0xA EXP DUP4 MUL PUSH1 0x3 DUP2 SWAP1 SSTORE POP PUSH1 0x3 SLOAD PUSH1 0x4 PUSH1 0x0 CALLER PUSH20 0xFFFFFFFFFFFFFFFFFFFFFFFFFFFFFFFFFFFFFFFF AND PUSH20 0xFFFFFFFFFFFFFFFFFFFFFFFFFFFFFFFFFFFFFFFF AND DUP2 MSTORE PUSH1 0x20 ADD SWAP1 DUP2 MSTORE PUSH1 0x20 ADD PUSH1 0x0 KECCAK256 DUP2 SWAP1 SSTORE POP DUP2 PUSH1 0x0 SWAP1 DUP1 MLOAD SWAP1 PUSH1 0x20 ADD SWAP1 PUSH3 0xD8 SWAP3 SWAP2 SWAP1 PUSH3 0xFB JUMP JUMPDEST POP DUP1 PUSH1 0x1 SWAP1 DUP1 MLOAD SWAP1 PUSH1 0x20 ADD SWAP1 PUSH3 0xF1 SWAP3 SWAP2 SWAP1 PUSH3 0xFB JUMP JUMPDEST POP POP POP POP PUSH3 0x1AA JUMP JUMPDEST DUP3 DUP1 SLOAD PUSH1 0x1 DUP2 PUSH1 0x1 AND ISZERO PUSH2 0x100 MUL SUB AND PUSH1 0x2 SWAP1 DIV SWAP1 PUSH1 0x0 MSTORE PUSH1 0x20 PUSH1 0x0 KECCAK256 SWAP1 PUSH1 0x1F ADD PUSH1 0x20 SWAP1 DIV DUP2 ADD SWAP3 DUP3 PUSH1 0x1F LT PUSH3 0x13E JUMPI DUP1 MLOAD PUSH1 0xFF NOT AND DUP4 DUP1 ADD OR DUP6 SSTORE PUSH3 0x16F JUMP JUMPDEST DUP3 DUP1 ADD PUSH1 0x1 ADD DUP6 SSTORE DUP3 ISZERO PUSH3 0x16F JUMPI SWAP2 DUP3 ADD JUMPDEST DUP3 DUP2 GT ISZERO PUSH3 0x16E JUMPI DUP3 MLOAD DUP3 SSTORE SWAP2 PUSH1 0x20 ADD SWAP2 SWAP1 PUSH1 0x1 ADD SWAP1 PUSH3 0x151 JUMP JUMPDEST JUMPDEST POP SWAP1 POP PUSH3 0x17E SWAP2 SWAP1 PUSH3 0x182 JUMP JUMPDEST POP SWAP1 JUMP JUMPDEST PUSH3 0x1A7 SWAP2 SWAP1 JUMPDEST DUP1 DUP3 GT ISZERO PUSH3 0x1A3 JUMPI PUSH1 0x0 DUP2 PUSH1 0x0 SWAP1 SSTORE POP PUSH1 0x1 ADD PUSH3 0x189 JUMP JUMPDEST POP SWAP1 JUMP JUMPDEST SWAP1 JUMP JUMPDEST PUSH2 0x106C DUP1 PUSH3 0x1BA PUSH1 0x0 CODECOPY PUSH1 0x0 RETURN STOP PUSH1 0x60 PUSH1 0x40 MSTORE PUSH1 0x4 CALLDATASIZE LT PUSH2 0xBA JUMPI PUSH1 0x0 CALLDATALOAD PUSH29 0x100000000000000000000000000000000000000000000000000000000 SWAP1 DIV PUSH4 0xFFFFFFFF AND DUP1 PUSH4 0x6FDDE03 EQ PUSH2 0xBF JUMPI DUP1 PUSH4 0x95EA7B3 EQ PUSH2 0x14D JUMPI DUP1 PUSH4 0x18160DDD EQ PUSH2 0x1A7 JUMPI DUP1 PUSH4 0x23B872DD EQ PUSH2 0x1D0 JUMPI DUP1 PUSH4 0x313CE567 EQ PUSH2 0x249 JUMPI DUP1 PUSH4 0x42966C68 EQ PUSH2 0x278 JUMPI DUP1 PUSH4 0x70A08231 EQ PUSH2 0x2B3 JUMPI DUP1 PUSH4 0x79CC6790 EQ PUSH2 0x300 JUMPI DUP1 PUSH4 0x95D89B41 EQ PUSH2 0x35A JUMPI DUP1 PUSH4 0xA9059CBB EQ PUSH2 0x3E8 JUMPI DUP1 PUSH4 0xCAE9CA51 EQ PUSH2 0x42A JUMPI DUP1 PUSH4 0xDD62ED3E EQ PUSH2 0x4C7 JUMPI JUMPDEST PUSH1 0x0 DUP1 REVERT JUMPDEST CALLVALUE ISZERO PUSH2 0xCA JUMPI PUSH1 0x0 DUP1 REVERT JUMPDEST PUSH2 0xD2 PUSH2 0x533 JUMP JUMPDEST PUSH1 0x40 MLOAD DUP1 DUP1 PUSH1 0x20 ADD DUP3 DUP2 SUB DUP3 MSTORE DUP4 DUP2 DUP2 MLOAD DUP2 MSTORE PUSH1 0x20 ADD SWAP2 POP DUP1 MLOAD SWAP1 PUSH1 0x20 ADD SWAP1 DUP1 DUP4 DUP4 PUSH1 0x0 JUMPDEST DUP4 DUP2 LT ISZERO PUSH2 0x112 JUMPI DUP1 DUP3 ADD MLOAD DUP2 DUP5 ADD MSTORE PUSH1 0x20 DUP2 ADD SWAP1 POP PUSH2 0xF7 JUMP JUMPDEST POP POP POP POP SWAP1 POP SWAP1 DUP2 ADD SWAP1 PUSH1 0x1F AND DUP1 ISZERO PUSH2 0x13F JUMPI DUP1 DUP3 SUB DUP1 MLOAD PUSH1 0x1 DUP4 PUSH1 0x20 SUB PUSH2 0x100 EXP SUB NOT AND DUP2 MSTORE PUSH1 0x20 ADD SWAP2 POP JUMPDEST POP SWAP3 POP POP POP PUSH1 0x40 MLOAD DUP1 SWAP2 SUB SWAP1 RETURN JUMPDEST CALLVALUE ISZERO PUSH2 0x158 JUMPI PUSH1 0x0 DUP1 REVERT JUMPDEST PUSH2 0x18D PUSH1 0x4 DUP1 DUP1 CALLDATALOAD PUSH20 0xFFFFFFFFFFFFFFFFFFFFFFFFFFFFFFFFFFFFFFFF AND SWAP1 PUSH1 0x20 ADD SWAP1 SWAP2 SWAP1 DUP1 CALLDATALOAD SWAP1 PUSH1 0x20 ADD SWAP1 SWAP2 SWAP1 POP POP PUSH2 0x5D1 JUMP JUMPDEST PUSH1 0x40 MLOAD DUP1 DUP3 ISZERO ISZERO ISZERO ISZERO DUP2 MSTORE PUSH1 0x20 ADD SWAP2 POP POP PUSH1 0x40 MLOAD DUP1 SWAP2 SUB SWAP1 RETURN JUMPDEST CALLVALUE ISZERO PUSH2 0x1B2 JUMPI PUSH1 0x0 DUP1 REVERT JUMPDEST PUSH2 0x1BA PUSH2 0x65E JUMP JUMPDEST PUSH1 0x40 MLOAD DUP1 DUP3 DUP2 MSTORE PUSH1 0x20 ADD SWAP2 POP POP PUSH1 0x40 MLOAD DUP1 SWAP2 SUB SWAP1 RETURN JUMPDEST CALLVALUE ISZERO PUSH2 0x1DB JUMPI PUSH1 0x0 DUP1 REVERT JUMPDEST PUSH2 0x22F PUSH1 0x4 DUP1 DUP1 CALLDATALOAD PUSH20 0xFFFFFFFFFFFFFFFFFFFFFFFFFFFFFFFFFFFFFFFF AND SWAP1 PUSH1 0x20 ADD SWAP1 SWAP2 SWAP1 DUP1 CALLDATALOAD PUSH20 0xFFFFFFFFFFFFFFFFFFFFFFFFFFFFFFFFFFFFFFFF AND SWAP1 PUSH1 0x20 ADD SWAP1 SWAP2 SWAP1 DUP1 CALLDATALOAD SWAP1 PUSH1 0x20 ADD SWAP1 SWAP2 SWAP1 POP POP PUSH2 0x664 JUMP JUMPDEST PUSH1 0x40 MLOAD DUP1 DUP3 ISZERO ISZERO ISZERO ISZERO DUP2 MSTORE PUSH1 0x20 ADD SWAP2 POP POP PUSH1 0x40 MLOAD DUP1 SWAP2 SUB SWAP1 RETURN JUMPDEST CALLVALUE ISZERO PUSH2 0x254 JUMPI PUSH1 0x0 DUP1 REVERT JUMPDEST PUSH2 0x25C PUSH2 0x791 JUMP JUMPDEST PUSH1 0x40 MLOAD DUP1 DUP3 PUSH1 0xFF AND PUSH1 0xFF AND DUP2 MSTORE PUSH1 0x20 ADD SWAP2 POP POP PUSH1 0x40 MLOAD DUP1 SWAP2 SUB SWAP1 RETURN JUMPDEST CALLVALUE ISZERO PUSH2 0x283 JUMPI PUSH1 0x0 DUP1 REVERT JUMPDEST PUSH2 0x299 PUSH1 0x4 DUP1 DUP1 CALLDATALOAD SWAP1 PUSH1 0x20 ADD SWAP1 SWAP2 SWAP1 POP POP PUSH2 0x7A4 JUMP JUMPDEST PUSH1 0x40 MLOAD DUP1 DUP3 ISZERO ISZERO ISZERO ISZERO DUP2 MSTORE PUSH1 0x20 ADD SWAP2 POP POP PUSH1 0x40 MLOAD DUP1 SWAP2 SUB SWAP1 RETURN JUMPDEST CALLVALUE ISZERO PUSH2 0x2BE JUMPI PUSH1 0x0 DUP1 REVERT JUMPDEST PUSH2 0x2EA PUSH1 0x4 DUP1 DUP1 CALLDATALOAD PUSH20 0xFFFFFFFFFFFFFFFFFFFFFFFFFFFFFFFFFFFFFFFF AND SWAP1 PUSH1 0x20 ADD SWAP1 SWAP2 SWAP1 POP POP PUSH2 0x8A8 JUMP JUMPDEST PUSH1 0x40 MLOAD DUP1 DUP3 DUP2 MSTORE PUSH1 0x20 ADD SWAP2 POP POP PUSH1 0x40 MLOAD DUP1 SWAP2 SUB SWAP1 RETURN JUMPDEST CALLVALUE ISZERO PUSH2 0x30B JUMPI PUSH1 0x0 DUP1 REVERT JUMPDEST PUSH2 0x340 PUSH1 0x4 DUP1 DUP1 CALLDATALOAD PUSH20 0xFFFFFFFFFFFFFFFFFFFFFFFFFFFFFFFFFFFFFFFF AND SWAP1 PUSH1 0x20 ADD SWAP1 SWAP2 SWAP1 DUP1 CALLDATALOAD SWAP1 PUSH1 0x20 ADD SWAP1 SWAP2 SWAP1 POP POP PUSH2 0x8C0 JUMP JUMPDEST PUSH1 0x40 MLOAD DUP1 DUP3 ISZERO ISZERO ISZERO ISZERO DUP2 MSTORE PUSH1 0x20 ADD SWAP2 POP POP PUSH1 0x40 MLOAD DUP1 SWAP2 SUB SWAP1 RETURN JUMPDEST CALLVALUE ISZERO PUSH2 0x365 JUMPI PUSH1 0x0 DUP1 REVERT JUMPDEST PUSH2 0x36D PUSH2 0xADA JUMP JUMPDEST PUSH1 0x40 MLOAD DUP1 DUP1 PUSH1 0x20 ADD DUP3 DUP2 SUB DUP3 MSTORE DUP4 DUP2 DUP2 MLOAD DUP2 MSTORE PUSH1 0x20 ADD SWAP2 POP DUP1 MLOAD SWAP1 PUSH1 0x20 ADD SWAP1 DUP1 DUP4 DUP4 PUSH1 0x0 JUMPDEST DUP4 DUP2 LT ISZERO PUSH2 0x3AD JUMPI DUP1 DUP3 ADD MLOAD DUP2 DUP5 ADD MSTORE PUSH1 0x20 DUP2 ADD SWAP1 POP PUSH2 0x392 JUMP JUMPDEST POP POP POP POP SWAP1 POP SWAP1 DUP2 ADD SWAP1 PUSH1 0x1F AND DUP1 ISZERO PUSH2 0x3DA JUMPI DUP1 DUP3 SUB DUP1 MLOAD PUSH1 0x1 DUP4 PUSH1 0x20 SUB PUSH2 0x100 EXP SUB NOT AND DUP2 MSTORE PUSH1 0x20 ADD SWAP2 POP JUMPDEST POP SWAP3 POP POP POP PUSH1 0x40 MLOAD DUP1 SWAP2 SUB SWAP1 RETURN JUMPDEST CALLVALUE ISZERO PUSH2 0x3F3 JUMPI PUSH1 0x0 DUP1 REVERT JUMPDEST PUSH2 0x428 PUSH1 0x4 DUP1 DUP1 CALLDATALOAD PUSH20 0xFFFFFFFFFFFFFFFFFFFFFFFFFFFFFFFFFFFFFFFF AND SWAP1 PUSH1 0x20 ADD SWAP1 SWAP2 SWAP1 DUP1 CALLDATALOAD SWAP1 PUSH1 0x20 ADD SWAP1 SWAP2 SWAP1 POP POP PUSH2 0xB78 JUMP JUMPDEST STOP JUMPDEST CALLVALUE ISZERO PUSH2 0x435 JUMPI PUSH1 0x0 DUP1 REVERT JUMPDEST PUSH2 0x4AD PUSH1 0x4 DUP1 DUP1 CALLDATALOAD PUSH20 0xFFFFFFFFFFFFFFFFFFFFFFFFFFFFFFFFFFFFFFFF AND SWAP1 PUSH1 0x20 ADD SWAP1 SWAP2 SWAP1 DUP1 CALLDATALOAD SWAP1 PUSH1 0x20 ADD SWAP1 SWAP2 SWAP1 DUP1 CALLDATALOAD SWAP1 PUSH1 0x20 ADD SWAP1 DUP3 ADD DUP1 CALLDATALOAD SWAP1 PUSH1 0x20 ADD SWAP1 DUP1 DUP1 PUSH1 0x1F ADD PUSH1 0x20 DUP1 SWAP2 DIV MUL PUSH1 0x20 ADD PUSH1 0x40 MLOAD SWAP1 DUP2 ADD PUSH1 0x40 MSTORE DUP1 SWAP4 SWAP3 SWAP2 SWAP1 DUP2 DUP2 MSTORE PUSH1 0x20 ADD DUP4 DUP4 DUP1 DUP3 DUP5 CALLDATACOPY DUP3 ADD SWAP2 POP POP POP POP POP POP SWAP2 SWAP1 POP POP PUSH2 0xB87 JUMP JUMPDEST PUSH1 0x40 MLOAD DUP1 DUP3 ISZERO ISZERO ISZERO ISZERO DUP2 MSTORE PUSH1 0x20 ADD SWAP2 POP POP PUSH1 0x40 MLOAD DUP1 SWAP2 SUB SWAP1 RETURN JUMPDEST CALLVALUE ISZERO PUSH2 0x4D2 JUMPI PUSH1 0x0 DUP1 REVERT JUMPDEST PUSH2 0x51D PUSH1 0x4 DUP1 DUP1 CALLDATALOAD PUSH20 0xFFFFFFFFFFFFFFFFFFFFFFFFFFFFFFFFFFFFFFFF AND SWAP1 PUSH1 0x20 ADD SWAP1 SWAP2 SWAP1 DUP1 CALLDATALOAD PUSH20 0xFFFFFFFFFFFFFFFFFFFFFFFFFFFFFFFFFFFFFFFF AND SWAP1 PUSH1 0x20 ADD SWAP1 SWAP2 SWAP1 POP POP PUSH2 0xD05 JUMP JUMPDEST PUSH1 0x40 MLOAD DUP1 DUP3 DUP2 MSTORE PUSH1 0x20 ADD SWAP2 POP POP PUSH1 0x40 MLOAD DUP1 SWAP2 SUB SWAP1 RETURN JUMPDEST PUSH1 0x0 DUP1 SLOAD PUSH1 0x1 DUP2 PUSH1 0x1 AND ISZERO PUSH2 0x100 MUL SUB AND PUSH1 0x2 SWAP1 DIV DUP1 PUSH1 0x1F ADD PUSH1 0x20 DUP1 SWAP2 DIV MUL PUSH1 0x20 ADD PUSH1 0x40 MLOAD SWAP1 DUP2 ADD PUSH1 0x40 MSTORE DUP1 SWAP3 SWAP2 SWAP1 DUP2 DUP2 MSTORE PUSH1 0x20 ADD DUP3 DUP1 SLOAD PUSH1 0x1 DUP2 PUSH1 0x1 AND ISZERO PUSH2 0x100 MUL SUB AND PUSH1 0x2 SWAP1 DIV DUP1 ISZERO PUSH2 0x5C9 JUMPI DUP1 PUSH1 0x1F LT PUSH2 0x59E JUMPI PUSH2 0x100 DUP1 DUP4 SLOAD DIV MUL DUP4 MSTORE SWAP2 PUSH1 0x20 ADD SWAP2 PUSH2 0x5C9 JUMP JUMPDEST DUP3 ADD SWAP2 SWAP1 PUSH1 0x0 MSTORE PUSH1 0x20 PUSH1 0x0 KECCAK256 SWAP1 JUMPDEST DUP2 SLOAD DUP2 MSTORE SWAP1 PUSH1 0x1 ADD SWAP1 PUSH1 0x20 ADD DUP1 DUP4 GT PUSH2 0x5AC JUMPI DUP3 SWAP1 SUB PUSH1 0x1F AND DUP3 ADD SWAP2 JUMPDEST POP POP POP POP POP DUP2 JUMP JUMPDEST PUSH1 0x0 DUP2 PUSH1 0x5 PUSH1 0x0 CALLER PUSH20 0xFFFFFFFFFFFFFFFFFFFFFFFFFFFFFFFFFFFFFFFF AND PUSH20 0xFFFFFFFFFFFFFFFFFFFFFFFFFFFFFFFFFFFFFFFF AND DUP2 MSTORE PUSH1 0x20 ADD SWAP1 DUP2 MSTORE PUSH1 0x20 ADD PUSH1 0x0 KECCAK256 PUSH1 0x0 DUP6 PUSH20 0xFFFFFFFFFFFFFFFFFFFFFFFFFFFFFFFFFFFFFFFF AND PUSH20 0xFFFFFFFFFFFFFFFFFFFFFFFFFFFFFFFFFFFFFFFF AND DUP2 MSTORE PUSH1 0x20 ADD SWAP1 DUP2 MSTORE PUSH1 0x20 ADD PUSH1 0x0 KECCAK256 DUP2 SWAP1 SSTORE POP PUSH1 0x1 SWAP1 POP SWAP3 SWAP2 POP POP JUMP JUMPDEST PUSH1 0x3 SLOAD DUP2 JUMP JUMPDEST PUSH1 0x0 PUSH1 0x5 PUSH1 0x0 DUP6 PUSH20 0xFFFFFFFFFFFFFFFFFFFFFFFFFFFFFFFFFFFFFFFF AND PUSH20 0xFFFFFFFFFFFFFFFFFFFFFFFFFFFFFFFFFFFFFFFF AND DUP2 MSTORE PUSH1 0x20 ADD SWAP1 DUP2 MSTORE PUSH1 0x20 ADD PUSH1 0x0 KECCAK256 PUSH1 0x0 CALLER PUSH20 0xFFFFFFFFFFFFFFFFFFFFFFFFFFFFFFFFFFFFFFFF AND PUSH20 0xFFFFFFFFFFFFFFFFFFFFFFFFFFFFFFFFFFFFFFFF AND DUP2 MSTORE PUSH1 0x20 ADD SWAP1 DUP2 MSTORE PUSH1 0x20 ADD PUSH1 0x0 KECCAK256 SLOAD DUP3 GT ISZERO ISZERO ISZERO PUSH2 0x6F1 JUMPI PUSH1 0x0 DUP1 REVERT JUMPDEST DUP2 PUSH1 0x5 PUSH1 0x0 DUP7 PUSH20 0xFFFFFFFFFFFFFFFFFFFFFFFFFFFFFFFFFFFFFFFF AND PUSH20 0xFFFFFFFFFFFFFFFFFFFFFFFFFFFFFFFFFFFFFFFF AND DUP2 MSTORE PUSH1 0x20 ADD SWAP1 DUP2 MSTORE PUSH1 0x20 ADD PUSH1 0x0 KECCAK256 PUSH1 0x0 CALLER PUSH20 0xFFFFFFFFFFFFFFFFFFFFFFFFFFFFFFFFFFFFFFFF AND PUSH20 0xFFFFFFFFFFFFFFFFFFFFFFFFFFFFFFFFFFFFFFFF AND DUP2 MSTORE PUSH1 0x20 ADD SWAP1 DUP2 MSTORE PUSH1 0x20 ADD PUSH1 0x0 KECCAK256 PUSH1 0x0 DUP3 DUP3 SLOAD SUB SWAP3 POP POP DUP2 SWAP1 SSTORE POP PUSH2 0x786 DUP5 DUP5 DUP5 PUSH2 0xD2A JUMP JUMPDEST PUSH1 0x1 SWAP1 POP SWAP4 SWAP3 POP POP POP JUMP JUMPDEST PUSH1 0x2 PUSH1 0x0 SWAP1 SLOAD SWAP1 PUSH2 0x100 EXP SWAP1 DIV PUSH1 0xFF AND DUP2 JUMP JUMPDEST PUSH1 0x0 DUP2 PUSH1 0x4 PUSH1 0x0 CALLER PUSH20 0xFFFFFFFFFFFFFFFFFFFFFFFFFFFFFFFFFFFFFFFF AND PUSH20 0xFFFFFFFFFFFFFFFFFFFFFFFFFFFFFFFFFFFFFFFF AND DUP2 MSTORE PUSH1 0x20 ADD SWAP1 DUP2 MSTORE PUSH1 0x20 ADD PUSH1 0x0 KECCAK256 SLOAD LT ISZERO ISZERO ISZERO PUSH2 0x7F4 JUMPI PUSH1 0x0 DUP1 REVERT JUMPDEST DUP2 PUSH1 0x4 PUSH1 0x0 CALLER PUSH20 0xFFFFFFFFFFFFFFFFFFFFFFFFFFFFFFFFFFFFFFFF AND PUSH20 0xFFFFFFFFFFFFFFFFFFFFFFFFFFFFFFFFFFFFFFFF AND DUP2 MSTORE PUSH1 0x20 ADD SWAP1 DUP2 MSTORE PUSH1 0x20 ADD PUSH1 0x0 KECCAK256 PUSH1 0x0 DUP3 DUP3 SLOAD SUB SWAP3 POP POP DUP2 SWAP1 SSTORE POP DUP2 PUSH1 0x3 PUSH1 0x0 DUP3 DUP3 SLOAD SUB SWAP3 POP POP DUP2 SWAP1 SSTORE POP CALLER PUSH20 0xFFFFFFFFFFFFFFFFFFFFFFFFFFFFFFFFFFFFFFFF AND PUSH32 0xCC16F5DBB4873280815C1EE09DBD06736CFFCC184412CF7A71A0FDB75D397CA5 DUP4 PUSH1 0x40 MLOAD DUP1 DUP3 DUP2 MSTORE PUSH1 0x20 ADD SWAP2 POP POP PUSH1 0x40 MLOAD DUP1 SWAP2 SUB SWAP1 LOG2 PUSH1 0x1 SWAP1 POP SWAP2 SWAP1 POP JUMP JUMPDEST PUSH1 0x4 PUSH1 0x20 MSTORE DUP1 PUSH1 0x0 MSTORE PUSH1 0x40 PUSH1 0x0 KECCAK256 PUSH1 0x0 SWAP2 POP SWAP1 POP SLOAD DUP2 JUMP JUMPDEST PUSH1 0x0 DUP2 PUSH1 0x4 PUSH1 0x0 DUP6 PUSH20 0xFFFFFFFFFFFFFFFFFFFFFFFFFFFFFFFFFFFFFFFF AND PUSH20 0xFFFFFFFFFFFFFFFFFFFFFFFFFFFFFFFFFFFFFFFF AND DUP2 MSTORE PUSH1 0x20 ADD SWAP1 DUP2 MSTORE PUSH1 0x20 ADD PUSH1 0x0 KECCAK256 SLOAD LT ISZERO ISZERO ISZERO PUSH2 0x910 JUMPI PUSH1 0x0 DUP1 REVERT JUMPDEST PUSH1 0x5 PUSH1 0x0 DUP5 PUSH20 0xFFFFFFFFFFFFFFFFFFFFFFFFFFFFFFFFFFFFFFFF AND PUSH20 0xFFFFFFFFFFFFFFFFFFFFFFFFFFFFFFFFFFFFFFFF AND DUP2 MSTORE PUSH1 0x20 ADD SWAP1 DUP2 MSTORE PUSH1 0x20 ADD PUSH1 0x0 KECCAK256 PUSH1 0x0 CALLER PUSH20 0xFFFFFFFFFFFFFFFFFFFFFFFFFFFFFFFFFFFFFFFF AND PUSH20 0xFFFFFFFFFFFFFFFFFFFFFFFFFFFFFFFFFFFFFFFF AND DUP2 MSTORE PUSH1 0x20 ADD SWAP1 DUP2 MSTORE PUSH1 0x20 ADD PUSH1 0x0 KECCAK256 SLOAD DUP3 GT ISZERO ISZERO ISZERO PUSH2 0x99B JUMPI PUSH1 0x0 DUP1 REVERT JUMPDEST DUP2 PUSH1 0x4 PUSH1 0x0 DUP6 PUSH20 0xFFFFFFFFFFFFFFFFFFFFFFFFFFFFFFFFFFFFFFFF AND PUSH20 0xFFFFFFFFFFFFFFFFFFFFFFFFFFFFFFFFFFFFFFFF AND DUP2 MSTORE PUSH1 0x20 ADD SWAP1 DUP2 MSTORE PUSH1 0x20 ADD PUSH1 0x0 KECCAK256 PUSH1 0x0 DUP3 DUP3 SLOAD SUB SWAP3 POP POP DUP2 SWAP1 SSTORE POP DUP2 PUSH1 0x5 PUSH1 0x0 DUP6 PUSH20 0xFFFFFFFFFFFFFFFFFFFFFFFFFFFFFFFFFFFFFFFF AND PUSH20 0xFFFFFFFFFFFFFFFFFFFFFFFFFFFFFFFFFFFFFFFF AND DUP2 MSTORE PUSH1 0x20 ADD SWAP1 DUP2 MSTORE PUSH1 0x20 ADD PUSH1 0x0 KECCAK256 PUSH1 0x0 CALLER PUSH20 0xFFFFFFFFFFFFFFFFFFFFFFFFFFFFFFFFFFFFFFFF AND PUSH20 0xFFFFFFFFFFFFFFFFFFFFFFFFFFFFFFFFFFFFFFFF AND DUP2 MSTORE PUSH1 0x20 ADD SWAP1 DUP2 MSTORE PUSH1 0x20 ADD PUSH1 0x0 KECCAK256 PUSH1 0x0 DUP3 DUP3 SLOAD SUB SWAP3 POP POP DUP2 SWAP1 SSTORE POP DUP2 PUSH1 0x3 PUSH1 0x0 DUP3 DUP3 SLOAD SUB SWAP3 POP POP DUP2 SWAP1 SSTORE POP DUP3 PUSH20 0xFFFFFFFFFFFFFFFFFFFFFFFFFFFFFFFFFFFFFFFF AND PUSH32 0xCC16F5DBB4873280815C1EE09DBD06736CFFCC184412CF7A71A0FDB75D397CA5 DUP4 PUSH1 0x40 MLOAD DUP1 DUP3 DUP2 MSTORE PUSH1 0x20 ADD SWAP2 POP POP PUSH1 0x40 MLOAD DUP1 SWAP2 SUB SWAP1 LOG2 PUSH1 0x1 SWAP1 POP SWAP3 SWAP2 POP POP JUMP JUMPDEST PUSH1 0x1 DUP1 SLOAD PUSH1 0x1 DUP2 PUSH1 0x1 AND ISZERO PUSH2 0x100 MUL SUB AND PUSH1 0x2 SWAP1 DIV DUP1 PUSH1 0x1F ADD PUSH1 0x20 DUP1 SWAP2 DIV MUL PUSH1 0x20 ADD PUSH1 0x40 MLOAD SWAP1 DUP2 ADD PUSH1 0x40 MSTORE DUP1 SWAP3 SWAP2 SWAP1 DUP2 DUP2 MSTORE PUSH1 0x20 ADD DUP3 DUP1 SLOAD PUSH1 0x1 DUP2 PUSH1 0x1 AND ISZERO PUSH2 0x100 MUL SUB AND PUSH1 0x2 SWAP1 DIV DUP1 ISZERO PUSH2 0xB70 JUMPI DUP1 PUSH1 0x1F LT PUSH2 0xB45 JUMPI PUSH2 0x100 DUP1 DUP4 SLOAD DIV MUL DUP4 MSTORE SWAP2 PUSH1 0x20 ADD SWAP2 PUSH2 0xB70 JUMP JUMPDEST DUP3 ADD SWAP2 SWAP1 PUSH1 0x0 MSTORE PUSH1 0x20 PUSH1 0x0 KECCAK256 SWAP1 JUMPDEST DUP2 SLOAD DUP2 MSTORE SWAP1 PUSH1 0x1 ADD SWAP1 PUSH1 0x20 ADD DUP1 DUP4 GT PUSH2 0xB53 JUMPI DUP3 SWAP1 SUB PUSH1 0x1F AND DUP3 ADD SWAP2 JUMPDEST POP POP POP POP POP DUP2 JUMP JUMPDEST PUSH2 0xB83 CALLER DUP4 DUP4 PUSH2 0xD2A JUMP JUMPDEST POP POP JUMP JUMPDEST PUSH1 0x0 DUP1 DUP5 SWAP1 POP PUSH2 0xB97 DUP6 DUP6 PUSH2 0x5D1 JUMP JUMPDEST ISZERO PUSH2 0xCFC JUMPI DUP1 PUSH20 0xFFFFFFFFFFFFFFFFFFFFFFFFFFFFFFFFFFFFFFFF AND PUSH4 0x8F4FFCB1 CALLER DUP7 ADDRESS DUP8 PUSH1 0x40 MLOAD DUP6 PUSH4 0xFFFFFFFF AND PUSH29 0x100000000000000000000000000000000000000000000000000000000 MUL DUP2 MSTORE PUSH1 0x4 ADD DUP1 DUP6 PUSH20 0xFFFFFFFFFFFFFFFFFFFFFFFFFFFFFFFFFFFFFFFF AND PUSH20 0xFFFFFFFFFFFFFFFFFFFFFFFFFFFFFFFFFFFFFFFF AND DUP2 MSTORE PUSH1 0x20 ADD DUP5 DUP2 MSTORE PUSH1 0x20 ADD DUP4 PUSH20 0xFFFFFFFFFFFFFFFFFFFFFFFFFFFFFFFFFFFFFFFF AND PUSH20 0xFFFFFFFFFFFFFFFFFFFFFFFFFFFFFFFFFFFFFFFF AND DUP2 MSTORE PUSH1 0x20 ADD DUP1 PUSH1 0x20 ADD DUP3 DUP2 SUB DUP3 MSTORE DUP4 DUP2 DUP2 MLOAD DUP2 MSTORE PUSH1 0x20 ADD SWAP2 POP DUP1 MLOAD SWAP1 PUSH1 0x20 ADD SWAP1 DUP1 DUP4 DUP4 PUSH1 0x0 JUMPDEST DUP4 DUP2 LT ISZERO PUSH2 0xC91 JUMPI DUP1 DUP3 ADD MLOAD DUP2 DUP5 ADD MSTORE PUSH1 0x20 DUP2 ADD SWAP1 POP PUSH2 0xC76 JUMP JUMPDEST POP POP POP POP SWAP1 POP SWAP1 DUP2 ADD SWAP1 PUSH1 0x1F AND DUP1 ISZERO PUSH2 0xCBE JUMPI DUP1 DUP3 SUB DUP1 MLOAD PUSH1 0x1 DUP4 PUSH1 0x20 SUB PUSH2 0x100 EXP SUB NOT AND DUP2 MSTORE PUSH1 0x20 ADD SWAP2 POP JUMPDEST POP SWAP6 POP POP POP POP POP POP PUSH1 0x0 PUSH1 0x40 MLOAD DUP1 DUP4 SUB DUP2 PUSH1 0x0 DUP8 DUP1 EXTCODESIZE ISZERO ISZERO PUSH2 0xCDF JUMPI PUSH1 0x0 DUP1 REVERT JUMPDEST PUSH2 0x2C6 GAS SUB CALL ISZERO ISZERO PUSH2 0xCF0 JUMPI PUSH1 0x0 DUP1 REVERT JUMPDEST POP POP POP PUSH1 0x1 SWAP2 POP PUSH2 0xCFD JUMP JUMPDEST JUMPDEST POP SWAP4 SWAP3 POP POP POP JUMP JUMPDEST PUSH1 0x5 PUSH1 0x20 MSTORE DUP2 PUSH1 0x0 MSTORE PUSH1 0x40 PUSH1 0x0 KECCAK256 PUSH1 0x20 MSTORE DUP1 PUSH1 0x0 MSTORE PUSH1 0x40 PUSH1 0x0 KECCAK256 PUSH1 0x0 SWAP2 POP SWAP2 POP POP SLOAD DUP2 JUMP JUMPDEST PUSH1 0x0 DUP1 DUP4 PUSH20 0xFFFFFFFFFFFFFFFFFFFFFFFFFFFFFFFFFFFFFFFF AND EQ ISZERO ISZERO ISZERO PUSH2 0xD51 JUMPI PUSH1 0x0 DUP1 REVERT JUMPDEST DUP2 PUSH1 0x4 PUSH1 0x0 DUP7 PUSH20 0xFFFFFFFFFFFFFFFFFFFFFFFFFFFFFFFFFFFFFFFF AND PUSH20 0xFFFFFFFFFFFFFFFFFFFFFFFFFFFFFFFFFFFFFFFF AND DUP2 MSTORE PUSH1 0x20 ADD SWAP1 DUP2 MSTORE PUSH1 0x20 ADD PUSH1 0x0 KECCAK256 SLOAD LT ISZERO ISZERO ISZERO PUSH2 0xD9F JUMPI PUSH1 0x0 DUP1 REVERT JUMPDEST PUSH1 0x4 PUSH1 0x0 DUP5 PUSH20 0xFFFFFFFFFFFFFFFFFFFFFFFFFFFFFFFFFFFFFFFF AND PUSH20 0xFFFFFFFFFFFFFFFFFFFFFFFFFFFFFFFFFFFFFFFF AND DUP2 MSTORE PUSH1 0x20 ADD SWAP1 DUP2 MSTORE PUSH1 0x20 ADD PUSH1 0x0 KECCAK256 SLOAD DUP3 PUSH1 0x4 PUSH1 0x0 DUP7 PUSH20 0xFFFFFFFFFFFFFFFFFFFFFFFFFFFFFFFFFFFFFFFF AND PUSH20 0xFFFFFFFFFFFFFFFFFFFFFFFFFFFFFFFFFFFFFFFF AND DUP2 MSTORE PUSH1 0x20 ADD SWAP1 DUP2 MSTORE PUSH1 0x20 ADD PUSH1 0x0 KECCAK256 SLOAD ADD GT ISZERO ISZERO PUSH2 0xE2D JUMPI PUSH1 0x0 DUP1 REVERT JUMPDEST PUSH1 0x4 PUSH1 0x0 DUP5 PUSH20 0xFFFFFFFFFFFFFFFFFFFFFFFFFFFFFFFFFFFFFFFF AND PUSH20 0xFFFFFFFFFFFFFFFFFFFFFFFFFFFFFFFFFFFFFFFF AND DUP2 MSTORE PUSH1 0x20 ADD SWAP1 DUP2 MSTORE PUSH1 0x20 ADD PUSH1 0x0 KECCAK256 SLOAD PUSH1 0x4 PUSH1 0x0 DUP7 PUSH20 0xFFFFFFFFFFFFFFFFFFFFFFFFFFFFFFFFFFFFFFFF AND PUSH20 0xFFFFFFFFFFFFFFFFFFFFFFFFFFFFFFFFFFFFFFFF AND DUP2 MSTORE PUSH1 0x20 ADD SWAP1 DUP2 MSTORE PUSH1 0x20 ADD PUSH1 0x0 KECCAK256 SLOAD ADD SWAP1 POP DUP2 PUSH1 0x4 PUSH1 0x0 DUP7 PUSH20 0xFFFFFFFFFFFFFFFFFFFFFFFFFFFFFFFFFFFFFFFF AND PUSH20 0xFFFFFFFFFFFFFFFFFFFFFFFFFFFFFFFFFFFFFFFF AND DUP2 MSTORE PUSH1 0x20 ADD SWAP1 DUP2 MSTORE PUSH1 0x20 ADD PUSH1 0x0 KECCAK256 PUSH1 0x0 DUP3 DUP3 SLOAD SUB SWAP3 POP POP DUP2 SWAP1 SSTORE POP DUP2 PUSH1 0x4 PUSH1 0x0 DUP6 PUSH20 0xFFFFFFFFFFFFFFFFFFFFFFFFFFFFFFFFFFFFFFFF AND PUSH20 0xFFFFFFFFFFFFFFFFFFFFFFFFFFFFFFFFFFFFFFFF AND DUP2 MSTORE PUSH1 0x20 ADD SWAP1 DUP2 MSTORE PUSH1 0x20 ADD PUSH1 0x0 KECCAK256 PUSH1 0x0 DUP3 DUP3 SLOAD ADD SWAP3 POP POP DUP2 SWAP1 SSTORE POP DUP3 PUSH20 0xFFFFFFFFFFFFFFFFFFFFFFFFFFFFFFFFFFFFFFFF AND DUP5 PUSH20 0xFFFFFFFFFFFFFFFFFFFFFFFFFFFFFFFFFFFFFFFF AND PUSH32 0xDDF252AD1BE2C89B69C2B068FC378DAA952BA7F163C4A11628F55A4DF523B3EF DUP5 PUSH1 0x40 MLOAD DUP1 DUP3 DUP2 MSTORE PUSH1 0x20 ADD SWAP2 POP POP PUSH1 0x40 MLOAD DUP1 SWAP2 SUB SWAP1 LOG3 DUP1 PUSH1 0x4 PUSH1 0x0 DUP6 PUSH20 0xFFFFFFFFFFFFFFFFFFFFFFFFFFFFFFFFFFFFFFFF AND PUSH20 0xFFFFFFFFFFFFFFFFFFFFFFFFFFFFFFFFFFFFFFFF AND DUP2 MSTORE PUSH1 0x20 ADD SWAP1 DUP2 MSTORE PUSH1 0x20 ADD PUSH1 0x0 KECCAK256 SLOAD PUSH1 0x4 PUSH1 0x0 DUP8 PUSH20 0xFFFFFFFFFFFFFFFFFFFFFFFFFFFFFFFFFFFFFFFF AND PUSH20 0xFFFFFFFFFFFFFFFFFFFFFFFFFFFFFFFFFFFFFFFF AND DUP2 MSTORE PUSH1 0x20 ADD SWAP1 DUP2 MSTORE PUSH1 0x20 ADD PUSH1 0x0 KECCAK256 SLOAD ADD EQ ISZERO ISZERO PUSH2 0x103A JUMPI INVALID JUMPDEST POP POP POP POP JUMP STOP LOG1 PUSH6 0x627A7A723058 KECCAK256 PUSH13 0x6CCA45D9D64F1019B4FE62E001 0x28 0x5d 0xf5 SWAP1 CREATE2 CALLDATACOPY 0xad MSTORE 0xbe ADDMOD MLOAD PUSH27 0x8198AC54BE5E002900000000000000000000000000000000000000
1,PUSH1 0x60 PUSH1 0x40 MSTORE CALLVALUE ISZERO PUSH2 0xF JUMPI PUSH1 0x0 DUP1 REVERT JUMPDEST PUSH2 0x15D7 DUP1 PUSH2 0x1E PUSH1 0x0 CODECOPY PUSH1 0x0 RETURN STOP PUSH1 0x60 PUSH1 0x40 MSTORE PUSH1 0x4 CALLDATASIZE LT PUSH2 0x11D JUMPI PUSH1 0x0 CALLDATALOAD PUSH29 0x100000000000000000000000000000000000000000000000000000000 SWAP1 DIV PUSH4 0xFFFFFFFF AND DUP1 PUSH4 0x6FDDE03 EQ PUSH2 0x13F JUMPI DUP1 PUSH4 0x95EA7B3 EQ PUSH2 0x1CD JUMPI DUP1 PUSH4 0x18160DDD EQ PUSH2 0x20F JUMPI DUP1 PUSH4 0x23B872DD EQ PUSH2 0x238 JUMPI DUP1 PUSH4 0x276C9D0A EQ PUSH2 0x299 JUMPI DUP1 PUSH4 0x2E1A7D4D EQ PUSH2 0x2E6 JUMPI DUP1 PUSH4 0x313CE567 EQ PUSH2 0x321 JUMPI DUP1 PUSH4 0x39FFE67C EQ PUSH2 0x350 JUMPI DUP1 PUSH4 0x4B750334 EQ PUSH2 0x389 JUMPI DUP1 PUSH4 0x62DBF261 EQ PUSH2 0x3B2 JUMPI DUP1 PUSH4 0x68306E43 EQ PUSH2 0x3E9 JUMPI DUP1 PUSH4 0x70A08231 EQ PUSH2 0x436 JUMPI DUP1 PUSH4 0x75C7D4E1 EQ PUSH2 0x483 JUMPI DUP1 PUSH4 0x8620410B EQ PUSH2 0x498 JUMPI DUP1 PUSH4 0x95D89B41 EQ PUSH2 0x4C1 JUMPI DUP1 PUSH4 0xA9059CBB EQ PUSH2 0x54F JUMPI DUP1 PUSH4 0xB1E35242 EQ PUSH2 0x591 JUMPI DUP1 PUSH4 0xB60D4288 EQ PUSH2 0x5A6 JUMPI DUP1 PUSH4 0xB9F308F2 EQ PUSH2 0x5C8 JUMPI DUP1 PUSH4 0xCD3293DE EQ PUSH2 0x5FF JUMPI DUP1 PUSH4 0xDD62ED3E EQ PUSH2 0x628 JUMPI JUMPDEST PUSH1 0x0 CALLVALUE GT ISZERO PUSH2 0x133 JUMPI PUSH2 0x12E PUSH2 0x694 JUMP JUMPDEST PUSH2 0x13D JUMP JUMPDEST PUSH2 0x13C CALLER PUSH2 0x84A JUMP JUMPDEST JUMPDEST STOP JUMPDEST CALLVALUE ISZERO PUSH2 0x14A JUMPI PUSH1 0x0 DUP1 REVERT JUMPDEST PUSH2 0x152 PUSH2 0x90E JUMP JUMPDEST PUSH1 0x40 MLOAD DUP1 DUP1 PUSH1 0x20 ADD DUP3 DUP2 SUB DUP3 MSTORE DUP4 DUP2 DUP2 MLOAD DUP2 MSTORE PUSH1 0x20 ADD SWAP2 POP DUP1 MLOAD SWAP1 PUSH1 0x20 ADD SWAP1 DUP1 DUP4 DUP4 PUSH1 0x0 JUMPDEST DUP4 DUP2 LT ISZERO PUSH2 0x192 JUMPI DUP1 DUP3 ADD MLOAD DUP2 DUP5 ADD MSTORE PUSH1 0x20 DUP2 ADD SWAP1 POP PUSH2 0x177 JUMP JUMPDEST POP POP POP POP SWAP1 POP SWAP1 DUP2 ADD SWAP1 PUSH1 0x1F AND DUP1 ISZERO PUSH2 0x1BF JUMPI DUP1 DUP3 SUB DUP1 MLOAD PUSH1 0x1 DUP4 PUSH1 0x20 SUB PUSH2 0x100 EXP SUB NOT AND DUP2 MSTORE PUSH1 0x20 ADD SWAP2 POP JUMPDEST POP SWAP3 POP POP POP PUSH1 0x40 MLOAD DUP1 SWAP2 SUB SWAP1 RETURN JUMPDEST CALLVALUE ISZERO PUSH2 0x1D8 JUMPI PUSH1 0x0 DUP1 REVERT JUMPDEST PUSH2 0x20D PUSH1 0x4 DUP1 DUP1 CALLDATALOAD PUSH20 0xFFFFFFFFFFFFFFFFFFFFFFFFFFFFFFFFFFFFFFFF AND SWAP1 PUSH1 0x20 ADD SWAP1 SWAP2 SWAP1 DUP1 CALLDATALOAD SWAP1 PUSH1 0x20 ADD SWAP1 SWAP2 SWAP1 POP POP PUSH2 0x947 JUMP JUMPDEST STOP JUMPDEST CALLVALUE ISZERO PUSH2 0x21A JUMPI PUSH1 0x0 DUP1 REVERT JUMPDEST PUSH2 0x222 PUSH2 0xAC9 JUMP JUMPDEST PUSH1 0x40 MLOAD DUP1 DUP3 DUP2 MSTORE PUSH1 0x20 ADD SWAP2 POP POP PUSH1 0x40 MLOAD DUP1 SWAP2 SUB SWAP1 RETURN JUMPDEST CALLVALUE ISZERO PUSH2 0x243 JUMPI PUSH1 0x0 DUP1 REVERT JUMPDEST PUSH2 0x297 PUSH1 0x4 DUP1 DUP1 CALLDATALOAD PUSH20 0xFFFFFFFFFFFFFFFFFFFFFFFFFFFFFFFFFFFFFFFF AND SWAP1 PUSH1 0x20 ADD SWAP1 SWAP2 SWAP1 DUP1 CALLDATALOAD PUSH20 0xFFFFFFFFFFFFFFFFFFFFFFFFFFFFFFFFFFFFFFFF AND SWAP1 PUSH1 0x20 ADD SWAP1 SWAP2 SWAP1 DUP1 CALLDATALOAD SWAP1 PUSH1 0x20 ADD SWAP1 SWAP2 SWAP1 POP POP PUSH2 0xACF JUMP JUMPDEST STOP JUMPDEST CALLVALUE ISZERO PUSH2 0x2A4 JUMPI PUSH1 0x0 DUP1 REVERT JUMPDEST PUSH2 0x2D0 PUSH1 0x4 DUP1 DUP1 CALLDATALOAD PUSH20 0xFFFFFFFFFFFFFFFFFFFFFFFFFFFFFFFFFFFFFFFF AND SWAP1 PUSH1 0x20 ADD SWAP1 SWAP2 SWAP1 POP POP PUSH2 0xBF1 JUMP JUMPDEST PUSH1 0x40 MLOAD DUP1 DUP3 DUP2 MSTORE PUSH1 0x20 ADD SWAP2 POP POP PUSH1 0x40 MLOAD DUP1 SWAP2 SUB SWAP1 RETURN JUMPDEST CALLVALUE ISZERO PUSH2 0x2F1 JUMPI PUSH1 0x0 DUP1 REVERT JUMPDEST PUSH2 0x307 PUSH1 0x4 DUP1 DUP1 CALLDATALOAD SWAP1 PUSH1 0x20 ADD SWAP1 SWAP2 SWAP1 POP POP PUSH2 0xC09 JUMP JUMPDEST PUSH1 0x40 MLOAD DUP1 DUP3 ISZERO ISZERO ISZERO ISZERO DUP2 MSTORE PUSH1 0x20 ADD SWAP2 POP POP PUSH1 0x40 MLOAD DUP1 SWAP2 SUB SWAP1 RETURN JUMPDEST CALLVALUE ISZERO PUSH2 0x32C JUMPI PUSH1 0x0 DUP1 REVERT JUMPDEST PUSH2 0x334 PUSH2 0xCD4 JUMP JUMPDEST PUSH1 0x40 MLOAD DUP1 DUP3 PUSH1 0xFF AND PUSH1 0xFF AND DUP2 MSTORE PUSH1 0x20 ADD SWAP2 POP POP PUSH1 0x40 MLOAD DUP1 SWAP2 SUB SWAP1 RETURN JUMPDEST CALLVALUE ISZERO PUSH2 0x35B JUMPI PUSH1 0x0 DUP1 REVERT JUMPDEST PUSH2 0x387 PUSH1 0x4 DUP1 DUP1 CALLDATALOAD PUSH20 0xFFFFFFFFFFFFFFFFFFFFFFFFFFFFFFFFFFFFFFFF AND SWAP1 PUSH1 0x20 ADD SWAP1 SWAP2 SWAP1 POP POP PUSH2 0x84A JUMP JUMPDEST STOP JUMPDEST CALLVALUE ISZERO PUSH2 0x394 JUMPI PUSH1 0x0 DUP1 REVERT JUMPDEST PUSH2 0x39C PUSH2 0xCD9 JUMP JUMPDEST PUSH1 0x40 MLOAD DUP1 DUP3 DUP2 MSTORE PUSH1 0x20 ADD SWAP2 POP POP PUSH1 0x40 MLOAD DUP1 SWAP2 SUB SWAP1 RETURN JUMPDEST CALLVALUE ISZERO PUSH2 0x3BD JUMPI PUSH1 0x0 DUP1 REVERT JUMPDEST PUSH2 0x3D3 PUSH1 0x4 DUP1 DUP1 CALLDATALOAD SWAP1 PUSH1 0x20 ADD SWAP1 SWAP2 SWAP1 POP POP PUSH2 0xCF0 JUMP JUMPDEST PUSH1 0x40 MLOAD DUP1 DUP3 DUP2 MSTORE PUSH1 0x20 ADD SWAP2 POP POP PUSH1 0x40 MLOAD DUP1 SWAP2 SUB SWAP1 RETURN JUMPDEST CALLVALUE ISZERO PUSH2 0x3F4 JUMPI PUSH1 0x0 DUP1 REVERT JUMPDEST PUSH2 0x420 PUSH1 0x4 DUP1 DUP1 CALLDATALOAD PUSH20 0xFFFFFFFFFFFFFFFFFFFFFFFFFFFFFFFFFFFFFFFF AND SWAP1 PUSH1 0x20 ADD SWAP1 SWAP2 SWAP1 POP POP PUSH2 0xD47 JUMP JUMPDEST PUSH1 0x40 MLOAD DUP1 DUP3 DUP2 MSTORE PUSH1 0x20 ADD SWAP2 POP POP PUSH1 0x40 MLOAD DUP1 SWAP2 SUB SWAP1 RETURN JUMPDEST CALLVALUE ISZERO PUSH2 0x441 JUMPI PUSH1 0x0 DUP1 REVERT JUMPDEST PUSH2 0x46D PUSH1 0x4 DUP1 DUP1 CALLDATALOAD PUSH20 0xFFFFFFFFFFFFFFFFFFFFFFFFFFFFFFFFFFFFFFFF AND SWAP1 PUSH1 0x20 ADD SWAP1 SWAP2 SWAP1 POP POP PUSH2 0xDE9 JUMP JUMPDEST PUSH1 0x40 MLOAD DUP1 DUP3 DUP2 MSTORE PUSH1 0x20 ADD SWAP2 POP POP PUSH1 0x40 MLOAD DUP1 SWAP2 SUB SWAP1 RETURN JUMPDEST CALLVALUE ISZERO PUSH2 0x48E JUMPI PUSH1 0x0 DUP1 REVERT JUMPDEST PUSH2 0x496 PUSH2 0xE32 JUMP JUMPDEST STOP JUMPDEST CALLVALUE ISZERO PUSH2 0x4A3 JUMPI PUSH1 0x0 DUP1 REVERT JUMPDEST PUSH2 0x4AB PUSH2 0xE4D JUMP JUMPDEST PUSH1 0x40 MLOAD DUP1 DUP3 DUP2 MSTORE PUSH1 0x20 ADD SWAP2 POP POP PUSH1 0x40 MLOAD DUP1 SWAP2 SUB SWAP1 RETURN JUMPDEST CALLVALUE ISZERO PUSH2 0x4CC JUMPI PUSH1 0x0 DUP1 REVERT JUMPDEST PUSH2 0x4D4 PUSH2 0xE64 JUMP JUMPDEST PUSH1 0x40 MLOAD DUP1 DUP1 PUSH1 0x20 ADD DUP3 DUP2 SUB DUP3 MSTORE DUP4 DUP2 DUP2 MLOAD DUP2 MSTORE PUSH1 0x20 ADD SWAP2 POP DUP1 MLOAD SWAP1 PUSH1 0x20 ADD SWAP1 DUP1 DUP4 DUP4 PUSH1 0x0 JUMPDEST DUP4 DUP2 LT ISZERO PUSH2 0x514 JUMPI DUP1 DUP3 ADD MLOAD DUP2 DUP5 ADD MSTORE PUSH1 0x20 DUP2 ADD SWAP1 POP PUSH2 0x4F9 JUMP JUMPDEST POP POP POP POP SWAP1 POP SWAP1 DUP2 ADD SWAP1 PUSH1 0x1F AND DUP1 ISZERO PUSH2 0x541 JUMPI DUP1 DUP3 SUB DUP1 MLOAD PUSH1 0x1 DUP4 PUSH1 0x20 SUB PUSH2 0x100 EXP SUB NOT AND DUP2 MSTORE PUSH1 0x20 ADD SWAP2 POP JUMPDEST POP SWAP3 POP POP POP PUSH1 0x40 MLOAD DUP1 SWAP2 SUB SWAP1 RETURN JUMPDEST CALLVALUE ISZERO PUSH2 0x55A JUMPI PUSH1 0x0 DUP1 REVERT JUMPDEST PUSH2 0x58F PUSH1 0x4 DUP1 DUP1 CALLDATALOAD PUSH20 0xFFFFFFFFFFFFFFFFFFFFFFFFFFFFFFFFFFFFFFFF AND SWAP1 PUSH1 0x20 ADD SWAP1 SWAP2 SWAP1 DUP1 CALLDATALOAD SWAP1 PUSH1 0x20 ADD SWAP1 SWAP2 SWAP1 POP POP PUSH2 0xE9D JUMP JUMPDEST STOP JUMPDEST CALLVALUE ISZERO PUSH2 0x59C JUMPI PUSH1 0x0 DUP1 REVERT JUMPDEST PUSH2 0x5A4 PUSH2 0xEAC JUMP JUMPDEST STOP JUMPDEST PUSH2 0x5AE PUSH2 0xEC1 JUMP JUMPDEST PUSH1 0x40 MLOAD DUP1 DUP3 ISZERO ISZERO ISZERO ISZERO DUP2 MSTORE PUSH1 0x20 ADD SWAP2 POP POP PUSH1 0x40 MLOAD DUP1 SWAP2 SUB SWAP1 RETURN JUMPDEST CALLVALUE ISZERO PUSH2 0x5D3 JUMPI PUSH1 0x0 DUP1 REVERT JUMPDEST PUSH2 0x5E9 PUSH1 0x4 DUP1 DUP1 CALLDATALOAD SWAP1 PUSH1 0x20 ADD SWAP1 SWAP2 SWAP1 POP POP PUSH2 0xEEE JUMP JUMPDEST PUSH1 0x40 MLOAD DUP1 DUP3 DUP2 MSTORE PUSH1 0x20 ADD SWAP2 POP POP PUSH1 0x40 MLOAD DUP1 SWAP2 SUB SWAP1 RETURN JUMPDEST CALLVALUE ISZERO PUSH2 0x60A JUMPI PUSH1 0x0 DUP1 REVERT JUMPDEST PUSH2 0x612 PUSH2 0xF5F JUMP JUMPDEST PUSH1 0x40 MLOAD DUP1 DUP3 DUP2 MSTORE PUSH1 0x20 ADD SWAP2 POP POP PUSH1 0x40 MLOAD DUP1 SWAP2 SUB SWAP1 RETURN JUMPDEST CALLVALUE ISZERO PUSH2 0x633 JUMPI PUSH1 0x0 DUP1 REVERT JUMPDEST PUSH2 0x67E PUSH1 0x4 DUP1 DUP1 CALLDATALOAD PUSH20 0xFFFFFFFFFFFFFFFFFFFFFFFFFFFFFFFFFFFFFFFF AND SWAP1 PUSH1 0x20 ADD SWAP1 SWAP2 SWAP1 DUP1 CALLDATALOAD PUSH20 0xFFFFFFFFFFFFFFFFFFFFFFFFFFFFFFFFFFFFFFFF AND SWAP1 PUSH1 0x20 ADD SWAP1 SWAP2 SWAP1 POP POP PUSH2 0xF91 JUMP JUMPDEST PUSH1 0x40 MLOAD DUP1 DUP3 DUP2 MSTORE PUSH1 0x20 ADD SWAP2 POP POP PUSH1 0x40 MLOAD DUP1 SWAP2 SUB SWAP1 RETURN JUMPDEST PUSH1 0x0 DUP1 PUSH1 0x0 DUP1 PUSH1 0x0 DUP1 PUSH1 0x0 DUP1 PUSH1 0x0 PUSH5 0xE8D4A51000 CALLVALUE LT DUP1 PUSH2 0x6BE JUMPI POP PUSH10 0xD3C21BCECCEDA1000000 CALLVALUE GT JUMPDEST ISZERO PUSH2 0x6C8 JUMPI PUSH1 0x0 DUP1 REVERT JUMPDEST CALLER SWAP9 POP PUSH1 0xA CALLVALUE DUP2 ISZERO ISZERO PUSH2 0x6D7 JUMPI INVALID JUMPDEST DIV SWAP8 POP DUP8 CALLVALUE SUB SWAP7 POP PUSH2 0x6E8 DUP8 PUSH2 0xCF0 JUMP JUMPDEST SWAP6 POP PUSH9 0x10000000000000000 DUP9 MUL SWAP5 POP PUSH1 0x0 DUP1 SLOAD GT ISZERO PUSH2 0x77D JUMPI PUSH1 0x1 PUSH1 0x2 SUB PUSH1 0x2 DUP9 DUP9 PUSH1 0x0 SLOAD ADD PUSH9 0x10000000000000000 DUP11 DUP13 PUSH2 0x723 PUSH2 0xF5F JUMP JUMPDEST ADD MUL MUL DUP2 ISZERO ISZERO PUSH2 0x72F JUMPI INVALID JUMPDEST DIV DUP2 ISZERO ISZERO PUSH2 0x739 JUMPI INVALID JUMPDEST DIV PUSH9 0x10000000000000000 SUB MUL DUP2 ISZERO ISZERO PUSH2 0x74F JUMPI INVALID JUMPDEST DIV SWAP4 POP DUP4 DUP9 MUL SWAP3 POP DUP3 DUP6 SUB SWAP5 POP PUSH1 0x0 SLOAD DUP4 DUP2 ISZERO ISZERO PUSH2 0x769 JUMPI INVALID JUMPDEST DIV SWAP2 POP DUP2 PUSH1 0x5 PUSH1 0x0 DUP3 DUP3 SLOAD ADD SWAP3 POP POP DUP2 SWAP1 SSTORE POP JUMPDEST DUP6 PUSH1 0x0 DUP1 DUP3 DUP3 SLOAD ADD SWAP3 POP POP DUP2 SWAP1 SSTORE POP DUP6 PUSH1 0x1 PUSH1 0x0 DUP12 PUSH20 0xFFFFFFFFFFFFFFFFFFFFFFFFFFFFFFFFFFFFFFFF AND PUSH20 0xFFFFFFFFFFFFFFFFFFFFFFFFFFFFFFFFFFFFFFFF AND DUP2 MSTORE PUSH1 0x20 ADD SWAP1 DUP2 MSTORE PUSH1 0x20 ADD PUSH1 0x0 KECCAK256 PUSH1 0x0 DUP3 DUP3 SLOAD ADD SWAP3 POP POP DUP2 SWAP1 SSTORE POP DUP5 DUP7 PUSH1 0x5 SLOAD MUL SUB SWAP1 POP DUP1 PUSH1 0x3 PUSH1 0x0 DUP12 PUSH20 0xFFFFFFFFFFFFFFFFFFFFFFFFFFFFFFFFFFFFFFFF AND PUSH20 0xFFFFFFFFFFFFFFFFFFFFFFFFFFFFFFFFFFFFFFFF AND DUP2 MSTORE PUSH1 0x20 ADD SWAP1 DUP2 MSTORE PUSH1 0x20 ADD PUSH1 0x0 KECCAK256 PUSH1 0x0 DUP3 DUP3 SLOAD ADD SWAP3 POP POP DUP2 SWAP1 SSTORE POP DUP1 PUSH1 0x4 PUSH1 0x0 DUP3 DUP3 SLOAD ADD SWAP3 POP POP DUP2 SWAP1 SSTORE POP POP POP POP POP POP POP POP POP POP JUMP JUMPDEST PUSH1 0x0 PUSH2 0x855 CALLER PUSH2 0xD47 JUMP JUMPDEST SWAP1 POP PUSH9 0x10000000000000000 DUP2 MUL PUSH1 0x3 PUSH1 0x0 CALLER PUSH20 0xFFFFFFFFFFFFFFFFFFFFFFFFFFFFFFFFFFFFFFFF AND PUSH20 0xFFFFFFFFFFFFFFFFFFFFFFFFFFFFFFFFFFFFFFFF AND DUP2 MSTORE PUSH1 0x20 ADD SWAP1 DUP2 MSTORE PUSH1 0x20 ADD PUSH1 0x0 KECCAK256 PUSH1 0x0 DUP3 DUP3 SLOAD ADD SWAP3 POP POP DUP2 SWAP1 SSTORE POP PUSH9 0x10000000000000000 DUP2 MUL PUSH1 0x4 PUSH1 0x0 DUP3 DUP3 SLOAD ADD SWAP3 POP POP DUP2 SWAP1 SSTORE POP DUP2 PUSH20 0xFFFFFFFFFFFFFFFFFFFFFFFFFFFFFFFFFFFFFFFF AND PUSH2 0x8FC DUP3 SWAP1 DUP2 ISZERO MUL SWAP1 PUSH1 0x40 MLOAD PUSH1 0x0 PUSH1 0x40 MLOAD DUP1 DUP4 SUB DUP2 DUP6 DUP9 DUP9 CALL SWAP4 POP POP POP POP ISZERO ISZERO PUSH2 0x90A JUMPI PUSH1 0x0 DUP1 REVERT JUMPDEST POP POP JUMP JUMPDEST PUSH1 0x40 DUP1 MLOAD SWAP1 DUP2 ADD PUSH1 0x40 MSTORE DUP1 PUSH1 0xB DUP2 MSTORE PUSH1 0x20 ADD PUSH32 0x455448434F4E4E45435478000000000000000000000000000000000000000000 DUP2 MSTORE POP DUP2 JUMP JUMPDEST PUSH1 0x0 DUP2 EQ ISZERO DUP1 ISZERO PUSH2 0x9D5 JUMPI POP PUSH1 0x0 PUSH1 0x2 PUSH1 0x0 CALLER PUSH20 0xFFFFFFFFFFFFFFFFFFFFFFFFFFFFFFFFFFFFFFFF AND PUSH20 0xFFFFFFFFFFFFFFFFFFFFFFFFFFFFFFFFFFFFFFFF AND DUP2 MSTORE PUSH1 0x20 ADD SWAP1 DUP2 MSTORE PUSH1 0x20 ADD PUSH1 0x0 KECCAK256 PUSH1 0x0 DUP5 PUSH20 0xFFFFFFFFFFFFFFFFFFFFFFFFFFFFFFFFFFFFFFFF AND PUSH20 0xFFFFFFFFFFFFFFFFFFFFFFFFFFFFFFFFFFFFFFFF AND DUP2 MSTORE PUSH1 0x20 ADD SWAP1 DUP2 MSTORE PUSH1 0x20 ADD PUSH1 0x0 KECCAK256 SLOAD EQ ISZERO JUMPDEST ISZERO PUSH2 0x9DF JUMPI PUSH1 0x0 DUP1 REVERT JUMPDEST DUP1 PUSH1 0x2 PUSH1 0x0 CALLER PUSH20 0xFFFFFFFFFFFFFFFFFFFFFFFFFFFFFFFFFFFFFFFF AND PUSH20 0xFFFFFFFFFFFFFFFFFFFFFFFFFFFFFFFFFFFFFFFF AND DUP2 MSTORE PUSH1 0x20 ADD SWAP1 DUP2 MSTORE PUSH1 0x20 ADD PUSH1 0x0 KECCAK256 PUSH1 0x0 DUP5 PUSH20 0xFFFFFFFFFFFFFFFFFFFFFFFFFFFFFFFFFFFFFFFF AND PUSH20 0xFFFFFFFFFFFFFFFFFFFFFFFFFFFFFFFFFFFFFFFF AND DUP2 MSTORE PUSH1 0x20 ADD SWAP1 DUP2 MSTORE PUSH1 0x20 ADD PUSH1 0x0 KECCAK256 DUP2 SWAP1 SSTORE POP DUP2 PUSH20 0xFFFFFFFFFFFFFFFFFFFFFFFFFFFFFFFFFFFFFFFF AND CALLER PUSH20 0xFFFFFFFFFFFFFFFFFFFFFFFFFFFFFFFFFFFFFFFF AND PUSH32 0x8C5BE1E5EBEC7D5BD14F71427D1E84F3DD0314C0F7B2291E5B200AC8C7C3B925 DUP4 PUSH1 0x40 MLOAD DUP1 DUP3 DUP2 MSTORE PUSH1 0x20 ADD SWAP2 POP POP PUSH1 0x40 MLOAD DUP1 SWAP2 SUB SWAP1 LOG3 POP POP JUMP JUMPDEST PUSH1 0x0 SLOAD DUP2 JUMP JUMPDEST PUSH1 0x0 PUSH1 0x2 PUSH1 0x0 DUP6 PUSH20 0xFFFFFFFFFFFFFFFFFFFFFFFFFFFFFFFFFFFFFFFF AND PUSH20 0xFFFFFFFFFFFFFFFFFFFFFFFFFFFFFFFFFFFFFFFF AND DUP2 MSTORE PUSH1 0x20 ADD SWAP1 DUP2 MSTORE PUSH1 0x20 ADD PUSH1 0x0 KECCAK256 PUSH1 0x0 CALLER PUSH20 0xFFFFFFFFFFFFFFFFFFFFFFFFFFFFFFFFFFFFFFFF AND PUSH20 0xFFFFFFFFFFFFFFFFFFFFFFFFFFFFFFFFFFFFFFFF AND DUP2 MSTORE PUSH1 0x20 ADD SWAP1 DUP2 MSTORE PUSH1 0x20 ADD PUSH1 0x0 KECCAK256 SLOAD SWAP1 POP DUP2 DUP2 LT ISZERO PUSH2 0xB5D JUMPI PUSH1 0x0 DUP1 REVERT JUMPDEST DUP2 DUP2 SUB PUSH1 0x2 PUSH1 0x0 DUP7 PUSH20 0xFFFFFFFFFFFFFFFFFFFFFFFFFFFFFFFFFFFFFFFF AND PUSH20 0xFFFFFFFFFFFFFFFFFFFFFFFFFFFFFFFFFFFFFFFF AND DUP2 MSTORE PUSH1 0x20 ADD SWAP1 DUP2 MSTORE PUSH1 0x20 ADD PUSH1 0x0 KECCAK256 PUSH1 0x0 CALLER PUSH20 0xFFFFFFFFFFFFFFFFFFFFFFFFFFFFFFFFFFFFFFFF AND PUSH20 0xFFFFFFFFFFFFFFFFFFFFFFFFFFFFFFFFFFFFFFFF AND DUP2 MSTORE PUSH1 0x20 ADD SWAP1 DUP2 MSTORE PUSH1 0x20 ADD PUSH1 0x0 KECCAK256 DUP2 SWAP1 SSTORE POP PUSH2 0xBEB DUP5 DUP5 DUP5 PUSH2 0xFB6 JUMP JUMPDEST POP POP POP POP JUMP JUMPDEST PUSH1 0x1 PUSH1 0x20 MSTORE DUP1 PUSH1 0x0 MSTORE PUSH1 0x40 PUSH1 0x0 KECCAK256 PUSH1 0x0 SWAP2 POP SWAP1 POP SLOAD DUP2 JUMP JUMPDEST PUSH1 0x0 DUP1 PUSH2 0xC15 CALLER PUSH2 0xD47 JUMP JUMPDEST SWAP1 POP PUSH9 0x10000000000000000 DUP2 MUL PUSH1 0x3 PUSH1 0x0 CALLER PUSH20 0xFFFFFFFFFFFFFFFFFFFFFFFFFFFFFFFFFFFFFFFF AND PUSH20 0xFFFFFFFFFFFFFFFFFFFFFFFFFFFFFFFFFFFFFFFF AND DUP2 MSTORE PUSH1 0x20 ADD SWAP1 DUP2 MSTORE PUSH1 0x20 ADD PUSH1 0x0 KECCAK256 PUSH1 0x0 DUP3 DUP3 SLOAD ADD SWAP3 POP POP DUP2 SWAP1 SSTORE POP PUSH9 0x10000000000000000 DUP2 MUL PUSH1 0x4 PUSH1 0x0 DUP3 DUP3 SLOAD ADD SWAP3 POP POP DUP2 SWAP1 SSTORE POP CALLER PUSH20 0xFFFFFFFFFFFFFFFFFFFFFFFFFFFFFFFFFFFFFFFF AND PUSH2 0x8FC DUP3 SWAP1 DUP2 ISZERO MUL SWAP1 PUSH1 0x40 MLOAD PUSH1 0x0 PUSH1 0x40 MLOAD DUP1 DUP4 SUB DUP2 DUP6 DUP9 DUP9 CALL SWAP4 POP POP POP POP ISZERO ISZERO PUSH2 0xCCA JUMPI PUSH1 0x0 DUP1 REVERT JUMPDEST PUSH1 0x1 SWAP2 POP POP SWAP2 SWAP1 POP JUMP JUMPDEST PUSH1 0x12 DUP2 JUMP JUMPDEST PUSH1 0x0 PUSH2 0xCEB PUSH7 0x38D7EA4C68000 PUSH2 0xEEE JUMP JUMPDEST SWAP1 POP SWAP1 JUMP JUMPDEST PUSH1 0x0 DUP1 SLOAD PUSH2 0xD3F PUSH32 0xFFFFFFFFFFFFFFFFFFFFFFFFFFFFFFFFFFFFFFFFFFFFFFFD6954087B5CA7B974 PUSH1 0x2 PUSH1 0x1 PUSH2 0xD2E DUP8 PUSH2 0xD28 PUSH2 0xF5F JUMP JUMPDEST ADD PUSH2 0x11ED JUMP JUMPDEST MUL DUP2 ISZERO ISZERO PUSH2 0xD38 JUMPI INVALID JUMPDEST SDIV ADD PUSH2 0x1348 JUMP JUMPDEST SUB SWAP1 POP SWAP2 SWAP1 POP JUMP JUMPDEST PUSH1 0x0 PUSH9 0x10000000000000000 PUSH1 0x3 PUSH1 0x0 DUP5 PUSH20 0xFFFFFFFFFFFFFFFFFFFFFFFFFFFFFFFFFFFFFFFF AND PUSH20 0xFFFFFFFFFFFFFFFFFFFFFFFFFFFFFFFFFFFFFFFF AND DUP2 MSTORE PUSH1 0x20 ADD SWAP1 DUP2 MSTORE PUSH1 0x20 ADD PUSH1 0x0 KECCAK256 SLOAD PUSH1 0x1 PUSH1 0x0 DUP6 PUSH20 0xFFFFFFFFFFFFFFFFFFFFFFFFFFFFFFFFFFFFFFFF AND PUSH20 0xFFFFFFFFFFFFFFFFFFFFFFFFFFFFFFFFFFFFFFFF AND DUP2 MSTORE PUSH1 0x20 ADD SWAP1 DUP2 MSTORE PUSH1 0x20 ADD PUSH1 0x0 KECCAK256 SLOAD PUSH1 0x5 SLOAD MUL SUB DUP2 ISZERO ISZERO PUSH2 0xDE1 JUMPI INVALID JUMPDEST DIV SWAP1 POP SWAP2 SWAP1 POP JUMP JUMPDEST PUSH1 0x0 PUSH1 0x1 PUSH1 0x0 DUP4 PUSH20 0xFFFFFFFFFFFFFFFFFFFFFFFFFFFFFFFFFFFFFFFF AND PUSH20 0xFFFFFFFFFFFFFFFFFFFFFFFFFFFFFFFFFFFFFFFF AND DUP2 MSTORE PUSH1 0x20 ADD SWAP1 DUP2 MSTORE PUSH1 0x20 ADD PUSH1 0x0 KECCAK256 SLOAD SWAP1 POP SWAP2 SWAP1 POP JUMP JUMPDEST PUSH1 0x0 PUSH2 0xE3D CALLER PUSH2 0xDE9 JUMP JUMPDEST SWAP1 POP PUSH2 0xE4A CALLER ADDRESS DUP4 PUSH2 0xFB6 JUMP JUMPDEST POP JUMP JUMPDEST PUSH1 0x0 PUSH2 0xE5F PUSH7 0x38D7EA4C68000 PUSH2 0xCF0 JUMP JUMPDEST SWAP1 POP SWAP1 JUMP JUMPDEST PUSH1 0x40 DUP1 MLOAD SWAP1 DUP2 ADD PUSH1 0x40 MSTORE DUP1 PUSH1 0x4 DUP2 MSTORE PUSH1 0x20 ADD PUSH32 0x4554485800000000000000000000000000000000000000000000000000000000 DUP2 MSTORE POP DUP2 JUMP JUMPDEST PUSH2 0xEA8 CALLER DUP4 DUP4 PUSH2 0xFB6 JUMP JUMPDEST POP POP JUMP JUMPDEST PUSH2 0xEB4 PUSH2 0xE32 JUMP JUMPDEST PUSH2 0xEBE PUSH1 0x1 PUSH2 0xC09 JUMP JUMPDEST POP JUMP JUMPDEST PUSH1 0x0 PUSH5 0xE8D4A51000 CALLVALUE GT ISZERO PUSH2 0xEDD JUMPI PUSH2 0xED8 PUSH2 0x694 JUMP JUMPDEST PUSH2 0xEE6 JUMP JUMPDEST PUSH1 0x0 SWAP1 POP PUSH2 0xEEB JUMP JUMPDEST PUSH1 0x1 SWAP1 POP JUMPDEST SWAP1 JUMP JUMPDEST PUSH1 0x0 DUP1 SLOAD DUP3 EQ ISZERO PUSH2 0xF08 JUMPI PUSH2 0xF01 PUSH2 0xF5F JUMP JUMPDEST SWAP1 POP PUSH2 0xF5A JUMP JUMPDEST PUSH2 0xF4E PUSH1 0x1 PUSH1 0x2 PUSH32 0xFFFFFFFFFFFFFFFFFFFFFFFFFFFFFFFFFFFFFFFFFFFFFFFD6954087B5CA7B974 PUSH2 0xF3D DUP7 PUSH1 0x0 SLOAD SUB PUSH2 0x11ED JUMP JUMPDEST SUB MUL DUP2 ISZERO ISZERO PUSH2 0xF48 JUMPI INVALID JUMPDEST SDIV PUSH2 0x1348 JUMP JUMPDEST PUSH2 0xF56 PUSH2 0xF5F JUMP JUMPDEST SUB SWAP1 POP JUMPDEST SWAP2 SWAP1 POP JUMP JUMPDEST PUSH1 0x0 PUSH1 0x1 PUSH9 0x10000000000000000 PUSH1 0x4 SLOAD PUSH1 0x0 SLOAD PUSH1 0x5 SLOAD MUL SUB DUP2 ISZERO ISZERO PUSH2 0xF81 JUMPI INVALID JUMPDEST DIV PUSH2 0xF8A PUSH2 0x14AA JUMP JUMPDEST SUB SUB SWAP1 POP SWAP1 JUMP JUMPDEST PUSH1 0x2 PUSH1 0x20 MSTORE DUP2 PUSH1 0x0 MSTORE PUSH1 0x40 PUSH1 0x0 KECCAK256 PUSH1 0x20 MSTORE DUP1 PUSH1 0x0 MSTORE PUSH1 0x40 PUSH1 0x0 KECCAK256 PUSH1 0x0 SWAP2 POP SWAP2 POP POP SLOAD DUP2 JUMP JUMPDEST PUSH1 0x0 DUP2 PUSH1 0x1 PUSH1 0x0 DUP7 PUSH20 0xFFFFFFFFFFFFFFFFFFFFFFFFFFFFFFFFFFFFFFFF AND PUSH20 0xFFFFFFFFFFFFFFFFFFFFFFFFFFFFFFFFFFFFFFFF AND DUP2 MSTORE PUSH1 0x20 ADD SWAP1 DUP2 MSTORE PUSH1 0x20 ADD PUSH1 0x0 KECCAK256 SLOAD LT ISZERO PUSH2 0x1004 JUMPI PUSH1 0x0 DUP1 REVERT JUMPDEST ADDRESS PUSH20 0xFFFFFFFFFFFFFFFFFFFFFFFFFFFFFFFFFFFFFFFF AND DUP4 PUSH20 0xFFFFFFFFFFFFFFFFFFFFFFFFFFFFFFFFFFFFFFFF AND EQ ISZERO PUSH2 0x1046 JUMPI PUSH2 0x1041 DUP3 PUSH2 0x14CB JUMP JUMPDEST PUSH2 0x1182 JUMP JUMPDEST DUP2 PUSH1 0x5 SLOAD MUL SWAP1 POP DUP2 PUSH1 0x1 PUSH1 0x0 DUP7 PUSH20 0xFFFFFFFFFFFFFFFFFFFFFFFFFFFFFFFFFFFFFFFF AND PUSH20 0xFFFFFFFFFFFFFFFFFFFFFFFFFFFFFFFFFFFFFFFF AND DUP2 MSTORE PUSH1 0x20 ADD SWAP1 DUP2 MSTORE PUSH1 0x20 ADD PUSH1 0x0 KECCAK256 PUSH1 0x0 DUP3 DUP3 SLOAD SUB SWAP3 POP POP DUP2 SWAP1 SSTORE POP DUP2 PUSH1 0x1 PUSH1 0x0 DUP6 PUSH20 0xFFFFFFFFFFFFFFFFFFFFFFFFFFFFFFFFFFFFFFFF AND PUSH20 0xFFFFFFFFFFFFFFFFFFFFFFFFFFFFFFFFFFFFFFFF AND DUP2 MSTORE PUSH1 0x20 ADD SWAP1 DUP2 MSTORE PUSH1 0x20 ADD PUSH1 0x0 KECCAK256 PUSH1 0x0 DUP3 DUP3 SLOAD ADD SWAP3 POP POP DUP2 SWAP1 SSTORE POP DUP1 PUSH1 0x3 PUSH1 0x0 DUP7 PUSH20 0xFFFFFFFFFFFFFFFFFFFFFFFFFFFFFFFFFFFFFFFF AND PUSH20 0xFFFFFFFFFFFFFFFFFFFFFFFFFFFFFFFFFFFFFFFF AND DUP2 MSTORE PUSH1 0x20 ADD SWAP1 DUP2 MSTORE PUSH1 0x20 ADD PUSH1 0x0 KECCAK256 PUSH1 0x0 DUP3 DUP3 SLOAD SUB SWAP3 POP POP DUP2 SWAP1 SSTORE POP DUP1 PUSH1 0x3 PUSH1 0x0 DUP6 PUSH20 0xFFFFFFFFFFFFFFFFFFFFFFFFFFFFFFFFFFFFFFFF AND PUSH20 0xFFFFFFFFFFFFFFFFFFFFFFFFFFFFFFFFFFFFFFFF AND DUP2 MSTORE PUSH1 0x20 ADD SWAP1 DUP2 MSTORE PUSH1 0x20 ADD PUSH1 0x0 KECCAK256 PUSH1 0x0 DUP3 DUP3 SLOAD ADD SWAP3 POP POP DUP2 SWAP1 SSTORE POP JUMPDEST DUP3 PUSH20 0xFFFFFFFFFFFFFFFFFFFFFFFFFFFFFFFFFFFFFFFF AND DUP5 PUSH20 0xFFFFFFFFFFFFFFFFFFFFFFFFFFFFFFFFFFFFFFFF AND PUSH32 0xDDF252AD1BE2C89B69C2B068FC378DAA952BA7F163C4A11628F55A4DF523B3EF DUP5 PUSH1 0x40 MLOAD DUP1 DUP3 DUP2 MSTORE PUSH1 0x20 ADD SWAP2 POP POP PUSH1 0x40 MLOAD DUP1 SWAP2 SUB SWAP1 LOG3 POP POP POP POP JUMP JUMPDEST PUSH1 0x0 DUP1 PUSH1 0x0 DUP1 PUSH1 0x0 SWAP3 POP JUMPDEST PUSH9 0x16A09E667F3BCC908 DUP6 GT ISZERO PUSH2 0x1225 JUMPI PUSH1 0x2 DUP6 DUP2 ISZERO ISZERO PUSH2 0x1215 JUMPI INVALID JUMPDEST DIV SWAP5 POP DUP3 DUP1 PUSH1 0x1 ADD SWAP4 POP POP PUSH2 0x11F8 JUMP JUMPDEST JUMPDEST PUSH8 0xB504F333F9DE6484 DUP6 GT ISZERO ISZERO PUSH2 0x124B JUMPI PUSH1 0x2 DUP6 MUL SWAP5 POP DUP3 DUP1 PUSH1 0x1 SWAP1 SUB SWAP4 POP POP PUSH2 0x1226 JUMP JUMPDEST PUSH9 0x10000000000000000 DUP6 ADD PUSH9 0x10000000000000000 DUP1 DUP8 SUB MUL DUP2 ISZERO ISZERO PUSH2 0x126E JUMPI INVALID JUMPDEST SDIV SWAP2 POP PUSH9 0x10000000000000000 DUP3 DUP4 MUL DUP2 ISZERO ISZERO PUSH2 0x1287 JUMPI INVALID JUMPDEST SDIV SWAP1 POP PUSH9 0x10000000000000000 DUP1 PUSH9 0x10000000000000000 DUP1 PUSH9 0x10000000000000000 DUP1 PUSH8 0x3284A0C14610924F DUP8 MUL DUP2 ISZERO ISZERO PUSH2 0x12BF JUMPI INVALID JUMPDEST SDIV PUSH8 0x38BD75ED37753D68 ADD DUP7 MUL DUP2 ISZERO ISZERO PUSH2 0x12D5 JUMPI INVALID JUMPDEST SDIV PUSH8 0x49254026A7630ACF ADD DUP6 MUL DUP2 ISZERO ISZERO PUSH2 0x12EB JUMPI INVALID JUMPDEST SDIV PUSH8 0x666664E5E9FA0C99 ADD DUP5 MUL DUP2 ISZERO ISZERO PUSH2 0x1301 JUMPI INVALID JUMPDEST SDIV PUSH8 0xAAAAAAAC16877908 ADD DUP4 MUL DUP2 ISZERO ISZERO PUSH2 0x1317 JUMPI INVALID JUMPDEST SDIV PUSH9 0x1FFFFFFFFFF9DAC9B ADD DUP4 MUL DUP2 ISZERO ISZERO PUSH2 0x132E JUMPI INVALID JUMPDEST SDIV PUSH8 0xB17217F7D1CF79AC DUP5 PUSH1 0x3 SIGNEXTEND MUL ADD SWAP4 POP POP POP POP SWAP2 SWAP1 POP JUMP JUMPDEST PUSH1 0x0 DUP1 PUSH1 0x0 DUP1 PUSH1 0x40 PUSH8 0xB17217F7D1CF79AC PUSH9 0x2CB53F09F05CC627C8 DUP8 ADD DUP2 ISZERO ISZERO PUSH2 0x136E JUMPI INVALID JUMPDEST SDIV SUB SWAP3 POP PUSH8 0xB17217F7D1CF79AC DUP4 MUL DUP6 SUB SWAP5 POP PUSH9 0x10000000000000000 DUP6 DUP7 MUL DUP2 ISZERO ISZERO PUSH2 0x1397 JUMPI INVALID JUMPDEST SDIV SWAP2 POP PUSH9 0x10000000000000000 DUP1 PUSH9 0x10000000000000000 DUP1 PUSH32 0xFFFFFFFFFFFFFFFFFFFFFFFFFFFFFFFFFFFFFFFFFFFFFFFFFFFFE476C52FB4C6 DUP7 MUL DUP2 ISZERO ISZERO PUSH2 0x13DC JUMPI INVALID JUMPDEST SDIV PUSH7 0x455956BCCDD06 ADD DUP6 MUL DUP2 ISZERO ISZERO PUSH2 0x13F1 JUMPI INVALID JUMPDEST SDIV PUSH32 0xFFFFFFFFFFFFFFFFFFFFFFFFFFFFFFFFFFFFFFFFFFFFFFFFFF49F49F7F7C662F ADD DUP5 MUL DUP2 ISZERO ISZERO PUSH2 0x141F JUMPI INVALID JUMPDEST SDIV PUSH8 0x2AAAAAAAAA015DB0 ADD DUP4 MUL DUP2 ISZERO ISZERO PUSH2 0x1435 JUMPI INVALID JUMPDEST SDIV PUSH9 0x10000000000000000 PUSH1 0x2 MUL ADD SWAP1 POP DUP5 DUP2 SUB PUSH9 0x10000000000000000 DUP7 DUP4 ADD MUL DUP2 ISZERO ISZERO PUSH2 0x1460 JUMPI INVALID JUMPDEST SDIV SWAP4 POP PUSH1 0x0 DUP4 SLT ISZERO ISZERO PUSH2 0x1486 JUMPI DUP3 DUP5 PUSH1 0x0 DUP3 SLT ISZERO PUSH2 0x147A JUMPI INVALID JUMPDEST SWAP1 PUSH1 0x2 EXP MUL SWAP4 POP PUSH2 0x149F JUMP JUMPDEST DUP3 PUSH1 0x0 SUB DUP5 PUSH1 0x0 DUP3 SLT ISZERO PUSH2 0x1496 JUMPI INVALID JUMPDEST SWAP1 PUSH1 0x2 EXP SWAP1 DIV SWAP4 POP JUMPDEST DUP4 SWAP4 POP POP POP POP SWAP2 SWAP1 POP JUMP JUMPDEST PUSH1 0x0 CALLVALUE ADDRESS PUSH20 0xFFFFFFFFFFFFFFFFFFFFFFFFFFFFFFFFFFFFFFFF AND BALANCE SUB SWAP1 POP SWAP1 JUMP JUMPDEST PUSH1 0x0 DUP1 PUSH2 0x14D7 DUP4 PUSH2 0xEEE JUMP JUMPDEST SWAP2 POP DUP3 PUSH1 0x0 DUP1 DUP3 DUP3 SLOAD SUB SWAP3 POP POP DUP2 SWAP1 SSTORE POP DUP3 PUSH1 0x1 PUSH1 0x0 CALLER PUSH20 0xFFFFFFFFFFFFFFFFFFFFFFFFFFFFFFFFFFFFFFFF AND PUSH20 0xFFFFFFFFFFFFFFFFFFFFFFFFFFFFFFFFFFFFFFFF AND DUP2 MSTORE PUSH1 0x20 ADD SWAP1 DUP2 MSTORE PUSH1 0x20 ADD PUSH1 0x0 KECCAK256 PUSH1 0x0 DUP3 DUP3 SLOAD SUB SWAP3 POP POP DUP2 SWAP1 SSTORE POP PUSH9 0x10000000000000000 DUP3 MUL DUP4 PUSH1 0x5 SLOAD MUL ADD SWAP1 POP DUP1 PUSH1 0x3 PUSH1 0x0 CALLER PUSH20 0xFFFFFFFFFFFFFFFFFFFFFFFFFFFFFFFFFFFFFFFF AND PUSH20 0xFFFFFFFFFFFFFFFFFFFFFFFFFFFFFFFFFFFFFFFF AND DUP2 MSTORE PUSH1 0x20 ADD SWAP1 DUP2 MSTORE PUSH1 0x20 ADD PUSH1 0x0 KECCAK256 PUSH1 0x0 DUP3 DUP3 SLOAD SUB SWAP3 POP POP DUP2 SWAP1 SSTORE POP DUP1 PUSH1 0x4 PUSH1 0x0 DUP3 DUP3 SLOAD SUB SWAP3 POP POP DUP2 SWAP1 SSTORE POP POP POP POP JUMP STOP LOG1 PUSH6 0x627A7A723058 KECCAK256 XOR CODESIZE 0xcc DUP13 STOP 0xd3 BALANCE 0xef 0xe5 0x1e 0xc4 CALLDATALOAD DUP14 LOG4 LOG1 DUP6 0xc4 DUP7 0xf7 PUSH2 0x884F 0xdf 0xf7 0xca JUMPI 0x2f 0xdc CODESIZE 0xc4 0xb8 MOD STOP 0x29
1,PUSH1 0x60 PUSH1 0x40 MSTORE PUSH1 0x12 PUSH1 0x3 PUSH1 0x0 PUSH2 0x100 EXP DUP2 SLOAD DUP2 PUSH1 0xFF MUL NOT AND SWAP1 DUP4 PUSH1 0xFF AND MUL OR SWAP1 SSTORE POP CALLVALUE ISZERO PUSH2 0x2B JUMPI PUSH1 0x0 DUP1 REVERT JUMPDEST PUSH1 0x40 MLOAD PUSH1 0x20 DUP1 PUSH3 0x11AB DUP4 CODECOPY DUP2 ADD PUSH1 0x40 MSTORE DUP1 DUP1 MLOAD SWAP1 PUSH1 0x20 ADD SWAP1 SWAP2 SWAP1 POP POP DUP1 CALLER PUSH1 0x0 DUP1 PUSH2 0x100 EXP DUP2 SLOAD DUP2 PUSH20 0xFFFFFFFFFFFFFFFFFFFFFFFFFFFFFFFFFFFFFFFF MUL NOT AND SWAP1 DUP4 PUSH20 0xFFFFFFFFFFFFFFFFFFFFFFFFFFFFFFFFFFFFFFFF AND MUL OR SWAP1 SSTORE POP PUSH1 0x3 PUSH1 0x0 SWAP1 SLOAD SWAP1 PUSH2 0x100 EXP SWAP1 DIV PUSH1 0xFF AND PUSH1 0xFF AND PUSH1 0xA EXP DUP2 MUL PUSH1 0x4 DUP2 SWAP1 SSTORE POP PUSH1 0x4 SLOAD PUSH1 0x5 PUSH1 0x0 CALLER PUSH20 0xFFFFFFFFFFFFFFFFFFFFFFFFFFFFFFFFFFFFFFFF AND PUSH20 0xFFFFFFFFFFFFFFFFFFFFFFFFFFFFFFFFFFFFFFFF AND DUP2 MSTORE PUSH1 0x20 ADD SWAP1 DUP2 MSTORE PUSH1 0x20 ADD PUSH1 0x0 KECCAK256 DUP2 SWAP1 SSTORE POP PUSH1 0x40 DUP1 MLOAD SWAP1 DUP2 ADD PUSH1 0x40 MSTORE DUP1 PUSH1 0x11 DUP2 MSTORE PUSH1 0x20 ADD PUSH32 0x536F756E6420547269626520546F6B656E000000000000000000000000000000 DUP2 MSTORE POP PUSH1 0x1 SWAP1 DUP1 MLOAD SWAP1 PUSH1 0x20 ADD SWAP1 PUSH2 0x138 SWAP3 SWAP2 SWAP1 PUSH2 0x1A8 JUMP JUMPDEST POP PUSH1 0x40 DUP1 MLOAD SWAP1 DUP2 ADD PUSH1 0x40 MSTORE DUP1 PUSH1 0x4 DUP2 MSTORE PUSH1 0x20 ADD PUSH32 0x5354533900000000000000000000000000000000000000000000000000000000 DUP2 MSTORE POP PUSH1 0x2 SWAP1 DUP1 MLOAD SWAP1 PUSH1 0x20 ADD SWAP1 PUSH2 0x184 SWAP3 SWAP2 SWAP1 PUSH2 0x1A8 JUMP JUMPDEST POP PUSH1 0x12 PUSH1 0x3 PUSH1 0x0 PUSH2 0x100 EXP DUP2 SLOAD DUP2 PUSH1 0xFF MUL NOT AND SWAP1 DUP4 PUSH1 0xFF AND MUL OR SWAP1 SSTORE POP POP POP PUSH2 0x24D JUMP JUMPDEST DUP3 DUP1 SLOAD PUSH1 0x1 DUP2 PUSH1 0x1 AND ISZERO PUSH2 0x100 MUL SUB AND PUSH1 0x2 SWAP1 DIV SWAP1 PUSH1 0x0 MSTORE PUSH1 0x20 PUSH1 0x0 KECCAK256 SWAP1 PUSH1 0x1F ADD PUSH1 0x20 SWAP1 DIV DUP2 ADD SWAP3 DUP3 PUSH1 0x1F LT PUSH2 0x1E9 JUMPI DUP1 MLOAD PUSH1 0xFF NOT AND DUP4 DUP1 ADD OR DUP6 SSTORE PUSH2 0x217 JUMP JUMPDEST DUP3 DUP1 ADD PUSH1 0x1 ADD DUP6 SSTORE DUP3 ISZERO PUSH2 0x217 JUMPI SWAP2 DUP3 ADD JUMPDEST DUP3 DUP2 GT ISZERO PUSH2 0x216 JUMPI DUP3 MLOAD DUP3 SSTORE SWAP2 PUSH1 0x20 ADD SWAP2 SWAP1 PUSH1 0x1 ADD SWAP1 PUSH2 0x1FB JUMP JUMPDEST JUMPDEST POP SWAP1 POP PUSH2 0x224 SWAP2 SWAP1 PUSH2 0x228 JUMP JUMPDEST POP SWAP1 JUMP JUMPDEST PUSH2 0x24A SWAP2 SWAP1 JUMPDEST DUP1 DUP3 GT ISZERO PUSH2 0x246 JUMPI PUSH1 0x0 DUP2 PUSH1 0x0 SWAP1 SSTORE POP PUSH1 0x1 ADD PUSH2 0x22E JUMP JUMPDEST POP SWAP1 JUMP JUMPDEST SWAP1 JUMP JUMPDEST PUSH2 0xF4E DUP1 PUSH3 0x25D PUSH1 0x0 CODECOPY PUSH1 0x0 RETURN STOP PUSH1 0x60 PUSH1 0x40 MSTORE PUSH1 0x4 CALLDATASIZE LT PUSH2 0xC5 JUMPI PUSH1 0x0 CALLDATALOAD PUSH29 0x100000000000000000000000000000000000000000000000000000000 SWAP1 DIV PUSH4 0xFFFFFFFF AND DUP1 PUSH4 0x6FDDE03 EQ PUSH2 0xCA JUMPI DUP1 PUSH4 0x95EA7B3 EQ PUSH2 0x158 JUMPI DUP1 PUSH4 0x18160DDD EQ PUSH2 0x1B2 JUMPI DUP1 PUSH4 0x23B872DD EQ PUSH2 0x1DB JUMPI DUP1 PUSH4 0x313CE567 EQ PUSH2 0x254 JUMPI DUP1 PUSH4 0x70A08231 EQ PUSH2 0x283 JUMPI DUP1 PUSH4 0x79C65068 EQ PUSH2 0x2D0 JUMPI DUP1 PUSH4 0x8DA5CB5B EQ PUSH2 0x312 JUMPI DUP1 PUSH4 0x95D89B41 EQ PUSH2 0x367 JUMPI DUP1 PUSH4 0xA9059CBB EQ PUSH2 0x3F5 JUMPI DUP1 PUSH4 0xCAE9CA51 EQ PUSH2 0x437 JUMPI DUP1 PUSH4 0xDD62ED3E EQ PUSH2 0x4D4 JUMPI DUP1 PUSH4 0xF2FDE38B EQ PUSH2 0x540 JUMPI JUMPDEST PUSH1 0x0 DUP1 REVERT JUMPDEST CALLVALUE ISZERO PUSH2 0xD5 JUMPI PUSH1 0x0 DUP1 REVERT JUMPDEST PUSH2 0xDD PUSH2 0x579 JUMP JUMPDEST PUSH1 0x40 MLOAD DUP1 DUP1 PUSH1 0x20 ADD DUP3 DUP2 SUB DUP3 MSTORE DUP4 DUP2 DUP2 MLOAD DUP2 MSTORE PUSH1 0x20 ADD SWAP2 POP DUP1 MLOAD SWAP1 PUSH1 0x20 ADD SWAP1 DUP1 DUP4 DUP4 PUSH1 0x0 JUMPDEST DUP4 DUP2 LT ISZERO PUSH2 0x11D JUMPI DUP1 DUP3 ADD MLOAD DUP2 DUP5 ADD MSTORE PUSH1 0x20 DUP2 ADD SWAP1 POP PUSH2 0x102 JUMP JUMPDEST POP POP POP POP SWAP1 POP SWAP1 DUP2 ADD SWAP1 PUSH1 0x1F AND DUP1 ISZERO PUSH2 0x14A JUMPI DUP1 DUP3 SUB DUP1 MLOAD PUSH1 0x1 DUP4 PUSH1 0x20 SUB PUSH2 0x100 EXP SUB NOT AND DUP2 MSTORE PUSH1 0x20 ADD SWAP2 POP JUMPDEST POP SWAP3 POP POP POP PUSH1 0x40 MLOAD DUP1 SWAP2 SUB SWAP1 RETURN JUMPDEST CALLVALUE ISZERO PUSH2 0x163 JUMPI PUSH1 0x0 DUP1 REVERT JUMPDEST PUSH2 0x198 PUSH1 0x4 DUP1 DUP1 CALLDATALOAD PUSH20 0xFFFFFFFFFFFFFFFFFFFFFFFFFFFFFFFFFFFFFFFF AND SWAP1 PUSH1 0x20 ADD SWAP1 SWAP2 SWAP1 DUP1 CALLDATALOAD SWAP1 PUSH1 0x20 ADD SWAP1 SWAP2 SWAP1 POP POP PUSH2 0x617 JUMP JUMPDEST PUSH1 0x40 MLOAD DUP1 DUP3 ISZERO ISZERO ISZERO ISZERO DUP2 MSTORE PUSH1 0x20 ADD SWAP2 POP POP PUSH1 0x40 MLOAD DUP1 SWAP2 SUB SWAP1 RETURN JUMPDEST CALLVALUE ISZERO PUSH2 0x1BD JUMPI PUSH1 0x0 DUP1 REVERT JUMPDEST PUSH2 0x1C5 PUSH2 0x709 JUMP JUMPDEST PUSH1 0x40 MLOAD DUP1 DUP3 DUP2 MSTORE PUSH1 0x20 ADD SWAP2 POP POP PUSH1 0x40 MLOAD DUP1 SWAP2 SUB SWAP1 RETURN JUMPDEST CALLVALUE ISZERO PUSH2 0x1E6 JUMPI PUSH1 0x0 DUP1 REVERT JUMPDEST PUSH2 0x23A PUSH1 0x4 DUP1 DUP1 CALLDATALOAD PUSH20 0xFFFFFFFFFFFFFFFFFFFFFFFFFFFFFFFFFFFFFFFF AND SWAP1 PUSH1 0x20 ADD SWAP1 SWAP2 SWAP1 DUP1 CALLDATALOAD PUSH20 0xFFFFFFFFFFFFFFFFFFFFFFFFFFFFFFFFFFFFFFFF AND SWAP1 PUSH1 0x20 ADD SWAP1 SWAP2 SWAP1 DUP1 CALLDATALOAD SWAP1 PUSH1 0x20 ADD SWAP1 SWAP2 SWAP1 POP POP PUSH2 0x70F JUMP JUMPDEST PUSH1 0x40 MLOAD DUP1 DUP3 ISZERO ISZERO ISZERO ISZERO DUP2 MSTORE PUSH1 0x20 ADD SWAP2 POP POP PUSH1 0x40 MLOAD DUP1 SWAP2 SUB SWAP1 RETURN JUMPDEST CALLVALUE ISZERO PUSH2 0x25F JUMPI PUSH1 0x0 DUP1 REVERT JUMPDEST PUSH2 0x267 PUSH2 0x83C JUMP JUMPDEST PUSH1 0x40 MLOAD DUP1 DUP3 PUSH1 0xFF AND PUSH1 0xFF AND DUP2 MSTORE PUSH1 0x20 ADD SWAP2 POP POP PUSH1 0x40 MLOAD DUP1 SWAP2 SUB SWAP1 RETURN JUMPDEST CALLVALUE ISZERO PUSH2 0x28E JUMPI PUSH1 0x0 DUP1 REVERT JUMPDEST PUSH2 0x2BA PUSH1 0x4 DUP1 DUP1 CALLDATALOAD PUSH20 0xFFFFFFFFFFFFFFFFFFFFFFFFFFFFFFFFFFFFFFFF AND SWAP1 PUSH1 0x20 ADD SWAP1 SWAP2 SWAP1 POP POP PUSH2 0x84F JUMP JUMPDEST PUSH1 0x40 MLOAD DUP1 DUP3 DUP2 MSTORE PUSH1 0x20 ADD SWAP2 POP POP PUSH1 0x40 MLOAD DUP1 SWAP2 SUB SWAP1 RETURN JUMPDEST CALLVALUE ISZERO PUSH2 0x2DB JUMPI PUSH1 0x0 DUP1 REVERT JUMPDEST PUSH2 0x310 PUSH1 0x4 DUP1 DUP1 CALLDATALOAD PUSH20 0xFFFFFFFFFFFFFFFFFFFFFFFFFFFFFFFFFFFFFFFF AND SWAP1 PUSH1 0x20 ADD SWAP1 SWAP2 SWAP1 DUP1 CALLDATALOAD SWAP1 PUSH1 0x20 ADD SWAP1 SWAP2 SWAP1 POP POP PUSH2 0x898 JUMP JUMPDEST STOP JUMPDEST CALLVALUE ISZERO PUSH2 0x31D JUMPI PUSH1 0x0 DUP1 REVERT JUMPDEST PUSH2 0x325 PUSH2 0xA09 JUMP JUMPDEST PUSH1 0x40 MLOAD DUP1 DUP3 PUSH20 0xFFFFFFFFFFFFFFFFFFFFFFFFFFFFFFFFFFFFFFFF AND PUSH20 0xFFFFFFFFFFFFFFFFFFFFFFFFFFFFFFFFFFFFFFFF AND DUP2 MSTORE PUSH1 0x20 ADD SWAP2 POP POP PUSH1 0x40 MLOAD DUP1 SWAP2 SUB SWAP1 RETURN JUMPDEST CALLVALUE ISZERO PUSH2 0x372 JUMPI PUSH1 0x0 DUP1 REVERT JUMPDEST PUSH2 0x37A PUSH2 0xA2E JUMP JUMPDEST PUSH1 0x40 MLOAD DUP1 DUP1 PUSH1 0x20 ADD DUP3 DUP2 SUB DUP3 MSTORE DUP4 DUP2 DUP2 MLOAD DUP2 MSTORE PUSH1 0x20 ADD SWAP2 POP DUP1 MLOAD SWAP1 PUSH1 0x20 ADD SWAP1 DUP1 DUP4 DUP4 PUSH1 0x0 JUMPDEST DUP4 DUP2 LT ISZERO PUSH2 0x3BA JUMPI DUP1 DUP3 ADD MLOAD DUP2 DUP5 ADD MSTORE PUSH1 0x20 DUP2 ADD SWAP1 POP PUSH2 0x39F JUMP JUMPDEST POP POP POP POP SWAP1 POP SWAP1 DUP2 ADD SWAP1 PUSH1 0x1F AND DUP1 ISZERO PUSH2 0x3E7 JUMPI DUP1 DUP3 SUB DUP1 MLOAD PUSH1 0x1 DUP4 PUSH1 0x20 SUB PUSH2 0x100 EXP SUB NOT AND DUP2 MSTORE PUSH1 0x20 ADD SWAP2 POP JUMPDEST POP SWAP3 POP POP POP PUSH1 0x40 MLOAD DUP1 SWAP2 SUB SWAP1 RETURN JUMPDEST CALLVALUE ISZERO PUSH2 0x400 JUMPI PUSH1 0x0 DUP1 REVERT JUMPDEST PUSH2 0x435 PUSH1 0x4 DUP1 DUP1 CALLDATALOAD PUSH20 0xFFFFFFFFFFFFFFFFFFFFFFFFFFFFFFFFFFFFFFFF AND SWAP1 PUSH1 0x20 ADD SWAP1 SWAP2 SWAP1 DUP1 CALLDATALOAD SWAP1 PUSH1 0x20 ADD SWAP1 SWAP2 SWAP1 POP POP PUSH2 0xACC JUMP JUMPDEST STOP JUMPDEST CALLVALUE ISZERO PUSH2 0x442 JUMPI PUSH1 0x0 DUP1 REVERT JUMPDEST PUSH2 0x4BA PUSH1 0x4 DUP1 DUP1 CALLDATALOAD PUSH20 0xFFFFFFFFFFFFFFFFFFFFFFFFFFFFFFFFFFFFFFFF AND SWAP1 PUSH1 0x20 ADD SWAP1 SWAP2 SWAP1 DUP1 CALLDATALOAD SWAP1 PUSH1 0x20 ADD SWAP1 SWAP2 SWAP1 DUP1 CALLDATALOAD SWAP1 PUSH1 0x20 ADD SWAP1 DUP3 ADD DUP1 CALLDATALOAD SWAP1 PUSH1 0x20 ADD SWAP1 DUP1 DUP1 PUSH1 0x1F ADD PUSH1 0x20 DUP1 SWAP2 DIV MUL PUSH1 0x20 ADD PUSH1 0x40 MLOAD SWAP1 DUP2 ADD PUSH1 0x40 MSTORE DUP1 SWAP4 SWAP3 SWAP2 SWAP1 DUP2 DUP2 MSTORE PUSH1 0x20 ADD DUP4 DUP4 DUP1 DUP3 DUP5 CALLDATACOPY DUP3 ADD SWAP2 POP POP POP POP POP POP SWAP2 SWAP1 POP POP PUSH2 0xADB JUMP JUMPDEST PUSH1 0x40 MLOAD DUP1 DUP3 ISZERO ISZERO ISZERO ISZERO DUP2 MSTORE PUSH1 0x20 ADD SWAP2 POP POP PUSH1 0x40 MLOAD DUP1 SWAP2 SUB SWAP1 RETURN JUMPDEST CALLVALUE ISZERO PUSH2 0x4DF JUMPI PUSH1 0x0 DUP1 REVERT JUMPDEST PUSH2 0x52A PUSH1 0x4 DUP1 DUP1 CALLDATALOAD PUSH20 0xFFFFFFFFFFFFFFFFFFFFFFFFFFFFFFFFFFFFFFFF AND SWAP1 PUSH1 0x20 ADD SWAP1 SWAP2 SWAP1 DUP1 CALLDATALOAD PUSH20 0xFFFFFFFFFFFFFFFFFFFFFFFFFFFFFFFFFFFFFFFF AND SWAP1 PUSH1 0x20 ADD SWAP1 SWAP2 SWAP1 POP POP PUSH2 0xC59 JUMP JUMPDEST PUSH1 0x40 MLOAD DUP1 DUP3 DUP2 MSTORE PUSH1 0x20 ADD SWAP2 POP POP PUSH1 0x40 MLOAD DUP1 SWAP2 SUB SWAP1 RETURN JUMPDEST CALLVALUE ISZERO PUSH2 0x54B JUMPI PUSH1 0x0 DUP1 REVERT JUMPDEST PUSH2 0x577 PUSH1 0x4 DUP1 DUP1 CALLDATALOAD PUSH20 0xFFFFFFFFFFFFFFFFFFFFFFFFFFFFFFFFFFFFFFFF AND SWAP1 PUSH1 0x20 ADD SWAP1 SWAP2 SWAP1 POP POP PUSH2 0xC7E JUMP JUMPDEST STOP JUMPDEST PUSH1 0x1 DUP1 SLOAD PUSH1 0x1 DUP2 PUSH1 0x1 AND ISZERO PUSH2 0x100 MUL SUB AND PUSH1 0x2 SWAP1 DIV DUP1 PUSH1 0x1F ADD PUSH1 0x20 DUP1 SWAP2 DIV MUL PUSH1 0x20 ADD PUSH1 0x40 MLOAD SWAP1 DUP2 ADD PUSH1 0x40 MSTORE DUP1 SWAP3 SWAP2 SWAP1 DUP2 DUP2 MSTORE PUSH1 0x20 ADD DUP3 DUP1 SLOAD PUSH1 0x1 DUP2 PUSH1 0x1 AND ISZERO PUSH2 0x100 MUL SUB AND PUSH1 0x2 SWAP1 DIV DUP1 ISZERO PUSH2 0x60F JUMPI DUP1 PUSH1 0x1F LT PUSH2 0x5E4 JUMPI PUSH2 0x100 DUP1 DUP4 SLOAD DIV MUL DUP4 MSTORE SWAP2 PUSH1 0x20 ADD SWAP2 PUSH2 0x60F JUMP JUMPDEST DUP3 ADD SWAP2 SWAP1 PUSH1 0x0 MSTORE PUSH1 0x20 PUSH1 0x0 KECCAK256 SWAP1 JUMPDEST DUP2 SLOAD DUP2 MSTORE SWAP1 PUSH1 0x1 ADD SWAP1 PUSH1 0x20 ADD DUP1 DUP4 GT PUSH2 0x5F2 JUMPI DUP3 SWAP1 SUB PUSH1 0x1F AND DUP3 ADD SWAP2 JUMPDEST POP POP POP POP POP DUP2 JUMP JUMPDEST PUSH1 0x0 DUP2 PUSH1 0x6 PUSH1 0x0 CALLER PUSH20 0xFFFFFFFFFFFFFFFFFFFFFFFFFFFFFFFFFFFFFFFF AND PUSH20 0xFFFFFFFFFFFFFFFFFFFFFFFFFFFFFFFFFFFFFFFF AND DUP2 MSTORE PUSH1 0x20 ADD SWAP1 DUP2 MSTORE PUSH1 0x20 ADD PUSH1 0x0 KECCAK256 PUSH1 0x0 DUP6 PUSH20 0xFFFFFFFFFFFFFFFFFFFFFFFFFFFFFFFFFFFFFFFF AND PUSH20 0xFFFFFFFFFFFFFFFFFFFFFFFFFFFFFFFFFFFFFFFF AND DUP2 MSTORE PUSH1 0x20 ADD SWAP1 DUP2 MSTORE PUSH1 0x20 ADD PUSH1 0x0 KECCAK256 DUP2 SWAP1 SSTORE POP DUP3 PUSH20 0xFFFFFFFFFFFFFFFFFFFFFFFFFFFFFFFFFFFFFFFF AND CALLER PUSH20 0xFFFFFFFFFFFFFFFFFFFFFFFFFFFFFFFFFFFFFFFF AND PUSH32 0x8C5BE1E5EBEC7D5BD14F71427D1E84F3DD0314C0F7B2291E5B200AC8C7C3B925 DUP5 PUSH1 0x40 MLOAD DUP1 DUP3 DUP2 MSTORE PUSH1 0x20 ADD SWAP2 POP POP PUSH1 0x40 MLOAD DUP1 SWAP2 SUB SWAP1 LOG3 PUSH1 0x1 SWAP1 POP SWAP3 SWAP2 POP POP JUMP JUMPDEST PUSH1 0x4 SLOAD DUP2 JUMP JUMPDEST PUSH1 0x0 PUSH1 0x6 PUSH1 0x0 DUP6 PUSH20 0xFFFFFFFFFFFFFFFFFFFFFFFFFFFFFFFFFFFFFFFF AND PUSH20 0xFFFFFFFFFFFFFFFFFFFFFFFFFFFFFFFFFFFFFFFF AND DUP2 MSTORE PUSH1 0x20 ADD SWAP1 DUP2 MSTORE PUSH1 0x20 ADD PUSH1 0x0 KECCAK256 PUSH1 0x0 CALLER PUSH20 0xFFFFFFFFFFFFFFFFFFFFFFFFFFFFFFFFFFFFFFFF AND PUSH20 0xFFFFFFFFFFFFFFFFFFFFFFFFFFFFFFFFFFFFFFFF AND DUP2 MSTORE PUSH1 0x20 ADD SWAP1 DUP2 MSTORE PUSH1 0x20 ADD PUSH1 0x0 KECCAK256 SLOAD DUP3 GT ISZERO ISZERO ISZERO PUSH2 0x79C JUMPI PUSH1 0x0 DUP1 REVERT JUMPDEST DUP2 PUSH1 0x6 PUSH1 0x0 DUP7 PUSH20 0xFFFFFFFFFFFFFFFFFFFFFFFFFFFFFFFFFFFFFFFF AND PUSH20 0xFFFFFFFFFFFFFFFFFFFFFFFFFFFFFFFFFFFFFFFF AND DUP2 MSTORE PUSH1 0x20 ADD SWAP1 DUP2 MSTORE PUSH1 0x20 ADD PUSH1 0x0 KECCAK256 PUSH1 0x0 CALLER PUSH20 0xFFFFFFFFFFFFFFFFFFFFFFFFFFFFFFFFFFFFFFFF AND PUSH20 0xFFFFFFFFFFFFFFFFFFFFFFFFFFFFFFFFFFFFFFFF AND DUP2 MSTORE PUSH1 0x20 ADD SWAP1 DUP2 MSTORE PUSH1 0x20 ADD PUSH1 0x0 KECCAK256 PUSH1 0x0 DUP3 DUP3 SLOAD SUB SWAP3 POP POP DUP2 SWAP1 SSTORE POP PUSH2 0x831 DUP5 DUP5 DUP5 PUSH2 0xD1C JUMP JUMPDEST PUSH1 0x1 SWAP1 POP SWAP4 SWAP3 POP POP POP JUMP JUMPDEST PUSH1 0x3 PUSH1 0x0 SWAP1 SLOAD SWAP1 PUSH2 0x100 EXP SWAP1 DIV PUSH1 0xFF AND DUP2 JUMP JUMPDEST PUSH1 0x0 PUSH1 0x5 PUSH1 0x0 DUP4 PUSH20 0xFFFFFFFFFFFFFFFFFFFFFFFFFFFFFFFFFFFFFFFF AND PUSH20 0xFFFFFFFFFFFFFFFFFFFFFFFFFFFFFFFFFFFFFFFF AND DUP2 MSTORE PUSH1 0x20 ADD SWAP1 DUP2 MSTORE PUSH1 0x20 ADD PUSH1 0x0 KECCAK256 SLOAD SWAP1 POP SWAP2 SWAP1 POP JUMP JUMPDEST PUSH1 0x0 DUP1 SWAP1 SLOAD SWAP1 PUSH2 0x100 EXP SWAP1 DIV PUSH20 0xFFFFFFFFFFFFFFFFFFFFFFFFFFFFFFFFFFFFFFFF AND PUSH20 0xFFFFFFFFFFFFFFFFFFFFFFFFFFFFFFFFFFFFFFFF AND CALLER PUSH20 0xFFFFFFFFFFFFFFFFFFFFFFFFFFFFFFFFFFFFFFFF AND EQ ISZERO ISZERO PUSH2 0x8F3 JUMPI PUSH1 0x0 DUP1 REVERT JUMPDEST DUP1 PUSH1 0x5 PUSH1 0x0 DUP5 PUSH20 0xFFFFFFFFFFFFFFFFFFFFFFFFFFFFFFFFFFFFFFFF AND PUSH20 0xFFFFFFFFFFFFFFFFFFFFFFFFFFFFFFFFFFFFFFFF AND DUP2 MSTORE PUSH1 0x20 ADD SWAP1 DUP2 MSTORE PUSH1 0x20 ADD PUSH1 0x0 KECCAK256 PUSH1 0x0 DUP3 DUP3 SLOAD ADD SWAP3 POP POP DUP2 SWAP1 SSTORE POP DUP1 PUSH1 0x4 PUSH1 0x0 DUP3 DUP3 SLOAD ADD SWAP3 POP POP DUP2 SWAP1 SSTORE POP ADDRESS PUSH20 0xFFFFFFFFFFFFFFFFFFFFFFFFFFFFFFFFFFFFFFFF AND PUSH1 0x0 PUSH32 0xDDF252AD1BE2C89B69C2B068FC378DAA952BA7F163C4A11628F55A4DF523B3EF DUP4 PUSH1 0x40 MLOAD DUP1 DUP3 DUP2 MSTORE PUSH1 0x20 ADD SWAP2 POP POP PUSH1 0x40 MLOAD DUP1 SWAP2 SUB SWAP1 LOG3 DUP2 PUSH20 0xFFFFFFFFFFFFFFFFFFFFFFFFFFFFFFFFFFFFFFFF AND ADDRESS PUSH20 0xFFFFFFFFFFFFFFFFFFFFFFFFFFFFFFFFFFFFFFFF AND PUSH32 0xDDF252AD1BE2C89B69C2B068FC378DAA952BA7F163C4A11628F55A4DF523B3EF DUP4 PUSH1 0x40 MLOAD DUP1 DUP3 DUP2 MSTORE PUSH1 0x20 ADD SWAP2 POP POP PUSH1 0x40 MLOAD DUP1 SWAP2 SUB SWAP1 LOG3 POP POP JUMP JUMPDEST PUSH1 0x0 DUP1 SWAP1 SLOAD SWAP1 PUSH2 0x100 EXP SWAP1 DIV PUSH20 0xFFFFFFFFFFFFFFFFFFFFFFFFFFFFFFFFFFFFFFFF AND DUP2 JUMP JUMPDEST PUSH1 0x2 DUP1 SLOAD PUSH1 0x1 DUP2 PUSH1 0x1 AND ISZERO PUSH2 0x100 MUL SUB AND PUSH1 0x2 SWAP1 DIV DUP1 PUSH1 0x1F ADD PUSH1 0x20 DUP1 SWAP2 DIV MUL PUSH1 0x20 ADD PUSH1 0x40 MLOAD SWAP1 DUP2 ADD PUSH1 0x40 MSTORE DUP1 SWAP3 SWAP2 SWAP1 DUP2 DUP2 MSTORE PUSH1 0x20 ADD DUP3 DUP1 SLOAD PUSH1 0x1 DUP2 PUSH1 0x1 AND ISZERO PUSH2 0x100 MUL SUB AND PUSH1 0x2 SWAP1 DIV DUP1 ISZERO PUSH2 0xAC4 JUMPI DUP1 PUSH1 0x1F LT PUSH2 0xA99 JUMPI PUSH2 0x100 DUP1 DUP4 SLOAD DIV MUL DUP4 MSTORE SWAP2 PUSH1 0x20 ADD SWAP2 PUSH2 0xAC4 JUMP JUMPDEST DUP3 ADD SWAP2 SWAP1 PUSH1 0x0 MSTORE PUSH1 0x20 PUSH1 0x0 KECCAK256 SWAP1 JUMPDEST DUP2 SLOAD DUP2 MSTORE SWAP1 PUSH1 0x1 ADD SWAP1 PUSH1 0x20 ADD DUP1 DUP4 GT PUSH2 0xAA7 JUMPI DUP3 SWAP1 SUB PUSH1 0x1F AND DUP3 ADD SWAP2 JUMPDEST POP POP POP POP POP DUP2 JUMP JUMPDEST PUSH2 0xAD7 CALLER DUP4 DUP4 PUSH2 0xD1C JUMP JUMPDEST POP POP JUMP JUMPDEST PUSH1 0x0 DUP1 DUP5 SWAP1 POP PUSH2 0xAEB DUP6 DUP6 PUSH2 0x617 JUMP JUMPDEST ISZERO PUSH2 0xC50 JUMPI DUP1 PUSH20 0xFFFFFFFFFFFFFFFFFFFFFFFFFFFFFFFFFFFFFFFF AND PUSH4 0x8F4FFCB1 CALLER DUP7 ADDRESS DUP8 PUSH1 0x40 MLOAD DUP6 PUSH4 0xFFFFFFFF AND PUSH29 0x100000000000000000000000000000000000000000000000000000000 MUL DUP2 MSTORE PUSH1 0x4 ADD DUP1 DUP6 PUSH20 0xFFFFFFFFFFFFFFFFFFFFFFFFFFFFFFFFFFFFFFFF AND PUSH20 0xFFFFFFFFFFFFFFFFFFFFFFFFFFFFFFFFFFFFFFFF AND DUP2 MSTORE PUSH1 0x20 ADD DUP5 DUP2 MSTORE PUSH1 0x20 ADD DUP4 PUSH20 0xFFFFFFFFFFFFFFFFFFFFFFFFFFFFFFFFFFFFFFFF AND PUSH20 0xFFFFFFFFFFFFFFFFFFFFFFFFFFFFFFFFFFFFFFFF AND DUP2 MSTORE PUSH1 0x20 ADD DUP1 PUSH1 0x20 ADD DUP3 DUP2 SUB DUP3 MSTORE DUP4 DUP2 DUP2 MLOAD DUP2 MSTORE PUSH1 0x20 ADD SWAP2 POP DUP1 MLOAD SWAP1 PUSH1 0x20 ADD SWAP1 DUP1 DUP4 DUP4 PUSH1 0x0 JUMPDEST DUP4 DUP2 LT ISZERO PUSH2 0xBE5 JUMPI DUP1 DUP3 ADD MLOAD DUP2 DUP5 ADD MSTORE PUSH1 0x20 DUP2 ADD SWAP1 POP PUSH2 0xBCA JUMP JUMPDEST POP POP POP POP SWAP1 POP SWAP1 DUP2 ADD SWAP1 PUSH1 0x1F AND DUP1 ISZERO PUSH2 0xC12 JUMPI DUP1 DUP3 SUB DUP1 MLOAD PUSH1 0x1 DUP4 PUSH1 0x20 SUB PUSH2 0x100 EXP SUB NOT AND DUP2 MSTORE PUSH1 0x20 ADD SWAP2 POP JUMPDEST POP SWAP6 POP POP POP POP POP POP PUSH1 0x0 PUSH1 0x40 MLOAD DUP1 DUP4 SUB DUP2 PUSH1 0x0 DUP8 DUP1 EXTCODESIZE ISZERO ISZERO PUSH2 0xC33 JUMPI PUSH1 0x0 DUP1 REVERT JUMPDEST PUSH2 0x2C6 GAS SUB CALL ISZERO ISZERO PUSH2 0xC44 JUMPI PUSH1 0x0 DUP1 REVERT JUMPDEST POP POP POP PUSH1 0x1 SWAP2 POP PUSH2 0xC51 JUMP JUMPDEST JUMPDEST POP SWAP4 SWAP3 POP POP POP JUMP JUMPDEST PUSH1 0x6 PUSH1 0x20 MSTORE DUP2 PUSH1 0x0 MSTORE PUSH1 0x40 PUSH1 0x0 KECCAK256 PUSH1 0x20 MSTORE DUP1 PUSH1 0x0 MSTORE PUSH1 0x40 PUSH1 0x0 KECCAK256 PUSH1 0x0 SWAP2 POP SWAP2 POP POP SLOAD DUP2 JUMP JUMPDEST PUSH1 0x0 DUP1 SWAP1 SLOAD SWAP1 PUSH2 0x100 EXP SWAP1 DIV PUSH20 0xFFFFFFFFFFFFFFFFFFFFFFFFFFFFFFFFFFFFFFFF AND PUSH20 0xFFFFFFFFFFFFFFFFFFFFFFFFFFFFFFFFFFFFFFFF AND CALLER PUSH20 0xFFFFFFFFFFFFFFFFFFFFFFFFFFFFFFFFFFFFFFFF AND EQ ISZERO ISZERO PUSH2 0xCD9 JUMPI PUSH1 0x0 DUP1 REVERT JUMPDEST DUP1 PUSH1 0x0 DUP1 PUSH2 0x100 EXP DUP2 SLOAD DUP2 PUSH20 0xFFFFFFFFFFFFFFFFFFFFFFFFFFFFFFFFFFFFFFFF MUL NOT AND SWAP1 DUP4 PUSH20 0xFFFFFFFFFFFFFFFFFFFFFFFFFFFFFFFFFFFFFFFF AND MUL OR SWAP1 SSTORE POP POP JUMP JUMPDEST PUSH1 0x0 DUP3 PUSH20 0xFFFFFFFFFFFFFFFFFFFFFFFFFFFFFFFFFFFFFFFF AND EQ ISZERO ISZERO ISZERO PUSH2 0xD42 JUMPI PUSH1 0x0 DUP1 REVERT JUMPDEST DUP1 PUSH1 0x5 PUSH1 0x0 DUP6 PUSH20 0xFFFFFFFFFFFFFFFFFFFFFFFFFFFFFFFFFFFFFFFF AND PUSH20 0xFFFFFFFFFFFFFFFFFFFFFFFFFFFFFFFFFFFFFFFF AND DUP2 MSTORE PUSH1 0x20 ADD SWAP1 DUP2 MSTORE PUSH1 0x20 ADD PUSH1 0x0 KECCAK256 SLOAD LT ISZERO ISZERO ISZERO PUSH2 0xD90 JUMPI PUSH1 0x0 DUP1 REVERT JUMPDEST PUSH1 0x5 PUSH1 0x0 DUP4 PUSH20 0xFFFFFFFFFFFFFFFFFFFFFFFFFFFFFFFFFFFFFFFF AND PUSH20 0xFFFFFFFFFFFFFFFFFFFFFFFFFFFFFFFFFFFFFFFF AND DUP2 MSTORE PUSH1 0x20 ADD SWAP1 DUP2 MSTORE PUSH1 0x20 ADD PUSH1 0x0 KECCAK256 SLOAD DUP2 PUSH1 0x5 PUSH1 0x0 DUP6 PUSH20 0xFFFFFFFFFFFFFFFFFFFFFFFFFFFFFFFFFFFFFFFF AND PUSH20 0xFFFFFFFFFFFFFFFFFFFFFFFFFFFFFFFFFFFFFFFF AND DUP2 MSTORE PUSH1 0x20 ADD SWAP1 DUP2 MSTORE PUSH1 0x20 ADD PUSH1 0x0 KECCAK256 SLOAD ADD GT ISZERO ISZERO PUSH2 0xE1E JUMPI PUSH1 0x0 DUP1 REVERT JUMPDEST DUP1 PUSH1 0x5 PUSH1 0x0 DUP6 PUSH20 0xFFFFFFFFFFFFFFFFFFFFFFFFFFFFFFFFFFFFFFFF AND PUSH20 0xFFFFFFFFFFFFFFFFFFFFFFFFFFFFFFFFFFFFFFFF AND DUP2 MSTORE PUSH1 0x20 ADD SWAP1 DUP2 MSTORE PUSH1 0x20 ADD PUSH1 0x0 KECCAK256 PUSH1 0x0 DUP3 DUP3 SLOAD SUB SWAP3 POP POP DUP2 SWAP1 SSTORE POP DUP1 PUSH1 0x5 PUSH1 0x0 DUP5 PUSH20 0xFFFFFFFFFFFFFFFFFFFFFFFFFFFFFFFFFFFFFFFF AND PUSH20 0xFFFFFFFFFFFFFFFFFFFFFFFFFFFFFFFFFFFFFFFF AND DUP2 MSTORE PUSH1 0x20 ADD SWAP1 DUP2 MSTORE PUSH1 0x20 ADD PUSH1 0x0 KECCAK256 PUSH1 0x0 DUP3 DUP3 SLOAD ADD SWAP3 POP POP DUP2 SWAP1 SSTORE POP DUP2 PUSH20 0xFFFFFFFFFFFFFFFFFFFFFFFFFFFFFFFFFFFFFFFF AND DUP4 PUSH20 0xFFFFFFFFFFFFFFFFFFFFFFFFFFFFFFFFFFFFFFFF AND PUSH32 0xDDF252AD1BE2C89B69C2B068FC378DAA952BA7F163C4A11628F55A4DF523B3EF DUP4 PUSH1 0x40 MLOAD DUP1 DUP3 DUP2 MSTORE PUSH1 0x20 ADD SWAP2 POP POP PUSH1 0x40 MLOAD DUP1 SWAP2 SUB SWAP1 LOG3 POP POP POP JUMP STOP LOG1 PUSH6 0x627A7A723058 KECCAK256 SWAP4 EXTCODESIZE DUP12 0xc4 SHL 0x4c 0xca DUP6 DUP1 0x5e CALLCODE PUSH32 0x787FF4F191CFB7BFBE8B9623B7FE9EA50360128D002900000000000000000000
1,PUSH1 0x60 PUSH1 0x40 MSTORE CALLVALUE ISZERO PUSH2 0xF JUMPI PUSH1 0x0 DUP1 REVERT JUMPDEST PUSH1 0x40 MLOAD PUSH1 0x60 DUP1 PUSH2 0x14F2 DUP4 CODECOPY DUP2 ADD PUSH1 0x40 MSTORE DUP1 DUP1 MLOAD SWAP1 PUSH1 0x20 ADD SWAP1 SWAP2 SWAP1 DUP1 MLOAD SWAP1 PUSH1 0x20 ADD SWAP1 SWAP2 SWAP1 DUP1 MLOAD SWAP1 PUSH1 0x20 ADD SWAP1 SWAP2 SWAP1 POP POP PUSH1 0x0 DUP4 PUSH20 0xFFFFFFFFFFFFFFFFFFFFFFFFFFFFFFFFFFFFFFFF AND EQ DUP1 PUSH2 0x62 JUMPI POP PUSH1 0x0 DUP3 EQ JUMPDEST DUP1 PUSH2 0x6D JUMPI POP PUSH1 0x0 DUP2 EQ JUMPDEST ISZERO PUSH2 0x77 JUMPI PUSH1 0x0 DUP1 REVERT JUMPDEST CALLER PUSH1 0x2 PUSH1 0x0 PUSH2 0x100 EXP DUP2 SLOAD DUP2 PUSH20 0xFFFFFFFFFFFFFFFFFFFFFFFFFFFFFFFFFFFFFFFF MUL NOT AND SWAP1 DUP4 PUSH20 0xFFFFFFFFFFFFFFFFFFFFFFFFFFFFFFFFFFFFFFFF AND MUL OR SWAP1 SSTORE POP DUP3 PUSH1 0x1 PUSH1 0x0 PUSH2 0x100 EXP DUP2 SLOAD DUP2 PUSH20 0xFFFFFFFFFFFFFFFFFFFFFFFFFFFFFFFFFFFFFFFF MUL NOT AND SWAP1 DUP4 PUSH20 0xFFFFFFFFFFFFFFFFFFFFFFFFFFFFFFFFFFFFFFFF AND MUL OR SWAP1 SSTORE POP DUP2 PUSH1 0x3 DUP2 SWAP1 SSTORE POP DUP1 PUSH1 0x4 DUP2 SWAP1 SSTORE POP PUSH1 0x0 PUSH1 0xA PUSH1 0x0 PUSH2 0x100 EXP DUP2 SLOAD DUP2 PUSH1 0xFF MUL NOT AND SWAP1 DUP4 PUSH1 0x4 DUP2 GT ISZERO PUSH2 0x126 JUMPI INVALID JUMPDEST MUL OR SWAP1 SSTORE POP POP POP POP PUSH2 0x13B5 DUP1 PUSH2 0x13D PUSH1 0x0 CODECOPY PUSH1 0x0 RETURN STOP PUSH1 0x60 PUSH1 0x40 MSTORE PUSH1 0x4 CALLDATASIZE LT PUSH2 0x128 JUMPI PUSH1 0x0 CALLDATALOAD PUSH29 0x100000000000000000000000000000000000000000000000000000000 SWAP1 DIV PUSH4 0xFFFFFFFF AND DUP1 PUSH4 0x17F5DE95 EQ PUSH2 0x12D JUMPI DUP1 PUSH4 0x3197CBB6 EQ PUSH2 0x156 JUMPI DUP1 PUSH4 0x36D02C94 EQ PUSH2 0x17F JUMPI DUP1 PUSH4 0x39F64B52 EQ PUSH2 0x1AB JUMPI DUP1 PUSH4 0x48CD4CB1 EQ PUSH2 0x1D4 JUMPI DUP1 PUSH4 0x521EB273 EQ PUSH2 0x1FD JUMPI DUP1 PUSH4 0x60FD902C EQ PUSH2 0x252 JUMPI DUP1 PUSH4 0x62EA82DB EQ PUSH2 0x2A7 JUMPI DUP1 PUSH4 0x66D38203 EQ PUSH2 0x2F4 JUMPI DUP1 PUSH4 0x6B64C769 EQ PUSH2 0x32D JUMPI DUP1 PUSH4 0x6F85C7E4 EQ PUSH2 0x342 JUMPI DUP1 PUSH4 0x753ED1BD EQ PUSH2 0x36B JUMPI DUP1 PUSH4 0x8DA5CB5B EQ PUSH2 0x394 JUMPI DUP1 PUSH4 0x9CF5453D EQ PUSH2 0x3E9 JUMPI DUP1 PUSH4 0xA3C2C462 EQ PUSH2 0x42B JUMPI DUP1 PUSH4 0xA6B513EE EQ PUSH2 0x454 JUMPI DUP1 PUSH4 0xC040E6B8 EQ PUSH2 0x47D JUMPI DUP1 PUSH4 0xC062F578 EQ PUSH2 0x4B4 JUMPI DUP1 PUSH4 0xD9F8A4E2 EQ PUSH2 0x4EB JUMPI DUP1 PUSH4 0xDD9DD688 EQ PUSH2 0x514 JUMPI DUP1 PUSH4 0xDF8DE3E7 EQ PUSH2 0x53D JUMPI DUP1 PUSH4 0xDFB2866D EQ PUSH2 0x576 JUMPI JUMPDEST PUSH1 0x0 DUP1 REVERT JUMPDEST CALLVALUE ISZERO PUSH2 0x138 JUMPI PUSH1 0x0 DUP1 REVERT JUMPDEST PUSH2 0x140 PUSH2 0x59F JUMP JUMPDEST PUSH1 0x40 MLOAD DUP1 DUP3 DUP2 MSTORE PUSH1 0x20 ADD SWAP2 POP POP PUSH1 0x40 MLOAD DUP1 SWAP2 SUB SWAP1 RETURN JUMPDEST CALLVALUE ISZERO PUSH2 0x161 JUMPI PUSH1 0x0 DUP1 REVERT JUMPDEST PUSH2 0x169 PUSH2 0x5AE JUMP JUMPDEST PUSH1 0x40 MLOAD DUP1 DUP3 DUP2 MSTORE PUSH1 0x20 ADD SWAP2 POP POP PUSH1 0x40 MLOAD DUP1 SWAP2 SUB SWAP1 RETURN JUMPDEST CALLVALUE ISZERO PUSH2 0x18A JUMPI PUSH1 0x0 DUP1 REVERT JUMPDEST PUSH2 0x1A9 PUSH1 0x4 DUP1 DUP1 CALLDATALOAD SWAP1 PUSH1 0x20 ADD SWAP1 SWAP2 SWAP1 DUP1 CALLDATALOAD SWAP1 PUSH1 0x20 ADD SWAP1 SWAP2 SWAP1 POP POP PUSH2 0x5B4 JUMP JUMPDEST STOP JUMPDEST CALLVALUE ISZERO PUSH2 0x1B6 JUMPI PUSH1 0x0 DUP1 REVERT JUMPDEST PUSH2 0x1BE PUSH2 0x658 JUMP JUMPDEST PUSH1 0x40 MLOAD DUP1 DUP3 DUP2 MSTORE PUSH1 0x20 ADD SWAP2 POP POP PUSH1 0x40 MLOAD DUP1 SWAP2 SUB SWAP1 RETURN JUMPDEST CALLVALUE ISZERO PUSH2 0x1DF JUMPI PUSH1 0x0 DUP1 REVERT JUMPDEST PUSH2 0x1E7 PUSH2 0x682 JUMP JUMPDEST PUSH1 0x40 MLOAD DUP1 DUP3 DUP2 MSTORE PUSH1 0x20 ADD SWAP2 POP POP PUSH1 0x40 MLOAD DUP1 SWAP2 SUB SWAP1 RETURN JUMPDEST CALLVALUE ISZERO PUSH2 0x208 JUMPI PUSH1 0x0 DUP1 REVERT JUMPDEST PUSH2 0x210 PUSH2 0x688 JUMP JUMPDEST PUSH1 0x40 MLOAD DUP1 DUP3 PUSH20 0xFFFFFFFFFFFFFFFFFFFFFFFFFFFFFFFFFFFFFFFF AND PUSH20 0xFFFFFFFFFFFFFFFFFFFFFFFFFFFFFFFFFFFFFFFF AND DUP2 MSTORE PUSH1 0x20 ADD SWAP2 POP POP PUSH1 0x40 MLOAD DUP1 SWAP2 SUB SWAP1 RETURN JUMPDEST CALLVALUE ISZERO PUSH2 0x25D JUMPI PUSH1 0x0 DUP1 REVERT JUMPDEST PUSH2 0x265 PUSH2 0x6AE JUMP JUMPDEST PUSH1 0x40 MLOAD DUP1 DUP3 PUSH20 0xFFFFFFFFFFFFFFFFFFFFFFFFFFFFFFFFFFFFFFFF AND PUSH20 0xFFFFFFFFFFFFFFFFFFFFFFFFFFFFFFFFFFFFFFFF AND DUP2 MSTORE PUSH1 0x20 ADD SWAP2 POP POP PUSH1 0x40 MLOAD DUP1 SWAP2 SUB SWAP1 RETURN JUMPDEST CALLVALUE ISZERO PUSH2 0x2B2 JUMPI PUSH1 0x0 DUP1 REVERT JUMPDEST PUSH2 0x2DE PUSH1 0x4 DUP1 DUP1 CALLDATALOAD PUSH20 0xFFFFFFFFFFFFFFFFFFFFFFFFFFFFFFFFFFFFFFFF AND SWAP1 PUSH1 0x20 ADD SWAP1 SWAP2 SWAP1 POP POP PUSH2 0x6D3 JUMP JUMPDEST PUSH1 0x40 MLOAD DUP1 DUP3 DUP2 MSTORE PUSH1 0x20 ADD SWAP2 POP POP PUSH1 0x40 MLOAD DUP1 SWAP2 SUB SWAP1 RETURN JUMPDEST CALLVALUE ISZERO PUSH2 0x2FF JUMPI PUSH1 0x0 DUP1 REVERT JUMPDEST PUSH2 0x32B PUSH1 0x4 DUP1 DUP1 CALLDATALOAD PUSH20 0xFFFFFFFFFFFFFFFFFFFFFFFFFFFFFFFFFFFFFFFF AND SWAP1 PUSH1 0x20 ADD SWAP1 SWAP2 SWAP1 POP POP PUSH2 0x6EB JUMP JUMPDEST STOP JUMPDEST CALLVALUE ISZERO PUSH2 0x338 JUMPI PUSH1 0x0 DUP1 REVERT JUMPDEST PUSH2 0x340 PUSH2 0x8FF JUMP JUMPDEST STOP JUMPDEST CALLVALUE ISZERO PUSH2 0x34D JUMPI PUSH1 0x0 DUP1 REVERT JUMPDEST PUSH2 0x355 PUSH2 0x9BE JUMP JUMPDEST PUSH1 0x40 MLOAD DUP1 DUP3 DUP2 MSTORE PUSH1 0x20 ADD SWAP2 POP POP PUSH1 0x40 MLOAD DUP1 SWAP2 SUB SWAP1 RETURN JUMPDEST CALLVALUE ISZERO PUSH2 0x376 JUMPI PUSH1 0x0 DUP1 REVERT JUMPDEST PUSH2 0x37E PUSH2 0x9C5 JUMP JUMPDEST PUSH1 0x40 MLOAD DUP1 DUP3 DUP2 MSTORE PUSH1 0x20 ADD SWAP2 POP POP PUSH1 0x40 MLOAD DUP1 SWAP2 SUB SWAP1 RETURN JUMPDEST CALLVALUE ISZERO PUSH2 0x39F JUMPI PUSH1 0x0 DUP1 REVERT JUMPDEST PUSH2 0x3A7 PUSH2 0x9CB JUMP JUMPDEST PUSH1 0x40 MLOAD DUP1 DUP3 PUSH20 0xFFFFFFFFFFFFFFFFFFFFFFFFFFFFFFFFFFFFFFFF AND PUSH20 0xFFFFFFFFFFFFFFFFFFFFFFFFFFFFFFFFFFFFFFFF AND DUP2 MSTORE PUSH1 0x20 ADD SWAP2 POP POP PUSH1 0x40 MLOAD DUP1 SWAP2 SUB SWAP1 RETURN JUMPDEST PUSH2 0x415 PUSH1 0x4 DUP1 DUP1 CALLDATALOAD PUSH20 0xFFFFFFFFFFFFFFFFFFFFFFFFFFFFFFFFFFFFFFFF AND SWAP1 PUSH1 0x20 ADD SWAP1 SWAP2 SWAP1 POP POP PUSH2 0x9F1 JUMP JUMPDEST PUSH1 0x40 MLOAD DUP1 DUP3 DUP2 MSTORE PUSH1 0x20 ADD SWAP2 POP POP PUSH1 0x40 MLOAD DUP1 SWAP2 SUB SWAP1 RETURN JUMPDEST CALLVALUE ISZERO PUSH2 0x436 JUMPI PUSH1 0x0 DUP1 REVERT JUMPDEST PUSH2 0x43E PUSH2 0xCED JUMP JUMPDEST PUSH1 0x40 MLOAD DUP1 DUP3 DUP2 MSTORE PUSH1 0x20 ADD SWAP2 POP POP PUSH1 0x40 MLOAD DUP1 SWAP2 SUB SWAP1 RETURN JUMPDEST CALLVALUE ISZERO PUSH2 0x45F JUMPI PUSH1 0x0 DUP1 REVERT JUMPDEST PUSH2 0x467 PUSH2 0xCF3 JUMP JUMPDEST PUSH1 0x40 MLOAD DUP1 DUP3 DUP2 MSTORE PUSH1 0x20 ADD SWAP2 POP POP PUSH1 0x40 MLOAD DUP1 SWAP2 SUB SWAP1 RETURN JUMPDEST CALLVALUE ISZERO PUSH2 0x488 JUMPI PUSH1 0x0 DUP1 REVERT JUMPDEST PUSH2 0x490 PUSH2 0xCF9 JUMP JUMPDEST PUSH1 0x40 MLOAD DUP1 DUP3 PUSH1 0x4 DUP2 GT ISZERO PUSH2 0x4A0 JUMPI INVALID JUMPDEST PUSH1 0xFF AND DUP2 MSTORE PUSH1 0x20 ADD SWAP2 POP POP PUSH1 0x40 MLOAD DUP1 SWAP2 SUB SWAP1 RETURN JUMPDEST CALLVALUE ISZERO PUSH2 0x4BF JUMPI PUSH1 0x0 DUP1 REVERT JUMPDEST PUSH2 0x4C7 PUSH2 0xD0C JUMP JUMPDEST PUSH1 0x40 MLOAD DUP1 DUP3 PUSH1 0x4 DUP2 GT ISZERO PUSH2 0x4D7 JUMPI INVALID JUMPDEST PUSH1 0xFF AND DUP2 MSTORE PUSH1 0x20 ADD SWAP2 POP POP PUSH1 0x40 MLOAD DUP1 SWAP2 SUB SWAP1 RETURN JUMPDEST CALLVALUE ISZERO PUSH2 0x4F6 JUMPI PUSH1 0x0 DUP1 REVERT JUMPDEST PUSH2 0x4FE PUSH2 0xDD9 JUMP JUMPDEST PUSH1 0x40 MLOAD DUP1 DUP3 DUP2 MSTORE PUSH1 0x20 ADD SWAP2 POP POP PUSH1 0x40 MLOAD DUP1 SWAP2 SUB SWAP1 RETURN JUMPDEST CALLVALUE ISZERO PUSH2 0x51F JUMPI PUSH1 0x0 DUP1 REVERT JUMPDEST PUSH2 0x527 PUSH2 0xF06 JUMP JUMPDEST PUSH1 0x40 MLOAD DUP1 DUP3 DUP2 MSTORE PUSH1 0x20 ADD SWAP2 POP POP PUSH1 0x40 MLOAD DUP1 SWAP2 SUB SWAP1 RETURN JUMPDEST CALLVALUE ISZERO PUSH2 0x548 JUMPI PUSH1 0x0 DUP1 REVERT JUMPDEST PUSH2 0x574 PUSH1 0x4 DUP1 DUP1 CALLDATALOAD PUSH20 0xFFFFFFFFFFFFFFFFFFFFFFFFFFFFFFFFFFFFFFFF AND SWAP1 PUSH1 0x20 ADD SWAP1 SWAP2 SWAP1 POP POP PUSH2 0xF33 JUMP JUMPDEST STOP JUMPDEST CALLVALUE ISZERO PUSH2 0x581 JUMPI PUSH1 0x0 DUP1 REVERT JUMPDEST PUSH2 0x589 PUSH2 0x11F2 JUMP JUMPDEST PUSH1 0x40 MLOAD DUP1 DUP3 DUP2 MSTORE PUSH1 0x20 ADD SWAP2 POP POP PUSH1 0x40 MLOAD DUP1 SWAP2 SUB SWAP1 RETURN JUMPDEST PUSH11 0x771D2FA45345AA9000000 DUP2 JUMP JUMPDEST PUSH1 0x6 SLOAD DUP2 JUMP JUMPDEST PUSH1 0x1 PUSH1 0x0 SWAP1 SLOAD SWAP1 PUSH2 0x100 EXP SWAP1 DIV PUSH20 0xFFFFFFFFFFFFFFFFFFFFFFFFFFFFFFFFFFFFFFFF AND PUSH20 0xFFFFFFFFFFFFFFFFFFFFFFFFFFFFFFFFFFFFFFFF AND CALLER PUSH20 0xFFFFFFFFFFFFFFFFFFFFFFFFFFFFFFFFFFFFFFFF AND EQ ISZERO ISZERO PUSH2 0x610 JUMPI PUSH1 0x0 DUP1 REVERT JUMPDEST PUSH1 0x1 DUP1 PUSH1 0x4 DUP2 GT ISZERO PUSH2 0x61E JUMPI INVALID JUMPDEST PUSH1 0xA PUSH1 0x0 SWAP1 SLOAD SWAP1 PUSH2 0x100 EXP SWAP1 DIV PUSH1 0xFF AND PUSH1 0x4 DUP2 GT ISZERO PUSH2 0x639 JUMPI INVALID JUMPDEST EQ ISZERO ISZERO PUSH2 0x645 JUMPI PUSH1 0x0 DUP1 REVERT JUMPDEST DUP3 PUSH1 0x3 DUP2 SWAP1 SSTORE POP DUP2 PUSH1 0x4 DUP2 SWAP1 SSTORE POP POP POP POP JUMP JUMPDEST PUSH1 0x0 PUSH1 0x1 PUSH2 0x1D4C PUSH1 0x5 SLOAD NUMBER SUB ADD PUSH8 0xDE0B6B3A7640000 PUSH1 0x4 SLOAD MUL DUP2 ISZERO ISZERO PUSH2 0x67B JUMPI INVALID JUMPDEST DIV ADD SWAP1 POP SWAP1 JUMP JUMPDEST PUSH1 0x5 SLOAD DUP2 JUMP JUMPDEST PUSH1 0x1 PUSH1 0x0 SWAP1 SLOAD SWAP1 PUSH2 0x100 EXP SWAP1 DIV PUSH20 0xFFFFFFFFFFFFFFFFFFFFFFFFFFFFFFFFFFFFFFFF AND DUP2 JUMP JUMPDEST PUSH1 0x0 DUP1 SWAP1 SLOAD SWAP1 PUSH2 0x100 EXP SWAP1 DIV PUSH20 0xFFFFFFFFFFFFFFFFFFFFFFFFFFFFFFFFFFFFFFFF AND DUP2 JUMP JUMPDEST PUSH1 0x9 PUSH1 0x20 MSTORE DUP1 PUSH1 0x0 MSTORE PUSH1 0x40 PUSH1 0x0 KECCAK256 PUSH1 0x0 SWAP2 POP SWAP1 POP SLOAD DUP2 JUMP JUMPDEST PUSH1 0x2 PUSH1 0x0 SWAP1 SLOAD SWAP1 PUSH2 0x100 EXP SWAP1 DIV PUSH20 0xFFFFFFFFFFFFFFFFFFFFFFFFFFFFFFFFFFFFFFFF AND PUSH20 0xFFFFFFFFFFFFFFFFFFFFFFFFFFFFFFFFFFFFFFFF AND CALLER PUSH20 0xFFFFFFFFFFFFFFFFFFFFFFFFFFFFFFFFFFFFFFFF AND EQ ISZERO ISZERO PUSH2 0x747 JUMPI PUSH1 0x0 DUP1 REVERT JUMPDEST PUSH1 0x0 DUP1 PUSH1 0x4 DUP2 GT ISZERO PUSH2 0x755 JUMPI INVALID JUMPDEST PUSH1 0xA PUSH1 0x0 SWAP1 SLOAD SWAP1 PUSH2 0x100 EXP SWAP1 DIV PUSH1 0xFF AND PUSH1 0x4 DUP2 GT ISZERO PUSH2 0x770 JUMPI INVALID JUMPDEST EQ ISZERO ISZERO PUSH2 0x77C JUMPI PUSH1 0x0 DUP1 REVERT JUMPDEST PUSH1 0x0 DUP3 PUSH20 0xFFFFFFFFFFFFFFFFFFFFFFFFFFFFFFFFFFFFFFFF AND EQ ISZERO PUSH2 0x7A0 JUMPI PUSH1 0x0 DUP1 REVERT JUMPDEST DUP2 PUSH1 0x0 DUP1 PUSH2 0x100 EXP DUP2 SLOAD DUP2 PUSH20 0xFFFFFFFFFFFFFFFFFFFFFFFFFFFFFFFFFFFFFFFF MUL NOT AND SWAP1 DUP4 PUSH20 0xFFFFFFFFFFFFFFFFFFFFFFFFFFFFFFFFFFFFFFFF AND MUL OR SWAP1 SSTORE POP PUSH11 0x771D2FA45345AA9000000 PUSH1 0x0 DUP1 SWAP1 SLOAD SWAP1 PUSH2 0x100 EXP SWAP1 DIV PUSH20 0xFFFFFFFFFFFFFFFFFFFFFFFFFFFFFFFFFFFFFFFF AND PUSH20 0xFFFFFFFFFFFFFFFFFFFFFFFFFFFFFFFFFFFFFFFF AND PUSH4 0x70A08231 ADDRESS PUSH1 0x0 PUSH1 0x40 MLOAD PUSH1 0x20 ADD MSTORE PUSH1 0x40 MLOAD DUP3 PUSH4 0xFFFFFFFF AND PUSH29 0x100000000000000000000000000000000000000000000000000000000 MUL DUP2 MSTORE PUSH1 0x4 ADD DUP1 DUP3 PUSH20 0xFFFFFFFFFFFFFFFFFFFFFFFFFFFFFFFFFFFFFFFF AND PUSH20 0xFFFFFFFFFFFFFFFFFFFFFFFFFFFFFFFFFFFFFFFF AND DUP2 MSTORE PUSH1 0x20 ADD SWAP2 POP POP PUSH1 0x20 PUSH1 0x40 MLOAD DUP1 DUP4 SUB DUP2 PUSH1 0x0 DUP8 DUP1 EXTCODESIZE ISZERO ISZERO PUSH2 0x8B0 JUMPI PUSH1 0x0 DUP1 REVERT JUMPDEST PUSH2 0x2C6 GAS SUB CALL ISZERO ISZERO PUSH2 0x8C1 JUMPI PUSH1 0x0 DUP1 REVERT JUMPDEST POP POP POP PUSH1 0x40 MLOAD DUP1 MLOAD SWAP1 POP EQ ISZERO ISZERO PUSH2 0x8D7 JUMPI PUSH1 0x0 DUP1 REVERT JUMPDEST PUSH1 0x1 PUSH1 0xA PUSH1 0x0 PUSH2 0x100 EXP DUP2 SLOAD DUP2 PUSH1 0xFF MUL NOT AND SWAP1 DUP4 PUSH1 0x4 DUP2 GT ISZERO PUSH2 0x8F6 JUMPI INVALID JUMPDEST MUL OR SWAP1 SSTORE POP POP POP JUMP JUMPDEST PUSH1 0x1 PUSH1 0x0 SWAP1 SLOAD SWAP1 PUSH2 0x100 EXP SWAP1 DIV PUSH20 0xFFFFFFFFFFFFFFFFFFFFFFFFFFFFFFFFFFFFFFFF AND PUSH20 0xFFFFFFFFFFFFFFFFFFFFFFFFFFFFFFFFFFFFFFFF AND CALLER PUSH20 0xFFFFFFFFFFFFFFFFFFFFFFFFFFFFFFFFFFFFFFFF AND EQ ISZERO ISZERO PUSH2 0x95B JUMPI PUSH1 0x0 DUP1 REVERT JUMPDEST PUSH1 0x1 DUP1 PUSH1 0x4 DUP2 GT ISZERO PUSH2 0x969 JUMPI INVALID JUMPDEST PUSH1 0xA PUSH1 0x0 SWAP1 SLOAD SWAP1 PUSH2 0x100 EXP SWAP1 DIV PUSH1 0xFF AND PUSH1 0x4 DUP2 GT ISZERO PUSH2 0x984 JUMPI INVALID JUMPDEST EQ ISZERO ISZERO PUSH2 0x990 JUMPI PUSH1 0x0 DUP1 REVERT JUMPDEST PUSH1 0x2 PUSH1 0xA PUSH1 0x0 PUSH2 0x100 EXP DUP2 SLOAD DUP2 PUSH1 0xFF MUL NOT AND SWAP1 DUP4 PUSH1 0x4 DUP2 GT ISZERO PUSH2 0x9AF JUMPI INVALID JUMPDEST MUL OR SWAP1 SSTORE POP NUMBER PUSH1 0x5 DUP2 SWAP1 SSTORE POP POP JUMP JUMPDEST PUSH3 0x93A80 DUP2 JUMP JUMPDEST PUSH1 0x3 SLOAD DUP2 JUMP JUMPDEST PUSH1 0x2 PUSH1 0x0 SWAP1 SLOAD SWAP1 PUSH2 0x100 EXP SWAP1 DIV PUSH20 0xFFFFFFFFFFFFFFFFFFFFFFFFFFFFFFFFFFFFFFFF AND DUP2 JUMP JUMPDEST PUSH1 0x0 DUP1 PUSH1 0x0 PUSH1 0x4 PUSH1 0x0 CALLDATASIZE SWAP1 POP EQ ISZERO DUP1 ISZERO PUSH2 0xA10 JUMPI POP PUSH1 0x24 PUSH1 0x0 CALLDATASIZE SWAP1 POP EQ ISZERO JUMPDEST ISZERO PUSH2 0xA1A JUMPI PUSH1 0x0 DUP1 REVERT JUMPDEST PUSH1 0x2 PUSH1 0x4 DUP2 GT ISZERO PUSH2 0xA27 JUMPI INVALID JUMPDEST PUSH1 0xA PUSH1 0x0 SWAP1 SLOAD SWAP1 PUSH2 0x100 EXP SWAP1 DIV PUSH1 0xFF AND PUSH1 0x4 DUP2 GT ISZERO PUSH2 0xA42 JUMPI INVALID JUMPDEST EQ DUP1 ISZERO PUSH2 0xA5D JUMPI POP PUSH2 0xA52 PUSH2 0xF06 JUMP JUMPDEST PUSH2 0xA5A PUSH2 0x658 JUMP JUMPDEST GT ISZERO JUMPDEST ISZERO PUSH2 0xA6B JUMPI PUSH2 0xA6A PUSH2 0x11F8 JUMP JUMPDEST JUMPDEST PUSH1 0x3 PUSH1 0x4 DUP2 GT ISZERO PUSH2 0xA78 JUMPI INVALID JUMPDEST PUSH1 0xA PUSH1 0x0 SWAP1 SLOAD SWAP1 PUSH2 0x100 EXP SWAP1 DIV PUSH1 0xFF AND PUSH1 0x4 DUP2 GT ISZERO PUSH2 0xA93 JUMPI INVALID JUMPDEST EQ DUP1 ISZERO PUSH2 0xAA6 JUMPI POP PUSH3 0x93A80 PUSH1 0x6 SLOAD ADD TIMESTAMP GT JUMPDEST ISZERO PUSH2 0xAD0 JUMPI PUSH1 0x4 PUSH1 0xA PUSH1 0x0 PUSH2 0x100 EXP DUP2 SLOAD DUP2 PUSH1 0xFF MUL NOT AND SWAP1 DUP4 PUSH1 0x4 DUP2 GT ISZERO PUSH2 0xACA JUMPI INVALID JUMPDEST MUL OR SWAP1 SSTORE POP JUMPDEST PUSH1 0x2 DUP1 PUSH1 0x4 DUP2 GT ISZERO PUSH2 0xADE JUMPI INVALID JUMPDEST PUSH1 0xA PUSH1 0x0 SWAP1 SLOAD SWAP1 PUSH2 0x100 EXP SWAP1 DIV PUSH1 0xFF AND PUSH1 0x4 DUP2 GT ISZERO PUSH2 0xAF9 JUMPI INVALID JUMPDEST EQ ISZERO ISZERO PUSH2 0xB05 JUMPI PUSH1 0x0 DUP1 REVERT JUMPDEST PUSH1 0x0 DUP6 PUSH20 0xFFFFFFFFFFFFFFFFFFFFFFFFFFFFFFFFFFFFFFFF AND EQ ISZERO PUSH2 0xB28 JUMPI CALLER SWAP5 POP JUMPDEST CALLVALUE SWAP4 POP PUSH1 0x7 SLOAD PUSH2 0xB36 PUSH2 0x658 JUMP JUMPDEST PUSH8 0xDE0B6B3A7640000 PUSH11 0x771D2FA45345AA9000000 DUP2 ISZERO ISZERO PUSH2 0xB54 JUMPI INVALID JUMPDEST DIV MUL SUB SWAP3 POP PUSH1 0x7 SLOAD PUSH1 0x3 SLOAD SUB SWAP2 POP DUP3 DUP3 LT ISZERO PUSH2 0xB6E JUMPI DUP2 SWAP3 POP JUMPDEST DUP3 DUP5 GT ISZERO PUSH2 0xBBC JUMPI DUP3 SWAP4 POP DUP5 PUSH20 0xFFFFFFFFFFFFFFFFFFFFFFFFFFFFFFFFFFFFFFFF AND PUSH2 0x8FC DUP6 CALLVALUE SUB SWAP1 DUP2 ISZERO MUL SWAP1 PUSH1 0x40 MLOAD PUSH1 0x0 PUSH1 0x40 MLOAD DUP1 DUP4 SUB DUP2 DUP6 DUP9 DUP9 CALL SWAP4 POP POP POP POP ISZERO ISZERO PUSH2 0xBBB JUMPI PUSH1 0x0 DUP1 REVERT JUMPDEST JUMPDEST PUSH1 0x0 DUP5 EQ DUP1 PUSH2 0xC1F JUMPI POP PUSH1 0x1 PUSH1 0x0 SWAP1 SLOAD SWAP1 PUSH2 0x100 EXP SWAP1 DIV PUSH20 0xFFFFFFFFFFFFFFFFFFFFFFFFFFFFFFFFFFFFFFFF AND PUSH20 0xFFFFFFFFFFFFFFFFFFFFFFFFFFFFFFFFFFFFFFFF AND PUSH2 0x8FC DUP6 SWAP1 DUP2 ISZERO MUL SWAP1 PUSH1 0x40 MLOAD PUSH1 0x0 PUSH1 0x40 MLOAD DUP1 DUP4 SUB DUP2 DUP6 DUP9 DUP9 CALL SWAP4 POP POP POP POP ISZERO JUMPDEST ISZERO PUSH2 0xC29 JUMPI PUSH1 0x0 DUP1 REVERT JUMPDEST DUP4 PUSH1 0x9 PUSH1 0x0 DUP8 PUSH20 0xFFFFFFFFFFFFFFFFFFFFFFFFFFFFFFFFFFFFFFFF AND PUSH20 0xFFFFFFFFFFFFFFFFFFFFFFFFFFFFFFFFFFFFFFFF AND DUP2 MSTORE PUSH1 0x20 ADD SWAP1 DUP2 MSTORE PUSH1 0x20 ADD PUSH1 0x0 KECCAK256 PUSH1 0x0 DUP3 DUP3 SLOAD ADD SWAP3 POP POP DUP2 SWAP1 SSTORE POP DUP4 PUSH1 0x7 PUSH1 0x0 DUP3 DUP3 SLOAD ADD SWAP3 POP POP DUP2 SWAP1 SSTORE POP DUP4 DUP4 EQ ISZERO PUSH2 0xC97 JUMPI PUSH2 0xC96 PUSH2 0x11F8 JUMP JUMPDEST JUMPDEST DUP5 PUSH20 0xFFFFFFFFFFFFFFFFFFFFFFFFFFFFFFFFFFFFFFFF AND PUSH32 0x9C89E828E6CEE6374B68147C9E753E41746AAD98BA255A527A4FC0AC1868BFF9 DUP6 PUSH1 0x40 MLOAD DUP1 DUP3 DUP2 MSTORE PUSH1 0x20 ADD SWAP2 POP POP PUSH1 0x40 MLOAD DUP1 SWAP2 SUB SWAP1 LOG2 POP POP POP SWAP2 SWAP1 POP JUMP JUMPDEST PUSH1 0x7 SLOAD DUP2 JUMP JUMPDEST PUSH1 0x8 SLOAD DUP2 JUMP JUMPDEST PUSH1 0xA PUSH1 0x0 SWAP1 SLOAD SWAP1 PUSH2 0x100 EXP SWAP1 DIV PUSH1 0xFF AND DUP2 JUMP JUMPDEST PUSH1 0x0 PUSH1 0x2 PUSH1 0x4 DUP2 GT ISZERO PUSH2 0xD1B JUMPI INVALID JUMPDEST PUSH1 0xA PUSH1 0x0 SWAP1 SLOAD SWAP1 PUSH2 0x100 EXP SWAP1 DIV PUSH1 0xFF AND PUSH1 0x4 DUP2 GT ISZERO PUSH2 0xD36 JUMPI INVALID JUMPDEST EQ DUP1 ISZERO PUSH2 0xD51 JUMPI POP PUSH2 0xD46 PUSH2 0xF06 JUMP JUMPDEST PUSH2 0xD4E PUSH2 0x658 JUMP JUMPDEST GT ISZERO JUMPDEST ISZERO PUSH2 0xD5F JUMPI PUSH2 0xD5E PUSH2 0x11F8 JUMP JUMPDEST JUMPDEST PUSH1 0x3 PUSH1 0x4 DUP2 GT ISZERO PUSH2 0xD6C JUMPI INVALID JUMPDEST PUSH1 0xA PUSH1 0x0 SWAP1 SLOAD SWAP1 PUSH2 0x100 EXP SWAP1 DIV PUSH1 0xFF AND PUSH1 0x4 DUP2 GT ISZERO PUSH2 0xD87 JUMPI INVALID JUMPDEST EQ DUP1 ISZERO PUSH2 0xD9A JUMPI POP PUSH3 0x93A80 PUSH1 0x6 SLOAD ADD TIMESTAMP GT JUMPDEST ISZERO PUSH2 0xDC4 JUMPI PUSH1 0x4 PUSH1 0xA PUSH1 0x0 PUSH2 0x100 EXP DUP2 SLOAD DUP2 PUSH1 0xFF MUL NOT AND SWAP1 DUP4 PUSH1 0x4 DUP2 GT ISZERO PUSH2 0xDBE JUMPI INVALID JUMPDEST MUL OR SWAP1 SSTORE POP JUMPDEST PUSH1 0xA PUSH1 0x0 SWAP1 SLOAD SWAP1 PUSH2 0x100 EXP SWAP1 DIV PUSH1 0xFF AND SWAP1 POP SWAP1 JUMP JUMPDEST PUSH1 0x0 PUSH1 0x2 PUSH1 0x4 DUP2 GT ISZERO PUSH2 0xDE8 JUMPI INVALID JUMPDEST PUSH1 0xA PUSH1 0x0 SWAP1 SLOAD SWAP1 PUSH2 0x100 EXP SWAP1 DIV PUSH1 0xFF AND PUSH1 0x4 DUP2 GT ISZERO PUSH2 0xE03 JUMPI INVALID JUMPDEST EQ DUP1 ISZERO PUSH2 0xE1E JUMPI POP PUSH2 0xE13 PUSH2 0xF06 JUMP JUMPDEST PUSH2 0xE1B PUSH2 0x658 JUMP JUMPDEST GT ISZERO JUMPDEST ISZERO PUSH2 0xE2C JUMPI PUSH2 0xE2B PUSH2 0x11F8 JUMP JUMPDEST JUMPDEST PUSH1 0x3 PUSH1 0x4 DUP2 GT ISZERO PUSH2 0xE39 JUMPI INVALID JUMPDEST PUSH1 0xA PUSH1 0x0 SWAP1 SLOAD SWAP1 PUSH2 0x100 EXP SWAP1 DIV PUSH1 0xFF AND PUSH1 0x4 DUP2 GT ISZERO PUSH2 0xE54 JUMPI INVALID JUMPDEST EQ DUP1 ISZERO PUSH2 0xE67 JUMPI POP PUSH3 0x93A80 PUSH1 0x6 SLOAD ADD TIMESTAMP GT JUMPDEST ISZERO PUSH2 0xE91 JUMPI PUSH1 0x4 PUSH1 0xA PUSH1 0x0 PUSH2 0x100 EXP DUP2 SLOAD DUP2 PUSH1 0xFF MUL NOT AND SWAP1 DUP4 PUSH1 0x4 DUP2 GT ISZERO PUSH2 0xE8B JUMPI INVALID JUMPDEST MUL OR SWAP1 SSTORE POP JUMPDEST PUSH1 0x3 PUSH1 0x4 DUP2 GT ISZERO PUSH2 0xE9E JUMPI INVALID JUMPDEST PUSH1 0xA PUSH1 0x0 SWAP1 SLOAD SWAP1 PUSH2 0x100 EXP SWAP1 DIV PUSH1 0xFF AND PUSH1 0x4 DUP2 GT ISZERO PUSH2 0xEB9 JUMPI INVALID JUMPDEST EQ DUP1 PUSH2 0xEE9 JUMPI POP PUSH1 0x4 DUP1 DUP2 GT ISZERO PUSH2 0xECC JUMPI INVALID JUMPDEST PUSH1 0xA PUSH1 0x0 SWAP1 SLOAD SWAP1 PUSH2 0x100 EXP SWAP1 DIV PUSH1 0xFF AND PUSH1 0x4 DUP2 GT ISZERO PUSH2 0xEE7 JUMPI INVALID JUMPDEST EQ JUMPDEST ISZERO PUSH2 0xEF8 JUMPI PUSH1 0x8 SLOAD SWAP1 POP PUSH2 0xF03 JUMP JUMPDEST PUSH2 0xF00 PUSH2 0x658 JUMP JUMPDEST SWAP1 POP JUMPDEST SWAP1 JUMP JUMPDEST PUSH1 0x0 PUSH1 0x1 PUSH11 0x771D2FA45345AA9000000 PUSH8 0xDE0B6B3A7640000 PUSH1 0x7 SLOAD MUL DUP2 ISZERO ISZERO PUSH2 0xF2C JUMPI INVALID JUMPDEST DIV ADD SWAP1 POP SWAP1 JUMP JUMPDEST PUSH1 0x0 PUSH1 0x4 PUSH1 0x0 CALLDATASIZE SWAP1 POP EQ ISZERO DUP1 ISZERO PUSH2 0xF4F JUMPI POP PUSH1 0x24 PUSH1 0x0 CALLDATASIZE SWAP1 POP EQ ISZERO JUMPDEST ISZERO PUSH2 0xF59 JUMPI PUSH1 0x0 DUP1 REVERT JUMPDEST PUSH1 0x2 PUSH1 0x4 DUP2 GT ISZERO PUSH2 0xF66 JUMPI INVALID JUMPDEST PUSH1 0xA PUSH1 0x0 SWAP1 SLOAD SWAP1 PUSH2 0x100 EXP SWAP1 DIV PUSH1 0xFF AND PUSH1 0x4 DUP2 GT ISZERO PUSH2 0xF81 JUMPI INVALID JUMPDEST EQ DUP1 ISZERO PUSH2 0xF9C JUMPI POP PUSH2 0xF91 PUSH2 0xF06 JUMP JUMPDEST PUSH2 0xF99 PUSH2 0x658 JUMP JUMPDEST GT ISZERO JUMPDEST ISZERO PUSH2 0xFAA JUMPI PUSH2 0xFA9 PUSH2 0x11F8 JUMP JUMPDEST JUMPDEST PUSH1 0x3 PUSH1 0x4 DUP2 GT ISZERO PUSH2 0xFB7 JUMPI INVALID JUMPDEST PUSH1 0xA PUSH1 0x0 SWAP1 SLOAD SWAP1 PUSH2 0x100 EXP SWAP1 DIV PUSH1 0xFF AND PUSH1 0x4 DUP2 GT ISZERO PUSH2 0xFD2 JUMPI INVALID JUMPDEST EQ DUP1 ISZERO PUSH2 0xFE5 JUMPI POP PUSH3 0x93A80 PUSH1 0x6 SLOAD ADD TIMESTAMP GT JUMPDEST ISZERO PUSH2 0x100F JUMPI PUSH1 0x4 PUSH1 0xA PUSH1 0x0 PUSH2 0x100 EXP DUP2 SLOAD DUP2 PUSH1 0xFF MUL NOT AND SWAP1 DUP4 PUSH1 0x4 DUP2 GT ISZERO PUSH2 0x1009 JUMPI INVALID JUMPDEST MUL OR SWAP1 SSTORE POP JUMPDEST PUSH1 0x4 DUP1 PUSH1 0x4 DUP2 GT ISZERO PUSH2 0x101D JUMPI INVALID JUMPDEST PUSH1 0xA PUSH1 0x0 SWAP1 SLOAD SWAP1 PUSH2 0x100 EXP SWAP1 DIV PUSH1 0xFF AND PUSH1 0x4 DUP2 GT ISZERO PUSH2 0x1038 JUMPI INVALID JUMPDEST EQ ISZERO ISZERO PUSH2 0x1044 JUMPI PUSH1 0x0 DUP1 REVERT JUMPDEST PUSH1 0x0 DUP4 PUSH20 0xFFFFFFFFFFFFFFFFFFFFFFFFFFFFFFFFFFFFFFFF AND EQ ISZERO PUSH2 0x1067 JUMPI CALLER SWAP3 POP JUMPDEST PUSH1 0x8 SLOAD PUSH8 0xDE0B6B3A7640000 PUSH1 0x9 PUSH1 0x0 DUP7 PUSH20 0xFFFFFFFFFFFFFFFFFFFFFFFFFFFFFFFFFFFFFFFF AND PUSH20 0xFFFFFFFFFFFFFFFFFFFFFFFFFFFFFFFFFFFFFFFF AND DUP2 MSTORE PUSH1 0x20 ADD SWAP1 DUP2 MSTORE PUSH1 0x20 ADD PUSH1 0x0 KECCAK256 SLOAD MUL DUP2 ISZERO ISZERO PUSH2 0x10BD JUMPI INVALID JUMPDEST DIV SWAP2 POP PUSH1 0x0 PUSH1 0x9 PUSH1 0x0 DUP6 PUSH20 0xFFFFFFFFFFFFFFFFFFFFFFFFFFFFFFFFFFFFFFFF AND PUSH20 0xFFFFFFFFFFFFFFFFFFFFFFFFFFFFFFFFFFFFFFFF AND DUP2 MSTORE PUSH1 0x20 ADD SWAP1 DUP2 MSTORE PUSH1 0x20 ADD PUSH1 0x0 KECCAK256 DUP2 SWAP1 SSTORE POP PUSH1 0x0 DUP1 SWAP1 SLOAD SWAP1 PUSH2 0x100 EXP SWAP1 DIV PUSH20 0xFFFFFFFFFFFFFFFFFFFFFFFFFFFFFFFFFFFFFFFF AND PUSH20 0xFFFFFFFFFFFFFFFFFFFFFFFFFFFFFFFFFFFFFFFF AND PUSH4 0xA9059CBB DUP5 DUP5 PUSH1 0x0 PUSH1 0x40 MLOAD PUSH1 0x20 ADD MSTORE PUSH1 0x40 MLOAD DUP4 PUSH4 0xFFFFFFFF AND PUSH29 0x100000000000000000000000000000000000000000000000000000000 MUL DUP2 MSTORE PUSH1 0x4 ADD DUP1 DUP4 PUSH20 0xFFFFFFFFFFFFFFFFFFFFFFFFFFFFFFFFFFFFFFFF AND PUSH20 0xFFFFFFFFFFFFFFFFFFFFFFFFFFFFFFFFFFFFFFFF AND DUP2 MSTORE PUSH1 0x20 ADD DUP3 DUP2 MSTORE PUSH1 0x20 ADD SWAP3 POP POP POP PUSH1 0x20 PUSH1 0x40 MLOAD DUP1 DUP4 SUB DUP2 PUSH1 0x0 DUP8 DUP1 EXTCODESIZE ISZERO ISZERO PUSH2 0x11D1 JUMPI PUSH1 0x0 DUP1 REVERT JUMPDEST PUSH2 0x2C6 GAS SUB CALL ISZERO ISZERO PUSH2 0x11E2 JUMPI PUSH1 0x0 DUP1 REVERT JUMPDEST POP POP POP PUSH1 0x40 MLOAD DUP1 MLOAD SWAP1 POP POP POP POP POP JUMP JUMPDEST PUSH1 0x4 SLOAD DUP2 JUMP JUMPDEST PUSH1 0x0 PUSH1 0x3 PUSH1 0xA PUSH1 0x0 PUSH2 0x100 EXP DUP2 SLOAD DUP2 PUSH1 0xFF MUL NOT AND SWAP1 DUP4 PUSH1 0x4 DUP2 GT ISZERO PUSH2 0x1219 JUMPI INVALID JUMPDEST MUL OR SWAP1 SSTORE POP PUSH1 0x3 SLOAD PUSH1 0x7 SLOAD EQ ISZERO PUSH2 0x123D JUMPI PUSH2 0x1232 PUSH2 0x658 JUMP JUMPDEST PUSH1 0x8 DUP2 SWAP1 SSTORE POP PUSH2 0x124C JUMP JUMPDEST PUSH2 0x1245 PUSH2 0xF06 JUMP JUMPDEST PUSH1 0x8 DUP2 SWAP1 SSTORE POP JUMPDEST PUSH1 0x8 SLOAD PUSH8 0xDE0B6B3A7640000 PUSH1 0x7 SLOAD MUL DUP2 ISZERO ISZERO PUSH2 0x1265 JUMPI INVALID JUMPDEST DIV SWAP1 POP PUSH1 0x0 DUP1 SWAP1 SLOAD SWAP1 PUSH2 0x100 EXP SWAP1 DIV PUSH20 0xFFFFFFFFFFFFFFFFFFFFFFFFFFFFFFFFFFFFFFFF AND PUSH20 0xFFFFFFFFFFFFFFFFFFFFFFFFFFFFFFFFFFFFFFFF AND PUSH4 0xA9059CBB PUSH1 0x1 PUSH1 0x0 SWAP1 SLOAD SWAP1 PUSH2 0x100 EXP SWAP1 DIV PUSH20 0xFFFFFFFFFFFFFFFFFFFFFFFFFFFFFFFFFFFFFFFF AND DUP4 PUSH11 0x771D2FA45345AA9000000 SUB PUSH1 0x0 PUSH1 0x40 MLOAD PUSH1 0x20 ADD MSTORE PUSH1 0x40 MLOAD DUP4 PUSH4 0xFFFFFFFF AND PUSH29 0x100000000000000000000000000000000000000000000000000000000 MUL DUP2 MSTORE PUSH1 0x4 ADD DUP1 DUP4 PUSH20 0xFFFFFFFFFFFFFFFFFFFFFFFFFFFFFFFFFFFFFFFF AND PUSH20 0xFFFFFFFFFFFFFFFFFFFFFFFFFFFFFFFFFFFFFFFF AND DUP2 MSTORE PUSH1 0x20 ADD DUP3 DUP2 MSTORE PUSH1 0x20 ADD SWAP3 POP POP POP PUSH1 0x20 PUSH1 0x40 MLOAD DUP1 DUP4 SUB DUP2 PUSH1 0x0 DUP8 DUP1 EXTCODESIZE ISZERO ISZERO PUSH2 0x1363 JUMPI PUSH1 0x0 DUP1 REVERT JUMPDEST PUSH2 0x2C6 GAS SUB CALL ISZERO ISZERO PUSH2 0x1374 JUMPI PUSH1 0x0 DUP1 REVERT JUMPDEST POP POP POP PUSH1 0x40 MLOAD DUP1 MLOAD SWAP1 POP POP TIMESTAMP PUSH1 0x6 DUP2 SWAP1 SSTORE POP POP JUMP STOP LOG1 PUSH6 0x627A7A723058 KECCAK256 SHR JUMPI 0xc5 0x5e 0xc2 DELEGATECALL STOP DUP7 SHR MLOAD 0xee DUP10 0x4e PUSH17 0x9272984AB76B5B7E89CA2E9289526023C9 DUP10 STOP 0x29
1,PUSH1 0x60 PUSH1 0x40 MSTORE PUSH1 0x8 PUSH1 0x2 PUSH1 0x0 PUSH2 0x100 EXP DUP2 SLOAD DUP2 PUSH1 0xFF MUL NOT AND SWAP1 DUP4 PUSH1 0xFF AND MUL OR SWAP1 SSTORE POP CALLVALUE ISZERO PUSH3 0x2C JUMPI PUSH1 0x0 DUP1 REVERT JUMPDEST PUSH7 0x775F05A074000 PUSH1 0x3 DUP2 SWAP1 SSTORE POP PUSH1 0x3 SLOAD PUSH1 0x4 PUSH1 0x0 CALLER PUSH20 0xFFFFFFFFFFFFFFFFFFFFFFFFFFFFFFFFFFFFFFFF AND PUSH20 0xFFFFFFFFFFFFFFFFFFFFFFFFFFFFFFFFFFFFFFFF AND DUP2 MSTORE PUSH1 0x20 ADD SWAP1 DUP2 MSTORE PUSH1 0x20 ADD PUSH1 0x0 KECCAK256 DUP2 SWAP1 SSTORE POP PUSH1 0x40 DUP1 MLOAD SWAP1 DUP2 ADD PUSH1 0x40 MSTORE DUP1 PUSH1 0xC DUP2 MSTORE PUSH1 0x20 ADD PUSH32 0x426974636F696E20424C55450000000000000000000000000000000000000000 DUP2 MSTORE POP PUSH1 0x0 SWAP1 DUP1 MLOAD SWAP1 PUSH1 0x20 ADD SWAP1 PUSH3 0xCD SWAP3 SWAP2 SWAP1 PUSH3 0x122 JUMP JUMPDEST POP PUSH1 0x40 DUP1 MLOAD SWAP1 DUP2 ADD PUSH1 0x40 MSTORE DUP1 PUSH1 0x6 DUP2 MSTORE PUSH1 0x20 ADD PUSH32 0x425443424C550000000000000000000000000000000000000000000000000000 DUP2 MSTORE POP PUSH1 0x1 SWAP1 DUP1 MLOAD SWAP1 PUSH1 0x20 ADD SWAP1 PUSH3 0x11B SWAP3 SWAP2 SWAP1 PUSH3 0x122 JUMP JUMPDEST POP PUSH3 0x1D1 JUMP JUMPDEST DUP3 DUP1 SLOAD PUSH1 0x1 DUP2 PUSH1 0x1 AND ISZERO PUSH2 0x100 MUL SUB AND PUSH1 0x2 SWAP1 DIV SWAP1 PUSH1 0x0 MSTORE PUSH1 0x20 PUSH1 0x0 KECCAK256 SWAP1 PUSH1 0x1F ADD PUSH1 0x20 SWAP1 DIV DUP2 ADD SWAP3 DUP3 PUSH1 0x1F LT PUSH3 0x165 JUMPI DUP1 MLOAD PUSH1 0xFF NOT AND DUP4 DUP1 ADD OR DUP6 SSTORE PUSH3 0x196 JUMP JUMPDEST DUP3 DUP1 ADD PUSH1 0x1 ADD DUP6 SSTORE DUP3 ISZERO PUSH3 0x196 JUMPI SWAP2 DUP3 ADD JUMPDEST DUP3 DUP2 GT ISZERO PUSH3 0x195 JUMPI DUP3 MLOAD DUP3 SSTORE SWAP2 PUSH1 0x20 ADD SWAP2 SWAP1 PUSH1 0x1 ADD SWAP1 PUSH3 0x178 JUMP JUMPDEST JUMPDEST POP SWAP1 POP PUSH3 0x1A5 SWAP2 SWAP1 PUSH3 0x1A9 JUMP JUMPDEST POP SWAP1 JUMP JUMPDEST PUSH3 0x1CE SWAP2 SWAP1 JUMPDEST DUP1 DUP3 GT ISZERO PUSH3 0x1CA JUMPI PUSH1 0x0 DUP2 PUSH1 0x0 SWAP1 SSTORE POP PUSH1 0x1 ADD PUSH3 0x1B0 JUMP JUMPDEST POP SWAP1 JUMP JUMPDEST SWAP1 JUMP JUMPDEST PUSH2 0x106C DUP1 PUSH3 0x1E1 PUSH1 0x0 CODECOPY PUSH1 0x0 RETURN STOP PUSH1 0x60 PUSH1 0x40 MSTORE PUSH1 0x4 CALLDATASIZE LT PUSH2 0xBA JUMPI PUSH1 0x0 CALLDATALOAD PUSH29 0x100000000000000000000000000000000000000000000000000000000 SWAP1 DIV PUSH4 0xFFFFFFFF AND DUP1 PUSH4 0x6FDDE03 EQ PUSH2 0xBF JUMPI DUP1 PUSH4 0x95EA7B3 EQ PUSH2 0x14D JUMPI DUP1 PUSH4 0x18160DDD EQ PUSH2 0x1A7 JUMPI DUP1 PUSH4 0x23B872DD EQ PUSH2 0x1D0 JUMPI DUP1 PUSH4 0x313CE567 EQ PUSH2 0x249 JUMPI DUP1 PUSH4 0x42966C68 EQ PUSH2 0x278 JUMPI DUP1 PUSH4 0x70A08231 EQ PUSH2 0x2B3 JUMPI DUP1 PUSH4 0x79CC6790 EQ PUSH2 0x300 JUMPI DUP1 PUSH4 0x95D89B41 EQ PUSH2 0x35A JUMPI DUP1 PUSH4 0xA9059CBB EQ PUSH2 0x3E8 JUMPI DUP1 PUSH4 0xCAE9CA51 EQ PUSH2 0x42A JUMPI DUP1 PUSH4 0xDD62ED3E EQ PUSH2 0x4C7 JUMPI JUMPDEST PUSH1 0x0 DUP1 REVERT JUMPDEST CALLVALUE ISZERO PUSH2 0xCA JUMPI PUSH1 0x0 DUP1 REVERT JUMPDEST PUSH2 0xD2 PUSH2 0x533 JUMP JUMPDEST PUSH1 0x40 MLOAD DUP1 DUP1 PUSH1 0x20 ADD DUP3 DUP2 SUB DUP3 MSTORE DUP4 DUP2 DUP2 MLOAD DUP2 MSTORE PUSH1 0x20 ADD SWAP2 POP DUP1 MLOAD SWAP1 PUSH1 0x20 ADD SWAP1 DUP1 DUP4 DUP4 PUSH1 0x0 JUMPDEST DUP4 DUP2 LT ISZERO PUSH2 0x112 JUMPI DUP1 DUP3 ADD MLOAD DUP2 DUP5 ADD MSTORE PUSH1 0x20 DUP2 ADD SWAP1 POP PUSH2 0xF7 JUMP JUMPDEST POP POP POP POP SWAP1 POP SWAP1 DUP2 ADD SWAP1 PUSH1 0x1F AND DUP1 ISZERO PUSH2 0x13F JUMPI DUP1 DUP3 SUB DUP1 MLOAD PUSH1 0x1 DUP4 PUSH1 0x20 SUB PUSH2 0x100 EXP SUB NOT AND DUP2 MSTORE PUSH1 0x20 ADD SWAP2 POP JUMPDEST POP SWAP3 POP POP POP PUSH1 0x40 MLOAD DUP1 SWAP2 SUB SWAP1 RETURN JUMPDEST CALLVALUE ISZERO PUSH2 0x158 JUMPI PUSH1 0x0 DUP1 REVERT JUMPDEST PUSH2 0x18D PUSH1 0x4 DUP1 DUP1 CALLDATALOAD PUSH20 0xFFFFFFFFFFFFFFFFFFFFFFFFFFFFFFFFFFFFFFFF AND SWAP1 PUSH1 0x20 ADD SWAP1 SWAP2 SWAP1 DUP1 CALLDATALOAD SWAP1 PUSH1 0x20 ADD SWAP1 SWAP2 SWAP1 POP POP PUSH2 0x5D1 JUMP JUMPDEST PUSH1 0x40 MLOAD DUP1 DUP3 ISZERO ISZERO ISZERO ISZERO DUP2 MSTORE PUSH1 0x20 ADD SWAP2 POP POP PUSH1 0x40 MLOAD DUP1 SWAP2 SUB SWAP1 RETURN JUMPDEST CALLVALUE ISZERO PUSH2 0x1B2 JUMPI PUSH1 0x0 DUP1 REVERT JUMPDEST PUSH2 0x1BA PUSH2 0x65E JUMP JUMPDEST PUSH1 0x40 MLOAD DUP1 DUP3 DUP2 MSTORE PUSH1 0x20 ADD SWAP2 POP POP PUSH1 0x40 MLOAD DUP1 SWAP2 SUB SWAP1 RETURN JUMPDEST CALLVALUE ISZERO PUSH2 0x1DB JUMPI PUSH1 0x0 DUP1 REVERT JUMPDEST PUSH2 0x22F PUSH1 0x4 DUP1 DUP1 CALLDATALOAD PUSH20 0xFFFFFFFFFFFFFFFFFFFFFFFFFFFFFFFFFFFFFFFF AND SWAP1 PUSH1 0x20 ADD SWAP1 SWAP2 SWAP1 DUP1 CALLDATALOAD PUSH20 0xFFFFFFFFFFFFFFFFFFFFFFFFFFFFFFFFFFFFFFFF AND SWAP1 PUSH1 0x20 ADD SWAP1 SWAP2 SWAP1 DUP1 CALLDATALOAD SWAP1 PUSH1 0x20 ADD SWAP1 SWAP2 SWAP1 POP POP PUSH2 0x664 JUMP JUMPDEST PUSH1 0x40 MLOAD DUP1 DUP3 ISZERO ISZERO ISZERO ISZERO DUP2 MSTORE PUSH1 0x20 ADD SWAP2 POP POP PUSH1 0x40 MLOAD DUP1 SWAP2 SUB SWAP1 RETURN JUMPDEST CALLVALUE ISZERO PUSH2 0x254 JUMPI PUSH1 0x0 DUP1 REVERT JUMPDEST PUSH2 0x25C PUSH2 0x791 JUMP JUMPDEST PUSH1 0x40 MLOAD DUP1 DUP3 PUSH1 0xFF AND PUSH1 0xFF AND DUP2 MSTORE PUSH1 0x20 ADD SWAP2 POP POP PUSH1 0x40 MLOAD DUP1 SWAP2 SUB SWAP1 RETURN JUMPDEST CALLVALUE ISZERO PUSH2 0x283 JUMPI PUSH1 0x0 DUP1 REVERT JUMPDEST PUSH2 0x299 PUSH1 0x4 DUP1 DUP1 CALLDATALOAD SWAP1 PUSH1 0x20 ADD SWAP1 SWAP2 SWAP1 POP POP PUSH2 0x7A4 JUMP JUMPDEST PUSH1 0x40 MLOAD DUP1 DUP3 ISZERO ISZERO ISZERO ISZERO DUP2 MSTORE PUSH1 0x20 ADD SWAP2 POP POP PUSH1 0x40 MLOAD DUP1 SWAP2 SUB SWAP1 RETURN JUMPDEST CALLVALUE ISZERO PUSH2 0x2BE JUMPI PUSH1 0x0 DUP1 REVERT JUMPDEST PUSH2 0x2EA PUSH1 0x4 DUP1 DUP1 CALLDATALOAD PUSH20 0xFFFFFFFFFFFFFFFFFFFFFFFFFFFFFFFFFFFFFFFF AND SWAP1 PUSH1 0x20 ADD SWAP1 SWAP2 SWAP1 POP POP PUSH2 0x8A8 JUMP JUMPDEST PUSH1 0x40 MLOAD DUP1 DUP3 DUP2 MSTORE PUSH1 0x20 ADD SWAP2 POP POP PUSH1 0x40 MLOAD DUP1 SWAP2 SUB SWAP1 RETURN JUMPDEST CALLVALUE ISZERO PUSH2 0x30B JUMPI PUSH1 0x0 DUP1 REVERT JUMPDEST PUSH2 0x340 PUSH1 0x4 DUP1 DUP1 CALLDATALOAD PUSH20 0xFFFFFFFFFFFFFFFFFFFFFFFFFFFFFFFFFFFFFFFF AND SWAP1 PUSH1 0x20 ADD SWAP1 SWAP2 SWAP1 DUP1 CALLDATALOAD SWAP1 PUSH1 0x20 ADD SWAP1 SWAP2 SWAP1 POP POP PUSH2 0x8C0 JUMP JUMPDEST PUSH1 0x40 MLOAD DUP1 DUP3 ISZERO ISZERO ISZERO ISZERO DUP2 MSTORE PUSH1 0x20 ADD SWAP2 POP POP PUSH1 0x40 MLOAD DUP1 SWAP2 SUB SWAP1 RETURN JUMPDEST CALLVALUE ISZERO PUSH2 0x365 JUMPI PUSH1 0x0 DUP1 REVERT JUMPDEST PUSH2 0x36D PUSH2 0xADA JUMP JUMPDEST PUSH1 0x40 MLOAD DUP1 DUP1 PUSH1 0x20 ADD DUP3 DUP2 SUB DUP3 MSTORE DUP4 DUP2 DUP2 MLOAD DUP2 MSTORE PUSH1 0x20 ADD SWAP2 POP DUP1 MLOAD SWAP1 PUSH1 0x20 ADD SWAP1 DUP1 DUP4 DUP4 PUSH1 0x0 JUMPDEST DUP4 DUP2 LT ISZERO PUSH2 0x3AD JUMPI DUP1 DUP3 ADD MLOAD DUP2 DUP5 ADD MSTORE PUSH1 0x20 DUP2 ADD SWAP1 POP PUSH2 0x392 JUMP JUMPDEST POP POP POP POP SWAP1 POP SWAP1 DUP2 ADD SWAP1 PUSH1 0x1F AND DUP1 ISZERO PUSH2 0x3DA JUMPI DUP1 DUP3 SUB DUP1 MLOAD PUSH1 0x1 DUP4 PUSH1 0x20 SUB PUSH2 0x100 EXP SUB NOT AND DUP2 MSTORE PUSH1 0x20 ADD SWAP2 POP JUMPDEST POP SWAP3 POP POP POP PUSH1 0x40 MLOAD DUP1 SWAP2 SUB SWAP1 RETURN JUMPDEST CALLVALUE ISZERO PUSH2 0x3F3 JUMPI PUSH1 0x0 DUP1 REVERT JUMPDEST PUSH2 0x428 PUSH1 0x4 DUP1 DUP1 CALLDATALOAD PUSH20 0xFFFFFFFFFFFFFFFFFFFFFFFFFFFFFFFFFFFFFFFF AND SWAP1 PUSH1 0x20 ADD SWAP1 SWAP2 SWAP1 DUP1 CALLDATALOAD SWAP1 PUSH1 0x20 ADD SWAP1 SWAP2 SWAP1 POP POP PUSH2 0xB78 JUMP JUMPDEST STOP JUMPDEST CALLVALUE ISZERO PUSH2 0x435 JUMPI PUSH1 0x0 DUP1 REVERT JUMPDEST PUSH2 0x4AD PUSH1 0x4 DUP1 DUP1 CALLDATALOAD PUSH20 0xFFFFFFFFFFFFFFFFFFFFFFFFFFFFFFFFFFFFFFFF AND SWAP1 PUSH1 0x20 ADD SWAP1 SWAP2 SWAP1 DUP1 CALLDATALOAD SWAP1 PUSH1 0x20 ADD SWAP1 SWAP2 SWAP1 DUP1 CALLDATALOAD SWAP1 PUSH1 0x20 ADD SWAP1 DUP3 ADD DUP1 CALLDATALOAD SWAP1 PUSH1 0x20 ADD SWAP1 DUP1 DUP1 PUSH1 0x1F ADD PUSH1 0x20 DUP1 SWAP2 DIV MUL PUSH1 0x20 ADD PUSH1 0x40 MLOAD SWAP1 DUP2 ADD PUSH1 0x40 MSTORE DUP1 SWAP4 SWAP3 SWAP2 SWAP1 DUP2 DUP2 MSTORE PUSH1 0x20 ADD DUP4 DUP4 DUP1 DUP3 DUP5 CALLDATACOPY DUP3 ADD SWAP2 POP POP POP POP POP POP SWAP2 SWAP1 POP POP PUSH2 0xB87 JUMP JUMPDEST PUSH1 0x40 MLOAD DUP1 DUP3 ISZERO ISZERO ISZERO ISZERO DUP2 MSTORE PUSH1 0x20 ADD SWAP2 POP POP PUSH1 0x40 MLOAD DUP1 SWAP2 SUB SWAP1 RETURN JUMPDEST CALLVALUE ISZERO PUSH2 0x4D2 JUMPI PUSH1 0x0 DUP1 REVERT JUMPDEST PUSH2 0x51D PUSH1 0x4 DUP1 DUP1 CALLDATALOAD PUSH20 0xFFFFFFFFFFFFFFFFFFFFFFFFFFFFFFFFFFFFFFFF AND SWAP1 PUSH1 0x20 ADD SWAP1 SWAP2 SWAP1 DUP1 CALLDATALOAD PUSH20 0xFFFFFFFFFFFFFFFFFFFFFFFFFFFFFFFFFFFFFFFF AND SWAP1 PUSH1 0x20 ADD SWAP1 SWAP2 SWAP1 POP POP PUSH2 0xD05 JUMP JUMPDEST PUSH1 0x40 MLOAD DUP1 DUP3 DUP2 MSTORE PUSH1 0x20 ADD SWAP2 POP POP PUSH1 0x40 MLOAD DUP1 SWAP2 SUB SWAP1 RETURN JUMPDEST PUSH1 0x0 DUP1 SLOAD PUSH1 0x1 DUP2 PUSH1 0x1 AND ISZERO PUSH2 0x100 MUL SUB AND PUSH1 0x2 SWAP1 DIV DUP1 PUSH1 0x1F ADD PUSH1 0x20 DUP1 SWAP2 DIV MUL PUSH1 0x20 ADD PUSH1 0x40 MLOAD SWAP1 DUP2 ADD PUSH1 0x40 MSTORE DUP1 SWAP3 SWAP2 SWAP1 DUP2 DUP2 MSTORE PUSH1 0x20 ADD DUP3 DUP1 SLOAD PUSH1 0x1 DUP2 PUSH1 0x1 AND ISZERO PUSH2 0x100 MUL SUB AND PUSH1 0x2 SWAP1 DIV DUP1 ISZERO PUSH2 0x5C9 JUMPI DUP1 PUSH1 0x1F LT PUSH2 0x59E JUMPI PUSH2 0x100 DUP1 DUP4 SLOAD DIV MUL DUP4 MSTORE SWAP2 PUSH1 0x20 ADD SWAP2 PUSH2 0x5C9 JUMP JUMPDEST DUP3 ADD SWAP2 SWAP1 PUSH1 0x0 MSTORE PUSH1 0x20 PUSH1 0x0 KECCAK256 SWAP1 JUMPDEST DUP2 SLOAD DUP2 MSTORE SWAP1 PUSH1 0x1 ADD SWAP1 PUSH1 0x20 ADD DUP1 DUP4 GT PUSH2 0x5AC JUMPI DUP3 SWAP1 SUB PUSH1 0x1F AND DUP3 ADD SWAP2 JUMPDEST POP POP POP POP POP DUP2 JUMP JUMPDEST PUSH1 0x0 DUP2 PUSH1 0x5 PUSH1 0x0 CALLER PUSH20 0xFFFFFFFFFFFFFFFFFFFFFFFFFFFFFFFFFFFFFFFF AND PUSH20 0xFFFFFFFFFFFFFFFFFFFFFFFFFFFFFFFFFFFFFFFF AND DUP2 MSTORE PUSH1 0x20 ADD SWAP1 DUP2 MSTORE PUSH1 0x20 ADD PUSH1 0x0 KECCAK256 PUSH1 0x0 DUP6 PUSH20 0xFFFFFFFFFFFFFFFFFFFFFFFFFFFFFFFFFFFFFFFF AND PUSH20 0xFFFFFFFFFFFFFFFFFFFFFFFFFFFFFFFFFFFFFFFF AND DUP2 MSTORE PUSH1 0x20 ADD SWAP1 DUP2 MSTORE PUSH1 0x20 ADD PUSH1 0x0 KECCAK256 DUP2 SWAP1 SSTORE POP PUSH1 0x1 SWAP1 POP SWAP3 SWAP2 POP POP JUMP JUMPDEST PUSH1 0x3 SLOAD DUP2 JUMP JUMPDEST PUSH1 0x0 PUSH1 0x5 PUSH1 0x0 DUP6 PUSH20 0xFFFFFFFFFFFFFFFFFFFFFFFFFFFFFFFFFFFFFFFF AND PUSH20 0xFFFFFFFFFFFFFFFFFFFFFFFFFFFFFFFFFFFFFFFF AND DUP2 MSTORE PUSH1 0x20 ADD SWAP1 DUP2 MSTORE PUSH1 0x20 ADD PUSH1 0x0 KECCAK256 PUSH1 0x0 CALLER PUSH20 0xFFFFFFFFFFFFFFFFFFFFFFFFFFFFFFFFFFFFFFFF AND PUSH20 0xFFFFFFFFFFFFFFFFFFFFFFFFFFFFFFFFFFFFFFFF AND DUP2 MSTORE PUSH1 0x20 ADD SWAP1 DUP2 MSTORE PUSH1 0x20 ADD PUSH1 0x0 KECCAK256 SLOAD DUP3 GT ISZERO ISZERO ISZERO PUSH2 0x6F1 JUMPI PUSH1 0x0 DUP1 REVERT JUMPDEST DUP2 PUSH1 0x5 PUSH1 0x0 DUP7 PUSH20 0xFFFFFFFFFFFFFFFFFFFFFFFFFFFFFFFFFFFFFFFF AND PUSH20 0xFFFFFFFFFFFFFFFFFFFFFFFFFFFFFFFFFFFFFFFF AND DUP2 MSTORE PUSH1 0x20 ADD SWAP1 DUP2 MSTORE PUSH1 0x20 ADD PUSH1 0x0 KECCAK256 PUSH1 0x0 CALLER PUSH20 0xFFFFFFFFFFFFFFFFFFFFFFFFFFFFFFFFFFFFFFFF AND PUSH20 0xFFFFFFFFFFFFFFFFFFFFFFFFFFFFFFFFFFFFFFFF AND DUP2 MSTORE PUSH1 0x20 ADD SWAP1 DUP2 MSTORE PUSH1 0x20 ADD PUSH1 0x0 KECCAK256 PUSH1 0x0 DUP3 DUP3 SLOAD SUB SWAP3 POP POP DUP2 SWAP1 SSTORE POP PUSH2 0x786 DUP5 DUP5 DUP5 PUSH2 0xD2A JUMP JUMPDEST PUSH1 0x1 SWAP1 POP SWAP4 SWAP3 POP POP POP JUMP JUMPDEST PUSH1 0x2 PUSH1 0x0 SWAP1 SLOAD SWAP1 PUSH2 0x100 EXP SWAP1 DIV PUSH1 0xFF AND DUP2 JUMP JUMPDEST PUSH1 0x0 DUP2 PUSH1 0x4 PUSH1 0x0 CALLER PUSH20 0xFFFFFFFFFFFFFFFFFFFFFFFFFFFFFFFFFFFFFFFF AND PUSH20 0xFFFFFFFFFFFFFFFFFFFFFFFFFFFFFFFFFFFFFFFF AND DUP2 MSTORE PUSH1 0x20 ADD SWAP1 DUP2 MSTORE PUSH1 0x20 ADD PUSH1 0x0 KECCAK256 SLOAD LT ISZERO ISZERO ISZERO PUSH2 0x7F4 JUMPI PUSH1 0x0 DUP1 REVERT JUMPDEST DUP2 PUSH1 0x4 PUSH1 0x0 CALLER PUSH20 0xFFFFFFFFFFFFFFFFFFFFFFFFFFFFFFFFFFFFFFFF AND PUSH20 0xFFFFFFFFFFFFFFFFFFFFFFFFFFFFFFFFFFFFFFFF AND DUP2 MSTORE PUSH1 0x20 ADD SWAP1 DUP2 MSTORE PUSH1 0x20 ADD PUSH1 0x0 KECCAK256 PUSH1 0x0 DUP3 DUP3 SLOAD SUB SWAP3 POP POP DUP2 SWAP1 SSTORE POP DUP2 PUSH1 0x3 PUSH1 0x0 DUP3 DUP3 SLOAD SUB SWAP3 POP POP DUP2 SWAP1 SSTORE POP CALLER PUSH20 0xFFFFFFFFFFFFFFFFFFFFFFFFFFFFFFFFFFFFFFFF AND PUSH32 0xCC16F5DBB4873280815C1EE09DBD06736CFFCC184412CF7A71A0FDB75D397CA5 DUP4 PUSH1 0x40 MLOAD DUP1 DUP3 DUP2 MSTORE PUSH1 0x20 ADD SWAP2 POP POP PUSH1 0x40 MLOAD DUP1 SWAP2 SUB SWAP1 LOG2 PUSH1 0x1 SWAP1 POP SWAP2 SWAP1 POP JUMP JUMPDEST PUSH1 0x4 PUSH1 0x20 MSTORE DUP1 PUSH1 0x0 MSTORE PUSH1 0x40 PUSH1 0x0 KECCAK256 PUSH1 0x0 SWAP2 POP SWAP1 POP SLOAD DUP2 JUMP JUMPDEST PUSH1 0x0 DUP2 PUSH1 0x4 PUSH1 0x0 DUP6 PUSH20 0xFFFFFFFFFFFFFFFFFFFFFFFFFFFFFFFFFFFFFFFF AND PUSH20 0xFFFFFFFFFFFFFFFFFFFFFFFFFFFFFFFFFFFFFFFF AND DUP2 MSTORE PUSH1 0x20 ADD SWAP1 DUP2 MSTORE PUSH1 0x20 ADD PUSH1 0x0 KECCAK256 SLOAD LT ISZERO ISZERO ISZERO PUSH2 0x910 JUMPI PUSH1 0x0 DUP1 REVERT JUMPDEST PUSH1 0x5 PUSH1 0x0 DUP5 PUSH20 0xFFFFFFFFFFFFFFFFFFFFFFFFFFFFFFFFFFFFFFFF AND PUSH20 0xFFFFFFFFFFFFFFFFFFFFFFFFFFFFFFFFFFFFFFFF AND DUP2 MSTORE PUSH1 0x20 ADD SWAP1 DUP2 MSTORE PUSH1 0x20 ADD PUSH1 0x0 KECCAK256 PUSH1 0x0 CALLER PUSH20 0xFFFFFFFFFFFFFFFFFFFFFFFFFFFFFFFFFFFFFFFF AND PUSH20 0xFFFFFFFFFFFFFFFFFFFFFFFFFFFFFFFFFFFFFFFF AND DUP2 MSTORE PUSH1 0x20 ADD SWAP1 DUP2 MSTORE PUSH1 0x20 ADD PUSH1 0x0 KECCAK256 SLOAD DUP3 GT ISZERO ISZERO ISZERO PUSH2 0x99B JUMPI PUSH1 0x0 DUP1 REVERT JUMPDEST DUP2 PUSH1 0x4 PUSH1 0x0 DUP6 PUSH20 0xFFFFFFFFFFFFFFFFFFFFFFFFFFFFFFFFFFFFFFFF AND PUSH20 0xFFFFFFFFFFFFFFFFFFFFFFFFFFFFFFFFFFFFFFFF AND DUP2 MSTORE PUSH1 0x20 ADD SWAP1 DUP2 MSTORE PUSH1 0x20 ADD PUSH1 0x0 KECCAK256 PUSH1 0x0 DUP3 DUP3 SLOAD SUB SWAP3 POP POP DUP2 SWAP1 SSTORE POP DUP2 PUSH1 0x5 PUSH1 0x0 DUP6 PUSH20 0xFFFFFFFFFFFFFFFFFFFFFFFFFFFFFFFFFFFFFFFF AND PUSH20 0xFFFFFFFFFFFFFFFFFFFFFFFFFFFFFFFFFFFFFFFF AND DUP2 MSTORE PUSH1 0x20 ADD SWAP1 DUP2 MSTORE PUSH1 0x20 ADD PUSH1 0x0 KECCAK256 PUSH1 0x0 CALLER PUSH20 0xFFFFFFFFFFFFFFFFFFFFFFFFFFFFFFFFFFFFFFFF AND PUSH20 0xFFFFFFFFFFFFFFFFFFFFFFFFFFFFFFFFFFFFFFFF AND DUP2 MSTORE PUSH1 0x20 ADD SWAP1 DUP2 MSTORE PUSH1 0x20 ADD PUSH1 0x0 KECCAK256 PUSH1 0x0 DUP3 DUP3 SLOAD SUB SWAP3 POP POP DUP2 SWAP1 SSTORE POP DUP2 PUSH1 0x3 PUSH1 0x0 DUP3 DUP3 SLOAD SUB SWAP3 POP POP DUP2 SWAP1 SSTORE POP DUP3 PUSH20 0xFFFFFFFFFFFFFFFFFFFFFFFFFFFFFFFFFFFFFFFF AND PUSH32 0xCC16F5DBB4873280815C1EE09DBD06736CFFCC184412CF7A71A0FDB75D397CA5 DUP4 PUSH1 0x40 MLOAD DUP1 DUP3 DUP2 MSTORE PUSH1 0x20 ADD SWAP2 POP POP PUSH1 0x40 MLOAD DUP1 SWAP2 SUB SWAP1 LOG2 PUSH1 0x1 SWAP1 POP SWAP3 SWAP2 POP POP JUMP JUMPDEST PUSH1 0x1 DUP1 SLOAD PUSH1 0x1 DUP2 PUSH1 0x1 AND ISZERO PUSH2 0x100 MUL SUB AND PUSH1 0x2 SWAP1 DIV DUP1 PUSH1 0x1F ADD PUSH1 0x20 DUP1 SWAP2 DIV MUL PUSH1 0x20 ADD PUSH1 0x40 MLOAD SWAP1 DUP2 ADD PUSH1 0x40 MSTORE DUP1 SWAP3 SWAP2 SWAP1 DUP2 DUP2 MSTORE PUSH1 0x20 ADD DUP3 DUP1 SLOAD PUSH1 0x1 DUP2 PUSH1 0x1 AND ISZERO PUSH2 0x100 MUL SUB AND PUSH1 0x2 SWAP1 DIV DUP1 ISZERO PUSH2 0xB70 JUMPI DUP1 PUSH1 0x1F LT PUSH2 0xB45 JUMPI PUSH2 0x100 DUP1 DUP4 SLOAD DIV MUL DUP4 MSTORE SWAP2 PUSH1 0x20 ADD SWAP2 PUSH2 0xB70 JUMP JUMPDEST DUP3 ADD SWAP2 SWAP1 PUSH1 0x0 MSTORE PUSH1 0x20 PUSH1 0x0 KECCAK256 SWAP1 JUMPDEST DUP2 SLOAD DUP2 MSTORE SWAP1 PUSH1 0x1 ADD SWAP1 PUSH1 0x20 ADD DUP1 DUP4 GT PUSH2 0xB53 JUMPI DUP3 SWAP1 SUB PUSH1 0x1F AND DUP3 ADD SWAP2 JUMPDEST POP POP POP POP POP DUP2 JUMP JUMPDEST PUSH2 0xB83 CALLER DUP4 DUP4 PUSH2 0xD2A JUMP JUMPDEST POP POP JUMP JUMPDEST PUSH1 0x0 DUP1 DUP5 SWAP1 POP PUSH2 0xB97 DUP6 DUP6 PUSH2 0x5D1 JUMP JUMPDEST ISZERO PUSH2 0xCFC JUMPI DUP1 PUSH20 0xFFFFFFFFFFFFFFFFFFFFFFFFFFFFFFFFFFFFFFFF AND PUSH4 0x8F4FFCB1 CALLER DUP7 ADDRESS DUP8 PUSH1 0x40 MLOAD DUP6 PUSH4 0xFFFFFFFF AND PUSH29 0x100000000000000000000000000000000000000000000000000000000 MUL DUP2 MSTORE PUSH1 0x4 ADD DUP1 DUP6 PUSH20 0xFFFFFFFFFFFFFFFFFFFFFFFFFFFFFFFFFFFFFFFF AND PUSH20 0xFFFFFFFFFFFFFFFFFFFFFFFFFFFFFFFFFFFFFFFF AND DUP2 MSTORE PUSH1 0x20 ADD DUP5 DUP2 MSTORE PUSH1 0x20 ADD DUP4 PUSH20 0xFFFFFFFFFFFFFFFFFFFFFFFFFFFFFFFFFFFFFFFF AND PUSH20 0xFFFFFFFFFFFFFFFFFFFFFFFFFFFFFFFFFFFFFFFF AND DUP2 MSTORE PUSH1 0x20 ADD DUP1 PUSH1 0x20 ADD DUP3 DUP2 SUB DUP3 MSTORE DUP4 DUP2 DUP2 MLOAD DUP2 MSTORE PUSH1 0x20 ADD SWAP2 POP DUP1 MLOAD SWAP1 PUSH1 0x20 ADD SWAP1 DUP1 DUP4 DUP4 PUSH1 0x0 JUMPDEST DUP4 DUP2 LT ISZERO PUSH2 0xC91 JUMPI DUP1 DUP3 ADD MLOAD DUP2 DUP5 ADD MSTORE PUSH1 0x20 DUP2 ADD SWAP1 POP PUSH2 0xC76 JUMP JUMPDEST POP POP POP POP SWAP1 POP SWAP1 DUP2 ADD SWAP1 PUSH1 0x1F AND DUP1 ISZERO PUSH2 0xCBE JUMPI DUP1 DUP3 SUB DUP1 MLOAD PUSH1 0x1 DUP4 PUSH1 0x20 SUB PUSH2 0x100 EXP SUB NOT AND DUP2 MSTORE PUSH1 0x20 ADD SWAP2 POP JUMPDEST POP SWAP6 POP POP POP POP POP POP PUSH1 0x0 PUSH1 0x40 MLOAD DUP1 DUP4 SUB DUP2 PUSH1 0x0 DUP8 DUP1 EXTCODESIZE ISZERO ISZERO PUSH2 0xCDF JUMPI PUSH1 0x0 DUP1 REVERT JUMPDEST PUSH2 0x2C6 GAS SUB CALL ISZERO ISZERO PUSH2 0xCF0 JUMPI PUSH1 0x0 DUP1 REVERT JUMPDEST POP POP POP PUSH1 0x1 SWAP2 POP PUSH2 0xCFD JUMP JUMPDEST JUMPDEST POP SWAP4 SWAP3 POP POP POP JUMP JUMPDEST PUSH1 0x5 PUSH1 0x20 MSTORE DUP2 PUSH1 0x0 MSTORE PUSH1 0x40 PUSH1 0x0 KECCAK256 PUSH1 0x20 MSTORE DUP1 PUSH1 0x0 MSTORE PUSH1 0x40 PUSH1 0x0 KECCAK256 PUSH1 0x0 SWAP2 POP SWAP2 POP POP SLOAD DUP2 JUMP JUMPDEST PUSH1 0x0 DUP1 DUP4 PUSH20 0xFFFFFFFFFFFFFFFFFFFFFFFFFFFFFFFFFFFFFFFF AND EQ ISZERO ISZERO ISZERO PUSH2 0xD51 JUMPI PUSH1 0x0 DUP1 REVERT JUMPDEST DUP2 PUSH1 0x4 PUSH1 0x0 DUP7 PUSH20 0xFFFFFFFFFFFFFFFFFFFFFFFFFFFFFFFFFFFFFFFF AND PUSH20 0xFFFFFFFFFFFFFFFFFFFFFFFFFFFFFFFFFFFFFFFF AND DUP2 MSTORE PUSH1 0x20 ADD SWAP1 DUP2 MSTORE PUSH1 0x20 ADD PUSH1 0x0 KECCAK256 SLOAD LT ISZERO ISZERO ISZERO PUSH2 0xD9F JUMPI PUSH1 0x0 DUP1 REVERT JUMPDEST PUSH1 0x4 PUSH1 0x0 DUP5 PUSH20 0xFFFFFFFFFFFFFFFFFFFFFFFFFFFFFFFFFFFFFFFF AND PUSH20 0xFFFFFFFFFFFFFFFFFFFFFFFFFFFFFFFFFFFFFFFF AND DUP2 MSTORE PUSH1 0x20 ADD SWAP1 DUP2 MSTORE PUSH1 0x20 ADD PUSH1 0x0 KECCAK256 SLOAD DUP3 PUSH1 0x4 PUSH1 0x0 DUP7 PUSH20 0xFFFFFFFFFFFFFFFFFFFFFFFFFFFFFFFFFFFFFFFF AND PUSH20 0xFFFFFFFFFFFFFFFFFFFFFFFFFFFFFFFFFFFFFFFF AND DUP2 MSTORE PUSH1 0x20 ADD SWAP1 DUP2 MSTORE PUSH1 0x20 ADD PUSH1 0x0 KECCAK256 SLOAD ADD GT ISZERO ISZERO PUSH2 0xE2D JUMPI PUSH1 0x0 DUP1 REVERT JUMPDEST PUSH1 0x4 PUSH1 0x0 DUP5 PUSH20 0xFFFFFFFFFFFFFFFFFFFFFFFFFFFFFFFFFFFFFFFF AND PUSH20 0xFFFFFFFFFFFFFFFFFFFFFFFFFFFFFFFFFFFFFFFF AND DUP2 MSTORE PUSH1 0x20 ADD SWAP1 DUP2 MSTORE PUSH1 0x20 ADD PUSH1 0x0 KECCAK256 SLOAD PUSH1 0x4 PUSH1 0x0 DUP7 PUSH20 0xFFFFFFFFFFFFFFFFFFFFFFFFFFFFFFFFFFFFFFFF AND PUSH20 0xFFFFFFFFFFFFFFFFFFFFFFFFFFFFFFFFFFFFFFFF AND DUP2 MSTORE PUSH1 0x20 ADD SWAP1 DUP2 MSTORE PUSH1 0x20 ADD PUSH1 0x0 KECCAK256 SLOAD ADD SWAP1 POP DUP2 PUSH1 0x4 PUSH1 0x0 DUP7 PUSH20 0xFFFFFFFFFFFFFFFFFFFFFFFFFFFFFFFFFFFFFFFF AND PUSH20 0xFFFFFFFFFFFFFFFFFFFFFFFFFFFFFFFFFFFFFFFF AND DUP2 MSTORE PUSH1 0x20 ADD SWAP1 DUP2 MSTORE PUSH1 0x20 ADD PUSH1 0x0 KECCAK256 PUSH1 0x0 DUP3 DUP3 SLOAD SUB SWAP3 POP POP DUP2 SWAP1 SSTORE POP DUP2 PUSH1 0x4 PUSH1 0x0 DUP6 PUSH20 0xFFFFFFFFFFFFFFFFFFFFFFFFFFFFFFFFFFFFFFFF AND PUSH20 0xFFFFFFFFFFFFFFFFFFFFFFFFFFFFFFFFFFFFFFFF AND DUP2 MSTORE PUSH1 0x20 ADD SWAP1 DUP2 MSTORE PUSH1 0x20 ADD PUSH1 0x0 KECCAK256 PUSH1 0x0 DUP3 DUP3 SLOAD ADD SWAP3 POP POP DUP2 SWAP1 SSTORE POP DUP3 PUSH20 0xFFFFFFFFFFFFFFFFFFFFFFFFFFFFFFFFFFFFFFFF AND DUP5 PUSH20 0xFFFFFFFFFFFFFFFFFFFFFFFFFFFFFFFFFFFFFFFF AND PUSH32 0xDDF252AD1BE2C89B69C2B068FC378DAA952BA7F163C4A11628F55A4DF523B3EF DUP5 PUSH1 0x40 MLOAD DUP1 DUP3 DUP2 MSTORE PUSH1 0x20 ADD SWAP2 POP POP PUSH1 0x40 MLOAD DUP1 SWAP2 SUB SWAP1 LOG3 DUP1 PUSH1 0x4 PUSH1 0x0 DUP6 PUSH20 0xFFFFFFFFFFFFFFFFFFFFFFFFFFFFFFFFFFFFFFFF AND PUSH20 0xFFFFFFFFFFFFFFFFFFFFFFFFFFFFFFFFFFFFFFFF AND DUP2 MSTORE PUSH1 0x20 ADD SWAP1 DUP2 MSTORE PUSH1 0x20 ADD PUSH1 0x0 KECCAK256 SLOAD PUSH1 0x4 PUSH1 0x0 DUP8 PUSH20 0xFFFFFFFFFFFFFFFFFFFFFFFFFFFFFFFFFFFFFFFF AND PUSH20 0xFFFFFFFFFFFFFFFFFFFFFFFFFFFFFFFFFFFFFFFF AND DUP2 MSTORE PUSH1 0x20 ADD SWAP1 DUP2 MSTORE PUSH1 0x20 ADD PUSH1 0x0 KECCAK256 SLOAD ADD EQ ISZERO ISZERO PUSH2 0x103A JUMPI INVALID JUMPDEST POP POP POP POP JUMP STOP LOG1 PUSH6 0x627A7A723058 KECCAK256 0xe1 DIV PUSH30 0xA78468112DDDF9C923AF6BDCAECE3BDFB60B1C70C21672F4EA2785E7AF00 0x29
1,PUSH1 0x60 PUSH1 0x40 MSTORE PUSH1 0x12 PUSH1 0x2 PUSH1 0x0 PUSH2 0x100 EXP DUP2 SLOAD DUP2 PUSH1 0xFF MUL NOT AND SWAP1 DUP4 PUSH1 0xFF AND MUL OR SWAP1 SSTORE POP CALLVALUE ISZERO PUSH3 0x2C JUMPI PUSH1 0x0 DUP1 REVERT JUMPDEST PUSH1 0x40 MLOAD PUSH3 0x1226 CODESIZE SUB DUP1 PUSH3 0x1226 DUP4 CODECOPY DUP2 ADD PUSH1 0x40 MSTORE DUP1 DUP1 MLOAD SWAP1 PUSH1 0x20 ADD SWAP1 SWAP2 SWAP1 DUP1 MLOAD DUP3 ADD SWAP2 SWAP1 PUSH1 0x20 ADD DUP1 MLOAD DUP3 ADD SWAP2 SWAP1 POP POP PUSH1 0x2 PUSH1 0x0 SWAP1 SLOAD SWAP1 PUSH2 0x100 EXP SWAP1 DIV PUSH1 0xFF AND PUSH1 0xFF AND PUSH1 0xA EXP DUP4 MUL PUSH1 0x3 DUP2 SWAP1 SSTORE POP PUSH1 0x3 SLOAD PUSH1 0x4 PUSH1 0x0 CALLER PUSH20 0xFFFFFFFFFFFFFFFFFFFFFFFFFFFFFFFFFFFFFFFF AND PUSH20 0xFFFFFFFFFFFFFFFFFFFFFFFFFFFFFFFFFFFFFFFF AND DUP2 MSTORE PUSH1 0x20 ADD SWAP1 DUP2 MSTORE PUSH1 0x20 ADD PUSH1 0x0 KECCAK256 DUP2 SWAP1 SSTORE POP DUP2 PUSH1 0x0 SWAP1 DUP1 MLOAD SWAP1 PUSH1 0x20 ADD SWAP1 PUSH3 0xD8 SWAP3 SWAP2 SWAP1 PUSH3 0xFB JUMP JUMPDEST POP DUP1 PUSH1 0x1 SWAP1 DUP1 MLOAD SWAP1 PUSH1 0x20 ADD SWAP1 PUSH3 0xF1 SWAP3 SWAP2 SWAP1 PUSH3 0xFB JUMP JUMPDEST POP POP POP POP PUSH3 0x1AA JUMP JUMPDEST DUP3 DUP1 SLOAD PUSH1 0x1 DUP2 PUSH1 0x1 AND ISZERO PUSH2 0x100 MUL SUB AND PUSH1 0x2 SWAP1 DIV SWAP1 PUSH1 0x0 MSTORE PUSH1 0x20 PUSH1 0x0 KECCAK256 SWAP1 PUSH1 0x1F ADD PUSH1 0x20 SWAP1 DIV DUP2 ADD SWAP3 DUP3 PUSH1 0x1F LT PUSH3 0x13E JUMPI DUP1 MLOAD PUSH1 0xFF NOT AND DUP4 DUP1 ADD OR DUP6 SSTORE PUSH3 0x16F JUMP JUMPDEST DUP3 DUP1 ADD PUSH1 0x1 ADD DUP6 SSTORE DUP3 ISZERO PUSH3 0x16F JUMPI SWAP2 DUP3 ADD JUMPDEST DUP3 DUP2 GT ISZERO PUSH3 0x16E JUMPI DUP3 MLOAD DUP3 SSTORE SWAP2 PUSH1 0x20 ADD SWAP2 SWAP1 PUSH1 0x1 ADD SWAP1 PUSH3 0x151 JUMP JUMPDEST JUMPDEST POP SWAP1 POP PUSH3 0x17E SWAP2 SWAP1 PUSH3 0x182 JUMP JUMPDEST POP SWAP1 JUMP JUMPDEST PUSH3 0x1A7 SWAP2 SWAP1 JUMPDEST DUP1 DUP3 GT ISZERO PUSH3 0x1A3 JUMPI PUSH1 0x0 DUP2 PUSH1 0x0 SWAP1 SSTORE POP PUSH1 0x1 ADD PUSH3 0x189 JUMP JUMPDEST POP SWAP1 JUMP JUMPDEST SWAP1 JUMP JUMPDEST PUSH2 0x106C DUP1 PUSH3 0x1BA PUSH1 0x0 CODECOPY PUSH1 0x0 RETURN STOP PUSH1 0x60 PUSH1 0x40 MSTORE PUSH1 0x4 CALLDATASIZE LT PUSH2 0xBA JUMPI PUSH1 0x0 CALLDATALOAD PUSH29 0x100000000000000000000000000000000000000000000000000000000 SWAP1 DIV PUSH4 0xFFFFFFFF AND DUP1 PUSH4 0x6FDDE03 EQ PUSH2 0xBF JUMPI DUP1 PUSH4 0x95EA7B3 EQ PUSH2 0x14D JUMPI DUP1 PUSH4 0x18160DDD EQ PUSH2 0x1A7 JUMPI DUP1 PUSH4 0x23B872DD EQ PUSH2 0x1D0 JUMPI DUP1 PUSH4 0x313CE567 EQ PUSH2 0x249 JUMPI DUP1 PUSH4 0x42966C68 EQ PUSH2 0x278 JUMPI DUP1 PUSH4 0x70A08231 EQ PUSH2 0x2B3 JUMPI DUP1 PUSH4 0x79CC6790 EQ PUSH2 0x300 JUMPI DUP1 PUSH4 0x95D89B41 EQ PUSH2 0x35A JUMPI DUP1 PUSH4 0xA9059CBB EQ PUSH2 0x3E8 JUMPI DUP1 PUSH4 0xCAE9CA51 EQ PUSH2 0x42A JUMPI DUP1 PUSH4 0xDD62ED3E EQ PUSH2 0x4C7 JUMPI JUMPDEST PUSH1 0x0 DUP1 REVERT JUMPDEST CALLVALUE ISZERO PUSH2 0xCA JUMPI PUSH1 0x0 DUP1 REVERT JUMPDEST PUSH2 0xD2 PUSH2 0x533 JUMP JUMPDEST PUSH1 0x40 MLOAD DUP1 DUP1 PUSH1 0x20 ADD DUP3 DUP2 SUB DUP3 MSTORE DUP4 DUP2 DUP2 MLOAD DUP2 MSTORE PUSH1 0x20 ADD SWAP2 POP DUP1 MLOAD SWAP1 PUSH1 0x20 ADD SWAP1 DUP1 DUP4 DUP4 PUSH1 0x0 JUMPDEST DUP4 DUP2 LT ISZERO PUSH2 0x112 JUMPI DUP1 DUP3 ADD MLOAD DUP2 DUP5 ADD MSTORE PUSH1 0x20 DUP2 ADD SWAP1 POP PUSH2 0xF7 JUMP JUMPDEST POP POP POP POP SWAP1 POP SWAP1 DUP2 ADD SWAP1 PUSH1 0x1F AND DUP1 ISZERO PUSH2 0x13F JUMPI DUP1 DUP3 SUB DUP1 MLOAD PUSH1 0x1 DUP4 PUSH1 0x20 SUB PUSH2 0x100 EXP SUB NOT AND DUP2 MSTORE PUSH1 0x20 ADD SWAP2 POP JUMPDEST POP SWAP3 POP POP POP PUSH1 0x40 MLOAD DUP1 SWAP2 SUB SWAP1 RETURN JUMPDEST CALLVALUE ISZERO PUSH2 0x158 JUMPI PUSH1 0x0 DUP1 REVERT JUMPDEST PUSH2 0x18D PUSH1 0x4 DUP1 DUP1 CALLDATALOAD PUSH20 0xFFFFFFFFFFFFFFFFFFFFFFFFFFFFFFFFFFFFFFFF AND SWAP1 PUSH1 0x20 ADD SWAP1 SWAP2 SWAP1 DUP1 CALLDATALOAD SWAP1 PUSH1 0x20 ADD SWAP1 SWAP2 SWAP1 POP POP PUSH2 0x5D1 JUMP JUMPDEST PUSH1 0x40 MLOAD DUP1 DUP3 ISZERO ISZERO ISZERO ISZERO DUP2 MSTORE PUSH1 0x20 ADD SWAP2 POP POP PUSH1 0x40 MLOAD DUP1 SWAP2 SUB SWAP1 RETURN JUMPDEST CALLVALUE ISZERO PUSH2 0x1B2 JUMPI PUSH1 0x0 DUP1 REVERT JUMPDEST PUSH2 0x1BA PUSH2 0x65E JUMP JUMPDEST PUSH1 0x40 MLOAD DUP1 DUP3 DUP2 MSTORE PUSH1 0x20 ADD SWAP2 POP POP PUSH1 0x40 MLOAD DUP1 SWAP2 SUB SWAP1 RETURN JUMPDEST CALLVALUE ISZERO PUSH2 0x1DB JUMPI PUSH1 0x0 DUP1 REVERT JUMPDEST PUSH2 0x22F PUSH1 0x4 DUP1 DUP1 CALLDATALOAD PUSH20 0xFFFFFFFFFFFFFFFFFFFFFFFFFFFFFFFFFFFFFFFF AND SWAP1 PUSH1 0x20 ADD SWAP1 SWAP2 SWAP1 DUP1 CALLDATALOAD PUSH20 0xFFFFFFFFFFFFFFFFFFFFFFFFFFFFFFFFFFFFFFFF AND SWAP1 PUSH1 0x20 ADD SWAP1 SWAP2 SWAP1 DUP1 CALLDATALOAD SWAP1 PUSH1 0x20 ADD SWAP1 SWAP2 SWAP1 POP POP PUSH2 0x664 JUMP JUMPDEST PUSH1 0x40 MLOAD DUP1 DUP3 ISZERO ISZERO ISZERO ISZERO DUP2 MSTORE PUSH1 0x20 ADD SWAP2 POP POP PUSH1 0x40 MLOAD DUP1 SWAP2 SUB SWAP1 RETURN JUMPDEST CALLVALUE ISZERO PUSH2 0x254 JUMPI PUSH1 0x0 DUP1 REVERT JUMPDEST PUSH2 0x25C PUSH2 0x791 JUMP JUMPDEST PUSH1 0x40 MLOAD DUP1 DUP3 PUSH1 0xFF AND PUSH1 0xFF AND DUP2 MSTORE PUSH1 0x20 ADD SWAP2 POP POP PUSH1 0x40 MLOAD DUP1 SWAP2 SUB SWAP1 RETURN JUMPDEST CALLVALUE ISZERO PUSH2 0x283 JUMPI PUSH1 0x0 DUP1 REVERT JUMPDEST PUSH2 0x299 PUSH1 0x4 DUP1 DUP1 CALLDATALOAD SWAP1 PUSH1 0x20 ADD SWAP1 SWAP2 SWAP1 POP POP PUSH2 0x7A4 JUMP JUMPDEST PUSH1 0x40 MLOAD DUP1 DUP3 ISZERO ISZERO ISZERO ISZERO DUP2 MSTORE PUSH1 0x20 ADD SWAP2 POP POP PUSH1 0x40 MLOAD DUP1 SWAP2 SUB SWAP1 RETURN JUMPDEST CALLVALUE ISZERO PUSH2 0x2BE JUMPI PUSH1 0x0 DUP1 REVERT JUMPDEST PUSH2 0x2EA PUSH1 0x4 DUP1 DUP1 CALLDATALOAD PUSH20 0xFFFFFFFFFFFFFFFFFFFFFFFFFFFFFFFFFFFFFFFF AND SWAP1 PUSH1 0x20 ADD SWAP1 SWAP2 SWAP1 POP POP PUSH2 0x8A8 JUMP JUMPDEST PUSH1 0x40 MLOAD DUP1 DUP3 DUP2 MSTORE PUSH1 0x20 ADD SWAP2 POP POP PUSH1 0x40 MLOAD DUP1 SWAP2 SUB SWAP1 RETURN JUMPDEST CALLVALUE ISZERO PUSH2 0x30B JUMPI PUSH1 0x0 DUP1 REVERT JUMPDEST PUSH2 0x340 PUSH1 0x4 DUP1 DUP1 CALLDATALOAD PUSH20 0xFFFFFFFFFFFFFFFFFFFFFFFFFFFFFFFFFFFFFFFF AND SWAP1 PUSH1 0x20 ADD SWAP1 SWAP2 SWAP1 DUP1 CALLDATALOAD SWAP1 PUSH1 0x20 ADD SWAP1 SWAP2 SWAP1 POP POP PUSH2 0x8C0 JUMP JUMPDEST PUSH1 0x40 MLOAD DUP1 DUP3 ISZERO ISZERO ISZERO ISZERO DUP2 MSTORE PUSH1 0x20 ADD SWAP2 POP POP PUSH1 0x40 MLOAD DUP1 SWAP2 SUB SWAP1 RETURN JUMPDEST CALLVALUE ISZERO PUSH2 0x365 JUMPI PUSH1 0x0 DUP1 REVERT JUMPDEST PUSH2 0x36D PUSH2 0xADA JUMP JUMPDEST PUSH1 0x40 MLOAD DUP1 DUP1 PUSH1 0x20 ADD DUP3 DUP2 SUB DUP3 MSTORE DUP4 DUP2 DUP2 MLOAD DUP2 MSTORE PUSH1 0x20 ADD SWAP2 POP DUP1 MLOAD SWAP1 PUSH1 0x20 ADD SWAP1 DUP1 DUP4 DUP4 PUSH1 0x0 JUMPDEST DUP4 DUP2 LT ISZERO PUSH2 0x3AD JUMPI DUP1 DUP3 ADD MLOAD DUP2 DUP5 ADD MSTORE PUSH1 0x20 DUP2 ADD SWAP1 POP PUSH2 0x392 JUMP JUMPDEST POP POP POP POP SWAP1 POP SWAP1 DUP2 ADD SWAP1 PUSH1 0x1F AND DUP1 ISZERO PUSH2 0x3DA JUMPI DUP1 DUP3 SUB DUP1 MLOAD PUSH1 0x1 DUP4 PUSH1 0x20 SUB PUSH2 0x100 EXP SUB NOT AND DUP2 MSTORE PUSH1 0x20 ADD SWAP2 POP JUMPDEST POP SWAP3 POP POP POP PUSH1 0x40 MLOAD DUP1 SWAP2 SUB SWAP1 RETURN JUMPDEST CALLVALUE ISZERO PUSH2 0x3F3 JUMPI PUSH1 0x0 DUP1 REVERT JUMPDEST PUSH2 0x428 PUSH1 0x4 DUP1 DUP1 CALLDATALOAD PUSH20 0xFFFFFFFFFFFFFFFFFFFFFFFFFFFFFFFFFFFFFFFF AND SWAP1 PUSH1 0x20 ADD SWAP1 SWAP2 SWAP1 DUP1 CALLDATALOAD SWAP1 PUSH1 0x20 ADD SWAP1 SWAP2 SWAP1 POP POP PUSH2 0xB78 JUMP JUMPDEST STOP JUMPDEST CALLVALUE ISZERO PUSH2 0x435 JUMPI PUSH1 0x0 DUP1 REVERT JUMPDEST PUSH2 0x4AD PUSH1 0x4 DUP1 DUP1 CALLDATALOAD PUSH20 0xFFFFFFFFFFFFFFFFFFFFFFFFFFFFFFFFFFFFFFFF AND SWAP1 PUSH1 0x20 ADD SWAP1 SWAP2 SWAP1 DUP1 CALLDATALOAD SWAP1 PUSH1 0x20 ADD SWAP1 SWAP2 SWAP1 DUP1 CALLDATALOAD SWAP1 PUSH1 0x20 ADD SWAP1 DUP3 ADD DUP1 CALLDATALOAD SWAP1 PUSH1 0x20 ADD SWAP1 DUP1 DUP1 PUSH1 0x1F ADD PUSH1 0x20 DUP1 SWAP2 DIV MUL PUSH1 0x20 ADD PUSH1 0x40 MLOAD SWAP1 DUP2 ADD PUSH1 0x40 MSTORE DUP1 SWAP4 SWAP3 SWAP2 SWAP1 DUP2 DUP2 MSTORE PUSH1 0x20 ADD DUP4 DUP4 DUP1 DUP3 DUP5 CALLDATACOPY DUP3 ADD SWAP2 POP POP POP POP POP POP SWAP2 SWAP1 POP POP PUSH2 0xB87 JUMP JUMPDEST PUSH1 0x40 MLOAD DUP1 DUP3 ISZERO ISZERO ISZERO ISZERO DUP2 MSTORE PUSH1 0x20 ADD SWAP2 POP POP PUSH1 0x40 MLOAD DUP1 SWAP2 SUB SWAP1 RETURN JUMPDEST CALLVALUE ISZERO PUSH2 0x4D2 JUMPI PUSH1 0x0 DUP1 REVERT JUMPDEST PUSH2 0x51D PUSH1 0x4 DUP1 DUP1 CALLDATALOAD PUSH20 0xFFFFFFFFFFFFFFFFFFFFFFFFFFFFFFFFFFFFFFFF AND SWAP1 PUSH1 0x20 ADD SWAP1 SWAP2 SWAP1 DUP1 CALLDATALOAD PUSH20 0xFFFFFFFFFFFFFFFFFFFFFFFFFFFFFFFFFFFFFFFF AND SWAP1 PUSH1 0x20 ADD SWAP1 SWAP2 SWAP1 POP POP PUSH2 0xD05 JUMP JUMPDEST PUSH1 0x40 MLOAD DUP1 DUP3 DUP2 MSTORE PUSH1 0x20 ADD SWAP2 POP POP PUSH1 0x40 MLOAD DUP1 SWAP2 SUB SWAP1 RETURN JUMPDEST PUSH1 0x0 DUP1 SLOAD PUSH1 0x1 DUP2 PUSH1 0x1 AND ISZERO PUSH2 0x100 MUL SUB AND PUSH1 0x2 SWAP1 DIV DUP1 PUSH1 0x1F ADD PUSH1 0x20 DUP1 SWAP2 DIV MUL PUSH1 0x20 ADD PUSH1 0x40 MLOAD SWAP1 DUP2 ADD PUSH1 0x40 MSTORE DUP1 SWAP3 SWAP2 SWAP1 DUP2 DUP2 MSTORE PUSH1 0x20 ADD DUP3 DUP1 SLOAD PUSH1 0x1 DUP2 PUSH1 0x1 AND ISZERO PUSH2 0x100 MUL SUB AND PUSH1 0x2 SWAP1 DIV DUP1 ISZERO PUSH2 0x5C9 JUMPI DUP1 PUSH1 0x1F LT PUSH2 0x59E JUMPI PUSH2 0x100 DUP1 DUP4 SLOAD DIV MUL DUP4 MSTORE SWAP2 PUSH1 0x20 ADD SWAP2 PUSH2 0x5C9 JUMP JUMPDEST DUP3 ADD SWAP2 SWAP1 PUSH1 0x0 MSTORE PUSH1 0x20 PUSH1 0x0 KECCAK256 SWAP1 JUMPDEST DUP2 SLOAD DUP2 MSTORE SWAP1 PUSH1 0x1 ADD SWAP1 PUSH1 0x20 ADD DUP1 DUP4 GT PUSH2 0x5AC JUMPI DUP3 SWAP1 SUB PUSH1 0x1F AND DUP3 ADD SWAP2 JUMPDEST POP POP POP POP POP DUP2 JUMP JUMPDEST PUSH1 0x0 DUP2 PUSH1 0x5 PUSH1 0x0 CALLER PUSH20 0xFFFFFFFFFFFFFFFFFFFFFFFFFFFFFFFFFFFFFFFF AND PUSH20 0xFFFFFFFFFFFFFFFFFFFFFFFFFFFFFFFFFFFFFFFF AND DUP2 MSTORE PUSH1 0x20 ADD SWAP1 DUP2 MSTORE PUSH1 0x20 ADD PUSH1 0x0 KECCAK256 PUSH1 0x0 DUP6 PUSH20 0xFFFFFFFFFFFFFFFFFFFFFFFFFFFFFFFFFFFFFFFF AND PUSH20 0xFFFFFFFFFFFFFFFFFFFFFFFFFFFFFFFFFFFFFFFF AND DUP2 MSTORE PUSH1 0x20 ADD SWAP1 DUP2 MSTORE PUSH1 0x20 ADD PUSH1 0x0 KECCAK256 DUP2 SWAP1 SSTORE POP PUSH1 0x1 SWAP1 POP SWAP3 SWAP2 POP POP JUMP JUMPDEST PUSH1 0x3 SLOAD DUP2 JUMP JUMPDEST PUSH1 0x0 PUSH1 0x5 PUSH1 0x0 DUP6 PUSH20 0xFFFFFFFFFFFFFFFFFFFFFFFFFFFFFFFFFFFFFFFF AND PUSH20 0xFFFFFFFFFFFFFFFFFFFFFFFFFFFFFFFFFFFFFFFF AND DUP2 MSTORE PUSH1 0x20 ADD SWAP1 DUP2 MSTORE PUSH1 0x20 ADD PUSH1 0x0 KECCAK256 PUSH1 0x0 CALLER PUSH20 0xFFFFFFFFFFFFFFFFFFFFFFFFFFFFFFFFFFFFFFFF AND PUSH20 0xFFFFFFFFFFFFFFFFFFFFFFFFFFFFFFFFFFFFFFFF AND DUP2 MSTORE PUSH1 0x20 ADD SWAP1 DUP2 MSTORE PUSH1 0x20 ADD PUSH1 0x0 KECCAK256 SLOAD DUP3 GT ISZERO ISZERO ISZERO PUSH2 0x6F1 JUMPI PUSH1 0x0 DUP1 REVERT JUMPDEST DUP2 PUSH1 0x5 PUSH1 0x0 DUP7 PUSH20 0xFFFFFFFFFFFFFFFFFFFFFFFFFFFFFFFFFFFFFFFF AND PUSH20 0xFFFFFFFFFFFFFFFFFFFFFFFFFFFFFFFFFFFFFFFF AND DUP2 MSTORE PUSH1 0x20 ADD SWAP1 DUP2 MSTORE PUSH1 0x20 ADD PUSH1 0x0 KECCAK256 PUSH1 0x0 CALLER PUSH20 0xFFFFFFFFFFFFFFFFFFFFFFFFFFFFFFFFFFFFFFFF AND PUSH20 0xFFFFFFFFFFFFFFFFFFFFFFFFFFFFFFFFFFFFFFFF AND DUP2 MSTORE PUSH1 0x20 ADD SWAP1 DUP2 MSTORE PUSH1 0x20 ADD PUSH1 0x0 KECCAK256 PUSH1 0x0 DUP3 DUP3 SLOAD SUB SWAP3 POP POP DUP2 SWAP1 SSTORE POP PUSH2 0x786 DUP5 DUP5 DUP5 PUSH2 0xD2A JUMP JUMPDEST PUSH1 0x1 SWAP1 POP SWAP4 SWAP3 POP POP POP JUMP JUMPDEST PUSH1 0x2 PUSH1 0x0 SWAP1 SLOAD SWAP1 PUSH2 0x100 EXP SWAP1 DIV PUSH1 0xFF AND DUP2 JUMP JUMPDEST PUSH1 0x0 DUP2 PUSH1 0x4 PUSH1 0x0 CALLER PUSH20 0xFFFFFFFFFFFFFFFFFFFFFFFFFFFFFFFFFFFFFFFF AND PUSH20 0xFFFFFFFFFFFFFFFFFFFFFFFFFFFFFFFFFFFFFFFF AND DUP2 MSTORE PUSH1 0x20 ADD SWAP1 DUP2 MSTORE PUSH1 0x20 ADD PUSH1 0x0 KECCAK256 SLOAD LT ISZERO ISZERO ISZERO PUSH2 0x7F4 JUMPI PUSH1 0x0 DUP1 REVERT JUMPDEST DUP2 PUSH1 0x4 PUSH1 0x0 CALLER PUSH20 0xFFFFFFFFFFFFFFFFFFFFFFFFFFFFFFFFFFFFFFFF AND PUSH20 0xFFFFFFFFFFFFFFFFFFFFFFFFFFFFFFFFFFFFFFFF AND DUP2 MSTORE PUSH1 0x20 ADD SWAP1 DUP2 MSTORE PUSH1 0x20 ADD PUSH1 0x0 KECCAK256 PUSH1 0x0 DUP3 DUP3 SLOAD SUB SWAP3 POP POP DUP2 SWAP1 SSTORE POP DUP2 PUSH1 0x3 PUSH1 0x0 DUP3 DUP3 SLOAD SUB SWAP3 POP POP DUP2 SWAP1 SSTORE POP CALLER PUSH20 0xFFFFFFFFFFFFFFFFFFFFFFFFFFFFFFFFFFFFFFFF AND PUSH32 0xCC16F5DBB4873280815C1EE09DBD06736CFFCC184412CF7A71A0FDB75D397CA5 DUP4 PUSH1 0x40 MLOAD DUP1 DUP3 DUP2 MSTORE PUSH1 0x20 ADD SWAP2 POP POP PUSH1 0x40 MLOAD DUP1 SWAP2 SUB SWAP1 LOG2 PUSH1 0x1 SWAP1 POP SWAP2 SWAP1 POP JUMP JUMPDEST PUSH1 0x4 PUSH1 0x20 MSTORE DUP1 PUSH1 0x0 MSTORE PUSH1 0x40 PUSH1 0x0 KECCAK256 PUSH1 0x0 SWAP2 POP SWAP1 POP SLOAD DUP2 JUMP JUMPDEST PUSH1 0x0 DUP2 PUSH1 0x4 PUSH1 0x0 DUP6 PUSH20 0xFFFFFFFFFFFFFFFFFFFFFFFFFFFFFFFFFFFFFFFF AND PUSH20 0xFFFFFFFFFFFFFFFFFFFFFFFFFFFFFFFFFFFFFFFF AND DUP2 MSTORE PUSH1 0x20 ADD SWAP1 DUP2 MSTORE PUSH1 0x20 ADD PUSH1 0x0 KECCAK256 SLOAD LT ISZERO ISZERO ISZERO PUSH2 0x910 JUMPI PUSH1 0x0 DUP1 REVERT JUMPDEST PUSH1 0x5 PUSH1 0x0 DUP5 PUSH20 0xFFFFFFFFFFFFFFFFFFFFFFFFFFFFFFFFFFFFFFFF AND PUSH20 0xFFFFFFFFFFFFFFFFFFFFFFFFFFFFFFFFFFFFFFFF AND DUP2 MSTORE PUSH1 0x20 ADD SWAP1 DUP2 MSTORE PUSH1 0x20 ADD PUSH1 0x0 KECCAK256 PUSH1 0x0 CALLER PUSH20 0xFFFFFFFFFFFFFFFFFFFFFFFFFFFFFFFFFFFFFFFF AND PUSH20 0xFFFFFFFFFFFFFFFFFFFFFFFFFFFFFFFFFFFFFFFF AND DUP2 MSTORE PUSH1 0x20 ADD SWAP1 DUP2 MSTORE PUSH1 0x20 ADD PUSH1 0x0 KECCAK256 SLOAD DUP3 GT ISZERO ISZERO ISZERO PUSH2 0x99B JUMPI PUSH1 0x0 DUP1 REVERT JUMPDEST DUP2 PUSH1 0x4 PUSH1 0x0 DUP6 PUSH20 0xFFFFFFFFFFFFFFFFFFFFFFFFFFFFFFFFFFFFFFFF AND PUSH20 0xFFFFFFFFFFFFFFFFFFFFFFFFFFFFFFFFFFFFFFFF AND DUP2 MSTORE PUSH1 0x20 ADD SWAP1 DUP2 MSTORE PUSH1 0x20 ADD PUSH1 0x0 KECCAK256 PUSH1 0x0 DUP3 DUP3 SLOAD SUB SWAP3 POP POP DUP2 SWAP1 SSTORE POP DUP2 PUSH1 0x5 PUSH1 0x0 DUP6 PUSH20 0xFFFFFFFFFFFFFFFFFFFFFFFFFFFFFFFFFFFFFFFF AND PUSH20 0xFFFFFFFFFFFFFFFFFFFFFFFFFFFFFFFFFFFFFFFF AND DUP2 MSTORE PUSH1 0x20 ADD SWAP1 DUP2 MSTORE PUSH1 0x20 ADD PUSH1 0x0 KECCAK256 PUSH1 0x0 CALLER PUSH20 0xFFFFFFFFFFFFFFFFFFFFFFFFFFFFFFFFFFFFFFFF AND PUSH20 0xFFFFFFFFFFFFFFFFFFFFFFFFFFFFFFFFFFFFFFFF AND DUP2 MSTORE PUSH1 0x20 ADD SWAP1 DUP2 MSTORE PUSH1 0x20 ADD PUSH1 0x0 KECCAK256 PUSH1 0x0 DUP3 DUP3 SLOAD SUB SWAP3 POP POP DUP2 SWAP1 SSTORE POP DUP2 PUSH1 0x3 PUSH1 0x0 DUP3 DUP3 SLOAD SUB SWAP3 POP POP DUP2 SWAP1 SSTORE POP DUP3 PUSH20 0xFFFFFFFFFFFFFFFFFFFFFFFFFFFFFFFFFFFFFFFF AND PUSH32 0xCC16F5DBB4873280815C1EE09DBD06736CFFCC184412CF7A71A0FDB75D397CA5 DUP4 PUSH1 0x40 MLOAD DUP1 DUP3 DUP2 MSTORE PUSH1 0x20 ADD SWAP2 POP POP PUSH1 0x40 MLOAD DUP1 SWAP2 SUB SWAP1 LOG2 PUSH1 0x1 SWAP1 POP SWAP3 SWAP2 POP POP JUMP JUMPDEST PUSH1 0x1 DUP1 SLOAD PUSH1 0x1 DUP2 PUSH1 0x1 AND ISZERO PUSH2 0x100 MUL SUB AND PUSH1 0x2 SWAP1 DIV DUP1 PUSH1 0x1F ADD PUSH1 0x20 DUP1 SWAP2 DIV MUL PUSH1 0x20 ADD PUSH1 0x40 MLOAD SWAP1 DUP2 ADD PUSH1 0x40 MSTORE DUP1 SWAP3 SWAP2 SWAP1 DUP2 DUP2 MSTORE PUSH1 0x20 ADD DUP3 DUP1 SLOAD PUSH1 0x1 DUP2 PUSH1 0x1 AND ISZERO PUSH2 0x100 MUL SUB AND PUSH1 0x2 SWAP1 DIV DUP1 ISZERO PUSH2 0xB70 JUMPI DUP1 PUSH1 0x1F LT PUSH2 0xB45 JUMPI PUSH2 0x100 DUP1 DUP4 SLOAD DIV MUL DUP4 MSTORE SWAP2 PUSH1 0x20 ADD SWAP2 PUSH2 0xB70 JUMP JUMPDEST DUP3 ADD SWAP2 SWAP1 PUSH1 0x0 MSTORE PUSH1 0x20 PUSH1 0x0 KECCAK256 SWAP1 JUMPDEST DUP2 SLOAD DUP2 MSTORE SWAP1 PUSH1 0x1 ADD SWAP1 PUSH1 0x20 ADD DUP1 DUP4 GT PUSH2 0xB53 JUMPI DUP3 SWAP1 SUB PUSH1 0x1F AND DUP3 ADD SWAP2 JUMPDEST POP POP POP POP POP DUP2 JUMP JUMPDEST PUSH2 0xB83 CALLER DUP4 DUP4 PUSH2 0xD2A JUMP JUMPDEST POP POP JUMP JUMPDEST PUSH1 0x0 DUP1 DUP5 SWAP1 POP PUSH2 0xB97 DUP6 DUP6 PUSH2 0x5D1 JUMP JUMPDEST ISZERO PUSH2 0xCFC JUMPI DUP1 PUSH20 0xFFFFFFFFFFFFFFFFFFFFFFFFFFFFFFFFFFFFFFFF AND PUSH4 0x8F4FFCB1 CALLER DUP7 ADDRESS DUP8 PUSH1 0x40 MLOAD DUP6 PUSH4 0xFFFFFFFF AND PUSH29 0x100000000000000000000000000000000000000000000000000000000 MUL DUP2 MSTORE PUSH1 0x4 ADD DUP1 DUP6 PUSH20 0xFFFFFFFFFFFFFFFFFFFFFFFFFFFFFFFFFFFFFFFF AND PUSH20 0xFFFFFFFFFFFFFFFFFFFFFFFFFFFFFFFFFFFFFFFF AND DUP2 MSTORE PUSH1 0x20 ADD DUP5 DUP2 MSTORE PUSH1 0x20 ADD DUP4 PUSH20 0xFFFFFFFFFFFFFFFFFFFFFFFFFFFFFFFFFFFFFFFF AND PUSH20 0xFFFFFFFFFFFFFFFFFFFFFFFFFFFFFFFFFFFFFFFF AND DUP2 MSTORE PUSH1 0x20 ADD DUP1 PUSH1 0x20 ADD DUP3 DUP2 SUB DUP3 MSTORE DUP4 DUP2 DUP2 MLOAD DUP2 MSTORE PUSH1 0x20 ADD SWAP2 POP DUP1 MLOAD SWAP1 PUSH1 0x20 ADD SWAP1 DUP1 DUP4 DUP4 PUSH1 0x0 JUMPDEST DUP4 DUP2 LT ISZERO PUSH2 0xC91 JUMPI DUP1 DUP3 ADD MLOAD DUP2 DUP5 ADD MSTORE PUSH1 0x20 DUP2 ADD SWAP1 POP PUSH2 0xC76 JUMP JUMPDEST POP POP POP POP SWAP1 POP SWAP1 DUP2 ADD SWAP1 PUSH1 0x1F AND DUP1 ISZERO PUSH2 0xCBE JUMPI DUP1 DUP3 SUB DUP1 MLOAD PUSH1 0x1 DUP4 PUSH1 0x20 SUB PUSH2 0x100 EXP SUB NOT AND DUP2 MSTORE PUSH1 0x20 ADD SWAP2 POP JUMPDEST POP SWAP6 POP POP POP POP POP POP PUSH1 0x0 PUSH1 0x40 MLOAD DUP1 DUP4 SUB DUP2 PUSH1 0x0 DUP8 DUP1 EXTCODESIZE ISZERO ISZERO PUSH2 0xCDF JUMPI PUSH1 0x0 DUP1 REVERT JUMPDEST PUSH2 0x2C6 GAS SUB CALL ISZERO ISZERO PUSH2 0xCF0 JUMPI PUSH1 0x0 DUP1 REVERT JUMPDEST POP POP POP PUSH1 0x1 SWAP2 POP PUSH2 0xCFD JUMP JUMPDEST JUMPDEST POP SWAP4 SWAP3 POP POP POP JUMP JUMPDEST PUSH1 0x5 PUSH1 0x20 MSTORE DUP2 PUSH1 0x0 MSTORE PUSH1 0x40 PUSH1 0x0 KECCAK256 PUSH1 0x20 MSTORE DUP1 PUSH1 0x0 MSTORE PUSH1 0x40 PUSH1 0x0 KECCAK256 PUSH1 0x0 SWAP2 POP SWAP2 POP POP SLOAD DUP2 JUMP JUMPDEST PUSH1 0x0 DUP1 DUP4 PUSH20 0xFFFFFFFFFFFFFFFFFFFFFFFFFFFFFFFFFFFFFFFF AND EQ ISZERO ISZERO ISZERO PUSH2 0xD51 JUMPI PUSH1 0x0 DUP1 REVERT JUMPDEST DUP2 PUSH1 0x4 PUSH1 0x0 DUP7 PUSH20 0xFFFFFFFFFFFFFFFFFFFFFFFFFFFFFFFFFFFFFFFF AND PUSH20 0xFFFFFFFFFFFFFFFFFFFFFFFFFFFFFFFFFFFFFFFF AND DUP2 MSTORE PUSH1 0x20 ADD SWAP1 DUP2 MSTORE PUSH1 0x20 ADD PUSH1 0x0 KECCAK256 SLOAD LT ISZERO ISZERO ISZERO PUSH2 0xD9F JUMPI PUSH1 0x0 DUP1 REVERT JUMPDEST PUSH1 0x4 PUSH1 0x0 DUP5 PUSH20 0xFFFFFFFFFFFFFFFFFFFFFFFFFFFFFFFFFFFFFFFF AND PUSH20 0xFFFFFFFFFFFFFFFFFFFFFFFFFFFFFFFFFFFFFFFF AND DUP2 MSTORE PUSH1 0x20 ADD SWAP1 DUP2 MSTORE PUSH1 0x20 ADD PUSH1 0x0 KECCAK256 SLOAD DUP3 PUSH1 0x4 PUSH1 0x0 DUP7 PUSH20 0xFFFFFFFFFFFFFFFFFFFFFFFFFFFFFFFFFFFFFFFF AND PUSH20 0xFFFFFFFFFFFFFFFFFFFFFFFFFFFFFFFFFFFFFFFF AND DUP2 MSTORE PUSH1 0x20 ADD SWAP1 DUP2 MSTORE PUSH1 0x20 ADD PUSH1 0x0 KECCAK256 SLOAD ADD GT ISZERO ISZERO PUSH2 0xE2D JUMPI PUSH1 0x0 DUP1 REVERT JUMPDEST PUSH1 0x4 PUSH1 0x0 DUP5 PUSH20 0xFFFFFFFFFFFFFFFFFFFFFFFFFFFFFFFFFFFFFFFF AND PUSH20 0xFFFFFFFFFFFFFFFFFFFFFFFFFFFFFFFFFFFFFFFF AND DUP2 MSTORE PUSH1 0x20 ADD SWAP1 DUP2 MSTORE PUSH1 0x20 ADD PUSH1 0x0 KECCAK256 SLOAD PUSH1 0x4 PUSH1 0x0 DUP7 PUSH20 0xFFFFFFFFFFFFFFFFFFFFFFFFFFFFFFFFFFFFFFFF AND PUSH20 0xFFFFFFFFFFFFFFFFFFFFFFFFFFFFFFFFFFFFFFFF AND DUP2 MSTORE PUSH1 0x20 ADD SWAP1 DUP2 MSTORE PUSH1 0x20 ADD PUSH1 0x0 KECCAK256 SLOAD ADD SWAP1 POP DUP2 PUSH1 0x4 PUSH1 0x0 DUP7 PUSH20 0xFFFFFFFFFFFFFFFFFFFFFFFFFFFFFFFFFFFFFFFF AND PUSH20 0xFFFFFFFFFFFFFFFFFFFFFFFFFFFFFFFFFFFFFFFF AND DUP2 MSTORE PUSH1 0x20 ADD SWAP1 DUP2 MSTORE PUSH1 0x20 ADD PUSH1 0x0 KECCAK256 PUSH1 0x0 DUP3 DUP3 SLOAD SUB SWAP3 POP POP DUP2 SWAP1 SSTORE POP DUP2 PUSH1 0x4 PUSH1 0x0 DUP6 PUSH20 0xFFFFFFFFFFFFFFFFFFFFFFFFFFFFFFFFFFFFFFFF AND PUSH20 0xFFFFFFFFFFFFFFFFFFFFFFFFFFFFFFFFFFFFFFFF AND DUP2 MSTORE PUSH1 0x20 ADD SWAP1 DUP2 MSTORE PUSH1 0x20 ADD PUSH1 0x0 KECCAK256 PUSH1 0x0 DUP3 DUP3 SLOAD ADD SWAP3 POP POP DUP2 SWAP1 SSTORE POP DUP3 PUSH20 0xFFFFFFFFFFFFFFFFFFFFFFFFFFFFFFFFFFFFFFFF AND DUP5 PUSH20 0xFFFFFFFFFFFFFFFFFFFFFFFFFFFFFFFFFFFFFFFF AND PUSH32 0xDDF252AD1BE2C89B69C2B068FC378DAA952BA7F163C4A11628F55A4DF523B3EF DUP5 PUSH1 0x40 MLOAD DUP1 DUP3 DUP2 MSTORE PUSH1 0x20 ADD SWAP2 POP POP PUSH1 0x40 MLOAD DUP1 SWAP2 SUB SWAP1 LOG3 DUP1 PUSH1 0x4 PUSH1 0x0 DUP6 PUSH20 0xFFFFFFFFFFFFFFFFFFFFFFFFFFFFFFFFFFFFFFFF AND PUSH20 0xFFFFFFFFFFFFFFFFFFFFFFFFFFFFFFFFFFFFFFFF AND DUP2 MSTORE PUSH1 0x20 ADD SWAP1 DUP2 MSTORE PUSH1 0x20 ADD PUSH1 0x0 KECCAK256 SLOAD PUSH1 0x4 PUSH1 0x0 DUP8 PUSH20 0xFFFFFFFFFFFFFFFFFFFFFFFFFFFFFFFFFFFFFFFF AND PUSH20 0xFFFFFFFFFFFFFFFFFFFFFFFFFFFFFFFFFFFFFFFF AND DUP2 MSTORE PUSH1 0x20 ADD SWAP1 DUP2 MSTORE PUSH1 0x20 ADD PUSH1 0x0 KECCAK256 SLOAD ADD EQ ISZERO ISZERO PUSH2 0x103A JUMPI INVALID JUMPDEST POP POP POP POP JUMP STOP LOG1 PUSH6 0x627A7A723058 KECCAK256 DUP9 0xb1 GASLIMIT CALLCODE 0xbe 0xaa 0x4f 0xf 0x21 PC 0xca 0xd 0xd7 PUSH9 0x4FDC3DB3C8B361EE57 DUP4 0x26 RETURN DUP14 0xe8 MUL PUSH27 0xB5B000290000000000000000000000000000000000000000000000
1,PUSH1 0x60 PUSH1 0x40 MSTORE PUSH1 0x40 DUP1 MLOAD SWAP1 DUP2 ADD PUSH1 0x40 MSTORE DUP1 PUSH1 0x7 DUP2 MSTORE PUSH1 0x20 ADD PUSH32 0x5069546F6B656E00000000000000000000000000000000000000000000000000 DUP2 MSTORE POP PUSH1 0x0 SWAP1 DUP1 MLOAD SWAP1 PUSH1 0x20 ADD SWAP1 PUSH3 0x51 SWAP3 SWAP2 SWAP1 PUSH3 0x1E7 JUMP JUMPDEST POP PUSH1 0x40 DUP1 MLOAD SWAP1 DUP2 ADD PUSH1 0x40 MSTORE DUP1 PUSH1 0x3 DUP2 MSTORE PUSH1 0x20 ADD PUSH32 0x5049540000000000000000000000000000000000000000000000000000000000 DUP2 MSTORE POP PUSH1 0x1 SWAP1 DUP1 MLOAD SWAP1 PUSH1 0x20 ADD SWAP1 PUSH3 0x9F SWAP3 SWAP2 SWAP1 PUSH3 0x1E7 JUMP JUMPDEST POP PUSH1 0x12 PUSH1 0x2 PUSH1 0x0 PUSH2 0x100 EXP DUP2 SLOAD DUP2 PUSH1 0xFF MUL NOT AND SWAP1 DUP4 PUSH1 0xFF AND MUL OR SWAP1 SSTORE POP CALLVALUE ISZERO PUSH3 0xC8 JUMPI PUSH1 0x0 DUP1 REVERT JUMPDEST PUSH1 0x40 MLOAD PUSH3 0x1312 CODESIZE SUB DUP1 PUSH3 0x1312 DUP4 CODECOPY DUP2 ADD PUSH1 0x40 MSTORE DUP1 DUP1 MLOAD SWAP1 PUSH1 0x20 ADD SWAP1 SWAP2 SWAP1 DUP1 MLOAD DUP3 ADD SWAP2 SWAP1 PUSH1 0x20 ADD DUP1 MLOAD DUP3 ADD SWAP2 SWAP1 POP POP PUSH1 0x2 PUSH1 0x0 SWAP1 SLOAD SWAP1 PUSH2 0x100 EXP SWAP1 DIV PUSH1 0xFF AND PUSH1 0xFF AND PUSH8 0x2B992DDFA23249D6 EXP DUP4 MUL PUSH1 0x3 DUP2 SWAP1 SSTORE POP PUSH8 0x2B992DDFA23249D6 PUSH1 0x3 DUP2 SWAP1 SSTORE PUSH1 0x4 PUSH1 0x0 CALLER PUSH20 0xFFFFFFFFFFFFFFFFFFFFFFFFFFFFFFFFFFFFFFFF AND PUSH20 0xFFFFFFFFFFFFFFFFFFFFFFFFFFFFFFFFFFFFFFFF AND DUP2 MSTORE PUSH1 0x20 ADD SWAP1 DUP2 MSTORE PUSH1 0x20 ADD PUSH1 0x0 KECCAK256 DUP2 SWAP1 SSTORE POP PUSH1 0x40 DUP1 MLOAD SWAP1 DUP2 ADD PUSH1 0x40 MSTORE DUP1 PUSH1 0x7 DUP2 MSTORE PUSH1 0x20 ADD PUSH32 0x5069546F6B656E00000000000000000000000000000000000000000000000000 DUP2 MSTORE POP SWAP2 POP PUSH1 0x40 DUP1 MLOAD SWAP1 DUP2 ADD PUSH1 0x40 MSTORE DUP1 PUSH1 0x3 DUP2 MSTORE PUSH1 0x20 ADD PUSH32 0x5049540000000000000000000000000000000000000000000000000000000000 DUP2 MSTORE POP SWAP1 POP POP POP POP PUSH3 0x296 JUMP JUMPDEST DUP3 DUP1 SLOAD PUSH1 0x1 DUP2 PUSH1 0x1 AND ISZERO PUSH2 0x100 MUL SUB AND PUSH1 0x2 SWAP1 DIV SWAP1 PUSH1 0x0 MSTORE PUSH1 0x20 PUSH1 0x0 KECCAK256 SWAP1 PUSH1 0x1F ADD PUSH1 0x20 SWAP1 DIV DUP2 ADD SWAP3 DUP3 PUSH1 0x1F LT PUSH3 0x22A JUMPI DUP1 MLOAD PUSH1 0xFF NOT AND DUP4 DUP1 ADD OR DUP6 SSTORE PUSH3 0x25B JUMP JUMPDEST DUP3 DUP1 ADD PUSH1 0x1 ADD DUP6 SSTORE DUP3 ISZERO PUSH3 0x25B JUMPI SWAP2 DUP3 ADD JUMPDEST DUP3 DUP2 GT ISZERO PUSH3 0x25A JUMPI DUP3 MLOAD DUP3 SSTORE SWAP2 PUSH1 0x20 ADD SWAP2 SWAP1 PUSH1 0x1 ADD SWAP1 PUSH3 0x23D JUMP JUMPDEST JUMPDEST POP SWAP1 POP PUSH3 0x26A SWAP2 SWAP1 PUSH3 0x26E JUMP JUMPDEST POP SWAP1 JUMP JUMPDEST PUSH3 0x293 SWAP2 SWAP1 JUMPDEST DUP1 DUP3 GT ISZERO PUSH3 0x28F JUMPI PUSH1 0x0 DUP2 PUSH1 0x0 SWAP1 SSTORE POP PUSH1 0x1 ADD PUSH3 0x275 JUMP JUMPDEST POP SWAP1 JUMP JUMPDEST SWAP1 JUMP JUMPDEST PUSH2 0x106C DUP1 PUSH3 0x2A6 PUSH1 0x0 CODECOPY PUSH1 0x0 RETURN STOP PUSH1 0x60 PUSH1 0x40 MSTORE PUSH1 0x4 CALLDATASIZE LT PUSH2 0xBA JUMPI PUSH1 0x0 CALLDATALOAD PUSH29 0x100000000000000000000000000000000000000000000000000000000 SWAP1 DIV PUSH4 0xFFFFFFFF AND DUP1 PUSH4 0x6FDDE03 EQ PUSH2 0xBF JUMPI DUP1 PUSH4 0x95EA7B3 EQ PUSH2 0x14D JUMPI DUP1 PUSH4 0x18160DDD EQ PUSH2 0x1A7 JUMPI DUP1 PUSH4 0x23B872DD EQ PUSH2 0x1D0 JUMPI DUP1 PUSH4 0x313CE567 EQ PUSH2 0x249 JUMPI DUP1 PUSH4 0x42966C68 EQ PUSH2 0x278 JUMPI DUP1 PUSH4 0x70A08231 EQ PUSH2 0x2B3 JUMPI DUP1 PUSH4 0x79CC6790 EQ PUSH2 0x300 JUMPI DUP1 PUSH4 0x95D89B41 EQ PUSH2 0x35A JUMPI DUP1 PUSH4 0xA9059CBB EQ PUSH2 0x3E8 JUMPI DUP1 PUSH4 0xCAE9CA51 EQ PUSH2 0x42A JUMPI DUP1 PUSH4 0xDD62ED3E EQ PUSH2 0x4C7 JUMPI JUMPDEST PUSH1 0x0 DUP1 REVERT JUMPDEST CALLVALUE ISZERO PUSH2 0xCA JUMPI PUSH1 0x0 DUP1 REVERT JUMPDEST PUSH2 0xD2 PUSH2 0x533 JUMP JUMPDEST PUSH1 0x40 MLOAD DUP1 DUP1 PUSH1 0x20 ADD DUP3 DUP2 SUB DUP3 MSTORE DUP4 DUP2 DUP2 MLOAD DUP2 MSTORE PUSH1 0x20 ADD SWAP2 POP DUP1 MLOAD SWAP1 PUSH1 0x20 ADD SWAP1 DUP1 DUP4 DUP4 PUSH1 0x0 JUMPDEST DUP4 DUP2 LT ISZERO PUSH2 0x112 JUMPI DUP1 DUP3 ADD MLOAD DUP2 DUP5 ADD MSTORE PUSH1 0x20 DUP2 ADD SWAP1 POP PUSH2 0xF7 JUMP JUMPDEST POP POP POP POP SWAP1 POP SWAP1 DUP2 ADD SWAP1 PUSH1 0x1F AND DUP1 ISZERO PUSH2 0x13F JUMPI DUP1 DUP3 SUB DUP1 MLOAD PUSH1 0x1 DUP4 PUSH1 0x20 SUB PUSH2 0x100 EXP SUB NOT AND DUP2 MSTORE PUSH1 0x20 ADD SWAP2 POP JUMPDEST POP SWAP3 POP POP POP PUSH1 0x40 MLOAD DUP1 SWAP2 SUB SWAP1 RETURN JUMPDEST CALLVALUE ISZERO PUSH2 0x158 JUMPI PUSH1 0x0 DUP1 REVERT JUMPDEST PUSH2 0x18D PUSH1 0x4 DUP1 DUP1 CALLDATALOAD PUSH20 0xFFFFFFFFFFFFFFFFFFFFFFFFFFFFFFFFFFFFFFFF AND SWAP1 PUSH1 0x20 ADD SWAP1 SWAP2 SWAP1 DUP1 CALLDATALOAD SWAP1 PUSH1 0x20 ADD SWAP1 SWAP2 SWAP1 POP POP PUSH2 0x5D1 JUMP JUMPDEST PUSH1 0x40 MLOAD DUP1 DUP3 ISZERO ISZERO ISZERO ISZERO DUP2 MSTORE PUSH1 0x20 ADD SWAP2 POP POP PUSH1 0x40 MLOAD DUP1 SWAP2 SUB SWAP1 RETURN JUMPDEST CALLVALUE ISZERO PUSH2 0x1B2 JUMPI PUSH1 0x0 DUP1 REVERT JUMPDEST PUSH2 0x1BA PUSH2 0x65E JUMP JUMPDEST PUSH1 0x40 MLOAD DUP1 DUP3 DUP2 MSTORE PUSH1 0x20 ADD SWAP2 POP POP PUSH1 0x40 MLOAD DUP1 SWAP2 SUB SWAP1 RETURN JUMPDEST CALLVALUE ISZERO PUSH2 0x1DB JUMPI PUSH1 0x0 DUP1 REVERT JUMPDEST PUSH2 0x22F PUSH1 0x4 DUP1 DUP1 CALLDATALOAD PUSH20 0xFFFFFFFFFFFFFFFFFFFFFFFFFFFFFFFFFFFFFFFF AND SWAP1 PUSH1 0x20 ADD SWAP1 SWAP2 SWAP1 DUP1 CALLDATALOAD PUSH20 0xFFFFFFFFFFFFFFFFFFFFFFFFFFFFFFFFFFFFFFFF AND SWAP1 PUSH1 0x20 ADD SWAP1 SWAP2 SWAP1 DUP1 CALLDATALOAD SWAP1 PUSH1 0x20 ADD SWAP1 SWAP2 SWAP1 POP POP PUSH2 0x664 JUMP JUMPDEST PUSH1 0x40 MLOAD DUP1 DUP3 ISZERO ISZERO ISZERO ISZERO DUP2 MSTORE PUSH1 0x20 ADD SWAP2 POP POP PUSH1 0x40 MLOAD DUP1 SWAP2 SUB SWAP1 RETURN JUMPDEST CALLVALUE ISZERO PUSH2 0x254 JUMPI PUSH1 0x0 DUP1 REVERT JUMPDEST PUSH2 0x25C PUSH2 0x791 JUMP JUMPDEST PUSH1 0x40 MLOAD DUP1 DUP3 PUSH1 0xFF AND PUSH1 0xFF AND DUP2 MSTORE PUSH1 0x20 ADD SWAP2 POP POP PUSH1 0x40 MLOAD DUP1 SWAP2 SUB SWAP1 RETURN JUMPDEST CALLVALUE ISZERO PUSH2 0x283 JUMPI PUSH1 0x0 DUP1 REVERT JUMPDEST PUSH2 0x299 PUSH1 0x4 DUP1 DUP1 CALLDATALOAD SWAP1 PUSH1 0x20 ADD SWAP1 SWAP2 SWAP1 POP POP PUSH2 0x7A4 JUMP JUMPDEST PUSH1 0x40 MLOAD DUP1 DUP3 ISZERO ISZERO ISZERO ISZERO DUP2 MSTORE PUSH1 0x20 ADD SWAP2 POP POP PUSH1 0x40 MLOAD DUP1 SWAP2 SUB SWAP1 RETURN JUMPDEST CALLVALUE ISZERO PUSH2 0x2BE JUMPI PUSH1 0x0 DUP1 REVERT JUMPDEST PUSH2 0x2EA PUSH1 0x4 DUP1 DUP1 CALLDATALOAD PUSH20 0xFFFFFFFFFFFFFFFFFFFFFFFFFFFFFFFFFFFFFFFF AND SWAP1 PUSH1 0x20 ADD SWAP1 SWAP2 SWAP1 POP POP PUSH2 0x8A8 JUMP JUMPDEST PUSH1 0x40 MLOAD DUP1 DUP3 DUP2 MSTORE PUSH1 0x20 ADD SWAP2 POP POP PUSH1 0x40 MLOAD DUP1 SWAP2 SUB SWAP1 RETURN JUMPDEST CALLVALUE ISZERO PUSH2 0x30B JUMPI PUSH1 0x0 DUP1 REVERT JUMPDEST PUSH2 0x340 PUSH1 0x4 DUP1 DUP1 CALLDATALOAD PUSH20 0xFFFFFFFFFFFFFFFFFFFFFFFFFFFFFFFFFFFFFFFF AND SWAP1 PUSH1 0x20 ADD SWAP1 SWAP2 SWAP1 DUP1 CALLDATALOAD SWAP1 PUSH1 0x20 ADD SWAP1 SWAP2 SWAP1 POP POP PUSH2 0x8C0 JUMP JUMPDEST PUSH1 0x40 MLOAD DUP1 DUP3 ISZERO ISZERO ISZERO ISZERO DUP2 MSTORE PUSH1 0x20 ADD SWAP2 POP POP PUSH1 0x40 MLOAD DUP1 SWAP2 SUB SWAP1 RETURN JUMPDEST CALLVALUE ISZERO PUSH2 0x365 JUMPI PUSH1 0x0 DUP1 REVERT JUMPDEST PUSH2 0x36D PUSH2 0xADA JUMP JUMPDEST PUSH1 0x40 MLOAD DUP1 DUP1 PUSH1 0x20 ADD DUP3 DUP2 SUB DUP3 MSTORE DUP4 DUP2 DUP2 MLOAD DUP2 MSTORE PUSH1 0x20 ADD SWAP2 POP DUP1 MLOAD SWAP1 PUSH1 0x20 ADD SWAP1 DUP1 DUP4 DUP4 PUSH1 0x0 JUMPDEST DUP4 DUP2 LT ISZERO PUSH2 0x3AD JUMPI DUP1 DUP3 ADD MLOAD DUP2 DUP5 ADD MSTORE PUSH1 0x20 DUP2 ADD SWAP1 POP PUSH2 0x392 JUMP JUMPDEST POP POP POP POP SWAP1 POP SWAP1 DUP2 ADD SWAP1 PUSH1 0x1F AND DUP1 ISZERO PUSH2 0x3DA JUMPI DUP1 DUP3 SUB DUP1 MLOAD PUSH1 0x1 DUP4 PUSH1 0x20 SUB PUSH2 0x100 EXP SUB NOT AND DUP2 MSTORE PUSH1 0x20 ADD SWAP2 POP JUMPDEST POP SWAP3 POP POP POP PUSH1 0x40 MLOAD DUP1 SWAP2 SUB SWAP1 RETURN JUMPDEST CALLVALUE ISZERO PUSH2 0x3F3 JUMPI PUSH1 0x0 DUP1 REVERT JUMPDEST PUSH2 0x428 PUSH1 0x4 DUP1 DUP1 CALLDATALOAD PUSH20 0xFFFFFFFFFFFFFFFFFFFFFFFFFFFFFFFFFFFFFFFF AND SWAP1 PUSH1 0x20 ADD SWAP1 SWAP2 SWAP1 DUP1 CALLDATALOAD SWAP1 PUSH1 0x20 ADD SWAP1 SWAP2 SWAP1 POP POP PUSH2 0xB78 JUMP JUMPDEST STOP JUMPDEST CALLVALUE ISZERO PUSH2 0x435 JUMPI PUSH1 0x0 DUP1 REVERT JUMPDEST PUSH2 0x4AD PUSH1 0x4 DUP1 DUP1 CALLDATALOAD PUSH20 0xFFFFFFFFFFFFFFFFFFFFFFFFFFFFFFFFFFFFFFFF AND SWAP1 PUSH1 0x20 ADD SWAP1 SWAP2 SWAP1 DUP1 CALLDATALOAD SWAP1 PUSH1 0x20 ADD SWAP1 SWAP2 SWAP1 DUP1 CALLDATALOAD SWAP1 PUSH1 0x20 ADD SWAP1 DUP3 ADD DUP1 CALLDATALOAD SWAP1 PUSH1 0x20 ADD SWAP1 DUP1 DUP1 PUSH1 0x1F ADD PUSH1 0x20 DUP1 SWAP2 DIV MUL PUSH1 0x20 ADD PUSH1 0x40 MLOAD SWAP1 DUP2 ADD PUSH1 0x40 MSTORE DUP1 SWAP4 SWAP3 SWAP2 SWAP1 DUP2 DUP2 MSTORE PUSH1 0x20 ADD DUP4 DUP4 DUP1 DUP3 DUP5 CALLDATACOPY DUP3 ADD SWAP2 POP POP POP POP POP POP SWAP2 SWAP1 POP POP PUSH2 0xB87 JUMP JUMPDEST PUSH1 0x40 MLOAD DUP1 DUP3 ISZERO ISZERO ISZERO ISZERO DUP2 MSTORE PUSH1 0x20 ADD SWAP2 POP POP PUSH1 0x40 MLOAD DUP1 SWAP2 SUB SWAP1 RETURN JUMPDEST CALLVALUE ISZERO PUSH2 0x4D2 JUMPI PUSH1 0x0 DUP1 REVERT JUMPDEST PUSH2 0x51D PUSH1 0x4 DUP1 DUP1 CALLDATALOAD PUSH20 0xFFFFFFFFFFFFFFFFFFFFFFFFFFFFFFFFFFFFFFFF AND SWAP1 PUSH1 0x20 ADD SWAP1 SWAP2 SWAP1 DUP1 CALLDATALOAD PUSH20 0xFFFFFFFFFFFFFFFFFFFFFFFFFFFFFFFFFFFFFFFF AND SWAP1 PUSH1 0x20 ADD SWAP1 SWAP2 SWAP1 POP POP PUSH2 0xD05 JUMP JUMPDEST PUSH1 0x40 MLOAD DUP1 DUP3 DUP2 MSTORE PUSH1 0x20 ADD SWAP2 POP POP PUSH1 0x40 MLOAD DUP1 SWAP2 SUB SWAP1 RETURN JUMPDEST PUSH1 0x0 DUP1 SLOAD PUSH1 0x1 DUP2 PUSH1 0x1 AND ISZERO PUSH2 0x100 MUL SUB AND PUSH1 0x2 SWAP1 DIV DUP1 PUSH1 0x1F ADD PUSH1 0x20 DUP1 SWAP2 DIV MUL PUSH1 0x20 ADD PUSH1 0x40 MLOAD SWAP1 DUP2 ADD PUSH1 0x40 MSTORE DUP1 SWAP3 SWAP2 SWAP1 DUP2 DUP2 MSTORE PUSH1 0x20 ADD DUP3 DUP1 SLOAD PUSH1 0x1 DUP2 PUSH1 0x1 AND ISZERO PUSH2 0x100 MUL SUB AND PUSH1 0x2 SWAP1 DIV DUP1 ISZERO PUSH2 0x5C9 JUMPI DUP1 PUSH1 0x1F LT PUSH2 0x59E JUMPI PUSH2 0x100 DUP1 DUP4 SLOAD DIV MUL DUP4 MSTORE SWAP2 PUSH1 0x20 ADD SWAP2 PUSH2 0x5C9 JUMP JUMPDEST DUP3 ADD SWAP2 SWAP1 PUSH1 0x0 MSTORE PUSH1 0x20 PUSH1 0x0 KECCAK256 SWAP1 JUMPDEST DUP2 SLOAD DUP2 MSTORE SWAP1 PUSH1 0x1 ADD SWAP1 PUSH1 0x20 ADD DUP1 DUP4 GT PUSH2 0x5AC JUMPI DUP3 SWAP1 SUB PUSH1 0x1F AND DUP3 ADD SWAP2 JUMPDEST POP POP POP POP POP DUP2 JUMP JUMPDEST PUSH1 0x0 DUP2 PUSH1 0x5 PUSH1 0x0 CALLER PUSH20 0xFFFFFFFFFFFFFFFFFFFFFFFFFFFFFFFFFFFFFFFF AND PUSH20 0xFFFFFFFFFFFFFFFFFFFFFFFFFFFFFFFFFFFFFFFF AND DUP2 MSTORE PUSH1 0x20 ADD SWAP1 DUP2 MSTORE PUSH1 0x20 ADD PUSH1 0x0 KECCAK256 PUSH1 0x0 DUP6 PUSH20 0xFFFFFFFFFFFFFFFFFFFFFFFFFFFFFFFFFFFFFFFF AND PUSH20 0xFFFFFFFFFFFFFFFFFFFFFFFFFFFFFFFFFFFFFFFF AND DUP2 MSTORE PUSH1 0x20 ADD SWAP1 DUP2 MSTORE PUSH1 0x20 ADD PUSH1 0x0 KECCAK256 DUP2 SWAP1 SSTORE POP PUSH1 0x1 SWAP1 POP SWAP3 SWAP2 POP POP JUMP JUMPDEST PUSH1 0x3 SLOAD DUP2 JUMP JUMPDEST PUSH1 0x0 PUSH1 0x5 PUSH1 0x0 DUP6 PUSH20 0xFFFFFFFFFFFFFFFFFFFFFFFFFFFFFFFFFFFFFFFF AND PUSH20 0xFFFFFFFFFFFFFFFFFFFFFFFFFFFFFFFFFFFFFFFF AND DUP2 MSTORE PUSH1 0x20 ADD SWAP1 DUP2 MSTORE PUSH1 0x20 ADD PUSH1 0x0 KECCAK256 PUSH1 0x0 CALLER PUSH20 0xFFFFFFFFFFFFFFFFFFFFFFFFFFFFFFFFFFFFFFFF AND PUSH20 0xFFFFFFFFFFFFFFFFFFFFFFFFFFFFFFFFFFFFFFFF AND DUP2 MSTORE PUSH1 0x20 ADD SWAP1 DUP2 MSTORE PUSH1 0x20 ADD PUSH1 0x0 KECCAK256 SLOAD DUP3 GT ISZERO ISZERO ISZERO PUSH2 0x6F1 JUMPI PUSH1 0x0 DUP1 REVERT JUMPDEST DUP2 PUSH1 0x5 PUSH1 0x0 DUP7 PUSH20 0xFFFFFFFFFFFFFFFFFFFFFFFFFFFFFFFFFFFFFFFF AND PUSH20 0xFFFFFFFFFFFFFFFFFFFFFFFFFFFFFFFFFFFFFFFF AND DUP2 MSTORE PUSH1 0x20 ADD SWAP1 DUP2 MSTORE PUSH1 0x20 ADD PUSH1 0x0 KECCAK256 PUSH1 0x0 CALLER PUSH20 0xFFFFFFFFFFFFFFFFFFFFFFFFFFFFFFFFFFFFFFFF AND PUSH20 0xFFFFFFFFFFFFFFFFFFFFFFFFFFFFFFFFFFFFFFFF AND DUP2 MSTORE PUSH1 0x20 ADD SWAP1 DUP2 MSTORE PUSH1 0x20 ADD PUSH1 0x0 KECCAK256 PUSH1 0x0 DUP3 DUP3 SLOAD SUB SWAP3 POP POP DUP2 SWAP1 SSTORE POP PUSH2 0x786 DUP5 DUP5 DUP5 PUSH2 0xD2A JUMP JUMPDEST PUSH1 0x1 SWAP1 POP SWAP4 SWAP3 POP POP POP JUMP JUMPDEST PUSH1 0x2 PUSH1 0x0 SWAP1 SLOAD SWAP1 PUSH2 0x100 EXP SWAP1 DIV PUSH1 0xFF AND DUP2 JUMP JUMPDEST PUSH1 0x0 DUP2 PUSH1 0x4 PUSH1 0x0 CALLER PUSH20 0xFFFFFFFFFFFFFFFFFFFFFFFFFFFFFFFFFFFFFFFF AND PUSH20 0xFFFFFFFFFFFFFFFFFFFFFFFFFFFFFFFFFFFFFFFF AND DUP2 MSTORE PUSH1 0x20 ADD SWAP1 DUP2 MSTORE PUSH1 0x20 ADD PUSH1 0x0 KECCAK256 SLOAD LT ISZERO ISZERO ISZERO PUSH2 0x7F4 JUMPI PUSH1 0x0 DUP1 REVERT JUMPDEST DUP2 PUSH1 0x4 PUSH1 0x0 CALLER PUSH20 0xFFFFFFFFFFFFFFFFFFFFFFFFFFFFFFFFFFFFFFFF AND PUSH20 0xFFFFFFFFFFFFFFFFFFFFFFFFFFFFFFFFFFFFFFFF AND DUP2 MSTORE PUSH1 0x20 ADD SWAP1 DUP2 MSTORE PUSH1 0x20 ADD PUSH1 0x0 KECCAK256 PUSH1 0x0 DUP3 DUP3 SLOAD SUB SWAP3 POP POP DUP2 SWAP1 SSTORE POP DUP2 PUSH1 0x3 PUSH1 0x0 DUP3 DUP3 SLOAD SUB SWAP3 POP POP DUP2 SWAP1 SSTORE POP CALLER PUSH20 0xFFFFFFFFFFFFFFFFFFFFFFFFFFFFFFFFFFFFFFFF AND PUSH32 0xCC16F5DBB4873280815C1EE09DBD06736CFFCC184412CF7A71A0FDB75D397CA5 DUP4 PUSH1 0x40 MLOAD DUP1 DUP3 DUP2 MSTORE PUSH1 0x20 ADD SWAP2 POP POP PUSH1 0x40 MLOAD DUP1 SWAP2 SUB SWAP1 LOG2 PUSH1 0x1 SWAP1 POP SWAP2 SWAP1 POP JUMP JUMPDEST PUSH1 0x4 PUSH1 0x20 MSTORE DUP1 PUSH1 0x0 MSTORE PUSH1 0x40 PUSH1 0x0 KECCAK256 PUSH1 0x0 SWAP2 POP SWAP1 POP SLOAD DUP2 JUMP JUMPDEST PUSH1 0x0 DUP2 PUSH1 0x4 PUSH1 0x0 DUP6 PUSH20 0xFFFFFFFFFFFFFFFFFFFFFFFFFFFFFFFFFFFFFFFF AND PUSH20 0xFFFFFFFFFFFFFFFFFFFFFFFFFFFFFFFFFFFFFFFF AND DUP2 MSTORE PUSH1 0x20 ADD SWAP1 DUP2 MSTORE PUSH1 0x20 ADD PUSH1 0x0 KECCAK256 SLOAD LT ISZERO ISZERO ISZERO PUSH2 0x910 JUMPI PUSH1 0x0 DUP1 REVERT JUMPDEST PUSH1 0x5 PUSH1 0x0 DUP5 PUSH20 0xFFFFFFFFFFFFFFFFFFFFFFFFFFFFFFFFFFFFFFFF AND PUSH20 0xFFFFFFFFFFFFFFFFFFFFFFFFFFFFFFFFFFFFFFFF AND DUP2 MSTORE PUSH1 0x20 ADD SWAP1 DUP2 MSTORE PUSH1 0x20 ADD PUSH1 0x0 KECCAK256 PUSH1 0x0 CALLER PUSH20 0xFFFFFFFFFFFFFFFFFFFFFFFFFFFFFFFFFFFFFFFF AND PUSH20 0xFFFFFFFFFFFFFFFFFFFFFFFFFFFFFFFFFFFFFFFF AND DUP2 MSTORE PUSH1 0x20 ADD SWAP1 DUP2 MSTORE PUSH1 0x20 ADD PUSH1 0x0 KECCAK256 SLOAD DUP3 GT ISZERO ISZERO ISZERO PUSH2 0x99B JUMPI PUSH1 0x0 DUP1 REVERT JUMPDEST DUP2 PUSH1 0x4 PUSH1 0x0 DUP6 PUSH20 0xFFFFFFFFFFFFFFFFFFFFFFFFFFFFFFFFFFFFFFFF AND PUSH20 0xFFFFFFFFFFFFFFFFFFFFFFFFFFFFFFFFFFFFFFFF AND DUP2 MSTORE PUSH1 0x20 ADD SWAP1 DUP2 MSTORE PUSH1 0x20 ADD PUSH1 0x0 KECCAK256 PUSH1 0x0 DUP3 DUP3 SLOAD SUB SWAP3 POP POP DUP2 SWAP1 SSTORE POP DUP2 PUSH1 0x5 PUSH1 0x0 DUP6 PUSH20 0xFFFFFFFFFFFFFFFFFFFFFFFFFFFFFFFFFFFFFFFF AND PUSH20 0xFFFFFFFFFFFFFFFFFFFFFFFFFFFFFFFFFFFFFFFF AND DUP2 MSTORE PUSH1 0x20 ADD SWAP1 DUP2 MSTORE PUSH1 0x20 ADD PUSH1 0x0 KECCAK256 PUSH1 0x0 CALLER PUSH20 0xFFFFFFFFFFFFFFFFFFFFFFFFFFFFFFFFFFFFFFFF AND PUSH20 0xFFFFFFFFFFFFFFFFFFFFFFFFFFFFFFFFFFFFFFFF AND DUP2 MSTORE PUSH1 0x20 ADD SWAP1 DUP2 MSTORE PUSH1 0x20 ADD PUSH1 0x0 KECCAK256 PUSH1 0x0 DUP3 DUP3 SLOAD SUB SWAP3 POP POP DUP2 SWAP1 SSTORE POP DUP2 PUSH1 0x3 PUSH1 0x0 DUP3 DUP3 SLOAD SUB SWAP3 POP POP DUP2 SWAP1 SSTORE POP DUP3 PUSH20 0xFFFFFFFFFFFFFFFFFFFFFFFFFFFFFFFFFFFFFFFF AND PUSH32 0xCC16F5DBB4873280815C1EE09DBD06736CFFCC184412CF7A71A0FDB75D397CA5 DUP4 PUSH1 0x40 MLOAD DUP1 DUP3 DUP2 MSTORE PUSH1 0x20 ADD SWAP2 POP POP PUSH1 0x40 MLOAD DUP1 SWAP2 SUB SWAP1 LOG2 PUSH1 0x1 SWAP1 POP SWAP3 SWAP2 POP POP JUMP JUMPDEST PUSH1 0x1 DUP1 SLOAD PUSH1 0x1 DUP2 PUSH1 0x1 AND ISZERO PUSH2 0x100 MUL SUB AND PUSH1 0x2 SWAP1 DIV DUP1 PUSH1 0x1F ADD PUSH1 0x20 DUP1 SWAP2 DIV MUL PUSH1 0x20 ADD PUSH1 0x40 MLOAD SWAP1 DUP2 ADD PUSH1 0x40 MSTORE DUP1 SWAP3 SWAP2 SWAP1 DUP2 DUP2 MSTORE PUSH1 0x20 ADD DUP3 DUP1 SLOAD PUSH1 0x1 DUP2 PUSH1 0x1 AND ISZERO PUSH2 0x100 MUL SUB AND PUSH1 0x2 SWAP1 DIV DUP1 ISZERO PUSH2 0xB70 JUMPI DUP1 PUSH1 0x1F LT PUSH2 0xB45 JUMPI PUSH2 0x100 DUP1 DUP4 SLOAD DIV MUL DUP4 MSTORE SWAP2 PUSH1 0x20 ADD SWAP2 PUSH2 0xB70 JUMP JUMPDEST DUP3 ADD SWAP2 SWAP1 PUSH1 0x0 MSTORE PUSH1 0x20 PUSH1 0x0 KECCAK256 SWAP1 JUMPDEST DUP2 SLOAD DUP2 MSTORE SWAP1 PUSH1 0x1 ADD SWAP1 PUSH1 0x20 ADD DUP1 DUP4 GT PUSH2 0xB53 JUMPI DUP3 SWAP1 SUB PUSH1 0x1F AND DUP3 ADD SWAP2 JUMPDEST POP POP POP POP POP DUP2 JUMP JUMPDEST PUSH2 0xB83 CALLER DUP4 DUP4 PUSH2 0xD2A JUMP JUMPDEST POP POP JUMP JUMPDEST PUSH1 0x0 DUP1 DUP5 SWAP1 POP PUSH2 0xB97 DUP6 DUP6 PUSH2 0x5D1 JUMP JUMPDEST ISZERO PUSH2 0xCFC JUMPI DUP1 PUSH20 0xFFFFFFFFFFFFFFFFFFFFFFFFFFFFFFFFFFFFFFFF AND PUSH4 0x8F4FFCB1 CALLER DUP7 ADDRESS DUP8 PUSH1 0x40 MLOAD DUP6 PUSH4 0xFFFFFFFF AND PUSH29 0x100000000000000000000000000000000000000000000000000000000 MUL DUP2 MSTORE PUSH1 0x4 ADD DUP1 DUP6 PUSH20 0xFFFFFFFFFFFFFFFFFFFFFFFFFFFFFFFFFFFFFFFF AND PUSH20 0xFFFFFFFFFFFFFFFFFFFFFFFFFFFFFFFFFFFFFFFF AND DUP2 MSTORE PUSH1 0x20 ADD DUP5 DUP2 MSTORE PUSH1 0x20 ADD DUP4 PUSH20 0xFFFFFFFFFFFFFFFFFFFFFFFFFFFFFFFFFFFFFFFF AND PUSH20 0xFFFFFFFFFFFFFFFFFFFFFFFFFFFFFFFFFFFFFFFF AND DUP2 MSTORE PUSH1 0x20 ADD DUP1 PUSH1 0x20 ADD DUP3 DUP2 SUB DUP3 MSTORE DUP4 DUP2 DUP2 MLOAD DUP2 MSTORE PUSH1 0x20 ADD SWAP2 POP DUP1 MLOAD SWAP1 PUSH1 0x20 ADD SWAP1 DUP1 DUP4 DUP4 PUSH1 0x0 JUMPDEST DUP4 DUP2 LT ISZERO PUSH2 0xC91 JUMPI DUP1 DUP3 ADD MLOAD DUP2 DUP5 ADD MSTORE PUSH1 0x20 DUP2 ADD SWAP1 POP PUSH2 0xC76 JUMP JUMPDEST POP POP POP POP SWAP1 POP SWAP1 DUP2 ADD SWAP1 PUSH1 0x1F AND DUP1 ISZERO PUSH2 0xCBE JUMPI DUP1 DUP3 SUB DUP1 MLOAD PUSH1 0x1 DUP4 PUSH1 0x20 SUB PUSH2 0x100 EXP SUB NOT AND DUP2 MSTORE PUSH1 0x20 ADD SWAP2 POP JUMPDEST POP SWAP6 POP POP POP POP POP POP PUSH1 0x0 PUSH1 0x40 MLOAD DUP1 DUP4 SUB DUP2 PUSH1 0x0 DUP8 DUP1 EXTCODESIZE ISZERO ISZERO PUSH2 0xCDF JUMPI PUSH1 0x0 DUP1 REVERT JUMPDEST PUSH2 0x2C6 GAS SUB CALL ISZERO ISZERO PUSH2 0xCF0 JUMPI PUSH1 0x0 DUP1 REVERT JUMPDEST POP POP POP PUSH1 0x1 SWAP2 POP PUSH2 0xCFD JUMP JUMPDEST JUMPDEST POP SWAP4 SWAP3 POP POP POP JUMP JUMPDEST PUSH1 0x5 PUSH1 0x20 MSTORE DUP2 PUSH1 0x0 MSTORE PUSH1 0x40 PUSH1 0x0 KECCAK256 PUSH1 0x20 MSTORE DUP1 PUSH1 0x0 MSTORE PUSH1 0x40 PUSH1 0x0 KECCAK256 PUSH1 0x0 SWAP2 POP SWAP2 POP POP SLOAD DUP2 JUMP JUMPDEST PUSH1 0x0 DUP1 DUP4 PUSH20 0xFFFFFFFFFFFFFFFFFFFFFFFFFFFFFFFFFFFFFFFF AND EQ ISZERO ISZERO ISZERO PUSH2 0xD51 JUMPI PUSH1 0x0 DUP1 REVERT JUMPDEST DUP2 PUSH1 0x4 PUSH1 0x0 DUP7 PUSH20 0xFFFFFFFFFFFFFFFFFFFFFFFFFFFFFFFFFFFFFFFF AND PUSH20 0xFFFFFFFFFFFFFFFFFFFFFFFFFFFFFFFFFFFFFFFF AND DUP2 MSTORE PUSH1 0x20 ADD SWAP1 DUP2 MSTORE PUSH1 0x20 ADD PUSH1 0x0 KECCAK256 SLOAD LT ISZERO ISZERO ISZERO PUSH2 0xD9F JUMPI PUSH1 0x0 DUP1 REVERT JUMPDEST PUSH1 0x4 PUSH1 0x0 DUP5 PUSH20 0xFFFFFFFFFFFFFFFFFFFFFFFFFFFFFFFFFFFFFFFF AND PUSH20 0xFFFFFFFFFFFFFFFFFFFFFFFFFFFFFFFFFFFFFFFF AND DUP2 MSTORE PUSH1 0x20 ADD SWAP1 DUP2 MSTORE PUSH1 0x20 ADD PUSH1 0x0 KECCAK256 SLOAD DUP3 PUSH1 0x4 PUSH1 0x0 DUP7 PUSH20 0xFFFFFFFFFFFFFFFFFFFFFFFFFFFFFFFFFFFFFFFF AND PUSH20 0xFFFFFFFFFFFFFFFFFFFFFFFFFFFFFFFFFFFFFFFF AND DUP2 MSTORE PUSH1 0x20 ADD SWAP1 DUP2 MSTORE PUSH1 0x20 ADD PUSH1 0x0 KECCAK256 SLOAD ADD GT ISZERO ISZERO PUSH2 0xE2D JUMPI PUSH1 0x0 DUP1 REVERT JUMPDEST PUSH1 0x4 PUSH1 0x0 DUP5 PUSH20 0xFFFFFFFFFFFFFFFFFFFFFFFFFFFFFFFFFFFFFFFF AND PUSH20 0xFFFFFFFFFFFFFFFFFFFFFFFFFFFFFFFFFFFFFFFF AND DUP2 MSTORE PUSH1 0x20 ADD SWAP1 DUP2 MSTORE PUSH1 0x20 ADD PUSH1 0x0 KECCAK256 SLOAD PUSH1 0x4 PUSH1 0x0 DUP7 PUSH20 0xFFFFFFFFFFFFFFFFFFFFFFFFFFFFFFFFFFFFFFFF AND PUSH20 0xFFFFFFFFFFFFFFFFFFFFFFFFFFFFFFFFFFFFFFFF AND DUP2 MSTORE PUSH1 0x20 ADD SWAP1 DUP2 MSTORE PUSH1 0x20 ADD PUSH1 0x0 KECCAK256 SLOAD ADD SWAP1 POP DUP2 PUSH1 0x4 PUSH1 0x0 DUP7 PUSH20 0xFFFFFFFFFFFFFFFFFFFFFFFFFFFFFFFFFFFFFFFF AND PUSH20 0xFFFFFFFFFFFFFFFFFFFFFFFFFFFFFFFFFFFFFFFF AND DUP2 MSTORE PUSH1 0x20 ADD SWAP1 DUP2 MSTORE PUSH1 0x20 ADD PUSH1 0x0 KECCAK256 PUSH1 0x0 DUP3 DUP3 SLOAD SUB SWAP3 POP POP DUP2 SWAP1 SSTORE POP DUP2 PUSH1 0x4 PUSH1 0x0 DUP6 PUSH20 0xFFFFFFFFFFFFFFFFFFFFFFFFFFFFFFFFFFFFFFFF AND PUSH20 0xFFFFFFFFFFFFFFFFFFFFFFFFFFFFFFFFFFFFFFFF AND DUP2 MSTORE PUSH1 0x20 ADD SWAP1 DUP2 MSTORE PUSH1 0x20 ADD PUSH1 0x0 KECCAK256 PUSH1 0x0 DUP3 DUP3 SLOAD ADD SWAP3 POP POP DUP2 SWAP1 SSTORE POP DUP3 PUSH20 0xFFFFFFFFFFFFFFFFFFFFFFFFFFFFFFFFFFFFFFFF AND DUP5 PUSH20 0xFFFFFFFFFFFFFFFFFFFFFFFFFFFFFFFFFFFFFFFF AND PUSH32 0xDDF252AD1BE2C89B69C2B068FC378DAA952BA7F163C4A11628F55A4DF523B3EF DUP5 PUSH1 0x40 MLOAD DUP1 DUP3 DUP2 MSTORE PUSH1 0x20 ADD SWAP2 POP POP PUSH1 0x40 MLOAD DUP1 SWAP2 SUB SWAP1 LOG3 DUP1 PUSH1 0x4 PUSH1 0x0 DUP6 PUSH20 0xFFFFFFFFFFFFFFFFFFFFFFFFFFFFFFFFFFFFFFFF AND PUSH20 0xFFFFFFFFFFFFFFFFFFFFFFFFFFFFFFFFFFFFFFFF AND DUP2 MSTORE PUSH1 0x20 ADD SWAP1 DUP2 MSTORE PUSH1 0x20 ADD PUSH1 0x0 KECCAK256 SLOAD PUSH1 0x4 PUSH1 0x0 DUP8 PUSH20 0xFFFFFFFFFFFFFFFFFFFFFFFFFFFFFFFFFFFFFFFF AND PUSH20 0xFFFFFFFFFFFFFFFFFFFFFFFFFFFFFFFFFFFFFFFF AND DUP2 MSTORE PUSH1 0x20 ADD SWAP1 DUP2 MSTORE PUSH1 0x20 ADD PUSH1 0x0 KECCAK256 SLOAD ADD EQ ISZERO ISZERO PUSH2 0x103A JUMPI INVALID JUMPDEST POP POP POP POP JUMP STOP LOG1 PUSH6 0x627A7A723058 KECCAK256 0x5c 0xb0 0x22 0x26 SWAP14 0xbe DIV 0xa7 LOG4 TIMESTAMP 0xb8 0xaf 0xdf ORIGIN 0x46 SWAP10 0x28 0xd7 TIMESTAMP 0xbd EXTCODESIZE 0x1f PUSH14 0x64AF590532415D82420029000000
1,PUSH1 0x60 PUSH1 0x40 MSTORE CALLVALUE ISZERO PUSH2 0xF JUMPI PUSH1 0x0 DUP1 REVERT JUMPDEST PUSH7 0xAD5F57690A000 PUSH1 0x4 PUSH1 0x0 CALLER PUSH20 0xFFFFFFFFFFFFFFFFFFFFFFFFFFFFFFFFFFFFFFFF AND PUSH20 0xFFFFFFFFFFFFFFFFFFFFFFFFFFFFFFFFFFFFFFFF AND DUP2 MSTORE PUSH1 0x20 ADD SWAP1 DUP2 MSTORE PUSH1 0x20 ADD PUSH1 0x0 KECCAK256 DUP2 SWAP1 SSTORE POP PUSH7 0xAD5F57690A000 PUSH1 0x3 DUP2 SWAP1 SSTORE POP PUSH1 0x40 DUP1 MLOAD SWAP1 DUP2 ADD PUSH1 0x40 MSTORE DUP1 PUSH1 0x6 DUP2 MSTORE PUSH1 0x20 ADD PUSH32 0x7962636F696E0000000000000000000000000000000000000000000000000000 DUP2 MSTORE POP PUSH1 0x0 SWAP1 DUP1 MLOAD SWAP1 PUSH1 0x20 ADD SWAP1 PUSH2 0xB3 SWAP3 SWAP2 SWAP1 PUSH2 0x121 JUMP JUMPDEST POP PUSH1 0x40 DUP1 MLOAD SWAP1 DUP2 ADD PUSH1 0x40 MSTORE DUP1 PUSH1 0x4 DUP2 MSTORE PUSH1 0x20 ADD PUSH32 0x5942435400000000000000000000000000000000000000000000000000000000 DUP2 MSTORE POP PUSH1 0x1 SWAP1 DUP1 MLOAD SWAP1 PUSH1 0x20 ADD SWAP1 PUSH2 0xFF SWAP3 SWAP2 SWAP1 PUSH2 0x121 JUMP JUMPDEST POP PUSH1 0x8 PUSH1 0x2 PUSH1 0x0 PUSH2 0x100 EXP DUP2 SLOAD DUP2 PUSH1 0xFF MUL NOT AND SWAP1 DUP4 PUSH1 0xFF AND MUL OR SWAP1 SSTORE POP PUSH2 0x1C6 JUMP JUMPDEST DUP3 DUP1 SLOAD PUSH1 0x1 DUP2 PUSH1 0x1 AND ISZERO PUSH2 0x100 MUL SUB AND PUSH1 0x2 SWAP1 DIV SWAP1 PUSH1 0x0 MSTORE PUSH1 0x20 PUSH1 0x0 KECCAK256 SWAP1 PUSH1 0x1F ADD PUSH1 0x20 SWAP1 DIV DUP2 ADD SWAP3 DUP3 PUSH1 0x1F LT PUSH2 0x162 JUMPI DUP1 MLOAD PUSH1 0xFF NOT AND DUP4 DUP1 ADD OR DUP6 SSTORE PUSH2 0x190 JUMP JUMPDEST DUP3 DUP1 ADD PUSH1 0x1 ADD DUP6 SSTORE DUP3 ISZERO PUSH2 0x190 JUMPI SWAP2 DUP3 ADD JUMPDEST DUP3 DUP2 GT ISZERO PUSH2 0x18F JUMPI DUP3 MLOAD DUP3 SSTORE SWAP2 PUSH1 0x20 ADD SWAP2 SWAP1 PUSH1 0x1 ADD SWAP1 PUSH2 0x174 JUMP JUMPDEST JUMPDEST POP SWAP1 POP PUSH2 0x19D SWAP2 SWAP1 PUSH2 0x1A1 JUMP JUMPDEST POP SWAP1 JUMP JUMPDEST PUSH2 0x1C3 SWAP2 SWAP1 JUMPDEST DUP1 DUP3 GT ISZERO PUSH2 0x1BF JUMPI PUSH1 0x0 DUP2 PUSH1 0x0 SWAP1 SSTORE POP PUSH1 0x1 ADD PUSH2 0x1A7 JUMP JUMPDEST POP SWAP1 JUMP JUMPDEST SWAP1 JUMP JUMPDEST PUSH2 0xF5C DUP1 PUSH3 0x1D6 PUSH1 0x0 CODECOPY PUSH1 0x0 RETURN STOP PUSH1 0x60 PUSH1 0x40 MSTORE PUSH1 0x4 CALLDATASIZE LT PUSH2 0xBA JUMPI PUSH1 0x0 CALLDATALOAD PUSH29 0x100000000000000000000000000000000000000000000000000000000 SWAP1 DIV PUSH4 0xFFFFFFFF AND DUP1 PUSH4 0x6FDDE03 EQ PUSH2 0xBF JUMPI DUP1 PUSH4 0x95EA7B3 EQ PUSH2 0x14D JUMPI DUP1 PUSH4 0x18160DDD EQ PUSH2 0x1A7 JUMPI DUP1 PUSH4 0x23B872DD EQ PUSH2 0x1D0 JUMPI DUP1 PUSH4 0x313CE567 EQ PUSH2 0x249 JUMPI DUP1 PUSH4 0x42966C68 EQ PUSH2 0x278 JUMPI DUP1 PUSH4 0x70A08231 EQ PUSH2 0x2B3 JUMPI DUP1 PUSH4 0x79CC6790 EQ PUSH2 0x300 JUMPI DUP1 PUSH4 0x95D89B41 EQ PUSH2 0x35A JUMPI DUP1 PUSH4 0xA9059CBB EQ PUSH2 0x3E8 JUMPI DUP1 PUSH4 0xCAE9CA51 EQ PUSH2 0x42A JUMPI DUP1 PUSH4 0xDD62ED3E EQ PUSH2 0x4C7 JUMPI JUMPDEST PUSH1 0x0 DUP1 REVERT JUMPDEST CALLVALUE ISZERO PUSH2 0xCA JUMPI PUSH1 0x0 DUP1 REVERT JUMPDEST PUSH2 0xD2 PUSH2 0x533 JUMP JUMPDEST PUSH1 0x40 MLOAD DUP1 DUP1 PUSH1 0x20 ADD DUP3 DUP2 SUB DUP3 MSTORE DUP4 DUP2 DUP2 MLOAD DUP2 MSTORE PUSH1 0x20 ADD SWAP2 POP DUP1 MLOAD SWAP1 PUSH1 0x20 ADD SWAP1 DUP1 DUP4 DUP4 PUSH1 0x0 JUMPDEST DUP4 DUP2 LT ISZERO PUSH2 0x112 JUMPI DUP1 DUP3 ADD MLOAD DUP2 DUP5 ADD MSTORE PUSH1 0x20 DUP2 ADD SWAP1 POP PUSH2 0xF7 JUMP JUMPDEST POP POP POP POP SWAP1 POP SWAP1 DUP2 ADD SWAP1 PUSH1 0x1F AND DUP1 ISZERO PUSH2 0x13F JUMPI DUP1 DUP3 SUB DUP1 MLOAD PUSH1 0x1 DUP4 PUSH1 0x20 SUB PUSH2 0x100 EXP SUB NOT AND DUP2 MSTORE PUSH1 0x20 ADD SWAP2 POP JUMPDEST POP SWAP3 POP POP POP PUSH1 0x40 MLOAD DUP1 SWAP2 SUB SWAP1 RETURN JUMPDEST CALLVALUE ISZERO PUSH2 0x158 JUMPI PUSH1 0x0 DUP1 REVERT JUMPDEST PUSH2 0x18D PUSH1 0x4 DUP1 DUP1 CALLDATALOAD PUSH20 0xFFFFFFFFFFFFFFFFFFFFFFFFFFFFFFFFFFFFFFFF AND SWAP1 PUSH1 0x20 ADD SWAP1 SWAP2 SWAP1 DUP1 CALLDATALOAD SWAP1 PUSH1 0x20 ADD SWAP1 SWAP2 SWAP1 POP POP PUSH2 0x5D1 JUMP JUMPDEST PUSH1 0x40 MLOAD DUP1 DUP3 ISZERO ISZERO ISZERO ISZERO DUP2 MSTORE PUSH1 0x20 ADD SWAP2 POP POP PUSH1 0x40 MLOAD DUP1 SWAP2 SUB SWAP1 RETURN JUMPDEST CALLVALUE ISZERO PUSH2 0x1B2 JUMPI PUSH1 0x0 DUP1 REVERT JUMPDEST PUSH2 0x1BA PUSH2 0x65E JUMP JUMPDEST PUSH1 0x40 MLOAD DUP1 DUP3 DUP2 MSTORE PUSH1 0x20 ADD SWAP2 POP POP PUSH1 0x40 MLOAD DUP1 SWAP2 SUB SWAP1 RETURN JUMPDEST CALLVALUE ISZERO PUSH2 0x1DB JUMPI PUSH1 0x0 DUP1 REVERT JUMPDEST PUSH2 0x22F PUSH1 0x4 DUP1 DUP1 CALLDATALOAD PUSH20 0xFFFFFFFFFFFFFFFFFFFFFFFFFFFFFFFFFFFFFFFF AND SWAP1 PUSH1 0x20 ADD SWAP1 SWAP2 SWAP1 DUP1 CALLDATALOAD PUSH20 0xFFFFFFFFFFFFFFFFFFFFFFFFFFFFFFFFFFFFFFFF AND SWAP1 PUSH1 0x20 ADD SWAP1 SWAP2 SWAP1 DUP1 CALLDATALOAD SWAP1 PUSH1 0x20 ADD SWAP1 SWAP2 SWAP1 POP POP PUSH2 0x664 JUMP JUMPDEST PUSH1 0x40 MLOAD DUP1 DUP3 ISZERO ISZERO ISZERO ISZERO DUP2 MSTORE PUSH1 0x20 ADD SWAP2 POP POP PUSH1 0x40 MLOAD DUP1 SWAP2 SUB SWAP1 RETURN JUMPDEST CALLVALUE ISZERO PUSH2 0x254 JUMPI PUSH1 0x0 DUP1 REVERT JUMPDEST PUSH2 0x25C PUSH2 0x791 JUMP JUMPDEST PUSH1 0x40 MLOAD DUP1 DUP3 PUSH1 0xFF AND PUSH1 0xFF AND DUP2 MSTORE PUSH1 0x20 ADD SWAP2 POP POP PUSH1 0x40 MLOAD DUP1 SWAP2 SUB SWAP1 RETURN JUMPDEST CALLVALUE ISZERO PUSH2 0x283 JUMPI PUSH1 0x0 DUP1 REVERT JUMPDEST PUSH2 0x299 PUSH1 0x4 DUP1 DUP1 CALLDATALOAD SWAP1 PUSH1 0x20 ADD SWAP1 SWAP2 SWAP1 POP POP PUSH2 0x7A4 JUMP JUMPDEST PUSH1 0x40 MLOAD DUP1 DUP3 ISZERO ISZERO ISZERO ISZERO DUP2 MSTORE PUSH1 0x20 ADD SWAP2 POP POP PUSH1 0x40 MLOAD DUP1 SWAP2 SUB SWAP1 RETURN JUMPDEST CALLVALUE ISZERO PUSH2 0x2BE JUMPI PUSH1 0x0 DUP1 REVERT JUMPDEST PUSH2 0x2EA PUSH1 0x4 DUP1 DUP1 CALLDATALOAD PUSH20 0xFFFFFFFFFFFFFFFFFFFFFFFFFFFFFFFFFFFFFFFF AND SWAP1 PUSH1 0x20 ADD SWAP1 SWAP2 SWAP1 POP POP PUSH2 0x8A8 JUMP JUMPDEST PUSH1 0x40 MLOAD DUP1 DUP3 DUP2 MSTORE PUSH1 0x20 ADD SWAP2 POP POP PUSH1 0x40 MLOAD DUP1 SWAP2 SUB SWAP1 RETURN JUMPDEST CALLVALUE ISZERO PUSH2 0x30B JUMPI PUSH1 0x0 DUP1 REVERT JUMPDEST PUSH2 0x340 PUSH1 0x4 DUP1 DUP1 CALLDATALOAD PUSH20 0xFFFFFFFFFFFFFFFFFFFFFFFFFFFFFFFFFFFFFFFF AND SWAP1 PUSH1 0x20 ADD SWAP1 SWAP2 SWAP1 DUP1 CALLDATALOAD SWAP1 PUSH1 0x20 ADD SWAP1 SWAP2 SWAP1 POP POP PUSH2 0x8C0 JUMP JUMPDEST PUSH1 0x40 MLOAD DUP1 DUP3 ISZERO ISZERO ISZERO ISZERO DUP2 MSTORE PUSH1 0x20 ADD SWAP2 POP POP PUSH1 0x40 MLOAD DUP1 SWAP2 SUB SWAP1 RETURN JUMPDEST CALLVALUE ISZERO PUSH2 0x365 JUMPI PUSH1 0x0 DUP1 REVERT JUMPDEST PUSH2 0x36D PUSH2 0xADA JUMP JUMPDEST PUSH1 0x40 MLOAD DUP1 DUP1 PUSH1 0x20 ADD DUP3 DUP2 SUB DUP3 MSTORE DUP4 DUP2 DUP2 MLOAD DUP2 MSTORE PUSH1 0x20 ADD SWAP2 POP DUP1 MLOAD SWAP1 PUSH1 0x20 ADD SWAP1 DUP1 DUP4 DUP4 PUSH1 0x0 JUMPDEST DUP4 DUP2 LT ISZERO PUSH2 0x3AD JUMPI DUP1 DUP3 ADD MLOAD DUP2 DUP5 ADD MSTORE PUSH1 0x20 DUP2 ADD SWAP1 POP PUSH2 0x392 JUMP JUMPDEST POP POP POP POP SWAP1 POP SWAP1 DUP2 ADD SWAP1 PUSH1 0x1F AND DUP1 ISZERO PUSH2 0x3DA JUMPI DUP1 DUP3 SUB DUP1 MLOAD PUSH1 0x1 DUP4 PUSH1 0x20 SUB PUSH2 0x100 EXP SUB NOT AND DUP2 MSTORE PUSH1 0x20 ADD SWAP2 POP JUMPDEST POP SWAP3 POP POP POP PUSH1 0x40 MLOAD DUP1 SWAP2 SUB SWAP1 RETURN JUMPDEST CALLVALUE ISZERO PUSH2 0x3F3 JUMPI PUSH1 0x0 DUP1 REVERT JUMPDEST PUSH2 0x428 PUSH1 0x4 DUP1 DUP1 CALLDATALOAD PUSH20 0xFFFFFFFFFFFFFFFFFFFFFFFFFFFFFFFFFFFFFFFF AND SWAP1 PUSH1 0x20 ADD SWAP1 SWAP2 SWAP1 DUP1 CALLDATALOAD SWAP1 PUSH1 0x20 ADD SWAP1 SWAP2 SWAP1 POP POP PUSH2 0xB78 JUMP JUMPDEST STOP JUMPDEST CALLVALUE ISZERO PUSH2 0x435 JUMPI PUSH1 0x0 DUP1 REVERT JUMPDEST PUSH2 0x4AD PUSH1 0x4 DUP1 DUP1 CALLDATALOAD PUSH20 0xFFFFFFFFFFFFFFFFFFFFFFFFFFFFFFFFFFFFFFFF AND SWAP1 PUSH1 0x20 ADD SWAP1 SWAP2 SWAP1 DUP1 CALLDATALOAD SWAP1 PUSH1 0x20 ADD SWAP1 SWAP2 SWAP1 DUP1 CALLDATALOAD SWAP1 PUSH1 0x20 ADD SWAP1 DUP3 ADD DUP1 CALLDATALOAD SWAP1 PUSH1 0x20 ADD SWAP1 DUP1 DUP1 PUSH1 0x1F ADD PUSH1 0x20 DUP1 SWAP2 DIV MUL PUSH1 0x20 ADD PUSH1 0x40 MLOAD SWAP1 DUP2 ADD PUSH1 0x40 MSTORE DUP1 SWAP4 SWAP3 SWAP2 SWAP1 DUP2 DUP2 MSTORE PUSH1 0x20 ADD DUP4 DUP4 DUP1 DUP3 DUP5 CALLDATACOPY DUP3 ADD SWAP2 POP POP POP POP POP POP SWAP2 SWAP1 POP POP PUSH2 0xB87 JUMP JUMPDEST PUSH1 0x40 MLOAD DUP1 DUP3 ISZERO ISZERO ISZERO ISZERO DUP2 MSTORE PUSH1 0x20 ADD SWAP2 POP POP PUSH1 0x40 MLOAD DUP1 SWAP2 SUB SWAP1 RETURN JUMPDEST CALLVALUE ISZERO PUSH2 0x4D2 JUMPI PUSH1 0x0 DUP1 REVERT JUMPDEST PUSH2 0x51D PUSH1 0x4 DUP1 DUP1 CALLDATALOAD PUSH20 0xFFFFFFFFFFFFFFFFFFFFFFFFFFFFFFFFFFFFFFFF AND SWAP1 PUSH1 0x20 ADD SWAP1 SWAP2 SWAP1 DUP1 CALLDATALOAD PUSH20 0xFFFFFFFFFFFFFFFFFFFFFFFFFFFFFFFFFFFFFFFF AND SWAP1 PUSH1 0x20 ADD SWAP1 SWAP2 SWAP1 POP POP PUSH2 0xD05 JUMP JUMPDEST PUSH1 0x40 MLOAD DUP1 DUP3 DUP2 MSTORE PUSH1 0x20 ADD SWAP2 POP POP PUSH1 0x40 MLOAD DUP1 SWAP2 SUB SWAP1 RETURN JUMPDEST PUSH1 0x0 DUP1 SLOAD PUSH1 0x1 DUP2 PUSH1 0x1 AND ISZERO PUSH2 0x100 MUL SUB AND PUSH1 0x2 SWAP1 DIV DUP1 PUSH1 0x1F ADD PUSH1 0x20 DUP1 SWAP2 DIV MUL PUSH1 0x20 ADD PUSH1 0x40 MLOAD SWAP1 DUP2 ADD PUSH1 0x40 MSTORE DUP1 SWAP3 SWAP2 SWAP1 DUP2 DUP2 MSTORE PUSH1 0x20 ADD DUP3 DUP1 SLOAD PUSH1 0x1 DUP2 PUSH1 0x1 AND ISZERO PUSH2 0x100 MUL SUB AND PUSH1 0x2 SWAP1 DIV DUP1 ISZERO PUSH2 0x5C9 JUMPI DUP1 PUSH1 0x1F LT PUSH2 0x59E JUMPI PUSH2 0x100 DUP1 DUP4 SLOAD DIV MUL DUP4 MSTORE SWAP2 PUSH1 0x20 ADD SWAP2 PUSH2 0x5C9 JUMP JUMPDEST DUP3 ADD SWAP2 SWAP1 PUSH1 0x0 MSTORE PUSH1 0x20 PUSH1 0x0 KECCAK256 SWAP1 JUMPDEST DUP2 SLOAD DUP2 MSTORE SWAP1 PUSH1 0x1 ADD SWAP1 PUSH1 0x20 ADD DUP1 DUP4 GT PUSH2 0x5AC JUMPI DUP3 SWAP1 SUB PUSH1 0x1F AND DUP3 ADD SWAP2 JUMPDEST POP POP POP POP POP DUP2 JUMP JUMPDEST PUSH1 0x0 DUP2 PUSH1 0x5 PUSH1 0x0 CALLER PUSH20 0xFFFFFFFFFFFFFFFFFFFFFFFFFFFFFFFFFFFFFFFF AND PUSH20 0xFFFFFFFFFFFFFFFFFFFFFFFFFFFFFFFFFFFFFFFF AND DUP2 MSTORE PUSH1 0x20 ADD SWAP1 DUP2 MSTORE PUSH1 0x20 ADD PUSH1 0x0 KECCAK256 PUSH1 0x0 DUP6 PUSH20 0xFFFFFFFFFFFFFFFFFFFFFFFFFFFFFFFFFFFFFFFF AND PUSH20 0xFFFFFFFFFFFFFFFFFFFFFFFFFFFFFFFFFFFFFFFF AND DUP2 MSTORE PUSH1 0x20 ADD SWAP1 DUP2 MSTORE PUSH1 0x20 ADD PUSH1 0x0 KECCAK256 DUP2 SWAP1 SSTORE POP PUSH1 0x1 SWAP1 POP SWAP3 SWAP2 POP POP JUMP JUMPDEST PUSH1 0x3 SLOAD DUP2 JUMP JUMPDEST PUSH1 0x0 PUSH1 0x5 PUSH1 0x0 DUP6 PUSH20 0xFFFFFFFFFFFFFFFFFFFFFFFFFFFFFFFFFFFFFFFF AND PUSH20 0xFFFFFFFFFFFFFFFFFFFFFFFFFFFFFFFFFFFFFFFF AND DUP2 MSTORE PUSH1 0x20 ADD SWAP1 DUP2 MSTORE PUSH1 0x20 ADD PUSH1 0x0 KECCAK256 PUSH1 0x0 CALLER PUSH20 0xFFFFFFFFFFFFFFFFFFFFFFFFFFFFFFFFFFFFFFFF AND PUSH20 0xFFFFFFFFFFFFFFFFFFFFFFFFFFFFFFFFFFFFFFFF AND DUP2 MSTORE PUSH1 0x20 ADD SWAP1 DUP2 MSTORE PUSH1 0x20 ADD PUSH1 0x0 KECCAK256 SLOAD DUP3 GT ISZERO ISZERO ISZERO PUSH2 0x6F1 JUMPI PUSH1 0x0 DUP1 REVERT JUMPDEST DUP2 PUSH1 0x5 PUSH1 0x0 DUP7 PUSH20 0xFFFFFFFFFFFFFFFFFFFFFFFFFFFFFFFFFFFFFFFF AND PUSH20 0xFFFFFFFFFFFFFFFFFFFFFFFFFFFFFFFFFFFFFFFF AND DUP2 MSTORE PUSH1 0x20 ADD SWAP1 DUP2 MSTORE PUSH1 0x20 ADD PUSH1 0x0 KECCAK256 PUSH1 0x0 CALLER PUSH20 0xFFFFFFFFFFFFFFFFFFFFFFFFFFFFFFFFFFFFFFFF AND PUSH20 0xFFFFFFFFFFFFFFFFFFFFFFFFFFFFFFFFFFFFFFFF AND DUP2 MSTORE PUSH1 0x20 ADD SWAP1 DUP2 MSTORE PUSH1 0x20 ADD PUSH1 0x0 KECCAK256 PUSH1 0x0 DUP3 DUP3 SLOAD SUB SWAP3 POP POP DUP2 SWAP1 SSTORE POP PUSH2 0x786 DUP5 DUP5 DUP5 PUSH2 0xD2A JUMP JUMPDEST PUSH1 0x1 SWAP1 POP SWAP4 SWAP3 POP POP POP JUMP JUMPDEST PUSH1 0x2 PUSH1 0x0 SWAP1 SLOAD SWAP1 PUSH2 0x100 EXP SWAP1 DIV PUSH1 0xFF AND DUP2 JUMP JUMPDEST PUSH1 0x0 DUP2 PUSH1 0x4 PUSH1 0x0 CALLER PUSH20 0xFFFFFFFFFFFFFFFFFFFFFFFFFFFFFFFFFFFFFFFF AND PUSH20 0xFFFFFFFFFFFFFFFFFFFFFFFFFFFFFFFFFFFFFFFF AND DUP2 MSTORE PUSH1 0x20 ADD SWAP1 DUP2 MSTORE PUSH1 0x20 ADD PUSH1 0x0 KECCAK256 SLOAD LT ISZERO ISZERO ISZERO PUSH2 0x7F4 JUMPI PUSH1 0x0 DUP1 REVERT JUMPDEST DUP2 PUSH1 0x4 PUSH1 0x0 CALLER PUSH20 0xFFFFFFFFFFFFFFFFFFFFFFFFFFFFFFFFFFFFFFFF AND PUSH20 0xFFFFFFFFFFFFFFFFFFFFFFFFFFFFFFFFFFFFFFFF AND DUP2 MSTORE PUSH1 0x20 ADD SWAP1 DUP2 MSTORE PUSH1 0x20 ADD PUSH1 0x0 KECCAK256 PUSH1 0x0 DUP3 DUP3 SLOAD SUB SWAP3 POP POP DUP2 SWAP1 SSTORE POP DUP2 PUSH1 0x3 PUSH1 0x0 DUP3 DUP3 SLOAD SUB SWAP3 POP POP DUP2 SWAP1 SSTORE POP CALLER PUSH20 0xFFFFFFFFFFFFFFFFFFFFFFFFFFFFFFFFFFFFFFFF AND PUSH32 0xCC16F5DBB4873280815C1EE09DBD06736CFFCC184412CF7A71A0FDB75D397CA5 DUP4 PUSH1 0x40 MLOAD DUP1 DUP3 DUP2 MSTORE PUSH1 0x20 ADD SWAP2 POP POP PUSH1 0x40 MLOAD DUP1 SWAP2 SUB SWAP1 LOG2 PUSH1 0x1 SWAP1 POP SWAP2 SWAP1 POP JUMP JUMPDEST PUSH1 0x4 PUSH1 0x20 MSTORE DUP1 PUSH1 0x0 MSTORE PUSH1 0x40 PUSH1 0x0 KECCAK256 PUSH1 0x0 SWAP2 POP SWAP1 POP SLOAD DUP2 JUMP JUMPDEST PUSH1 0x0 DUP2 PUSH1 0x4 PUSH1 0x0 DUP6 PUSH20 0xFFFFFFFFFFFFFFFFFFFFFFFFFFFFFFFFFFFFFFFF AND PUSH20 0xFFFFFFFFFFFFFFFFFFFFFFFFFFFFFFFFFFFFFFFF AND DUP2 MSTORE PUSH1 0x20 ADD SWAP1 DUP2 MSTORE PUSH1 0x20 ADD PUSH1 0x0 KECCAK256 SLOAD LT ISZERO ISZERO ISZERO PUSH2 0x910 JUMPI PUSH1 0x0 DUP1 REVERT JUMPDEST PUSH1 0x5 PUSH1 0x0 DUP5 PUSH20 0xFFFFFFFFFFFFFFFFFFFFFFFFFFFFFFFFFFFFFFFF AND PUSH20 0xFFFFFFFFFFFFFFFFFFFFFFFFFFFFFFFFFFFFFFFF AND DUP2 MSTORE PUSH1 0x20 ADD SWAP1 DUP2 MSTORE PUSH1 0x20 ADD PUSH1 0x0 KECCAK256 PUSH1 0x0 CALLER PUSH20 0xFFFFFFFFFFFFFFFFFFFFFFFFFFFFFFFFFFFFFFFF AND PUSH20 0xFFFFFFFFFFFFFFFFFFFFFFFFFFFFFFFFFFFFFFFF AND DUP2 MSTORE PUSH1 0x20 ADD SWAP1 DUP2 MSTORE PUSH1 0x20 ADD PUSH1 0x0 KECCAK256 SLOAD DUP3 GT ISZERO ISZERO ISZERO PUSH2 0x99B JUMPI PUSH1 0x0 DUP1 REVERT JUMPDEST DUP2 PUSH1 0x4 PUSH1 0x0 DUP6 PUSH20 0xFFFFFFFFFFFFFFFFFFFFFFFFFFFFFFFFFFFFFFFF AND PUSH20 0xFFFFFFFFFFFFFFFFFFFFFFFFFFFFFFFFFFFFFFFF AND DUP2 MSTORE PUSH1 0x20 ADD SWAP1 DUP2 MSTORE PUSH1 0x20 ADD PUSH1 0x0 KECCAK256 PUSH1 0x0 DUP3 DUP3 SLOAD SUB SWAP3 POP POP DUP2 SWAP1 SSTORE POP DUP2 PUSH1 0x5 PUSH1 0x0 DUP6 PUSH20 0xFFFFFFFFFFFFFFFFFFFFFFFFFFFFFFFFFFFFFFFF AND PUSH20 0xFFFFFFFFFFFFFFFFFFFFFFFFFFFFFFFFFFFFFFFF AND DUP2 MSTORE PUSH1 0x20 ADD SWAP1 DUP2 MSTORE PUSH1 0x20 ADD PUSH1 0x0 KECCAK256 PUSH1 0x0 CALLER PUSH20 0xFFFFFFFFFFFFFFFFFFFFFFFFFFFFFFFFFFFFFFFF AND PUSH20 0xFFFFFFFFFFFFFFFFFFFFFFFFFFFFFFFFFFFFFFFF AND DUP2 MSTORE PUSH1 0x20 ADD SWAP1 DUP2 MSTORE PUSH1 0x20 ADD PUSH1 0x0 KECCAK256 PUSH1 0x0 DUP3 DUP3 SLOAD SUB SWAP3 POP POP DUP2 SWAP1 SSTORE POP DUP2 PUSH1 0x3 PUSH1 0x0 DUP3 DUP3 SLOAD SUB SWAP3 POP POP DUP2 SWAP1 SSTORE POP DUP3 PUSH20 0xFFFFFFFFFFFFFFFFFFFFFFFFFFFFFFFFFFFFFFFF AND PUSH32 0xCC16F5DBB4873280815C1EE09DBD06736CFFCC184412CF7A71A0FDB75D397CA5 DUP4 PUSH1 0x40 MLOAD DUP1 DUP3 DUP2 MSTORE PUSH1 0x20 ADD SWAP2 POP POP PUSH1 0x40 MLOAD DUP1 SWAP2 SUB SWAP1 LOG2 PUSH1 0x1 SWAP1 POP SWAP3 SWAP2 POP POP JUMP JUMPDEST PUSH1 0x1 DUP1 SLOAD PUSH1 0x1 DUP2 PUSH1 0x1 AND ISZERO PUSH2 0x100 MUL SUB AND PUSH1 0x2 SWAP1 DIV DUP1 PUSH1 0x1F ADD PUSH1 0x20 DUP1 SWAP2 DIV MUL PUSH1 0x20 ADD PUSH1 0x40 MLOAD SWAP1 DUP2 ADD PUSH1 0x40 MSTORE DUP1 SWAP3 SWAP2 SWAP1 DUP2 DUP2 MSTORE PUSH1 0x20 ADD DUP3 DUP1 SLOAD PUSH1 0x1 DUP2 PUSH1 0x1 AND ISZERO PUSH2 0x100 MUL SUB AND PUSH1 0x2 SWAP1 DIV DUP1 ISZERO PUSH2 0xB70 JUMPI DUP1 PUSH1 0x1F LT PUSH2 0xB45 JUMPI PUSH2 0x100 DUP1 DUP4 SLOAD DIV MUL DUP4 MSTORE SWAP2 PUSH1 0x20 ADD SWAP2 PUSH2 0xB70 JUMP JUMPDEST DUP3 ADD SWAP2 SWAP1 PUSH1 0x0 MSTORE PUSH1 0x20 PUSH1 0x0 KECCAK256 SWAP1 JUMPDEST DUP2 SLOAD DUP2 MSTORE SWAP1 PUSH1 0x1 ADD SWAP1 PUSH1 0x20 ADD DUP1 DUP4 GT PUSH2 0xB53 JUMPI DUP3 SWAP1 SUB PUSH1 0x1F AND DUP3 ADD SWAP2 JUMPDEST POP POP POP POP POP DUP2 JUMP JUMPDEST PUSH2 0xB83 CALLER DUP4 DUP4 PUSH2 0xD2A JUMP JUMPDEST POP POP JUMP JUMPDEST PUSH1 0x0 DUP1 DUP5 SWAP1 POP PUSH2 0xB97 DUP6 DUP6 PUSH2 0x5D1 JUMP JUMPDEST ISZERO PUSH2 0xCFC JUMPI DUP1 PUSH20 0xFFFFFFFFFFFFFFFFFFFFFFFFFFFFFFFFFFFFFFFF AND PUSH4 0x8F4FFCB1 CALLER DUP7 ADDRESS DUP8 PUSH1 0x40 MLOAD DUP6 PUSH4 0xFFFFFFFF AND PUSH29 0x100000000000000000000000000000000000000000000000000000000 MUL DUP2 MSTORE PUSH1 0x4 ADD DUP1 DUP6 PUSH20 0xFFFFFFFFFFFFFFFFFFFFFFFFFFFFFFFFFFFFFFFF AND PUSH20 0xFFFFFFFFFFFFFFFFFFFFFFFFFFFFFFFFFFFFFFFF AND DUP2 MSTORE PUSH1 0x20 ADD DUP5 DUP2 MSTORE PUSH1 0x20 ADD DUP4 PUSH20 0xFFFFFFFFFFFFFFFFFFFFFFFFFFFFFFFFFFFFFFFF AND PUSH20 0xFFFFFFFFFFFFFFFFFFFFFFFFFFFFFFFFFFFFFFFF AND DUP2 MSTORE PUSH1 0x20 ADD DUP1 PUSH1 0x20 ADD DUP3 DUP2 SUB DUP3 MSTORE DUP4 DUP2 DUP2 MLOAD DUP2 MSTORE PUSH1 0x20 ADD SWAP2 POP DUP1 MLOAD SWAP1 PUSH1 0x20 ADD SWAP1 DUP1 DUP4 DUP4 PUSH1 0x0 JUMPDEST DUP4 DUP2 LT ISZERO PUSH2 0xC91 JUMPI DUP1 DUP3 ADD MLOAD DUP2 DUP5 ADD MSTORE PUSH1 0x20 DUP2 ADD SWAP1 POP PUSH2 0xC76 JUMP JUMPDEST POP POP POP POP SWAP1 POP SWAP1 DUP2 ADD SWAP1 PUSH1 0x1F AND DUP1 ISZERO PUSH2 0xCBE JUMPI DUP1 DUP3 SUB DUP1 MLOAD PUSH1 0x1 DUP4 PUSH1 0x20 SUB PUSH2 0x100 EXP SUB NOT AND DUP2 MSTORE PUSH1 0x20 ADD SWAP2 POP JUMPDEST POP SWAP6 POP POP POP POP POP POP PUSH1 0x0 PUSH1 0x40 MLOAD DUP1 DUP4 SUB DUP2 PUSH1 0x0 DUP8 DUP1 EXTCODESIZE ISZERO ISZERO PUSH2 0xCDF JUMPI PUSH1 0x0 DUP1 REVERT JUMPDEST PUSH2 0x2C6 GAS SUB CALL ISZERO ISZERO PUSH2 0xCF0 JUMPI PUSH1 0x0 DUP1 REVERT JUMPDEST POP POP POP PUSH1 0x1 SWAP2 POP PUSH2 0xCFD JUMP JUMPDEST JUMPDEST POP SWAP4 SWAP3 POP POP POP JUMP JUMPDEST PUSH1 0x5 PUSH1 0x20 MSTORE DUP2 PUSH1 0x0 MSTORE PUSH1 0x40 PUSH1 0x0 KECCAK256 PUSH1 0x20 MSTORE DUP1 PUSH1 0x0 MSTORE PUSH1 0x40 PUSH1 0x0 KECCAK256 PUSH1 0x0 SWAP2 POP SWAP2 POP POP SLOAD DUP2 JUMP JUMPDEST PUSH1 0x0 DUP3 PUSH20 0xFFFFFFFFFFFFFFFFFFFFFFFFFFFFFFFFFFFFFFFF AND EQ ISZERO ISZERO ISZERO PUSH2 0xD50 JUMPI PUSH1 0x0 DUP1 REVERT JUMPDEST DUP1 PUSH1 0x4 PUSH1 0x0 DUP6 PUSH20 0xFFFFFFFFFFFFFFFFFFFFFFFFFFFFFFFFFFFFFFFF AND PUSH20 0xFFFFFFFFFFFFFFFFFFFFFFFFFFFFFFFFFFFFFFFF AND DUP2 MSTORE PUSH1 0x20 ADD SWAP1 DUP2 MSTORE PUSH1 0x20 ADD PUSH1 0x0 KECCAK256 SLOAD LT ISZERO ISZERO ISZERO PUSH2 0xD9E JUMPI PUSH1 0x0 DUP1 REVERT JUMPDEST PUSH1 0x4 PUSH1 0x0 DUP4 PUSH20 0xFFFFFFFFFFFFFFFFFFFFFFFFFFFFFFFFFFFFFFFF AND PUSH20 0xFFFFFFFFFFFFFFFFFFFFFFFFFFFFFFFFFFFFFFFF AND DUP2 MSTORE PUSH1 0x20 ADD SWAP1 DUP2 MSTORE PUSH1 0x20 ADD PUSH1 0x0 KECCAK256 SLOAD DUP2 PUSH1 0x4 PUSH1 0x0 DUP6 PUSH20 0xFFFFFFFFFFFFFFFFFFFFFFFFFFFFFFFFFFFFFFFF AND PUSH20 0xFFFFFFFFFFFFFFFFFFFFFFFFFFFFFFFFFFFFFFFF AND DUP2 MSTORE PUSH1 0x20 ADD SWAP1 DUP2 MSTORE PUSH1 0x20 ADD PUSH1 0x0 KECCAK256 SLOAD ADD GT ISZERO ISZERO PUSH2 0xE2C JUMPI PUSH1 0x0 DUP1 REVERT JUMPDEST DUP1 PUSH1 0x4 PUSH1 0x0 DUP6 PUSH20 0xFFFFFFFFFFFFFFFFFFFFFFFFFFFFFFFFFFFFFFFF AND PUSH20 0xFFFFFFFFFFFFFFFFFFFFFFFFFFFFFFFFFFFFFFFF AND DUP2 MSTORE PUSH1 0x20 ADD SWAP1 DUP2 MSTORE PUSH1 0x20 ADD PUSH1 0x0 KECCAK256 PUSH1 0x0 DUP3 DUP3 SLOAD SUB SWAP3 POP POP DUP2 SWAP1 SSTORE POP DUP1 PUSH1 0x4 PUSH1 0x0 DUP5 PUSH20 0xFFFFFFFFFFFFFFFFFFFFFFFFFFFFFFFFFFFFFFFF AND PUSH20 0xFFFFFFFFFFFFFFFFFFFFFFFFFFFFFFFFFFFFFFFF AND DUP2 MSTORE PUSH1 0x20 ADD SWAP1 DUP2 MSTORE PUSH1 0x20 ADD PUSH1 0x0 KECCAK256 PUSH1 0x0 DUP3 DUP3 SLOAD ADD SWAP3 POP POP DUP2 SWAP1 SSTORE POP DUP2 PUSH20 0xFFFFFFFFFFFFFFFFFFFFFFFFFFFFFFFFFFFFFFFF AND DUP4 PUSH20 0xFFFFFFFFFFFFFFFFFFFFFFFFFFFFFFFFFFFFFFFF AND PUSH32 0xDDF252AD1BE2C89B69C2B068FC378DAA952BA7F163C4A11628F55A4DF523B3EF DUP4 PUSH1 0x40 MLOAD DUP1 DUP3 DUP2 MSTORE PUSH1 0x20 ADD SWAP2 POP POP PUSH1 0x40 MLOAD DUP1 SWAP2 SUB SWAP1 LOG3 POP POP POP JUMP STOP LOG1 PUSH6 0x627A7A723058 KECCAK256 0xbb 0x2b 0xb7 0xd9 SWAP10 PUSH15 0x493EB804026E9747BED421DC471BC8 PUSH23 0xCA055BC600316091FEF000290000000000000000000000
1,PUSH1 0x60 PUSH1 0x40 MSTORE PUSH1 0x12 PUSH1 0x2 PUSH1 0x0 PUSH2 0x100 EXP DUP2 SLOAD DUP2 PUSH1 0xFF MUL NOT AND SWAP1 DUP4 PUSH1 0xFF AND MUL OR SWAP1 SSTORE POP CALLVALUE ISZERO PUSH3 0x2C JUMPI PUSH1 0x0 DUP1 REVERT JUMPDEST PUSH1 0x40 MLOAD PUSH3 0x1226 CODESIZE SUB DUP1 PUSH3 0x1226 DUP4 CODECOPY DUP2 ADD PUSH1 0x40 MSTORE DUP1 DUP1 MLOAD SWAP1 PUSH1 0x20 ADD SWAP1 SWAP2 SWAP1 DUP1 MLOAD DUP3 ADD SWAP2 SWAP1 PUSH1 0x20 ADD DUP1 MLOAD DUP3 ADD SWAP2 SWAP1 POP POP PUSH1 0x2 PUSH1 0x0 SWAP1 SLOAD SWAP1 PUSH2 0x100 EXP SWAP1 DIV PUSH1 0xFF AND PUSH1 0xFF AND PUSH1 0xA EXP DUP4 MUL PUSH1 0x3 DUP2 SWAP1 SSTORE POP PUSH1 0x3 SLOAD PUSH1 0x4 PUSH1 0x0 CALLER PUSH20 0xFFFFFFFFFFFFFFFFFFFFFFFFFFFFFFFFFFFFFFFF AND PUSH20 0xFFFFFFFFFFFFFFFFFFFFFFFFFFFFFFFFFFFFFFFF AND DUP2 MSTORE PUSH1 0x20 ADD SWAP1 DUP2 MSTORE PUSH1 0x20 ADD PUSH1 0x0 KECCAK256 DUP2 SWAP1 SSTORE POP DUP2 PUSH1 0x0 SWAP1 DUP1 MLOAD SWAP1 PUSH1 0x20 ADD SWAP1 PUSH3 0xD8 SWAP3 SWAP2 SWAP1 PUSH3 0xFB JUMP JUMPDEST POP DUP1 PUSH1 0x1 SWAP1 DUP1 MLOAD SWAP1 PUSH1 0x20 ADD SWAP1 PUSH3 0xF1 SWAP3 SWAP2 SWAP1 PUSH3 0xFB JUMP JUMPDEST POP POP POP POP PUSH3 0x1AA JUMP JUMPDEST DUP3 DUP1 SLOAD PUSH1 0x1 DUP2 PUSH1 0x1 AND ISZERO PUSH2 0x100 MUL SUB AND PUSH1 0x2 SWAP1 DIV SWAP1 PUSH1 0x0 MSTORE PUSH1 0x20 PUSH1 0x0 KECCAK256 SWAP1 PUSH1 0x1F ADD PUSH1 0x20 SWAP1 DIV DUP2 ADD SWAP3 DUP3 PUSH1 0x1F LT PUSH3 0x13E JUMPI DUP1 MLOAD PUSH1 0xFF NOT AND DUP4 DUP1 ADD OR DUP6 SSTORE PUSH3 0x16F JUMP JUMPDEST DUP3 DUP1 ADD PUSH1 0x1 ADD DUP6 SSTORE DUP3 ISZERO PUSH3 0x16F JUMPI SWAP2 DUP3 ADD JUMPDEST DUP3 DUP2 GT ISZERO PUSH3 0x16E JUMPI DUP3 MLOAD DUP3 SSTORE SWAP2 PUSH1 0x20 ADD SWAP2 SWAP1 PUSH1 0x1 ADD SWAP1 PUSH3 0x151 JUMP JUMPDEST JUMPDEST POP SWAP1 POP PUSH3 0x17E SWAP2 SWAP1 PUSH3 0x182 JUMP JUMPDEST POP SWAP1 JUMP JUMPDEST PUSH3 0x1A7 SWAP2 SWAP1 JUMPDEST DUP1 DUP3 GT ISZERO PUSH3 0x1A3 JUMPI PUSH1 0x0 DUP2 PUSH1 0x0 SWAP1 SSTORE POP PUSH1 0x1 ADD PUSH3 0x189 JUMP JUMPDEST POP SWAP1 JUMP JUMPDEST SWAP1 JUMP JUMPDEST PUSH2 0x106C DUP1 PUSH3 0x1BA PUSH1 0x0 CODECOPY PUSH1 0x0 RETURN STOP PUSH1 0x60 PUSH1 0x40 MSTORE PUSH1 0x4 CALLDATASIZE LT PUSH2 0xBA JUMPI PUSH1 0x0 CALLDATALOAD PUSH29 0x100000000000000000000000000000000000000000000000000000000 SWAP1 DIV PUSH4 0xFFFFFFFF AND DUP1 PUSH4 0x6FDDE03 EQ PUSH2 0xBF JUMPI DUP1 PUSH4 0x95EA7B3 EQ PUSH2 0x14D JUMPI DUP1 PUSH4 0x18160DDD EQ PUSH2 0x1A7 JUMPI DUP1 PUSH4 0x23B872DD EQ PUSH2 0x1D0 JUMPI DUP1 PUSH4 0x313CE567 EQ PUSH2 0x249 JUMPI DUP1 PUSH4 0x42966C68 EQ PUSH2 0x278 JUMPI DUP1 PUSH4 0x70A08231 EQ PUSH2 0x2B3 JUMPI DUP1 PUSH4 0x79CC6790 EQ PUSH2 0x300 JUMPI DUP1 PUSH4 0x95D89B41 EQ PUSH2 0x35A JUMPI DUP1 PUSH4 0xA9059CBB EQ PUSH2 0x3E8 JUMPI DUP1 PUSH4 0xCAE9CA51 EQ PUSH2 0x42A JUMPI DUP1 PUSH4 0xDD62ED3E EQ PUSH2 0x4C7 JUMPI JUMPDEST PUSH1 0x0 DUP1 REVERT JUMPDEST CALLVALUE ISZERO PUSH2 0xCA JUMPI PUSH1 0x0 DUP1 REVERT JUMPDEST PUSH2 0xD2 PUSH2 0x533 JUMP JUMPDEST PUSH1 0x40 MLOAD DUP1 DUP1 PUSH1 0x20 ADD DUP3 DUP2 SUB DUP3 MSTORE DUP4 DUP2 DUP2 MLOAD DUP2 MSTORE PUSH1 0x20 ADD SWAP2 POP DUP1 MLOAD SWAP1 PUSH1 0x20 ADD SWAP1 DUP1 DUP4 DUP4 PUSH1 0x0 JUMPDEST DUP4 DUP2 LT ISZERO PUSH2 0x112 JUMPI DUP1 DUP3 ADD MLOAD DUP2 DUP5 ADD MSTORE PUSH1 0x20 DUP2 ADD SWAP1 POP PUSH2 0xF7 JUMP JUMPDEST POP POP POP POP SWAP1 POP SWAP1 DUP2 ADD SWAP1 PUSH1 0x1F AND DUP1 ISZERO PUSH2 0x13F JUMPI DUP1 DUP3 SUB DUP1 MLOAD PUSH1 0x1 DUP4 PUSH1 0x20 SUB PUSH2 0x100 EXP SUB NOT AND DUP2 MSTORE PUSH1 0x20 ADD SWAP2 POP JUMPDEST POP SWAP3 POP POP POP PUSH1 0x40 MLOAD DUP1 SWAP2 SUB SWAP1 RETURN JUMPDEST CALLVALUE ISZERO PUSH2 0x158 JUMPI PUSH1 0x0 DUP1 REVERT JUMPDEST PUSH2 0x18D PUSH1 0x4 DUP1 DUP1 CALLDATALOAD PUSH20 0xFFFFFFFFFFFFFFFFFFFFFFFFFFFFFFFFFFFFFFFF AND SWAP1 PUSH1 0x20 ADD SWAP1 SWAP2 SWAP1 DUP1 CALLDATALOAD SWAP1 PUSH1 0x20 ADD SWAP1 SWAP2 SWAP1 POP POP PUSH2 0x5D1 JUMP JUMPDEST PUSH1 0x40 MLOAD DUP1 DUP3 ISZERO ISZERO ISZERO ISZERO DUP2 MSTORE PUSH1 0x20 ADD SWAP2 POP POP PUSH1 0x40 MLOAD DUP1 SWAP2 SUB SWAP1 RETURN JUMPDEST CALLVALUE ISZERO PUSH2 0x1B2 JUMPI PUSH1 0x0 DUP1 REVERT JUMPDEST PUSH2 0x1BA PUSH2 0x65E JUMP JUMPDEST PUSH1 0x40 MLOAD DUP1 DUP3 DUP2 MSTORE PUSH1 0x20 ADD SWAP2 POP POP PUSH1 0x40 MLOAD DUP1 SWAP2 SUB SWAP1 RETURN JUMPDEST CALLVALUE ISZERO PUSH2 0x1DB JUMPI PUSH1 0x0 DUP1 REVERT JUMPDEST PUSH2 0x22F PUSH1 0x4 DUP1 DUP1 CALLDATALOAD PUSH20 0xFFFFFFFFFFFFFFFFFFFFFFFFFFFFFFFFFFFFFFFF AND SWAP1 PUSH1 0x20 ADD SWAP1 SWAP2 SWAP1 DUP1 CALLDATALOAD PUSH20 0xFFFFFFFFFFFFFFFFFFFFFFFFFFFFFFFFFFFFFFFF AND SWAP1 PUSH1 0x20 ADD SWAP1 SWAP2 SWAP1 DUP1 CALLDATALOAD SWAP1 PUSH1 0x20 ADD SWAP1 SWAP2 SWAP1 POP POP PUSH2 0x664 JUMP JUMPDEST PUSH1 0x40 MLOAD DUP1 DUP3 ISZERO ISZERO ISZERO ISZERO DUP2 MSTORE PUSH1 0x20 ADD SWAP2 POP POP PUSH1 0x40 MLOAD DUP1 SWAP2 SUB SWAP1 RETURN JUMPDEST CALLVALUE ISZERO PUSH2 0x254 JUMPI PUSH1 0x0 DUP1 REVERT JUMPDEST PUSH2 0x25C PUSH2 0x791 JUMP JUMPDEST PUSH1 0x40 MLOAD DUP1 DUP3 PUSH1 0xFF AND PUSH1 0xFF AND DUP2 MSTORE PUSH1 0x20 ADD SWAP2 POP POP PUSH1 0x40 MLOAD DUP1 SWAP2 SUB SWAP1 RETURN JUMPDEST CALLVALUE ISZERO PUSH2 0x283 JUMPI PUSH1 0x0 DUP1 REVERT JUMPDEST PUSH2 0x299 PUSH1 0x4 DUP1 DUP1 CALLDATALOAD SWAP1 PUSH1 0x20 ADD SWAP1 SWAP2 SWAP1 POP POP PUSH2 0x7A4 JUMP JUMPDEST PUSH1 0x40 MLOAD DUP1 DUP3 ISZERO ISZERO ISZERO ISZERO DUP2 MSTORE PUSH1 0x20 ADD SWAP2 POP POP PUSH1 0x40 MLOAD DUP1 SWAP2 SUB SWAP1 RETURN JUMPDEST CALLVALUE ISZERO PUSH2 0x2BE JUMPI PUSH1 0x0 DUP1 REVERT JUMPDEST PUSH2 0x2EA PUSH1 0x4 DUP1 DUP1 CALLDATALOAD PUSH20 0xFFFFFFFFFFFFFFFFFFFFFFFFFFFFFFFFFFFFFFFF AND SWAP1 PUSH1 0x20 ADD SWAP1 SWAP2 SWAP1 POP POP PUSH2 0x8A8 JUMP JUMPDEST PUSH1 0x40 MLOAD DUP1 DUP3 DUP2 MSTORE PUSH1 0x20 ADD SWAP2 POP POP PUSH1 0x40 MLOAD DUP1 SWAP2 SUB SWAP1 RETURN JUMPDEST CALLVALUE ISZERO PUSH2 0x30B JUMPI PUSH1 0x0 DUP1 REVERT JUMPDEST PUSH2 0x340 PUSH1 0x4 DUP1 DUP1 CALLDATALOAD PUSH20 0xFFFFFFFFFFFFFFFFFFFFFFFFFFFFFFFFFFFFFFFF AND SWAP1 PUSH1 0x20 ADD SWAP1 SWAP2 SWAP1 DUP1 CALLDATALOAD SWAP1 PUSH1 0x20 ADD SWAP1 SWAP2 SWAP1 POP POP PUSH2 0x8C0 JUMP JUMPDEST PUSH1 0x40 MLOAD DUP1 DUP3 ISZERO ISZERO ISZERO ISZERO DUP2 MSTORE PUSH1 0x20 ADD SWAP2 POP POP PUSH1 0x40 MLOAD DUP1 SWAP2 SUB SWAP1 RETURN JUMPDEST CALLVALUE ISZERO PUSH2 0x365 JUMPI PUSH1 0x0 DUP1 REVERT JUMPDEST PUSH2 0x36D PUSH2 0xADA JUMP JUMPDEST PUSH1 0x40 MLOAD DUP1 DUP1 PUSH1 0x20 ADD DUP3 DUP2 SUB DUP3 MSTORE DUP4 DUP2 DUP2 MLOAD DUP2 MSTORE PUSH1 0x20 ADD SWAP2 POP DUP1 MLOAD SWAP1 PUSH1 0x20 ADD SWAP1 DUP1 DUP4 DUP4 PUSH1 0x0 JUMPDEST DUP4 DUP2 LT ISZERO PUSH2 0x3AD JUMPI DUP1 DUP3 ADD MLOAD DUP2 DUP5 ADD MSTORE PUSH1 0x20 DUP2 ADD SWAP1 POP PUSH2 0x392 JUMP JUMPDEST POP POP POP POP SWAP1 POP SWAP1 DUP2 ADD SWAP1 PUSH1 0x1F AND DUP1 ISZERO PUSH2 0x3DA JUMPI DUP1 DUP3 SUB DUP1 MLOAD PUSH1 0x1 DUP4 PUSH1 0x20 SUB PUSH2 0x100 EXP SUB NOT AND DUP2 MSTORE PUSH1 0x20 ADD SWAP2 POP JUMPDEST POP SWAP3 POP POP POP PUSH1 0x40 MLOAD DUP1 SWAP2 SUB SWAP1 RETURN JUMPDEST CALLVALUE ISZERO PUSH2 0x3F3 JUMPI PUSH1 0x0 DUP1 REVERT JUMPDEST PUSH2 0x428 PUSH1 0x4 DUP1 DUP1 CALLDATALOAD PUSH20 0xFFFFFFFFFFFFFFFFFFFFFFFFFFFFFFFFFFFFFFFF AND SWAP1 PUSH1 0x20 ADD SWAP1 SWAP2 SWAP1 DUP1 CALLDATALOAD SWAP1 PUSH1 0x20 ADD SWAP1 SWAP2 SWAP1 POP POP PUSH2 0xB78 JUMP JUMPDEST STOP JUMPDEST CALLVALUE ISZERO PUSH2 0x435 JUMPI PUSH1 0x0 DUP1 REVERT JUMPDEST PUSH2 0x4AD PUSH1 0x4 DUP1 DUP1 CALLDATALOAD PUSH20 0xFFFFFFFFFFFFFFFFFFFFFFFFFFFFFFFFFFFFFFFF AND SWAP1 PUSH1 0x20 ADD SWAP1 SWAP2 SWAP1 DUP1 CALLDATALOAD SWAP1 PUSH1 0x20 ADD SWAP1 SWAP2 SWAP1 DUP1 CALLDATALOAD SWAP1 PUSH1 0x20 ADD SWAP1 DUP3 ADD DUP1 CALLDATALOAD SWAP1 PUSH1 0x20 ADD SWAP1 DUP1 DUP1 PUSH1 0x1F ADD PUSH1 0x20 DUP1 SWAP2 DIV MUL PUSH1 0x20 ADD PUSH1 0x40 MLOAD SWAP1 DUP2 ADD PUSH1 0x40 MSTORE DUP1 SWAP4 SWAP3 SWAP2 SWAP1 DUP2 DUP2 MSTORE PUSH1 0x20 ADD DUP4 DUP4 DUP1 DUP3 DUP5 CALLDATACOPY DUP3 ADD SWAP2 POP POP POP POP POP POP SWAP2 SWAP1 POP POP PUSH2 0xB87 JUMP JUMPDEST PUSH1 0x40 MLOAD DUP1 DUP3 ISZERO ISZERO ISZERO ISZERO DUP2 MSTORE PUSH1 0x20 ADD SWAP2 POP POP PUSH1 0x40 MLOAD DUP1 SWAP2 SUB SWAP1 RETURN JUMPDEST CALLVALUE ISZERO PUSH2 0x4D2 JUMPI PUSH1 0x0 DUP1 REVERT JUMPDEST PUSH2 0x51D PUSH1 0x4 DUP1 DUP1 CALLDATALOAD PUSH20 0xFFFFFFFFFFFFFFFFFFFFFFFFFFFFFFFFFFFFFFFF AND SWAP1 PUSH1 0x20 ADD SWAP1 SWAP2 SWAP1 DUP1 CALLDATALOAD PUSH20 0xFFFFFFFFFFFFFFFFFFFFFFFFFFFFFFFFFFFFFFFF AND SWAP1 PUSH1 0x20 ADD SWAP1 SWAP2 SWAP1 POP POP PUSH2 0xD05 JUMP JUMPDEST PUSH1 0x40 MLOAD DUP1 DUP3 DUP2 MSTORE PUSH1 0x20 ADD SWAP2 POP POP PUSH1 0x40 MLOAD DUP1 SWAP2 SUB SWAP1 RETURN JUMPDEST PUSH1 0x0 DUP1 SLOAD PUSH1 0x1 DUP2 PUSH1 0x1 AND ISZERO PUSH2 0x100 MUL SUB AND PUSH1 0x2 SWAP1 DIV DUP1 PUSH1 0x1F ADD PUSH1 0x20 DUP1 SWAP2 DIV MUL PUSH1 0x20 ADD PUSH1 0x40 MLOAD SWAP1 DUP2 ADD PUSH1 0x40 MSTORE DUP1 SWAP3 SWAP2 SWAP1 DUP2 DUP2 MSTORE PUSH1 0x20 ADD DUP3 DUP1 SLOAD PUSH1 0x1 DUP2 PUSH1 0x1 AND ISZERO PUSH2 0x100 MUL SUB AND PUSH1 0x2 SWAP1 DIV DUP1 ISZERO PUSH2 0x5C9 JUMPI DUP1 PUSH1 0x1F LT PUSH2 0x59E JUMPI PUSH2 0x100 DUP1 DUP4 SLOAD DIV MUL DUP4 MSTORE SWAP2 PUSH1 0x20 ADD SWAP2 PUSH2 0x5C9 JUMP JUMPDEST DUP3 ADD SWAP2 SWAP1 PUSH1 0x0 MSTORE PUSH1 0x20 PUSH1 0x0 KECCAK256 SWAP1 JUMPDEST DUP2 SLOAD DUP2 MSTORE SWAP1 PUSH1 0x1 ADD SWAP1 PUSH1 0x20 ADD DUP1 DUP4 GT PUSH2 0x5AC JUMPI DUP3 SWAP1 SUB PUSH1 0x1F AND DUP3 ADD SWAP2 JUMPDEST POP POP POP POP POP DUP2 JUMP JUMPDEST PUSH1 0x0 DUP2 PUSH1 0x5 PUSH1 0x0 CALLER PUSH20 0xFFFFFFFFFFFFFFFFFFFFFFFFFFFFFFFFFFFFFFFF AND PUSH20 0xFFFFFFFFFFFFFFFFFFFFFFFFFFFFFFFFFFFFFFFF AND DUP2 MSTORE PUSH1 0x20 ADD SWAP1 DUP2 MSTORE PUSH1 0x20 ADD PUSH1 0x0 KECCAK256 PUSH1 0x0 DUP6 PUSH20 0xFFFFFFFFFFFFFFFFFFFFFFFFFFFFFFFFFFFFFFFF AND PUSH20 0xFFFFFFFFFFFFFFFFFFFFFFFFFFFFFFFFFFFFFFFF AND DUP2 MSTORE PUSH1 0x20 ADD SWAP1 DUP2 MSTORE PUSH1 0x20 ADD PUSH1 0x0 KECCAK256 DUP2 SWAP1 SSTORE POP PUSH1 0x1 SWAP1 POP SWAP3 SWAP2 POP POP JUMP JUMPDEST PUSH1 0x3 SLOAD DUP2 JUMP JUMPDEST PUSH1 0x0 PUSH1 0x5 PUSH1 0x0 DUP6 PUSH20 0xFFFFFFFFFFFFFFFFFFFFFFFFFFFFFFFFFFFFFFFF AND PUSH20 0xFFFFFFFFFFFFFFFFFFFFFFFFFFFFFFFFFFFFFFFF AND DUP2 MSTORE PUSH1 0x20 ADD SWAP1 DUP2 MSTORE PUSH1 0x20 ADD PUSH1 0x0 KECCAK256 PUSH1 0x0 CALLER PUSH20 0xFFFFFFFFFFFFFFFFFFFFFFFFFFFFFFFFFFFFFFFF AND PUSH20 0xFFFFFFFFFFFFFFFFFFFFFFFFFFFFFFFFFFFFFFFF AND DUP2 MSTORE PUSH1 0x20 ADD SWAP1 DUP2 MSTORE PUSH1 0x20 ADD PUSH1 0x0 KECCAK256 SLOAD DUP3 GT ISZERO ISZERO ISZERO PUSH2 0x6F1 JUMPI PUSH1 0x0 DUP1 REVERT JUMPDEST DUP2 PUSH1 0x5 PUSH1 0x0 DUP7 PUSH20 0xFFFFFFFFFFFFFFFFFFFFFFFFFFFFFFFFFFFFFFFF AND PUSH20 0xFFFFFFFFFFFFFFFFFFFFFFFFFFFFFFFFFFFFFFFF AND DUP2 MSTORE PUSH1 0x20 ADD SWAP1 DUP2 MSTORE PUSH1 0x20 ADD PUSH1 0x0 KECCAK256 PUSH1 0x0 CALLER PUSH20 0xFFFFFFFFFFFFFFFFFFFFFFFFFFFFFFFFFFFFFFFF AND PUSH20 0xFFFFFFFFFFFFFFFFFFFFFFFFFFFFFFFFFFFFFFFF AND DUP2 MSTORE PUSH1 0x20 ADD SWAP1 DUP2 MSTORE PUSH1 0x20 ADD PUSH1 0x0 KECCAK256 PUSH1 0x0 DUP3 DUP3 SLOAD SUB SWAP3 POP POP DUP2 SWAP1 SSTORE POP PUSH2 0x786 DUP5 DUP5 DUP5 PUSH2 0xD2A JUMP JUMPDEST PUSH1 0x1 SWAP1 POP SWAP4 SWAP3 POP POP POP JUMP JUMPDEST PUSH1 0x2 PUSH1 0x0 SWAP1 SLOAD SWAP1 PUSH2 0x100 EXP SWAP1 DIV PUSH1 0xFF AND DUP2 JUMP JUMPDEST PUSH1 0x0 DUP2 PUSH1 0x4 PUSH1 0x0 CALLER PUSH20 0xFFFFFFFFFFFFFFFFFFFFFFFFFFFFFFFFFFFFFFFF AND PUSH20 0xFFFFFFFFFFFFFFFFFFFFFFFFFFFFFFFFFFFFFFFF AND DUP2 MSTORE PUSH1 0x20 ADD SWAP1 DUP2 MSTORE PUSH1 0x20 ADD PUSH1 0x0 KECCAK256 SLOAD LT ISZERO ISZERO ISZERO PUSH2 0x7F4 JUMPI PUSH1 0x0 DUP1 REVERT JUMPDEST DUP2 PUSH1 0x4 PUSH1 0x0 CALLER PUSH20 0xFFFFFFFFFFFFFFFFFFFFFFFFFFFFFFFFFFFFFFFF AND PUSH20 0xFFFFFFFFFFFFFFFFFFFFFFFFFFFFFFFFFFFFFFFF AND DUP2 MSTORE PUSH1 0x20 ADD SWAP1 DUP2 MSTORE PUSH1 0x20 ADD PUSH1 0x0 KECCAK256 PUSH1 0x0 DUP3 DUP3 SLOAD SUB SWAP3 POP POP DUP2 SWAP1 SSTORE POP DUP2 PUSH1 0x3 PUSH1 0x0 DUP3 DUP3 SLOAD SUB SWAP3 POP POP DUP2 SWAP1 SSTORE POP CALLER PUSH20 0xFFFFFFFFFFFFFFFFFFFFFFFFFFFFFFFFFFFFFFFF AND PUSH32 0xCC16F5DBB4873280815C1EE09DBD06736CFFCC184412CF7A71A0FDB75D397CA5 DUP4 PUSH1 0x40 MLOAD DUP1 DUP3 DUP2 MSTORE PUSH1 0x20 ADD SWAP2 POP POP PUSH1 0x40 MLOAD DUP1 SWAP2 SUB SWAP1 LOG2 PUSH1 0x1 SWAP1 POP SWAP2 SWAP1 POP JUMP JUMPDEST PUSH1 0x4 PUSH1 0x20 MSTORE DUP1 PUSH1 0x0 MSTORE PUSH1 0x40 PUSH1 0x0 KECCAK256 PUSH1 0x0 SWAP2 POP SWAP1 POP SLOAD DUP2 JUMP JUMPDEST PUSH1 0x0 DUP2 PUSH1 0x4 PUSH1 0x0 DUP6 PUSH20 0xFFFFFFFFFFFFFFFFFFFFFFFFFFFFFFFFFFFFFFFF AND PUSH20 0xFFFFFFFFFFFFFFFFFFFFFFFFFFFFFFFFFFFFFFFF AND DUP2 MSTORE PUSH1 0x20 ADD SWAP1 DUP2 MSTORE PUSH1 0x20 ADD PUSH1 0x0 KECCAK256 SLOAD LT ISZERO ISZERO ISZERO PUSH2 0x910 JUMPI PUSH1 0x0 DUP1 REVERT JUMPDEST PUSH1 0x5 PUSH1 0x0 DUP5 PUSH20 0xFFFFFFFFFFFFFFFFFFFFFFFFFFFFFFFFFFFFFFFF AND PUSH20 0xFFFFFFFFFFFFFFFFFFFFFFFFFFFFFFFFFFFFFFFF AND DUP2 MSTORE PUSH1 0x20 ADD SWAP1 DUP2 MSTORE PUSH1 0x20 ADD PUSH1 0x0 KECCAK256 PUSH1 0x0 CALLER PUSH20 0xFFFFFFFFFFFFFFFFFFFFFFFFFFFFFFFFFFFFFFFF AND PUSH20 0xFFFFFFFFFFFFFFFFFFFFFFFFFFFFFFFFFFFFFFFF AND DUP2 MSTORE PUSH1 0x20 ADD SWAP1 DUP2 MSTORE PUSH1 0x20 ADD PUSH1 0x0 KECCAK256 SLOAD DUP3 GT ISZERO ISZERO ISZERO PUSH2 0x99B JUMPI PUSH1 0x0 DUP1 REVERT JUMPDEST DUP2 PUSH1 0x4 PUSH1 0x0 DUP6 PUSH20 0xFFFFFFFFFFFFFFFFFFFFFFFFFFFFFFFFFFFFFFFF AND PUSH20 0xFFFFFFFFFFFFFFFFFFFFFFFFFFFFFFFFFFFFFFFF AND DUP2 MSTORE PUSH1 0x20 ADD SWAP1 DUP2 MSTORE PUSH1 0x20 ADD PUSH1 0x0 KECCAK256 PUSH1 0x0 DUP3 DUP3 SLOAD SUB SWAP3 POP POP DUP2 SWAP1 SSTORE POP DUP2 PUSH1 0x5 PUSH1 0x0 DUP6 PUSH20 0xFFFFFFFFFFFFFFFFFFFFFFFFFFFFFFFFFFFFFFFF AND PUSH20 0xFFFFFFFFFFFFFFFFFFFFFFFFFFFFFFFFFFFFFFFF AND DUP2 MSTORE PUSH1 0x20 ADD SWAP1 DUP2 MSTORE PUSH1 0x20 ADD PUSH1 0x0 KECCAK256 PUSH1 0x0 CALLER PUSH20 0xFFFFFFFFFFFFFFFFFFFFFFFFFFFFFFFFFFFFFFFF AND PUSH20 0xFFFFFFFFFFFFFFFFFFFFFFFFFFFFFFFFFFFFFFFF AND DUP2 MSTORE PUSH1 0x20 ADD SWAP1 DUP2 MSTORE PUSH1 0x20 ADD PUSH1 0x0 KECCAK256 PUSH1 0x0 DUP3 DUP3 SLOAD SUB SWAP3 POP POP DUP2 SWAP1 SSTORE POP DUP2 PUSH1 0x3 PUSH1 0x0 DUP3 DUP3 SLOAD SUB SWAP3 POP POP DUP2 SWAP1 SSTORE POP DUP3 PUSH20 0xFFFFFFFFFFFFFFFFFFFFFFFFFFFFFFFFFFFFFFFF AND PUSH32 0xCC16F5DBB4873280815C1EE09DBD06736CFFCC184412CF7A71A0FDB75D397CA5 DUP4 PUSH1 0x40 MLOAD DUP1 DUP3 DUP2 MSTORE PUSH1 0x20 ADD SWAP2 POP POP PUSH1 0x40 MLOAD DUP1 SWAP2 SUB SWAP1 LOG2 PUSH1 0x1 SWAP1 POP SWAP3 SWAP2 POP POP JUMP JUMPDEST PUSH1 0x1 DUP1 SLOAD PUSH1 0x1 DUP2 PUSH1 0x1 AND ISZERO PUSH2 0x100 MUL SUB AND PUSH1 0x2 SWAP1 DIV DUP1 PUSH1 0x1F ADD PUSH1 0x20 DUP1 SWAP2 DIV MUL PUSH1 0x20 ADD PUSH1 0x40 MLOAD SWAP1 DUP2 ADD PUSH1 0x40 MSTORE DUP1 SWAP3 SWAP2 SWAP1 DUP2 DUP2 MSTORE PUSH1 0x20 ADD DUP3 DUP1 SLOAD PUSH1 0x1 DUP2 PUSH1 0x1 AND ISZERO PUSH2 0x100 MUL SUB AND PUSH1 0x2 SWAP1 DIV DUP1 ISZERO PUSH2 0xB70 JUMPI DUP1 PUSH1 0x1F LT PUSH2 0xB45 JUMPI PUSH2 0x100 DUP1 DUP4 SLOAD DIV MUL DUP4 MSTORE SWAP2 PUSH1 0x20 ADD SWAP2 PUSH2 0xB70 JUMP JUMPDEST DUP3 ADD SWAP2 SWAP1 PUSH1 0x0 MSTORE PUSH1 0x20 PUSH1 0x0 KECCAK256 SWAP1 JUMPDEST DUP2 SLOAD DUP2 MSTORE SWAP1 PUSH1 0x1 ADD SWAP1 PUSH1 0x20 ADD DUP1 DUP4 GT PUSH2 0xB53 JUMPI DUP3 SWAP1 SUB PUSH1 0x1F AND DUP3 ADD SWAP2 JUMPDEST POP POP POP POP POP DUP2 JUMP JUMPDEST PUSH2 0xB83 CALLER DUP4 DUP4 PUSH2 0xD2A JUMP JUMPDEST POP POP JUMP JUMPDEST PUSH1 0x0 DUP1 DUP5 SWAP1 POP PUSH2 0xB97 DUP6 DUP6 PUSH2 0x5D1 JUMP JUMPDEST ISZERO PUSH2 0xCFC JUMPI DUP1 PUSH20 0xFFFFFFFFFFFFFFFFFFFFFFFFFFFFFFFFFFFFFFFF AND PUSH4 0x8F4FFCB1 CALLER DUP7 ADDRESS DUP8 PUSH1 0x40 MLOAD DUP6 PUSH4 0xFFFFFFFF AND PUSH29 0x100000000000000000000000000000000000000000000000000000000 MUL DUP2 MSTORE PUSH1 0x4 ADD DUP1 DUP6 PUSH20 0xFFFFFFFFFFFFFFFFFFFFFFFFFFFFFFFFFFFFFFFF AND PUSH20 0xFFFFFFFFFFFFFFFFFFFFFFFFFFFFFFFFFFFFFFFF AND DUP2 MSTORE PUSH1 0x20 ADD DUP5 DUP2 MSTORE PUSH1 0x20 ADD DUP4 PUSH20 0xFFFFFFFFFFFFFFFFFFFFFFFFFFFFFFFFFFFFFFFF AND PUSH20 0xFFFFFFFFFFFFFFFFFFFFFFFFFFFFFFFFFFFFFFFF AND DUP2 MSTORE PUSH1 0x20 ADD DUP1 PUSH1 0x20 ADD DUP3 DUP2 SUB DUP3 MSTORE DUP4 DUP2 DUP2 MLOAD DUP2 MSTORE PUSH1 0x20 ADD SWAP2 POP DUP1 MLOAD SWAP1 PUSH1 0x20 ADD SWAP1 DUP1 DUP4 DUP4 PUSH1 0x0 JUMPDEST DUP4 DUP2 LT ISZERO PUSH2 0xC91 JUMPI DUP1 DUP3 ADD MLOAD DUP2 DUP5 ADD MSTORE PUSH1 0x20 DUP2 ADD SWAP1 POP PUSH2 0xC76 JUMP JUMPDEST POP POP POP POP SWAP1 POP SWAP1 DUP2 ADD SWAP1 PUSH1 0x1F AND DUP1 ISZERO PUSH2 0xCBE JUMPI DUP1 DUP3 SUB DUP1 MLOAD PUSH1 0x1 DUP4 PUSH1 0x20 SUB PUSH2 0x100 EXP SUB NOT AND DUP2 MSTORE PUSH1 0x20 ADD SWAP2 POP JUMPDEST POP SWAP6 POP POP POP POP POP POP PUSH1 0x0 PUSH1 0x40 MLOAD DUP1 DUP4 SUB DUP2 PUSH1 0x0 DUP8 DUP1 EXTCODESIZE ISZERO ISZERO PUSH2 0xCDF JUMPI PUSH1 0x0 DUP1 REVERT JUMPDEST PUSH2 0x2C6 GAS SUB CALL ISZERO ISZERO PUSH2 0xCF0 JUMPI PUSH1 0x0 DUP1 REVERT JUMPDEST POP POP POP PUSH1 0x1 SWAP2 POP PUSH2 0xCFD JUMP JUMPDEST JUMPDEST POP SWAP4 SWAP3 POP POP POP JUMP JUMPDEST PUSH1 0x5 PUSH1 0x20 MSTORE DUP2 PUSH1 0x0 MSTORE PUSH1 0x40 PUSH1 0x0 KECCAK256 PUSH1 0x20 MSTORE DUP1 PUSH1 0x0 MSTORE PUSH1 0x40 PUSH1 0x0 KECCAK256 PUSH1 0x0 SWAP2 POP SWAP2 POP POP SLOAD DUP2 JUMP JUMPDEST PUSH1 0x0 DUP1 DUP4 PUSH20 0xFFFFFFFFFFFFFFFFFFFFFFFFFFFFFFFFFFFFFFFF AND EQ ISZERO ISZERO ISZERO PUSH2 0xD51 JUMPI PUSH1 0x0 DUP1 REVERT JUMPDEST DUP2 PUSH1 0x4 PUSH1 0x0 DUP7 PUSH20 0xFFFFFFFFFFFFFFFFFFFFFFFFFFFFFFFFFFFFFFFF AND PUSH20 0xFFFFFFFFFFFFFFFFFFFFFFFFFFFFFFFFFFFFFFFF AND DUP2 MSTORE PUSH1 0x20 ADD SWAP1 DUP2 MSTORE PUSH1 0x20 ADD PUSH1 0x0 KECCAK256 SLOAD LT ISZERO ISZERO ISZERO PUSH2 0xD9F JUMPI PUSH1 0x0 DUP1 REVERT JUMPDEST PUSH1 0x4 PUSH1 0x0 DUP5 PUSH20 0xFFFFFFFFFFFFFFFFFFFFFFFFFFFFFFFFFFFFFFFF AND PUSH20 0xFFFFFFFFFFFFFFFFFFFFFFFFFFFFFFFFFFFFFFFF AND DUP2 MSTORE PUSH1 0x20 ADD SWAP1 DUP2 MSTORE PUSH1 0x20 ADD PUSH1 0x0 KECCAK256 SLOAD DUP3 PUSH1 0x4 PUSH1 0x0 DUP7 PUSH20 0xFFFFFFFFFFFFFFFFFFFFFFFFFFFFFFFFFFFFFFFF AND PUSH20 0xFFFFFFFFFFFFFFFFFFFFFFFFFFFFFFFFFFFFFFFF AND DUP2 MSTORE PUSH1 0x20 ADD SWAP1 DUP2 MSTORE PUSH1 0x20 ADD PUSH1 0x0 KECCAK256 SLOAD ADD GT ISZERO ISZERO PUSH2 0xE2D JUMPI PUSH1 0x0 DUP1 REVERT JUMPDEST PUSH1 0x4 PUSH1 0x0 DUP5 PUSH20 0xFFFFFFFFFFFFFFFFFFFFFFFFFFFFFFFFFFFFFFFF AND PUSH20 0xFFFFFFFFFFFFFFFFFFFFFFFFFFFFFFFFFFFFFFFF AND DUP2 MSTORE PUSH1 0x20 ADD SWAP1 DUP2 MSTORE PUSH1 0x20 ADD PUSH1 0x0 KECCAK256 SLOAD PUSH1 0x4 PUSH1 0x0 DUP7 PUSH20 0xFFFFFFFFFFFFFFFFFFFFFFFFFFFFFFFFFFFFFFFF AND PUSH20 0xFFFFFFFFFFFFFFFFFFFFFFFFFFFFFFFFFFFFFFFF AND DUP2 MSTORE PUSH1 0x20 ADD SWAP1 DUP2 MSTORE PUSH1 0x20 ADD PUSH1 0x0 KECCAK256 SLOAD ADD SWAP1 POP DUP2 PUSH1 0x4 PUSH1 0x0 DUP7 PUSH20 0xFFFFFFFFFFFFFFFFFFFFFFFFFFFFFFFFFFFFFFFF AND PUSH20 0xFFFFFFFFFFFFFFFFFFFFFFFFFFFFFFFFFFFFFFFF AND DUP2 MSTORE PUSH1 0x20 ADD SWAP1 DUP2 MSTORE PUSH1 0x20 ADD PUSH1 0x0 KECCAK256 PUSH1 0x0 DUP3 DUP3 SLOAD SUB SWAP3 POP POP DUP2 SWAP1 SSTORE POP DUP2 PUSH1 0x4 PUSH1 0x0 DUP6 PUSH20 0xFFFFFFFFFFFFFFFFFFFFFFFFFFFFFFFFFFFFFFFF AND PUSH20 0xFFFFFFFFFFFFFFFFFFFFFFFFFFFFFFFFFFFFFFFF AND DUP2 MSTORE PUSH1 0x20 ADD SWAP1 DUP2 MSTORE PUSH1 0x20 ADD PUSH1 0x0 KECCAK256 PUSH1 0x0 DUP3 DUP3 SLOAD ADD SWAP3 POP POP DUP2 SWAP1 SSTORE POP DUP3 PUSH20 0xFFFFFFFFFFFFFFFFFFFFFFFFFFFFFFFFFFFFFFFF AND DUP5 PUSH20 0xFFFFFFFFFFFFFFFFFFFFFFFFFFFFFFFFFFFFFFFF AND PUSH32 0xDDF252AD1BE2C89B69C2B068FC378DAA952BA7F163C4A11628F55A4DF523B3EF DUP5 PUSH1 0x40 MLOAD DUP1 DUP3 DUP2 MSTORE PUSH1 0x20 ADD SWAP2 POP POP PUSH1 0x40 MLOAD DUP1 SWAP2 SUB SWAP1 LOG3 DUP1 PUSH1 0x4 PUSH1 0x0 DUP6 PUSH20 0xFFFFFFFFFFFFFFFFFFFFFFFFFFFFFFFFFFFFFFFF AND PUSH20 0xFFFFFFFFFFFFFFFFFFFFFFFFFFFFFFFFFFFFFFFF AND DUP2 MSTORE PUSH1 0x20 ADD SWAP1 DUP2 MSTORE PUSH1 0x20 ADD PUSH1 0x0 KECCAK256 SLOAD PUSH1 0x4 PUSH1 0x0 DUP8 PUSH20 0xFFFFFFFFFFFFFFFFFFFFFFFFFFFFFFFFFFFFFFFF AND PUSH20 0xFFFFFFFFFFFFFFFFFFFFFFFFFFFFFFFFFFFFFFFF AND DUP2 MSTORE PUSH1 0x20 ADD SWAP1 DUP2 MSTORE PUSH1 0x20 ADD PUSH1 0x0 KECCAK256 SLOAD ADD EQ ISZERO ISZERO PUSH2 0x103A JUMPI INVALID JUMPDEST POP POP POP POP JUMP STOP LOG1 PUSH6 0x627A7A723058 KECCAK256 PUSH26 0xA08FD92A4879492C143011C5964A77852A0F32E6EDF6DEF8BFF8 PUSH18 0xC978555D0029000000000000000000000000
1,PUSH1 0x60 PUSH1 0x40 MSTORE CALLVALUE ISZERO PUSH2 0xF JUMPI PUSH1 0x0 DUP1 REVERT JUMPDEST CALLER PUSH1 0x3 PUSH1 0x0 PUSH2 0x100 EXP DUP2 SLOAD DUP2 PUSH20 0xFFFFFFFFFFFFFFFFFFFFFFFFFFFFFFFFFFFFFFFF MUL NOT AND SWAP1 DUP4 PUSH20 0xFFFFFFFFFFFFFFFFFFFFFFFFFFFFFFFFFFFFFFFF AND MUL OR SWAP1 SSTORE POP PUSH3 0xB71B00 PUSH1 0x0 DUP2 SWAP1 SSTORE POP PUSH1 0x0 SLOAD PUSH1 0x1 PUSH1 0x0 CALLER PUSH20 0xFFFFFFFFFFFFFFFFFFFFFFFFFFFFFFFFFFFFFFFF AND PUSH20 0xFFFFFFFFFFFFFFFFFFFFFFFFFFFFFFFFFFFFFFFF AND DUP2 MSTORE PUSH1 0x20 ADD SWAP1 DUP2 MSTORE PUSH1 0x20 ADD PUSH1 0x0 KECCAK256 DUP2 SWAP1 SSTORE POP PUSH2 0xCF6 DUP1 PUSH2 0xAF PUSH1 0x0 CODECOPY PUSH1 0x0 RETURN STOP PUSH1 0x60 PUSH1 0x40 MSTORE PUSH1 0x4 CALLDATASIZE LT PUSH2 0xAF JUMPI PUSH1 0x0 CALLDATALOAD PUSH29 0x100000000000000000000000000000000000000000000000000000000 SWAP1 DIV PUSH4 0xFFFFFFFF AND DUP1 PUSH4 0x6FDDE03 EQ PUSH2 0xB4 JUMPI DUP1 PUSH4 0x95EA7B3 EQ PUSH2 0x142 JUMPI DUP1 PUSH4 0x18160DDD EQ PUSH2 0x184 JUMPI DUP1 PUSH4 0x23B872DD EQ PUSH2 0x1AD JUMPI DUP1 PUSH4 0x313CE567 EQ PUSH2 0x20E JUMPI DUP1 PUSH4 0x70A08231 EQ PUSH2 0x237 JUMPI DUP1 PUSH4 0x8DA5CB5B EQ PUSH2 0x284 JUMPI DUP1 PUSH4 0x95D89B41 EQ PUSH2 0x2D9 JUMPI DUP1 PUSH4 0xA9059CBB EQ PUSH2 0x367 JUMPI DUP1 PUSH4 0xDD62ED3E EQ PUSH2 0x3A9 JUMPI DUP1 PUSH4 0xF2FDE38B EQ PUSH2 0x415 JUMPI JUMPDEST PUSH1 0x0 DUP1 REVERT JUMPDEST CALLVALUE ISZERO PUSH2 0xBF JUMPI PUSH1 0x0 DUP1 REVERT JUMPDEST PUSH2 0xC7 PUSH2 0x44E JUMP JUMPDEST PUSH1 0x40 MLOAD DUP1 DUP1 PUSH1 0x20 ADD DUP3 DUP2 SUB DUP3 MSTORE DUP4 DUP2 DUP2 MLOAD DUP2 MSTORE PUSH1 0x20 ADD SWAP2 POP DUP1 MLOAD SWAP1 PUSH1 0x20 ADD SWAP1 DUP1 DUP4 DUP4 PUSH1 0x0 JUMPDEST DUP4 DUP2 LT ISZERO PUSH2 0x107 JUMPI DUP1 DUP3 ADD MLOAD DUP2 DUP5 ADD MSTORE PUSH1 0x20 DUP2 ADD SWAP1 POP PUSH2 0xEC JUMP JUMPDEST POP POP POP POP SWAP1 POP SWAP1 DUP2 ADD SWAP1 PUSH1 0x1F AND DUP1 ISZERO PUSH2 0x134 JUMPI DUP1 DUP3 SUB DUP1 MLOAD PUSH1 0x1 DUP4 PUSH1 0x20 SUB PUSH2 0x100 EXP SUB NOT AND DUP2 MSTORE PUSH1 0x20 ADD SWAP2 POP JUMPDEST POP SWAP3 POP POP POP PUSH1 0x40 MLOAD DUP1 SWAP2 SUB SWAP1 RETURN JUMPDEST CALLVALUE ISZERO PUSH2 0x14D JUMPI PUSH1 0x0 DUP1 REVERT JUMPDEST PUSH2 0x182 PUSH1 0x4 DUP1 DUP1 CALLDATALOAD PUSH20 0xFFFFFFFFFFFFFFFFFFFFFFFFFFFFFFFFFFFFFFFF AND SWAP1 PUSH1 0x20 ADD SWAP1 SWAP2 SWAP1 DUP1 CALLDATALOAD SWAP1 PUSH1 0x20 ADD SWAP1 SWAP2 SWAP1 POP POP PUSH2 0x487 JUMP JUMPDEST STOP JUMPDEST CALLVALUE ISZERO PUSH2 0x18F JUMPI PUSH1 0x0 DUP1 REVERT JUMPDEST PUSH2 0x197 PUSH2 0x609 JUMP JUMPDEST PUSH1 0x40 MLOAD DUP1 DUP3 DUP2 MSTORE PUSH1 0x20 ADD SWAP2 POP POP PUSH1 0x40 MLOAD DUP1 SWAP2 SUB SWAP1 RETURN JUMPDEST CALLVALUE ISZERO PUSH2 0x1B8 JUMPI PUSH1 0x0 DUP1 REVERT JUMPDEST PUSH2 0x20C PUSH1 0x4 DUP1 DUP1 CALLDATALOAD PUSH20 0xFFFFFFFFFFFFFFFFFFFFFFFFFFFFFFFFFFFFFFFF AND SWAP1 PUSH1 0x20 ADD SWAP1 SWAP2 SWAP1 DUP1 CALLDATALOAD PUSH20 0xFFFFFFFFFFFFFFFFFFFFFFFFFFFFFFFFFFFFFFFF AND SWAP1 PUSH1 0x20 ADD SWAP1 SWAP2 SWAP1 DUP1 CALLDATALOAD SWAP1 PUSH1 0x20 ADD SWAP1 SWAP2 SWAP1 POP POP PUSH2 0x60F JUMP JUMPDEST STOP JUMPDEST CALLVALUE ISZERO PUSH2 0x219 JUMPI PUSH1 0x0 DUP1 REVERT JUMPDEST PUSH2 0x221 PUSH2 0x8CF JUMP JUMPDEST PUSH1 0x40 MLOAD DUP1 DUP3 DUP2 MSTORE PUSH1 0x20 ADD SWAP2 POP POP PUSH1 0x40 MLOAD DUP1 SWAP2 SUB SWAP1 RETURN JUMPDEST CALLVALUE ISZERO PUSH2 0x242 JUMPI PUSH1 0x0 DUP1 REVERT JUMPDEST PUSH2 0x26E PUSH1 0x4 DUP1 DUP1 CALLDATALOAD PUSH20 0xFFFFFFFFFFFFFFFFFFFFFFFFFFFFFFFFFFFFFFFF AND SWAP1 PUSH1 0x20 ADD SWAP1 SWAP2 SWAP1 POP POP PUSH2 0x8D4 JUMP JUMPDEST PUSH1 0x40 MLOAD DUP1 DUP3 DUP2 MSTORE PUSH1 0x20 ADD SWAP2 POP POP PUSH1 0x40 MLOAD DUP1 SWAP2 SUB SWAP1 RETURN JUMPDEST CALLVALUE ISZERO PUSH2 0x28F JUMPI PUSH1 0x0 DUP1 REVERT JUMPDEST PUSH2 0x297 PUSH2 0x91D JUMP JUMPDEST PUSH1 0x40 MLOAD DUP1 DUP3 PUSH20 0xFFFFFFFFFFFFFFFFFFFFFFFFFFFFFFFFFFFFFFFF AND PUSH20 0xFFFFFFFFFFFFFFFFFFFFFFFFFFFFFFFFFFFFFFFF AND DUP2 MSTORE PUSH1 0x20 ADD SWAP2 POP POP PUSH1 0x40 MLOAD DUP1 SWAP2 SUB SWAP1 RETURN JUMPDEST CALLVALUE ISZERO PUSH2 0x2E4 JUMPI PUSH1 0x0 DUP1 REVERT JUMPDEST PUSH2 0x2EC PUSH2 0x943 JUMP JUMPDEST PUSH1 0x40 MLOAD DUP1 DUP1 PUSH1 0x20 ADD DUP3 DUP2 SUB DUP3 MSTORE DUP4 DUP2 DUP2 MLOAD DUP2 MSTORE PUSH1 0x20 ADD SWAP2 POP DUP1 MLOAD SWAP1 PUSH1 0x20 ADD SWAP1 DUP1 DUP4 DUP4 PUSH1 0x0 JUMPDEST DUP4 DUP2 LT ISZERO PUSH2 0x32C JUMPI DUP1 DUP3 ADD MLOAD DUP2 DUP5 ADD MSTORE PUSH1 0x20 DUP2 ADD SWAP1 POP PUSH2 0x311 JUMP JUMPDEST POP POP POP POP SWAP1 POP SWAP1 DUP2 ADD SWAP1 PUSH1 0x1F AND DUP1 ISZERO PUSH2 0x359 JUMPI DUP1 DUP3 SUB DUP1 MLOAD PUSH1 0x1 DUP4 PUSH1 0x20 SUB PUSH2 0x100 EXP SUB NOT AND DUP2 MSTORE PUSH1 0x20 ADD SWAP2 POP JUMPDEST POP SWAP3 POP POP POP PUSH1 0x40 MLOAD DUP1 SWAP2 SUB SWAP1 RETURN JUMPDEST CALLVALUE ISZERO PUSH2 0x372 JUMPI PUSH1 0x0 DUP1 REVERT JUMPDEST PUSH2 0x3A7 PUSH1 0x4 DUP1 DUP1 CALLDATALOAD PUSH20 0xFFFFFFFFFFFFFFFFFFFFFFFFFFFFFFFFFFFFFFFF AND SWAP1 PUSH1 0x20 ADD SWAP1 SWAP2 SWAP1 DUP1 CALLDATALOAD SWAP1 PUSH1 0x20 ADD SWAP1 SWAP2 SWAP1 POP POP PUSH2 0x97C JUMP JUMPDEST STOP JUMPDEST CALLVALUE ISZERO PUSH2 0x3B4 JUMPI PUSH1 0x0 DUP1 REVERT JUMPDEST PUSH2 0x3FF PUSH1 0x4 DUP1 DUP1 CALLDATALOAD PUSH20 0xFFFFFFFFFFFFFFFFFFFFFFFFFFFFFFFFFFFFFFFF AND SWAP1 PUSH1 0x20 ADD SWAP1 SWAP2 SWAP1 DUP1 CALLDATALOAD PUSH20 0xFFFFFFFFFFFFFFFFFFFFFFFFFFFFFFFFFFFFFFFF AND SWAP1 PUSH1 0x20 ADD SWAP1 SWAP2 SWAP1 POP POP PUSH2 0xB26 JUMP JUMPDEST PUSH1 0x40 MLOAD DUP1 DUP3 DUP2 MSTORE PUSH1 0x20 ADD SWAP2 POP POP PUSH1 0x40 MLOAD DUP1 SWAP2 SUB SWAP1 RETURN JUMPDEST CALLVALUE ISZERO PUSH2 0x420 JUMPI PUSH1 0x0 DUP1 REVERT JUMPDEST PUSH2 0x44C PUSH1 0x4 DUP1 DUP1 CALLDATALOAD PUSH20 0xFFFFFFFFFFFFFFFFFFFFFFFFFFFFFFFFFFFFFFFF AND SWAP1 PUSH1 0x20 ADD SWAP1 SWAP2 SWAP1 POP POP PUSH2 0xBAD JUMP JUMPDEST STOP JUMPDEST PUSH1 0x40 DUP1 MLOAD SWAP1 DUP2 ADD PUSH1 0x40 MSTORE DUP1 PUSH1 0xA DUP2 MSTORE PUSH1 0x20 ADD PUSH32 0x416C66612D546F77657200000000000000000000000000000000000000000000 DUP2 MSTORE POP DUP2 JUMP JUMPDEST PUSH1 0x0 DUP2 EQ ISZERO DUP1 ISZERO PUSH2 0x515 JUMPI POP PUSH1 0x0 PUSH1 0x2 PUSH1 0x0 CALLER PUSH20 0xFFFFFFFFFFFFFFFFFFFFFFFFFFFFFFFFFFFFFFFF AND PUSH20 0xFFFFFFFFFFFFFFFFFFFFFFFFFFFFFFFFFFFFFFFF AND DUP2 MSTORE PUSH1 0x20 ADD SWAP1 DUP2 MSTORE PUSH1 0x20 ADD PUSH1 0x0 KECCAK256 PUSH1 0x0 DUP5 PUSH20 0xFFFFFFFFFFFFFFFFFFFFFFFFFFFFFFFFFFFFFFFF AND PUSH20 0xFFFFFFFFFFFFFFFFFFFFFFFFFFFFFFFFFFFFFFFF AND DUP2 MSTORE PUSH1 0x20 ADD SWAP1 DUP2 MSTORE PUSH1 0x20 ADD PUSH1 0x0 KECCAK256 SLOAD EQ ISZERO JUMPDEST ISZERO PUSH2 0x51F JUMPI PUSH1 0x0 DUP1 REVERT JUMPDEST DUP1 PUSH1 0x2 PUSH1 0x0 CALLER PUSH20 0xFFFFFFFFFFFFFFFFFFFFFFFFFFFFFFFFFFFFFFFF AND PUSH20 0xFFFFFFFFFFFFFFFFFFFFFFFFFFFFFFFFFFFFFFFF AND DUP2 MSTORE PUSH1 0x20 ADD SWAP1 DUP2 MSTORE PUSH1 0x20 ADD PUSH1 0x0 KECCAK256 PUSH1 0x0 DUP5 PUSH20 0xFFFFFFFFFFFFFFFFFFFFFFFFFFFFFFFFFFFFFFFF AND PUSH20 0xFFFFFFFFFFFFFFFFFFFFFFFFFFFFFFFFFFFFFFFF AND DUP2 MSTORE PUSH1 0x20 ADD SWAP1 DUP2 MSTORE PUSH1 0x20 ADD PUSH1 0x0 KECCAK256 DUP2 SWAP1 SSTORE POP DUP2 PUSH20 0xFFFFFFFFFFFFFFFFFFFFFFFFFFFFFFFFFFFFFFFF AND CALLER PUSH20 0xFFFFFFFFFFFFFFFFFFFFFFFFFFFFFFFFFFFFFFFF AND PUSH32 0x8C5BE1E5EBEC7D5BD14F71427D1E84F3DD0314C0F7B2291E5B200AC8C7C3B925 DUP4 PUSH1 0x40 MLOAD DUP1 DUP3 DUP2 MSTORE PUSH1 0x20 ADD SWAP2 POP POP PUSH1 0x40 MLOAD DUP1 SWAP2 SUB SWAP1 LOG3 POP POP JUMP JUMPDEST PUSH1 0x0 SLOAD DUP2 JUMP JUMPDEST PUSH1 0x0 PUSH1 0x60 PUSH1 0x4 DUP2 ADD PUSH1 0x0 CALLDATASIZE SWAP1 POP LT ISZERO PUSH2 0x627 JUMPI PUSH1 0x0 DUP1 REVERT JUMPDEST PUSH1 0x2 PUSH1 0x0 DUP7 PUSH20 0xFFFFFFFFFFFFFFFFFFFFFFFFFFFFFFFFFFFFFFFF AND PUSH20 0xFFFFFFFFFFFFFFFFFFFFFFFFFFFFFFFFFFFFFFFF AND DUP2 MSTORE PUSH1 0x20 ADD SWAP1 DUP2 MSTORE PUSH1 0x20 ADD PUSH1 0x0 KECCAK256 PUSH1 0x0 CALLER PUSH20 0xFFFFFFFFFFFFFFFFFFFFFFFFFFFFFFFFFFFFFFFF AND PUSH20 0xFFFFFFFFFFFFFFFFFFFFFFFFFFFFFFFFFFFFFFFF AND DUP2 MSTORE PUSH1 0x20 ADD SWAP1 DUP2 MSTORE PUSH1 0x20 ADD PUSH1 0x0 KECCAK256 SLOAD SWAP2 POP PUSH2 0x6F8 DUP4 PUSH1 0x1 PUSH1 0x0 DUP8 PUSH20 0xFFFFFFFFFFFFFFFFFFFFFFFFFFFFFFFFFFFFFFFF AND PUSH20 0xFFFFFFFFFFFFFFFFFFFFFFFFFFFFFFFFFFFFFFFF AND DUP2 MSTORE PUSH1 0x20 ADD SWAP1 DUP2 MSTORE PUSH1 0x20 ADD PUSH1 0x0 KECCAK256 SLOAD PUSH2 0xC84 SWAP1 SWAP2 SWAP1 PUSH4 0xFFFFFFFF AND JUMP JUMPDEST PUSH1 0x1 PUSH1 0x0 DUP7 PUSH20 0xFFFFFFFFFFFFFFFFFFFFFFFFFFFFFFFFFFFFFFFF AND PUSH20 0xFFFFFFFFFFFFFFFFFFFFFFFFFFFFFFFFFFFFFFFF AND DUP2 MSTORE PUSH1 0x20 ADD SWAP1 DUP2 MSTORE PUSH1 0x20 ADD PUSH1 0x0 KECCAK256 DUP2 SWAP1 SSTORE POP PUSH2 0x78D DUP4 PUSH1 0x1 PUSH1 0x0 DUP9 PUSH20 0xFFFFFFFFFFFFFFFFFFFFFFFFFFFFFFFFFFFFFFFF AND PUSH20 0xFFFFFFFFFFFFFFFFFFFFFFFFFFFFFFFFFFFFFFFF AND DUP2 MSTORE PUSH1 0x20 ADD SWAP1 DUP2 MSTORE PUSH1 0x20 ADD PUSH1 0x0 KECCAK256 SLOAD PUSH2 0xCA2 SWAP1 SWAP2 SWAP1 PUSH4 0xFFFFFFFF AND JUMP JUMPDEST PUSH1 0x1 PUSH1 0x0 DUP8 PUSH20 0xFFFFFFFFFFFFFFFFFFFFFFFFFFFFFFFFFFFFFFFF AND PUSH20 0xFFFFFFFFFFFFFFFFFFFFFFFFFFFFFFFFFFFFFFFF AND DUP2 MSTORE PUSH1 0x20 ADD SWAP1 DUP2 MSTORE PUSH1 0x20 ADD PUSH1 0x0 KECCAK256 DUP2 SWAP1 SSTORE POP PUSH2 0x7E3 DUP4 DUP4 PUSH2 0xCA2 SWAP1 SWAP2 SWAP1 PUSH4 0xFFFFFFFF AND JUMP JUMPDEST PUSH1 0x2 PUSH1 0x0 DUP8 PUSH20 0xFFFFFFFFFFFFFFFFFFFFFFFFFFFFFFFFFFFFFFFF AND PUSH20 0xFFFFFFFFFFFFFFFFFFFFFFFFFFFFFFFFFFFFFFFF AND DUP2 MSTORE PUSH1 0x20 ADD SWAP1 DUP2 MSTORE PUSH1 0x20 ADD PUSH1 0x0 KECCAK256 PUSH1 0x0 CALLER PUSH20 0xFFFFFFFFFFFFFFFFFFFFFFFFFFFFFFFFFFFFFFFF AND PUSH20 0xFFFFFFFFFFFFFFFFFFFFFFFFFFFFFFFFFFFFFFFF AND DUP2 MSTORE PUSH1 0x20 ADD SWAP1 DUP2 MSTORE PUSH1 0x20 ADD PUSH1 0x0 KECCAK256 DUP2 SWAP1 SSTORE POP DUP4 PUSH20 0xFFFFFFFFFFFFFFFFFFFFFFFFFFFFFFFFFFFFFFFF AND DUP6 PUSH20 0xFFFFFFFFFFFFFFFFFFFFFFFFFFFFFFFFFFFFFFFF AND PUSH32 0xDDF252AD1BE2C89B69C2B068FC378DAA952BA7F163C4A11628F55A4DF523B3EF DUP6 PUSH1 0x40 MLOAD DUP1 DUP3 DUP2 MSTORE PUSH1 0x20 ADD SWAP2 POP POP PUSH1 0x40 MLOAD DUP1 SWAP2 SUB SWAP1 LOG3 POP POP POP POP POP JUMP JUMPDEST PUSH1 0x0 DUP2 JUMP JUMPDEST PUSH1 0x0 PUSH1 0x1 PUSH1 0x0 DUP4 PUSH20 0xFFFFFFFFFFFFFFFFFFFFFFFFFFFFFFFFFFFFFFFF AND PUSH20 0xFFFFFFFFFFFFFFFFFFFFFFFFFFFFFFFFFFFFFFFF AND DUP2 MSTORE PUSH1 0x20 ADD SWAP1 DUP2 MSTORE PUSH1 0x20 ADD PUSH1 0x0 KECCAK256 SLOAD SWAP1 POP SWAP2 SWAP1 POP JUMP JUMPDEST PUSH1 0x3 PUSH1 0x0 SWAP1 SLOAD SWAP1 PUSH2 0x100 EXP SWAP1 DIV PUSH20 0xFFFFFFFFFFFFFFFFFFFFFFFFFFFFFFFFFFFFFFFF AND DUP2 JUMP JUMPDEST PUSH1 0x40 DUP1 MLOAD SWAP1 DUP2 ADD PUSH1 0x40 MSTORE DUP1 PUSH1 0xA DUP2 MSTORE PUSH1 0x20 ADD PUSH32 0x416C66612D546F77657200000000000000000000000000000000000000000000 DUP2 MSTORE POP DUP2 JUMP JUMPDEST PUSH1 0x40 PUSH1 0x4 DUP2 ADD PUSH1 0x0 CALLDATASIZE SWAP1 POP LT ISZERO PUSH2 0x992 JUMPI PUSH1 0x0 DUP1 REVERT JUMPDEST PUSH2 0x9E4 DUP3 PUSH1 0x1 PUSH1 0x0 CALLER PUSH20 0xFFFFFFFFFFFFFFFFFFFFFFFFFFFFFFFFFFFFFFFF AND PUSH20 0xFFFFFFFFFFFFFFFFFFFFFFFFFFFFFFFFFFFFFFFF AND DUP2 MSTORE PUSH1 0x20 ADD SWAP1 DUP2 MSTORE PUSH1 0x20 ADD PUSH1 0x0 KECCAK256 SLOAD PUSH2 0xCA2 SWAP1 SWAP2 SWAP1 PUSH4 0xFFFFFFFF AND JUMP JUMPDEST PUSH1 0x1 PUSH1 0x0 CALLER PUSH20 0xFFFFFFFFFFFFFFFFFFFFFFFFFFFFFFFFFFFFFFFF AND PUSH20 0xFFFFFFFFFFFFFFFFFFFFFFFFFFFFFFFFFFFFFFFF AND DUP2 MSTORE PUSH1 0x20 ADD SWAP1 DUP2 MSTORE PUSH1 0x20 ADD PUSH1 0x0 KECCAK256 DUP2 SWAP1 SSTORE POP PUSH2 0xA79 DUP3 PUSH1 0x1 PUSH1 0x0 DUP7 PUSH20 0xFFFFFFFFFFFFFFFFFFFFFFFFFFFFFFFFFFFFFFFF AND PUSH20 0xFFFFFFFFFFFFFFFFFFFFFFFFFFFFFFFFFFFFFFFF AND DUP2 MSTORE PUSH1 0x20 ADD SWAP1 DUP2 MSTORE PUSH1 0x20 ADD PUSH1 0x0 KECCAK256 SLOAD PUSH2 0xC84 SWAP1 SWAP2 SWAP1 PUSH4 0xFFFFFFFF AND JUMP JUMPDEST PUSH1 0x1 PUSH1 0x0 DUP6 PUSH20 0xFFFFFFFFFFFFFFFFFFFFFFFFFFFFFFFFFFFFFFFF AND PUSH20 0xFFFFFFFFFFFFFFFFFFFFFFFFFFFFFFFFFFFFFFFF AND DUP2 MSTORE PUSH1 0x20 ADD SWAP1 DUP2 MSTORE PUSH1 0x20 ADD PUSH1 0x0 KECCAK256 DUP2 SWAP1 SSTORE POP DUP3 PUSH20 0xFFFFFFFFFFFFFFFFFFFFFFFFFFFFFFFFFFFFFFFF AND CALLER PUSH20 0xFFFFFFFFFFFFFFFFFFFFFFFFFFFFFFFFFFFFFFFF AND PUSH32 0xDDF252AD1BE2C89B69C2B068FC378DAA952BA7F163C4A11628F55A4DF523B3EF DUP5 PUSH1 0x40 MLOAD DUP1 DUP3 DUP2 MSTORE PUSH1 0x20 ADD SWAP2 POP POP PUSH1 0x40 MLOAD DUP1 SWAP2 SUB SWAP1 LOG3 POP POP POP JUMP JUMPDEST PUSH1 0x0 PUSH1 0x2 PUSH1 0x0 DUP5 PUSH20 0xFFFFFFFFFFFFFFFFFFFFFFFFFFFFFFFFFFFFFFFF AND PUSH20 0xFFFFFFFFFFFFFFFFFFFFFFFFFFFFFFFFFFFFFFFF AND DUP2 MSTORE PUSH1 0x20 ADD SWAP1 DUP2 MSTORE PUSH1 0x20 ADD PUSH1 0x0 KECCAK256 PUSH1 0x0 DUP4 PUSH20 0xFFFFFFFFFFFFFFFFFFFFFFFFFFFFFFFFFFFFFFFF AND PUSH20 0xFFFFFFFFFFFFFFFFFFFFFFFFFFFFFFFFFFFFFFFF AND DUP2 MSTORE PUSH1 0x20 ADD SWAP1 DUP2 MSTORE PUSH1 0x20 ADD PUSH1 0x0 KECCAK256 SLOAD SWAP1 POP SWAP3 SWAP2 POP POP JUMP JUMPDEST PUSH1 0x3 PUSH1 0x0 SWAP1 SLOAD SWAP1 PUSH2 0x100 EXP SWAP1 DIV PUSH20 0xFFFFFFFFFFFFFFFFFFFFFFFFFFFFFFFFFFFFFFFF AND PUSH20 0xFFFFFFFFFFFFFFFFFFFFFFFFFFFFFFFFFFFFFFFF AND CALLER PUSH20 0xFFFFFFFFFFFFFFFFFFFFFFFFFFFFFFFFFFFFFFFF AND EQ ISZERO ISZERO PUSH2 0xC09 JUMPI PUSH1 0x0 DUP1 REVERT JUMPDEST PUSH1 0x0 PUSH20 0xFFFFFFFFFFFFFFFFFFFFFFFFFFFFFFFFFFFFFFFF AND DUP2 PUSH20 0xFFFFFFFFFFFFFFFFFFFFFFFFFFFFFFFFFFFFFFFF AND EQ ISZERO ISZERO PUSH2 0xC81 JUMPI DUP1 PUSH1 0x3 PUSH1 0x0 PUSH2 0x100 EXP DUP2 SLOAD DUP2 PUSH20 0xFFFFFFFFFFFFFFFFFFFFFFFFFFFFFFFFFFFFFFFF MUL NOT AND SWAP1 DUP4 PUSH20 0xFFFFFFFFFFFFFFFFFFFFFFFFFFFFFFFFFFFFFFFF AND MUL OR SWAP1 SSTORE POP JUMPDEST POP JUMP JUMPDEST PUSH1 0x0 DUP1 DUP3 DUP5 ADD SWAP1 POP PUSH2 0xC98 DUP5 DUP3 LT ISZERO PUSH2 0xCBB JUMP JUMPDEST DUP1 SWAP2 POP POP SWAP3 SWAP2 POP POP JUMP JUMPDEST PUSH1 0x0 PUSH2 0xCB0 DUP4 DUP4 GT ISZERO PUSH2 0xCBB JUMP JUMPDEST DUP2 DUP4 SUB SWAP1 POP SWAP3 SWAP2 POP POP JUMP JUMPDEST DUP1 ISZERO ISZERO PUSH2 0xCC7 JUMPI PUSH1 0x0 DUP1 REVERT JUMPDEST POP JUMP STOP LOG1 PUSH6 0x627A7A723058 KECCAK256 0xb2 0xc0 JUMPI PUSH21 0xED29AD1B81A42B9DAA12EEFD4EFEAD1AB2C65D84D7 EXTCODECOPY DUP15 COINBASE 0xbc MULMOD 0xd8 SGT STOP 0x29
1,PUSH1 0x60 PUSH1 0x40 MSTORE PUSH1 0x40 DUP1 MLOAD SWAP1 DUP2 ADD PUSH1 0x40 MSTORE DUP1 PUSH1 0x7 DUP2 MSTORE PUSH1 0x20 ADD PUSH32 0x594C4348494E4100000000000000000000000000000000000000000000000000 DUP2 MSTORE POP PUSH1 0x1 SWAP1 DUP1 MLOAD SWAP1 PUSH1 0x20 ADD SWAP1 PUSH3 0x51 SWAP3 SWAP2 SWAP1 PUSH3 0x1D8 JUMP JUMPDEST POP PUSH1 0x40 DUP1 MLOAD SWAP1 DUP2 ADD PUSH1 0x40 MSTORE DUP1 PUSH1 0x4 DUP2 MSTORE PUSH1 0x20 ADD PUSH32 0x44594C4300000000000000000000000000000000000000000000000000000000 DUP2 MSTORE POP PUSH1 0x2 SWAP1 DUP1 MLOAD SWAP1 PUSH1 0x20 ADD SWAP1 PUSH3 0x9F SWAP3 SWAP2 SWAP1 PUSH3 0x1D8 JUMP JUMPDEST POP PUSH1 0x12 PUSH1 0x3 PUSH1 0x0 PUSH2 0x100 EXP DUP2 SLOAD DUP2 PUSH1 0xFF MUL NOT AND SWAP1 DUP4 PUSH1 0xFF AND MUL OR SWAP1 SSTORE POP PUSH12 0x1027E72F1F12813088000000 PUSH1 0x4 SSTORE PUSH1 0x0 PUSH1 0x5 SSTORE PUSH4 0x5ABDE778 PUSH1 0x6 SSTORE PUSH4 0x5AD2FF78 PUSH1 0x7 SSTORE PUSH4 0x5AE6C5F8 PUSH1 0x8 SSTORE PUSH4 0x5AFA8C78 PUSH1 0x9 SSTORE PUSH4 0x5B0E52F8 PUSH1 0xA SSTORE PUSH4 0x5B236AF8 PUSH1 0xB SSTORE CALLVALUE ISZERO PUSH3 0x10D JUMPI PUSH1 0x0 DUP1 REVERT JUMPDEST PUSH20 0xA9802C071DD0D9FC470A06A487A2DB3D938A7B02 PUSH1 0x0 DUP1 PUSH2 0x100 EXP DUP2 SLOAD DUP2 PUSH20 0xFFFFFFFFFFFFFFFFFFFFFFFFFFFFFFFFFFFFFFFF MUL NOT AND SWAP1 DUP4 PUSH20 0xFFFFFFFFFFFFFFFFFFFFFFFFFFFFFFFFFFFFFFFF AND MUL OR SWAP1 SSTORE POP PUSH12 0xE60F42760C63AA8A2000000 PUSH1 0xC PUSH1 0x0 DUP1 PUSH1 0x0 SWAP1 SLOAD SWAP1 PUSH2 0x100 EXP SWAP1 DIV PUSH20 0xFFFFFFFFFFFFFFFFFFFFFFFFFFFFFFFFFFFFFFFF AND PUSH20 0xFFFFFFFFFFFFFFFFFFFFFFFFFFFFFFFFFFFFFFFF AND PUSH20 0xFFFFFFFFFFFFFFFFFFFFFFFFFFFFFFFFFFFFFFFF AND DUP2 MSTORE PUSH1 0x20 ADD SWAP1 DUP2 MSTORE PUSH1 0x20 ADD PUSH1 0x0 KECCAK256 DUP2 SWAP1 SSTORE POP PUSH3 0x287 JUMP JUMPDEST DUP3 DUP1 SLOAD PUSH1 0x1 DUP2 PUSH1 0x1 AND ISZERO PUSH2 0x100 MUL SUB AND PUSH1 0x2 SWAP1 DIV SWAP1 PUSH1 0x0 MSTORE PUSH1 0x20 PUSH1 0x0 KECCAK256 SWAP1 PUSH1 0x1F ADD PUSH1 0x20 SWAP1 DIV DUP2 ADD SWAP3 DUP3 PUSH1 0x1F LT PUSH3 0x21B JUMPI DUP1 MLOAD PUSH1 0xFF NOT AND DUP4 DUP1 ADD OR DUP6 SSTORE PUSH3 0x24C JUMP JUMPDEST DUP3 DUP1 ADD PUSH1 0x1 ADD DUP6 SSTORE DUP3 ISZERO PUSH3 0x24C JUMPI SWAP2 DUP3 ADD JUMPDEST DUP3 DUP2 GT ISZERO PUSH3 0x24B JUMPI DUP3 MLOAD DUP3 SSTORE SWAP2 PUSH1 0x20 ADD SWAP2 SWAP1 PUSH1 0x1 ADD SWAP1 PUSH3 0x22E JUMP JUMPDEST JUMPDEST POP SWAP1 POP PUSH3 0x25B SWAP2 SWAP1 PUSH3 0x25F JUMP JUMPDEST POP SWAP1 JUMP JUMPDEST PUSH3 0x284 SWAP2 SWAP1 JUMPDEST DUP1 DUP3 GT ISZERO PUSH3 0x280 JUMPI PUSH1 0x0 DUP2 PUSH1 0x0 SWAP1 SSTORE POP PUSH1 0x1 ADD PUSH3 0x266 JUMP JUMPDEST POP SWAP1 JUMP JUMPDEST SWAP1 JUMP JUMPDEST PUSH2 0x1B83 DUP1 PUSH3 0x297 PUSH1 0x0 CODECOPY PUSH1 0x0 RETURN STOP PUSH1 0x60 PUSH1 0x40 MSTORE PUSH1 0x4 CALLDATASIZE LT PUSH2 0x1AC JUMPI PUSH1 0x0 CALLDATALOAD PUSH29 0x100000000000000000000000000000000000000000000000000000000 SWAP1 DIV PUSH4 0xFFFFFFFF AND DUP1 PUSH4 0x142C9AE EQ PUSH2 0x1B7 JUMPI DUP1 PUSH4 0x596334F EQ PUSH2 0x1E4 JUMPI DUP1 PUSH4 0x6FDDE03 EQ PUSH2 0x213 JUMPI DUP1 PUSH4 0x95EA7B3 EQ PUSH2 0x2A1 JUMPI DUP1 PUSH4 0x133F6AC0 EQ PUSH2 0x2FB JUMPI DUP1 PUSH4 0x18160DDD EQ PUSH2 0x324 JUMPI DUP1 PUSH4 0x23B872DD EQ PUSH2 0x34D JUMPI DUP1 PUSH4 0x313CE567 EQ PUSH2 0x3C6 JUMPI DUP1 PUSH4 0x3197CBB6 EQ PUSH2 0x3F5 JUMPI DUP1 PUSH4 0x41D76A9C EQ PUSH2 0x41E JUMPI DUP1 PUSH4 0x42966C68 EQ PUSH2 0x447 JUMPI DUP1 PUSH4 0x499CAF09 EQ PUSH2 0x482 JUMPI DUP1 PUSH4 0x57ADC83A EQ PUSH2 0x4AB JUMPI DUP1 PUSH4 0x602FBD79 EQ PUSH2 0x4D4 JUMPI DUP1 PUSH4 0x65676C9E EQ PUSH2 0x4E9 JUMPI DUP1 PUSH4 0x6A7C09A0 EQ PUSH2 0x512 JUMPI DUP1 PUSH4 0x70A08231 EQ PUSH2 0x541 JUMPI DUP1 PUSH4 0x738C2931 EQ PUSH2 0x58E JUMPI DUP1 PUSH4 0x771282F6 EQ PUSH2 0x5BD JUMPI DUP1 PUSH4 0x79CC6790 EQ PUSH2 0x5E6 JUMPI DUP1 PUSH4 0x81F1A41B EQ PUSH2 0x640 JUMPI DUP1 PUSH4 0x8A063D91 EQ PUSH2 0x669 JUMPI DUP1 PUSH4 0x8B2E92CE EQ PUSH2 0x698 JUMPI DUP1 PUSH4 0x8DA5CB5B EQ PUSH2 0x6C7 JUMPI DUP1 PUSH4 0x95D89B41 EQ PUSH2 0x71C JUMPI DUP1 PUSH4 0xA9059CBB EQ PUSH2 0x7AA JUMPI DUP1 PUSH4 0xC9FF34EC EQ PUSH2 0x7EC JUMPI DUP1 PUSH4 0xCA621AC3 EQ PUSH2 0x815 JUMPI DUP1 PUSH4 0xCAE9CA51 EQ PUSH2 0x83E JUMPI DUP1 PUSH4 0xDD62ED3E EQ PUSH2 0x8DB JUMPI DUP1 PUSH4 0xE00AC9A3 EQ PUSH2 0x947 JUMPI DUP1 PUSH4 0xEC8AC4D8 EQ PUSH2 0x970 JUMPI DUP1 PUSH4 0xECB70FB7 EQ PUSH2 0x99E JUMPI DUP1 PUSH4 0xF2FDE38B EQ PUSH2 0x9CB JUMPI JUMPDEST PUSH2 0x1B5 CALLER PUSH2 0xA04 JUMP JUMPDEST STOP JUMPDEST CALLVALUE ISZERO PUSH2 0x1C2 JUMPI PUSH1 0x0 DUP1 REVERT JUMPDEST PUSH2 0x1CA PUSH2 0xAF8 JUMP JUMPDEST PUSH1 0x40 MLOAD DUP1 DUP3 ISZERO ISZERO ISZERO ISZERO DUP2 MSTORE PUSH1 0x20 ADD SWAP2 POP POP PUSH1 0x40 MLOAD DUP1 SWAP2 SUB SWAP1 RETURN JUMPDEST CALLVALUE ISZERO PUSH2 0x1EF JUMPI PUSH1 0x0 DUP1 REVERT JUMPDEST PUSH2 0x1F7 PUSH2 0xB11 JUMP JUMPDEST PUSH1 0x40 MLOAD DUP1 DUP3 PUSH1 0xFF AND PUSH1 0xFF AND DUP2 MSTORE PUSH1 0x20 ADD SWAP2 POP POP PUSH1 0x40 MLOAD DUP1 SWAP2 SUB SWAP1 RETURN JUMPDEST CALLVALUE ISZERO PUSH2 0x21E JUMPI PUSH1 0x0 DUP1 REVERT JUMPDEST PUSH2 0x226 PUSH2 0xB16 JUMP JUMPDEST PUSH1 0x40 MLOAD DUP1 DUP1 PUSH1 0x20 ADD DUP3 DUP2 SUB DUP3 MSTORE DUP4 DUP2 DUP2 MLOAD DUP2 MSTORE PUSH1 0x20 ADD SWAP2 POP DUP1 MLOAD SWAP1 PUSH1 0x20 ADD SWAP1 DUP1 DUP4 DUP4 PUSH1 0x0 JUMPDEST DUP4 DUP2 LT ISZERO PUSH2 0x266 JUMPI DUP1 DUP3 ADD MLOAD DUP2 DUP5 ADD MSTORE PUSH1 0x20 DUP2 ADD SWAP1 POP PUSH2 0x24B JUMP JUMPDEST POP POP POP POP SWAP1 POP SWAP1 DUP2 ADD SWAP1 PUSH1 0x1F AND DUP1 ISZERO PUSH2 0x293 JUMPI DUP1 DUP3 SUB DUP1 MLOAD PUSH1 0x1 DUP4 PUSH1 0x20 SUB PUSH2 0x100 EXP SUB NOT AND DUP2 MSTORE PUSH1 0x20 ADD SWAP2 POP JUMPDEST POP SWAP3 POP POP POP PUSH1 0x40 MLOAD DUP1 SWAP2 SUB SWAP1 RETURN JUMPDEST CALLVALUE ISZERO PUSH2 0x2AC JUMPI PUSH1 0x0 DUP1 REVERT JUMPDEST PUSH2 0x2E1 PUSH1 0x4 DUP1 DUP1 CALLDATALOAD PUSH20 0xFFFFFFFFFFFFFFFFFFFFFFFFFFFFFFFFFFFFFFFF AND SWAP1 PUSH1 0x20 ADD SWAP1 SWAP2 SWAP1 DUP1 CALLDATALOAD SWAP1 PUSH1 0x20 ADD SWAP1 SWAP2 SWAP1 POP POP PUSH2 0xBB4 JUMP JUMPDEST PUSH1 0x40 MLOAD DUP1 DUP3 ISZERO ISZERO ISZERO ISZERO DUP2 MSTORE PUSH1 0x20 ADD SWAP2 POP POP PUSH1 0x40 MLOAD DUP1 SWAP2 SUB SWAP1 RETURN JUMPDEST CALLVALUE ISZERO PUSH2 0x306 JUMPI PUSH1 0x0 DUP1 REVERT JUMPDEST PUSH2 0x30E PUSH2 0xC41 JUMP JUMPDEST PUSH1 0x40 MLOAD DUP1 DUP3 DUP2 MSTORE PUSH1 0x20 ADD SWAP2 POP POP PUSH1 0x40 MLOAD DUP1 SWAP2 SUB SWAP1 RETURN JUMPDEST CALLVALUE ISZERO PUSH2 0x32F JUMPI PUSH1 0x0 DUP1 REVERT JUMPDEST PUSH2 0x337 PUSH2 0xC48 JUMP JUMPDEST PUSH1 0x40 MLOAD DUP1 DUP3 DUP2 MSTORE PUSH1 0x20 ADD SWAP2 POP POP PUSH1 0x40 MLOAD DUP1 SWAP2 SUB SWAP1 RETURN JUMPDEST CALLVALUE ISZERO PUSH2 0x358 JUMPI PUSH1 0x0 DUP1 REVERT JUMPDEST PUSH2 0x3AC PUSH1 0x4 DUP1 DUP1 CALLDATALOAD PUSH20 0xFFFFFFFFFFFFFFFFFFFFFFFFFFFFFFFFFFFFFFFF AND SWAP1 PUSH1 0x20 ADD SWAP1 SWAP2 SWAP1 DUP1 CALLDATALOAD PUSH20 0xFFFFFFFFFFFFFFFFFFFFFFFFFFFFFFFFFFFFFFFF AND SWAP1 PUSH1 0x20 ADD SWAP1 SWAP2 SWAP1 DUP1 CALLDATALOAD SWAP1 PUSH1 0x20 ADD SWAP1 SWAP2 SWAP1 POP POP PUSH2 0xC4E JUMP JUMPDEST PUSH1 0x40 MLOAD DUP1 DUP3 ISZERO ISZERO ISZERO ISZERO DUP2 MSTORE PUSH1 0x20 ADD SWAP2 POP POP PUSH1 0x40 MLOAD DUP1 SWAP2 SUB SWAP1 RETURN JUMPDEST CALLVALUE ISZERO PUSH2 0x3D1 JUMPI PUSH1 0x0 DUP1 REVERT JUMPDEST PUSH2 0x3D9 PUSH2 0xD7B JUMP JUMPDEST PUSH1 0x40 MLOAD DUP1 DUP3 PUSH1 0xFF AND PUSH1 0xFF AND DUP2 MSTORE PUSH1 0x20 ADD SWAP2 POP POP PUSH1 0x40 MLOAD DUP1 SWAP2 SUB SWAP1 RETURN JUMPDEST CALLVALUE ISZERO PUSH2 0x400 JUMPI PUSH1 0x0 DUP1 REVERT JUMPDEST PUSH2 0x408 PUSH2 0xD8E JUMP JUMPDEST PUSH1 0x40 MLOAD DUP1 DUP3 DUP2 MSTORE PUSH1 0x20 ADD SWAP2 POP POP PUSH1 0x40 MLOAD DUP1 SWAP2 SUB SWAP1 RETURN JUMPDEST CALLVALUE ISZERO PUSH2 0x429 JUMPI PUSH1 0x0 DUP1 REVERT JUMPDEST PUSH2 0x431 PUSH2 0xD94 JUMP JUMPDEST PUSH1 0x40 MLOAD DUP1 DUP3 DUP2 MSTORE PUSH1 0x20 ADD SWAP2 POP POP PUSH1 0x40 MLOAD DUP1 SWAP2 SUB SWAP1 RETURN JUMPDEST CALLVALUE ISZERO PUSH2 0x452 JUMPI PUSH1 0x0 DUP1 REVERT JUMPDEST PUSH2 0x468 PUSH1 0x4 DUP1 DUP1 CALLDATALOAD SWAP1 PUSH1 0x20 ADD SWAP1 SWAP2 SWAP1 POP POP PUSH2 0xD9A JUMP JUMPDEST PUSH1 0x40 MLOAD DUP1 DUP3 ISZERO ISZERO ISZERO ISZERO DUP2 MSTORE PUSH1 0x20 ADD SWAP2 POP POP PUSH1 0x40 MLOAD DUP1 SWAP2 SUB SWAP1 RETURN JUMPDEST CALLVALUE ISZERO PUSH2 0x48D JUMPI PUSH1 0x0 DUP1 REVERT JUMPDEST PUSH2 0x495 PUSH2 0xE9E JUMP JUMPDEST PUSH1 0x40 MLOAD DUP1 DUP3 DUP2 MSTORE PUSH1 0x20 ADD SWAP2 POP POP PUSH1 0x40 MLOAD DUP1 SWAP2 SUB SWAP1 RETURN JUMPDEST CALLVALUE ISZERO PUSH2 0x4B6 JUMPI PUSH1 0x0 DUP1 REVERT JUMPDEST PUSH2 0x4BE PUSH2 0xEA4 JUMP JUMPDEST PUSH1 0x40 MLOAD DUP1 DUP3 DUP2 MSTORE PUSH1 0x20 ADD SWAP2 POP POP PUSH1 0x40 MLOAD DUP1 SWAP2 SUB SWAP1 RETURN JUMPDEST CALLVALUE ISZERO PUSH2 0x4DF JUMPI PUSH1 0x0 DUP1 REVERT JUMPDEST PUSH2 0x4E7 PUSH2 0xEAA JUMP JUMPDEST STOP JUMPDEST CALLVALUE ISZERO PUSH2 0x4F4 JUMPI PUSH1 0x0 DUP1 REVERT JUMPDEST PUSH2 0x4FC PUSH2 0x1015 JUMP JUMPDEST PUSH1 0x40 MLOAD DUP1 DUP3 DUP2 MSTORE PUSH1 0x20 ADD SWAP2 POP POP PUSH1 0x40 MLOAD DUP1 SWAP2 SUB SWAP1 RETURN JUMPDEST CALLVALUE ISZERO PUSH2 0x51D JUMPI PUSH1 0x0 DUP1 REVERT JUMPDEST PUSH2 0x525 PUSH2 0x101B JUMP JUMPDEST PUSH1 0x40 MLOAD DUP1 DUP3 PUSH1 0xFF AND PUSH1 0xFF AND DUP2 MSTORE PUSH1 0x20 ADD SWAP2 POP POP PUSH1 0x40 MLOAD DUP1 SWAP2 SUB SWAP1 RETURN JUMPDEST CALLVALUE ISZERO PUSH2 0x54C JUMPI PUSH1 0x0 DUP1 REVERT JUMPDEST PUSH2 0x578 PUSH1 0x4 DUP1 DUP1 CALLDATALOAD PUSH20 0xFFFFFFFFFFFFFFFFFFFFFFFFFFFFFFFFFFFFFFFF AND SWAP1 PUSH1 0x20 ADD SWAP1 SWAP2 SWAP1 POP POP PUSH2 0x1020 JUMP JUMPDEST PUSH1 0x40 MLOAD DUP1 DUP3 DUP2 MSTORE PUSH1 0x20 ADD SWAP2 POP POP PUSH1 0x40 MLOAD DUP1 SWAP2 SUB SWAP1 RETURN JUMPDEST CALLVALUE ISZERO PUSH2 0x599 JUMPI PUSH1 0x0 DUP1 REVERT JUMPDEST PUSH2 0x5A1 PUSH2 0x1038 JUMP JUMPDEST PUSH1 0x40 MLOAD DUP1 DUP3 PUSH1 0xFF AND PUSH1 0xFF AND DUP2 MSTORE PUSH1 0x20 ADD SWAP2 POP POP PUSH1 0x40 MLOAD DUP1 SWAP2 SUB SWAP1 RETURN JUMPDEST CALLVALUE ISZERO PUSH2 0x5C8 JUMPI PUSH1 0x0 DUP1 REVERT JUMPDEST PUSH2 0x5D0 PUSH2 0x103D JUMP JUMPDEST PUSH1 0x40 MLOAD DUP1 DUP3 DUP2 MSTORE PUSH1 0x20 ADD SWAP2 POP POP PUSH1 0x40 MLOAD DUP1 SWAP2 SUB SWAP1 RETURN JUMPDEST CALLVALUE ISZERO PUSH2 0x5F1 JUMPI PUSH1 0x0 DUP1 REVERT JUMPDEST PUSH2 0x626 PUSH1 0x4 DUP1 DUP1 CALLDATALOAD PUSH20 0xFFFFFFFFFFFFFFFFFFFFFFFFFFFFFFFFFFFFFFFF AND SWAP1 PUSH1 0x20 ADD SWAP1 SWAP2 SWAP1 DUP1 CALLDATALOAD SWAP1 PUSH1 0x20 ADD SWAP1 SWAP2 SWAP1 POP POP PUSH2 0x1043 JUMP JUMPDEST PUSH1 0x40 MLOAD DUP1 DUP3 ISZERO ISZERO ISZERO ISZERO DUP2 MSTORE PUSH1 0x20 ADD SWAP2 POP POP PUSH1 0x40 MLOAD DUP1 SWAP2 SUB SWAP1 RETURN JUMPDEST CALLVALUE ISZERO PUSH2 0x64B JUMPI PUSH1 0x0 DUP1 REVERT JUMPDEST PUSH2 0x653 PUSH2 0x125D JUMP JUMPDEST PUSH1 0x40 MLOAD DUP1 DUP3 DUP2 MSTORE PUSH1 0x20 ADD SWAP2 POP POP PUSH1 0x40 MLOAD DUP1 SWAP2 SUB SWAP1 RETURN JUMPDEST CALLVALUE ISZERO PUSH2 0x674 JUMPI PUSH1 0x0 DUP1 REVERT JUMPDEST PUSH2 0x67C PUSH2 0x126D JUMP JUMPDEST PUSH1 0x40 MLOAD DUP1 DUP3 PUSH1 0xFF AND PUSH1 0xFF AND DUP2 MSTORE PUSH1 0x20 ADD SWAP2 POP POP PUSH1 0x40 MLOAD DUP1 SWAP2 SUB SWAP1 RETURN JUMPDEST CALLVALUE ISZERO PUSH2 0x6A3 JUMPI PUSH1 0x0 DUP1 REVERT JUMPDEST PUSH2 0x6AB PUSH2 0x1272 JUMP JUMPDEST PUSH1 0x40 MLOAD DUP1 DUP3 PUSH1 0xFF AND PUSH1 0xFF AND DUP2 MSTORE PUSH1 0x20 ADD SWAP2 POP POP PUSH1 0x40 MLOAD DUP1 SWAP2 SUB SWAP1 RETURN JUMPDEST CALLVALUE ISZERO PUSH2 0x6D2 JUMPI PUSH1 0x0 DUP1 REVERT JUMPDEST PUSH2 0x6DA PUSH2 0x1277 JUMP JUMPDEST PUSH1 0x40 MLOAD DUP1 DUP3 PUSH20 0xFFFFFFFFFFFFFFFFFFFFFFFFFFFFFFFFFFFFFFFF AND PUSH20 0xFFFFFFFFFFFFFFFFFFFFFFFFFFFFFFFFFFFFFFFF AND DUP2 MSTORE PUSH1 0x20 ADD SWAP2 POP POP PUSH1 0x40 MLOAD DUP1 SWAP2 SUB SWAP1 RETURN JUMPDEST CALLVALUE ISZERO PUSH2 0x727 JUMPI PUSH1 0x0 DUP1 REVERT JUMPDEST PUSH2 0x72F PUSH2 0x129C JUMP JUMPDEST PUSH1 0x40 MLOAD DUP1 DUP1 PUSH1 0x20 ADD DUP3 DUP2 SUB DUP3 MSTORE DUP4 DUP2 DUP2 MLOAD DUP2 MSTORE PUSH1 0x20 ADD SWAP2 POP DUP1 MLOAD SWAP1 PUSH1 0x20 ADD SWAP1 DUP1 DUP4 DUP4 PUSH1 0x0 JUMPDEST DUP4 DUP2 LT ISZERO PUSH2 0x76F JUMPI DUP1 DUP3 ADD MLOAD DUP2 DUP5 ADD MSTORE PUSH1 0x20 DUP2 ADD SWAP1 POP PUSH2 0x754 JUMP JUMPDEST POP POP POP POP SWAP1 POP SWAP1 DUP2 ADD SWAP1 PUSH1 0x1F AND DUP1 ISZERO PUSH2 0x79C JUMPI DUP1 DUP3 SUB DUP1 MLOAD PUSH1 0x1 DUP4 PUSH1 0x20 SUB PUSH2 0x100 EXP SUB NOT AND DUP2 MSTORE PUSH1 0x20 ADD SWAP2 POP JUMPDEST POP SWAP3 POP POP POP PUSH1 0x40 MLOAD DUP1 SWAP2 SUB SWAP1 RETURN JUMPDEST CALLVALUE ISZERO PUSH2 0x7B5 JUMPI PUSH1 0x0 DUP1 REVERT JUMPDEST PUSH2 0x7EA PUSH1 0x4 DUP1 DUP1 CALLDATALOAD PUSH20 0xFFFFFFFFFFFFFFFFFFFFFFFFFFFFFFFFFFFFFFFF AND SWAP1 PUSH1 0x20 ADD SWAP1 SWAP2 SWAP1 DUP1 CALLDATALOAD SWAP1 PUSH1 0x20 ADD SWAP1 SWAP2 SWAP1 POP POP PUSH2 0x133A JUMP JUMPDEST STOP JUMPDEST CALLVALUE ISZERO PUSH2 0x7F7 JUMPI PUSH1 0x0 DUP1 REVERT JUMPDEST PUSH2 0x7FF PUSH2 0x1349 JUMP JUMPDEST PUSH1 0x40 MLOAD DUP1 DUP3 DUP2 MSTORE PUSH1 0x20 ADD SWAP2 POP POP PUSH1 0x40 MLOAD DUP1 SWAP2 SUB SWAP1 RETURN JUMPDEST CALLVALUE ISZERO PUSH2 0x820 JUMPI PUSH1 0x0 DUP1 REVERT JUMPDEST PUSH2 0x828 PUSH2 0x134F JUMP JUMPDEST PUSH1 0x40 MLOAD DUP1 DUP3 DUP2 MSTORE PUSH1 0x20 ADD SWAP2 POP POP PUSH1 0x40 MLOAD DUP1 SWAP2 SUB SWAP1 RETURN JUMPDEST CALLVALUE ISZERO PUSH2 0x849 JUMPI PUSH1 0x0 DUP1 REVERT JUMPDEST PUSH2 0x8C1 PUSH1 0x4 DUP1 DUP1 CALLDATALOAD PUSH20 0xFFFFFFFFFFFFFFFFFFFFFFFFFFFFFFFFFFFFFFFF AND SWAP1 PUSH1 0x20 ADD SWAP1 SWAP2 SWAP1 DUP1 CALLDATALOAD SWAP1 PUSH1 0x20 ADD SWAP1 SWAP2 SWAP1 DUP1 CALLDATALOAD SWAP1 PUSH1 0x20 ADD SWAP1 DUP3 ADD DUP1 CALLDATALOAD SWAP1 PUSH1 0x20 ADD SWAP1 DUP1 DUP1 PUSH1 0x1F ADD PUSH1 0x20 DUP1 SWAP2 DIV MUL PUSH1 0x20 ADD PUSH1 0x40 MLOAD SWAP1 DUP2 ADD PUSH1 0x40 MSTORE DUP1 SWAP4 SWAP3 SWAP2 SWAP1 DUP2 DUP2 MSTORE PUSH1 0x20 ADD DUP4 DUP4 DUP1 DUP3 DUP5 CALLDATACOPY DUP3 ADD SWAP2 POP POP POP POP POP POP SWAP2 SWAP1 POP POP PUSH2 0x135F JUMP JUMPDEST PUSH1 0x40 MLOAD DUP1 DUP3 ISZERO ISZERO ISZERO ISZERO DUP2 MSTORE PUSH1 0x20 ADD SWAP2 POP POP PUSH1 0x40 MLOAD DUP1 SWAP2 SUB SWAP1 RETURN JUMPDEST CALLVALUE ISZERO PUSH2 0x8E6 JUMPI PUSH1 0x0 DUP1 REVERT JUMPDEST PUSH2 0x931 PUSH1 0x4 DUP1 DUP1 CALLDATALOAD PUSH20 0xFFFFFFFFFFFFFFFFFFFFFFFFFFFFFFFFFFFFFFFF AND SWAP1 PUSH1 0x20 ADD SWAP1 SWAP2 SWAP1 DUP1 CALLDATALOAD PUSH20 0xFFFFFFFFFFFFFFFFFFFFFFFFFFFFFFFFFFFFFFFF AND SWAP1 PUSH1 0x20 ADD SWAP1 SWAP2 SWAP1 POP POP PUSH2 0x14DD JUMP JUMPDEST PUSH1 0x40 MLOAD DUP1 DUP3 DUP2 MSTORE PUSH1 0x20 ADD SWAP2 POP POP PUSH1 0x40 MLOAD DUP1 SWAP2 SUB SWAP1 RETURN JUMPDEST CALLVALUE ISZERO PUSH2 0x952 JUMPI PUSH1 0x0 DUP1 REVERT JUMPDEST PUSH2 0x95A PUSH2 0x1502 JUMP JUMPDEST PUSH1 0x40 MLOAD DUP1 DUP3 DUP2 MSTORE PUSH1 0x20 ADD SWAP2 POP POP PUSH1 0x40 MLOAD DUP1 SWAP2 SUB SWAP1 RETURN JUMPDEST PUSH2 0x99C PUSH1 0x4 DUP1 DUP1 CALLDATALOAD PUSH20 0xFFFFFFFFFFFFFFFFFFFFFFFFFFFFFFFFFFFFFFFF AND SWAP1 PUSH1 0x20 ADD SWAP1 SWAP2 SWAP1 POP POP PUSH2 0xA04 JUMP JUMPDEST STOP JUMPDEST CALLVALUE ISZERO PUSH2 0x9A9 JUMPI PUSH1 0x0 DUP1 REVERT JUMPDEST PUSH2 0x9B1 PUSH2 0x1508 JUMP JUMPDEST PUSH1 0x40 MLOAD DUP1 DUP3 ISZERO ISZERO ISZERO ISZERO DUP2 MSTORE PUSH1 0x20 ADD SWAP2 POP POP PUSH1 0x40 MLOAD DUP1 SWAP2 SUB SWAP1 RETURN JUMPDEST CALLVALUE ISZERO PUSH2 0x9D6 JUMPI PUSH1 0x0 DUP1 REVERT JUMPDEST PUSH2 0xA02 PUSH1 0x4 DUP1 DUP1 CALLDATALOAD PUSH20 0xFFFFFFFFFFFFFFFFFFFFFFFFFFFFFFFFFFFFFFFF AND SWAP1 PUSH1 0x20 ADD SWAP1 SWAP2 SWAP1 POP POP PUSH2 0x1514 JUMP JUMPDEST STOP JUMPDEST PUSH1 0x0 DUP1 PUSH1 0x0 DUP4 PUSH20 0xFFFFFFFFFFFFFFFFFFFFFFFFFFFFFFFFFFFFFFFF AND EQ ISZERO ISZERO ISZERO PUSH2 0xA2D JUMPI PUSH1 0x0 DUP1 REVERT JUMPDEST PUSH2 0xA35 PUSH2 0x1669 JUMP JUMPDEST ISZERO ISZERO PUSH2 0xA40 JUMPI PUSH1 0x0 DUP1 REVERT JUMPDEST PUSH2 0xA48 PUSH2 0x16A7 JUMP JUMPDEST SWAP2 POP CALLVALUE SWAP1 POP DUP2 DUP2 MUL PUSH1 0xC PUSH1 0x0 DUP6 PUSH20 0xFFFFFFFFFFFFFFFFFFFFFFFFFFFFFFFFFFFFFFFF AND PUSH20 0xFFFFFFFFFFFFFFFFFFFFFFFFFFFFFFFFFFFFFFFF AND DUP2 MSTORE PUSH1 0x20 ADD SWAP1 DUP2 MSTORE PUSH1 0x20 ADD PUSH1 0x0 KECCAK256 PUSH1 0x0 DUP3 DUP3 SLOAD ADD SWAP3 POP POP DUP2 SWAP1 SSTORE POP PUSH1 0xC PUSH1 0x0 DUP5 PUSH20 0xFFFFFFFFFFFFFFFFFFFFFFFFFFFFFFFFFFFFFFFF AND PUSH20 0xFFFFFFFFFFFFFFFFFFFFFFFFFFFFFFFFFFFFFFFF AND DUP2 MSTORE PUSH1 0x20 ADD SWAP1 DUP2 MSTORE PUSH1 0x20 ADD PUSH1 0x0 KECCAK256 SLOAD PUSH1 0x5 PUSH1 0x0 DUP3 DUP3 SLOAD ADD SWAP3 POP POP DUP2 SWAP1 SSTORE POP PUSH2 0xAF3 PUSH2 0x17DE JUMP JUMPDEST POP POP POP JUMP JUMPDEST PUSH1 0x0 PUSH12 0x1C6F307BE4C4687E6000000 PUSH1 0x5 SLOAD LT ISZERO SWAP1 POP SWAP1 JUMP JUMPDEST PUSH1 0xF DUP2 JUMP JUMPDEST PUSH1 0x1 DUP1 SLOAD PUSH1 0x1 DUP2 PUSH1 0x1 AND ISZERO PUSH2 0x100 MUL SUB AND PUSH1 0x2 SWAP1 DIV DUP1 PUSH1 0x1F ADD PUSH1 0x20 DUP1 SWAP2 DIV MUL PUSH1 0x20 ADD PUSH1 0x40 MLOAD SWAP1 DUP2 ADD PUSH1 0x40 MSTORE DUP1 SWAP3 SWAP2 SWAP1 DUP2 DUP2 MSTORE PUSH1 0x20 ADD DUP3 DUP1 SLOAD PUSH1 0x1 DUP2 PUSH1 0x1 AND ISZERO PUSH2 0x100 MUL SUB AND PUSH1 0x2 SWAP1 DIV DUP1 ISZERO PUSH2 0xBAC JUMPI DUP1 PUSH1 0x1F LT PUSH2 0xB81 JUMPI PUSH2 0x100 DUP1 DUP4 SLOAD DIV MUL DUP4 MSTORE SWAP2 PUSH1 0x20 ADD SWAP2 PUSH2 0xBAC JUMP JUMPDEST DUP3 ADD SWAP2 SWAP1 PUSH1 0x0 MSTORE PUSH1 0x20 PUSH1 0x0 KECCAK256 SWAP1 JUMPDEST DUP2 SLOAD DUP2 MSTORE SWAP1 PUSH1 0x1 ADD SWAP1 PUSH1 0x20 ADD DUP1 DUP4 GT PUSH2 0xB8F JUMPI DUP3 SWAP1 SUB PUSH1 0x1F AND DUP3 ADD SWAP2 JUMPDEST POP POP POP POP POP DUP2 JUMP JUMPDEST PUSH1 0x0 DUP2 PUSH1 0xD PUSH1 0x0 CALLER PUSH20 0xFFFFFFFFFFFFFFFFFFFFFFFFFFFFFFFFFFFFFFFF AND PUSH20 0xFFFFFFFFFFFFFFFFFFFFFFFFFFFFFFFFFFFFFFFF AND DUP2 MSTORE PUSH1 0x20 ADD SWAP1 DUP2 MSTORE PUSH1 0x20 ADD PUSH1 0x0 KECCAK256 PUSH1 0x0 DUP6 PUSH20 0xFFFFFFFFFFFFFFFFFFFFFFFFFFFFFFFFFFFFFFFF AND PUSH20 0xFFFFFFFFFFFFFFFFFFFFFFFFFFFFFFFFFFFFFFFF AND DUP2 MSTORE PUSH1 0x20 ADD SWAP1 DUP2 MSTORE PUSH1 0x20 ADD PUSH1 0x0 KECCAK256 DUP2 SWAP1 SSTORE POP PUSH1 0x1 SWAP1 POP SWAP3 SWAP2 POP POP JUMP JUMPDEST PUSH3 0x1446E DUP2 JUMP JUMPDEST PUSH1 0x4 SLOAD DUP2 JUMP JUMPDEST PUSH1 0x0 PUSH1 0xD PUSH1 0x0 DUP6 PUSH20 0xFFFFFFFFFFFFFFFFFFFFFFFFFFFFFFFFFFFFFFFF AND PUSH20 0xFFFFFFFFFFFFFFFFFFFFFFFFFFFFFFFFFFFFFFFF AND DUP2 MSTORE PUSH1 0x20 ADD SWAP1 DUP2 MSTORE PUSH1 0x20 ADD PUSH1 0x0 KECCAK256 PUSH1 0x0 CALLER PUSH20 0xFFFFFFFFFFFFFFFFFFFFFFFFFFFFFFFFFFFFFFFF AND PUSH20 0xFFFFFFFFFFFFFFFFFFFFFFFFFFFFFFFFFFFFFFFF AND DUP2 MSTORE PUSH1 0x20 ADD SWAP1 DUP2 MSTORE PUSH1 0x20 ADD PUSH1 0x0 KECCAK256 SLOAD DUP3 GT ISZERO ISZERO ISZERO PUSH2 0xCDB JUMPI PUSH1 0x0 DUP1 REVERT JUMPDEST DUP2 PUSH1 0xD PUSH1 0x0 DUP7 PUSH20 0xFFFFFFFFFFFFFFFFFFFFFFFFFFFFFFFFFFFFFFFF AND PUSH20 0xFFFFFFFFFFFFFFFFFFFFFFFFFFFFFFFFFFFFFFFF AND DUP2 MSTORE PUSH1 0x20 ADD SWAP1 DUP2 MSTORE PUSH1 0x20 ADD PUSH1 0x0 KECCAK256 PUSH1 0x0 CALLER PUSH20 0xFFFFFFFFFFFFFFFFFFFFFFFFFFFFFFFFFFFFFFFF AND PUSH20 0xFFFFFFFFFFFFFFFFFFFFFFFFFFFFFFFFFFFFFFFF AND DUP2 MSTORE PUSH1 0x20 ADD SWAP1 DUP2 MSTORE PUSH1 0x20 ADD PUSH1 0x0 KECCAK256 PUSH1 0x0 DUP3 DUP3 SLOAD SUB SWAP3 POP POP DUP2 SWAP1 SSTORE POP PUSH2 0xD70 DUP5 DUP5 DUP5 PUSH2 0x1841 JUMP JUMPDEST PUSH1 0x1 SWAP1 POP SWAP4 SWAP3 POP POP POP JUMP JUMPDEST PUSH1 0x3 PUSH1 0x0 SWAP1 SLOAD SWAP1 PUSH2 0x100 EXP SWAP1 DIV PUSH1 0xFF AND DUP2 JUMP JUMPDEST PUSH1 0xB SLOAD DUP2 JUMP JUMPDEST PUSH1 0x8 SLOAD DUP2 JUMP JUMPDEST PUSH1 0x0 DUP2 PUSH1 0xC PUSH1 0x0 CALLER PUSH20 0xFFFFFFFFFFFFFFFFFFFFFFFFFFFFFFFFFFFFFFFF AND PUSH20 0xFFFFFFFFFFFFFFFFFFFFFFFFFFFFFFFFFFFFFFFF AND DUP2 MSTORE PUSH1 0x20 ADD SWAP1 DUP2 MSTORE PUSH1 0x20 ADD PUSH1 0x0 KECCAK256 SLOAD LT ISZERO ISZERO ISZERO PUSH2 0xDEA JUMPI PUSH1 0x0 DUP1 REVERT JUMPDEST DUP2 PUSH1 0xC PUSH1 0x0 CALLER PUSH20 0xFFFFFFFFFFFFFFFFFFFFFFFFFFFFFFFFFFFFFFFF AND PUSH20 0xFFFFFFFFFFFFFFFFFFFFFFFFFFFFFFFFFFFFFFFF AND DUP2 MSTORE PUSH1 0x20 ADD SWAP1 DUP2 MSTORE PUSH1 0x20 ADD PUSH1 0x0 KECCAK256 PUSH1 0x0 DUP3 DUP3 SLOAD SUB SWAP3 POP POP DUP2 SWAP1 SSTORE POP DUP2 PUSH1 0x4 PUSH1 0x0 DUP3 DUP3 SLOAD SUB SWAP3 POP POP DUP2 SWAP1 SSTORE POP CALLER PUSH20 0xFFFFFFFFFFFFFFFFFFFFFFFFFFFFFFFFFFFFFFFF AND PUSH32 0xCC16F5DBB4873280815C1EE09DBD06736CFFCC184412CF7A71A0FDB75D397CA5 DUP4 PUSH1 0x40 MLOAD DUP1 DUP3 DUP2 MSTORE PUSH1 0x20 ADD SWAP2 POP POP PUSH1 0x40 MLOAD DUP1 SWAP2 SUB SWAP1 LOG2 PUSH1 0x1 SWAP1 POP SWAP2 SWAP1 POP JUMP JUMPDEST PUSH1 0x9 SLOAD DUP2 JUMP JUMPDEST PUSH1 0x6 SLOAD DUP2 JUMP JUMPDEST PUSH1 0x0 DUP1 SWAP1 SLOAD SWAP1 PUSH2 0x100 EXP SWAP1 DIV PUSH20 0xFFFFFFFFFFFFFFFFFFFFFFFFFFFFFFFFFFFFFFFF AND PUSH20 0xFFFFFFFFFFFFFFFFFFFFFFFFFFFFFFFFFFFFFFFF AND CALLER PUSH20 0xFFFFFFFFFFFFFFFFFFFFFFFFFFFFFFFFFFFFFFFF AND EQ ISZERO ISZERO PUSH2 0xF05 JUMPI PUSH1 0x0 DUP1 REVERT JUMPDEST PUSH2 0xF0D PUSH2 0x1508 JUMP JUMPDEST DUP1 ISZERO PUSH2 0xF1E JUMPI POP PUSH2 0xF1C PUSH2 0xAF8 JUMP JUMPDEST ISZERO JUMPDEST ISZERO ISZERO PUSH2 0xF29 JUMPI PUSH1 0x0 DUP1 REVERT JUMPDEST PUSH1 0x5 SLOAD PUSH12 0x1C6F307BE4C4687E6000000 PUSH1 0xC PUSH1 0x0 DUP1 PUSH1 0x0 SWAP1 SLOAD SWAP1 PUSH2 0x100 EXP SWAP1 DIV PUSH20 0xFFFFFFFFFFFFFFFFFFFFFFFFFFFFFFFFFFFFFFFF AND PUSH20 0xFFFFFFFFFFFFFFFFFFFFFFFFFFFFFFFFFFFFFFFF AND PUSH20 0xFFFFFFFFFFFFFFFFFFFFFFFFFFFFFFFFFFFFFFFF AND DUP2 MSTORE PUSH1 0x20 ADD SWAP1 DUP2 MSTORE PUSH1 0x20 ADD PUSH1 0x0 KECCAK256 SLOAD ADD SUB PUSH1 0xC PUSH1 0x0 DUP1 PUSH1 0x0 SWAP1 SLOAD SWAP1 PUSH2 0x100 EXP SWAP1 DIV PUSH20 0xFFFFFFFFFFFFFFFFFFFFFFFFFFFFFFFFFFFFFFFF AND PUSH20 0xFFFFFFFFFFFFFFFFFFFFFFFFFFFFFFFFFFFFFFFF AND PUSH20 0xFFFFFFFFFFFFFFFFFFFFFFFFFFFFFFFFFFFFFFFF AND DUP2 MSTORE PUSH1 0x20 ADD SWAP1 DUP2 MSTORE PUSH1 0x20 ADD PUSH1 0x0 KECCAK256 DUP2 SWAP1 SSTORE POP PUSH12 0x1C6F307BE4C4687E6000000 PUSH1 0x5 DUP2 SWAP1 SSTORE POP JUMP JUMPDEST PUSH2 0xD849 DUP2 JUMP JUMPDEST PUSH1 0x14 DUP2 JUMP JUMPDEST PUSH1 0xC PUSH1 0x20 MSTORE DUP1 PUSH1 0x0 MSTORE PUSH1 0x40 PUSH1 0x0 KECCAK256 PUSH1 0x0 SWAP2 POP SWAP1 POP SLOAD DUP2 JUMP JUMPDEST PUSH1 0xA DUP2 JUMP JUMPDEST PUSH1 0x5 SLOAD DUP2 JUMP JUMPDEST PUSH1 0x0 DUP2 PUSH1 0xC PUSH1 0x0 DUP6 PUSH20 0xFFFFFFFFFFFFFFFFFFFFFFFFFFFFFFFFFFFFFFFF AND PUSH20 0xFFFFFFFFFFFFFFFFFFFFFFFFFFFFFFFFFFFFFFFF AND DUP2 MSTORE PUSH1 0x20 ADD SWAP1 DUP2 MSTORE PUSH1 0x20 ADD PUSH1 0x0 KECCAK256 SLOAD LT ISZERO ISZERO ISZERO PUSH2 0x1093 JUMPI PUSH1 0x0 DUP1 REVERT JUMPDEST PUSH1 0xD PUSH1 0x0 DUP5 PUSH20 0xFFFFFFFFFFFFFFFFFFFFFFFFFFFFFFFFFFFFFFFF AND PUSH20 0xFFFFFFFFFFFFFFFFFFFFFFFFFFFFFFFFFFFFFFFF AND DUP2 MSTORE PUSH1 0x20 ADD SWAP1 DUP2 MSTORE PUSH1 0x20 ADD PUSH1 0x0 KECCAK256 PUSH1 0x0 CALLER PUSH20 0xFFFFFFFFFFFFFFFFFFFFFFFFFFFFFFFFFFFFFFFF AND PUSH20 0xFFFFFFFFFFFFFFFFFFFFFFFFFFFFFFFFFFFFFFFF AND DUP2 MSTORE PUSH1 0x20 ADD SWAP1 DUP2 MSTORE PUSH1 0x20 ADD PUSH1 0x0 KECCAK256 SLOAD DUP3 GT ISZERO ISZERO ISZERO PUSH2 0x111E JUMPI PUSH1 0x0 DUP1 REVERT JUMPDEST DUP2 PUSH1 0xC PUSH1 0x0 DUP6 PUSH20 0xFFFFFFFFFFFFFFFFFFFFFFFFFFFFFFFFFFFFFFFF AND PUSH20 0xFFFFFFFFFFFFFFFFFFFFFFFFFFFFFFFFFFFFFFFF AND DUP2 MSTORE PUSH1 0x20 ADD SWAP1 DUP2 MSTORE PUSH1 0x20 ADD PUSH1 0x0 KECCAK256 PUSH1 0x0 DUP3 DUP3 SLOAD SUB SWAP3 POP POP DUP2 SWAP1 SSTORE POP DUP2 PUSH1 0xD PUSH1 0x0 DUP6 PUSH20 0xFFFFFFFFFFFFFFFFFFFFFFFFFFFFFFFFFFFFFFFF AND PUSH20 0xFFFFFFFFFFFFFFFFFFFFFFFFFFFFFFFFFFFFFFFF AND DUP2 MSTORE PUSH1 0x20 ADD SWAP1 DUP2 MSTORE PUSH1 0x20 ADD PUSH1 0x0 KECCAK256 PUSH1 0x0 CALLER PUSH20 0xFFFFFFFFFFFFFFFFFFFFFFFFFFFFFFFFFFFFFFFF AND PUSH20 0xFFFFFFFFFFFFFFFFFFFFFFFFFFFFFFFFFFFFFFFF AND DUP2 MSTORE PUSH1 0x20 ADD SWAP1 DUP2 MSTORE PUSH1 0x20 ADD PUSH1 0x0 KECCAK256 PUSH1 0x0 DUP3 DUP3 SLOAD SUB SWAP3 POP POP DUP2 SWAP1 SSTORE POP DUP2 PUSH1 0x4 PUSH1 0x0 DUP3 DUP3 SLOAD SUB SWAP3 POP POP DUP2 SWAP1 SSTORE POP DUP3 PUSH20 0xFFFFFFFFFFFFFFFFFFFFFFFFFFFFFFFFFFFFFFFF AND PUSH32 0xCC16F5DBB4873280815C1EE09DBD06736CFFCC184412CF7A71A0FDB75D397CA5 DUP4 PUSH1 0x40 MLOAD DUP1 DUP3 DUP2 MSTORE PUSH1 0x20 ADD SWAP2 POP POP PUSH1 0x40 MLOAD DUP1 SWAP2 SUB SWAP1 LOG2 PUSH1 0x1 SWAP1 POP SWAP3 SWAP2 POP POP JUMP JUMPDEST PUSH12 0x1C6F307BE4C4687E6000000 DUP2 JUMP JUMPDEST PUSH1 0x5 DUP2 JUMP JUMPDEST PUSH1 0x14 DUP2 JUMP JUMPDEST PUSH1 0x0 DUP1 SWAP1 SLOAD SWAP1 PUSH2 0x100 EXP SWAP1 DIV PUSH20 0xFFFFFFFFFFFFFFFFFFFFFFFFFFFFFFFFFFFFFFFF AND DUP2 JUMP JUMPDEST PUSH1 0x2 DUP1 SLOAD PUSH1 0x1 DUP2 PUSH1 0x1 AND ISZERO PUSH2 0x100 MUL SUB AND PUSH1 0x2 SWAP1 DIV DUP1 PUSH1 0x1F ADD PUSH1 0x20 DUP1 SWAP2 DIV MUL PUSH1 0x20 ADD PUSH1 0x40 MLOAD SWAP1 DUP2 ADD PUSH1 0x40 MSTORE DUP1 SWAP3 SWAP2 SWAP1 DUP2 DUP2 MSTORE PUSH1 0x20 ADD DUP3 DUP1 SLOAD PUSH1 0x1 DUP2 PUSH1 0x1 AND ISZERO PUSH2 0x100 MUL SUB AND PUSH1 0x2 SWAP1 DIV DUP1 ISZERO PUSH2 0x1332 JUMPI DUP1 PUSH1 0x1F LT PUSH2 0x1307 JUMPI PUSH2 0x100 DUP1 DUP4 SLOAD DIV MUL DUP4 MSTORE SWAP2 PUSH1 0x20 ADD SWAP2 PUSH2 0x1332 JUMP JUMPDEST DUP3 ADD SWAP2 SWAP1 PUSH1 0x0 MSTORE PUSH1 0x20 PUSH1 0x0 KECCAK256 SWAP1 JUMPDEST DUP2 SLOAD DUP2 MSTORE SWAP1 PUSH1 0x1 ADD SWAP1 PUSH1 0x20 ADD DUP1 DUP4 GT PUSH2 0x1315 JUMPI DUP3 SWAP1 SUB PUSH1 0x1F AND DUP3 ADD SWAP2 JUMPDEST POP POP POP POP POP DUP2 JUMP JUMPDEST PUSH2 0x1345 CALLER DUP4 DUP4 PUSH2 0x1841 JUMP JUMPDEST POP POP JUMP JUMPDEST PUSH1 0x7 SLOAD DUP2 JUMP JUMPDEST PUSH12 0xE60F42760C63AA8A2000000 DUP2 JUMP JUMPDEST PUSH1 0x0 DUP1 DUP5 SWAP1 POP PUSH2 0x136F DUP6 DUP6 PUSH2 0xBB4 JUMP JUMPDEST ISZERO PUSH2 0x14D4 JUMPI DUP1 PUSH20 0xFFFFFFFFFFFFFFFFFFFFFFFFFFFFFFFFFFFFFFFF AND PUSH4 0x8F4FFCB1 CALLER DUP7 ADDRESS DUP8 PUSH1 0x40 MLOAD DUP6 PUSH4 0xFFFFFFFF AND PUSH29 0x100000000000000000000000000000000000000000000000000000000 MUL DUP2 MSTORE PUSH1 0x4 ADD DUP1 DUP6 PUSH20 0xFFFFFFFFFFFFFFFFFFFFFFFFFFFFFFFFFFFFFFFF AND PUSH20 0xFFFFFFFFFFFFFFFFFFFFFFFFFFFFFFFFFFFFFFFF AND DUP2 MSTORE PUSH1 0x20 ADD DUP5 DUP2 MSTORE PUSH1 0x20 ADD DUP4 PUSH20 0xFFFFFFFFFFFFFFFFFFFFFFFFFFFFFFFFFFFFFFFF AND PUSH20 0xFFFFFFFFFFFFFFFFFFFFFFFFFFFFFFFFFFFFFFFF AND DUP2 MSTORE PUSH1 0x20 ADD DUP1 PUSH1 0x20 ADD DUP3 DUP2 SUB DUP3 MSTORE DUP4 DUP2 DUP2 MLOAD DUP2 MSTORE PUSH1 0x20 ADD SWAP2 POP DUP1 MLOAD SWAP1 PUSH1 0x20 ADD SWAP1 DUP1 DUP4 DUP4 PUSH1 0x0 JUMPDEST DUP4 DUP2 LT ISZERO PUSH2 0x1469 JUMPI DUP1 DUP3 ADD MLOAD DUP2 DUP5 ADD MSTORE PUSH1 0x20 DUP2 ADD SWAP1 POP PUSH2 0x144E JUMP JUMPDEST POP POP POP POP SWAP1 POP SWAP1 DUP2 ADD SWAP1 PUSH1 0x1F AND DUP1 ISZERO PUSH2 0x1496 JUMPI DUP1 DUP3 SUB DUP1 MLOAD PUSH1 0x1 DUP4 PUSH1 0x20 SUB PUSH2 0x100 EXP SUB NOT AND DUP2 MSTORE PUSH1 0x20 ADD SWAP2 POP JUMPDEST POP SWAP6 POP POP POP POP POP POP PUSH1 0x0 PUSH1 0x40 MLOAD DUP1 DUP4 SUB DUP2 PUSH1 0x0 DUP8 DUP1 EXTCODESIZE ISZERO ISZERO PUSH2 0x14B7 JUMPI PUSH1 0x0 DUP1 REVERT JUMPDEST PUSH2 0x2C6 GAS SUB CALL ISZERO ISZERO PUSH2 0x14C8 JUMPI PUSH1 0x0 DUP1 REVERT JUMPDEST POP POP POP PUSH1 0x1 SWAP2 POP PUSH2 0x14D5 JUMP JUMPDEST JUMPDEST POP SWAP4 SWAP3 POP POP POP JUMP JUMPDEST PUSH1 0xD PUSH1 0x20 MSTORE DUP2 PUSH1 0x0 MSTORE PUSH1 0x40 PUSH1 0x0 KECCAK256 PUSH1 0x20 MSTORE DUP1 PUSH1 0x0 MSTORE PUSH1 0x40 PUSH1 0x0 KECCAK256 PUSH1 0x0 SWAP2 POP SWAP2 POP POP SLOAD DUP2 JUMP JUMPDEST PUSH1 0xA SLOAD DUP2 JUMP JUMPDEST PUSH1 0x0 PUSH1 0xB SLOAD TIMESTAMP GT SWAP1 POP SWAP1 JUMP JUMPDEST PUSH1 0x0 DUP1 SWAP1 SLOAD SWAP1 PUSH2 0x100 EXP SWAP1 DIV PUSH20 0xFFFFFFFFFFFFFFFFFFFFFFFFFFFFFFFFFFFFFFFF AND PUSH20 0xFFFFFFFFFFFFFFFFFFFFFFFFFFFFFFFFFFFFFFFF AND CALLER PUSH20 0xFFFFFFFFFFFFFFFFFFFFFFFFFFFFFFFFFFFFFFFF AND EQ ISZERO ISZERO PUSH2 0x156F JUMPI PUSH1 0x0 DUP1 REVERT JUMPDEST PUSH1 0x0 PUSH20 0xFFFFFFFFFFFFFFFFFFFFFFFFFFFFFFFFFFFFFFFF AND DUP2 PUSH20 0xFFFFFFFFFFFFFFFFFFFFFFFFFFFFFFFFFFFFFFFF AND EQ ISZERO ISZERO ISZERO PUSH2 0x15AB JUMPI PUSH1 0x0 DUP1 REVERT JUMPDEST DUP1 PUSH20 0xFFFFFFFFFFFFFFFFFFFFFFFFFFFFFFFFFFFFFFFF AND PUSH1 0x0 DUP1 SWAP1 SLOAD SWAP1 PUSH2 0x100 EXP SWAP1 DIV PUSH20 0xFFFFFFFFFFFFFFFFFFFFFFFFFFFFFFFFFFFFFFFF AND PUSH20 0xFFFFFFFFFFFFFFFFFFFFFFFFFFFFFFFFFFFFFFFF AND PUSH32 0x8BE0079C531659141344CD1FD0A4F28419497F9722A3DAAFE3B4186F6B6457E0 PUSH1 0x40 MLOAD PUSH1 0x40 MLOAD DUP1 SWAP2 SUB SWAP1 LOG3 DUP1 PUSH1 0x0 DUP1 PUSH2 0x100 EXP DUP2 SLOAD DUP2 PUSH20 0xFFFFFFFFFFFFFFFFFFFFFFFFFFFFFFFFFFFFFFFF MUL NOT AND SWAP1 DUP4 PUSH20 0xFFFFFFFFFFFFFFFFFFFFFFFFFFFFFFFFFFFFFFFF AND MUL OR SWAP1 SSTORE POP POP JUMP JUMPDEST PUSH1 0x0 DUP1 PUSH1 0x0 DUP1 PUSH1 0x0 CALLVALUE EQ ISZERO SWAP3 POP PUSH2 0x167E PUSH2 0x1508 JUMP JUMPDEST ISZERO SWAP2 POP PUSH2 0x1689 PUSH2 0xAF8 JUMP JUMPDEST ISZERO SWAP1 POP DUP3 DUP1 ISZERO PUSH2 0x1696 JUMPI POP DUP2 JUMPDEST DUP1 ISZERO PUSH2 0x169F JUMPI POP DUP1 JUMPDEST SWAP4 POP POP POP POP SWAP1 JUMP JUMPDEST PUSH1 0x0 DUP1 PUSH2 0x16B2 PUSH2 0x1669 JUMP JUMPDEST ISZERO ISZERO PUSH2 0x16BD JUMPI PUSH1 0x0 DUP1 REVERT JUMPDEST PUSH1 0x6 SLOAD TIMESTAMP LT ISZERO DUP1 ISZERO PUSH2 0x16D0 JUMPI POP PUSH1 0x7 SLOAD TIMESTAMP LT JUMPDEST ISZERO PUSH2 0x16F7 JUMPI PUSH1 0x64 PUSH1 0x14 PUSH1 0xFF AND PUSH3 0x1446E MUL DUP2 ISZERO ISZERO PUSH2 0x16EA JUMPI INVALID JUMPDEST DIV PUSH3 0x1446E ADD SWAP1 POP PUSH2 0x17D7 JUMP JUMPDEST PUSH1 0x7 SLOAD TIMESTAMP LT ISZERO DUP1 ISZERO PUSH2 0x170A JUMPI POP PUSH1 0x8 SLOAD TIMESTAMP LT JUMPDEST ISZERO PUSH2 0x172F JUMPI PUSH1 0x64 PUSH1 0x14 PUSH1 0xFF AND PUSH2 0xD849 MUL DUP2 ISZERO ISZERO PUSH2 0x1723 JUMPI INVALID JUMPDEST DIV PUSH2 0xD849 ADD SWAP1 POP PUSH2 0x17D6 JUMP JUMPDEST PUSH1 0x8 SLOAD TIMESTAMP LT ISZERO DUP1 ISZERO PUSH2 0x1742 JUMPI POP PUSH1 0x9 SLOAD TIMESTAMP LT JUMPDEST ISZERO PUSH2 0x1767 JUMPI PUSH1 0x64 PUSH1 0xF PUSH1 0xFF AND PUSH2 0xD849 MUL DUP2 ISZERO ISZERO PUSH2 0x175B JUMPI INVALID JUMPDEST DIV PUSH2 0xD849 ADD SWAP1 POP PUSH2 0x17D5 JUMP JUMPDEST PUSH1 0x9 SLOAD TIMESTAMP LT ISZERO DUP1 ISZERO PUSH2 0x177A JUMPI POP PUSH1 0xA SLOAD TIMESTAMP LT JUMPDEST ISZERO PUSH2 0x179F JUMPI PUSH1 0x64 PUSH1 0xA PUSH1 0xFF AND PUSH2 0xD849 MUL DUP2 ISZERO ISZERO PUSH2 0x1793 JUMPI INVALID JUMPDEST DIV PUSH2 0xD849 ADD SWAP1 POP PUSH2 0x17D4 JUMP JUMPDEST PUSH1 0xA SLOAD TIMESTAMP LT ISZERO DUP1 ISZERO PUSH2 0x17B2 JUMPI POP PUSH1 0xB SLOAD TIMESTAMP LT JUMPDEST ISZERO PUSH2 0x17D3 JUMPI PUSH1 0x64 PUSH1 0x5 PUSH1 0xFF AND PUSH2 0xD849 MUL DUP2 ISZERO ISZERO PUSH2 0x17CB JUMPI INVALID JUMPDEST DIV PUSH2 0xD849 ADD SWAP1 POP JUMPDEST JUMPDEST JUMPDEST JUMPDEST JUMPDEST DUP1 SWAP2 POP POP SWAP1 JUMP JUMPDEST PUSH1 0x0 DUP1 SWAP1 SLOAD SWAP1 PUSH2 0x100 EXP SWAP1 DIV PUSH20 0xFFFFFFFFFFFFFFFFFFFFFFFFFFFFFFFFFFFFFFFF AND PUSH20 0xFFFFFFFFFFFFFFFFFFFFFFFFFFFFFFFFFFFFFFFF AND PUSH2 0x8FC CALLVALUE SWAP1 DUP2 ISZERO MUL SWAP1 PUSH1 0x40 MLOAD PUSH1 0x0 PUSH1 0x40 MLOAD DUP1 DUP4 SUB DUP2 DUP6 DUP9 DUP9 CALL SWAP4 POP POP POP POP ISZERO ISZERO PUSH2 0x183F JUMPI PUSH1 0x0 DUP1 REVERT JUMPDEST JUMP JUMPDEST PUSH1 0x0 DUP1 DUP4 PUSH20 0xFFFFFFFFFFFFFFFFFFFFFFFFFFFFFFFFFFFFFFFF AND EQ ISZERO ISZERO ISZERO PUSH2 0x1868 JUMPI PUSH1 0x0 DUP1 REVERT JUMPDEST DUP2 PUSH1 0xC PUSH1 0x0 DUP7 PUSH20 0xFFFFFFFFFFFFFFFFFFFFFFFFFFFFFFFFFFFFFFFF AND PUSH20 0xFFFFFFFFFFFFFFFFFFFFFFFFFFFFFFFFFFFFFFFF AND DUP2 MSTORE PUSH1 0x20 ADD SWAP1 DUP2 MSTORE PUSH1 0x20 ADD PUSH1 0x0 KECCAK256 SLOAD LT ISZERO ISZERO ISZERO PUSH2 0x18B6 JUMPI PUSH1 0x0 DUP1 REVERT JUMPDEST PUSH1 0xC PUSH1 0x0 DUP5 PUSH20 0xFFFFFFFFFFFFFFFFFFFFFFFFFFFFFFFFFFFFFFFF AND PUSH20 0xFFFFFFFFFFFFFFFFFFFFFFFFFFFFFFFFFFFFFFFF AND DUP2 MSTORE PUSH1 0x20 ADD SWAP1 DUP2 MSTORE PUSH1 0x20 ADD PUSH1 0x0 KECCAK256 SLOAD DUP3 PUSH1 0xC PUSH1 0x0 DUP7 PUSH20 0xFFFFFFFFFFFFFFFFFFFFFFFFFFFFFFFFFFFFFFFF AND PUSH20 0xFFFFFFFFFFFFFFFFFFFFFFFFFFFFFFFFFFFFFFFF AND DUP2 MSTORE PUSH1 0x20 ADD SWAP1 DUP2 MSTORE PUSH1 0x20 ADD PUSH1 0x0 KECCAK256 SLOAD ADD GT ISZERO ISZERO PUSH2 0x1944 JUMPI PUSH1 0x0 DUP1 REVERT JUMPDEST PUSH1 0xC PUSH1 0x0 DUP5 PUSH20 0xFFFFFFFFFFFFFFFFFFFFFFFFFFFFFFFFFFFFFFFF AND PUSH20 0xFFFFFFFFFFFFFFFFFFFFFFFFFFFFFFFFFFFFFFFF AND DUP2 MSTORE PUSH1 0x20 ADD SWAP1 DUP2 MSTORE PUSH1 0x20 ADD PUSH1 0x0 KECCAK256 SLOAD PUSH1 0xC PUSH1 0x0 DUP7 PUSH20 0xFFFFFFFFFFFFFFFFFFFFFFFFFFFFFFFFFFFFFFFF AND PUSH20 0xFFFFFFFFFFFFFFFFFFFFFFFFFFFFFFFFFFFFFFFF AND DUP2 MSTORE PUSH1 0x20 ADD SWAP1 DUP2 MSTORE PUSH1 0x20 ADD PUSH1 0x0 KECCAK256 SLOAD ADD SWAP1 POP DUP2 PUSH1 0xC PUSH1 0x0 DUP7 PUSH20 0xFFFFFFFFFFFFFFFFFFFFFFFFFFFFFFFFFFFFFFFF AND PUSH20 0xFFFFFFFFFFFFFFFFFFFFFFFFFFFFFFFFFFFFFFFF AND DUP2 MSTORE PUSH1 0x20 ADD SWAP1 DUP2 MSTORE PUSH1 0x20 ADD PUSH1 0x0 KECCAK256 PUSH1 0x0 DUP3 DUP3 SLOAD SUB SWAP3 POP POP DUP2 SWAP1 SSTORE POP DUP2 PUSH1 0xC PUSH1 0x0 DUP6 PUSH20 0xFFFFFFFFFFFFFFFFFFFFFFFFFFFFFFFFFFFFFFFF AND PUSH20 0xFFFFFFFFFFFFFFFFFFFFFFFFFFFFFFFFFFFFFFFF AND DUP2 MSTORE PUSH1 0x20 ADD SWAP1 DUP2 MSTORE PUSH1 0x20 ADD PUSH1 0x0 KECCAK256 PUSH1 0x0 DUP3 DUP3 SLOAD ADD SWAP3 POP POP DUP2 SWAP1 SSTORE POP DUP3 PUSH20 0xFFFFFFFFFFFFFFFFFFFFFFFFFFFFFFFFFFFFFFFF AND DUP5 PUSH20 0xFFFFFFFFFFFFFFFFFFFFFFFFFFFFFFFFFFFFFFFF AND PUSH32 0xDDF252AD1BE2C89B69C2B068FC378DAA952BA7F163C4A11628F55A4DF523B3EF DUP5 PUSH1 0x40 MLOAD DUP1 DUP3 DUP2 MSTORE PUSH1 0x20 ADD SWAP2 POP POP PUSH1 0x40 MLOAD DUP1 SWAP2 SUB SWAP1 LOG3 DUP1 PUSH1 0xC PUSH1 0x0 DUP6 PUSH20 0xFFFFFFFFFFFFFFFFFFFFFFFFFFFFFFFFFFFFFFFF AND PUSH20 0xFFFFFFFFFFFFFFFFFFFFFFFFFFFFFFFFFFFFFFFF AND DUP2 MSTORE PUSH1 0x20 ADD SWAP1 DUP2 MSTORE PUSH1 0x20 ADD PUSH1 0x0 KECCAK256 SLOAD PUSH1 0xC PUSH1 0x0 DUP8 PUSH20 0xFFFFFFFFFFFFFFFFFFFFFFFFFFFFFFFFFFFFFFFF AND PUSH20 0xFFFFFFFFFFFFFFFFFFFFFFFFFFFFFFFFFFFFFFFF AND DUP2 MSTORE PUSH1 0x20 ADD SWAP1 DUP2 MSTORE PUSH1 0x20 ADD PUSH1 0x0 KECCAK256 SLOAD ADD EQ ISZERO ISZERO PUSH2 0x1B51 JUMPI INVALID JUMPDEST POP POP POP POP JUMP STOP LOG1 PUSH6 0x627A7A723058 KECCAK256 PUSH11 0x84853B7EDF29C2F0B20F48 0xae NOT PUSH21 0x1684F0F8D9DAF91957F772613017F4F7B700290000
1,PUSH1 0x60 PUSH1 0x40 MSTORE PUSH8 0x8AC7230489E80000 PUSH1 0x4 SSTORE PUSH1 0x0 PUSH1 0x5 SSTORE CALLVALUE ISZERO PUSH2 0x20 JUMPI PUSH1 0x0 DUP1 REVERT JUMPDEST CALLER PUSH1 0x0 DUP1 PUSH2 0x100 EXP DUP2 SLOAD DUP2 PUSH20 0xFFFFFFFFFFFFFFFFFFFFFFFFFFFFFFFFFFFFFFFF MUL NOT AND SWAP1 DUP4 PUSH20 0xFFFFFFFFFFFFFFFFFFFFFFFFFFFFFFFFFFFFFFFF AND MUL OR SWAP1 SSTORE POP PUSH1 0x6 PUSH1 0xFF AND PUSH1 0xA EXP PUSH3 0x186A0 MUL PUSH1 0x1 DUP2 SWAP1 SSTORE POP PUSH1 0x1 SLOAD PUSH1 0x2 PUSH1 0x0 CALLER PUSH20 0xFFFFFFFFFFFFFFFFFFFFFFFFFFFFFFFFFFFFFFFF AND PUSH20 0xFFFFFFFFFFFFFFFFFFFFFFFFFFFFFFFFFFFFFFFF AND DUP2 MSTORE PUSH1 0x20 ADD SWAP1 DUP2 MSTORE PUSH1 0x20 ADD PUSH1 0x0 KECCAK256 DUP2 SWAP1 SSTORE POP PUSH2 0x15D5 DUP1 PUSH2 0xC8 PUSH1 0x0 CODECOPY PUSH1 0x0 RETURN STOP PUSH1 0x60 PUSH1 0x40 MSTORE PUSH1 0x4 CALLDATASIZE LT PUSH2 0x11D JUMPI PUSH1 0x0 CALLDATALOAD PUSH29 0x100000000000000000000000000000000000000000000000000000000 SWAP1 DIV PUSH4 0xFFFFFFFF AND DUP1 PUSH4 0x6FDDE03 EQ PUSH2 0x179 JUMPI DUP1 PUSH4 0x95EA7B3 EQ PUSH2 0x207 JUMPI DUP1 PUSH4 0x18160DDD EQ PUSH2 0x261 JUMPI DUP1 PUSH4 0x23B872DD EQ PUSH2 0x28A JUMPI DUP1 PUSH4 0x313CE567 EQ PUSH2 0x303 JUMPI DUP1 PUSH4 0x41C0E1B5 EQ PUSH2 0x332 JUMPI DUP1 PUSH4 0x42966C68 EQ PUSH2 0x347 JUMPI DUP1 PUSH4 0x70A08231 EQ PUSH2 0x382 JUMPI DUP1 PUSH4 0x79C65068 EQ PUSH2 0x3CF JUMPI DUP1 PUSH4 0x79CC6790 EQ PUSH2 0x411 JUMPI DUP1 PUSH4 0x8620410B EQ PUSH2 0x46B JUMPI DUP1 PUSH4 0x8DA5CB5B EQ PUSH2 0x494 JUMPI DUP1 PUSH4 0x95D89B41 EQ PUSH2 0x4E9 JUMPI DUP1 PUSH4 0xA3201DAA EQ PUSH2 0x577 JUMPI DUP1 PUSH4 0xA6F2AE3A EQ PUSH2 0x59A JUMPI DUP1 PUSH4 0xA9059CBB EQ PUSH2 0x5A4 JUMPI DUP1 PUSH4 0xCAE9CA51 EQ PUSH2 0x5E6 JUMPI DUP1 PUSH4 0xDD62ED3E EQ PUSH2 0x683 JUMPI DUP1 PUSH4 0xF1018C6F EQ PUSH2 0x6EF JUMPI DUP1 PUSH4 0xF14FAF6F EQ PUSH2 0x718 JUMPI DUP1 PUSH4 0xF2FDE38B EQ PUSH2 0x730 JUMPI JUMPDEST PUSH1 0x0 PUSH1 0x4 SLOAD PUSH1 0x6 PUSH1 0xFF AND PUSH1 0xA EXP CALLVALUE MUL DUP2 ISZERO ISZERO PUSH2 0x135 JUMPI INVALID JUMPDEST DIV SWAP1 POP PUSH1 0x5 PUSH1 0x0 DUP2 SLOAD DUP1 SWAP3 SWAP2 SWAP1 PUSH1 0x1 ADD SWAP2 SWAP1 POP SSTORE POP PUSH2 0x176 PUSH1 0x0 DUP1 SWAP1 SLOAD SWAP1 PUSH2 0x100 EXP SWAP1 DIV PUSH20 0xFFFFFFFFFFFFFFFFFFFFFFFFFFFFFFFFFFFFFFFF AND CALLER DUP4 PUSH2 0x769 JUMP JUMPDEST POP STOP JUMPDEST CALLVALUE ISZERO PUSH2 0x184 JUMPI PUSH1 0x0 DUP1 REVERT JUMPDEST PUSH2 0x18C PUSH2 0x96F JUMP JUMPDEST PUSH1 0x40 MLOAD DUP1 DUP1 PUSH1 0x20 ADD DUP3 DUP2 SUB DUP3 MSTORE DUP4 DUP2 DUP2 MLOAD DUP2 MSTORE PUSH1 0x20 ADD SWAP2 POP DUP1 MLOAD SWAP1 PUSH1 0x20 ADD SWAP1 DUP1 DUP4 DUP4 PUSH1 0x0 JUMPDEST DUP4 DUP2 LT ISZERO PUSH2 0x1CC JUMPI DUP1 DUP3 ADD MLOAD DUP2 DUP5 ADD MSTORE PUSH1 0x20 DUP2 ADD SWAP1 POP PUSH2 0x1B1 JUMP JUMPDEST POP POP POP POP SWAP1 POP SWAP1 DUP2 ADD SWAP1 PUSH1 0x1F AND DUP1 ISZERO PUSH2 0x1F9 JUMPI DUP1 DUP3 SUB DUP1 MLOAD PUSH1 0x1 DUP4 PUSH1 0x20 SUB PUSH2 0x100 EXP SUB NOT AND DUP2 MSTORE PUSH1 0x20 ADD SWAP2 POP JUMPDEST POP SWAP3 POP POP POP PUSH1 0x40 MLOAD DUP1 SWAP2 SUB SWAP1 RETURN JUMPDEST CALLVALUE ISZERO PUSH2 0x212 JUMPI PUSH1 0x0 DUP1 REVERT JUMPDEST PUSH2 0x247 PUSH1 0x4 DUP1 DUP1 CALLDATALOAD PUSH20 0xFFFFFFFFFFFFFFFFFFFFFFFFFFFFFFFFFFFFFFFF AND SWAP1 PUSH1 0x20 ADD SWAP1 SWAP2 SWAP1 DUP1 CALLDATALOAD SWAP1 PUSH1 0x20 ADD SWAP1 SWAP2 SWAP1 POP POP PUSH2 0x9A8 JUMP JUMPDEST PUSH1 0x40 MLOAD DUP1 DUP3 ISZERO ISZERO ISZERO ISZERO DUP2 MSTORE PUSH1 0x20 ADD SWAP2 POP POP PUSH1 0x40 MLOAD DUP1 SWAP2 SUB SWAP1 RETURN JUMPDEST CALLVALUE ISZERO PUSH2 0x26C JUMPI PUSH1 0x0 DUP1 REVERT JUMPDEST PUSH2 0x274 PUSH2 0xA35 JUMP JUMPDEST PUSH1 0x40 MLOAD DUP1 DUP3 DUP2 MSTORE PUSH1 0x20 ADD SWAP2 POP POP PUSH1 0x40 MLOAD DUP1 SWAP2 SUB SWAP1 RETURN JUMPDEST CALLVALUE ISZERO PUSH2 0x295 JUMPI PUSH1 0x0 DUP1 REVERT JUMPDEST PUSH2 0x2E9 PUSH1 0x4 DUP1 DUP1 CALLDATALOAD PUSH20 0xFFFFFFFFFFFFFFFFFFFFFFFFFFFFFFFFFFFFFFFF AND SWAP1 PUSH1 0x20 ADD SWAP1 SWAP2 SWAP1 DUP1 CALLDATALOAD PUSH20 0xFFFFFFFFFFFFFFFFFFFFFFFFFFFFFFFFFFFFFFFF AND SWAP1 PUSH1 0x20 ADD SWAP1 SWAP2 SWAP1 DUP1 CALLDATALOAD SWAP1 PUSH1 0x20 ADD SWAP1 SWAP2 SWAP1 POP POP PUSH2 0xA3B JUMP JUMPDEST PUSH1 0x40 MLOAD DUP1 DUP3 ISZERO ISZERO ISZERO ISZERO DUP2 MSTORE PUSH1 0x20 ADD SWAP2 POP POP PUSH1 0x40 MLOAD DUP1 SWAP2 SUB SWAP1 RETURN JUMPDEST CALLVALUE ISZERO PUSH2 0x30E JUMPI PUSH1 0x0 DUP1 REVERT JUMPDEST PUSH2 0x316 PUSH2 0xB68 JUMP JUMPDEST PUSH1 0x40 MLOAD DUP1 DUP3 PUSH1 0xFF AND PUSH1 0xFF AND DUP2 MSTORE PUSH1 0x20 ADD SWAP2 POP POP PUSH1 0x40 MLOAD DUP1 SWAP2 SUB SWAP1 RETURN JUMPDEST CALLVALUE ISZERO PUSH2 0x33D JUMPI PUSH1 0x0 DUP1 REVERT JUMPDEST PUSH2 0x345 PUSH2 0xB6D JUMP JUMPDEST STOP JUMPDEST CALLVALUE ISZERO PUSH2 0x352 JUMPI PUSH1 0x0 DUP1 REVERT JUMPDEST PUSH2 0x368 PUSH1 0x4 DUP1 DUP1 CALLDATALOAD SWAP1 PUSH1 0x20 ADD SWAP1 SWAP2 SWAP1 POP POP PUSH2 0xC59 JUMP JUMPDEST PUSH1 0x40 MLOAD DUP1 DUP3 ISZERO ISZERO ISZERO ISZERO DUP2 MSTORE PUSH1 0x20 ADD SWAP2 POP POP PUSH1 0x40 MLOAD DUP1 SWAP2 SUB SWAP1 RETURN JUMPDEST CALLVALUE ISZERO PUSH2 0x38D JUMPI PUSH1 0x0 DUP1 REVERT JUMPDEST PUSH2 0x3B9 PUSH1 0x4 DUP1 DUP1 CALLDATALOAD PUSH20 0xFFFFFFFFFFFFFFFFFFFFFFFFFFFFFFFFFFFFFFFF AND SWAP1 PUSH1 0x20 ADD SWAP1 SWAP2 SWAP1 POP POP PUSH2 0xD5D JUMP JUMPDEST PUSH1 0x40 MLOAD DUP1 DUP3 DUP2 MSTORE PUSH1 0x20 ADD SWAP2 POP POP PUSH1 0x40 MLOAD DUP1 SWAP2 SUB SWAP1 RETURN JUMPDEST CALLVALUE ISZERO PUSH2 0x3DA JUMPI PUSH1 0x0 DUP1 REVERT JUMPDEST PUSH2 0x40F PUSH1 0x4 DUP1 DUP1 CALLDATALOAD PUSH20 0xFFFFFFFFFFFFFFFFFFFFFFFFFFFFFFFFFFFFFFFF AND SWAP1 PUSH1 0x20 ADD SWAP1 SWAP2 SWAP1 DUP1 CALLDATALOAD SWAP1 PUSH1 0x20 ADD SWAP1 SWAP2 SWAP1 POP POP PUSH2 0xD75 JUMP JUMPDEST STOP JUMPDEST CALLVALUE ISZERO PUSH2 0x41C JUMPI PUSH1 0x0 DUP1 REVERT JUMPDEST PUSH2 0x451 PUSH1 0x4 DUP1 DUP1 CALLDATALOAD PUSH20 0xFFFFFFFFFFFFFFFFFFFFFFFFFFFFFFFFFFFFFFFF AND SWAP1 PUSH1 0x20 ADD SWAP1 SWAP2 SWAP1 DUP1 CALLDATALOAD SWAP1 PUSH1 0x20 ADD SWAP1 SWAP2 SWAP1 POP POP PUSH2 0xF28 JUMP JUMPDEST PUSH1 0x40 MLOAD DUP1 DUP3 ISZERO ISZERO ISZERO ISZERO DUP2 MSTORE PUSH1 0x20 ADD SWAP2 POP POP PUSH1 0x40 MLOAD DUP1 SWAP2 SUB SWAP1 RETURN JUMPDEST CALLVALUE ISZERO PUSH2 0x476 JUMPI PUSH1 0x0 DUP1 REVERT JUMPDEST PUSH2 0x47E PUSH2 0x1142 JUMP JUMPDEST PUSH1 0x40 MLOAD DUP1 DUP3 DUP2 MSTORE PUSH1 0x20 ADD SWAP2 POP POP PUSH1 0x40 MLOAD DUP1 SWAP2 SUB SWAP1 RETURN JUMPDEST CALLVALUE ISZERO PUSH2 0x49F JUMPI PUSH1 0x0 DUP1 REVERT JUMPDEST PUSH2 0x4A7 PUSH2 0x1148 JUMP JUMPDEST PUSH1 0x40 MLOAD DUP1 DUP3 PUSH20 0xFFFFFFFFFFFFFFFFFFFFFFFFFFFFFFFFFFFFFFFF AND PUSH20 0xFFFFFFFFFFFFFFFFFFFFFFFFFFFFFFFFFFFFFFFF AND DUP2 MSTORE PUSH1 0x20 ADD SWAP2 POP POP PUSH1 0x40 MLOAD DUP1 SWAP2 SUB SWAP1 RETURN JUMPDEST CALLVALUE ISZERO PUSH2 0x4F4 JUMPI PUSH1 0x0 DUP1 REVERT JUMPDEST PUSH2 0x4FC PUSH2 0x116D JUMP JUMPDEST PUSH1 0x40 MLOAD DUP1 DUP1 PUSH1 0x20 ADD DUP3 DUP2 SUB DUP3 MSTORE DUP4 DUP2 DUP2 MLOAD DUP2 MSTORE PUSH1 0x20 ADD SWAP2 POP DUP1 MLOAD SWAP1 PUSH1 0x20 ADD SWAP1 DUP1 DUP4 DUP4 PUSH1 0x0 JUMPDEST DUP4 DUP2 LT ISZERO PUSH2 0x53C JUMPI DUP1 DUP3 ADD MLOAD DUP2 DUP5 ADD MSTORE PUSH1 0x20 DUP2 ADD SWAP1 POP PUSH2 0x521 JUMP JUMPDEST POP POP POP POP SWAP1 POP SWAP1 DUP2 ADD SWAP1 PUSH1 0x1F AND DUP1 ISZERO PUSH2 0x569 JUMPI DUP1 DUP3 SUB DUP1 MLOAD PUSH1 0x1 DUP4 PUSH1 0x20 SUB PUSH2 0x100 EXP SUB NOT AND DUP2 MSTORE PUSH1 0x20 ADD SWAP2 POP JUMPDEST POP SWAP3 POP POP POP PUSH1 0x40 MLOAD DUP1 SWAP2 SUB SWAP1 RETURN JUMPDEST CALLVALUE ISZERO PUSH2 0x582 JUMPI PUSH1 0x0 DUP1 REVERT JUMPDEST PUSH2 0x598 PUSH1 0x4 DUP1 DUP1 CALLDATALOAD SWAP1 PUSH1 0x20 ADD SWAP1 SWAP2 SWAP1 POP POP PUSH2 0x11A6 JUMP JUMPDEST STOP JUMPDEST PUSH2 0x5A2 PUSH2 0x120B JUMP JUMPDEST STOP JUMPDEST CALLVALUE ISZERO PUSH2 0x5AF JUMPI PUSH1 0x0 DUP1 REVERT JUMPDEST PUSH2 0x5E4 PUSH1 0x4 DUP1 DUP1 CALLDATALOAD PUSH20 0xFFFFFFFFFFFFFFFFFFFFFFFFFFFFFFFFFFFFFFFF AND SWAP1 PUSH1 0x20 ADD SWAP1 SWAP2 SWAP1 DUP1 CALLDATALOAD SWAP1 PUSH1 0x20 ADD SWAP1 SWAP2 SWAP1 POP POP PUSH2 0x1255 JUMP JUMPDEST STOP JUMPDEST CALLVALUE ISZERO PUSH2 0x5F1 JUMPI PUSH1 0x0 DUP1 REVERT JUMPDEST PUSH2 0x669 PUSH1 0x4 DUP1 DUP1 CALLDATALOAD PUSH20 0xFFFFFFFFFFFFFFFFFFFFFFFFFFFFFFFFFFFFFFFF AND SWAP1 PUSH1 0x20 ADD SWAP1 SWAP2 SWAP1 DUP1 CALLDATALOAD SWAP1 PUSH1 0x20 ADD SWAP1 SWAP2 SWAP1 DUP1 CALLDATALOAD SWAP1 PUSH1 0x20 ADD SWAP1 DUP3 ADD DUP1 CALLDATALOAD SWAP1 PUSH1 0x20 ADD SWAP1 DUP1 DUP1 PUSH1 0x1F ADD PUSH1 0x20 DUP1 SWAP2 DIV MUL PUSH1 0x20 ADD PUSH1 0x40 MLOAD SWAP1 DUP2 ADD PUSH1 0x40 MSTORE DUP1 SWAP4 SWAP3 SWAP2 SWAP1 DUP2 DUP2 MSTORE PUSH1 0x20 ADD DUP4 DUP4 DUP1 DUP3 DUP5 CALLDATACOPY DUP3 ADD SWAP2 POP POP POP POP POP POP SWAP2 SWAP1 POP POP PUSH2 0x1264 JUMP JUMPDEST PUSH1 0x40 MLOAD DUP1 DUP3 ISZERO ISZERO ISZERO ISZERO DUP2 MSTORE PUSH1 0x20 ADD SWAP2 POP POP PUSH1 0x40 MLOAD DUP1 SWAP2 SUB SWAP1 RETURN JUMPDEST CALLVALUE ISZERO PUSH2 0x68E JUMPI PUSH1 0x0 DUP1 REVERT JUMPDEST PUSH2 0x6D9 PUSH1 0x4 DUP1 DUP1 CALLDATALOAD PUSH20 0xFFFFFFFFFFFFFFFFFFFFFFFFFFFFFFFFFFFFFFFF AND SWAP1 PUSH1 0x20 ADD SWAP1 SWAP2 SWAP1 DUP1 CALLDATALOAD PUSH20 0xFFFFFFFFFFFFFFFFFFFFFFFFFFFFFFFFFFFFFFFF AND SWAP1 PUSH1 0x20 ADD SWAP1 SWAP2 SWAP1 POP POP PUSH2 0x13E2 JUMP JUMPDEST PUSH1 0x40 MLOAD DUP1 DUP3 DUP2 MSTORE PUSH1 0x20 ADD SWAP2 POP POP PUSH1 0x40 MLOAD DUP1 SWAP2 SUB SWAP1 RETURN JUMPDEST CALLVALUE ISZERO PUSH2 0x6FA JUMPI PUSH1 0x0 DUP1 REVERT JUMPDEST PUSH2 0x702 PUSH2 0x1407 JUMP JUMPDEST PUSH1 0x40 MLOAD DUP1 DUP3 DUP2 MSTORE PUSH1 0x20 ADD SWAP2 POP POP PUSH1 0x40 MLOAD DUP1 SWAP2 SUB SWAP1 RETURN JUMPDEST PUSH2 0x72E PUSH1 0x4 DUP1 DUP1 CALLDATALOAD SWAP1 PUSH1 0x20 ADD SWAP1 SWAP2 SWAP1 POP POP PUSH2 0x140D JUMP JUMPDEST STOP JUMPDEST CALLVALUE ISZERO PUSH2 0x73B JUMPI PUSH1 0x0 DUP1 REVERT JUMPDEST PUSH2 0x767 PUSH1 0x4 DUP1 DUP1 CALLDATALOAD PUSH20 0xFFFFFFFFFFFFFFFFFFFFFFFFFFFFFFFFFFFFFFFF AND SWAP1 PUSH1 0x20 ADD SWAP1 SWAP2 SWAP1 POP POP PUSH2 0x150B JUMP JUMPDEST STOP JUMPDEST PUSH1 0x0 DUP3 PUSH20 0xFFFFFFFFFFFFFFFFFFFFFFFFFFFFFFFFFFFFFFFF AND EQ ISZERO ISZERO ISZERO PUSH2 0x78F JUMPI PUSH1 0x0 DUP1 REVERT JUMPDEST DUP1 PUSH1 0x2 PUSH1 0x0 DUP6 PUSH20 0xFFFFFFFFFFFFFFFFFFFFFFFFFFFFFFFFFFFFFFFF AND PUSH20 0xFFFFFFFFFFFFFFFFFFFFFFFFFFFFFFFFFFFFFFFF AND DUP2 MSTORE PUSH1 0x20 ADD SWAP1 DUP2 MSTORE PUSH1 0x20 ADD PUSH1 0x0 KECCAK256 SLOAD LT ISZERO ISZERO ISZERO PUSH2 0x7DD JUMPI PUSH1 0x0 DUP1 REVERT JUMPDEST PUSH1 0x2 PUSH1 0x0 DUP4 PUSH20 0xFFFFFFFFFFFFFFFFFFFFFFFFFFFFFFFFFFFFFFFF AND PUSH20 0xFFFFFFFFFFFFFFFFFFFFFFFFFFFFFFFFFFFFFFFF AND DUP2 MSTORE PUSH1 0x20 ADD SWAP1 DUP2 MSTORE PUSH1 0x20 ADD PUSH1 0x0 KECCAK256 SLOAD DUP2 PUSH1 0x2 PUSH1 0x0 DUP6 PUSH20 0xFFFFFFFFFFFFFFFFFFFFFFFFFFFFFFFFFFFFFFFF AND PUSH20 0xFFFFFFFFFFFFFFFFFFFFFFFFFFFFFFFFFFFFFFFF AND DUP2 MSTORE PUSH1 0x20 ADD SWAP1 DUP2 MSTORE PUSH1 0x20 ADD PUSH1 0x0 KECCAK256 SLOAD ADD GT ISZERO ISZERO PUSH2 0x86B JUMPI PUSH1 0x0 DUP1 REVERT JUMPDEST DUP1 PUSH1 0x2 PUSH1 0x0 DUP6 PUSH20 0xFFFFFFFFFFFFFFFFFFFFFFFFFFFFFFFFFFFFFFFF AND PUSH20 0xFFFFFFFFFFFFFFFFFFFFFFFFFFFFFFFFFFFFFFFF AND DUP2 MSTORE PUSH1 0x20 ADD SWAP1 DUP2 MSTORE PUSH1 0x20 ADD PUSH1 0x0 KECCAK256 PUSH1 0x0 DUP3 DUP3 SLOAD SUB SWAP3 POP POP DUP2 SWAP1 SSTORE POP DUP1 PUSH1 0x2 PUSH1 0x0 DUP5 PUSH20 0xFFFFFFFFFFFFFFFFFFFFFFFFFFFFFFFFFFFFFFFF AND PUSH20 0xFFFFFFFFFFFFFFFFFFFFFFFFFFFFFFFFFFFFFFFF AND DUP2 MSTORE PUSH1 0x20 ADD SWAP1 DUP2 MSTORE PUSH1 0x20 ADD PUSH1 0x0 KECCAK256 PUSH1 0x0 DUP3 DUP3 SLOAD ADD SWAP3 POP POP DUP2 SWAP1 SSTORE POP DUP2 PUSH20 0xFFFFFFFFFFFFFFFFFFFFFFFFFFFFFFFFFFFFFFFF AND DUP4 PUSH20 0xFFFFFFFFFFFFFFFFFFFFFFFFFFFFFFFFFFFFFFFF AND PUSH32 0xDDF252AD1BE2C89B69C2B068FC378DAA952BA7F163C4A11628F55A4DF523B3EF DUP4 PUSH1 0x40 MLOAD DUP1 DUP3 DUP2 MSTORE PUSH1 0x20 ADD SWAP2 POP POP PUSH1 0x40 MLOAD DUP1 SWAP2 SUB SWAP1 LOG3 POP POP POP JUMP JUMPDEST PUSH1 0x40 DUP1 MLOAD SWAP1 DUP2 ADD PUSH1 0x40 MSTORE DUP1 PUSH1 0x9 DUP2 MSTORE PUSH1 0x20 ADD PUSH32 0x4920616D20524943480000000000000000000000000000000000000000000000 DUP2 MSTORE POP DUP2 JUMP JUMPDEST PUSH1 0x0 DUP2 PUSH1 0x3 PUSH1 0x0 CALLER PUSH20 0xFFFFFFFFFFFFFFFFFFFFFFFFFFFFFFFFFFFFFFFF AND PUSH20 0xFFFFFFFFFFFFFFFFFFFFFFFFFFFFFFFFFFFFFFFF AND DUP2 MSTORE PUSH1 0x20 ADD SWAP1 DUP2 MSTORE PUSH1 0x20 ADD PUSH1 0x0 KECCAK256 PUSH1 0x0 DUP6 PUSH20 0xFFFFFFFFFFFFFFFFFFFFFFFFFFFFFFFFFFFFFFFF AND PUSH20 0xFFFFFFFFFFFFFFFFFFFFFFFFFFFFFFFFFFFFFFFF AND DUP2 MSTORE PUSH1 0x20 ADD SWAP1 DUP2 MSTORE PUSH1 0x20 ADD PUSH1 0x0 KECCAK256 DUP2 SWAP1 SSTORE POP PUSH1 0x1 SWAP1 POP SWAP3 SWAP2 POP POP JUMP JUMPDEST PUSH1 0x1 SLOAD DUP2 JUMP JUMPDEST PUSH1 0x0 PUSH1 0x3 PUSH1 0x0 DUP6 PUSH20 0xFFFFFFFFFFFFFFFFFFFFFFFFFFFFFFFFFFFFFFFF AND PUSH20 0xFFFFFFFFFFFFFFFFFFFFFFFFFFFFFFFFFFFFFFFF AND DUP2 MSTORE PUSH1 0x20 ADD SWAP1 DUP2 MSTORE PUSH1 0x20 ADD PUSH1 0x0 KECCAK256 PUSH1 0x0 CALLER PUSH20 0xFFFFFFFFFFFFFFFFFFFFFFFFFFFFFFFFFFFFFFFF AND PUSH20 0xFFFFFFFFFFFFFFFFFFFFFFFFFFFFFFFFFFFFFFFF AND DUP2 MSTORE PUSH1 0x20 ADD SWAP1 DUP2 MSTORE PUSH1 0x20 ADD PUSH1 0x0 KECCAK256 SLOAD DUP3 GT ISZERO ISZERO ISZERO PUSH2 0xAC8 JUMPI PUSH1 0x0 DUP1 REVERT JUMPDEST DUP2 PUSH1 0x3 PUSH1 0x0 DUP7 PUSH20 0xFFFFFFFFFFFFFFFFFFFFFFFFFFFFFFFFFFFFFFFF AND PUSH20 0xFFFFFFFFFFFFFFFFFFFFFFFFFFFFFFFFFFFFFFFF AND DUP2 MSTORE PUSH1 0x20 ADD SWAP1 DUP2 MSTORE PUSH1 0x20 ADD PUSH1 0x0 KECCAK256 PUSH1 0x0 CALLER PUSH20 0xFFFFFFFFFFFFFFFFFFFFFFFFFFFFFFFFFFFFFFFF AND PUSH20 0xFFFFFFFFFFFFFFFFFFFFFFFFFFFFFFFFFFFFFFFF AND DUP2 MSTORE PUSH1 0x20 ADD SWAP1 DUP2 MSTORE PUSH1 0x20 ADD PUSH1 0x0 KECCAK256 PUSH1 0x0 DUP3 DUP3 SLOAD SUB SWAP3 POP POP DUP2 SWAP1 SSTORE POP PUSH2 0xB5D DUP5 DUP5 DUP5 PUSH2 0x769 JUMP JUMPDEST PUSH1 0x1 SWAP1 POP SWAP4 SWAP3 POP POP POP JUMP JUMPDEST PUSH1 0x6 DUP2 JUMP JUMPDEST PUSH1 0x0 DUP1 SWAP1 SLOAD SWAP1 PUSH2 0x100 EXP SWAP1 DIV PUSH20 0xFFFFFFFFFFFFFFFFFFFFFFFFFFFFFFFFFFFFFFFF AND PUSH20 0xFFFFFFFFFFFFFFFFFFFFFFFFFFFFFFFFFFFFFFFF AND CALLER PUSH20 0xFFFFFFFFFFFFFFFFFFFFFFFFFFFFFFFFFFFFFFFF AND EQ ISZERO ISZERO PUSH2 0xBC8 JUMPI PUSH1 0x0 DUP1 REVERT JUMPDEST PUSH1 0x0 DUP1 SWAP1 SLOAD SWAP1 PUSH2 0x100 EXP SWAP1 DIV PUSH20 0xFFFFFFFFFFFFFFFFFFFFFFFFFFFFFFFFFFFFFFFF AND PUSH20 0xFFFFFFFFFFFFFFFFFFFFFFFFFFFFFFFFFFFFFFFF AND CALLER PUSH20 0xFFFFFFFFFFFFFFFFFFFFFFFFFFFFFFFFFFFFFFFF AND EQ ISZERO PUSH2 0xC57 JUMPI PUSH1 0x0 DUP1 SWAP1 SLOAD SWAP1 PUSH2 0x100 EXP SWAP1 DIV PUSH20 0xFFFFFFFFFFFFFFFFFFFFFFFFFFFFFFFFFFFFFFFF AND PUSH20 0xFFFFFFFFFFFFFFFFFFFFFFFFFFFFFFFFFFFFFFFF AND SELFDESTRUCT JUMPDEST JUMP JUMPDEST PUSH1 0x0 DUP2 PUSH1 0x2 PUSH1 0x0 CALLER PUSH20 0xFFFFFFFFFFFFFFFFFFFFFFFFFFFFFFFFFFFFFFFF AND PUSH20 0xFFFFFFFFFFFFFFFFFFFFFFFFFFFFFFFFFFFFFFFF AND DUP2 MSTORE PUSH1 0x20 ADD SWAP1 DUP2 MSTORE PUSH1 0x20 ADD PUSH1 0x0 KECCAK256 SLOAD LT ISZERO ISZERO ISZERO PUSH2 0xCA9 JUMPI PUSH1 0x0 DUP1 REVERT JUMPDEST DUP2 PUSH1 0x2 PUSH1 0x0 CALLER PUSH20 0xFFFFFFFFFFFFFFFFFFFFFFFFFFFFFFFFFFFFFFFF AND PUSH20 0xFFFFFFFFFFFFFFFFFFFFFFFFFFFFFFFFFFFFFFFF AND DUP2 MSTORE PUSH1 0x20 ADD SWAP1 DUP2 MSTORE PUSH1 0x20 ADD PUSH1 0x0 KECCAK256 PUSH1 0x0 DUP3 DUP3 SLOAD SUB SWAP3 POP POP DUP2 SWAP1 SSTORE POP DUP2 PUSH1 0x1 PUSH1 0x0 DUP3 DUP3 SLOAD SUB SWAP3 POP POP DUP2 SWAP1 SSTORE POP CALLER PUSH20 0xFFFFFFFFFFFFFFFFFFFFFFFFFFFFFFFFFFFFFFFF AND PUSH32 0xCC16F5DBB4873280815C1EE09DBD06736CFFCC184412CF7A71A0FDB75D397CA5 DUP4 PUSH1 0x40 MLOAD DUP1 DUP3 DUP2 MSTORE PUSH1 0x20 ADD SWAP2 POP POP PUSH1 0x40 MLOAD DUP1 SWAP2 SUB SWAP1 LOG2 PUSH1 0x1 SWAP1 POP SWAP2 SWAP1 POP JUMP JUMPDEST PUSH1 0x2 PUSH1 0x20 MSTORE DUP1 PUSH1 0x0 MSTORE PUSH1 0x40 PUSH1 0x0 KECCAK256 PUSH1 0x0 SWAP2 POP SWAP1 POP SLOAD DUP2 JUMP JUMPDEST PUSH1 0x0 DUP1 SWAP1 SLOAD SWAP1 PUSH2 0x100 EXP SWAP1 DIV PUSH20 0xFFFFFFFFFFFFFFFFFFFFFFFFFFFFFFFFFFFFFFFF AND PUSH20 0xFFFFFFFFFFFFFFFFFFFFFFFFFFFFFFFFFFFFFFFF AND CALLER PUSH20 0xFFFFFFFFFFFFFFFFFFFFFFFFFFFFFFFFFFFFFFFF AND EQ ISZERO ISZERO PUSH2 0xDD0 JUMPI PUSH1 0x0 DUP1 REVERT JUMPDEST DUP1 PUSH1 0x2 PUSH1 0x0 DUP5 PUSH20 0xFFFFFFFFFFFFFFFFFFFFFFFFFFFFFFFFFFFFFFFF AND PUSH20 0xFFFFFFFFFFFFFFFFFFFFFFFFFFFFFFFFFFFFFFFF AND DUP2 MSTORE PUSH1 0x20 ADD SWAP1 DUP2 MSTORE PUSH1 0x20 ADD PUSH1 0x0 KECCAK256 PUSH1 0x0 DUP3 DUP3 SLOAD ADD SWAP3 POP POP DUP2 SWAP1 SSTORE POP DUP1 PUSH1 0x1 PUSH1 0x0 DUP3 DUP3 SLOAD ADD SWAP3 POP POP DUP2 SWAP1 SSTORE POP PUSH1 0x0 DUP1 SWAP1 SLOAD SWAP1 PUSH2 0x100 EXP SWAP1 DIV PUSH20 0xFFFFFFFFFFFFFFFFFFFFFFFFFFFFFFFFFFFFFFFF AND PUSH20 0xFFFFFFFFFFFFFFFFFFFFFFFFFFFFFFFFFFFFFFFF AND PUSH1 0x0 PUSH32 0xDDF252AD1BE2C89B69C2B068FC378DAA952BA7F163C4A11628F55A4DF523B3EF DUP4 PUSH1 0x40 MLOAD DUP1 DUP3 DUP2 MSTORE PUSH1 0x20 ADD SWAP2 POP POP PUSH1 0x40 MLOAD DUP1 SWAP2 SUB SWAP1 LOG3 DUP2 PUSH20 0xFFFFFFFFFFFFFFFFFFFFFFFFFFFFFFFFFFFFFFFF AND PUSH1 0x0 DUP1 SWAP1 SLOAD SWAP1 PUSH2 0x100 EXP SWAP1 DIV PUSH20 0xFFFFFFFFFFFFFFFFFFFFFFFFFFFFFFFFFFFFFFFF AND PUSH20 0xFFFFFFFFFFFFFFFFFFFFFFFFFFFFFFFFFFFFFFFF AND PUSH32 0xDDF252AD1BE2C89B69C2B068FC378DAA952BA7F163C4A11628F55A4DF523B3EF DUP4 PUSH1 0x40 MLOAD DUP1 DUP3 DUP2 MSTORE PUSH1 0x20 ADD SWAP2 POP POP PUSH1 0x40 MLOAD DUP1 SWAP2 SUB SWAP1 LOG3 POP POP JUMP JUMPDEST PUSH1 0x0 DUP2 PUSH1 0x2 PUSH1 0x0 DUP6 PUSH20 0xFFFFFFFFFFFFFFFFFFFFFFFFFFFFFFFFFFFFFFFF AND PUSH20 0xFFFFFFFFFFFFFFFFFFFFFFFFFFFFFFFFFFFFFFFF AND DUP2 MSTORE PUSH1 0x20 ADD SWAP1 DUP2 MSTORE PUSH1 0x20 ADD PUSH1 0x0 KECCAK256 SLOAD LT ISZERO ISZERO ISZERO PUSH2 0xF78 JUMPI PUSH1 0x0 DUP1 REVERT JUMPDEST PUSH1 0x3 PUSH1 0x0 DUP5 PUSH20 0xFFFFFFFFFFFFFFFFFFFFFFFFFFFFFFFFFFFFFFFF AND PUSH20 0xFFFFFFFFFFFFFFFFFFFFFFFFFFFFFFFFFFFFFFFF AND DUP2 MSTORE PUSH1 0x20 ADD SWAP1 DUP2 MSTORE PUSH1 0x20 ADD PUSH1 0x0 KECCAK256 PUSH1 0x0 CALLER PUSH20 0xFFFFFFFFFFFFFFFFFFFFFFFFFFFFFFFFFFFFFFFF AND PUSH20 0xFFFFFFFFFFFFFFFFFFFFFFFFFFFFFFFFFFFFFFFF AND DUP2 MSTORE PUSH1 0x20 ADD SWAP1 DUP2 MSTORE PUSH1 0x20 ADD PUSH1 0x0 KECCAK256 SLOAD DUP3 GT ISZERO ISZERO ISZERO PUSH2 0x1003 JUMPI PUSH1 0x0 DUP1 REVERT JUMPDEST DUP2 PUSH1 0x2 PUSH1 0x0 DUP6 PUSH20 0xFFFFFFFFFFFFFFFFFFFFFFFFFFFFFFFFFFFFFFFF AND PUSH20 0xFFFFFFFFFFFFFFFFFFFFFFFFFFFFFFFFFFFFFFFF AND DUP2 MSTORE PUSH1 0x20 ADD SWAP1 DUP2 MSTORE PUSH1 0x20 ADD PUSH1 0x0 KECCAK256 PUSH1 0x0 DUP3 DUP3 SLOAD SUB SWAP3 POP POP DUP2 SWAP1 SSTORE POP DUP2 PUSH1 0x3 PUSH1 0x0 DUP6 PUSH20 0xFFFFFFFFFFFFFFFFFFFFFFFFFFFFFFFFFFFFFFFF AND PUSH20 0xFFFFFFFFFFFFFFFFFFFFFFFFFFFFFFFFFFFFFFFF AND DUP2 MSTORE PUSH1 0x20 ADD SWAP1 DUP2 MSTORE PUSH1 0x20 ADD PUSH1 0x0 KECCAK256 PUSH1 0x0 CALLER PUSH20 0xFFFFFFFFFFFFFFFFFFFFFFFFFFFFFFFFFFFFFFFF AND PUSH20 0xFFFFFFFFFFFFFFFFFFFFFFFFFFFFFFFFFFFFFFFF AND DUP2 MSTORE PUSH1 0x20 ADD SWAP1 DUP2 MSTORE PUSH1 0x20 ADD PUSH1 0x0 KECCAK256 PUSH1 0x0 DUP3 DUP3 SLOAD SUB SWAP3 POP POP DUP2 SWAP1 SSTORE POP DUP2 PUSH1 0x1 PUSH1 0x0 DUP3 DUP3 SLOAD SUB SWAP3 POP POP DUP2 SWAP1 SSTORE POP DUP3 PUSH20 0xFFFFFFFFFFFFFFFFFFFFFFFFFFFFFFFFFFFFFFFF AND PUSH32 0xCC16F5DBB4873280815C1EE09DBD06736CFFCC184412CF7A71A0FDB75D397CA5 DUP4 PUSH1 0x40 MLOAD DUP1 DUP3 DUP2 MSTORE PUSH1 0x20 ADD SWAP2 POP POP PUSH1 0x40 MLOAD DUP1 SWAP2 SUB SWAP1 LOG2 PUSH1 0x1 SWAP1 POP SWAP3 SWAP2 POP POP JUMP JUMPDEST PUSH1 0x4 SLOAD DUP2 JUMP JUMPDEST PUSH1 0x0 DUP1 SWAP1 SLOAD SWAP1 PUSH2 0x100 EXP SWAP1 DIV PUSH20 0xFFFFFFFFFFFFFFFFFFFFFFFFFFFFFFFFFFFFFFFF AND DUP2 JUMP JUMPDEST PUSH1 0x40 DUP1 MLOAD SWAP1 DUP2 ADD PUSH1 0x40 MSTORE DUP1 PUSH1 0x4 DUP2 MSTORE PUSH1 0x20 ADD PUSH32 0x5249434800000000000000000000000000000000000000000000000000000000 DUP2 MSTORE POP DUP2 JUMP JUMPDEST PUSH1 0x0 DUP1 SWAP1 SLOAD SWAP1 PUSH2 0x100 EXP SWAP1 DIV PUSH20 0xFFFFFFFFFFFFFFFFFFFFFFFFFFFFFFFFFFFFFFFF AND PUSH20 0xFFFFFFFFFFFFFFFFFFFFFFFFFFFFFFFFFFFFFFFF AND CALLER PUSH20 0xFFFFFFFFFFFFFFFFFFFFFFFFFFFFFFFFFFFFFFFF AND EQ ISZERO ISZERO PUSH2 0x1201 JUMPI PUSH1 0x0 DUP1 REVERT JUMPDEST DUP1 PUSH1 0x4 DUP2 SWAP1 SSTORE POP POP JUMP JUMPDEST PUSH1 0x0 PUSH1 0x4 SLOAD PUSH1 0x6 PUSH1 0xFF AND PUSH1 0xA EXP CALLVALUE MUL DUP2 ISZERO ISZERO PUSH2 0x1223 JUMPI INVALID JUMPDEST DIV SWAP1 POP PUSH2 0x1252 PUSH1 0x0 DUP1 SWAP1 SLOAD SWAP1 PUSH2 0x100 EXP SWAP1 DIV PUSH20 0xFFFFFFFFFFFFFFFFFFFFFFFFFFFFFFFFFFFFFFFF AND CALLER DUP4 PUSH2 0x769 JUMP JUMPDEST POP JUMP JUMPDEST PUSH2 0x1260 CALLER DUP4 DUP4 PUSH2 0x769 JUMP JUMPDEST POP POP JUMP JUMPDEST PUSH1 0x0 DUP1 DUP5 SWAP1 POP PUSH2 0x1274 DUP6 DUP6 PUSH2 0x9A8 JUMP JUMPDEST ISZERO PUSH2 0x13D9 JUMPI DUP1 PUSH20 0xFFFFFFFFFFFFFFFFFFFFFFFFFFFFFFFFFFFFFFFF AND PUSH4 0x8F4FFCB1 CALLER DUP7 ADDRESS DUP8 PUSH1 0x40 MLOAD DUP6 PUSH4 0xFFFFFFFF AND PUSH29 0x100000000000000000000000000000000000000000000000000000000 MUL DUP2 MSTORE PUSH1 0x4 ADD DUP1 DUP6 PUSH20 0xFFFFFFFFFFFFFFFFFFFFFFFFFFFFFFFFFFFFFFFF AND PUSH20 0xFFFFFFFFFFFFFFFFFFFFFFFFFFFFFFFFFFFFFFFF AND DUP2 MSTORE PUSH1 0x20 ADD DUP5 DUP2 MSTORE PUSH1 0x20 ADD DUP4 PUSH20 0xFFFFFFFFFFFFFFFFFFFFFFFFFFFFFFFFFFFFFFFF AND PUSH20 0xFFFFFFFFFFFFFFFFFFFFFFFFFFFFFFFFFFFFFFFF AND DUP2 MSTORE PUSH1 0x20 ADD DUP1 PUSH1 0x20 ADD DUP3 DUP2 SUB DUP3 MSTORE DUP4 DUP2 DUP2 MLOAD DUP2 MSTORE PUSH1 0x20 ADD SWAP2 POP DUP1 MLOAD SWAP1 PUSH1 0x20 ADD SWAP1 DUP1 DUP4 DUP4 PUSH1 0x0 JUMPDEST DUP4 DUP2 LT ISZERO PUSH2 0x136E JUMPI DUP1 DUP3 ADD MLOAD DUP2 DUP5 ADD MSTORE PUSH1 0x20 DUP2 ADD SWAP1 POP PUSH2 0x1353 JUMP JUMPDEST POP POP POP POP SWAP1 POP SWAP1 DUP2 ADD SWAP1 PUSH1 0x1F AND DUP1 ISZERO PUSH2 0x139B JUMPI DUP1 DUP3 SUB DUP1 MLOAD PUSH1 0x1 DUP4 PUSH1 0x20 SUB PUSH2 0x100 EXP SUB NOT AND DUP2 MSTORE PUSH1 0x20 ADD SWAP2 POP JUMPDEST POP SWAP6 POP POP POP POP POP POP PUSH1 0x0 PUSH1 0x40 MLOAD DUP1 DUP4 SUB DUP2 PUSH1 0x0 DUP8 DUP1 EXTCODESIZE ISZERO ISZERO PUSH2 0x13BC JUMPI PUSH1 0x0 DUP1 REVERT JUMPDEST PUSH2 0x2C6 GAS SUB CALL ISZERO ISZERO PUSH2 0x13CD JUMPI PUSH1 0x0 DUP1 REVERT JUMPDEST POP POP POP PUSH1 0x1 SWAP2 POP PUSH2 0x13DA JUMP JUMPDEST JUMPDEST POP SWAP4 SWAP3 POP POP POP JUMP JUMPDEST PUSH1 0x3 PUSH1 0x20 MSTORE DUP2 PUSH1 0x0 MSTORE PUSH1 0x40 PUSH1 0x0 KECCAK256 PUSH1 0x20 MSTORE DUP1 PUSH1 0x0 MSTORE PUSH1 0x40 PUSH1 0x0 KECCAK256 PUSH1 0x0 SWAP2 POP SWAP2 POP POP SLOAD DUP2 JUMP JUMPDEST PUSH1 0x5 SLOAD DUP2 JUMP JUMPDEST PUSH1 0x0 DUP1 SWAP1 SLOAD SWAP1 PUSH2 0x100 EXP SWAP1 DIV PUSH20 0xFFFFFFFFFFFFFFFFFFFFFFFFFFFFFFFFFFFFFFFF AND PUSH20 0xFFFFFFFFFFFFFFFFFFFFFFFFFFFFFFFFFFFFFFFF AND CALLER PUSH20 0xFFFFFFFFFFFFFFFFFFFFFFFFFFFFFFFFFFFFFFFF AND EQ ISZERO ISZERO PUSH2 0x1468 JUMPI PUSH1 0x0 DUP1 REVERT JUMPDEST PUSH1 0x0 DUP1 SWAP1 SLOAD SWAP1 PUSH2 0x100 EXP SWAP1 DIV PUSH20 0xFFFFFFFFFFFFFFFFFFFFFFFFFFFFFFFFFFFFFFFF AND PUSH20 0xFFFFFFFFFFFFFFFFFFFFFFFFFFFFFFFFFFFFFFFF AND CALLER PUSH20 0xFFFFFFFFFFFFFFFFFFFFFFFFFFFFFFFFFFFFFFFF AND EQ ISZERO PUSH2 0x1508 JUMPI CALLER PUSH20 0xFFFFFFFFFFFFFFFFFFFFFFFFFFFFFFFFFFFFFFFF AND PUSH2 0x8FC PUSH8 0x16345785D8A0000 DUP4 MUL SWAP1 DUP2 ISZERO MUL SWAP1 PUSH1 0x40 MLOAD PUSH1 0x0 PUSH1 0x40 MLOAD DUP1 DUP4 SUB DUP2 DUP6 DUP9 DUP9 CALL SWAP4 POP POP POP POP ISZERO ISZERO PUSH2 0x1507 JUMPI PUSH1 0x0 DUP1 REVERT JUMPDEST JUMPDEST POP JUMP JUMPDEST PUSH1 0x0 DUP1 SWAP1 SLOAD SWAP1 PUSH2 0x100 EXP SWAP1 DIV PUSH20 0xFFFFFFFFFFFFFFFFFFFFFFFFFFFFFFFFFFFFFFFF AND PUSH20 0xFFFFFFFFFFFFFFFFFFFFFFFFFFFFFFFFFFFFFFFF AND CALLER PUSH20 0xFFFFFFFFFFFFFFFFFFFFFFFFFFFFFFFFFFFFFFFF AND EQ ISZERO ISZERO PUSH2 0x1566 JUMPI PUSH1 0x0 DUP1 REVERT JUMPDEST DUP1 PUSH1 0x0 DUP1 PUSH2 0x100 EXP DUP2 SLOAD DUP2 PUSH20 0xFFFFFFFFFFFFFFFFFFFFFFFFFFFFFFFFFFFFFFFF MUL NOT AND SWAP1 DUP4 PUSH20 0xFFFFFFFFFFFFFFFFFFFFFFFFFFFFFFFFFFFFFFFF AND MUL OR SWAP1 SSTORE POP POP JUMP STOP LOG1 PUSH6 0x627A7A723058 KECCAK256 ADDMOD GASPRICE DUP7 0xb7 0xb4 0xbd SWAP16 0xe3 0xdf PUSH21 0xC043636B6C198C0D180E36EB3FB5AB24B9B1995DD6 DELEGATECALL STOP 0x29
1,PUSH1 0x60 PUSH1 0x40 MSTORE PUSH1 0x8 PUSH1 0x2 PUSH1 0x0 PUSH2 0x100 EXP DUP2 SLOAD DUP2 PUSH1 0xFF MUL NOT AND SWAP1 DUP4 PUSH1 0xFF AND MUL OR SWAP1 SSTORE POP CALLVALUE ISZERO PUSH2 0x2B JUMPI PUSH1 0x0 DUP1 REVERT JUMPDEST PUSH1 0x40 MLOAD PUSH2 0xF1B CODESIZE SUB DUP1 PUSH2 0xF1B DUP4 CODECOPY DUP2 ADD PUSH1 0x40 MSTORE DUP1 DUP1 MLOAD SWAP1 PUSH1 0x20 ADD SWAP1 SWAP2 SWAP1 DUP1 MLOAD DUP3 ADD SWAP2 SWAP1 PUSH1 0x20 ADD DUP1 MLOAD DUP3 ADD SWAP2 SWAP1 POP POP PUSH1 0x2 PUSH1 0x0 SWAP1 SLOAD SWAP1 PUSH2 0x100 EXP SWAP1 DIV PUSH1 0xFF AND PUSH1 0xFF AND PUSH1 0xA EXP DUP4 MUL PUSH1 0x3 DUP2 SWAP1 SSTORE POP PUSH1 0x3 SLOAD PUSH1 0x5 PUSH1 0x0 CALLER PUSH20 0xFFFFFFFFFFFFFFFFFFFFFFFFFFFFFFFFFFFFFFFF AND PUSH20 0xFFFFFFFFFFFFFFFFFFFFFFFFFFFFFFFFFFFFFFFF AND DUP2 MSTORE PUSH1 0x20 ADD SWAP1 DUP2 MSTORE PUSH1 0x20 ADD PUSH1 0x0 KECCAK256 DUP2 SWAP1 SSTORE POP DUP2 PUSH1 0x0 SWAP1 DUP1 MLOAD SWAP1 PUSH1 0x20 ADD SWAP1 PUSH2 0xD3 SWAP3 SWAP2 SWAP1 PUSH2 0xFC JUMP JUMPDEST POP DUP1 PUSH1 0x1 SWAP1 DUP1 MLOAD SWAP1 PUSH1 0x20 ADD SWAP1 PUSH2 0xEA SWAP3 SWAP2 SWAP1 PUSH2 0xFC JUMP JUMPDEST POP PUSH2 0x3E8 PUSH1 0x4 DUP2 SWAP1 SSTORE POP POP POP POP PUSH2 0x1A1 JUMP JUMPDEST DUP3 DUP1 SLOAD PUSH1 0x1 DUP2 PUSH1 0x1 AND ISZERO PUSH2 0x100 MUL SUB AND PUSH1 0x2 SWAP1 DIV SWAP1 PUSH1 0x0 MSTORE PUSH1 0x20 PUSH1 0x0 KECCAK256 SWAP1 PUSH1 0x1F ADD PUSH1 0x20 SWAP1 DIV DUP2 ADD SWAP3 DUP3 PUSH1 0x1F LT PUSH2 0x13D JUMPI DUP1 MLOAD PUSH1 0xFF NOT AND DUP4 DUP1 ADD OR DUP6 SSTORE PUSH2 0x16B JUMP JUMPDEST DUP3 DUP1 ADD PUSH1 0x1 ADD DUP6 SSTORE DUP3 ISZERO PUSH2 0x16B JUMPI SWAP2 DUP3 ADD JUMPDEST DUP3 DUP2 GT ISZERO PUSH2 0x16A JUMPI DUP3 MLOAD DUP3 SSTORE SWAP2 PUSH1 0x20 ADD SWAP2 SWAP1 PUSH1 0x1 ADD SWAP1 PUSH2 0x14F JUMP JUMPDEST JUMPDEST POP SWAP1 POP PUSH2 0x178 SWAP2 SWAP1 PUSH2 0x17C JUMP JUMPDEST POP SWAP1 JUMP JUMPDEST PUSH2 0x19E SWAP2 SWAP1 JUMPDEST DUP1 DUP3 GT ISZERO PUSH2 0x19A JUMPI PUSH1 0x0 DUP2 PUSH1 0x0 SWAP1 SSTORE POP PUSH1 0x1 ADD PUSH2 0x182 JUMP JUMPDEST POP SWAP1 JUMP JUMPDEST SWAP1 JUMP JUMPDEST PUSH2 0xD6B DUP1 PUSH2 0x1B0 PUSH1 0x0 CODECOPY PUSH1 0x0 RETURN STOP PUSH1 0x60 PUSH1 0x40 MSTORE PUSH1 0x4 CALLDATASIZE LT PUSH2 0xBA JUMPI PUSH1 0x0 CALLDATALOAD PUSH29 0x100000000000000000000000000000000000000000000000000000000 SWAP1 DIV PUSH4 0xFFFFFFFF AND DUP1 PUSH4 0x6FDDE03 EQ PUSH2 0xBF JUMPI DUP1 PUSH4 0x95EA7B3 EQ PUSH2 0x14D JUMPI DUP1 PUSH4 0x18160DDD EQ PUSH2 0x1A7 JUMPI DUP1 PUSH4 0x23B872DD EQ PUSH2 0x1D0 JUMPI DUP1 PUSH4 0x313CE567 EQ PUSH2 0x249 JUMPI DUP1 PUSH4 0x42966C68 EQ PUSH2 0x278 JUMPI DUP1 PUSH4 0x65F2BC2E EQ PUSH2 0x2B3 JUMPI DUP1 PUSH4 0x70A08231 EQ PUSH2 0x2DC JUMPI DUP1 PUSH4 0x79CC6790 EQ PUSH2 0x329 JUMPI DUP1 PUSH4 0x95D89B41 EQ PUSH2 0x383 JUMPI DUP1 PUSH4 0xA9059CBB EQ PUSH2 0x411 JUMPI DUP1 PUSH4 0xDD62ED3E EQ PUSH2 0x453 JUMPI JUMPDEST PUSH1 0x0 DUP1 REVERT JUMPDEST CALLVALUE ISZERO PUSH2 0xCA JUMPI PUSH1 0x0 DUP1 REVERT JUMPDEST PUSH2 0xD2 PUSH2 0x4BF JUMP JUMPDEST PUSH1 0x40 MLOAD DUP1 DUP1 PUSH1 0x20 ADD DUP3 DUP2 SUB DUP3 MSTORE DUP4 DUP2 DUP2 MLOAD DUP2 MSTORE PUSH1 0x20 ADD SWAP2 POP DUP1 MLOAD SWAP1 PUSH1 0x20 ADD SWAP1 DUP1 DUP4 DUP4 PUSH1 0x0 JUMPDEST DUP4 DUP2 LT ISZERO PUSH2 0x112 JUMPI DUP1 DUP3 ADD MLOAD DUP2 DUP5 ADD MSTORE PUSH1 0x20 DUP2 ADD SWAP1 POP PUSH2 0xF7 JUMP JUMPDEST POP POP POP POP SWAP1 POP SWAP1 DUP2 ADD SWAP1 PUSH1 0x1F AND DUP1 ISZERO PUSH2 0x13F JUMPI DUP1 DUP3 SUB DUP1 MLOAD PUSH1 0x1 DUP4 PUSH1 0x20 SUB PUSH2 0x100 EXP SUB NOT AND DUP2 MSTORE PUSH1 0x20 ADD SWAP2 POP JUMPDEST POP SWAP3 POP POP POP PUSH1 0x40 MLOAD DUP1 SWAP2 SUB SWAP1 RETURN JUMPDEST CALLVALUE ISZERO PUSH2 0x158 JUMPI PUSH1 0x0 DUP1 REVERT JUMPDEST PUSH2 0x18D PUSH1 0x4 DUP1 DUP1 CALLDATALOAD PUSH20 0xFFFFFFFFFFFFFFFFFFFFFFFFFFFFFFFFFFFFFFFF AND SWAP1 PUSH1 0x20 ADD SWAP1 SWAP2 SWAP1 DUP1 CALLDATALOAD SWAP1 PUSH1 0x20 ADD SWAP1 SWAP2 SWAP1 POP POP PUSH2 0x55D JUMP JUMPDEST PUSH1 0x40 MLOAD DUP1 DUP3 ISZERO ISZERO ISZERO ISZERO DUP2 MSTORE PUSH1 0x20 ADD SWAP2 POP POP PUSH1 0x40 MLOAD DUP1 SWAP2 SUB SWAP1 RETURN JUMPDEST CALLVALUE ISZERO PUSH2 0x1B2 JUMPI PUSH1 0x0 DUP1 REVERT JUMPDEST PUSH2 0x1BA PUSH2 0x5EA JUMP JUMPDEST PUSH1 0x40 MLOAD DUP1 DUP3 DUP2 MSTORE PUSH1 0x20 ADD SWAP2 POP POP PUSH1 0x40 MLOAD DUP1 SWAP2 SUB SWAP1 RETURN JUMPDEST CALLVALUE ISZERO PUSH2 0x1DB JUMPI PUSH1 0x0 DUP1 REVERT JUMPDEST PUSH2 0x22F PUSH1 0x4 DUP1 DUP1 CALLDATALOAD PUSH20 0xFFFFFFFFFFFFFFFFFFFFFFFFFFFFFFFFFFFFFFFF AND SWAP1 PUSH1 0x20 ADD SWAP1 SWAP2 SWAP1 DUP1 CALLDATALOAD PUSH20 0xFFFFFFFFFFFFFFFFFFFFFFFFFFFFFFFFFFFFFFFF AND SWAP1 PUSH1 0x20 ADD SWAP1 SWAP2 SWAP1 DUP1 CALLDATALOAD SWAP1 PUSH1 0x20 ADD SWAP1 SWAP2 SWAP1 POP POP PUSH2 0x5F0 JUMP JUMPDEST PUSH1 0x40 MLOAD DUP1 DUP3 ISZERO ISZERO ISZERO ISZERO DUP2 MSTORE PUSH1 0x20 ADD SWAP2 POP POP PUSH1 0x40 MLOAD DUP1 SWAP2 SUB SWAP1 RETURN JUMPDEST CALLVALUE ISZERO PUSH2 0x254 JUMPI PUSH1 0x0 DUP1 REVERT JUMPDEST PUSH2 0x25C PUSH2 0x608 JUMP JUMPDEST PUSH1 0x40 MLOAD DUP1 DUP3 PUSH1 0xFF AND PUSH1 0xFF AND DUP2 MSTORE PUSH1 0x20 ADD SWAP2 POP POP PUSH1 0x40 MLOAD DUP1 SWAP2 SUB SWAP1 RETURN JUMPDEST CALLVALUE ISZERO PUSH2 0x283 JUMPI PUSH1 0x0 DUP1 REVERT JUMPDEST PUSH2 0x299 PUSH1 0x4 DUP1 DUP1 CALLDATALOAD SWAP1 PUSH1 0x20 ADD SWAP1 SWAP2 SWAP1 POP POP PUSH2 0x61B JUMP JUMPDEST PUSH1 0x40 MLOAD DUP1 DUP3 ISZERO ISZERO ISZERO ISZERO DUP2 MSTORE PUSH1 0x20 ADD SWAP2 POP POP PUSH1 0x40 MLOAD DUP1 SWAP2 SUB SWAP1 RETURN JUMPDEST CALLVALUE ISZERO PUSH2 0x2BE JUMPI PUSH1 0x0 DUP1 REVERT JUMPDEST PUSH2 0x2C6 PUSH2 0x71F JUMP JUMPDEST PUSH1 0x40 MLOAD DUP1 DUP3 DUP2 MSTORE PUSH1 0x20 ADD SWAP2 POP POP PUSH1 0x40 MLOAD DUP1 SWAP2 SUB SWAP1 RETURN JUMPDEST CALLVALUE ISZERO PUSH2 0x2E7 JUMPI PUSH1 0x0 DUP1 REVERT JUMPDEST PUSH2 0x313 PUSH1 0x4 DUP1 DUP1 CALLDATALOAD PUSH20 0xFFFFFFFFFFFFFFFFFFFFFFFFFFFFFFFFFFFFFFFF AND SWAP1 PUSH1 0x20 ADD SWAP1 SWAP2 SWAP1 POP POP PUSH2 0x725 JUMP JUMPDEST PUSH1 0x40 MLOAD DUP1 DUP3 DUP2 MSTORE PUSH1 0x20 ADD SWAP2 POP POP PUSH1 0x40 MLOAD DUP1 SWAP2 SUB SWAP1 RETURN JUMPDEST CALLVALUE ISZERO PUSH2 0x334 JUMPI PUSH1 0x0 DUP1 REVERT JUMPDEST PUSH2 0x369 PUSH1 0x4 DUP1 DUP1 CALLDATALOAD PUSH20 0xFFFFFFFFFFFFFFFFFFFFFFFFFFFFFFFFFFFFFFFF AND SWAP1 PUSH1 0x20 ADD SWAP1 SWAP2 SWAP1 DUP1 CALLDATALOAD SWAP1 PUSH1 0x20 ADD SWAP1 SWAP2 SWAP1 POP POP PUSH2 0x73D JUMP JUMPDEST PUSH1 0x40 MLOAD DUP1 DUP3 ISZERO ISZERO ISZERO ISZERO DUP2 MSTORE PUSH1 0x20 ADD SWAP2 POP POP PUSH1 0x40 MLOAD DUP1 SWAP2 SUB SWAP1 RETURN JUMPDEST CALLVALUE ISZERO PUSH2 0x38E JUMPI PUSH1 0x0 DUP1 REVERT JUMPDEST PUSH2 0x396 PUSH2 0x957 JUMP JUMPDEST PUSH1 0x40 MLOAD DUP1 DUP1 PUSH1 0x20 ADD DUP3 DUP2 SUB DUP3 MSTORE DUP4 DUP2 DUP2 MLOAD DUP2 MSTORE PUSH1 0x20 ADD SWAP2 POP DUP1 MLOAD SWAP1 PUSH1 0x20 ADD SWAP1 DUP1 DUP4 DUP4 PUSH1 0x0 JUMPDEST DUP4 DUP2 LT ISZERO PUSH2 0x3D6 JUMPI DUP1 DUP3 ADD MLOAD DUP2 DUP5 ADD MSTORE PUSH1 0x20 DUP2 ADD SWAP1 POP PUSH2 0x3BB JUMP JUMPDEST POP POP POP POP SWAP1 POP SWAP1 DUP2 ADD SWAP1 PUSH1 0x1F AND DUP1 ISZERO PUSH2 0x403 JUMPI DUP1 DUP3 SUB DUP1 MLOAD PUSH1 0x1 DUP4 PUSH1 0x20 SUB PUSH2 0x100 EXP SUB NOT AND DUP2 MSTORE PUSH1 0x20 ADD SWAP2 POP JUMPDEST POP SWAP3 POP POP POP PUSH1 0x40 MLOAD DUP1 SWAP2 SUB SWAP1 RETURN JUMPDEST CALLVALUE ISZERO PUSH2 0x41C JUMPI PUSH1 0x0 DUP1 REVERT JUMPDEST PUSH2 0x451 PUSH1 0x4 DUP1 DUP1 CALLDATALOAD PUSH20 0xFFFFFFFFFFFFFFFFFFFFFFFFFFFFFFFFFFFFFFFF AND SWAP1 PUSH1 0x20 ADD SWAP1 SWAP2 SWAP1 DUP1 CALLDATALOAD SWAP1 PUSH1 0x20 ADD SWAP1 SWAP2 SWAP1 POP POP PUSH2 0x9F5 JUMP JUMPDEST STOP JUMPDEST CALLVALUE ISZERO PUSH2 0x45E JUMPI PUSH1 0x0 DUP1 REVERT JUMPDEST PUSH2 0x4A9 PUSH1 0x4 DUP1 DUP1 CALLDATALOAD PUSH20 0xFFFFFFFFFFFFFFFFFFFFFFFFFFFFFFFFFFFFFFFF AND SWAP1 PUSH1 0x20 ADD SWAP1 SWAP2 SWAP1 DUP1 CALLDATALOAD PUSH20 0xFFFFFFFFFFFFFFFFFFFFFFFFFFFFFFFFFFFFFFFF AND SWAP1 PUSH1 0x20 ADD SWAP1 SWAP2 SWAP1 POP POP PUSH2 0xA04 JUMP JUMPDEST PUSH1 0x40 MLOAD DUP1 DUP3 DUP2 MSTORE PUSH1 0x20 ADD SWAP2 POP POP PUSH1 0x40 MLOAD DUP1 SWAP2 SUB SWAP1 RETURN JUMPDEST PUSH1 0x0 DUP1 SLOAD PUSH1 0x1 DUP2 PUSH1 0x1 AND ISZERO PUSH2 0x100 MUL SUB AND PUSH1 0x2 SWAP1 DIV DUP1 PUSH1 0x1F ADD PUSH1 0x20 DUP1 SWAP2 DIV MUL PUSH1 0x20 ADD PUSH1 0x40 MLOAD SWAP1 DUP2 ADD PUSH1 0x40 MSTORE DUP1 SWAP3 SWAP2 SWAP1 DUP2 DUP2 MSTORE PUSH1 0x20 ADD DUP3 DUP1 SLOAD PUSH1 0x1 DUP2 PUSH1 0x1 AND ISZERO PUSH2 0x100 MUL SUB AND PUSH1 0x2 SWAP1 DIV DUP1 ISZERO PUSH2 0x555 JUMPI DUP1 PUSH1 0x1F LT PUSH2 0x52A JUMPI PUSH2 0x100 DUP1 DUP4 SLOAD DIV MUL DUP4 MSTORE SWAP2 PUSH1 0x20 ADD SWAP2 PUSH2 0x555 JUMP JUMPDEST DUP3 ADD SWAP2 SWAP1 PUSH1 0x0 MSTORE PUSH1 0x20 PUSH1 0x0 KECCAK256 SWAP1 JUMPDEST DUP2 SLOAD DUP2 MSTORE SWAP1 PUSH1 0x1 ADD SWAP1 PUSH1 0x20 ADD DUP1 DUP4 GT PUSH2 0x538 JUMPI DUP3 SWAP1 SUB PUSH1 0x1F AND DUP3 ADD SWAP2 JUMPDEST POP POP POP POP POP DUP2 JUMP JUMPDEST PUSH1 0x0 DUP2 PUSH1 0x6 PUSH1 0x0 CALLER PUSH20 0xFFFFFFFFFFFFFFFFFFFFFFFFFFFFFFFFFFFFFFFF AND PUSH20 0xFFFFFFFFFFFFFFFFFFFFFFFFFFFFFFFFFFFFFFFF AND DUP2 MSTORE PUSH1 0x20 ADD SWAP1 DUP2 MSTORE PUSH1 0x20 ADD PUSH1 0x0 KECCAK256 PUSH1 0x0 DUP6 PUSH20 0xFFFFFFFFFFFFFFFFFFFFFFFFFFFFFFFFFFFFFFFF AND PUSH20 0xFFFFFFFFFFFFFFFFFFFFFFFFFFFFFFFFFFFFFFFF AND DUP2 MSTORE PUSH1 0x20 ADD SWAP1 DUP2 MSTORE PUSH1 0x20 ADD PUSH1 0x0 KECCAK256 DUP2 SWAP1 SSTORE POP PUSH1 0x1 SWAP1 POP SWAP3 SWAP2 POP POP JUMP JUMPDEST PUSH1 0x3 SLOAD DUP2 JUMP JUMPDEST PUSH1 0x0 PUSH2 0x5FD DUP5 DUP5 DUP5 PUSH2 0xA29 JUMP JUMPDEST PUSH1 0x1 SWAP1 POP SWAP4 SWAP3 POP POP POP JUMP JUMPDEST PUSH1 0x2 PUSH1 0x0 SWAP1 SLOAD SWAP1 PUSH2 0x100 EXP SWAP1 DIV PUSH1 0xFF AND DUP2 JUMP JUMPDEST PUSH1 0x0 DUP2 PUSH1 0x5 PUSH1 0x0 CALLER PUSH20 0xFFFFFFFFFFFFFFFFFFFFFFFFFFFFFFFFFFFFFFFF AND PUSH20 0xFFFFFFFFFFFFFFFFFFFFFFFFFFFFFFFFFFFFFFFF AND DUP2 MSTORE PUSH1 0x20 ADD SWAP1 DUP2 MSTORE PUSH1 0x20 ADD PUSH1 0x0 KECCAK256 SLOAD LT ISZERO ISZERO ISZERO PUSH2 0x66B JUMPI PUSH1 0x0 DUP1 REVERT JUMPDEST DUP2 PUSH1 0x5 PUSH1 0x0 CALLER PUSH20 0xFFFFFFFFFFFFFFFFFFFFFFFFFFFFFFFFFFFFFFFF AND PUSH20 0xFFFFFFFFFFFFFFFFFFFFFFFFFFFFFFFFFFFFFFFF AND DUP2 MSTORE PUSH1 0x20 ADD SWAP1 DUP2 MSTORE PUSH1 0x20 ADD PUSH1 0x0 KECCAK256 PUSH1 0x0 DUP3 DUP3 SLOAD SUB SWAP3 POP POP DUP2 SWAP1 SSTORE POP DUP2 PUSH1 0x3 PUSH1 0x0 DUP3 DUP3 SLOAD SUB SWAP3 POP POP DUP2 SWAP1 SSTORE POP CALLER PUSH20 0xFFFFFFFFFFFFFFFFFFFFFFFFFFFFFFFFFFFFFFFF AND PUSH32 0xCC16F5DBB4873280815C1EE09DBD06736CFFCC184412CF7A71A0FDB75D397CA5 DUP4 PUSH1 0x40 MLOAD DUP1 DUP3 DUP2 MSTORE PUSH1 0x20 ADD SWAP2 POP POP PUSH1 0x40 MLOAD DUP1 SWAP2 SUB SWAP1 LOG2 PUSH1 0x1 SWAP1 POP SWAP2 SWAP1 POP JUMP JUMPDEST PUSH1 0x4 SLOAD DUP2 JUMP JUMPDEST PUSH1 0x5 PUSH1 0x20 MSTORE DUP1 PUSH1 0x0 MSTORE PUSH1 0x40 PUSH1 0x0 KECCAK256 PUSH1 0x0 SWAP2 POP SWAP1 POP SLOAD DUP2 JUMP JUMPDEST PUSH1 0x0 DUP2 PUSH1 0x5 PUSH1 0x0 DUP6 PUSH20 0xFFFFFFFFFFFFFFFFFFFFFFFFFFFFFFFFFFFFFFFF AND PUSH20 0xFFFFFFFFFFFFFFFFFFFFFFFFFFFFFFFFFFFFFFFF AND DUP2 MSTORE PUSH1 0x20 ADD SWAP1 DUP2 MSTORE PUSH1 0x20 ADD PUSH1 0x0 KECCAK256 SLOAD LT ISZERO ISZERO ISZERO PUSH2 0x78D JUMPI PUSH1 0x0 DUP1 REVERT JUMPDEST PUSH1 0x6 PUSH1 0x0 DUP5 PUSH20 0xFFFFFFFFFFFFFFFFFFFFFFFFFFFFFFFFFFFFFFFF AND PUSH20 0xFFFFFFFFFFFFFFFFFFFFFFFFFFFFFFFFFFFFFFFF AND DUP2 MSTORE PUSH1 0x20 ADD SWAP1 DUP2 MSTORE PUSH1 0x20 ADD PUSH1 0x0 KECCAK256 PUSH1 0x0 CALLER PUSH20 0xFFFFFFFFFFFFFFFFFFFFFFFFFFFFFFFFFFFFFFFF AND PUSH20 0xFFFFFFFFFFFFFFFFFFFFFFFFFFFFFFFFFFFFFFFF AND DUP2 MSTORE PUSH1 0x20 ADD SWAP1 DUP2 MSTORE PUSH1 0x20 ADD PUSH1 0x0 KECCAK256 SLOAD DUP3 GT ISZERO ISZERO ISZERO PUSH2 0x818 JUMPI PUSH1 0x0 DUP1 REVERT JUMPDEST DUP2 PUSH1 0x5 PUSH1 0x0 DUP6 PUSH20 0xFFFFFFFFFFFFFFFFFFFFFFFFFFFFFFFFFFFFFFFF AND PUSH20 0xFFFFFFFFFFFFFFFFFFFFFFFFFFFFFFFFFFFFFFFF AND DUP2 MSTORE PUSH1 0x20 ADD SWAP1 DUP2 MSTORE PUSH1 0x20 ADD PUSH1 0x0 KECCAK256 PUSH1 0x0 DUP3 DUP3 SLOAD SUB SWAP3 POP POP DUP2 SWAP1 SSTORE POP DUP2 PUSH1 0x6 PUSH1 0x0 DUP6 PUSH20 0xFFFFFFFFFFFFFFFFFFFFFFFFFFFFFFFFFFFFFFFF AND PUSH20 0xFFFFFFFFFFFFFFFFFFFFFFFFFFFFFFFFFFFFFFFF AND DUP2 MSTORE PUSH1 0x20 ADD SWAP1 DUP2 MSTORE PUSH1 0x20 ADD PUSH1 0x0 KECCAK256 PUSH1 0x0 CALLER PUSH20 0xFFFFFFFFFFFFFFFFFFFFFFFFFFFFFFFFFFFFFFFF AND PUSH20 0xFFFFFFFFFFFFFFFFFFFFFFFFFFFFFFFFFFFFFFFF AND DUP2 MSTORE PUSH1 0x20 ADD SWAP1 DUP2 MSTORE PUSH1 0x20 ADD PUSH1 0x0 KECCAK256 PUSH1 0x0 DUP3 DUP3 SLOAD SUB SWAP3 POP POP DUP2 SWAP1 SSTORE POP DUP2 PUSH1 0x3 PUSH1 0x0 DUP3 DUP3 SLOAD SUB SWAP3 POP POP DUP2 SWAP1 SSTORE POP DUP3 PUSH20 0xFFFFFFFFFFFFFFFFFFFFFFFFFFFFFFFFFFFFFFFF AND PUSH32 0xCC16F5DBB4873280815C1EE09DBD06736CFFCC184412CF7A71A0FDB75D397CA5 DUP4 PUSH1 0x40 MLOAD DUP1 DUP3 DUP2 MSTORE PUSH1 0x20 ADD SWAP2 POP POP PUSH1 0x40 MLOAD DUP1 SWAP2 SUB SWAP1 LOG2 PUSH1 0x1 SWAP1 POP SWAP3 SWAP2 POP POP JUMP JUMPDEST PUSH1 0x1 DUP1 SLOAD PUSH1 0x1 DUP2 PUSH1 0x1 AND ISZERO PUSH2 0x100 MUL SUB AND PUSH1 0x2 SWAP1 DIV DUP1 PUSH1 0x1F ADD PUSH1 0x20 DUP1 SWAP2 DIV MUL PUSH1 0x20 ADD PUSH1 0x40 MLOAD SWAP1 DUP2 ADD PUSH1 0x40 MSTORE DUP1 SWAP3 SWAP2 SWAP1 DUP2 DUP2 MSTORE PUSH1 0x20 ADD DUP3 DUP1 SLOAD PUSH1 0x1 DUP2 PUSH1 0x1 AND ISZERO PUSH2 0x100 MUL SUB AND PUSH1 0x2 SWAP1 DIV DUP1 ISZERO PUSH2 0x9ED JUMPI DUP1 PUSH1 0x1F LT PUSH2 0x9C2 JUMPI PUSH2 0x100 DUP1 DUP4 SLOAD DIV MUL DUP4 MSTORE SWAP2 PUSH1 0x20 ADD SWAP2 PUSH2 0x9ED JUMP JUMPDEST DUP3 ADD SWAP2 SWAP1 PUSH1 0x0 MSTORE PUSH1 0x20 PUSH1 0x0 KECCAK256 SWAP1 JUMPDEST DUP2 SLOAD DUP2 MSTORE SWAP1 PUSH1 0x1 ADD SWAP1 PUSH1 0x20 ADD DUP1 DUP4 GT PUSH2 0x9D0 JUMPI DUP3 SWAP1 SUB PUSH1 0x1F AND DUP3 ADD SWAP2 JUMPDEST POP POP POP POP POP DUP2 JUMP JUMPDEST PUSH2 0xA00 CALLER DUP4 DUP4 PUSH2 0xA29 JUMP JUMPDEST POP POP JUMP JUMPDEST PUSH1 0x6 PUSH1 0x20 MSTORE DUP2 PUSH1 0x0 MSTORE PUSH1 0x40 PUSH1 0x0 KECCAK256 PUSH1 0x20 MSTORE DUP1 PUSH1 0x0 MSTORE PUSH1 0x40 PUSH1 0x0 KECCAK256 PUSH1 0x0 SWAP2 POP SWAP2 POP POP SLOAD DUP2 JUMP JUMPDEST PUSH1 0x0 DUP1 DUP4 PUSH20 0xFFFFFFFFFFFFFFFFFFFFFFFFFFFFFFFFFFFFFFFF AND EQ ISZERO ISZERO ISZERO PUSH2 0xA50 JUMPI PUSH1 0x0 DUP1 REVERT JUMPDEST DUP2 PUSH1 0x5 PUSH1 0x0 DUP7 PUSH20 0xFFFFFFFFFFFFFFFFFFFFFFFFFFFFFFFFFFFFFFFF AND PUSH20 0xFFFFFFFFFFFFFFFFFFFFFFFFFFFFFFFFFFFFFFFF AND DUP2 MSTORE PUSH1 0x20 ADD SWAP1 DUP2 MSTORE PUSH1 0x20 ADD PUSH1 0x0 KECCAK256 SLOAD LT ISZERO ISZERO ISZERO PUSH2 0xA9E JUMPI PUSH1 0x0 DUP1 REVERT JUMPDEST PUSH1 0x5 PUSH1 0x0 DUP5 PUSH20 0xFFFFFFFFFFFFFFFFFFFFFFFFFFFFFFFFFFFFFFFF AND PUSH20 0xFFFFFFFFFFFFFFFFFFFFFFFFFFFFFFFFFFFFFFFF AND DUP2 MSTORE PUSH1 0x20 ADD SWAP1 DUP2 MSTORE PUSH1 0x20 ADD PUSH1 0x0 KECCAK256 SLOAD DUP3 PUSH1 0x5 PUSH1 0x0 DUP7 PUSH20 0xFFFFFFFFFFFFFFFFFFFFFFFFFFFFFFFFFFFFFFFF AND PUSH20 0xFFFFFFFFFFFFFFFFFFFFFFFFFFFFFFFFFFFFFFFF AND DUP2 MSTORE PUSH1 0x20 ADD SWAP1 DUP2 MSTORE PUSH1 0x20 ADD PUSH1 0x0 KECCAK256 SLOAD ADD GT ISZERO ISZERO PUSH2 0xB2C JUMPI PUSH1 0x0 DUP1 REVERT JUMPDEST PUSH1 0x5 PUSH1 0x0 DUP5 PUSH20 0xFFFFFFFFFFFFFFFFFFFFFFFFFFFFFFFFFFFFFFFF AND PUSH20 0xFFFFFFFFFFFFFFFFFFFFFFFFFFFFFFFFFFFFFFFF AND DUP2 MSTORE PUSH1 0x20 ADD SWAP1 DUP2 MSTORE PUSH1 0x20 ADD PUSH1 0x0 KECCAK256 SLOAD PUSH1 0x5 PUSH1 0x0 DUP7 PUSH20 0xFFFFFFFFFFFFFFFFFFFFFFFFFFFFFFFFFFFFFFFF AND PUSH20 0xFFFFFFFFFFFFFFFFFFFFFFFFFFFFFFFFFFFFFFFF AND DUP2 MSTORE PUSH1 0x20 ADD SWAP1 DUP2 MSTORE PUSH1 0x20 ADD PUSH1 0x0 KECCAK256 SLOAD ADD SWAP1 POP DUP2 PUSH1 0x5 PUSH1 0x0 DUP7 PUSH20 0xFFFFFFFFFFFFFFFFFFFFFFFFFFFFFFFFFFFFFFFF AND PUSH20 0xFFFFFFFFFFFFFFFFFFFFFFFFFFFFFFFFFFFFFFFF AND DUP2 MSTORE PUSH1 0x20 ADD SWAP1 DUP2 MSTORE PUSH1 0x20 ADD PUSH1 0x0 KECCAK256 PUSH1 0x0 DUP3 DUP3 SLOAD SUB SWAP3 POP POP DUP2 SWAP1 SSTORE POP DUP2 PUSH1 0x5 PUSH1 0x0 DUP6 PUSH20 0xFFFFFFFFFFFFFFFFFFFFFFFFFFFFFFFFFFFFFFFF AND PUSH20 0xFFFFFFFFFFFFFFFFFFFFFFFFFFFFFFFFFFFFFFFF AND DUP2 MSTORE PUSH1 0x20 ADD SWAP1 DUP2 MSTORE PUSH1 0x20 ADD PUSH1 0x0 KECCAK256 PUSH1 0x0 DUP3 DUP3 SLOAD ADD SWAP3 POP POP DUP2 SWAP1 SSTORE POP DUP3 PUSH20 0xFFFFFFFFFFFFFFFFFFFFFFFFFFFFFFFFFFFFFFFF AND DUP5 PUSH20 0xFFFFFFFFFFFFFFFFFFFFFFFFFFFFFFFFFFFFFFFF AND PUSH32 0xDDF252AD1BE2C89B69C2B068FC378DAA952BA7F163C4A11628F55A4DF523B3EF DUP5 PUSH1 0x40 MLOAD DUP1 DUP3 DUP2 MSTORE PUSH1 0x20 ADD SWAP2 POP POP PUSH1 0x40 MLOAD DUP1 SWAP2 SUB SWAP1 LOG3 DUP1 PUSH1 0x5 PUSH1 0x0 DUP6 PUSH20 0xFFFFFFFFFFFFFFFFFFFFFFFFFFFFFFFFFFFFFFFF AND PUSH20 0xFFFFFFFFFFFFFFFFFFFFFFFFFFFFFFFFFFFFFFFF AND DUP2 MSTORE PUSH1 0x20 ADD SWAP1 DUP2 MSTORE PUSH1 0x20 ADD PUSH1 0x0 KECCAK256 SLOAD PUSH1 0x5 PUSH1 0x0 DUP8 PUSH20 0xFFFFFFFFFFFFFFFFFFFFFFFFFFFFFFFFFFFFFFFF AND PUSH20 0xFFFFFFFFFFFFFFFFFFFFFFFFFFFFFFFFFFFFFFFF AND DUP2 MSTORE PUSH1 0x20 ADD SWAP1 DUP2 MSTORE PUSH1 0x20 ADD PUSH1 0x0 KECCAK256 SLOAD ADD EQ ISZERO ISZERO PUSH2 0xD39 JUMPI INVALID JUMPDEST POP POP POP POP JUMP STOP LOG1 PUSH6 0x627A7A723058 KECCAK256 MSTORE 0x1e AND 0xeb 0xf7 SWAP15 BLOCKHASH 0xa6 0xbe 0xf8 CALLDATACOPY 0x1e 0x2d 0x1f CREATE2 0xf8 PUSH7 0x496B76BF0F90A8 SWAP11 LOG2 DIFFICULTY SWAP11 SIGNEXTEND 0xbc ADDMOD LOG2 STOP 0x29
1,PUSH1 0x4C PUSH1 0x2C PUSH1 0xB DUP3 DUP3 DUP3 CODECOPY DUP1 MLOAD PUSH1 0x0 BYTE PUSH1 0x73 EQ PUSH1 0x0 DUP2 EQ PUSH1 0x1C JUMPI PUSH1 0x1E JUMP JUMPDEST INVALID JUMPDEST POP ADDRESS PUSH1 0x0 MSTORE PUSH1 0x73 DUP2 MSTORE8 DUP3 DUP2 RETURN STOP PUSH20 0x0 ADDRESS EQ PUSH1 0x60 PUSH1 0x40 MSTORE PUSH1 0x0 DUP1 REVERT STOP LOG1 PUSH6 0x627A7A723058 KECCAK256 SSTORE 0x2f CALLCODE SWAP4 0x28 0xb9 XOR NUMBER 0xc0 LOG2 0xf5 0xa5 0xda SWAP5 PUSH18 0xA07874255FCE949FB625326934FE6D9F6B00 0x29
1,PUSH2 0x777 PUSH2 0x30 PUSH1 0xB DUP3 DUP3 DUP3 CODECOPY DUP1 MLOAD PUSH1 0x0 BYTE PUSH1 0x73 EQ PUSH1 0x0 DUP2 EQ PUSH2 0x20 JUMPI PUSH2 0x22 JUMP JUMPDEST INVALID JUMPDEST POP ADDRESS PUSH1 0x0 MSTORE PUSH1 0x73 DUP2 MSTORE8 DUP3 DUP2 RETURN STOP PUSH20 0x0 ADDRESS EQ PUSH1 0x60 PUSH1 0x40 MSTORE PUSH1 0x4 CALLDATASIZE LT PUSH2 0xBB JUMPI PUSH1 0x0 CALLDATALOAD PUSH29 0x100000000000000000000000000000000000000000000000000000000 SWAP1 DIV PUSH4 0xFFFFFFFF AND DUP1 PUSH4 0xDF3A129 EQ PUSH2 0xC0 JUMPI DUP1 PUSH4 0x2732EA3C EQ PUSH2 0xF9 JUMPI DUP1 PUSH4 0x2E6B975D EQ PUSH2 0x153 JUMPI DUP1 PUSH4 0x5212AF4A EQ PUSH2 0x197 JUMPI DUP1 PUSH4 0x6CD23F53 EQ PUSH2 0x1DF JUMPI DUP1 PUSH4 0x81D21E4D EQ PUSH2 0x223 JUMPI DUP1 PUSH4 0x97451E59 EQ PUSH2 0x24F JUMPI DUP1 PUSH4 0xA95205A3 EQ PUSH2 0x2A9 JUMPI DUP1 PUSH4 0xAD354029 EQ PUSH2 0x2F1 JUMPI DUP1 PUSH4 0xF6F75EF3 EQ PUSH2 0x340 JUMPI JUMPDEST PUSH1 0x0 DUP1 REVERT JUMPDEST PUSH2 0xDF PUSH1 0x4 DUP1 DUP1 CALLDATALOAD SWAP1 PUSH1 0x20 ADD SWAP1 SWAP2 SWAP1 DUP1 CALLDATALOAD SWAP1 PUSH1 0x20 ADD SWAP1 SWAP2 SWAP1 POP POP PUSH2 0x37D JUMP JUMPDEST PUSH1 0x40 MLOAD DUP1 DUP3 ISZERO ISZERO ISZERO ISZERO DUP2 MSTORE PUSH1 0x20 ADD SWAP2 POP POP PUSH1 0x40 MLOAD DUP1 SWAP2 SUB SWAP1 RETURN JUMPDEST DUP2 ISZERO PUSH2 0x104 JUMPI PUSH1 0x0 DUP1 REVERT JUMPDEST PUSH2 0x139 PUSH1 0x4 DUP1 DUP1 CALLDATALOAD SWAP1 PUSH1 0x20 ADD SWAP1 SWAP2 SWAP1 DUP1 CALLDATALOAD PUSH20 0xFFFFFFFFFFFFFFFFFFFFFFFFFFFFFFFFFFFFFFFF AND SWAP1 PUSH1 0x20 ADD SWAP1 SWAP2 SWAP1 POP POP PUSH2 0x3AD JUMP JUMPDEST PUSH1 0x40 MLOAD DUP1 DUP3 ISZERO ISZERO ISZERO ISZERO DUP2 MSTORE PUSH1 0x20 ADD SWAP2 POP POP PUSH1 0x40 MLOAD DUP1 SWAP2 SUB SWAP1 RETURN JUMPDEST DUP2 ISZERO PUSH2 0x15E JUMPI PUSH1 0x0 DUP1 REVERT JUMPDEST PUSH2 0x17D PUSH1 0x4 DUP1 DUP1 CALLDATALOAD SWAP1 PUSH1 0x20 ADD SWAP1 SWAP2 SWAP1 DUP1 CALLDATALOAD SWAP1 PUSH1 0x20 ADD SWAP1 SWAP2 SWAP1 POP POP PUSH2 0x3D7 JUMP JUMPDEST PUSH1 0x40 MLOAD DUP1 DUP3 ISZERO ISZERO ISZERO ISZERO DUP2 MSTORE PUSH1 0x20 ADD SWAP2 POP POP PUSH1 0x40 MLOAD DUP1 SWAP2 SUB SWAP1 RETURN JUMPDEST DUP2 ISZERO PUSH2 0x1A2 JUMPI PUSH1 0x0 DUP1 REVERT JUMPDEST PUSH2 0x1C5 PUSH1 0x4 DUP1 DUP1 CALLDATALOAD SWAP1 PUSH1 0x20 ADD SWAP1 SWAP2 SWAP1 DUP1 CALLDATALOAD PUSH1 0x0 NOT AND SWAP1 PUSH1 0x20 ADD SWAP1 SWAP2 SWAP1 POP POP PUSH2 0x4AB JUMP JUMPDEST PUSH1 0x40 MLOAD DUP1 DUP3 ISZERO ISZERO ISZERO ISZERO DUP2 MSTORE PUSH1 0x20 ADD SWAP2 POP POP PUSH1 0x40 MLOAD DUP1 SWAP2 SUB SWAP1 RETURN JUMPDEST DUP2 ISZERO PUSH2 0x1EA JUMPI PUSH1 0x0 DUP1 REVERT JUMPDEST PUSH2 0x209 PUSH1 0x4 DUP1 DUP1 CALLDATALOAD SWAP1 PUSH1 0x20 ADD SWAP1 SWAP2 SWAP1 DUP1 CALLDATALOAD SWAP1 PUSH1 0x20 ADD SWAP1 SWAP2 SWAP1 POP POP PUSH2 0x4C3 JUMP JUMPDEST PUSH1 0x40 MLOAD DUP1 DUP3 ISZERO ISZERO ISZERO ISZERO DUP2 MSTORE PUSH1 0x20 ADD SWAP2 POP POP PUSH1 0x40 MLOAD DUP1 SWAP2 SUB SWAP1 RETURN JUMPDEST PUSH2 0x239 PUSH1 0x4 DUP1 DUP1 CALLDATALOAD SWAP1 PUSH1 0x20 ADD SWAP1 SWAP2 SWAP1 POP POP PUSH2 0x639 JUMP JUMPDEST PUSH1 0x40 MLOAD DUP1 DUP3 DUP2 MSTORE PUSH1 0x20 ADD SWAP2 POP POP PUSH1 0x40 MLOAD DUP1 SWAP2 SUB SWAP1 RETURN JUMPDEST DUP2 ISZERO PUSH2 0x25A JUMPI PUSH1 0x0 DUP1 REVERT JUMPDEST PUSH2 0x28F PUSH1 0x4 DUP1 DUP1 CALLDATALOAD SWAP1 PUSH1 0x20 ADD SWAP1 SWAP2 SWAP1 DUP1 CALLDATALOAD PUSH20 0xFFFFFFFFFFFFFFFFFFFFFFFFFFFFFFFFFFFFFFFF AND SWAP1 PUSH1 0x20 ADD SWAP1 SWAP2 SWAP1 POP POP PUSH2 0x64A JUMP JUMPDEST PUSH1 0x40 MLOAD DUP1 DUP3 ISZERO ISZERO ISZERO ISZERO DUP2 MSTORE PUSH1 0x20 ADD SWAP2 POP POP PUSH1 0x40 MLOAD DUP1 SWAP2 SUB SWAP1 RETURN JUMPDEST DUP2 ISZERO PUSH2 0x2B4 JUMPI PUSH1 0x0 DUP1 REVERT JUMPDEST PUSH2 0x2D7 PUSH1 0x4 DUP1 DUP1 CALLDATALOAD SWAP1 PUSH1 0x20 ADD SWAP1 SWAP2 SWAP1 DUP1 CALLDATALOAD PUSH1 0x0 NOT AND SWAP1 PUSH1 0x20 ADD SWAP1 SWAP2 SWAP1 POP POP PUSH2 0x674 JUMP JUMPDEST PUSH1 0x40 MLOAD DUP1 DUP3 ISZERO ISZERO ISZERO ISZERO DUP2 MSTORE PUSH1 0x20 ADD SWAP2 POP POP PUSH1 0x40 MLOAD DUP1 SWAP2 SUB SWAP1 RETURN JUMPDEST PUSH2 0x326 PUSH1 0x4 DUP1 DUP1 CALLDATALOAD SWAP1 PUSH1 0x20 ADD SWAP1 SWAP2 SWAP1 DUP1 CALLDATALOAD PUSH20 0xFFFFFFFFFFFFFFFFFFFFFFFFFFFFFFFFFFFFFFFF AND SWAP1 PUSH1 0x20 ADD SWAP1 SWAP2 SWAP1 POP POP PUSH2 0x68C JUMP JUMPDEST PUSH1 0x40 MLOAD DUP1 DUP3 ISZERO ISZERO ISZERO ISZERO DUP2 MSTORE PUSH1 0x20 ADD SWAP2 POP POP PUSH1 0x40 MLOAD DUP1 SWAP2 SUB SWAP1 RETURN JUMPDEST PUSH2 0x363 PUSH1 0x4 DUP1 DUP1 CALLDATALOAD SWAP1 PUSH1 0x20 ADD SWAP1 SWAP2 SWAP1 DUP1 CALLDATALOAD PUSH1 0x0 NOT AND SWAP1 PUSH1 0x20 ADD SWAP1 SWAP2 SWAP1 POP POP PUSH2 0x6B6 JUMP JUMPDEST PUSH1 0x40 MLOAD DUP1 DUP3 ISZERO ISZERO ISZERO ISZERO DUP2 MSTORE PUSH1 0x20 ADD SWAP2 POP POP PUSH1 0x40 MLOAD DUP1 SWAP2 SUB SWAP1 RETURN JUMPDEST PUSH1 0x0 DUP3 PUSH1 0x0 ADD PUSH1 0x0 DUP4 DUP2 MSTORE PUSH1 0x20 ADD SWAP1 DUP2 MSTORE PUSH1 0x20 ADD PUSH1 0x0 KECCAK256 PUSH1 0x1 ADD PUSH1 0x0 SWAP1 SLOAD SWAP1 PUSH2 0x100 EXP SWAP1 DIV PUSH1 0xFF AND SWAP1 POP SWAP3 SWAP2 POP POP JUMP JUMPDEST PUSH1 0x0 PUSH2 0x3CF DUP4 DUP4 PUSH20 0xFFFFFFFFFFFFFFFFFFFFFFFFFFFFFFFFFFFFFFFF AND PUSH2 0x3D7 JUMP JUMPDEST SWAP1 POP SWAP3 SWAP2 POP POP JUMP JUMPDEST PUSH1 0x0 PUSH1 0x1 ISZERO ISZERO DUP4 PUSH1 0x0 ADD PUSH1 0x0 DUP5 DUP2 MSTORE PUSH1 0x20 ADD SWAP1 DUP2 MSTORE PUSH1 0x20 ADD PUSH1 0x0 KECCAK256 PUSH1 0x1 ADD PUSH1 0x0 SWAP1 SLOAD SWAP1 PUSH2 0x100 EXP SWAP1 DIV PUSH1 0xFF AND ISZERO ISZERO EQ ISZERO PUSH2 0x414 JUMPI PUSH1 0x0 SWAP1 POP PUSH2 0x4A5 JUMP JUMPDEST PUSH1 0x40 DUP1 MLOAD SWAP1 DUP2 ADD PUSH1 0x40 MSTORE DUP1 DUP5 PUSH1 0x1 ADD DUP1 SLOAD SWAP1 POP DUP2 MSTORE PUSH1 0x20 ADD PUSH1 0x1 ISZERO ISZERO DUP2 MSTORE POP DUP4 PUSH1 0x0 ADD PUSH1 0x0 DUP5 DUP2 MSTORE PUSH1 0x20 ADD SWAP1 DUP2 MSTORE PUSH1 0x20 ADD PUSH1 0x0 KECCAK256 PUSH1 0x0 DUP3 ADD MLOAD DUP2 PUSH1 0x0 ADD SSTORE PUSH1 0x20 DUP3 ADD MLOAD DUP2 PUSH1 0x1 ADD PUSH1 0x0 PUSH2 0x100 EXP DUP2 SLOAD DUP2 PUSH1 0xFF MUL NOT AND SWAP1 DUP4 ISZERO ISZERO MUL OR SWAP1 SSTORE POP SWAP1 POP POP DUP3 PUSH1 0x1 ADD DUP1 SLOAD DUP1 PUSH1 0x1 ADD DUP3 DUP2 PUSH2 0x48B SWAP2 SWAP1 PUSH2 0x6CE JUMP JUMPDEST SWAP2 PUSH1 0x0 MSTORE PUSH1 0x20 PUSH1 0x0 KECCAK256 SWAP1 ADD PUSH1 0x0 DUP5 SWAP1 SWAP2 SWAP1 SWAP2 POP SSTORE POP PUSH1 0x1 SWAP1 POP JUMPDEST SWAP3 SWAP2 POP POP JUMP JUMPDEST PUSH1 0x0 PUSH2 0x4BB DUP4 DUP4 PUSH1 0x1 SWAP1 DIV PUSH2 0x3D7 JUMP JUMPDEST SWAP1 POP SWAP3 SWAP2 POP POP JUMP JUMPDEST PUSH1 0x0 DUP1 PUSH1 0x0 DUP1 ISZERO ISZERO DUP6 PUSH1 0x0 ADD PUSH1 0x0 DUP7 DUP2 MSTORE PUSH1 0x20 ADD SWAP1 DUP2 MSTORE PUSH1 0x20 ADD PUSH1 0x0 KECCAK256 PUSH1 0x1 ADD PUSH1 0x0 SWAP1 SLOAD SWAP1 PUSH2 0x100 EXP SWAP1 DIV PUSH1 0xFF AND ISZERO ISZERO EQ ISZERO PUSH2 0x502 JUMPI PUSH1 0x0 SWAP3 POP PUSH2 0x631 JUMP JUMPDEST PUSH1 0x0 DUP6 PUSH1 0x0 ADD PUSH1 0x0 DUP7 DUP2 MSTORE PUSH1 0x20 ADD SWAP1 DUP2 MSTORE PUSH1 0x20 ADD PUSH1 0x0 KECCAK256 PUSH1 0x1 ADD PUSH1 0x0 PUSH2 0x100 EXP DUP2 SLOAD DUP2 PUSH1 0xFF MUL NOT AND SWAP1 DUP4 ISZERO ISZERO MUL OR SWAP1 SSTORE POP PUSH1 0x1 DUP6 PUSH1 0x1 ADD DUP1 SLOAD SWAP1 POP SUB DUP6 PUSH1 0x0 ADD PUSH1 0x0 DUP7 DUP2 MSTORE PUSH1 0x20 ADD SWAP1 DUP2 MSTORE PUSH1 0x20 ADD PUSH1 0x0 KECCAK256 PUSH1 0x0 ADD SLOAD LT ISZERO PUSH2 0x5E0 JUMPI DUP5 PUSH1 0x1 ADD PUSH1 0x1 DUP7 PUSH1 0x1 ADD DUP1 SLOAD SWAP1 POP SUB DUP2 SLOAD DUP2 LT ISZERO ISZERO PUSH2 0x578 JUMPI INVALID JUMPDEST SWAP1 PUSH1 0x0 MSTORE PUSH1 0x20 PUSH1 0x0 KECCAK256 SWAP1 ADD SLOAD SWAP2 POP DUP5 PUSH1 0x0 ADD PUSH1 0x0 DUP6 DUP2 MSTORE PUSH1 0x20 ADD SWAP1 DUP2 MSTORE PUSH1 0x20 ADD PUSH1 0x0 KECCAK256 PUSH1 0x0 ADD SLOAD SWAP1 POP DUP2 DUP6 PUSH1 0x1 ADD DUP3 DUP2 SLOAD DUP2 LT ISZERO ISZERO PUSH2 0x5B3 JUMPI INVALID JUMPDEST SWAP1 PUSH1 0x0 MSTORE PUSH1 0x20 PUSH1 0x0 KECCAK256 SWAP1 ADD DUP2 SWAP1 SSTORE POP DUP1 DUP6 PUSH1 0x0 ADD PUSH1 0x0 DUP5 DUP2 MSTORE PUSH1 0x20 ADD SWAP1 DUP2 MSTORE PUSH1 0x20 ADD PUSH1 0x0 KECCAK256 PUSH1 0x0 ADD DUP2 SWAP1 SSTORE POP JUMPDEST DUP5 PUSH1 0x1 ADD DUP1 SLOAD DUP1 SWAP2 SWAP1 PUSH1 0x1 SWAP1 SUB PUSH2 0x5F7 SWAP2 SWAP1 PUSH2 0x6FA JUMP JUMPDEST POP DUP5 PUSH1 0x0 ADD PUSH1 0x0 DUP6 DUP2 MSTORE PUSH1 0x20 ADD SWAP1 DUP2 MSTORE PUSH1 0x20 ADD PUSH1 0x0 KECCAK256 PUSH1 0x0 DUP1 DUP3 ADD PUSH1 0x0 SWAP1 SSTORE PUSH1 0x1 DUP3 ADD PUSH1 0x0 PUSH2 0x100 EXP DUP2 SLOAD SWAP1 PUSH1 0xFF MUL NOT AND SWAP1 SSTORE POP POP PUSH1 0x1 SWAP3 POP JUMPDEST POP POP SWAP3 SWAP2 POP POP JUMP JUMPDEST PUSH1 0x0 DUP2 PUSH1 0x1 ADD DUP1 SLOAD SWAP1 POP SWAP1 POP SWAP2 SWAP1 POP JUMP JUMPDEST PUSH1 0x0 PUSH2 0x66C DUP4 DUP4 PUSH20 0xFFFFFFFFFFFFFFFFFFFFFFFFFFFFFFFFFFFFFFFF AND PUSH2 0x4C3 JUMP JUMPDEST SWAP1 POP SWAP3 SWAP2 POP POP JUMP JUMPDEST PUSH1 0x0 PUSH2 0x684 DUP4 DUP4 PUSH1 0x1 SWAP1 DIV PUSH2 0x4C3 JUMP JUMPDEST SWAP1 POP SWAP3 SWAP2 POP POP JUMP JUMPDEST PUSH1 0x0 PUSH2 0x6AE DUP4 DUP4 PUSH20 0xFFFFFFFFFFFFFFFFFFFFFFFFFFFFFFFFFFFFFFFF AND PUSH2 0x37D JUMP JUMPDEST SWAP1 POP SWAP3 SWAP2 POP POP JUMP JUMPDEST PUSH1 0x0 PUSH2 0x6C6 DUP4 DUP4 PUSH1 0x1 SWAP1 DIV PUSH2 0x37D JUMP JUMPDEST SWAP1 POP SWAP3 SWAP2 POP POP JUMP JUMPDEST DUP2 SLOAD DUP2 DUP4 SSTORE DUP2 DUP2 ISZERO GT PUSH2 0x6F5 JUMPI DUP2 DUP4 PUSH1 0x0 MSTORE PUSH1 0x20 PUSH1 0x0 KECCAK256 SWAP2 DUP3 ADD SWAP2 ADD PUSH2 0x6F4 SWAP2 SWAP1 PUSH2 0x726 JUMP JUMPDEST JUMPDEST POP POP POP JUMP JUMPDEST DUP2 SLOAD DUP2 DUP4 SSTORE DUP2 DUP2 ISZERO GT PUSH2 0x721 JUMPI DUP2 DUP4 PUSH1 0x0 MSTORE PUSH1 0x20 PUSH1 0x0 KECCAK256 SWAP2 DUP3 ADD SWAP2 ADD PUSH2 0x720 SWAP2 SWAP1 PUSH2 0x726 JUMP JUMPDEST JUMPDEST POP POP POP JUMP JUMPDEST PUSH2 0x748 SWAP2 SWAP1 JUMPDEST DUP1 DUP3 GT ISZERO PUSH2 0x744 JUMPI PUSH1 0x0 DUP2 PUSH1 0x0 SWAP1 SSTORE POP PUSH1 0x1 ADD PUSH2 0x72C JUMP JUMPDEST POP SWAP1 JUMP JUMPDEST SWAP1 JUMP STOP LOG1 PUSH6 0x627A7A723058 KECCAK256 ISZERO 0xfc 0x27 CALLDATASIZE SHR DUP12 0xab POP LT DUP16 0x1e 0x5e 0xa5 0xd8 SHL PUSH3 0xA5B8C6 DUP14 SWAP11 KECCAK256 0xcf 0xcc 0xb3 JUMPI SWAP7 LOG1 OR 0xde JUMP SWAP2 STOP 0x29
1,PUSH1 0x60 PUSH1 0x40 MSTORE PUSH1 0x40 DUP1 MLOAD SWAP1 DUP2 ADD PUSH1 0x40 MSTORE DUP1 PUSH1 0x12 DUP2 MSTORE PUSH1 0x20 ADD PUSH32 0x68747470733A2F2F4D63464C592E6165726F0000000000000000000000000000 DUP2 MSTORE POP PUSH1 0x0 SWAP1 DUP1 MLOAD SWAP1 PUSH1 0x20 ADD SWAP1 PUSH2 0x4F SWAP3 SWAP2 SWAP1 PUSH2 0xFE JUMP JUMPDEST POP CALLVALUE ISZERO PUSH2 0x5B JUMPI PUSH1 0x0 DUP1 REVERT JUMPDEST PUSH1 0x40 MLOAD PUSH2 0xBAD CODESIZE SUB DUP1 PUSH2 0xBAD DUP4 CODECOPY DUP2 ADD PUSH1 0x40 MSTORE DUP1 DUP1 MLOAD DUP3 ADD SWAP2 SWAP1 PUSH1 0x20 ADD DUP1 MLOAD DUP3 ADD SWAP2 SWAP1 POP POP CALLER PUSH1 0x3 PUSH1 0x0 PUSH2 0x100 EXP DUP2 SLOAD DUP2 PUSH20 0xFFFFFFFFFFFFFFFFFFFFFFFFFFFFFFFFFFFFFFFF MUL NOT AND SWAP1 DUP4 PUSH20 0xFFFFFFFFFFFFFFFFFFFFFFFFFFFFFFFFFFFFFFFF AND MUL OR SWAP1 SSTORE POP PUSH1 0x1 PUSH1 0x4 DUP2 SWAP1 SSTORE POP DUP2 PUSH1 0x1 SWAP1 DUP1 MLOAD SWAP1 PUSH1 0x20 ADD SWAP1 PUSH2 0xDF SWAP3 SWAP2 SWAP1 PUSH2 0xFE JUMP JUMPDEST POP DUP1 PUSH1 0x2 SWAP1 DUP1 MLOAD SWAP1 PUSH1 0x20 ADD SWAP1 PUSH2 0xF6 SWAP3 SWAP2 SWAP1 PUSH2 0xFE JUMP JUMPDEST POP POP POP PUSH2 0x1A3 JUMP JUMPDEST DUP3 DUP1 SLOAD PUSH1 0x1 DUP2 PUSH1 0x1 AND ISZERO PUSH2 0x100 MUL SUB AND PUSH1 0x2 SWAP1 DIV SWAP1 PUSH1 0x0 MSTORE PUSH1 0x20 PUSH1 0x0 KECCAK256 SWAP1 PUSH1 0x1F ADD PUSH1 0x20 SWAP1 DIV DUP2 ADD SWAP3 DUP3 PUSH1 0x1F LT PUSH2 0x13F JUMPI DUP1 MLOAD PUSH1 0xFF NOT AND DUP4 DUP1 ADD OR DUP6 SSTORE PUSH2 0x16D JUMP JUMPDEST DUP3 DUP1 ADD PUSH1 0x1 ADD DUP6 SSTORE DUP3 ISZERO PUSH2 0x16D JUMPI SWAP2 DUP3 ADD JUMPDEST DUP3 DUP2 GT ISZERO PUSH2 0x16C JUMPI DUP3 MLOAD DUP3 SSTORE SWAP2 PUSH1 0x20 ADD SWAP2 SWAP1 PUSH1 0x1 ADD SWAP1 PUSH2 0x151 JUMP JUMPDEST JUMPDEST POP SWAP1 POP PUSH2 0x17A SWAP2 SWAP1 PUSH2 0x17E JUMP JUMPDEST POP SWAP1 JUMP JUMPDEST PUSH2 0x1A0 SWAP2 SWAP1 JUMPDEST DUP1 DUP3 GT ISZERO PUSH2 0x19C JUMPI PUSH1 0x0 DUP2 PUSH1 0x0 SWAP1 SSTORE POP PUSH1 0x1 ADD PUSH2 0x184 JUMP JUMPDEST POP SWAP1 JUMP JUMPDEST SWAP1 JUMP JUMPDEST PUSH2 0x9FB DUP1 PUSH2 0x1B2 PUSH1 0x0 CODECOPY PUSH1 0x0 RETURN STOP PUSH1 0x60 PUSH1 0x40 MSTORE PUSH1 0x4 CALLDATASIZE LT PUSH2 0xAF JUMPI PUSH1 0x0 CALLDATALOAD PUSH29 0x100000000000000000000000000000000000000000000000000000000 SWAP1 DIV PUSH4 0xFFFFFFFF AND DUP1 PUSH4 0x6FDDE03 EQ PUSH2 0xB1 JUMPI DUP1 PUSH4 0x95EA7B3 EQ PUSH2 0x13F JUMPI DUP1 PUSH4 0x18160DDD EQ PUSH2 0x199 JUMPI DUP1 PUSH4 0x23B872DD EQ PUSH2 0x1C2 JUMPI DUP1 PUSH4 0x3971EE42 EQ PUSH2 0x23B JUMPI DUP1 PUSH4 0x5600F04F EQ PUSH2 0x295 JUMPI DUP1 PUSH4 0x70A08231 EQ PUSH2 0x323 JUMPI DUP1 PUSH4 0x937F6E77 EQ PUSH2 0x370 JUMPI DUP1 PUSH4 0x95D89B41 EQ PUSH2 0x3E5 JUMPI DUP1 PUSH4 0xA9059CBB EQ PUSH2 0x473 JUMPI DUP1 PUSH4 0xDD62ED3E EQ PUSH2 0x4CD JUMPI JUMPDEST STOP JUMPDEST CALLVALUE ISZERO PUSH2 0xBC JUMPI PUSH1 0x0 DUP1 REVERT JUMPDEST PUSH2 0xC4 PUSH2 0x539 JUMP JUMPDEST PUSH1 0x40 MLOAD DUP1 DUP1 PUSH1 0x20 ADD DUP3 DUP2 SUB DUP3 MSTORE DUP4 DUP2 DUP2 MLOAD DUP2 MSTORE PUSH1 0x20 ADD SWAP2 POP DUP1 MLOAD SWAP1 PUSH1 0x20 ADD SWAP1 DUP1 DUP4 DUP4 PUSH1 0x0 JUMPDEST DUP4 DUP2 LT ISZERO PUSH2 0x104 JUMPI DUP1 DUP3 ADD MLOAD DUP2 DUP5 ADD MSTORE PUSH1 0x20 DUP2 ADD SWAP1 POP PUSH2 0xE9 JUMP JUMPDEST POP POP POP POP SWAP1 POP SWAP1 DUP2 ADD SWAP1 PUSH1 0x1F AND DUP1 ISZERO PUSH2 0x131 JUMPI DUP1 DUP3 SUB DUP1 MLOAD PUSH1 0x1 DUP4 PUSH1 0x20 SUB PUSH2 0x100 EXP SUB NOT AND DUP2 MSTORE PUSH1 0x20 ADD SWAP2 POP JUMPDEST POP SWAP3 POP POP POP PUSH1 0x40 MLOAD DUP1 SWAP2 SUB SWAP1 RETURN JUMPDEST CALLVALUE ISZERO PUSH2 0x14A JUMPI PUSH1 0x0 DUP1 REVERT JUMPDEST PUSH2 0x17F PUSH1 0x4 DUP1 DUP1 CALLDATALOAD PUSH20 0xFFFFFFFFFFFFFFFFFFFFFFFFFFFFFFFFFFFFFFFF AND SWAP1 PUSH1 0x20 ADD SWAP1 SWAP2 SWAP1 DUP1 CALLDATALOAD SWAP1 PUSH1 0x20 ADD SWAP1 SWAP2 SWAP1 POP POP PUSH2 0x5D7 JUMP JUMPDEST PUSH1 0x40 MLOAD DUP1 DUP3 ISZERO ISZERO ISZERO ISZERO DUP2 MSTORE PUSH1 0x20 ADD SWAP2 POP POP PUSH1 0x40 MLOAD DUP1 SWAP2 SUB SWAP1 RETURN JUMPDEST CALLVALUE ISZERO PUSH2 0x1A4 JUMPI PUSH1 0x0 DUP1 REVERT JUMPDEST PUSH2 0x1AC PUSH2 0x5E3 JUMP JUMPDEST PUSH1 0x40 MLOAD DUP1 DUP3 DUP2 MSTORE PUSH1 0x20 ADD SWAP2 POP POP PUSH1 0x40 MLOAD DUP1 SWAP2 SUB SWAP1 RETURN JUMPDEST CALLVALUE ISZERO PUSH2 0x1CD JUMPI PUSH1 0x0 DUP1 REVERT JUMPDEST PUSH2 0x221 PUSH1 0x4 DUP1 DUP1 CALLDATALOAD PUSH20 0xFFFFFFFFFFFFFFFFFFFFFFFFFFFFFFFFFFFFFFFF AND SWAP1 PUSH1 0x20 ADD SWAP1 SWAP2 SWAP1 DUP1 CALLDATALOAD PUSH20 0xFFFFFFFFFFFFFFFFFFFFFFFFFFFFFFFFFFFFFFFF AND SWAP1 PUSH1 0x20 ADD SWAP1 SWAP2 SWAP1 DUP1 CALLDATALOAD SWAP1 PUSH1 0x20 ADD SWAP1 SWAP2 SWAP1 POP POP PUSH2 0x5E9 JUMP JUMPDEST PUSH1 0x40 MLOAD DUP1 DUP3 ISZERO ISZERO ISZERO ISZERO DUP2 MSTORE PUSH1 0x20 ADD SWAP2 POP POP PUSH1 0x40 MLOAD DUP1 SWAP2 SUB SWAP1 RETURN JUMPDEST CALLVALUE ISZERO PUSH2 0x246 JUMPI PUSH1 0x0 DUP1 REVERT JUMPDEST PUSH2 0x293 PUSH1 0x4 DUP1 DUP1 CALLDATALOAD SWAP1 PUSH1 0x20 ADD SWAP1 DUP3 ADD DUP1 CALLDATALOAD SWAP1 PUSH1 0x20 ADD SWAP1 DUP1 DUP1 PUSH1 0x20 MUL PUSH1 0x20 ADD PUSH1 0x40 MLOAD SWAP1 DUP2 ADD PUSH1 0x40 MSTORE DUP1 SWAP4 SWAP3 SWAP2 SWAP1 DUP2 DUP2 MSTORE PUSH1 0x20 ADD DUP4 DUP4 PUSH1 0x20 MUL DUP1 DUP3 DUP5 CALLDATACOPY DUP3 ADD SWAP2 POP POP POP POP POP POP SWAP2 SWAP1 POP POP PUSH2 0x5F6 JUMP JUMPDEST STOP JUMPDEST CALLVALUE ISZERO PUSH2 0x2A0 JUMPI PUSH1 0x0 DUP1 REVERT JUMPDEST PUSH2 0x2A8 PUSH2 0x74D JUMP JUMPDEST PUSH1 0x40 MLOAD DUP1 DUP1 PUSH1 0x20 ADD DUP3 DUP2 SUB DUP3 MSTORE DUP4 DUP2 DUP2 MLOAD DUP2 MSTORE PUSH1 0x20 ADD SWAP2 POP DUP1 MLOAD SWAP1 PUSH1 0x20 ADD SWAP1 DUP1 DUP4 DUP4 PUSH1 0x0 JUMPDEST DUP4 DUP2 LT ISZERO PUSH2 0x2E8 JUMPI DUP1 DUP3 ADD MLOAD DUP2 DUP5 ADD MSTORE PUSH1 0x20 DUP2 ADD SWAP1 POP PUSH2 0x2CD JUMP JUMPDEST POP POP POP POP SWAP1 POP SWAP1 DUP2 ADD SWAP1 PUSH1 0x1F AND DUP1 ISZERO PUSH2 0x315 JUMPI DUP1 DUP3 SUB DUP1 MLOAD PUSH1 0x1 DUP4 PUSH1 0x20 SUB PUSH2 0x100 EXP SUB NOT AND DUP2 MSTORE PUSH1 0x20 ADD SWAP2 POP JUMPDEST POP SWAP3 POP POP POP PUSH1 0x40 MLOAD DUP1 SWAP2 SUB SWAP1 RETURN JUMPDEST CALLVALUE ISZERO PUSH2 0x32E JUMPI PUSH1 0x0 DUP1 REVERT JUMPDEST PUSH2 0x35A PUSH1 0x4 DUP1 DUP1 CALLDATALOAD PUSH20 0xFFFFFFFFFFFFFFFFFFFFFFFFFFFFFFFFFFFFFFFF AND SWAP1 PUSH1 0x20 ADD SWAP1 SWAP2 SWAP1 POP POP PUSH2 0x7EB JUMP JUMPDEST PUSH1 0x40 MLOAD DUP1 DUP3 DUP2 MSTORE PUSH1 0x20 ADD SWAP2 POP POP PUSH1 0x40 MLOAD DUP1 SWAP2 SUB SWAP1 RETURN JUMPDEST CALLVALUE ISZERO PUSH2 0x37B JUMPI PUSH1 0x0 DUP1 REVERT JUMPDEST PUSH2 0x3CB PUSH1 0x4 DUP1 DUP1 CALLDATALOAD SWAP1 PUSH1 0x20 ADD SWAP1 DUP3 ADD DUP1 CALLDATALOAD SWAP1 PUSH1 0x20 ADD SWAP1 DUP1 DUP1 PUSH1 0x1F ADD PUSH1 0x20 DUP1 SWAP2 DIV MUL PUSH1 0x20 ADD PUSH1 0x40 MLOAD SWAP1 DUP2 ADD PUSH1 0x40 MSTORE DUP1 SWAP4 SWAP3 SWAP2 SWAP1 DUP2 DUP2 MSTORE PUSH1 0x20 ADD DUP4 DUP4 DUP1 DUP3 DUP5 CALLDATACOPY DUP3 ADD SWAP2 POP POP POP POP POP POP SWAP2 SWAP1 POP POP PUSH2 0x7F7 JUMP JUMPDEST PUSH1 0x40 MLOAD DUP1 DUP3 ISZERO ISZERO ISZERO ISZERO DUP2 MSTORE PUSH1 0x20 ADD SWAP2 POP POP PUSH1 0x40 MLOAD DUP1 SWAP2 SUB SWAP1 RETURN JUMPDEST CALLVALUE ISZERO PUSH2 0x3F0 JUMPI PUSH1 0x0 DUP1 REVERT JUMPDEST PUSH2 0x3F8 PUSH2 0x875 JUMP JUMPDEST PUSH1 0x40 MLOAD DUP1 DUP1 PUSH1 0x20 ADD DUP3 DUP2 SUB DUP3 MSTORE DUP4 DUP2 DUP2 MLOAD DUP2 MSTORE PUSH1 0x20 ADD SWAP2 POP DUP1 MLOAD SWAP1 PUSH1 0x20 ADD SWAP1 DUP1 DUP4 DUP4 PUSH1 0x0 JUMPDEST DUP4 DUP2 LT ISZERO PUSH2 0x438 JUMPI DUP1 DUP3 ADD MLOAD DUP2 DUP5 ADD MSTORE PUSH1 0x20 DUP2 ADD SWAP1 POP PUSH2 0x41D JUMP JUMPDEST POP POP POP POP SWAP1 POP SWAP1 DUP2 ADD SWAP1 PUSH1 0x1F AND DUP1 ISZERO PUSH2 0x465 JUMPI DUP1 DUP3 SUB DUP1 MLOAD PUSH1 0x1 DUP4 PUSH1 0x20 SUB PUSH2 0x100 EXP SUB NOT AND DUP2 MSTORE PUSH1 0x20 ADD SWAP2 POP JUMPDEST POP SWAP3 POP POP POP PUSH1 0x40 MLOAD DUP1 SWAP2 SUB SWAP1 RETURN JUMPDEST CALLVALUE ISZERO PUSH2 0x47E JUMPI PUSH1 0x0 DUP1 REVERT JUMPDEST PUSH2 0x4B3 PUSH1 0x4 DUP1 DUP1 CALLDATALOAD PUSH20 0xFFFFFFFFFFFFFFFFFFFFFFFFFFFFFFFFFFFFFFFF AND SWAP1 PUSH1 0x20 ADD SWAP1 SWAP2 SWAP1 DUP1 CALLDATALOAD SWAP1 PUSH1 0x20 ADD SWAP1 SWAP2 SWAP1 POP POP PUSH2 0x913 JUMP JUMPDEST PUSH1 0x40 MLOAD DUP1 DUP3 ISZERO ISZERO ISZERO ISZERO DUP2 MSTORE PUSH1 0x20 ADD SWAP2 POP POP PUSH1 0x40 MLOAD DUP1 SWAP2 SUB SWAP1 RETURN JUMPDEST CALLVALUE ISZERO PUSH2 0x4D8 JUMPI PUSH1 0x0 DUP1 REVERT JUMPDEST PUSH2 0x523 PUSH1 0x4 DUP1 DUP1 CALLDATALOAD PUSH20 0xFFFFFFFFFFFFFFFFFFFFFFFFFFFFFFFFFFFFFFFF AND SWAP1 PUSH1 0x20 ADD SWAP1 SWAP2 SWAP1 DUP1 CALLDATALOAD PUSH20 0xFFFFFFFFFFFFFFFFFFFFFFFFFFFFFFFFFFFFFFFF AND SWAP1 PUSH1 0x20 ADD SWAP1 SWAP2 SWAP1 POP POP PUSH2 0x91F JUMP JUMPDEST PUSH1 0x40 MLOAD DUP1 DUP3 DUP2 MSTORE PUSH1 0x20 ADD SWAP2 POP POP PUSH1 0x40 MLOAD DUP1 SWAP2 SUB SWAP1 RETURN JUMPDEST PUSH1 0x1 DUP1 SLOAD PUSH1 0x1 DUP2 PUSH1 0x1 AND ISZERO PUSH2 0x100 MUL SUB AND PUSH1 0x2 SWAP1 DIV DUP1 PUSH1 0x1F ADD PUSH1 0x20 DUP1 SWAP2 DIV MUL PUSH1 0x20 ADD PUSH1 0x40 MLOAD SWAP1 DUP2 ADD PUSH1 0x40 MSTORE DUP1 SWAP3 SWAP2 SWAP1 DUP2 DUP2 MSTORE PUSH1 0x20 ADD DUP3 DUP1 SLOAD PUSH1 0x1 DUP2 PUSH1 0x1 AND ISZERO PUSH2 0x100 MUL SUB AND PUSH1 0x2 SWAP1 DIV DUP1 ISZERO PUSH2 0x5CF JUMPI DUP1 PUSH1 0x1F LT PUSH2 0x5A4 JUMPI PUSH2 0x100 DUP1 DUP4 SLOAD DIV MUL DUP4 MSTORE SWAP2 PUSH1 0x20 ADD SWAP2 PUSH2 0x5CF JUMP JUMPDEST DUP3 ADD SWAP2 SWAP1 PUSH1 0x0 MSTORE PUSH1 0x20 PUSH1 0x0 KECCAK256 SWAP1 JUMPDEST DUP2 SLOAD DUP2 MSTORE SWAP1 PUSH1 0x1 ADD SWAP1 PUSH1 0x20 ADD DUP1 DUP4 GT PUSH2 0x5B2 JUMPI DUP3 SWAP1 SUB PUSH1 0x1F AND DUP3 ADD SWAP2 JUMPDEST POP POP POP POP POP DUP2 JUMP JUMPDEST PUSH1 0x0 PUSH1 0x1 SWAP1 POP SWAP3 SWAP2 POP POP JUMP JUMPDEST PUSH1 0x4 SLOAD DUP2 JUMP JUMPDEST PUSH1 0x0 PUSH1 0x1 SWAP1 POP SWAP4 SWAP3 POP POP POP JUMP JUMPDEST PUSH1 0x0 PUSH1 0x3 PUSH1 0x0 SWAP1 SLOAD SWAP1 PUSH2 0x100 EXP SWAP1 DIV PUSH20 0xFFFFFFFFFFFFFFFFFFFFFFFFFFFFFFFFFFFFFFFF AND PUSH20 0xFFFFFFFFFFFFFFFFFFFFFFFFFFFFFFFFFFFFFFFF AND CALLER PUSH20 0xFFFFFFFFFFFFFFFFFFFFFFFFFFFFFFFFFFFFFFFF AND EQ ISZERO ISZERO PUSH2 0x654 JUMPI PUSH1 0x0 DUP1 REVERT JUMPDEST PUSH1 0x0 SWAP1 POP JUMPDEST DUP2 MLOAD DUP2 LT ISZERO PUSH2 0x749 JUMPI DUP2 DUP2 DUP2 MLOAD DUP2 LT ISZERO ISZERO PUSH2 0x670 JUMPI INVALID JUMPDEST SWAP1 PUSH1 0x20 ADD SWAP1 PUSH1 0x20 MUL ADD MLOAD PUSH20 0xFFFFFFFFFFFFFFFFFFFFFFFFFFFFFFFFFFFFFFFF AND PUSH2 0x8FC PUSH5 0x1CF977871 SWAP1 DUP2 ISZERO MUL SWAP1 PUSH1 0x40 MLOAD PUSH1 0x0 PUSH1 0x40 MLOAD DUP1 DUP4 SUB DUP2 DUP6 DUP9 DUP9 CALL SWAP4 POP POP POP POP ISZERO ISZERO PUSH2 0x6BE JUMPI PUSH1 0x0 DUP1 REVERT JUMPDEST DUP2 DUP2 DUP2 MLOAD DUP2 LT ISZERO ISZERO PUSH2 0x6CC JUMPI INVALID JUMPDEST SWAP1 PUSH1 0x20 ADD SWAP1 PUSH1 0x20 MUL ADD MLOAD PUSH20 0xFFFFFFFFFFFFFFFFFFFFFFFFFFFFFFFFFFFFFFFF AND ADDRESS PUSH20 0xFFFFFFFFFFFFFFFFFFFFFFFFFFFFFFFFFFFFFFFF AND PUSH32 0xDDF252AD1BE2C89B69C2B068FC378DAA952BA7F163C4A11628F55A4DF523B3EF PUSH2 0x309 PUSH1 0x40 MLOAD DUP1 DUP3 DUP2 MSTORE PUSH1 0x20 ADD SWAP2 POP POP PUSH1 0x40 MLOAD DUP1 SWAP2 SUB SWAP1 LOG3 DUP1 DUP1 PUSH1 0x1 ADD SWAP2 POP POP PUSH2 0x659 JUMP JUMPDEST POP POP JUMP JUMPDEST PUSH1 0x0 DUP1 SLOAD PUSH1 0x1 DUP2 PUSH1 0x1 AND ISZERO PUSH2 0x100 MUL SUB AND PUSH1 0x2 SWAP1 DIV DUP1 PUSH1 0x1F ADD PUSH1 0x20 DUP1 SWAP2 DIV MUL PUSH1 0x20 ADD PUSH1 0x40 MLOAD SWAP1 DUP2 ADD PUSH1 0x40 MSTORE DUP1 SWAP3 SWAP2 SWAP1 DUP2 DUP2 MSTORE PUSH1 0x20 ADD DUP3 DUP1 SLOAD PUSH1 0x1 DUP2 PUSH1 0x1 AND ISZERO PUSH2 0x100 MUL SUB AND PUSH1 0x2 SWAP1 DIV DUP1 ISZERO PUSH2 0x7E3 JUMPI DUP1 PUSH1 0x1F LT PUSH2 0x7B8 JUMPI PUSH2 0x100 DUP1 DUP4 SLOAD DIV MUL DUP4 MSTORE SWAP2 PUSH1 0x20 ADD SWAP2 PUSH2 0x7E3 JUMP JUMPDEST DUP3 ADD SWAP2 SWAP1 PUSH1 0x0 MSTORE PUSH1 0x20 PUSH1 0x0 KECCAK256 SWAP1 JUMPDEST DUP2 SLOAD DUP2 MSTORE SWAP1 PUSH1 0x1 ADD SWAP1 PUSH1 0x20 ADD DUP1 DUP4 GT PUSH2 0x7C6 JUMPI DUP3 SWAP1 SUB PUSH1 0x1F AND DUP3 ADD SWAP2 JUMPDEST POP POP POP POP POP DUP2 JUMP JUMPDEST PUSH1 0x0 PUSH2 0x309 SWAP1 POP SWAP2 SWAP1 POP JUMP JUMPDEST PUSH1 0x0 PUSH1 0x3 PUSH1 0x0 SWAP1 SLOAD SWAP1 PUSH2 0x100 EXP SWAP1 DIV PUSH20 0xFFFFFFFFFFFFFFFFFFFFFFFFFFFFFFFFFFFFFFFF AND PUSH20 0xFFFFFFFFFFFFFFFFFFFFFFFFFFFFFFFFFFFFFFFF AND CALLER PUSH20 0xFFFFFFFFFFFFFFFFFFFFFFFFFFFFFFFFFFFFFFFF AND EQ ISZERO ISZERO PUSH2 0x855 JUMPI PUSH1 0x0 DUP1 REVERT JUMPDEST DUP2 PUSH1 0x1 SWAP1 DUP1 MLOAD SWAP1 PUSH1 0x20 ADD SWAP1 PUSH2 0x86B SWAP3 SWAP2 SWAP1 PUSH2 0x92A JUMP JUMPDEST POP PUSH1 0x1 SWAP1 POP SWAP2 SWAP1 POP JUMP JUMPDEST PUSH1 0x2 DUP1 SLOAD PUSH1 0x1 DUP2 PUSH1 0x1 AND ISZERO PUSH2 0x100 MUL SUB AND PUSH1 0x2 SWAP1 DIV DUP1 PUSH1 0x1F ADD PUSH1 0x20 DUP1 SWAP2 DIV MUL PUSH1 0x20 ADD PUSH1 0x40 MLOAD SWAP1 DUP2 ADD PUSH1 0x40 MSTORE DUP1 SWAP3 SWAP2 SWAP1 DUP2 DUP2 MSTORE PUSH1 0x20 ADD DUP3 DUP1 SLOAD PUSH1 0x1 DUP2 PUSH1 0x1 AND ISZERO PUSH2 0x100 MUL SUB AND PUSH1 0x2 SWAP1 DIV DUP1 ISZERO PUSH2 0x90B JUMPI DUP1 PUSH1 0x1F LT PUSH2 0x8E0 JUMPI PUSH2 0x100 DUP1 DUP4 SLOAD DIV MUL DUP4 MSTORE SWAP2 PUSH1 0x20 ADD SWAP2 PUSH2 0x90B JUMP JUMPDEST DUP3 ADD SWAP2 SWAP1 PUSH1 0x0 MSTORE PUSH1 0x20 PUSH1 0x0 KECCAK256 SWAP1 JUMPDEST DUP2 SLOAD DUP2 MSTORE SWAP1 PUSH1 0x1 ADD SWAP1 PUSH1 0x20 ADD DUP1 DUP4 GT PUSH2 0x8EE JUMPI DUP3 SWAP1 SUB PUSH1 0x1F AND DUP3 ADD SWAP2 JUMPDEST POP POP POP POP POP DUP2 JUMP JUMPDEST PUSH1 0x0 PUSH1 0x1 SWAP1 POP SWAP3 SWAP2 POP POP JUMP JUMPDEST PUSH1 0x0 DUP1 SWAP1 POP SWAP3 SWAP2 POP POP JUMP JUMPDEST DUP3 DUP1 SLOAD PUSH1 0x1 DUP2 PUSH1 0x1 AND ISZERO PUSH2 0x100 MUL SUB AND PUSH1 0x2 SWAP1 DIV SWAP1 PUSH1 0x0 MSTORE PUSH1 0x20 PUSH1 0x0 KECCAK256 SWAP1 PUSH1 0x1F ADD PUSH1 0x20 SWAP1 DIV DUP2 ADD SWAP3 DUP3 PUSH1 0x1F LT PUSH2 0x96B JUMPI DUP1 MLOAD PUSH1 0xFF NOT AND DUP4 DUP1 ADD OR DUP6 SSTORE PUSH2 0x999 JUMP JUMPDEST DUP3 DUP1 ADD PUSH1 0x1 ADD DUP6 SSTORE DUP3 ISZERO PUSH2 0x999 JUMPI SWAP2 DUP3 ADD JUMPDEST DUP3 DUP2 GT ISZERO PUSH2 0x998 JUMPI DUP3 MLOAD DUP3 SSTORE SWAP2 PUSH1 0x20 ADD SWAP2 SWAP1 PUSH1 0x1 ADD SWAP1 PUSH2 0x97D JUMP JUMPDEST JUMPDEST POP SWAP1 POP PUSH2 0x9A6 SWAP2 SWAP1 PUSH2 0x9AA JUMP JUMPDEST POP SWAP1 JUMP JUMPDEST PUSH2 0x9CC SWAP2 SWAP1 JUMPDEST DUP1 DUP3 GT ISZERO PUSH2 0x9C8 JUMPI PUSH1 0x0 DUP2 PUSH1 0x0 SWAP1 SSTORE POP PUSH1 0x1 ADD PUSH2 0x9B0 JUMP JUMPDEST POP SWAP1 JUMP JUMPDEST SWAP1 JUMP STOP LOG1 PUSH6 0x627A7A723058 KECCAK256 GASLIMIT CALLDATALOAD 0x4c 0xbc CREATE2 0x23 PUSH20 0x456705B6D2D7AE2B82B5DDB43FB3DC74D78ED60E DUP10 BYTE DUP8 NOT GT STOP 0x29
1,PUSH1 0x60 PUSH1 0x40 MSTORE CALLVALUE ISZERO PUSH2 0xF JUMPI PUSH1 0x0 DUP1 REVERT JUMPDEST PUSH2 0x370 DUP1 PUSH2 0x1E PUSH1 0x0 CODECOPY PUSH1 0x0 RETURN STOP PUSH1 0x60 PUSH1 0x40 MSTORE PUSH1 0x4 CALLDATASIZE LT PUSH2 0x57 JUMPI PUSH1 0x0 CALLDATALOAD PUSH29 0x100000000000000000000000000000000000000000000000000000000 SWAP1 DIV PUSH4 0xFFFFFFFF AND DUP1 PUSH4 0x18160DDD EQ PUSH2 0x5C JUMPI DUP1 PUSH4 0x70A08231 EQ PUSH2 0x85 JUMPI DUP1 PUSH4 0xA9059CBB EQ PUSH2 0xD2 JUMPI JUMPDEST PUSH1 0x0 DUP1 REVERT JUMPDEST CALLVALUE ISZERO PUSH2 0x67 JUMPI PUSH1 0x0 DUP1 REVERT JUMPDEST PUSH2 0x6F PUSH2 0x114 JUMP JUMPDEST PUSH1 0x40 MLOAD DUP1 DUP3 DUP2 MSTORE PUSH1 0x20 ADD SWAP2 POP POP PUSH1 0x40 MLOAD DUP1 SWAP2 SUB SWAP1 RETURN JUMPDEST CALLVALUE ISZERO PUSH2 0x90 JUMPI PUSH1 0x0 DUP1 REVERT JUMPDEST PUSH2 0xBC PUSH1 0x4 DUP1 DUP1 CALLDATALOAD PUSH20 0xFFFFFFFFFFFFFFFFFFFFFFFFFFFFFFFFFFFFFFFF AND SWAP1 PUSH1 0x20 ADD SWAP1 SWAP2 SWAP1 POP POP PUSH2 0x11A JUMP JUMPDEST PUSH1 0x40 MLOAD DUP1 DUP3 DUP2 MSTORE PUSH1 0x20 ADD SWAP2 POP POP PUSH1 0x40 MLOAD DUP1 SWAP2 SUB SWAP1 RETURN JUMPDEST CALLVALUE ISZERO PUSH2 0xDD JUMPI PUSH1 0x0 DUP1 REVERT JUMPDEST PUSH2 0x112 PUSH1 0x4 DUP1 DUP1 CALLDATALOAD PUSH20 0xFFFFFFFFFFFFFFFFFFFFFFFFFFFFFFFFFFFFFFFF AND SWAP1 PUSH1 0x20 ADD SWAP1 SWAP2 SWAP1 DUP1 CALLDATALOAD SWAP1 PUSH1 0x20 ADD SWAP1 SWAP2 SWAP1 POP POP PUSH2 0x163 JUMP JUMPDEST STOP JUMPDEST PUSH1 0x0 SLOAD DUP2 JUMP JUMPDEST PUSH1 0x0 PUSH1 0x1 PUSH1 0x0 DUP4 PUSH20 0xFFFFFFFFFFFFFFFFFFFFFFFFFFFFFFFFFFFFFFFF AND PUSH20 0xFFFFFFFFFFFFFFFFFFFFFFFFFFFFFFFFFFFFFFFF AND DUP2 MSTORE PUSH1 0x20 ADD SWAP1 DUP2 MSTORE PUSH1 0x20 ADD PUSH1 0x0 KECCAK256 SLOAD SWAP1 POP SWAP2 SWAP1 POP JUMP JUMPDEST PUSH1 0x40 PUSH1 0x4 DUP2 ADD PUSH1 0x0 CALLDATASIZE SWAP1 POP LT ISZERO PUSH2 0x179 JUMPI PUSH1 0x0 DUP1 REVERT JUMPDEST PUSH2 0x1CB DUP3 PUSH1 0x1 PUSH1 0x0 CALLER PUSH20 0xFFFFFFFFFFFFFFFFFFFFFFFFFFFFFFFFFFFFFFFF AND PUSH20 0xFFFFFFFFFFFFFFFFFFFFFFFFFFFFFFFFFFFFFFFF AND DUP2 MSTORE PUSH1 0x20 ADD SWAP1 DUP2 MSTORE PUSH1 0x20 ADD PUSH1 0x0 KECCAK256 SLOAD PUSH2 0x30D SWAP1 SWAP2 SWAP1 PUSH4 0xFFFFFFFF AND JUMP JUMPDEST PUSH1 0x1 PUSH1 0x0 CALLER PUSH20 0xFFFFFFFFFFFFFFFFFFFFFFFFFFFFFFFFFFFFFFFF AND PUSH20 0xFFFFFFFFFFFFFFFFFFFFFFFFFFFFFFFFFFFFFFFF AND DUP2 MSTORE PUSH1 0x20 ADD SWAP1 DUP2 MSTORE PUSH1 0x20 ADD PUSH1 0x0 KECCAK256 DUP2 SWAP1 SSTORE POP PUSH2 0x260 DUP3 PUSH1 0x1 PUSH1 0x0 DUP7 PUSH20 0xFFFFFFFFFFFFFFFFFFFFFFFFFFFFFFFFFFFFFFFF AND PUSH20 0xFFFFFFFFFFFFFFFFFFFFFFFFFFFFFFFFFFFFFFFF AND DUP2 MSTORE PUSH1 0x20 ADD SWAP1 DUP2 MSTORE PUSH1 0x20 ADD PUSH1 0x0 KECCAK256 SLOAD PUSH2 0x326 SWAP1 SWAP2 SWAP1 PUSH4 0xFFFFFFFF AND JUMP JUMPDEST PUSH1 0x1 PUSH1 0x0 DUP6 PUSH20 0xFFFFFFFFFFFFFFFFFFFFFFFFFFFFFFFFFFFFFFFF AND PUSH20 0xFFFFFFFFFFFFFFFFFFFFFFFFFFFFFFFFFFFFFFFF AND DUP2 MSTORE PUSH1 0x20 ADD SWAP1 DUP2 MSTORE PUSH1 0x20 ADD PUSH1 0x0 KECCAK256 DUP2 SWAP1 SSTORE POP DUP3 PUSH20 0xFFFFFFFFFFFFFFFFFFFFFFFFFFFFFFFFFFFFFFFF AND CALLER PUSH20 0xFFFFFFFFFFFFFFFFFFFFFFFFFFFFFFFFFFFFFFFF AND PUSH32 0xDDF252AD1BE2C89B69C2B068FC378DAA952BA7F163C4A11628F55A4DF523B3EF DUP5 PUSH1 0x40 MLOAD DUP1 DUP3 DUP2 MSTORE PUSH1 0x20 ADD SWAP2 POP POP PUSH1 0x40 MLOAD DUP1 SWAP2 SUB SWAP1 LOG3 POP POP POP JUMP JUMPDEST PUSH1 0x0 DUP3 DUP3 GT ISZERO ISZERO ISZERO PUSH2 0x31B JUMPI INVALID JUMPDEST DUP2 DUP4 SUB SWAP1 POP SWAP3 SWAP2 POP POP JUMP JUMPDEST PUSH1 0x0 DUP1 DUP3 DUP5 ADD SWAP1 POP DUP4 DUP2 LT ISZERO ISZERO ISZERO PUSH2 0x33A JUMPI INVALID JUMPDEST DUP1 SWAP2 POP POP SWAP3 SWAP2 POP POP JUMP STOP LOG1 PUSH6 0x627A7A723058 KECCAK256 0x2a 0xa9 0xf9 0xdd 0xba PUSH5 0x11FBF54396 SWAP5 BLOCKHASH DUP7 PUSH11 0x7BC6FDDC2B416C440F1BFB 0x2a SWAP4 0x2c 0x4a 0xe6 SHL STOP 0x29
1,PUSH1 0x60 PUSH1 0x40 MSTORE PUSH1 0x40 DUP1 MLOAD SWAP1 DUP2 ADD PUSH1 0x40 MSTORE DUP1 PUSH1 0xA DUP2 MSTORE PUSH1 0x20 ADD PUSH32 0x56656E7573546F6B656E00000000000000000000000000000000000000000000 DUP2 MSTORE POP PUSH1 0x0 SWAP1 DUP1 MLOAD SWAP1 PUSH1 0x20 ADD SWAP1 PUSH3 0x51 SWAP3 SWAP2 SWAP1 PUSH3 0x1A0 JUMP JUMPDEST POP PUSH1 0x40 DUP1 MLOAD SWAP1 DUP2 ADD PUSH1 0x40 MSTORE DUP1 PUSH1 0x3 DUP2 MSTORE PUSH1 0x20 ADD PUSH32 0x564E530000000000000000000000000000000000000000000000000000000000 DUP2 MSTORE POP PUSH1 0x1 SWAP1 DUP1 MLOAD SWAP1 PUSH1 0x20 ADD SWAP1 PUSH3 0x9F SWAP3 SWAP2 SWAP1 PUSH3 0x1A0 JUMP JUMPDEST POP PUSH1 0x12 PUSH1 0x2 PUSH1 0x0 PUSH2 0x100 EXP DUP2 SLOAD DUP2 PUSH1 0xFF MUL NOT AND SWAP1 DUP4 PUSH1 0xFF AND MUL OR SWAP1 SSTORE POP PUSH5 0xC95D9D1B7 PUSH1 0x3 SSTORE CALLVALUE ISZERO PUSH3 0xD1 JUMPI PUSH1 0x0 DUP1 REVERT JUMPDEST PUSH1 0x40 MLOAD PUSH3 0x104C CODESIZE SUB DUP1 PUSH3 0x104C DUP4 CODECOPY DUP2 ADD PUSH1 0x40 MSTORE DUP1 DUP1 MLOAD SWAP1 PUSH1 0x20 ADD SWAP1 SWAP2 SWAP1 DUP1 MLOAD DUP3 ADD SWAP2 SWAP1 PUSH1 0x20 ADD DUP1 MLOAD DUP3 ADD SWAP2 SWAP1 POP POP PUSH1 0x2 PUSH1 0x0 SWAP1 SLOAD SWAP1 PUSH2 0x100 EXP SWAP1 DIV PUSH1 0xFF AND PUSH1 0xFF AND PUSH1 0xA EXP DUP4 MUL PUSH1 0x3 DUP2 SWAP1 SSTORE POP PUSH1 0x3 SLOAD PUSH1 0x4 PUSH1 0x0 CALLER PUSH20 0xFFFFFFFFFFFFFFFFFFFFFFFFFFFFFFFFFFFFFFFF AND PUSH20 0xFFFFFFFFFFFFFFFFFFFFFFFFFFFFFFFFFFFFFFFF AND DUP2 MSTORE PUSH1 0x20 ADD SWAP1 DUP2 MSTORE PUSH1 0x20 ADD PUSH1 0x0 KECCAK256 DUP2 SWAP1 SSTORE POP DUP2 PUSH1 0x0 SWAP1 DUP1 MLOAD SWAP1 PUSH1 0x20 ADD SWAP1 PUSH3 0x17D SWAP3 SWAP2 SWAP1 PUSH3 0x1A0 JUMP JUMPDEST POP DUP1 PUSH1 0x1 SWAP1 DUP1 MLOAD SWAP1 PUSH1 0x20 ADD SWAP1 PUSH3 0x196 SWAP3 SWAP2 SWAP1 PUSH3 0x1A0 JUMP JUMPDEST POP POP POP POP PUSH3 0x24F JUMP JUMPDEST DUP3 DUP1 SLOAD PUSH1 0x1 DUP2 PUSH1 0x1 AND ISZERO PUSH2 0x100 MUL SUB AND PUSH1 0x2 SWAP1 DIV SWAP1 PUSH1 0x0 MSTORE PUSH1 0x20 PUSH1 0x0 KECCAK256 SWAP1 PUSH1 0x1F ADD PUSH1 0x20 SWAP1 DIV DUP2 ADD SWAP3 DUP3 PUSH1 0x1F LT PUSH3 0x1E3 JUMPI DUP1 MLOAD PUSH1 0xFF NOT AND DUP4 DUP1 ADD OR DUP6 SSTORE PUSH3 0x214 JUMP JUMPDEST DUP3 DUP1 ADD PUSH1 0x1 ADD DUP6 SSTORE DUP3 ISZERO PUSH3 0x214 JUMPI SWAP2 DUP3 ADD JUMPDEST DUP3 DUP2 GT ISZERO PUSH3 0x213 JUMPI DUP3 MLOAD DUP3 SSTORE SWAP2 PUSH1 0x20 ADD SWAP2 SWAP1 PUSH1 0x1 ADD SWAP1 PUSH3 0x1F6 JUMP JUMPDEST JUMPDEST POP SWAP1 POP PUSH3 0x223 SWAP2 SWAP1 PUSH3 0x227 JUMP JUMPDEST POP SWAP1 JUMP JUMPDEST PUSH3 0x24C SWAP2 SWAP1 JUMPDEST DUP1 DUP3 GT ISZERO PUSH3 0x248 JUMPI PUSH1 0x0 DUP2 PUSH1 0x0 SWAP1 SSTORE POP PUSH1 0x1 ADD PUSH3 0x22E JUMP JUMPDEST POP SWAP1 JUMP JUMPDEST SWAP1 JUMP JUMPDEST PUSH2 0xDED DUP1 PUSH3 0x25F PUSH1 0x0 CODECOPY PUSH1 0x0 RETURN STOP PUSH1 0x60 PUSH1 0x40 MSTORE PUSH1 0x4 CALLDATASIZE LT PUSH2 0xAF JUMPI PUSH1 0x0 CALLDATALOAD PUSH29 0x100000000000000000000000000000000000000000000000000000000 SWAP1 DIV PUSH4 0xFFFFFFFF AND DUP1 PUSH4 0x6FDDE03 EQ PUSH2 0xB4 JUMPI DUP1 PUSH4 0x95EA7B3 EQ PUSH2 0x142 JUMPI DUP1 PUSH4 0x18160DDD EQ PUSH2 0x19C JUMPI DUP1 PUSH4 0x23B872DD EQ PUSH2 0x1C5 JUMPI DUP1 PUSH4 0x313CE567 EQ PUSH2 0x23E JUMPI DUP1 PUSH4 0x42966C68 EQ PUSH2 0x26D JUMPI DUP1 PUSH4 0x70A08231 EQ PUSH2 0x2A8 JUMPI DUP1 PUSH4 0x95D89B41 EQ PUSH2 0x2F5 JUMPI DUP1 PUSH4 0xA9059CBB EQ PUSH2 0x383 JUMPI DUP1 PUSH4 0xCAE9CA51 EQ PUSH2 0x3C5 JUMPI DUP1 PUSH4 0xDD62ED3E EQ PUSH2 0x462 JUMPI JUMPDEST PUSH1 0x0 DUP1 REVERT JUMPDEST CALLVALUE ISZERO PUSH2 0xBF JUMPI PUSH1 0x0 DUP1 REVERT JUMPDEST PUSH2 0xC7 PUSH2 0x4CE JUMP JUMPDEST PUSH1 0x40 MLOAD DUP1 DUP1 PUSH1 0x20 ADD DUP3 DUP2 SUB DUP3 MSTORE DUP4 DUP2 DUP2 MLOAD DUP2 MSTORE PUSH1 0x20 ADD SWAP2 POP DUP1 MLOAD SWAP1 PUSH1 0x20 ADD SWAP1 DUP1 DUP4 DUP4 PUSH1 0x0 JUMPDEST DUP4 DUP2 LT ISZERO PUSH2 0x107 JUMPI DUP1 DUP3 ADD MLOAD DUP2 DUP5 ADD MSTORE PUSH1 0x20 DUP2 ADD SWAP1 POP PUSH2 0xEC JUMP JUMPDEST POP POP POP POP SWAP1 POP SWAP1 DUP2 ADD SWAP1 PUSH1 0x1F AND DUP1 ISZERO PUSH2 0x134 JUMPI DUP1 DUP3 SUB DUP1 MLOAD PUSH1 0x1 DUP4 PUSH1 0x20 SUB PUSH2 0x100 EXP SUB NOT AND DUP2 MSTORE PUSH1 0x20 ADD SWAP2 POP JUMPDEST POP SWAP3 POP POP POP PUSH1 0x40 MLOAD DUP1 SWAP2 SUB SWAP1 RETURN JUMPDEST CALLVALUE ISZERO PUSH2 0x14D JUMPI PUSH1 0x0 DUP1 REVERT JUMPDEST PUSH2 0x182 PUSH1 0x4 DUP1 DUP1 CALLDATALOAD PUSH20 0xFFFFFFFFFFFFFFFFFFFFFFFFFFFFFFFFFFFFFFFF AND SWAP1 PUSH1 0x20 ADD SWAP1 SWAP2 SWAP1 DUP1 CALLDATALOAD SWAP1 PUSH1 0x20 ADD SWAP1 SWAP2 SWAP1 POP POP PUSH2 0x56C JUMP JUMPDEST PUSH1 0x40 MLOAD DUP1 DUP3 ISZERO ISZERO ISZERO ISZERO DUP2 MSTORE PUSH1 0x20 ADD SWAP2 POP POP PUSH1 0x40 MLOAD DUP1 SWAP2 SUB SWAP1 RETURN JUMPDEST CALLVALUE ISZERO PUSH2 0x1A7 JUMPI PUSH1 0x0 DUP1 REVERT JUMPDEST PUSH2 0x1AF PUSH2 0x5F9 JUMP JUMPDEST PUSH1 0x40 MLOAD DUP1 DUP3 DUP2 MSTORE PUSH1 0x20 ADD SWAP2 POP POP PUSH1 0x40 MLOAD DUP1 SWAP2 SUB SWAP1 RETURN JUMPDEST CALLVALUE ISZERO PUSH2 0x1D0 JUMPI PUSH1 0x0 DUP1 REVERT JUMPDEST PUSH2 0x224 PUSH1 0x4 DUP1 DUP1 CALLDATALOAD PUSH20 0xFFFFFFFFFFFFFFFFFFFFFFFFFFFFFFFFFFFFFFFF AND SWAP1 PUSH1 0x20 ADD SWAP1 SWAP2 SWAP1 DUP1 CALLDATALOAD PUSH20 0xFFFFFFFFFFFFFFFFFFFFFFFFFFFFFFFFFFFFFFFF AND SWAP1 PUSH1 0x20 ADD SWAP1 SWAP2 SWAP1 DUP1 CALLDATALOAD SWAP1 PUSH1 0x20 ADD SWAP1 SWAP2 SWAP1 POP POP PUSH2 0x5FF JUMP JUMPDEST PUSH1 0x40 MLOAD DUP1 DUP3 ISZERO ISZERO ISZERO ISZERO DUP2 MSTORE PUSH1 0x20 ADD SWAP2 POP POP PUSH1 0x40 MLOAD DUP1 SWAP2 SUB SWAP1 RETURN JUMPDEST CALLVALUE ISZERO PUSH2 0x249 JUMPI PUSH1 0x0 DUP1 REVERT JUMPDEST PUSH2 0x251 PUSH2 0x72C JUMP JUMPDEST PUSH1 0x40 MLOAD DUP1 DUP3 PUSH1 0xFF AND PUSH1 0xFF AND DUP2 MSTORE PUSH1 0x20 ADD SWAP2 POP POP PUSH1 0x40 MLOAD DUP1 SWAP2 SUB SWAP1 RETURN JUMPDEST CALLVALUE ISZERO PUSH2 0x278 JUMPI PUSH1 0x0 DUP1 REVERT JUMPDEST PUSH2 0x28E PUSH1 0x4 DUP1 DUP1 CALLDATALOAD SWAP1 PUSH1 0x20 ADD SWAP1 SWAP2 SWAP1 POP POP PUSH2 0x73F JUMP JUMPDEST PUSH1 0x40 MLOAD DUP1 DUP3 ISZERO ISZERO ISZERO ISZERO DUP2 MSTORE PUSH1 0x20 ADD SWAP2 POP POP PUSH1 0x40 MLOAD DUP1 SWAP2 SUB SWAP1 RETURN JUMPDEST CALLVALUE ISZERO PUSH2 0x2B3 JUMPI PUSH1 0x0 DUP1 REVERT JUMPDEST PUSH2 0x2DF PUSH1 0x4 DUP1 DUP1 CALLDATALOAD PUSH20 0xFFFFFFFFFFFFFFFFFFFFFFFFFFFFFFFFFFFFFFFF AND SWAP1 PUSH1 0x20 ADD SWAP1 SWAP2 SWAP1 POP POP PUSH2 0x843 JUMP JUMPDEST PUSH1 0x40 MLOAD DUP1 DUP3 DUP2 MSTORE PUSH1 0x20 ADD SWAP2 POP POP PUSH1 0x40 MLOAD DUP1 SWAP2 SUB SWAP1 RETURN JUMPDEST CALLVALUE ISZERO PUSH2 0x300 JUMPI PUSH1 0x0 DUP1 REVERT JUMPDEST PUSH2 0x308 PUSH2 0x85B JUMP JUMPDEST PUSH1 0x40 MLOAD DUP1 DUP1 PUSH1 0x20 ADD DUP3 DUP2 SUB DUP3 MSTORE DUP4 DUP2 DUP2 MLOAD DUP2 MSTORE PUSH1 0x20 ADD SWAP2 POP DUP1 MLOAD SWAP1 PUSH1 0x20 ADD SWAP1 DUP1 DUP4 DUP4 PUSH1 0x0 JUMPDEST DUP4 DUP2 LT ISZERO PUSH2 0x348 JUMPI DUP1 DUP3 ADD MLOAD DUP2 DUP5 ADD MSTORE PUSH1 0x20 DUP2 ADD SWAP1 POP PUSH2 0x32D JUMP JUMPDEST POP POP POP POP SWAP1 POP SWAP1 DUP2 ADD SWAP1 PUSH1 0x1F AND DUP1 ISZERO PUSH2 0x375 JUMPI DUP1 DUP3 SUB DUP1 MLOAD PUSH1 0x1 DUP4 PUSH1 0x20 SUB PUSH2 0x100 EXP SUB NOT AND DUP2 MSTORE PUSH1 0x20 ADD SWAP2 POP JUMPDEST POP SWAP3 POP POP POP PUSH1 0x40 MLOAD DUP1 SWAP2 SUB SWAP1 RETURN JUMPDEST CALLVALUE ISZERO PUSH2 0x38E JUMPI PUSH1 0x0 DUP1 REVERT JUMPDEST PUSH2 0x3C3 PUSH1 0x4 DUP1 DUP1 CALLDATALOAD PUSH20 0xFFFFFFFFFFFFFFFFFFFFFFFFFFFFFFFFFFFFFFFF AND SWAP1 PUSH1 0x20 ADD SWAP1 SWAP2 SWAP1 DUP1 CALLDATALOAD SWAP1 PUSH1 0x20 ADD SWAP1 SWAP2 SWAP1 POP POP PUSH2 0x8F9 JUMP JUMPDEST STOP JUMPDEST CALLVALUE ISZERO PUSH2 0x3D0 JUMPI PUSH1 0x0 DUP1 REVERT JUMPDEST PUSH2 0x448 PUSH1 0x4 DUP1 DUP1 CALLDATALOAD PUSH20 0xFFFFFFFFFFFFFFFFFFFFFFFFFFFFFFFFFFFFFFFF AND SWAP1 PUSH1 0x20 ADD SWAP1 SWAP2 SWAP1 DUP1 CALLDATALOAD SWAP1 PUSH1 0x20 ADD SWAP1 SWAP2 SWAP1 DUP1 CALLDATALOAD SWAP1 PUSH1 0x20 ADD SWAP1 DUP3 ADD DUP1 CALLDATALOAD SWAP1 PUSH1 0x20 ADD SWAP1 DUP1 DUP1 PUSH1 0x1F ADD PUSH1 0x20 DUP1 SWAP2 DIV MUL PUSH1 0x20 ADD PUSH1 0x40 MLOAD SWAP1 DUP2 ADD PUSH1 0x40 MSTORE DUP1 SWAP4 SWAP3 SWAP2 SWAP1 DUP2 DUP2 MSTORE PUSH1 0x20 ADD DUP4 DUP4 DUP1 DUP3 DUP5 CALLDATACOPY DUP3 ADD SWAP2 POP POP POP POP POP POP SWAP2 SWAP1 POP POP PUSH2 0x908 JUMP JUMPDEST PUSH1 0x40 MLOAD DUP1 DUP3 ISZERO ISZERO ISZERO ISZERO DUP2 MSTORE PUSH1 0x20 ADD SWAP2 POP POP PUSH1 0x40 MLOAD DUP1 SWAP2 SUB SWAP1 RETURN JUMPDEST CALLVALUE ISZERO PUSH2 0x46D JUMPI PUSH1 0x0 DUP1 REVERT JUMPDEST PUSH2 0x4B8 PUSH1 0x4 DUP1 DUP1 CALLDATALOAD PUSH20 0xFFFFFFFFFFFFFFFFFFFFFFFFFFFFFFFFFFFFFFFF AND SWAP1 PUSH1 0x20 ADD SWAP1 SWAP2 SWAP1 DUP1 CALLDATALOAD PUSH20 0xFFFFFFFFFFFFFFFFFFFFFFFFFFFFFFFFFFFFFFFF AND SWAP1 PUSH1 0x20 ADD SWAP1 SWAP2 SWAP1 POP POP PUSH2 0xA86 JUMP JUMPDEST PUSH1 0x40 MLOAD DUP1 DUP3 DUP2 MSTORE PUSH1 0x20 ADD SWAP2 POP POP PUSH1 0x40 MLOAD DUP1 SWAP2 SUB SWAP1 RETURN JUMPDEST PUSH1 0x0 DUP1 SLOAD PUSH1 0x1 DUP2 PUSH1 0x1 AND ISZERO PUSH2 0x100 MUL SUB AND PUSH1 0x2 SWAP1 DIV DUP1 PUSH1 0x1F ADD PUSH1 0x20 DUP1 SWAP2 DIV MUL PUSH1 0x20 ADD PUSH1 0x40 MLOAD SWAP1 DUP2 ADD PUSH1 0x40 MSTORE DUP1 SWAP3 SWAP2 SWAP1 DUP2 DUP2 MSTORE PUSH1 0x20 ADD DUP3 DUP1 SLOAD PUSH1 0x1 DUP2 PUSH1 0x1 AND ISZERO PUSH2 0x100 MUL SUB AND PUSH1 0x2 SWAP1 DIV DUP1 ISZERO PUSH2 0x564 JUMPI DUP1 PUSH1 0x1F LT PUSH2 0x539 JUMPI PUSH2 0x100 DUP1 DUP4 SLOAD DIV MUL DUP4 MSTORE SWAP2 PUSH1 0x20 ADD SWAP2 PUSH2 0x564 JUMP JUMPDEST DUP3 ADD SWAP2 SWAP1 PUSH1 0x0 MSTORE PUSH1 0x20 PUSH1 0x0 KECCAK256 SWAP1 JUMPDEST DUP2 SLOAD DUP2 MSTORE SWAP1 PUSH1 0x1 ADD SWAP1 PUSH1 0x20 ADD DUP1 DUP4 GT PUSH2 0x547 JUMPI DUP3 SWAP1 SUB PUSH1 0x1F AND DUP3 ADD SWAP2 JUMPDEST POP POP POP POP POP DUP2 JUMP JUMPDEST PUSH1 0x0 DUP2 PUSH1 0x5 PUSH1 0x0 CALLER PUSH20 0xFFFFFFFFFFFFFFFFFFFFFFFFFFFFFFFFFFFFFFFF AND PUSH20 0xFFFFFFFFFFFFFFFFFFFFFFFFFFFFFFFFFFFFFFFF AND DUP2 MSTORE PUSH1 0x20 ADD SWAP1 DUP2 MSTORE PUSH1 0x20 ADD PUSH1 0x0 KECCAK256 PUSH1 0x0 DUP6 PUSH20 0xFFFFFFFFFFFFFFFFFFFFFFFFFFFFFFFFFFFFFFFF AND PUSH20 0xFFFFFFFFFFFFFFFFFFFFFFFFFFFFFFFFFFFFFFFF AND DUP2 MSTORE PUSH1 0x20 ADD SWAP1 DUP2 MSTORE PUSH1 0x20 ADD PUSH1 0x0 KECCAK256 DUP2 SWAP1 SSTORE POP PUSH1 0x1 SWAP1 POP SWAP3 SWAP2 POP POP JUMP JUMPDEST PUSH1 0x3 SLOAD DUP2 JUMP JUMPDEST PUSH1 0x0 PUSH1 0x5 PUSH1 0x0 DUP6 PUSH20 0xFFFFFFFFFFFFFFFFFFFFFFFFFFFFFFFFFFFFFFFF AND PUSH20 0xFFFFFFFFFFFFFFFFFFFFFFFFFFFFFFFFFFFFFFFF AND DUP2 MSTORE PUSH1 0x20 ADD SWAP1 DUP2 MSTORE PUSH1 0x20 ADD PUSH1 0x0 KECCAK256 PUSH1 0x0 CALLER PUSH20 0xFFFFFFFFFFFFFFFFFFFFFFFFFFFFFFFFFFFFFFFF AND PUSH20 0xFFFFFFFFFFFFFFFFFFFFFFFFFFFFFFFFFFFFFFFF AND DUP2 MSTORE PUSH1 0x20 ADD SWAP1 DUP2 MSTORE PUSH1 0x20 ADD PUSH1 0x0 KECCAK256 SLOAD DUP3 GT ISZERO ISZERO ISZERO PUSH2 0x68C JUMPI PUSH1 0x0 DUP1 REVERT JUMPDEST DUP2 PUSH1 0x5 PUSH1 0x0 DUP7 PUSH20 0xFFFFFFFFFFFFFFFFFFFFFFFFFFFFFFFFFFFFFFFF AND PUSH20 0xFFFFFFFFFFFFFFFFFFFFFFFFFFFFFFFFFFFFFFFF AND DUP2 MSTORE PUSH1 0x20 ADD SWAP1 DUP2 MSTORE PUSH1 0x20 ADD PUSH1 0x0 KECCAK256 PUSH1 0x0 CALLER PUSH20 0xFFFFFFFFFFFFFFFFFFFFFFFFFFFFFFFFFFFFFFFF AND PUSH20 0xFFFFFFFFFFFFFFFFFFFFFFFFFFFFFFFFFFFFFFFF AND DUP2 MSTORE PUSH1 0x20 ADD SWAP1 DUP2 MSTORE PUSH1 0x20 ADD PUSH1 0x0 KECCAK256 PUSH1 0x0 DUP3 DUP3 SLOAD SUB SWAP3 POP POP DUP2 SWAP1 SSTORE POP PUSH2 0x721 DUP5 DUP5 DUP5 PUSH2 0xAAB JUMP JUMPDEST PUSH1 0x1 SWAP1 POP SWAP4 SWAP3 POP POP POP JUMP JUMPDEST PUSH1 0x2 PUSH1 0x0 SWAP1 SLOAD SWAP1 PUSH2 0x100 EXP SWAP1 DIV PUSH1 0xFF AND DUP2 JUMP JUMPDEST PUSH1 0x0 DUP2 PUSH1 0x4 PUSH1 0x0 CALLER PUSH20 0xFFFFFFFFFFFFFFFFFFFFFFFFFFFFFFFFFFFFFFFF AND PUSH20 0xFFFFFFFFFFFFFFFFFFFFFFFFFFFFFFFFFFFFFFFF AND DUP2 MSTORE PUSH1 0x20 ADD SWAP1 DUP2 MSTORE PUSH1 0x20 ADD PUSH1 0x0 KECCAK256 SLOAD LT ISZERO ISZERO ISZERO PUSH2 0x78F JUMPI PUSH1 0x0 DUP1 REVERT JUMPDEST DUP2 PUSH1 0x4 PUSH1 0x0 CALLER PUSH20 0xFFFFFFFFFFFFFFFFFFFFFFFFFFFFFFFFFFFFFFFF AND PUSH20 0xFFFFFFFFFFFFFFFFFFFFFFFFFFFFFFFFFFFFFFFF AND DUP2 MSTORE PUSH1 0x20 ADD SWAP1 DUP2 MSTORE PUSH1 0x20 ADD PUSH1 0x0 KECCAK256 PUSH1 0x0 DUP3 DUP3 SLOAD SUB SWAP3 POP POP DUP2 SWAP1 SSTORE POP DUP2 PUSH1 0x3 PUSH1 0x0 DUP3 DUP3 SLOAD SUB SWAP3 POP POP DUP2 SWAP1 SSTORE POP CALLER PUSH20 0xFFFFFFFFFFFFFFFFFFFFFFFFFFFFFFFFFFFFFFFF AND PUSH32 0xCC16F5DBB4873280815C1EE09DBD06736CFFCC184412CF7A71A0FDB75D397CA5 DUP4 PUSH1 0x40 MLOAD DUP1 DUP3 DUP2 MSTORE PUSH1 0x20 ADD SWAP2 POP POP PUSH1 0x40 MLOAD DUP1 SWAP2 SUB SWAP1 LOG2 PUSH1 0x1 SWAP1 POP SWAP2 SWAP1 POP JUMP JUMPDEST PUSH1 0x4 PUSH1 0x20 MSTORE DUP1 PUSH1 0x0 MSTORE PUSH1 0x40 PUSH1 0x0 KECCAK256 PUSH1 0x0 SWAP2 POP SWAP1 POP SLOAD DUP2 JUMP JUMPDEST PUSH1 0x1 DUP1 SLOAD PUSH1 0x1 DUP2 PUSH1 0x1 AND ISZERO PUSH2 0x100 MUL SUB AND PUSH1 0x2 SWAP1 DIV DUP1 PUSH1 0x1F ADD PUSH1 0x20 DUP1 SWAP2 DIV MUL PUSH1 0x20 ADD PUSH1 0x40 MLOAD SWAP1 DUP2 ADD PUSH1 0x40 MSTORE DUP1 SWAP3 SWAP2 SWAP1 DUP2 DUP2 MSTORE PUSH1 0x20 ADD DUP3 DUP1 SLOAD PUSH1 0x1 DUP2 PUSH1 0x1 AND ISZERO PUSH2 0x100 MUL SUB AND PUSH1 0x2 SWAP1 DIV DUP1 ISZERO PUSH2 0x8F1 JUMPI DUP1 PUSH1 0x1F LT PUSH2 0x8C6 JUMPI PUSH2 0x100 DUP1 DUP4 SLOAD DIV MUL DUP4 MSTORE SWAP2 PUSH1 0x20 ADD SWAP2 PUSH2 0x8F1 JUMP JUMPDEST DUP3 ADD SWAP2 SWAP1 PUSH1 0x0 MSTORE PUSH1 0x20 PUSH1 0x0 KECCAK256 SWAP1 JUMPDEST DUP2 SLOAD DUP2 MSTORE SWAP1 PUSH1 0x1 ADD SWAP1 PUSH1 0x20 ADD DUP1 DUP4 GT PUSH2 0x8D4 JUMPI DUP3 SWAP1 SUB PUSH1 0x1F AND DUP3 ADD SWAP2 JUMPDEST POP POP POP POP POP DUP2 JUMP JUMPDEST PUSH2 0x904 CALLER DUP4 DUP4 PUSH2 0xAAB JUMP JUMPDEST POP POP JUMP JUMPDEST PUSH1 0x0 DUP1 DUP5 SWAP1 POP PUSH2 0x918 DUP6 DUP6 PUSH2 0x56C JUMP JUMPDEST ISZERO PUSH2 0xA7D JUMPI DUP1 PUSH20 0xFFFFFFFFFFFFFFFFFFFFFFFFFFFFFFFFFFFFFFFF AND PUSH4 0x8F4FFCB1 CALLER DUP7 ADDRESS DUP8 PUSH1 0x40 MLOAD DUP6 PUSH4 0xFFFFFFFF AND PUSH29 0x100000000000000000000000000000000000000000000000000000000 MUL DUP2 MSTORE PUSH1 0x4 ADD DUP1 DUP6 PUSH20 0xFFFFFFFFFFFFFFFFFFFFFFFFFFFFFFFFFFFFFFFF AND PUSH20 0xFFFFFFFFFFFFFFFFFFFFFFFFFFFFFFFFFFFFFFFF AND DUP2 MSTORE PUSH1 0x20 ADD DUP5 DUP2 MSTORE PUSH1 0x20 ADD DUP4 PUSH20 0xFFFFFFFFFFFFFFFFFFFFFFFFFFFFFFFFFFFFFFFF AND PUSH20 0xFFFFFFFFFFFFFFFFFFFFFFFFFFFFFFFFFFFFFFFF AND DUP2 MSTORE PUSH1 0x20 ADD DUP1 PUSH1 0x20 ADD DUP3 DUP2 SUB DUP3 MSTORE DUP4 DUP2 DUP2 MLOAD DUP2 MSTORE PUSH1 0x20 ADD SWAP2 POP DUP1 MLOAD SWAP1 PUSH1 0x20 ADD SWAP1 DUP1 DUP4 DUP4 PUSH1 0x0 JUMPDEST DUP4 DUP2 LT ISZERO PUSH2 0xA12 JUMPI DUP1 DUP3 ADD MLOAD DUP2 DUP5 ADD MSTORE PUSH1 0x20 DUP2 ADD SWAP1 POP PUSH2 0x9F7 JUMP JUMPDEST POP POP POP POP SWAP1 POP SWAP1 DUP2 ADD SWAP1 PUSH1 0x1F AND DUP1 ISZERO PUSH2 0xA3F JUMPI DUP1 DUP3 SUB DUP1 MLOAD PUSH1 0x1 DUP4 PUSH1 0x20 SUB PUSH2 0x100 EXP SUB NOT AND DUP2 MSTORE PUSH1 0x20 ADD SWAP2 POP JUMPDEST POP SWAP6 POP POP POP POP POP POP PUSH1 0x0 PUSH1 0x40 MLOAD DUP1 DUP4 SUB DUP2 PUSH1 0x0 DUP8 DUP1 EXTCODESIZE ISZERO ISZERO PUSH2 0xA60 JUMPI PUSH1 0x0 DUP1 REVERT JUMPDEST PUSH2 0x2C6 GAS SUB CALL ISZERO ISZERO PUSH2 0xA71 JUMPI PUSH1 0x0 DUP1 REVERT JUMPDEST POP POP POP PUSH1 0x1 SWAP2 POP PUSH2 0xA7E JUMP JUMPDEST JUMPDEST POP SWAP4 SWAP3 POP POP POP JUMP JUMPDEST PUSH1 0x5 PUSH1 0x20 MSTORE DUP2 PUSH1 0x0 MSTORE PUSH1 0x40 PUSH1 0x0 KECCAK256 PUSH1 0x20 MSTORE DUP1 PUSH1 0x0 MSTORE PUSH1 0x40 PUSH1 0x0 KECCAK256 PUSH1 0x0 SWAP2 POP SWAP2 POP POP SLOAD DUP2 JUMP JUMPDEST PUSH1 0x0 DUP1 DUP4 PUSH20 0xFFFFFFFFFFFFFFFFFFFFFFFFFFFFFFFFFFFFFFFF AND EQ ISZERO ISZERO ISZERO PUSH2 0xAD2 JUMPI PUSH1 0x0 DUP1 REVERT JUMPDEST DUP2 PUSH1 0x4 PUSH1 0x0 DUP7 PUSH20 0xFFFFFFFFFFFFFFFFFFFFFFFFFFFFFFFFFFFFFFFF AND PUSH20 0xFFFFFFFFFFFFFFFFFFFFFFFFFFFFFFFFFFFFFFFF AND DUP2 MSTORE PUSH1 0x20 ADD SWAP1 DUP2 MSTORE PUSH1 0x20 ADD PUSH1 0x0 KECCAK256 SLOAD LT ISZERO ISZERO ISZERO PUSH2 0xB20 JUMPI PUSH1 0x0 DUP1 REVERT JUMPDEST PUSH1 0x4 PUSH1 0x0 DUP5 PUSH20 0xFFFFFFFFFFFFFFFFFFFFFFFFFFFFFFFFFFFFFFFF AND PUSH20 0xFFFFFFFFFFFFFFFFFFFFFFFFFFFFFFFFFFFFFFFF AND DUP2 MSTORE PUSH1 0x20 ADD SWAP1 DUP2 MSTORE PUSH1 0x20 ADD PUSH1 0x0 KECCAK256 SLOAD DUP3 PUSH1 0x4 PUSH1 0x0 DUP7 PUSH20 0xFFFFFFFFFFFFFFFFFFFFFFFFFFFFFFFFFFFFFFFF AND PUSH20 0xFFFFFFFFFFFFFFFFFFFFFFFFFFFFFFFFFFFFFFFF AND DUP2 MSTORE PUSH1 0x20 ADD SWAP1 DUP2 MSTORE PUSH1 0x20 ADD PUSH1 0x0 KECCAK256 SLOAD ADD GT ISZERO ISZERO PUSH2 0xBAE JUMPI PUSH1 0x0 DUP1 REVERT JUMPDEST PUSH1 0x4 PUSH1 0x0 DUP5 PUSH20 0xFFFFFFFFFFFFFFFFFFFFFFFFFFFFFFFFFFFFFFFF AND PUSH20 0xFFFFFFFFFFFFFFFFFFFFFFFFFFFFFFFFFFFFFFFF AND DUP2 MSTORE PUSH1 0x20 ADD SWAP1 DUP2 MSTORE PUSH1 0x20 ADD PUSH1 0x0 KECCAK256 SLOAD PUSH1 0x4 PUSH1 0x0 DUP7 PUSH20 0xFFFFFFFFFFFFFFFFFFFFFFFFFFFFFFFFFFFFFFFF AND PUSH20 0xFFFFFFFFFFFFFFFFFFFFFFFFFFFFFFFFFFFFFFFF AND DUP2 MSTORE PUSH1 0x20 ADD SWAP1 DUP2 MSTORE PUSH1 0x20 ADD PUSH1 0x0 KECCAK256 SLOAD ADD SWAP1 POP DUP2 PUSH1 0x4 PUSH1 0x0 DUP7 PUSH20 0xFFFFFFFFFFFFFFFFFFFFFFFFFFFFFFFFFFFFFFFF AND PUSH20 0xFFFFFFFFFFFFFFFFFFFFFFFFFFFFFFFFFFFFFFFF AND DUP2 MSTORE PUSH1 0x20 ADD SWAP1 DUP2 MSTORE PUSH1 0x20 ADD PUSH1 0x0 KECCAK256 PUSH1 0x0 DUP3 DUP3 SLOAD SUB SWAP3 POP POP DUP2 SWAP1 SSTORE POP DUP2 PUSH1 0x4 PUSH1 0x0 DUP6 PUSH20 0xFFFFFFFFFFFFFFFFFFFFFFFFFFFFFFFFFFFFFFFF AND PUSH20 0xFFFFFFFFFFFFFFFFFFFFFFFFFFFFFFFFFFFFFFFF AND DUP2 MSTORE PUSH1 0x20 ADD SWAP1 DUP2 MSTORE PUSH1 0x20 ADD PUSH1 0x0 KECCAK256 PUSH1 0x0 DUP3 DUP3 SLOAD ADD SWAP3 POP POP DUP2 SWAP1 SSTORE POP DUP3 PUSH20 0xFFFFFFFFFFFFFFFFFFFFFFFFFFFFFFFFFFFFFFFF AND DUP5 PUSH20 0xFFFFFFFFFFFFFFFFFFFFFFFFFFFFFFFFFFFFFFFF AND PUSH32 0xDDF252AD1BE2C89B69C2B068FC378DAA952BA7F163C4A11628F55A4DF523B3EF DUP5 PUSH1 0x40 MLOAD DUP1 DUP3 DUP2 MSTORE PUSH1 0x20 ADD SWAP2 POP POP PUSH1 0x40 MLOAD DUP1 SWAP2 SUB SWAP1 LOG3 DUP1 PUSH1 0x4 PUSH1 0x0 DUP6 PUSH20 0xFFFFFFFFFFFFFFFFFFFFFFFFFFFFFFFFFFFFFFFF AND PUSH20 0xFFFFFFFFFFFFFFFFFFFFFFFFFFFFFFFFFFFFFFFF AND DUP2 MSTORE PUSH1 0x20 ADD SWAP1 DUP2 MSTORE PUSH1 0x20 ADD PUSH1 0x0 KECCAK256 SLOAD PUSH1 0x4 PUSH1 0x0 DUP8 PUSH20 0xFFFFFFFFFFFFFFFFFFFFFFFFFFFFFFFFFFFFFFFF AND PUSH20 0xFFFFFFFFFFFFFFFFFFFFFFFFFFFFFFFFFFFFFFFF AND DUP2 MSTORE PUSH1 0x20 ADD SWAP1 DUP2 MSTORE PUSH1 0x20 ADD PUSH1 0x0 KECCAK256 SLOAD ADD EQ ISZERO ISZERO PUSH2 0xDBB JUMPI INVALID JUMPDEST POP POP POP POP JUMP STOP LOG1 PUSH6 0x627A7A723058 KECCAK256 SWAP7 STOP 0xf8 0x46 SWAP14 0xb3 BLOCKHASH PUSH18 0xAF794E62A02FBEC4909303C06DA5625D6B0D 0xc8 ADDMOD 0xb4 0xe3 0xc8 0xbf STOP 0x29
1,PUSH1 0x60 PUSH1 0x40 MSTORE CALLVALUE ISZERO PUSH3 0x10 JUMPI PUSH1 0x0 DUP1 REVERT JUMPDEST PUSH1 0x40 MLOAD PUSH3 0x1BFD CODESIZE SUB DUP1 PUSH3 0x1BFD DUP4 CODECOPY DUP2 ADD PUSH1 0x40 MSTORE DUP1 DUP1 MLOAD SWAP1 PUSH1 0x20 ADD SWAP1 SWAP2 SWAP1 DUP1 MLOAD DUP3 ADD SWAP2 SWAP1 PUSH1 0x20 ADD DUP1 MLOAD SWAP1 PUSH1 0x20 ADD SWAP1 SWAP2 SWAP1 DUP1 MLOAD DUP3 ADD SWAP2 SWAP1 PUSH1 0x20 ADD DUP1 MLOAD SWAP1 PUSH1 0x20 ADD SWAP1 SWAP2 SWAP1 DUP1 MLOAD SWAP1 PUSH1 0x20 ADD SWAP1 SWAP2 SWAP1 DUP1 MLOAD SWAP1 PUSH1 0x20 ADD SWAP1 SWAP2 SWAP1 DUP1 MLOAD SWAP1 PUSH1 0x20 ADD SWAP1 SWAP2 SWAP1 DUP1 MLOAD SWAP1 PUSH1 0x20 ADD SWAP1 SWAP2 SWAP1 POP POP DUP9 PUSH1 0x2 PUSH1 0x0 PUSH2 0x100 EXP DUP2 SLOAD DUP2 PUSH20 0xFFFFFFFFFFFFFFFFFFFFFFFFFFFFFFFFFFFFFFFF MUL NOT AND SWAP1 DUP4 PUSH20 0xFFFFFFFFFFFFFFFFFFFFFFFFFFFFFFFFFFFFFFFF AND MUL OR SWAP1 SSTORE POP DUP8 PUSH1 0x3 SWAP1 DUP1 MLOAD SWAP1 PUSH1 0x20 ADD SWAP1 PUSH3 0xD2 SWAP3 SWAP2 SWAP1 PUSH3 0x1D4 JUMP JUMPDEST POP DUP6 PUSH1 0x4 SWAP1 DUP1 MLOAD SWAP1 PUSH1 0x20 ADD SWAP1 PUSH3 0xEB SWAP3 SWAP2 SWAP1 PUSH3 0x1D4 JUMP JUMPDEST POP DUP7 PUSH1 0x5 PUSH1 0x0 PUSH2 0x100 EXP DUP2 SLOAD DUP2 PUSH1 0xFF MUL NOT AND SWAP1 DUP4 PUSH1 0xFF AND MUL OR SWAP1 SSTORE POP DUP4 PUSH1 0xA DUP2 SWAP1 SSTORE POP DUP3 PUSH1 0xB DUP2 SWAP1 SSTORE POP DUP5 PUSH1 0x6 DUP2 SWAP1 SSTORE POP DUP2 PUSH1 0x7 DUP2 SWAP1 SSTORE POP DUP1 PUSH1 0x8 DUP2 SWAP1 SSTORE POP PUSH1 0x0 PUSH1 0x9 PUSH1 0x0 PUSH2 0x100 EXP DUP2 SLOAD DUP2 PUSH1 0xFF MUL NOT AND SWAP1 DUP4 ISZERO ISZERO MUL OR SWAP1 SSTORE POP PUSH1 0x0 PUSH1 0x9 PUSH1 0x1 PUSH2 0x100 EXP DUP2 SLOAD DUP2 PUSH1 0xFF MUL NOT AND SWAP1 DUP4 ISZERO ISZERO MUL OR SWAP1 SSTORE POP DUP5 PUSH1 0x0 DUP1 PUSH1 0x2 PUSH1 0x0 SWAP1 SLOAD SWAP1 PUSH2 0x100 EXP SWAP1 DIV PUSH20 0xFFFFFFFFFFFFFFFFFFFFFFFFFFFFFFFFFFFFFFFF AND PUSH20 0xFFFFFFFFFFFFFFFFFFFFFFFFFFFFFFFFFFFFFFFF AND PUSH20 0xFFFFFFFFFFFFFFFFFFFFFFFFFFFFFFFFFFFFFFFF AND DUP2 MSTORE PUSH1 0x20 ADD SWAP1 DUP2 MSTORE PUSH1 0x20 ADD PUSH1 0x0 KECCAK256 DUP2 SWAP1 SSTORE POP POP POP POP POP POP POP POP POP POP PUSH3 0x283 JUMP JUMPDEST DUP3 DUP1 SLOAD PUSH1 0x1 DUP2 PUSH1 0x1 AND ISZERO PUSH2 0x100 MUL SUB AND PUSH1 0x2 SWAP1 DIV SWAP1 PUSH1 0x0 MSTORE PUSH1 0x20 PUSH1 0x0 KECCAK256 SWAP1 PUSH1 0x1F ADD PUSH1 0x20 SWAP1 DIV DUP2 ADD SWAP3 DUP3 PUSH1 0x1F LT PUSH3 0x217 JUMPI DUP1 MLOAD PUSH1 0xFF NOT AND DUP4 DUP1 ADD OR DUP6 SSTORE PUSH3 0x248 JUMP JUMPDEST DUP3 DUP1 ADD PUSH1 0x1 ADD DUP6 SSTORE DUP3 ISZERO PUSH3 0x248 JUMPI SWAP2 DUP3 ADD JUMPDEST DUP3 DUP2 GT ISZERO PUSH3 0x247 JUMPI DUP3 MLOAD DUP3 SSTORE SWAP2 PUSH1 0x20 ADD SWAP2 SWAP1 PUSH1 0x1 ADD SWAP1 PUSH3 0x22A JUMP JUMPDEST JUMPDEST POP SWAP1 POP PUSH3 0x257 SWAP2 SWAP1 PUSH3 0x25B JUMP JUMPDEST POP SWAP1 JUMP JUMPDEST PUSH3 0x280 SWAP2 SWAP1 JUMPDEST DUP1 DUP3 GT ISZERO PUSH3 0x27C JUMPI PUSH1 0x0 DUP2 PUSH1 0x0 SWAP1 SSTORE POP PUSH1 0x1 ADD PUSH3 0x262 JUMP JUMPDEST POP SWAP1 JUMP JUMPDEST SWAP1 JUMP JUMPDEST PUSH2 0x196A DUP1 PUSH3 0x293 PUSH1 0x0 CODECOPY PUSH1 0x0 RETURN STOP PUSH1 0x60 PUSH1 0x40 MSTORE PUSH1 0x4 CALLDATASIZE LT PUSH2 0x11D JUMPI PUSH1 0x0 CALLDATALOAD PUSH29 0x100000000000000000000000000000000000000000000000000000000 SWAP1 DIV PUSH4 0xFFFFFFFF AND DUP1 PUSH4 0x6FDDE03 EQ PUSH2 0x128 JUMPI DUP1 PUSH4 0xFF0A4DF EQ PUSH2 0x1B6 JUMPI DUP1 PUSH4 0x18160DDD EQ PUSH2 0x1D8 JUMPI DUP1 PUSH4 0x291F3665 EQ PUSH2 0x201 JUMPI DUP1 PUSH4 0x313CE567 EQ PUSH2 0x24E JUMPI DUP1 PUSH4 0x4EF83A70 EQ PUSH2 0x27D JUMPI DUP1 PUSH4 0x627749E6 EQ PUSH2 0x2AD JUMPI DUP1 PUSH4 0x70A08231 EQ PUSH2 0x2D6 JUMPI DUP1 PUSH4 0x751CE8FB EQ PUSH2 0x323 JUMPI DUP1 PUSH4 0x78E97925 EQ PUSH2 0x372 JUMPI DUP1 PUSH4 0x7B8E8BDD EQ PUSH2 0x39B JUMPI DUP1 PUSH4 0x8DA5CB5B EQ PUSH2 0x3BE JUMPI DUP1 PUSH4 0x95D89B41 EQ PUSH2 0x413 JUMPI DUP1 PUSH4 0xA1155F5C EQ PUSH2 0x4A1 JUMPI DUP1 PUSH4 0xA4DE64C4 EQ PUSH2 0x4C3 JUMPI DUP1 PUSH4 0xA9059CBB EQ PUSH2 0x4F0 JUMPI DUP1 PUSH4 0xAD5D638D EQ PUSH2 0x53F JUMPI DUP1 PUSH4 0xB768CD5D EQ PUSH2 0x568 JUMPI DUP1 PUSH4 0xCED7D018 EQ PUSH2 0x58B JUMPI DUP1 PUSH4 0xE9D16224 EQ PUSH2 0x5D1 JUMPI DUP1 PUSH4 0xF5462105 EQ PUSH2 0x5FA JUMPI JUMPDEST PUSH2 0x125 PUSH2 0x627 JUMP JUMPDEST POP STOP JUMPDEST CALLVALUE ISZERO PUSH2 0x133 JUMPI PUSH1 0x0 DUP1 REVERT JUMPDEST PUSH2 0x13B PUSH2 0x9A7 JUMP JUMPDEST PUSH1 0x40 MLOAD DUP1 DUP1 PUSH1 0x20 ADD DUP3 DUP2 SUB DUP3 MSTORE DUP4 DUP2 DUP2 MLOAD DUP2 MSTORE PUSH1 0x20 ADD SWAP2 POP DUP1 MLOAD SWAP1 PUSH1 0x20 ADD SWAP1 DUP1 DUP4 DUP4 PUSH1 0x0 JUMPDEST DUP4 DUP2 LT ISZERO PUSH2 0x17B JUMPI DUP1 DUP3 ADD MLOAD DUP2 DUP5 ADD MSTORE PUSH1 0x20 DUP2 ADD SWAP1 POP PUSH2 0x160 JUMP JUMPDEST POP POP POP POP SWAP1 POP SWAP1 DUP2 ADD SWAP1 PUSH1 0x1F AND DUP1 ISZERO PUSH2 0x1A8 JUMPI DUP1 DUP3 SUB DUP1 MLOAD PUSH1 0x1 DUP4 PUSH1 0x20 SUB PUSH2 0x100 EXP SUB NOT AND DUP2 MSTORE PUSH1 0x20 ADD SWAP2 POP JUMPDEST POP SWAP3 POP POP POP PUSH1 0x40 MLOAD DUP1 SWAP2 SUB SWAP1 RETURN JUMPDEST PUSH2 0x1BE PUSH2 0xA45 JUMP JUMPDEST PUSH1 0x40 MLOAD DUP1 DUP3 ISZERO ISZERO ISZERO ISZERO DUP2 MSTORE PUSH1 0x20 ADD SWAP2 POP POP PUSH1 0x40 MLOAD DUP1 SWAP2 SUB SWAP1 RETURN JUMPDEST CALLVALUE ISZERO PUSH2 0x1E3 JUMPI PUSH1 0x0 DUP1 REVERT JUMPDEST PUSH2 0x1EB PUSH2 0xCE3 JUMP JUMPDEST PUSH1 0x40 MLOAD DUP1 DUP3 DUP2 MSTORE PUSH1 0x20 ADD SWAP2 POP POP PUSH1 0x40 MLOAD DUP1 SWAP2 SUB SWAP1 RETURN JUMPDEST CALLVALUE ISZERO PUSH2 0x20C JUMPI PUSH1 0x0 DUP1 REVERT JUMPDEST PUSH2 0x238 PUSH1 0x4 DUP1 DUP1 CALLDATALOAD PUSH20 0xFFFFFFFFFFFFFFFFFFFFFFFFFFFFFFFFFFFFFFFF AND SWAP1 PUSH1 0x20 ADD SWAP1 SWAP2 SWAP1 POP POP PUSH2 0xCE9 JUMP JUMPDEST PUSH1 0x40 MLOAD DUP1 DUP3 DUP2 MSTORE PUSH1 0x20 ADD SWAP2 POP POP PUSH1 0x40 MLOAD DUP1 SWAP2 SUB SWAP1 RETURN JUMPDEST CALLVALUE ISZERO PUSH2 0x259 JUMPI PUSH1 0x0 DUP1 REVERT JUMPDEST PUSH2 0x261 PUSH2 0xD32 JUMP JUMPDEST PUSH1 0x40 MLOAD DUP1 DUP3 PUSH1 0xFF AND PUSH1 0xFF AND DUP2 MSTORE PUSH1 0x20 ADD SWAP2 POP POP PUSH1 0x40 MLOAD DUP1 SWAP2 SUB SWAP1 RETURN JUMPDEST PUSH2 0x293 PUSH1 0x4 DUP1 DUP1 CALLDATALOAD SWAP1 PUSH1 0x20 ADD SWAP1 SWAP2 SWAP1 POP POP PUSH2 0xD45 JUMP JUMPDEST PUSH1 0x40 MLOAD DUP1 DUP3 ISZERO ISZERO ISZERO ISZERO DUP2 MSTORE PUSH1 0x20 ADD SWAP2 POP POP PUSH1 0x40 MLOAD DUP1 SWAP2 SUB SWAP1 RETURN JUMPDEST CALLVALUE ISZERO PUSH2 0x2B8 JUMPI PUSH1 0x0 DUP1 REVERT JUMPDEST PUSH2 0x2C0 PUSH2 0xE40 JUMP JUMPDEST PUSH1 0x40 MLOAD DUP1 DUP3 DUP2 MSTORE PUSH1 0x20 ADD SWAP2 POP POP PUSH1 0x40 MLOAD DUP1 SWAP2 SUB SWAP1 RETURN JUMPDEST CALLVALUE ISZERO PUSH2 0x2E1 JUMPI PUSH1 0x0 DUP1 REVERT JUMPDEST PUSH2 0x30D PUSH1 0x4 DUP1 DUP1 CALLDATALOAD PUSH20 0xFFFFFFFFFFFFFFFFFFFFFFFFFFFFFFFFFFFFFFFF AND SWAP1 PUSH1 0x20 ADD SWAP1 SWAP2 SWAP1 POP POP PUSH2 0xE46 JUMP JUMPDEST PUSH1 0x40 MLOAD DUP1 DUP3 DUP2 MSTORE PUSH1 0x20 ADD SWAP2 POP POP PUSH1 0x40 MLOAD DUP1 SWAP2 SUB SWAP1 RETURN JUMPDEST PUSH2 0x358 PUSH1 0x4 DUP1 DUP1 CALLDATALOAD PUSH20 0xFFFFFFFFFFFFFFFFFFFFFFFFFFFFFFFFFFFFFFFF AND SWAP1 PUSH1 0x20 ADD SWAP1 SWAP2 SWAP1 DUP1 CALLDATALOAD SWAP1 PUSH1 0x20 ADD SWAP1 SWAP2 SWAP1 POP POP PUSH2 0xE8E JUMP JUMPDEST PUSH1 0x40 MLOAD DUP1 DUP3 ISZERO ISZERO ISZERO ISZERO DUP2 MSTORE PUSH1 0x20 ADD SWAP2 POP POP PUSH1 0x40 MLOAD DUP1 SWAP2 SUB SWAP1 RETURN JUMPDEST CALLVALUE ISZERO PUSH2 0x37D JUMPI PUSH1 0x0 DUP1 REVERT JUMPDEST PUSH2 0x385 PUSH2 0x10F0 JUMP JUMPDEST PUSH1 0x40 MLOAD DUP1 DUP3 DUP2 MSTORE PUSH1 0x20 ADD SWAP2 POP POP PUSH1 0x40 MLOAD DUP1 SWAP2 SUB SWAP1 RETURN JUMPDEST CALLVALUE ISZERO PUSH2 0x3A6 JUMPI PUSH1 0x0 DUP1 REVERT JUMPDEST PUSH2 0x3BC PUSH1 0x4 DUP1 DUP1 CALLDATALOAD SWAP1 PUSH1 0x20 ADD SWAP1 SWAP2 SWAP1 POP POP PUSH2 0x10F6 JUMP JUMPDEST STOP JUMPDEST CALLVALUE ISZERO PUSH2 0x3C9 JUMPI PUSH1 0x0 DUP1 REVERT JUMPDEST PUSH2 0x3D1 PUSH2 0x115C JUMP JUMPDEST PUSH1 0x40 MLOAD DUP1 DUP3 PUSH20 0xFFFFFFFFFFFFFFFFFFFFFFFFFFFFFFFFFFFFFFFF AND PUSH20 0xFFFFFFFFFFFFFFFFFFFFFFFFFFFFFFFFFFFFFFFF AND DUP2 MSTORE PUSH1 0x20 ADD SWAP2 POP POP PUSH1 0x40 MLOAD DUP1 SWAP2 SUB SWAP1 RETURN JUMPDEST CALLVALUE ISZERO PUSH2 0x41E JUMPI PUSH1 0x0 DUP1 REVERT JUMPDEST PUSH2 0x426 PUSH2 0x1182 JUMP JUMPDEST PUSH1 0x40 MLOAD DUP1 DUP1 PUSH1 0x20 ADD DUP3 DUP2 SUB DUP3 MSTORE DUP4 DUP2 DUP2 MLOAD DUP2 MSTORE PUSH1 0x20 ADD SWAP2 POP DUP1 MLOAD SWAP1 PUSH1 0x20 ADD SWAP1 DUP1 DUP4 DUP4 PUSH1 0x0 JUMPDEST DUP4 DUP2 LT ISZERO PUSH2 0x466 JUMPI DUP1 DUP3 ADD MLOAD DUP2 DUP5 ADD MSTORE PUSH1 0x20 DUP2 ADD SWAP1 POP PUSH2 0x44B JUMP JUMPDEST POP POP POP POP SWAP1 POP SWAP1 DUP2 ADD SWAP1 PUSH1 0x1F AND DUP1 ISZERO PUSH2 0x493 JUMPI DUP1 DUP3 SUB DUP1 MLOAD PUSH1 0x1 DUP4 PUSH1 0x20 SUB PUSH2 0x100 EXP SUB NOT AND DUP2 MSTORE PUSH1 0x20 ADD SWAP2 POP JUMPDEST POP SWAP3 POP POP POP PUSH1 0x40 MLOAD DUP1 SWAP2 SUB SWAP1 RETURN JUMPDEST PUSH2 0x4A9 PUSH2 0x627 JUMP JUMPDEST PUSH1 0x40 MLOAD DUP1 DUP3 ISZERO ISZERO ISZERO ISZERO DUP2 MSTORE PUSH1 0x20 ADD SWAP2 POP POP PUSH1 0x40 MLOAD DUP1 SWAP2 SUB SWAP1 RETURN JUMPDEST CALLVALUE ISZERO PUSH2 0x4CE JUMPI PUSH1 0x0 DUP1 REVERT JUMPDEST PUSH2 0x4D6 PUSH2 0x1220 JUMP JUMPDEST PUSH1 0x40 MLOAD DUP1 DUP3 ISZERO ISZERO ISZERO ISZERO DUP2 MSTORE PUSH1 0x20 ADD SWAP2 POP POP PUSH1 0x40 MLOAD DUP1 SWAP2 SUB SWAP1 RETURN JUMPDEST PUSH2 0x525 PUSH1 0x4 DUP1 DUP1 CALLDATALOAD PUSH20 0xFFFFFFFFFFFFFFFFFFFFFFFFFFFFFFFFFFFFFFFF AND SWAP1 PUSH1 0x20 ADD SWAP1 SWAP2 SWAP1 DUP1 CALLDATALOAD SWAP1 PUSH1 0x20 ADD SWAP1 SWAP2 SWAP1 POP POP PUSH2 0x1233 JUMP JUMPDEST PUSH1 0x40 MLOAD DUP1 DUP3 ISZERO ISZERO ISZERO ISZERO DUP2 MSTORE PUSH1 0x20 ADD SWAP2 POP POP PUSH1 0x40 MLOAD DUP1 SWAP2 SUB SWAP1 RETURN JUMPDEST CALLVALUE ISZERO PUSH2 0x54A JUMPI PUSH1 0x0 DUP1 REVERT JUMPDEST PUSH2 0x552 PUSH2 0x1619 JUMP JUMPDEST PUSH1 0x40 MLOAD DUP1 DUP3 DUP2 MSTORE PUSH1 0x20 ADD SWAP2 POP POP PUSH1 0x40 MLOAD DUP1 SWAP2 SUB SWAP1 RETURN JUMPDEST CALLVALUE ISZERO PUSH2 0x573 JUMPI PUSH1 0x0 DUP1 REVERT JUMPDEST PUSH2 0x589 PUSH1 0x4 DUP1 DUP1 CALLDATALOAD SWAP1 PUSH1 0x20 ADD SWAP1 SWAP2 SWAP1 POP POP PUSH2 0x161F JUMP JUMPDEST STOP JUMPDEST PUSH2 0x5B7 PUSH1 0x4 DUP1 DUP1 CALLDATALOAD PUSH20 0xFFFFFFFFFFFFFFFFFFFFFFFFFFFFFFFFFFFFFFFF AND SWAP1 PUSH1 0x20 ADD SWAP1 SWAP2 SWAP1 POP POP PUSH2 0x1685 JUMP JUMPDEST PUSH1 0x40 MLOAD DUP1 DUP3 ISZERO ISZERO ISZERO ISZERO DUP2 MSTORE PUSH1 0x20 ADD SWAP2 POP POP PUSH1 0x40 MLOAD DUP1 SWAP2 SUB SWAP1 RETURN JUMPDEST CALLVALUE ISZERO PUSH2 0x5DC JUMPI PUSH1 0x0 DUP1 REVERT JUMPDEST PUSH2 0x5E4 PUSH2 0x1925 JUMP JUMPDEST PUSH1 0x40 MLOAD DUP1 DUP3 DUP2 MSTORE PUSH1 0x20 ADD SWAP2 POP POP PUSH1 0x40 MLOAD DUP1 SWAP2 SUB SWAP1 RETURN JUMPDEST CALLVALUE ISZERO PUSH2 0x605 JUMPI PUSH1 0x0 DUP1 REVERT JUMPDEST PUSH2 0x60D PUSH2 0x192B JUMP JUMPDEST PUSH1 0x40 MLOAD DUP1 DUP3 ISZERO ISZERO ISZERO ISZERO DUP2 MSTORE PUSH1 0x20 ADD SWAP2 POP POP PUSH1 0x40 MLOAD DUP1 SWAP2 SUB SWAP1 RETURN JUMPDEST PUSH1 0x0 DUP1 PUSH1 0x0 PUSH1 0x2 PUSH1 0x0 SWAP1 SLOAD SWAP1 PUSH2 0x100 EXP SWAP1 DIV PUSH20 0xFFFFFFFFFFFFFFFFFFFFFFFFFFFFFFFFFFFFFFFF AND PUSH20 0xFFFFFFFFFFFFFFFFFFFFFFFFFFFFFFFFFFFFFFFF AND CALLER PUSH20 0xFFFFFFFFFFFFFFFFFFFFFFFFFFFFFFFFFFFFFFFF AND EQ ISZERO PUSH2 0x687 JUMPI PUSH1 0x0 DUP1 REVERT JUMPDEST PUSH1 0xA SLOAD TIMESTAMP GT ISZERO PUSH2 0x696 JUMPI PUSH1 0x0 DUP1 REVERT JUMPDEST PUSH1 0xB SLOAD TIMESTAMP LT ISZERO PUSH2 0x6A5 JUMPI PUSH1 0x0 DUP1 REVERT JUMPDEST PUSH1 0x9 PUSH1 0x0 SWAP1 SLOAD SWAP1 PUSH2 0x100 EXP SWAP1 DIV PUSH1 0xFF AND ISZERO PUSH2 0x6BF JUMPI PUSH1 0x0 DUP1 REVERT JUMPDEST PUSH1 0x0 SWAP2 POP TIMESTAMP PUSH3 0x127500 PUSH1 0xA SLOAD SUB GT ISZERO PUSH2 0x6DA JUMPI CALLVALUE SWAP2 POP PUSH2 0x722 JUMP JUMPDEST PUSH1 0x1 PUSH3 0x2A300 PUSH3 0x127500 PUSH1 0xA SLOAD SUB TIMESTAMP SUB DUP2 ISZERO ISZERO PUSH2 0x6F3 JUMPI INVALID JUMPDEST DIV ADD SWAP1 POP CALLVALUE SWAP2 POP JUMPDEST PUSH1 0x0 DUP2 GT ISZERO PUSH2 0x721 JUMPI PUSH1 0x64 PUSH1 0x5F DUP4 MUL DUP2 ISZERO ISZERO PUSH2 0x713 JUMPI INVALID JUMPDEST DIV SWAP2 POP PUSH1 0x1 DUP2 SUB SWAP1 POP PUSH2 0x6FB JUMP JUMPDEST JUMPDEST DUP2 PUSH1 0x0 DUP1 CALLER PUSH20 0xFFFFFFFFFFFFFFFFFFFFFFFFFFFFFFFFFFFFFFFF AND PUSH20 0xFFFFFFFFFFFFFFFFFFFFFFFFFFFFFFFFFFFFFFFF AND DUP2 MSTORE PUSH1 0x20 ADD SWAP1 DUP2 MSTORE PUSH1 0x20 ADD PUSH1 0x0 KECCAK256 PUSH1 0x0 DUP3 DUP3 SLOAD ADD SWAP3 POP POP DUP2 SWAP1 SSTORE POP DUP2 PUSH1 0x0 DUP1 PUSH1 0x2 PUSH1 0x0 SWAP1 SLOAD SWAP1 PUSH2 0x100 EXP SWAP1 DIV PUSH20 0xFFFFFFFFFFFFFFFFFFFFFFFFFFFFFFFFFFFFFFFF AND PUSH20 0xFFFFFFFFFFFFFFFFFFFFFFFFFFFFFFFFFFFFFFFF AND PUSH20 0xFFFFFFFFFFFFFFFFFFFFFFFFFFFFFFFFFFFFFFFF AND DUP2 MSTORE PUSH1 0x20 ADD SWAP1 DUP2 MSTORE PUSH1 0x20 ADD PUSH1 0x0 KECCAK256 SLOAD LT ISZERO PUSH2 0x7DF JUMPI PUSH1 0x0 SWAP3 POP PUSH2 0x9A2 JUMP JUMPDEST DUP2 PUSH1 0x0 DUP1 PUSH1 0x2 PUSH1 0x0 SWAP1 SLOAD SWAP1 PUSH2 0x100 EXP SWAP1 DIV PUSH20 0xFFFFFFFFFFFFFFFFFFFFFFFFFFFFFFFFFFFFFFFF AND PUSH20 0xFFFFFFFFFFFFFFFFFFFFFFFFFFFFFFFFFFFFFFFF AND PUSH20 0xFFFFFFFFFFFFFFFFFFFFFFFFFFFFFFFFFFFFFFFF AND DUP2 MSTORE PUSH1 0x20 ADD SWAP1 DUP2 MSTORE PUSH1 0x20 ADD PUSH1 0x0 KECCAK256 PUSH1 0x0 DUP3 DUP3 SLOAD SUB SWAP3 POP POP DUP2 SWAP1 SSTORE POP PUSH1 0x7 SLOAD ADDRESS PUSH20 0xFFFFFFFFFFFFFFFFFFFFFFFFFFFFFFFFFFFFFFFF AND BALANCE LT ISZERO ISZERO PUSH2 0x88B JUMPI PUSH1 0x1 PUSH1 0x9 PUSH1 0x1 PUSH2 0x100 EXP DUP2 SLOAD DUP2 PUSH1 0xFF MUL NOT AND SWAP1 DUP4 ISZERO ISZERO MUL OR SWAP1 SSTORE POP JUMPDEST PUSH1 0x8 SLOAD ADDRESS PUSH20 0xFFFFFFFFFFFFFFFFFFFFFFFFFFFFFFFFFFFFFFFF AND BALANCE LT ISZERO ISZERO PUSH2 0x8C9 JUMPI PUSH1 0x1 PUSH1 0x9 PUSH1 0x0 PUSH2 0x100 EXP DUP2 SLOAD DUP2 PUSH1 0xFF MUL NOT AND SWAP1 DUP4 ISZERO ISZERO MUL OR SWAP1 SSTORE POP JUMPDEST CALLVALUE PUSH1 0x1 PUSH1 0x0 CALLER PUSH20 0xFFFFFFFFFFFFFFFFFFFFFFFFFFFFFFFFFFFFFFFF AND PUSH20 0xFFFFFFFFFFFFFFFFFFFFFFFFFFFFFFFFFFFFFFFF AND DUP2 MSTORE PUSH1 0x20 ADD SWAP1 DUP2 MSTORE PUSH1 0x20 ADD PUSH1 0x0 KECCAK256 PUSH1 0x0 DUP3 DUP3 SLOAD ADD SWAP3 POP POP DUP2 SWAP1 SSTORE POP CALLER PUSH20 0xFFFFFFFFFFFFFFFFFFFFFFFFFFFFFFFFFFFFFFFF AND PUSH1 0x2 PUSH1 0x0 SWAP1 SLOAD SWAP1 PUSH2 0x100 EXP SWAP1 DIV PUSH20 0xFFFFFFFFFFFFFFFFFFFFFFFFFFFFFFFFFFFFFFFF AND PUSH20 0xFFFFFFFFFFFFFFFFFFFFFFFFFFFFFFFFFFFFFFFF AND PUSH32 0xDDF252AD1BE2C89B69C2B068FC378DAA952BA7F163C4A11628F55A4DF523B3EF DUP5 PUSH1 0x40 MLOAD DUP1 DUP3 DUP2 MSTORE PUSH1 0x20 ADD SWAP2 POP POP PUSH1 0x40 MLOAD DUP1 SWAP2 SUB SWAP1 LOG3 PUSH1 0x1 SWAP3 POP JUMPDEST POP POP SWAP1 JUMP JUMPDEST PUSH1 0x3 DUP1 SLOAD PUSH1 0x1 DUP2 PUSH1 0x1 AND ISZERO PUSH2 0x100 MUL SUB AND PUSH1 0x2 SWAP1 DIV DUP1 PUSH1 0x1F ADD PUSH1 0x20 DUP1 SWAP2 DIV MUL PUSH1 0x20 ADD PUSH1 0x40 MLOAD SWAP1 DUP2 ADD PUSH1 0x40 MSTORE DUP1 SWAP3 SWAP2 SWAP1 DUP2 DUP2 MSTORE PUSH1 0x20 ADD DUP3 DUP1 SLOAD PUSH1 0x1 DUP2 PUSH1 0x1 AND ISZERO PUSH2 0x100 MUL SUB AND PUSH1 0x2 SWAP1 DIV DUP1 ISZERO PUSH2 0xA3D JUMPI DUP1 PUSH1 0x1F LT PUSH2 0xA12 JUMPI PUSH2 0x100 DUP1 DUP4 SLOAD DIV MUL DUP4 MSTORE SWAP2 PUSH1 0x20 ADD SWAP2 PUSH2 0xA3D JUMP JUMPDEST DUP3 ADD SWAP2 SWAP1 PUSH1 0x0 MSTORE PUSH1 0x20 PUSH1 0x0 KECCAK256 SWAP1 JUMPDEST DUP2 SLOAD DUP2 MSTORE SWAP1 PUSH1 0x1 ADD SWAP1 PUSH1 0x20 ADD DUP1 DUP4 GT PUSH2 0xA20 JUMPI DUP3 SWAP1 SUB PUSH1 0x1F AND DUP3 ADD SWAP2 JUMPDEST POP POP POP POP POP DUP2 JUMP JUMPDEST PUSH1 0x0 DUP1 PUSH1 0xA SLOAD TIMESTAMP GT ISZERO ISZERO PUSH2 0xA58 JUMPI PUSH1 0x0 DUP1 REVERT JUMPDEST PUSH1 0x9 PUSH1 0x1 SWAP1 SLOAD SWAP1 PUSH2 0x100 EXP SWAP1 DIV PUSH1 0xFF AND ISZERO PUSH2 0xA72 JUMPI PUSH1 0x0 DUP1 REVERT JUMPDEST PUSH1 0x1 PUSH1 0x0 CALLER PUSH20 0xFFFFFFFFFFFFFFFFFFFFFFFFFFFFFFFFFFFFFFFF AND PUSH20 0xFFFFFFFFFFFFFFFFFFFFFFFFFFFFFFFFFFFFFFFF AND DUP2 MSTORE PUSH1 0x20 ADD SWAP1 DUP2 MSTORE PUSH1 0x20 ADD PUSH1 0x0 KECCAK256 SLOAD SWAP1 POP PUSH1 0x0 PUSH1 0x1 PUSH1 0x0 CALLER PUSH20 0xFFFFFFFFFFFFFFFFFFFFFFFFFFFFFFFFFFFFFFFF AND PUSH20 0xFFFFFFFFFFFFFFFFFFFFFFFFFFFFFFFFFFFFFFFF AND DUP2 MSTORE PUSH1 0x20 ADD SWAP1 DUP2 MSTORE PUSH1 0x20 ADD PUSH1 0x0 KECCAK256 DUP2 SWAP1 SSTORE POP PUSH1 0x0 DUP2 GT ISZERO ISZERO PUSH2 0xB08 JUMPI PUSH1 0x0 DUP1 REVERT JUMPDEST CALLER PUSH20 0xFFFFFFFFFFFFFFFFFFFFFFFFFFFFFFFFFFFFFFFF AND PUSH2 0x8FC DUP3 SWAP1 DUP2 ISZERO MUL SWAP1 PUSH1 0x40 MLOAD PUSH1 0x0 PUSH1 0x40 MLOAD DUP1 DUP4 SUB DUP2 DUP6 DUP9 DUP9 CALL SWAP4 POP POP POP POP ISZERO ISZERO PUSH2 0xB48 JUMPI PUSH1 0x0 DUP1 REVERT JUMPDEST PUSH1 0x0 DUP1 CALLER PUSH20 0xFFFFFFFFFFFFFFFFFFFFFFFFFFFFFFFFFFFFFFFF AND PUSH20 0xFFFFFFFFFFFFFFFFFFFFFFFFFFFFFFFFFFFFFFFF AND DUP2 MSTORE PUSH1 0x20 ADD SWAP1 DUP2 MSTORE PUSH1 0x20 ADD PUSH1 0x0 KECCAK256 SLOAD PUSH1 0x0 DUP1 PUSH1 0x2 PUSH1 0x0 SWAP1 SLOAD SWAP1 PUSH2 0x100 EXP SWAP1 DIV PUSH20 0xFFFFFFFFFFFFFFFFFFFFFFFFFFFFFFFFFFFFFFFF AND PUSH20 0xFFFFFFFFFFFFFFFFFFFFFFFFFFFFFFFFFFFFFFFF AND PUSH20 0xFFFFFFFFFFFFFFFFFFFFFFFFFFFFFFFFFFFFFFFF AND DUP2 MSTORE PUSH1 0x20 ADD SWAP1 DUP2 MSTORE PUSH1 0x20 ADD PUSH1 0x0 KECCAK256 PUSH1 0x0 DUP3 DUP3 SLOAD ADD SWAP3 POP POP DUP2 SWAP1 SSTORE POP PUSH1 0x0 DUP1 PUSH1 0x0 CALLER PUSH20 0xFFFFFFFFFFFFFFFFFFFFFFFFFFFFFFFFFFFFFFFF AND PUSH20 0xFFFFFFFFFFFFFFFFFFFFFFFFFFFFFFFFFFFFFFFF AND DUP2 MSTORE PUSH1 0x20 ADD SWAP1 DUP2 MSTORE PUSH1 0x20 ADD PUSH1 0x0 KECCAK256 DUP2 SWAP1 SSTORE POP ADDRESS PUSH20 0xFFFFFFFFFFFFFFFFFFFFFFFFFFFFFFFFFFFFFFFF AND CALLER PUSH20 0xFFFFFFFFFFFFFFFFFFFFFFFFFFFFFFFFFFFFFFFF AND PUSH32 0xDDF252AD1BE2C89B69C2B068FC378DAA952BA7F163C4A11628F55A4DF523B3EF PUSH1 0x0 DUP1 CALLER PUSH20 0xFFFFFFFFFFFFFFFFFFFFFFFFFFFFFFFFFFFFFFFF AND PUSH20 0xFFFFFFFFFFFFFFFFFFFFFFFFFFFFFFFFFFFFFFFF AND DUP2 MSTORE PUSH1 0x20 ADD SWAP1 DUP2 MSTORE PUSH1 0x20 ADD PUSH1 0x0 KECCAK256 SLOAD PUSH1 0x40 MLOAD DUP1 DUP3 DUP2 MSTORE PUSH1 0x20 ADD SWAP2 POP POP PUSH1 0x40 MLOAD DUP1 SWAP2 SUB SWAP1 LOG3 PUSH1 0x1 SWAP2 POP POP SWAP1 JUMP JUMPDEST PUSH1 0x6 SLOAD DUP2 JUMP JUMPDEST PUSH1 0x0 PUSH1 0x1 PUSH1 0x0 DUP4 PUSH20 0xFFFFFFFFFFFFFFFFFFFFFFFFFFFFFFFFFFFFFFFF AND PUSH20 0xFFFFFFFFFFFFFFFFFFFFFFFFFFFFFFFFFFFFFFFF AND DUP2 MSTORE PUSH1 0x20 ADD SWAP1 DUP2 MSTORE PUSH1 0x20 ADD PUSH1 0x0 KECCAK256 SLOAD SWAP1 POP SWAP2 SWAP1 POP JUMP JUMPDEST PUSH1 0x5 PUSH1 0x0 SWAP1 SLOAD SWAP1 PUSH2 0x100 EXP SWAP1 DIV PUSH1 0xFF AND DUP2 JUMP JUMPDEST PUSH1 0x0 PUSH1 0xA SLOAD TIMESTAMP GT ISZERO ISZERO PUSH2 0xD57 JUMPI PUSH1 0x0 DUP1 REVERT JUMPDEST PUSH1 0x9 PUSH1 0x1 SWAP1 SLOAD SWAP1 PUSH2 0x100 EXP SWAP1 DIV PUSH1 0xFF AND ISZERO ISZERO PUSH2 0xD72 JUMPI PUSH1 0x0 DUP1 REVERT JUMPDEST DUP2 ADDRESS PUSH20 0xFFFFFFFFFFFFFFFFFFFFFFFFFFFFFFFFFFFFFFFF AND BALANCE LT ISZERO PUSH2 0xD96 JUMPI PUSH1 0x0 DUP1 REVERT JUMPDEST PUSH1 0x2 PUSH1 0x0 SWAP1 SLOAD SWAP1 PUSH2 0x100 EXP SWAP1 DIV PUSH20 0xFFFFFFFFFFFFFFFFFFFFFFFFFFFFFFFFFFFFFFFF AND PUSH20 0xFFFFFFFFFFFFFFFFFFFFFFFFFFFFFFFFFFFFFFFF AND CALLER PUSH20 0xFFFFFFFFFFFFFFFFFFFFFFFFFFFFFFFFFFFFFFFF AND EQ ISZERO ISZERO PUSH2 0xDF2 JUMPI PUSH1 0x0 DUP1 REVERT JUMPDEST CALLER PUSH20 0xFFFFFFFFFFFFFFFFFFFFFFFFFFFFFFFFFFFFFFFF AND PUSH2 0x8FC DUP4 SWAP1 DUP2 ISZERO MUL SWAP1 PUSH1 0x40 MLOAD PUSH1 0x0 PUSH1 0x40 MLOAD DUP1 DUP4 SUB DUP2 DUP6 DUP9 DUP9 CALL SWAP4 POP POP POP POP ISZERO ISZERO PUSH2 0xE36 JUMPI PUSH1 0x0 SWAP1 POP PUSH2 0xE3B JUMP JUMPDEST PUSH1 0x1 SWAP1 POP JUMPDEST SWAP2 SWAP1 POP JUMP JUMPDEST PUSH1 0xA SLOAD DUP2 JUMP JUMPDEST PUSH1 0x0 DUP1 PUSH1 0x0 DUP4 PUSH20 0xFFFFFFFFFFFFFFFFFFFFFFFFFFFFFFFFFFFFFFFF AND PUSH20 0xFFFFFFFFFFFFFFFFFFFFFFFFFFFFFFFFFFFFFFFF AND DUP2 MSTORE PUSH1 0x20 ADD SWAP1 DUP2 MSTORE PUSH1 0x20 ADD PUSH1 0x0 KECCAK256 SLOAD SWAP1 POP SWAP2 SWAP1 POP JUMP JUMPDEST PUSH1 0x0 DUP1 PUSH1 0x2 PUSH1 0x0 SWAP1 SLOAD SWAP1 PUSH2 0x100 EXP SWAP1 DIV PUSH20 0xFFFFFFFFFFFFFFFFFFFFFFFFFFFFFFFFFFFFFFFF AND PUSH20 0xFFFFFFFFFFFFFFFFFFFFFFFFFFFFFFFFFFFFFFFF AND CALLER PUSH20 0xFFFFFFFFFFFFFFFFFFFFFFFFFFFFFFFFFFFFFFFF AND EQ ISZERO ISZERO PUSH2 0xEED JUMPI PUSH1 0x0 DUP1 REVERT JUMPDEST PUSH1 0xA SLOAD TIMESTAMP GT ISZERO ISZERO PUSH2 0xEFD JUMPI PUSH1 0x0 DUP1 REVERT JUMPDEST PUSH1 0x9 PUSH1 0x1 SWAP1 SLOAD SWAP1 PUSH2 0x100 EXP SWAP1 DIV PUSH1 0xFF AND ISZERO ISZERO PUSH2 0xF18 JUMPI PUSH1 0x0 DUP1 REVERT JUMPDEST DUP3 PUSH1 0x0 DUP1 PUSH1 0x2 PUSH1 0x0 SWAP1 SLOAD SWAP1 PUSH2 0x100 EXP SWAP1 DIV PUSH20 0xFFFFFFFFFFFFFFFFFFFFFFFFFFFFFFFFFFFFFFFF AND PUSH20 0xFFFFFFFFFFFFFFFFFFFFFFFFFFFFFFFFFFFFFFFF AND PUSH20 0xFFFFFFFFFFFFFFFFFFFFFFFFFFFFFFFFFFFFFFFF AND DUP2 MSTORE PUSH1 0x20 ADD SWAP1 DUP2 MSTORE PUSH1 0x20 ADD PUSH1 0x0 KECCAK256 SLOAD LT ISZERO PUSH2 0xF85 JUMPI PUSH1 0x0 DUP1 REVERT JUMPDEST DUP3 PUSH1 0x0 DUP1 DUP7 PUSH20 0xFFFFFFFFFFFFFFFFFFFFFFFFFFFFFFFFFFFFFFFF AND PUSH20 0xFFFFFFFFFFFFFFFFFFFFFFFFFFFFFFFFFFFFFFFF AND DUP2 MSTORE PUSH1 0x20 ADD SWAP1 DUP2 MSTORE PUSH1 0x20 ADD PUSH1 0x0 KECCAK256 PUSH1 0x0 DUP3 DUP3 SLOAD ADD SWAP3 POP POP DUP2 SWAP1 SSTORE POP PUSH1 0x2 DUP4 DUP2 ISZERO ISZERO PUSH2 0xFDD JUMPI INVALID JUMPDEST DIV SWAP1 POP DUP1 PUSH1 0x0 DUP1 PUSH1 0x2 PUSH1 0x0 SWAP1 SLOAD SWAP1 PUSH2 0x100 EXP SWAP1 DIV PUSH20 0xFFFFFFFFFFFFFFFFFFFFFFFFFFFFFFFFFFFFFFFF AND PUSH20 0xFFFFFFFFFFFFFFFFFFFFFFFFFFFFFFFFFFFFFFFF AND PUSH20 0xFFFFFFFFFFFFFFFFFFFFFFFFFFFFFFFFFFFFFFFF AND DUP2 MSTORE PUSH1 0x20 ADD SWAP1 DUP2 MSTORE PUSH1 0x20 ADD PUSH1 0x0 KECCAK256 PUSH1 0x0 DUP3 DUP3 SLOAD SUB SWAP3 POP POP DUP2 SWAP1 SSTORE POP DUP1 PUSH1 0x6 PUSH1 0x0 DUP3 DUP3 SLOAD ADD SWAP3 POP POP DUP2 SWAP1 SSTORE POP DUP4 PUSH20 0xFFFFFFFFFFFFFFFFFFFFFFFFFFFFFFFFFFFFFFFF AND PUSH1 0x2 PUSH1 0x0 SWAP1 SLOAD SWAP1 PUSH2 0x100 EXP SWAP1 DIV PUSH20 0xFFFFFFFFFFFFFFFFFFFFFFFFFFFFFFFFFFFFFFFF AND PUSH20 0xFFFFFFFFFFFFFFFFFFFFFFFFFFFFFFFFFFFFFFFF AND PUSH32 0xDDF252AD1BE2C89B69C2B068FC378DAA952BA7F163C4A11628F55A4DF523B3EF DUP6 PUSH1 0x40 MLOAD DUP1 DUP3 DUP2 MSTORE PUSH1 0x20 ADD SWAP2 POP POP PUSH1 0x40 MLOAD DUP1 SWAP2 SUB SWAP1 LOG3 PUSH1 0x1 SWAP2 POP POP SWAP3 SWAP2 POP POP JUMP JUMPDEST PUSH1 0xB SLOAD DUP2 JUMP JUMPDEST PUSH1 0x2 PUSH1 0x0 SWAP1 SLOAD SWAP1 PUSH2 0x100 EXP SWAP1 DIV PUSH20 0xFFFFFFFFFFFFFFFFFFFFFFFFFFFFFFFFFFFFFFFF AND PUSH20 0xFFFFFFFFFFFFFFFFFFFFFFFFFFFFFFFFFFFFFFFF AND CALLER PUSH20 0xFFFFFFFFFFFFFFFFFFFFFFFFFFFFFFFFFFFFFFFF AND EQ ISZERO ISZERO PUSH2 0x1152 JUMPI PUSH1 0x0 DUP1 REVERT JUMPDEST DUP1 PUSH1 0xA DUP2 SWAP1 SSTORE POP POP JUMP JUMPDEST PUSH1 0x2 PUSH1 0x0 SWAP1 SLOAD SWAP1 PUSH2 0x100 EXP SWAP1 DIV PUSH20 0xFFFFFFFFFFFFFFFFFFFFFFFFFFFFFFFFFFFFFFFF AND DUP2 JUMP JUMPDEST PUSH1 0x4 DUP1 SLOAD PUSH1 0x1 DUP2 PUSH1 0x1 AND ISZERO PUSH2 0x100 MUL SUB AND PUSH1 0x2 SWAP1 DIV DUP1 PUSH1 0x1F ADD PUSH1 0x20 DUP1 SWAP2 DIV MUL PUSH1 0x20 ADD PUSH1 0x40 MLOAD SWAP1 DUP2 ADD PUSH1 0x40 MSTORE DUP1 SWAP3 SWAP2 SWAP1 DUP2 DUP2 MSTORE PUSH1 0x20 ADD DUP3 DUP1 SLOAD PUSH1 0x1 DUP2 PUSH1 0x1 AND ISZERO PUSH2 0x100 MUL SUB AND PUSH1 0x2 SWAP1 DIV DUP1 ISZERO PUSH2 0x1218 JUMPI DUP1 PUSH1 0x1F LT PUSH2 0x11ED JUMPI PUSH2 0x100 DUP1 DUP4 SLOAD DIV MUL DUP4 MSTORE SWAP2 PUSH1 0x20 ADD SWAP2 PUSH2 0x1218 JUMP JUMPDEST DUP3 ADD SWAP2 SWAP1 PUSH1 0x0 MSTORE PUSH1 0x20 PUSH1 0x0 KECCAK256 SWAP1 JUMPDEST DUP2 SLOAD DUP2 MSTORE SWAP1 PUSH1 0x1 ADD SWAP1 PUSH1 0x20 ADD DUP1 DUP4 GT PUSH2 0x11FB JUMPI DUP3 SWAP1 SUB PUSH1 0x1F AND DUP3 ADD SWAP2 JUMPDEST POP POP POP POP POP DUP2 JUMP JUMPDEST PUSH1 0x9 PUSH1 0x1 SWAP1 SLOAD SWAP1 PUSH2 0x100 EXP SWAP1 DIV PUSH1 0xFF AND DUP2 JUMP JUMPDEST PUSH1 0x0 DUP1 DUP3 GT ISZERO ISZERO PUSH2 0x1243 JUMPI PUSH1 0x0 DUP1 REVERT JUMPDEST DUP2 PUSH1 0x0 DUP1 CALLER PUSH20 0xFFFFFFFFFFFFFFFFFFFFFFFFFFFFFFFFFFFFFFFF AND PUSH20 0xFFFFFFFFFFFFFFFFFFFFFFFFFFFFFFFFFFFFFFFF AND DUP2 MSTORE PUSH1 0x20 ADD SWAP1 DUP2 MSTORE PUSH1 0x20 ADD PUSH1 0x0 KECCAK256 SLOAD LT ISZERO PUSH2 0x128E JUMPI PUSH1 0x0 DUP1 REVERT JUMPDEST PUSH1 0x0 DUP1 DUP5 PUSH20 0xFFFFFFFFFFFFFFFFFFFFFFFFFFFFFFFFFFFFFFFF AND PUSH20 0xFFFFFFFFFFFFFFFFFFFFFFFFFFFFFFFFFFFFFFFF AND DUP2 MSTORE PUSH1 0x20 ADD SWAP1 DUP2 MSTORE PUSH1 0x20 ADD PUSH1 0x0 KECCAK256 SLOAD DUP3 PUSH1 0x0 DUP1 DUP7 PUSH20 0xFFFFFFFFFFFFFFFFFFFFFFFFFFFFFFFFFFFFFFFF AND PUSH20 0xFFFFFFFFFFFFFFFFFFFFFFFFFFFFFFFFFFFFFFFF AND DUP2 MSTORE PUSH1 0x20 ADD SWAP1 DUP2 MSTORE PUSH1 0x20 ADD PUSH1 0x0 KECCAK256 SLOAD ADD LT ISZERO PUSH2 0x1319 JUMPI PUSH1 0x0 DUP1 REVERT JUMPDEST PUSH1 0xA SLOAD TIMESTAMP LT ISZERO PUSH2 0x1511 JUMPI ADDRESS PUSH20 0xFFFFFFFFFFFFFFFFFFFFFFFFFFFFFFFFFFFFFFFF AND DUP4 PUSH20 0xFFFFFFFFFFFFFFFFFFFFFFFFFFFFFFFFFFFFFFFF AND EQ ISZERO PUSH2 0x1510 JUMPI DUP2 PUSH1 0x1 PUSH1 0x0 CALLER PUSH20 0xFFFFFFFFFFFFFFFFFFFFFFFFFFFFFFFFFFFFFFFF AND PUSH20 0xFFFFFFFFFFFFFFFFFFFFFFFFFFFFFFFFFFFFFFFF AND DUP2 MSTORE PUSH1 0x20 ADD SWAP1 DUP2 MSTORE PUSH1 0x20 ADD PUSH1 0x0 KECCAK256 PUSH1 0x0 DUP3 DUP3 SLOAD SUB SWAP3 POP POP DUP2 SWAP1 SSTORE POP DUP2 PUSH1 0x0 DUP1 CALLER PUSH20 0xFFFFFFFFFFFFFFFFFFFFFFFFFFFFFFFFFFFFFFFF AND PUSH20 0xFFFFFFFFFFFFFFFFFFFFFFFFFFFFFFFFFFFFFFFF AND DUP2 MSTORE PUSH1 0x20 ADD SWAP1 DUP2 MSTORE PUSH1 0x20 ADD PUSH1 0x0 KECCAK256 PUSH1 0x0 DUP3 DUP3 SLOAD SUB SWAP3 POP POP DUP2 SWAP1 SSTORE POP DUP2 PUSH1 0x0 DUP1 PUSH1 0x2 PUSH1 0x0 SWAP1 SLOAD SWAP1 PUSH2 0x100 EXP SWAP1 DIV PUSH20 0xFFFFFFFFFFFFFFFFFFFFFFFFFFFFFFFFFFFFFFFF AND PUSH20 0xFFFFFFFFFFFFFFFFFFFFFFFFFFFFFFFFFFFFFFFF AND PUSH20 0xFFFFFFFFFFFFFFFFFFFFFFFFFFFFFFFFFFFFFFFF AND DUP2 MSTORE PUSH1 0x20 ADD SWAP1 DUP2 MSTORE PUSH1 0x20 ADD PUSH1 0x0 KECCAK256 PUSH1 0x0 DUP3 DUP3 SLOAD ADD SWAP3 POP POP DUP2 SWAP1 SSTORE POP CALLER PUSH20 0xFFFFFFFFFFFFFFFFFFFFFFFFFFFFFFFFFFFFFFFF AND PUSH2 0x8FC DUP4 SWAP1 DUP2 ISZERO MUL SWAP1 PUSH1 0x40 MLOAD PUSH1 0x0 PUSH1 0x40 MLOAD DUP1 DUP4 SUB DUP2 DUP6 DUP9 DUP9 CALL SWAP4 POP POP POP POP ISZERO ISZERO PUSH2 0x14A2 JUMPI PUSH1 0x0 SWAP1 POP PUSH2 0x1613 JUMP JUMPDEST DUP3 PUSH20 0xFFFFFFFFFFFFFFFFFFFFFFFFFFFFFFFFFFFFFFFF AND CALLER PUSH20 0xFFFFFFFFFFFFFFFFFFFFFFFFFFFFFFFFFFFFFFFF AND PUSH32 0xDDF252AD1BE2C89B69C2B068FC378DAA952BA7F163C4A11628F55A4DF523B3EF DUP5 PUSH1 0x40 MLOAD DUP1 DUP3 DUP2 MSTORE PUSH1 0x20 ADD SWAP2 POP POP PUSH1 0x40 MLOAD DUP1 SWAP2 SUB SWAP1 LOG3 PUSH1 0x1 SWAP1 POP PUSH2 0x1613 JUMP JUMPDEST JUMPDEST DUP2 PUSH1 0x0 DUP1 CALLER PUSH20 0xFFFFFFFFFFFFFFFFFFFFFFFFFFFFFFFFFFFFFFFF AND PUSH20 0xFFFFFFFFFFFFFFFFFFFFFFFFFFFFFFFFFFFFFFFF AND DUP2 MSTORE PUSH1 0x20 ADD SWAP1 DUP2 MSTORE PUSH1 0x20 ADD PUSH1 0x0 KECCAK256 PUSH1 0x0 DUP3 DUP3 SLOAD SUB SWAP3 POP POP DUP2 SWAP1 SSTORE POP DUP2 PUSH1 0x0 DUP1 DUP6 PUSH20 0xFFFFFFFFFFFFFFFFFFFFFFFFFFFFFFFFFFFFFFFF AND PUSH20 0xFFFFFFFFFFFFFFFFFFFFFFFFFFFFFFFFFFFFFFFF AND DUP2 MSTORE PUSH1 0x20 ADD SWAP1 DUP2 MSTORE PUSH1 0x20 ADD PUSH1 0x0 KECCAK256 PUSH1 0x0 DUP3 DUP3 SLOAD ADD SWAP3 POP POP DUP2 SWAP1 SSTORE POP DUP3 PUSH20 0xFFFFFFFFFFFFFFFFFFFFFFFFFFFFFFFFFFFFFFFF AND CALLER PUSH20 0xFFFFFFFFFFFFFFFFFFFFFFFFFFFFFFFFFFFFFFFF AND PUSH32 0xDDF252AD1BE2C89B69C2B068FC378DAA952BA7F163C4A11628F55A4DF523B3EF DUP5 PUSH1 0x40 MLOAD DUP1 DUP3 DUP2 MSTORE PUSH1 0x20 ADD SWAP2 POP POP PUSH1 0x40 MLOAD DUP1 SWAP2 SUB SWAP1 LOG3 PUSH1 0x1 SWAP1 POP JUMPDEST SWAP3 SWAP2 POP POP JUMP JUMPDEST PUSH1 0x7 SLOAD DUP2 JUMP JUMPDEST PUSH1 0x2 PUSH1 0x0 SWAP1 SLOAD SWAP1 PUSH2 0x100 EXP SWAP1 DIV PUSH20 0xFFFFFFFFFFFFFFFFFFFFFFFFFFFFFFFFFFFFFFFF AND PUSH20 0xFFFFFFFFFFFFFFFFFFFFFFFFFFFFFFFFFFFFFFFF AND CALLER PUSH20 0xFFFFFFFFFFFFFFFFFFFFFFFFFFFFFFFFFFFFFFFF AND EQ ISZERO ISZERO PUSH2 0x167B JUMPI PUSH1 0x0 DUP1 REVERT JUMPDEST DUP1 PUSH1 0xB DUP2 SWAP1 SSTORE POP POP JUMP JUMPDEST PUSH1 0x0 DUP1 PUSH1 0xA SLOAD TIMESTAMP GT ISZERO ISZERO PUSH2 0x1698 JUMPI PUSH1 0x0 DUP1 REVERT JUMPDEST PUSH1 0x9 PUSH1 0x1 SWAP1 SLOAD SWAP1 PUSH2 0x100 EXP SWAP1 DIV PUSH1 0xFF AND ISZERO PUSH2 0x16B2 JUMPI PUSH1 0x0 DUP1 REVERT JUMPDEST PUSH1 0x1 PUSH1 0x0 DUP5 PUSH20 0xFFFFFFFFFFFFFFFFFFFFFFFFFFFFFFFFFFFFFFFF AND PUSH20 0xFFFFFFFFFFFFFFFFFFFFFFFFFFFFFFFFFFFFFFFF AND DUP2 MSTORE PUSH1 0x20 ADD SWAP1 DUP2 MSTORE PUSH1 0x20 ADD PUSH1 0x0 KECCAK256 SLOAD SWAP1 POP PUSH1 0x0 PUSH1 0x1 PUSH1 0x0 DUP6 PUSH20 0xFFFFFFFFFFFFFFFFFFFFFFFFFFFFFFFFFFFFFFFF AND PUSH20 0xFFFFFFFFFFFFFFFFFFFFFFFFFFFFFFFFFFFFFFFF AND DUP2 MSTORE PUSH1 0x20 ADD SWAP1 DUP2 MSTORE PUSH1 0x20 ADD PUSH1 0x0 KECCAK256 DUP2 SWAP1 SSTORE POP PUSH1 0x0 DUP2 GT ISZERO ISZERO PUSH2 0x1748 JUMPI PUSH1 0x0 DUP1 REVERT JUMPDEST DUP3 PUSH20 0xFFFFFFFFFFFFFFFFFFFFFFFFFFFFFFFFFFFFFFFF AND PUSH2 0x8FC DUP3 SWAP1 DUP2 ISZERO MUL SWAP1 PUSH1 0x40 MLOAD PUSH1 0x0 PUSH1 0x40 MLOAD DUP1 DUP4 SUB DUP2 DUP6 DUP9 DUP9 CALL SWAP4 POP POP POP POP ISZERO ISZERO PUSH2 0x1788 JUMPI PUSH1 0x0 DUP1 REVERT JUMPDEST PUSH1 0x0 DUP1 DUP5 PUSH20 0xFFFFFFFFFFFFFFFFFFFFFFFFFFFFFFFFFFFFFFFF AND PUSH20 0xFFFFFFFFFFFFFFFFFFFFFFFFFFFFFFFFFFFFFFFF AND DUP2 MSTORE PUSH1 0x20 ADD SWAP1 DUP2 MSTORE PUSH1 0x20 ADD PUSH1 0x0 KECCAK256 SLOAD PUSH1 0x0 DUP1 PUSH1 0x2 PUSH1 0x0 SWAP1 SLOAD SWAP1 PUSH2 0x100 EXP SWAP1 DIV PUSH20 0xFFFFFFFFFFFFFFFFFFFFFFFFFFFFFFFFFFFFFFFF AND PUSH20 0xFFFFFFFFFFFFFFFFFFFFFFFFFFFFFFFFFFFFFFFF AND PUSH20 0xFFFFFFFFFFFFFFFFFFFFFFFFFFFFFFFFFFFFFFFF AND DUP2 MSTORE PUSH1 0x20 ADD SWAP1 DUP2 MSTORE PUSH1 0x20 ADD PUSH1 0x0 KECCAK256 PUSH1 0x0 DUP3 DUP3 SLOAD ADD SWAP3 POP POP DUP2 SWAP1 SSTORE POP PUSH1 0x0 DUP1 PUSH1 0x0 DUP6 PUSH20 0xFFFFFFFFFFFFFFFFFFFFFFFFFFFFFFFFFFFFFFFF AND PUSH20 0xFFFFFFFFFFFFFFFFFFFFFFFFFFFFFFFFFFFFFFFF AND DUP2 MSTORE PUSH1 0x20 ADD SWAP1 DUP2 MSTORE PUSH1 0x20 ADD PUSH1 0x0 KECCAK256 DUP2 SWAP1 SSTORE POP ADDRESS PUSH20 0xFFFFFFFFFFFFFFFFFFFFFFFFFFFFFFFFFFFFFFFF AND CALLER PUSH20 0xFFFFFFFFFFFFFFFFFFFFFFFFFFFFFFFFFFFFFFFF AND PUSH32 0xDDF252AD1BE2C89B69C2B068FC378DAA952BA7F163C4A11628F55A4DF523B3EF PUSH1 0x0 DUP1 DUP8 PUSH20 0xFFFFFFFFFFFFFFFFFFFFFFFFFFFFFFFFFFFFFFFF AND PUSH20 0xFFFFFFFFFFFFFFFFFFFFFFFFFFFFFFFFFFFFFFFF AND DUP2 MSTORE PUSH1 0x20 ADD SWAP1 DUP2 MSTORE PUSH1 0x20 ADD PUSH1 0x0 KECCAK256 SLOAD PUSH1 0x40 MLOAD DUP1 DUP3 DUP2 MSTORE PUSH1 0x20 ADD SWAP2 POP POP PUSH1 0x40 MLOAD DUP1 SWAP2 SUB SWAP1 LOG3 PUSH1 0x1 SWAP2 POP POP SWAP2 SWAP1 POP JUMP JUMPDEST PUSH1 0x8 SLOAD DUP2 JUMP JUMPDEST PUSH1 0x9 PUSH1 0x0 SWAP1 SLOAD SWAP1 PUSH2 0x100 EXP SWAP1 DIV PUSH1 0xFF AND DUP2 JUMP STOP LOG1 PUSH6 0x627A7A723058 KECCAK256 DUP6 GT SWAP15 0x46 0x2c PUSH28 0xF84EBC95AAAF200F041BC312900B38A92AB4D04D8A76A08F0CBA0029
1,PUSH1 0x60 PUSH1 0x40 MSTORE PUSH1 0x8 PUSH1 0x2 PUSH1 0x0 PUSH2 0x100 EXP DUP2 SLOAD DUP2 PUSH1 0xFF MUL NOT AND SWAP1 DUP4 PUSH1 0xFF AND MUL OR SWAP1 SSTORE POP CALLVALUE ISZERO PUSH3 0x2C JUMPI PUSH1 0x0 DUP1 REVERT JUMPDEST PUSH1 0x40 MLOAD PUSH3 0x122D CODESIZE SUB DUP1 PUSH3 0x122D DUP4 CODECOPY DUP2 ADD PUSH1 0x40 MSTORE DUP1 DUP1 MLOAD SWAP1 PUSH1 0x20 ADD SWAP1 SWAP2 SWAP1 DUP1 MLOAD DUP3 ADD SWAP2 SWAP1 PUSH1 0x20 ADD DUP1 MLOAD DUP3 ADD SWAP2 SWAP1 POP POP PUSH1 0x2 PUSH1 0x0 SWAP1 SLOAD SWAP1 PUSH2 0x100 EXP SWAP1 DIV PUSH1 0xFF AND PUSH1 0xFF AND PUSH1 0xA EXP DUP4 MUL PUSH1 0x3 DUP2 SWAP1 SSTORE POP PUSH8 0x10A741A462780000 PUSH1 0x4 PUSH1 0x0 CALLER PUSH20 0xFFFFFFFFFFFFFFFFFFFFFFFFFFFFFFFFFFFFFFFF AND PUSH20 0xFFFFFFFFFFFFFFFFFFFFFFFFFFFFFFFFFFFFFFFF AND DUP2 MSTORE PUSH1 0x20 ADD SWAP1 DUP2 MSTORE PUSH1 0x20 ADD PUSH1 0x0 KECCAK256 DUP2 SWAP1 SSTORE POP DUP2 PUSH1 0x0 SWAP1 DUP1 MLOAD SWAP1 PUSH1 0x20 ADD SWAP1 PUSH3 0xDE SWAP3 SWAP2 SWAP1 PUSH3 0x101 JUMP JUMPDEST POP DUP1 PUSH1 0x1 SWAP1 DUP1 MLOAD SWAP1 PUSH1 0x20 ADD SWAP1 PUSH3 0xF7 SWAP3 SWAP2 SWAP1 PUSH3 0x101 JUMP JUMPDEST POP POP POP POP PUSH3 0x1B0 JUMP JUMPDEST DUP3 DUP1 SLOAD PUSH1 0x1 DUP2 PUSH1 0x1 AND ISZERO PUSH2 0x100 MUL SUB AND PUSH1 0x2 SWAP1 DIV SWAP1 PUSH1 0x0 MSTORE PUSH1 0x20 PUSH1 0x0 KECCAK256 SWAP1 PUSH1 0x1F ADD PUSH1 0x20 SWAP1 DIV DUP2 ADD SWAP3 DUP3 PUSH1 0x1F LT PUSH3 0x144 JUMPI DUP1 MLOAD PUSH1 0xFF NOT AND DUP4 DUP1 ADD OR DUP6 SSTORE PUSH3 0x175 JUMP JUMPDEST DUP3 DUP1 ADD PUSH1 0x1 ADD DUP6 SSTORE DUP3 ISZERO PUSH3 0x175 JUMPI SWAP2 DUP3 ADD JUMPDEST DUP3 DUP2 GT ISZERO PUSH3 0x174 JUMPI DUP3 MLOAD DUP3 SSTORE SWAP2 PUSH1 0x20 ADD SWAP2 SWAP1 PUSH1 0x1 ADD SWAP1 PUSH3 0x157 JUMP JUMPDEST JUMPDEST POP SWAP1 POP PUSH3 0x184 SWAP2 SWAP1 PUSH3 0x188 JUMP JUMPDEST POP SWAP1 JUMP JUMPDEST PUSH3 0x1AD SWAP2 SWAP1 JUMPDEST DUP1 DUP3 GT ISZERO PUSH3 0x1A9 JUMPI PUSH1 0x0 DUP2 PUSH1 0x0 SWAP1 SSTORE POP PUSH1 0x1 ADD PUSH3 0x18F JUMP JUMPDEST POP SWAP1 JUMP JUMPDEST SWAP1 JUMP JUMPDEST PUSH2 0x106D DUP1 PUSH3 0x1C0 PUSH1 0x0 CODECOPY PUSH1 0x0 RETURN STOP PUSH1 0x60 PUSH1 0x40 MSTORE PUSH1 0x4 CALLDATASIZE LT PUSH2 0xBA JUMPI PUSH1 0x0 CALLDATALOAD PUSH29 0x100000000000000000000000000000000000000000000000000000000 SWAP1 DIV PUSH4 0xFFFFFFFF AND DUP1 PUSH4 0x6FDDE03 EQ PUSH2 0xBF JUMPI DUP1 PUSH4 0x95EA7B3 EQ PUSH2 0x14D JUMPI DUP1 PUSH4 0x18160DDD EQ PUSH2 0x1A7 JUMPI DUP1 PUSH4 0x23B872DD EQ PUSH2 0x1D0 JUMPI DUP1 PUSH4 0x313CE567 EQ PUSH2 0x249 JUMPI DUP1 PUSH4 0x42966C68 EQ PUSH2 0x278 JUMPI DUP1 PUSH4 0x70A08231 EQ PUSH2 0x2B3 JUMPI DUP1 PUSH4 0x79CC6790 EQ PUSH2 0x300 JUMPI DUP1 PUSH4 0x95D89B41 EQ PUSH2 0x35A JUMPI DUP1 PUSH4 0xA9059CBB EQ PUSH2 0x3E8 JUMPI DUP1 PUSH4 0xCAE9CA51 EQ PUSH2 0x42A JUMPI DUP1 PUSH4 0xDD62ED3E EQ PUSH2 0x4C7 JUMPI JUMPDEST PUSH1 0x0 DUP1 REVERT JUMPDEST CALLVALUE ISZERO PUSH2 0xCA JUMPI PUSH1 0x0 DUP1 REVERT JUMPDEST PUSH2 0xD2 PUSH2 0x533 JUMP JUMPDEST PUSH1 0x40 MLOAD DUP1 DUP1 PUSH1 0x20 ADD DUP3 DUP2 SUB DUP3 MSTORE DUP4 DUP2 DUP2 MLOAD DUP2 MSTORE PUSH1 0x20 ADD SWAP2 POP DUP1 MLOAD SWAP1 PUSH1 0x20 ADD SWAP1 DUP1 DUP4 DUP4 PUSH1 0x0 JUMPDEST DUP4 DUP2 LT ISZERO PUSH2 0x112 JUMPI DUP1 DUP3 ADD MLOAD DUP2 DUP5 ADD MSTORE PUSH1 0x20 DUP2 ADD SWAP1 POP PUSH2 0xF7 JUMP JUMPDEST POP POP POP POP SWAP1 POP SWAP1 DUP2 ADD SWAP1 PUSH1 0x1F AND DUP1 ISZERO PUSH2 0x13F JUMPI DUP1 DUP3 SUB DUP1 MLOAD PUSH1 0x1 DUP4 PUSH1 0x20 SUB PUSH2 0x100 EXP SUB NOT AND DUP2 MSTORE PUSH1 0x20 ADD SWAP2 POP JUMPDEST POP SWAP3 POP POP POP PUSH1 0x40 MLOAD DUP1 SWAP2 SUB SWAP1 RETURN JUMPDEST CALLVALUE ISZERO PUSH2 0x158 JUMPI PUSH1 0x0 DUP1 REVERT JUMPDEST PUSH2 0x18D PUSH1 0x4 DUP1 DUP1 CALLDATALOAD PUSH20 0xFFFFFFFFFFFFFFFFFFFFFFFFFFFFFFFFFFFFFFFF AND SWAP1 PUSH1 0x20 ADD SWAP1 SWAP2 SWAP1 DUP1 CALLDATALOAD SWAP1 PUSH1 0x20 ADD SWAP1 SWAP2 SWAP1 POP POP PUSH2 0x5D1 JUMP JUMPDEST PUSH1 0x40 MLOAD DUP1 DUP3 ISZERO ISZERO ISZERO ISZERO DUP2 MSTORE PUSH1 0x20 ADD SWAP2 POP POP PUSH1 0x40 MLOAD DUP1 SWAP2 SUB SWAP1 RETURN JUMPDEST CALLVALUE ISZERO PUSH2 0x1B2 JUMPI PUSH1 0x0 DUP1 REVERT JUMPDEST PUSH2 0x1BA PUSH2 0x65E JUMP JUMPDEST PUSH1 0x40 MLOAD DUP1 DUP3 DUP2 MSTORE PUSH1 0x20 ADD SWAP2 POP POP PUSH1 0x40 MLOAD DUP1 SWAP2 SUB SWAP1 RETURN JUMPDEST CALLVALUE ISZERO PUSH2 0x1DB JUMPI PUSH1 0x0 DUP1 REVERT JUMPDEST PUSH2 0x22F PUSH1 0x4 DUP1 DUP1 CALLDATALOAD PUSH20 0xFFFFFFFFFFFFFFFFFFFFFFFFFFFFFFFFFFFFFFFF AND SWAP1 PUSH1 0x20 ADD SWAP1 SWAP2 SWAP1 DUP1 CALLDATALOAD PUSH20 0xFFFFFFFFFFFFFFFFFFFFFFFFFFFFFFFFFFFFFFFF AND SWAP1 PUSH1 0x20 ADD SWAP1 SWAP2 SWAP1 DUP1 CALLDATALOAD SWAP1 PUSH1 0x20 ADD SWAP1 SWAP2 SWAP1 POP POP PUSH2 0x664 JUMP JUMPDEST PUSH1 0x40 MLOAD DUP1 DUP3 ISZERO ISZERO ISZERO ISZERO DUP2 MSTORE PUSH1 0x20 ADD SWAP2 POP POP PUSH1 0x40 MLOAD DUP1 SWAP2 SUB SWAP1 RETURN JUMPDEST CALLVALUE ISZERO PUSH2 0x254 JUMPI PUSH1 0x0 DUP1 REVERT JUMPDEST PUSH2 0x25C PUSH2 0x791 JUMP JUMPDEST PUSH1 0x40 MLOAD DUP1 DUP3 PUSH1 0xFF AND PUSH1 0xFF AND DUP2 MSTORE PUSH1 0x20 ADD SWAP2 POP POP PUSH1 0x40 MLOAD DUP1 SWAP2 SUB SWAP1 RETURN JUMPDEST CALLVALUE ISZERO PUSH2 0x283 JUMPI PUSH1 0x0 DUP1 REVERT JUMPDEST PUSH2 0x299 PUSH1 0x4 DUP1 DUP1 CALLDATALOAD SWAP1 PUSH1 0x20 ADD SWAP1 SWAP2 SWAP1 POP POP PUSH2 0x7A4 JUMP JUMPDEST PUSH1 0x40 MLOAD DUP1 DUP3 ISZERO ISZERO ISZERO ISZERO DUP2 MSTORE PUSH1 0x20 ADD SWAP2 POP POP PUSH1 0x40 MLOAD DUP1 SWAP2 SUB SWAP1 RETURN JUMPDEST CALLVALUE ISZERO PUSH2 0x2BE JUMPI PUSH1 0x0 DUP1 REVERT JUMPDEST PUSH2 0x2EA PUSH1 0x4 DUP1 DUP1 CALLDATALOAD PUSH20 0xFFFFFFFFFFFFFFFFFFFFFFFFFFFFFFFFFFFFFFFF AND SWAP1 PUSH1 0x20 ADD SWAP1 SWAP2 SWAP1 POP POP PUSH2 0x8A8 JUMP JUMPDEST PUSH1 0x40 MLOAD DUP1 DUP3 DUP2 MSTORE PUSH1 0x20 ADD SWAP2 POP POP PUSH1 0x40 MLOAD DUP1 SWAP2 SUB SWAP1 RETURN JUMPDEST CALLVALUE ISZERO PUSH2 0x30B JUMPI PUSH1 0x0 DUP1 REVERT JUMPDEST PUSH2 0x340 PUSH1 0x4 DUP1 DUP1 CALLDATALOAD PUSH20 0xFFFFFFFFFFFFFFFFFFFFFFFFFFFFFFFFFFFFFFFF AND SWAP1 PUSH1 0x20 ADD SWAP1 SWAP2 SWAP1 DUP1 CALLDATALOAD SWAP1 PUSH1 0x20 ADD SWAP1 SWAP2 SWAP1 POP POP PUSH2 0x8C0 JUMP JUMPDEST PUSH1 0x40 MLOAD DUP1 DUP3 ISZERO ISZERO ISZERO ISZERO DUP2 MSTORE PUSH1 0x20 ADD SWAP2 POP POP PUSH1 0x40 MLOAD DUP1 SWAP2 SUB SWAP1 RETURN JUMPDEST CALLVALUE ISZERO PUSH2 0x365 JUMPI PUSH1 0x0 DUP1 REVERT JUMPDEST PUSH2 0x36D PUSH2 0xADA JUMP JUMPDEST PUSH1 0x40 MLOAD DUP1 DUP1 PUSH1 0x20 ADD DUP3 DUP2 SUB DUP3 MSTORE DUP4 DUP2 DUP2 MLOAD DUP2 MSTORE PUSH1 0x20 ADD SWAP2 POP DUP1 MLOAD SWAP1 PUSH1 0x20 ADD SWAP1 DUP1 DUP4 DUP4 PUSH1 0x0 JUMPDEST DUP4 DUP2 LT ISZERO PUSH2 0x3AD JUMPI DUP1 DUP3 ADD MLOAD DUP2 DUP5 ADD MSTORE PUSH1 0x20 DUP2 ADD SWAP1 POP PUSH2 0x392 JUMP JUMPDEST POP POP POP POP SWAP1 POP SWAP1 DUP2 ADD SWAP1 PUSH1 0x1F AND DUP1 ISZERO PUSH2 0x3DA JUMPI DUP1 DUP3 SUB DUP1 MLOAD PUSH1 0x1 DUP4 PUSH1 0x20 SUB PUSH2 0x100 EXP SUB NOT AND DUP2 MSTORE PUSH1 0x20 ADD SWAP2 POP JUMPDEST POP SWAP3 POP POP POP PUSH1 0x40 MLOAD DUP1 SWAP2 SUB SWAP1 RETURN JUMPDEST CALLVALUE ISZERO PUSH2 0x3F3 JUMPI PUSH1 0x0 DUP1 REVERT JUMPDEST PUSH2 0x428 PUSH1 0x4 DUP1 DUP1 CALLDATALOAD PUSH20 0xFFFFFFFFFFFFFFFFFFFFFFFFFFFFFFFFFFFFFFFF AND SWAP1 PUSH1 0x20 ADD SWAP1 SWAP2 SWAP1 DUP1 CALLDATALOAD SWAP1 PUSH1 0x20 ADD SWAP1 SWAP2 SWAP1 POP POP PUSH2 0xB78 JUMP JUMPDEST STOP JUMPDEST CALLVALUE ISZERO PUSH2 0x435 JUMPI PUSH1 0x0 DUP1 REVERT JUMPDEST PUSH2 0x4AD PUSH1 0x4 DUP1 DUP1 CALLDATALOAD PUSH20 0xFFFFFFFFFFFFFFFFFFFFFFFFFFFFFFFFFFFFFFFF AND SWAP1 PUSH1 0x20 ADD SWAP1 SWAP2 SWAP1 DUP1 CALLDATALOAD SWAP1 PUSH1 0x20 ADD SWAP1 SWAP2 SWAP1 DUP1 CALLDATALOAD SWAP1 PUSH1 0x20 ADD SWAP1 DUP3 ADD DUP1 CALLDATALOAD SWAP1 PUSH1 0x20 ADD SWAP1 DUP1 DUP1 PUSH1 0x1F ADD PUSH1 0x20 DUP1 SWAP2 DIV MUL PUSH1 0x20 ADD PUSH1 0x40 MLOAD SWAP1 DUP2 ADD PUSH1 0x40 MSTORE DUP1 SWAP4 SWAP3 SWAP2 SWAP1 DUP2 DUP2 MSTORE PUSH1 0x20 ADD DUP4 DUP4 DUP1 DUP3 DUP5 CALLDATACOPY DUP3 ADD SWAP2 POP POP POP POP POP POP SWAP2 SWAP1 POP POP PUSH2 0xB87 JUMP JUMPDEST PUSH1 0x40 MLOAD DUP1 DUP3 ISZERO ISZERO ISZERO ISZERO DUP2 MSTORE PUSH1 0x20 ADD SWAP2 POP POP PUSH1 0x40 MLOAD DUP1 SWAP2 SUB SWAP1 RETURN JUMPDEST CALLVALUE ISZERO PUSH2 0x4D2 JUMPI PUSH1 0x0 DUP1 REVERT JUMPDEST PUSH2 0x51D PUSH1 0x4 DUP1 DUP1 CALLDATALOAD PUSH20 0xFFFFFFFFFFFFFFFFFFFFFFFFFFFFFFFFFFFFFFFF AND SWAP1 PUSH1 0x20 ADD SWAP1 SWAP2 SWAP1 DUP1 CALLDATALOAD PUSH20 0xFFFFFFFFFFFFFFFFFFFFFFFFFFFFFFFFFFFFFFFF AND SWAP1 PUSH1 0x20 ADD SWAP1 SWAP2 SWAP1 POP POP PUSH2 0xD05 JUMP JUMPDEST PUSH1 0x40 MLOAD DUP1 DUP3 DUP2 MSTORE PUSH1 0x20 ADD SWAP2 POP POP PUSH1 0x40 MLOAD DUP1 SWAP2 SUB SWAP1 RETURN JUMPDEST PUSH1 0x0 DUP1 SLOAD PUSH1 0x1 DUP2 PUSH1 0x1 AND ISZERO PUSH2 0x100 MUL SUB AND PUSH1 0x2 SWAP1 DIV DUP1 PUSH1 0x1F ADD PUSH1 0x20 DUP1 SWAP2 DIV MUL PUSH1 0x20 ADD PUSH1 0x40 MLOAD SWAP1 DUP2 ADD PUSH1 0x40 MSTORE DUP1 SWAP3 SWAP2 SWAP1 DUP2 DUP2 MSTORE PUSH1 0x20 ADD DUP3 DUP1 SLOAD PUSH1 0x1 DUP2 PUSH1 0x1 AND ISZERO PUSH2 0x100 MUL SUB AND PUSH1 0x2 SWAP1 DIV DUP1 ISZERO PUSH2 0x5C9 JUMPI DUP1 PUSH1 0x1F LT PUSH2 0x59E JUMPI PUSH2 0x100 DUP1 DUP4 SLOAD DIV MUL DUP4 MSTORE SWAP2 PUSH1 0x20 ADD SWAP2 PUSH2 0x5C9 JUMP JUMPDEST DUP3 ADD SWAP2 SWAP1 PUSH1 0x0 MSTORE PUSH1 0x20 PUSH1 0x0 KECCAK256 SWAP1 JUMPDEST DUP2 SLOAD DUP2 MSTORE SWAP1 PUSH1 0x1 ADD SWAP1 PUSH1 0x20 ADD DUP1 DUP4 GT PUSH2 0x5AC JUMPI DUP3 SWAP1 SUB PUSH1 0x1F AND DUP3 ADD SWAP2 JUMPDEST POP POP POP POP POP DUP2 JUMP JUMPDEST PUSH1 0x0 DUP2 PUSH1 0x5 PUSH1 0x0 CALLER PUSH20 0xFFFFFFFFFFFFFFFFFFFFFFFFFFFFFFFFFFFFFFFF AND PUSH20 0xFFFFFFFFFFFFFFFFFFFFFFFFFFFFFFFFFFFFFFFF AND DUP2 MSTORE PUSH1 0x20 ADD SWAP1 DUP2 MSTORE PUSH1 0x20 ADD PUSH1 0x0 KECCAK256 PUSH1 0x0 DUP6 PUSH20 0xFFFFFFFFFFFFFFFFFFFFFFFFFFFFFFFFFFFFFFFF AND PUSH20 0xFFFFFFFFFFFFFFFFFFFFFFFFFFFFFFFFFFFFFFFF AND DUP2 MSTORE PUSH1 0x20 ADD SWAP1 DUP2 MSTORE PUSH1 0x20 ADD PUSH1 0x0 KECCAK256 DUP2 SWAP1 SSTORE POP PUSH1 0x1 SWAP1 POP SWAP3 SWAP2 POP POP JUMP JUMPDEST PUSH1 0x3 SLOAD DUP2 JUMP JUMPDEST PUSH1 0x0 PUSH1 0x5 PUSH1 0x0 DUP6 PUSH20 0xFFFFFFFFFFFFFFFFFFFFFFFFFFFFFFFFFFFFFFFF AND PUSH20 0xFFFFFFFFFFFFFFFFFFFFFFFFFFFFFFFFFFFFFFFF AND DUP2 MSTORE PUSH1 0x20 ADD SWAP1 DUP2 MSTORE PUSH1 0x20 ADD PUSH1 0x0 KECCAK256 PUSH1 0x0 CALLER PUSH20 0xFFFFFFFFFFFFFFFFFFFFFFFFFFFFFFFFFFFFFFFF AND PUSH20 0xFFFFFFFFFFFFFFFFFFFFFFFFFFFFFFFFFFFFFFFF AND DUP2 MSTORE PUSH1 0x20 ADD SWAP1 DUP2 MSTORE PUSH1 0x20 ADD PUSH1 0x0 KECCAK256 SLOAD DUP3 GT ISZERO ISZERO ISZERO PUSH2 0x6F1 JUMPI PUSH1 0x0 DUP1 REVERT JUMPDEST DUP2 PUSH1 0x5 PUSH1 0x0 DUP7 PUSH20 0xFFFFFFFFFFFFFFFFFFFFFFFFFFFFFFFFFFFFFFFF AND PUSH20 0xFFFFFFFFFFFFFFFFFFFFFFFFFFFFFFFFFFFFFFFF AND DUP2 MSTORE PUSH1 0x20 ADD SWAP1 DUP2 MSTORE PUSH1 0x20 ADD PUSH1 0x0 KECCAK256 PUSH1 0x0 CALLER PUSH20 0xFFFFFFFFFFFFFFFFFFFFFFFFFFFFFFFFFFFFFFFF AND PUSH20 0xFFFFFFFFFFFFFFFFFFFFFFFFFFFFFFFFFFFFFFFF AND DUP2 MSTORE PUSH1 0x20 ADD SWAP1 DUP2 MSTORE PUSH1 0x20 ADD PUSH1 0x0 KECCAK256 PUSH1 0x0 DUP3 DUP3 SLOAD SUB SWAP3 POP POP DUP2 SWAP1 SSTORE POP PUSH2 0x786 DUP5 DUP5 DUP5 PUSH2 0xD2A JUMP JUMPDEST PUSH1 0x1 SWAP1 POP SWAP4 SWAP3 POP POP POP JUMP JUMPDEST PUSH1 0x2 PUSH1 0x0 SWAP1 SLOAD SWAP1 PUSH2 0x100 EXP SWAP1 DIV PUSH1 0xFF AND DUP2 JUMP JUMPDEST PUSH1 0x0 DUP2 PUSH1 0x4 PUSH1 0x0 CALLER PUSH20 0xFFFFFFFFFFFFFFFFFFFFFFFFFFFFFFFFFFFFFFFF AND PUSH20 0xFFFFFFFFFFFFFFFFFFFFFFFFFFFFFFFFFFFFFFFF AND DUP2 MSTORE PUSH1 0x20 ADD SWAP1 DUP2 MSTORE PUSH1 0x20 ADD PUSH1 0x0 KECCAK256 SLOAD LT ISZERO ISZERO ISZERO PUSH2 0x7F4 JUMPI PUSH1 0x0 DUP1 REVERT JUMPDEST DUP2 PUSH1 0x4 PUSH1 0x0 CALLER PUSH20 0xFFFFFFFFFFFFFFFFFFFFFFFFFFFFFFFFFFFFFFFF AND PUSH20 0xFFFFFFFFFFFFFFFFFFFFFFFFFFFFFFFFFFFFFFFF AND DUP2 MSTORE PUSH1 0x20 ADD SWAP1 DUP2 MSTORE PUSH1 0x20 ADD PUSH1 0x0 KECCAK256 PUSH1 0x0 DUP3 DUP3 SLOAD SUB SWAP3 POP POP DUP2 SWAP1 SSTORE POP DUP2 PUSH1 0x3 PUSH1 0x0 DUP3 DUP3 SLOAD SUB SWAP3 POP POP DUP2 SWAP1 SSTORE POP CALLER PUSH20 0xFFFFFFFFFFFFFFFFFFFFFFFFFFFFFFFFFFFFFFFF AND PUSH32 0xCC16F5DBB4873280815C1EE09DBD06736CFFCC184412CF7A71A0FDB75D397CA5 DUP4 PUSH1 0x40 MLOAD DUP1 DUP3 DUP2 MSTORE PUSH1 0x20 ADD SWAP2 POP POP PUSH1 0x40 MLOAD DUP1 SWAP2 SUB SWAP1 LOG2 PUSH1 0x1 SWAP1 POP SWAP2 SWAP1 POP JUMP JUMPDEST PUSH1 0x4 PUSH1 0x20 MSTORE DUP1 PUSH1 0x0 MSTORE PUSH1 0x40 PUSH1 0x0 KECCAK256 PUSH1 0x0 SWAP2 POP SWAP1 POP SLOAD DUP2 JUMP JUMPDEST PUSH1 0x0 DUP2 PUSH1 0x4 PUSH1 0x0 DUP6 PUSH20 0xFFFFFFFFFFFFFFFFFFFFFFFFFFFFFFFFFFFFFFFF AND PUSH20 0xFFFFFFFFFFFFFFFFFFFFFFFFFFFFFFFFFFFFFFFF AND DUP2 MSTORE PUSH1 0x20 ADD SWAP1 DUP2 MSTORE PUSH1 0x20 ADD PUSH1 0x0 KECCAK256 SLOAD LT ISZERO ISZERO ISZERO PUSH2 0x910 JUMPI PUSH1 0x0 DUP1 REVERT JUMPDEST PUSH1 0x5 PUSH1 0x0 DUP5 PUSH20 0xFFFFFFFFFFFFFFFFFFFFFFFFFFFFFFFFFFFFFFFF AND PUSH20 0xFFFFFFFFFFFFFFFFFFFFFFFFFFFFFFFFFFFFFFFF AND DUP2 MSTORE PUSH1 0x20 ADD SWAP1 DUP2 MSTORE PUSH1 0x20 ADD PUSH1 0x0 KECCAK256 PUSH1 0x0 CALLER PUSH20 0xFFFFFFFFFFFFFFFFFFFFFFFFFFFFFFFFFFFFFFFF AND PUSH20 0xFFFFFFFFFFFFFFFFFFFFFFFFFFFFFFFFFFFFFFFF AND DUP2 MSTORE PUSH1 0x20 ADD SWAP1 DUP2 MSTORE PUSH1 0x20 ADD PUSH1 0x0 KECCAK256 SLOAD DUP3 GT ISZERO ISZERO ISZERO PUSH2 0x99B JUMPI PUSH1 0x0 DUP1 REVERT JUMPDEST DUP2 PUSH1 0x4 PUSH1 0x0 DUP6 PUSH20 0xFFFFFFFFFFFFFFFFFFFFFFFFFFFFFFFFFFFFFFFF AND PUSH20 0xFFFFFFFFFFFFFFFFFFFFFFFFFFFFFFFFFFFFFFFF AND DUP2 MSTORE PUSH1 0x20 ADD SWAP1 DUP2 MSTORE PUSH1 0x20 ADD PUSH1 0x0 KECCAK256 PUSH1 0x0 DUP3 DUP3 SLOAD SUB SWAP3 POP POP DUP2 SWAP1 SSTORE POP DUP2 PUSH1 0x5 PUSH1 0x0 DUP6 PUSH20 0xFFFFFFFFFFFFFFFFFFFFFFFFFFFFFFFFFFFFFFFF AND PUSH20 0xFFFFFFFFFFFFFFFFFFFFFFFFFFFFFFFFFFFFFFFF AND DUP2 MSTORE PUSH1 0x20 ADD SWAP1 DUP2 MSTORE PUSH1 0x20 ADD PUSH1 0x0 KECCAK256 PUSH1 0x0 CALLER PUSH20 0xFFFFFFFFFFFFFFFFFFFFFFFFFFFFFFFFFFFFFFFF AND PUSH20 0xFFFFFFFFFFFFFFFFFFFFFFFFFFFFFFFFFFFFFFFF AND DUP2 MSTORE PUSH1 0x20 ADD SWAP1 DUP2 MSTORE PUSH1 0x20 ADD PUSH1 0x0 KECCAK256 PUSH1 0x0 DUP3 DUP3 SLOAD SUB SWAP3 POP POP DUP2 SWAP1 SSTORE POP DUP2 PUSH1 0x3 PUSH1 0x0 DUP3 DUP3 SLOAD SUB SWAP3 POP POP DUP2 SWAP1 SSTORE POP DUP3 PUSH20 0xFFFFFFFFFFFFFFFFFFFFFFFFFFFFFFFFFFFFFFFF AND PUSH32 0xCC16F5DBB4873280815C1EE09DBD06736CFFCC184412CF7A71A0FDB75D397CA5 DUP4 PUSH1 0x40 MLOAD DUP1 DUP3 DUP2 MSTORE PUSH1 0x20 ADD SWAP2 POP POP PUSH1 0x40 MLOAD DUP1 SWAP2 SUB SWAP1 LOG2 PUSH1 0x1 SWAP1 POP SWAP3 SWAP2 POP POP JUMP JUMPDEST PUSH1 0x1 DUP1 SLOAD PUSH1 0x1 DUP2 PUSH1 0x1 AND ISZERO PUSH2 0x100 MUL SUB AND PUSH1 0x2 SWAP1 DIV DUP1 PUSH1 0x1F ADD PUSH1 0x20 DUP1 SWAP2 DIV MUL PUSH1 0x20 ADD PUSH1 0x40 MLOAD SWAP1 DUP2 ADD PUSH1 0x40 MSTORE DUP1 SWAP3 SWAP2 SWAP1 DUP2 DUP2 MSTORE PUSH1 0x20 ADD DUP3 DUP1 SLOAD PUSH1 0x1 DUP2 PUSH1 0x1 AND ISZERO PUSH2 0x100 MUL SUB AND PUSH1 0x2 SWAP1 DIV DUP1 ISZERO PUSH2 0xB70 JUMPI DUP1 PUSH1 0x1F LT PUSH2 0xB45 JUMPI PUSH2 0x100 DUP1 DUP4 SLOAD DIV MUL DUP4 MSTORE SWAP2 PUSH1 0x20 ADD SWAP2 PUSH2 0xB70 JUMP JUMPDEST DUP3 ADD SWAP2 SWAP1 PUSH1 0x0 MSTORE PUSH1 0x20 PUSH1 0x0 KECCAK256 SWAP1 JUMPDEST DUP2 SLOAD DUP2 MSTORE SWAP1 PUSH1 0x1 ADD SWAP1 PUSH1 0x20 ADD DUP1 DUP4 GT PUSH2 0xB53 JUMPI DUP3 SWAP1 SUB PUSH1 0x1F AND DUP3 ADD SWAP2 JUMPDEST POP POP POP POP POP DUP2 JUMP JUMPDEST PUSH2 0xB83 CALLER DUP4 DUP4 PUSH2 0xD2A JUMP JUMPDEST POP POP JUMP JUMPDEST PUSH1 0x0 DUP1 DUP5 SWAP1 POP PUSH2 0xB97 DUP6 DUP6 PUSH2 0x5D1 JUMP JUMPDEST ISZERO PUSH2 0xCFC JUMPI DUP1 PUSH20 0xFFFFFFFFFFFFFFFFFFFFFFFFFFFFFFFFFFFFFFFF AND PUSH4 0x8F4FFCB1 CALLER DUP7 ADDRESS DUP8 PUSH1 0x40 MLOAD DUP6 PUSH4 0xFFFFFFFF AND PUSH29 0x100000000000000000000000000000000000000000000000000000000 MUL DUP2 MSTORE PUSH1 0x4 ADD DUP1 DUP6 PUSH20 0xFFFFFFFFFFFFFFFFFFFFFFFFFFFFFFFFFFFFFFFF AND PUSH20 0xFFFFFFFFFFFFFFFFFFFFFFFFFFFFFFFFFFFFFFFF AND DUP2 MSTORE PUSH1 0x20 ADD DUP5 DUP2 MSTORE PUSH1 0x20 ADD DUP4 PUSH20 0xFFFFFFFFFFFFFFFFFFFFFFFFFFFFFFFFFFFFFFFF AND PUSH20 0xFFFFFFFFFFFFFFFFFFFFFFFFFFFFFFFFFFFFFFFF AND DUP2 MSTORE PUSH1 0x20 ADD DUP1 PUSH1 0x20 ADD DUP3 DUP2 SUB DUP3 MSTORE DUP4 DUP2 DUP2 MLOAD DUP2 MSTORE PUSH1 0x20 ADD SWAP2 POP DUP1 MLOAD SWAP1 PUSH1 0x20 ADD SWAP1 DUP1 DUP4 DUP4 PUSH1 0x0 JUMPDEST DUP4 DUP2 LT ISZERO PUSH2 0xC91 JUMPI DUP1 DUP3 ADD MLOAD DUP2 DUP5 ADD MSTORE PUSH1 0x20 DUP2 ADD SWAP1 POP PUSH2 0xC76 JUMP JUMPDEST POP POP POP POP SWAP1 POP SWAP1 DUP2 ADD SWAP1 PUSH1 0x1F AND DUP1 ISZERO PUSH2 0xCBE JUMPI DUP1 DUP3 SUB DUP1 MLOAD PUSH1 0x1 DUP4 PUSH1 0x20 SUB PUSH2 0x100 EXP SUB NOT AND DUP2 MSTORE PUSH1 0x20 ADD SWAP2 POP JUMPDEST POP SWAP6 POP POP POP POP POP POP PUSH1 0x0 PUSH1 0x40 MLOAD DUP1 DUP4 SUB DUP2 PUSH1 0x0 DUP8 DUP1 EXTCODESIZE ISZERO ISZERO PUSH2 0xCDF JUMPI PUSH1 0x0 DUP1 REVERT JUMPDEST PUSH2 0x2C6 GAS SUB CALL ISZERO ISZERO PUSH2 0xCF0 JUMPI PUSH1 0x0 DUP1 REVERT JUMPDEST POP POP POP PUSH1 0x1 SWAP2 POP PUSH2 0xCFD JUMP JUMPDEST JUMPDEST POP SWAP4 SWAP3 POP POP POP JUMP JUMPDEST PUSH1 0x5 PUSH1 0x20 MSTORE DUP2 PUSH1 0x0 MSTORE PUSH1 0x40 PUSH1 0x0 KECCAK256 PUSH1 0x20 MSTORE DUP1 PUSH1 0x0 MSTORE PUSH1 0x40 PUSH1 0x0 KECCAK256 PUSH1 0x0 SWAP2 POP SWAP2 POP POP SLOAD DUP2 JUMP JUMPDEST PUSH1 0x0 DUP1 DUP4 PUSH20 0xFFFFFFFFFFFFFFFFFFFFFFFFFFFFFFFFFFFFFFFF AND EQ ISZERO ISZERO ISZERO PUSH2 0xD51 JUMPI PUSH1 0x0 DUP1 REVERT JUMPDEST DUP2 PUSH1 0x4 PUSH1 0x0 DUP7 PUSH20 0xFFFFFFFFFFFFFFFFFFFFFFFFFFFFFFFFFFFFFFFF AND PUSH20 0xFFFFFFFFFFFFFFFFFFFFFFFFFFFFFFFFFFFFFFFF AND DUP2 MSTORE PUSH1 0x20 ADD SWAP1 DUP2 MSTORE PUSH1 0x20 ADD PUSH1 0x0 KECCAK256 SLOAD LT ISZERO ISZERO ISZERO PUSH2 0xD9F JUMPI PUSH1 0x0 DUP1 REVERT JUMPDEST PUSH1 0x4 PUSH1 0x0 DUP5 PUSH20 0xFFFFFFFFFFFFFFFFFFFFFFFFFFFFFFFFFFFFFFFF AND PUSH20 0xFFFFFFFFFFFFFFFFFFFFFFFFFFFFFFFFFFFFFFFF AND DUP2 MSTORE PUSH1 0x20 ADD SWAP1 DUP2 MSTORE PUSH1 0x20 ADD PUSH1 0x0 KECCAK256 SLOAD DUP3 PUSH1 0x4 PUSH1 0x0 DUP7 PUSH20 0xFFFFFFFFFFFFFFFFFFFFFFFFFFFFFFFFFFFFFFFF AND PUSH20 0xFFFFFFFFFFFFFFFFFFFFFFFFFFFFFFFFFFFFFFFF AND DUP2 MSTORE PUSH1 0x20 ADD SWAP1 DUP2 MSTORE PUSH1 0x20 ADD PUSH1 0x0 KECCAK256 SLOAD ADD LT ISZERO ISZERO ISZERO PUSH2 0xE2E JUMPI PUSH1 0x0 DUP1 REVERT JUMPDEST PUSH1 0x4 PUSH1 0x0 DUP5 PUSH20 0xFFFFFFFFFFFFFFFFFFFFFFFFFFFFFFFFFFFFFFFF AND PUSH20 0xFFFFFFFFFFFFFFFFFFFFFFFFFFFFFFFFFFFFFFFF AND DUP2 MSTORE PUSH1 0x20 ADD SWAP1 DUP2 MSTORE PUSH1 0x20 ADD PUSH1 0x0 KECCAK256 SLOAD PUSH1 0x4 PUSH1 0x0 DUP7 PUSH20 0xFFFFFFFFFFFFFFFFFFFFFFFFFFFFFFFFFFFFFFFF AND PUSH20 0xFFFFFFFFFFFFFFFFFFFFFFFFFFFFFFFFFFFFFFFF AND DUP2 MSTORE PUSH1 0x20 ADD SWAP1 DUP2 MSTORE PUSH1 0x20 ADD PUSH1 0x0 KECCAK256 SLOAD ADD SWAP1 POP DUP2 PUSH1 0x4 PUSH1 0x0 DUP7 PUSH20 0xFFFFFFFFFFFFFFFFFFFFFFFFFFFFFFFFFFFFFFFF AND PUSH20 0xFFFFFFFFFFFFFFFFFFFFFFFFFFFFFFFFFFFFFFFF AND DUP2 MSTORE PUSH1 0x20 ADD SWAP1 DUP2 MSTORE PUSH1 0x20 ADD PUSH1 0x0 KECCAK256 PUSH1 0x0 DUP3 DUP3 SLOAD SUB SWAP3 POP POP DUP2 SWAP1 SSTORE POP DUP2 PUSH1 0x4 PUSH1 0x0 DUP6 PUSH20 0xFFFFFFFFFFFFFFFFFFFFFFFFFFFFFFFFFFFFFFFF AND PUSH20 0xFFFFFFFFFFFFFFFFFFFFFFFFFFFFFFFFFFFFFFFF AND DUP2 MSTORE PUSH1 0x20 ADD SWAP1 DUP2 MSTORE PUSH1 0x20 ADD PUSH1 0x0 KECCAK256 PUSH1 0x0 DUP3 DUP3 SLOAD ADD SWAP3 POP POP DUP2 SWAP1 SSTORE POP DUP3 PUSH20 0xFFFFFFFFFFFFFFFFFFFFFFFFFFFFFFFFFFFFFFFF AND DUP5 PUSH20 0xFFFFFFFFFFFFFFFFFFFFFFFFFFFFFFFFFFFFFFFF AND PUSH32 0xDDF252AD1BE2C89B69C2B068FC378DAA952BA7F163C4A11628F55A4DF523B3EF DUP5 PUSH1 0x40 MLOAD DUP1 DUP3 DUP2 MSTORE PUSH1 0x20 ADD SWAP2 POP POP PUSH1 0x40 MLOAD DUP1 SWAP2 SUB SWAP1 LOG3 DUP1 PUSH1 0x4 PUSH1 0x0 DUP6 PUSH20 0xFFFFFFFFFFFFFFFFFFFFFFFFFFFFFFFFFFFFFFFF AND PUSH20 0xFFFFFFFFFFFFFFFFFFFFFFFFFFFFFFFFFFFFFFFF AND DUP2 MSTORE PUSH1 0x20 ADD SWAP1 DUP2 MSTORE PUSH1 0x20 ADD PUSH1 0x0 KECCAK256 SLOAD PUSH1 0x4 PUSH1 0x0 DUP8 PUSH20 0xFFFFFFFFFFFFFFFFFFFFFFFFFFFFFFFFFFFFFFFF AND PUSH20 0xFFFFFFFFFFFFFFFFFFFFFFFFFFFFFFFFFFFFFFFF AND DUP2 MSTORE PUSH1 0x20 ADD SWAP1 DUP2 MSTORE PUSH1 0x20 ADD PUSH1 0x0 KECCAK256 SLOAD ADD EQ ISZERO ISZERO PUSH2 0x103B JUMPI INVALID JUMPDEST POP POP POP POP JUMP STOP LOG1 PUSH6 0x627A7A723058 KECCAK256 SWAP1 0x24 0xa7 DUP10 GASLIMIT 0xca 0xc0 DELEGATECALL 0xd6 0x2e CREATE PUSH31 0xF719E4C7759E4F2CA81229DEFBE1286A7AD976630029000000000000000000
1,PUSH1 0x60 PUSH1 0x40 MSTORE PUSH1 0x12 PUSH1 0x3 PUSH1 0x0 PUSH2 0x100 EXP DUP2 SLOAD DUP2 PUSH1 0xFF MUL NOT AND SWAP1 DUP4 PUSH1 0xFF AND MUL OR SWAP1 SSTORE POP CALLVALUE ISZERO PUSH3 0x2C JUMPI PUSH1 0x0 DUP1 REVERT JUMPDEST PUSH1 0x40 MLOAD PUSH3 0x188A CODESIZE SUB DUP1 PUSH3 0x188A DUP4 CODECOPY DUP2 ADD PUSH1 0x40 MSTORE DUP1 DUP1 MLOAD SWAP1 PUSH1 0x20 ADD SWAP1 SWAP2 SWAP1 DUP1 MLOAD DUP3 ADD SWAP2 SWAP1 PUSH1 0x20 ADD DUP1 MLOAD DUP3 ADD SWAP2 SWAP1 POP POP DUP3 DUP3 DUP3 CALLER PUSH1 0x0 DUP1 PUSH2 0x100 EXP DUP2 SLOAD DUP2 PUSH20 0xFFFFFFFFFFFFFFFFFFFFFFFFFFFFFFFFFFFFFFFF MUL NOT AND SWAP1 DUP4 PUSH20 0xFFFFFFFFFFFFFFFFFFFFFFFFFFFFFFFFFFFFFFFF AND MUL OR SWAP1 SSTORE POP PUSH1 0x3 PUSH1 0x0 SWAP1 SLOAD SWAP1 PUSH2 0x100 EXP SWAP1 DIV PUSH1 0xFF AND PUSH1 0xFF AND PUSH1 0xA EXP DUP4 MUL PUSH1 0x4 DUP2 SWAP1 SSTORE POP DUP2 PUSH1 0x1 SWAP1 DUP1 MLOAD SWAP1 PUSH1 0x20 ADD SWAP1 PUSH3 0xD5 SWAP3 SWAP2 SWAP1 PUSH3 0x141 JUMP JUMPDEST POP DUP1 PUSH1 0x2 SWAP1 DUP1 MLOAD SWAP1 PUSH1 0x20 ADD SWAP1 PUSH3 0xEE SWAP3 SWAP2 SWAP1 PUSH3 0x141 JUMP JUMPDEST POP PUSH1 0x4 SLOAD PUSH1 0x5 PUSH1 0x0 CALLER PUSH20 0xFFFFFFFFFFFFFFFFFFFFFFFFFFFFFFFFFFFFFFFF AND PUSH20 0xFFFFFFFFFFFFFFFFFFFFFFFFFFFFFFFFFFFFFFFF AND DUP2 MSTORE PUSH1 0x20 ADD SWAP1 DUP2 MSTORE PUSH1 0x20 ADD PUSH1 0x0 KECCAK256 DUP2 SWAP1 SSTORE POP POP POP POP POP POP POP PUSH3 0x1F0 JUMP JUMPDEST DUP3 DUP1 SLOAD PUSH1 0x1 DUP2 PUSH1 0x1 AND ISZERO PUSH2 0x100 MUL SUB AND PUSH1 0x2 SWAP1 DIV SWAP1 PUSH1 0x0 MSTORE PUSH1 0x20 PUSH1 0x0 KECCAK256 SWAP1 PUSH1 0x1F ADD PUSH1 0x20 SWAP1 DIV DUP2 ADD SWAP3 DUP3 PUSH1 0x1F LT PUSH3 0x184 JUMPI DUP1 MLOAD PUSH1 0xFF NOT AND DUP4 DUP1 ADD OR DUP6 SSTORE PUSH3 0x1B5 JUMP JUMPDEST DUP3 DUP1 ADD PUSH1 0x1 ADD DUP6 SSTORE DUP3 ISZERO PUSH3 0x1B5 JUMPI SWAP2 DUP3 ADD JUMPDEST DUP3 DUP2 GT ISZERO PUSH3 0x1B4 JUMPI DUP3 MLOAD DUP3 SSTORE SWAP2 PUSH1 0x20 ADD SWAP2 SWAP1 PUSH1 0x1 ADD SWAP1 PUSH3 0x197 JUMP JUMPDEST JUMPDEST POP SWAP1 POP PUSH3 0x1C4 SWAP2 SWAP1 PUSH3 0x1C8 JUMP JUMPDEST POP SWAP1 JUMP JUMPDEST PUSH3 0x1ED SWAP2 SWAP1 JUMPDEST DUP1 DUP3 GT ISZERO PUSH3 0x1E9 JUMPI PUSH1 0x0 DUP2 PUSH1 0x0 SWAP1 SSTORE POP PUSH1 0x1 ADD PUSH3 0x1CF JUMP JUMPDEST POP SWAP1 JUMP JUMPDEST SWAP1 JUMP JUMPDEST PUSH2 0x168A DUP1 PUSH3 0x200 PUSH1 0x0 CODECOPY PUSH1 0x0 RETURN STOP PUSH1 0x60 PUSH1 0x40 MSTORE PUSH1 0x4 CALLDATASIZE LT PUSH2 0xF1 JUMPI PUSH1 0x0 CALLDATALOAD PUSH29 0x100000000000000000000000000000000000000000000000000000000 SWAP1 DIV PUSH4 0xFFFFFFFF AND DUP1 PUSH4 0x6FDDE03 EQ PUSH2 0xF6 JUMPI DUP1 PUSH4 0x95EA7B3 EQ PUSH2 0x184 JUMPI DUP1 PUSH4 0x18160DDD EQ PUSH2 0x1DE JUMPI DUP1 PUSH4 0x23B872DD EQ PUSH2 0x207 JUMPI DUP1 PUSH4 0x313CE567 EQ PUSH2 0x280 JUMPI DUP1 PUSH4 0x371AA158 EQ PUSH2 0x2AF JUMPI DUP1 PUSH4 0x42966C68 EQ PUSH2 0x349 JUMPI DUP1 PUSH4 0x70A08231 EQ PUSH2 0x384 JUMPI DUP1 PUSH4 0x79CC6790 EQ PUSH2 0x3D1 JUMPI DUP1 PUSH4 0x8DA5CB5B EQ PUSH2 0x42B JUMPI DUP1 PUSH4 0x95D89B41 EQ PUSH2 0x480 JUMPI DUP1 PUSH4 0xA9059CBB EQ PUSH2 0x50E JUMPI DUP1 PUSH4 0xB414D4B6 EQ PUSH2 0x550 JUMPI DUP1 PUSH4 0xCAE9CA51 EQ PUSH2 0x5A1 JUMPI DUP1 PUSH4 0xDD62ED3E EQ PUSH2 0x63E JUMPI DUP1 PUSH4 0xE724529C EQ PUSH2 0x6AA JUMPI DUP1 PUSH4 0xF2FDE38B EQ PUSH2 0x6EE JUMPI JUMPDEST PUSH1 0x0 DUP1 REVERT JUMPDEST CALLVALUE ISZERO PUSH2 0x101 JUMPI PUSH1 0x0 DUP1 REVERT JUMPDEST PUSH2 0x109 PUSH2 0x727 JUMP JUMPDEST PUSH1 0x40 MLOAD DUP1 DUP1 PUSH1 0x20 ADD DUP3 DUP2 SUB DUP3 MSTORE DUP4 DUP2 DUP2 MLOAD DUP2 MSTORE PUSH1 0x20 ADD SWAP2 POP DUP1 MLOAD SWAP1 PUSH1 0x20 ADD SWAP1 DUP1 DUP4 DUP4 PUSH1 0x0 JUMPDEST DUP4 DUP2 LT ISZERO PUSH2 0x149 JUMPI DUP1 DUP3 ADD MLOAD DUP2 DUP5 ADD MSTORE PUSH1 0x20 DUP2 ADD SWAP1 POP PUSH2 0x12E JUMP JUMPDEST POP POP POP POP SWAP1 POP SWAP1 DUP2 ADD SWAP1 PUSH1 0x1F AND DUP1 ISZERO PUSH2 0x176 JUMPI DUP1 DUP3 SUB DUP1 MLOAD PUSH1 0x1 DUP4 PUSH1 0x20 SUB PUSH2 0x100 EXP SUB NOT AND DUP2 MSTORE PUSH1 0x20 ADD SWAP2 POP JUMPDEST POP SWAP3 POP POP POP PUSH1 0x40 MLOAD DUP1 SWAP2 SUB SWAP1 RETURN JUMPDEST CALLVALUE ISZERO PUSH2 0x18F JUMPI PUSH1 0x0 DUP1 REVERT JUMPDEST PUSH2 0x1C4 PUSH1 0x4 DUP1 DUP1 CALLDATALOAD PUSH20 0xFFFFFFFFFFFFFFFFFFFFFFFFFFFFFFFFFFFFFFFF AND SWAP1 PUSH1 0x20 ADD SWAP1 SWAP2 SWAP1 DUP1 CALLDATALOAD SWAP1 PUSH1 0x20 ADD SWAP1 SWAP2 SWAP1 POP POP PUSH2 0x7C5 JUMP JUMPDEST PUSH1 0x40 MLOAD DUP1 DUP3 ISZERO ISZERO ISZERO ISZERO DUP2 MSTORE PUSH1 0x20 ADD SWAP2 POP POP PUSH1 0x40 MLOAD DUP1 SWAP2 SUB SWAP1 RETURN JUMPDEST CALLVALUE ISZERO PUSH2 0x1E9 JUMPI PUSH1 0x0 DUP1 REVERT JUMPDEST PUSH2 0x1F1 PUSH2 0x852 JUMP JUMPDEST PUSH1 0x40 MLOAD DUP1 DUP3 DUP2 MSTORE PUSH1 0x20 ADD SWAP2 POP POP PUSH1 0x40 MLOAD DUP1 SWAP2 SUB SWAP1 RETURN JUMPDEST CALLVALUE ISZERO PUSH2 0x212 JUMPI PUSH1 0x0 DUP1 REVERT JUMPDEST PUSH2 0x266 PUSH1 0x4 DUP1 DUP1 CALLDATALOAD PUSH20 0xFFFFFFFFFFFFFFFFFFFFFFFFFFFFFFFFFFFFFFFF AND SWAP1 PUSH1 0x20 ADD SWAP1 SWAP2 SWAP1 DUP1 CALLDATALOAD PUSH20 0xFFFFFFFFFFFFFFFFFFFFFFFFFFFFFFFFFFFFFFFF AND SWAP1 PUSH1 0x20 ADD SWAP1 SWAP2 SWAP1 DUP1 CALLDATALOAD SWAP1 PUSH1 0x20 ADD SWAP1 SWAP2 SWAP1 POP POP PUSH2 0x858 JUMP JUMPDEST PUSH1 0x40 MLOAD DUP1 DUP3 ISZERO ISZERO ISZERO ISZERO DUP2 MSTORE PUSH1 0x20 ADD SWAP2 POP POP PUSH1 0x40 MLOAD DUP1 SWAP2 SUB SWAP1 RETURN JUMPDEST CALLVALUE ISZERO PUSH2 0x28B JUMPI PUSH1 0x0 DUP1 REVERT JUMPDEST PUSH2 0x293 PUSH2 0x985 JUMP JUMPDEST PUSH1 0x40 MLOAD DUP1 DUP3 PUSH1 0xFF AND PUSH1 0xFF AND DUP2 MSTORE PUSH1 0x20 ADD SWAP2 POP POP PUSH1 0x40 MLOAD DUP1 SWAP2 SUB SWAP1 RETURN JUMPDEST CALLVALUE ISZERO PUSH2 0x2BA JUMPI PUSH1 0x0 DUP1 REVERT JUMPDEST PUSH2 0x347 PUSH1 0x4 DUP1 DUP1 CALLDATALOAD SWAP1 PUSH1 0x20 ADD SWAP1 DUP3 ADD DUP1 CALLDATALOAD SWAP1 PUSH1 0x20 ADD SWAP1 DUP1 DUP1 PUSH1 0x20 MUL PUSH1 0x20 ADD PUSH1 0x40 MLOAD SWAP1 DUP2 ADD PUSH1 0x40 MSTORE DUP1 SWAP4 SWAP3 SWAP2 SWAP1 DUP2 DUP2 MSTORE PUSH1 0x20 ADD DUP4 DUP4 PUSH1 0x20 MUL DUP1 DUP3 DUP5 CALLDATACOPY DUP3 ADD SWAP2 POP POP POP POP POP POP SWAP2 SWAP1 DUP1 CALLDATALOAD SWAP1 PUSH1 0x20 ADD SWAP1 DUP3 ADD DUP1 CALLDATALOAD SWAP1 PUSH1 0x20 ADD SWAP1 DUP1 DUP1 PUSH1 0x20 MUL PUSH1 0x20 ADD PUSH1 0x40 MLOAD SWAP1 DUP2 ADD PUSH1 0x40 MSTORE DUP1 SWAP4 SWAP3 SWAP2 SWAP1 DUP2 DUP2 MSTORE PUSH1 0x20 ADD DUP4 DUP4 PUSH1 0x20 MUL DUP1 DUP3 DUP5 CALLDATACOPY DUP3 ADD SWAP2 POP POP POP POP POP POP SWAP2 SWAP1 POP POP PUSH2 0x998 JUMP JUMPDEST STOP JUMPDEST CALLVALUE ISZERO PUSH2 0x354 JUMPI PUSH1 0x0 DUP1 REVERT JUMPDEST PUSH2 0x36A PUSH1 0x4 DUP1 DUP1 CALLDATALOAD SWAP1 PUSH1 0x20 ADD SWAP1 SWAP2 SWAP1 POP POP PUSH2 0xC18 JUMP JUMPDEST PUSH1 0x40 MLOAD DUP1 DUP3 ISZERO ISZERO ISZERO ISZERO DUP2 MSTORE PUSH1 0x20 ADD SWAP2 POP POP PUSH1 0x40 MLOAD DUP1 SWAP2 SUB SWAP1 RETURN JUMPDEST CALLVALUE ISZERO PUSH2 0x38F JUMPI PUSH1 0x0 DUP1 REVERT JUMPDEST PUSH2 0x3BB PUSH1 0x4 DUP1 DUP1 CALLDATALOAD PUSH20 0xFFFFFFFFFFFFFFFFFFFFFFFFFFFFFFFFFFFFFFFF AND SWAP1 PUSH1 0x20 ADD SWAP1 SWAP2 SWAP1 POP POP PUSH2 0xD1C JUMP JUMPDEST PUSH1 0x40 MLOAD DUP1 DUP3 DUP2 MSTORE PUSH1 0x20 ADD SWAP2 POP POP PUSH1 0x40 MLOAD DUP1 SWAP2 SUB SWAP1 RETURN JUMPDEST CALLVALUE ISZERO PUSH2 0x3DC JUMPI PUSH1 0x0 DUP1 REVERT JUMPDEST PUSH2 0x411 PUSH1 0x4 DUP1 DUP1 CALLDATALOAD PUSH20 0xFFFFFFFFFFFFFFFFFFFFFFFFFFFFFFFFFFFFFFFF AND SWAP1 PUSH1 0x20 ADD SWAP1 SWAP2 SWAP1 DUP1 CALLDATALOAD SWAP1 PUSH1 0x20 ADD SWAP1 SWAP2 SWAP1 POP POP PUSH2 0xD34 JUMP JUMPDEST PUSH1 0x40 MLOAD DUP1 DUP3 ISZERO ISZERO ISZERO ISZERO DUP2 MSTORE PUSH1 0x20 ADD SWAP2 POP POP PUSH1 0x40 MLOAD DUP1 SWAP2 SUB SWAP1 RETURN JUMPDEST CALLVALUE ISZERO PUSH2 0x436 JUMPI PUSH1 0x0 DUP1 REVERT JUMPDEST PUSH2 0x43E PUSH2 0xF4E JUMP JUMPDEST PUSH1 0x40 MLOAD DUP1 DUP3 PUSH20 0xFFFFFFFFFFFFFFFFFFFFFFFFFFFFFFFFFFFFFFFF AND PUSH20 0xFFFFFFFFFFFFFFFFFFFFFFFFFFFFFFFFFFFFFFFF AND DUP2 MSTORE PUSH1 0x20 ADD SWAP2 POP POP PUSH1 0x40 MLOAD DUP1 SWAP2 SUB SWAP1 RETURN JUMPDEST CALLVALUE ISZERO PUSH2 0x48B JUMPI PUSH1 0x0 DUP1 REVERT JUMPDEST PUSH2 0x493 PUSH2 0xF73 JUMP JUMPDEST PUSH1 0x40 MLOAD DUP1 DUP1 PUSH1 0x20 ADD DUP3 DUP2 SUB DUP3 MSTORE DUP4 DUP2 DUP2 MLOAD DUP2 MSTORE PUSH1 0x20 ADD SWAP2 POP DUP1 MLOAD SWAP1 PUSH1 0x20 ADD SWAP1 DUP1 DUP4 DUP4 PUSH1 0x0 JUMPDEST DUP4 DUP2 LT ISZERO PUSH2 0x4D3 JUMPI DUP1 DUP3 ADD MLOAD DUP2 DUP5 ADD MSTORE PUSH1 0x20 DUP2 ADD SWAP1 POP PUSH2 0x4B8 JUMP JUMPDEST POP POP POP POP SWAP1 POP SWAP1 DUP2 ADD SWAP1 PUSH1 0x1F AND DUP1 ISZERO PUSH2 0x500 JUMPI DUP1 DUP3 SUB DUP1 MLOAD PUSH1 0x1 DUP4 PUSH1 0x20 SUB PUSH2 0x100 EXP SUB NOT AND DUP2 MSTORE PUSH1 0x20 ADD SWAP2 POP JUMPDEST POP SWAP3 POP POP POP PUSH1 0x40 MLOAD DUP1 SWAP2 SUB SWAP1 RETURN JUMPDEST CALLVALUE ISZERO PUSH2 0x519 JUMPI PUSH1 0x0 DUP1 REVERT JUMPDEST PUSH2 0x54E PUSH1 0x4 DUP1 DUP1 CALLDATALOAD PUSH20 0xFFFFFFFFFFFFFFFFFFFFFFFFFFFFFFFFFFFFFFFF AND SWAP1 PUSH1 0x20 ADD SWAP1 SWAP2 SWAP1 DUP1 CALLDATALOAD SWAP1 PUSH1 0x20 ADD SWAP1 SWAP2 SWAP1 POP POP PUSH2 0x1011 JUMP JUMPDEST STOP JUMPDEST CALLVALUE ISZERO PUSH2 0x55B JUMPI PUSH1 0x0 DUP1 REVERT JUMPDEST PUSH2 0x587 PUSH1 0x4 DUP1 DUP1 CALLDATALOAD PUSH20 0xFFFFFFFFFFFFFFFFFFFFFFFFFFFFFFFFFFFFFFFF AND SWAP1 PUSH1 0x20 ADD SWAP1 SWAP2 SWAP1 POP POP PUSH2 0x1020 JUMP JUMPDEST PUSH1 0x40 MLOAD DUP1 DUP3 ISZERO ISZERO ISZERO ISZERO DUP2 MSTORE PUSH1 0x20 ADD SWAP2 POP POP PUSH1 0x40 MLOAD DUP1 SWAP2 SUB SWAP1 RETURN JUMPDEST CALLVALUE ISZERO PUSH2 0x5AC JUMPI PUSH1 0x0 DUP1 REVERT JUMPDEST PUSH2 0x624 PUSH1 0x4 DUP1 DUP1 CALLDATALOAD PUSH20 0xFFFFFFFFFFFFFFFFFFFFFFFFFFFFFFFFFFFFFFFF AND SWAP1 PUSH1 0x20 ADD SWAP1 SWAP2 SWAP1 DUP1 CALLDATALOAD SWAP1 PUSH1 0x20 ADD SWAP1 SWAP2 SWAP1 DUP1 CALLDATALOAD SWAP1 PUSH1 0x20 ADD SWAP1 DUP3 ADD DUP1 CALLDATALOAD SWAP1 PUSH1 0x20 ADD SWAP1 DUP1 DUP1 PUSH1 0x1F ADD PUSH1 0x20 DUP1 SWAP2 DIV MUL PUSH1 0x20 ADD PUSH1 0x40 MLOAD SWAP1 DUP2 ADD PUSH1 0x40 MSTORE DUP1 SWAP4 SWAP3 SWAP2 SWAP1 DUP2 DUP2 MSTORE PUSH1 0x20 ADD DUP4 DUP4 DUP1 DUP3 DUP5 CALLDATACOPY DUP3 ADD SWAP2 POP POP POP POP POP POP SWAP2 SWAP1 POP POP PUSH2 0x1040 JUMP JUMPDEST PUSH1 0x40 MLOAD DUP1 DUP3 ISZERO ISZERO ISZERO ISZERO DUP2 MSTORE PUSH1 0x20 ADD SWAP2 POP POP PUSH1 0x40 MLOAD DUP1 SWAP2 SUB SWAP1 RETURN JUMPDEST CALLVALUE ISZERO PUSH2 0x649 JUMPI PUSH1 0x0 DUP1 REVERT JUMPDEST PUSH2 0x694 PUSH1 0x4 DUP1 DUP1 CALLDATALOAD PUSH20 0xFFFFFFFFFFFFFFFFFFFFFFFFFFFFFFFFFFFFFFFF AND SWAP1 PUSH1 0x20 ADD SWAP1 SWAP2 SWAP1 DUP1 CALLDATALOAD PUSH20 0xFFFFFFFFFFFFFFFFFFFFFFFFFFFFFFFFFFFFFFFF AND SWAP1 PUSH1 0x20 ADD SWAP1 SWAP2 SWAP1 POP POP PUSH2 0x11BE JUMP JUMPDEST PUSH1 0x40 MLOAD DUP1 DUP3 DUP2 MSTORE PUSH1 0x20 ADD SWAP2 POP POP PUSH1 0x40 MLOAD DUP1 SWAP2 SUB SWAP1 RETURN JUMPDEST CALLVALUE ISZERO PUSH2 0x6B5 JUMPI PUSH1 0x0 DUP1 REVERT JUMPDEST PUSH2 0x6EC PUSH1 0x4 DUP1 DUP1 CALLDATALOAD PUSH20 0xFFFFFFFFFFFFFFFFFFFFFFFFFFFFFFFFFFFFFFFF AND SWAP1 PUSH1 0x20 ADD SWAP1 SWAP2 SWAP1 DUP1 CALLDATALOAD ISZERO ISZERO SWAP1 PUSH1 0x20 ADD SWAP1 SWAP2 SWAP1 POP POP PUSH2 0x11E3 JUMP JUMPDEST STOP JUMPDEST CALLVALUE ISZERO PUSH2 0x6F9 JUMPI PUSH1 0x0 DUP1 REVERT JUMPDEST PUSH2 0x725 PUSH1 0x4 DUP1 DUP1 CALLDATALOAD PUSH20 0xFFFFFFFFFFFFFFFFFFFFFFFFFFFFFFFFFFFFFFFF AND SWAP1 PUSH1 0x20 ADD SWAP1 SWAP2 SWAP1 POP POP PUSH2 0x1308 JUMP JUMPDEST STOP JUMPDEST PUSH1 0x1 DUP1 SLOAD PUSH1 0x1 DUP2 PUSH1 0x1 AND ISZERO PUSH2 0x100 MUL SUB AND PUSH1 0x2 SWAP1 DIV DUP1 PUSH1 0x1F ADD PUSH1 0x20 DUP1 SWAP2 DIV MUL PUSH1 0x20 ADD PUSH1 0x40 MLOAD SWAP1 DUP2 ADD PUSH1 0x40 MSTORE DUP1 SWAP3 SWAP2 SWAP1 DUP2 DUP2 MSTORE PUSH1 0x20 ADD DUP3 DUP1 SLOAD PUSH1 0x1 DUP2 PUSH1 0x1 AND ISZERO PUSH2 0x100 MUL SUB AND PUSH1 0x2 SWAP1 DIV DUP1 ISZERO PUSH2 0x7BD JUMPI DUP1 PUSH1 0x1F LT PUSH2 0x792 JUMPI PUSH2 0x100 DUP1 DUP4 SLOAD DIV MUL DUP4 MSTORE SWAP2 PUSH1 0x20 ADD SWAP2 PUSH2 0x7BD JUMP JUMPDEST DUP3 ADD SWAP2 SWAP1 PUSH1 0x0 MSTORE PUSH1 0x20 PUSH1 0x0 KECCAK256 SWAP1 JUMPDEST DUP2 SLOAD DUP2 MSTORE SWAP1 PUSH1 0x1 ADD SWAP1 PUSH1 0x20 ADD DUP1 DUP4 GT PUSH2 0x7A0 JUMPI DUP3 SWAP1 SUB PUSH1 0x1F AND DUP3 ADD SWAP2 JUMPDEST POP POP POP POP POP DUP2 JUMP JUMPDEST PUSH1 0x0 DUP2 PUSH1 0x6 PUSH1 0x0 CALLER PUSH20 0xFFFFFFFFFFFFFFFFFFFFFFFFFFFFFFFFFFFFFFFF AND PUSH20 0xFFFFFFFFFFFFFFFFFFFFFFFFFFFFFFFFFFFFFFFF AND DUP2 MSTORE PUSH1 0x20 ADD SWAP1 DUP2 MSTORE PUSH1 0x20 ADD PUSH1 0x0 KECCAK256 PUSH1 0x0 DUP6 PUSH20 0xFFFFFFFFFFFFFFFFFFFFFFFFFFFFFFFFFFFFFFFF AND PUSH20 0xFFFFFFFFFFFFFFFFFFFFFFFFFFFFFFFFFFFFFFFF AND DUP2 MSTORE PUSH1 0x20 ADD SWAP1 DUP2 MSTORE PUSH1 0x20 ADD PUSH1 0x0 KECCAK256 DUP2 SWAP1 SSTORE POP PUSH1 0x1 SWAP1 POP SWAP3 SWAP2 POP POP JUMP JUMPDEST PUSH1 0x4 SLOAD DUP2 JUMP JUMPDEST PUSH1 0x0 PUSH1 0x6 PUSH1 0x0 DUP6 PUSH20 0xFFFFFFFFFFFFFFFFFFFFFFFFFFFFFFFFFFFFFFFF AND PUSH20 0xFFFFFFFFFFFFFFFFFFFFFFFFFFFFFFFFFFFFFFFF AND DUP2 MSTORE PUSH1 0x20 ADD SWAP1 DUP2 MSTORE PUSH1 0x20 ADD PUSH1 0x0 KECCAK256 PUSH1 0x0 CALLER PUSH20 0xFFFFFFFFFFFFFFFFFFFFFFFFFFFFFFFFFFFFFFFF AND PUSH20 0xFFFFFFFFFFFFFFFFFFFFFFFFFFFFFFFFFFFFFFFF AND DUP2 MSTORE PUSH1 0x20 ADD SWAP1 DUP2 MSTORE PUSH1 0x20 ADD PUSH1 0x0 KECCAK256 SLOAD DUP3 GT ISZERO ISZERO ISZERO PUSH2 0x8E5 JUMPI PUSH1 0x0 DUP1 REVERT JUMPDEST DUP2 PUSH1 0x6 PUSH1 0x0 DUP7 PUSH20 0xFFFFFFFFFFFFFFFFFFFFFFFFFFFFFFFFFFFFFFFF AND PUSH20 0xFFFFFFFFFFFFFFFFFFFFFFFFFFFFFFFFFFFFFFFF AND DUP2 MSTORE PUSH1 0x20 ADD SWAP1 DUP2 MSTORE PUSH1 0x20 ADD PUSH1 0x0 KECCAK256 PUSH1 0x0 CALLER PUSH20 0xFFFFFFFFFFFFFFFFFFFFFFFFFFFFFFFFFFFFFFFF AND PUSH20 0xFFFFFFFFFFFFFFFFFFFFFFFFFFFFFFFFFFFFFFFF AND DUP2 MSTORE PUSH1 0x20 ADD SWAP1 DUP2 MSTORE PUSH1 0x20 ADD PUSH1 0x0 KECCAK256 PUSH1 0x0 DUP3 DUP3 SLOAD SUB SWAP3 POP POP DUP2 SWAP1 SSTORE POP PUSH2 0x97A DUP5 DUP5 DUP5 PUSH2 0x13A6 JUMP JUMPDEST PUSH1 0x1 SWAP1 POP SWAP4 SWAP3 POP POP POP JUMP JUMPDEST PUSH1 0x3 PUSH1 0x0 SWAP1 SLOAD SWAP1 PUSH2 0x100 EXP SWAP1 DIV PUSH1 0xFF AND DUP2 JUMP JUMPDEST PUSH1 0x0 DUP1 PUSH1 0x0 DUP1 PUSH1 0x0 SWAP1 SLOAD SWAP1 PUSH2 0x100 EXP SWAP1 DIV PUSH20 0xFFFFFFFFFFFFFFFFFFFFFFFFFFFFFFFFFFFFFFFF AND PUSH20 0xFFFFFFFFFFFFFFFFFFFFFFFFFFFFFFFFFFFFFFFF AND CALLER PUSH20 0xFFFFFFFFFFFFFFFFFFFFFFFFFFFFFFFFFFFFFFFF AND EQ ISZERO ISZERO PUSH2 0x9F8 JUMPI PUSH1 0x0 DUP1 REVERT JUMPDEST DUP4 MLOAD DUP6 MLOAD EQ ISZERO ISZERO PUSH2 0xA08 JUMPI PUSH1 0x0 DUP1 REVERT JUMPDEST PUSH1 0x0 SWAP2 POP JUMPDEST DUP5 MLOAD DUP3 LT ISZERO PUSH2 0xBA3 JUMPI PUSH1 0x0 PUSH1 0x5 PUSH1 0x0 DUP8 DUP6 DUP2 MLOAD DUP2 LT ISZERO ISZERO PUSH2 0xA2A JUMPI INVALID JUMPDEST SWAP1 PUSH1 0x20 ADD SWAP1 PUSH1 0x20 MUL ADD MLOAD PUSH20 0xFFFFFFFFFFFFFFFFFFFFFFFFFFFFFFFFFFFFFFFF AND PUSH20 0xFFFFFFFFFFFFFFFFFFFFFFFFFFFFFFFFFFFFFFFF AND DUP2 MSTORE PUSH1 0x20 ADD SWAP1 DUP2 MSTORE PUSH1 0x20 ADD PUSH1 0x0 KECCAK256 SLOAD EQ ISZERO PUSH2 0xB96 JUMPI DUP4 DUP3 DUP2 MLOAD DUP2 LT ISZERO ISZERO PUSH2 0xA83 JUMPI INVALID JUMPDEST SWAP1 PUSH1 0x20 ADD SWAP1 PUSH1 0x20 MUL ADD MLOAD SWAP1 POP DUP1 PUSH1 0x5 PUSH1 0x0 DUP8 DUP6 DUP2 MLOAD DUP2 LT ISZERO ISZERO PUSH2 0xAA2 JUMPI INVALID JUMPDEST SWAP1 PUSH1 0x20 ADD SWAP1 PUSH1 0x20 MUL ADD MLOAD PUSH20 0xFFFFFFFFFFFFFFFFFFFFFFFFFFFFFFFFFFFFFFFF AND PUSH20 0xFFFFFFFFFFFFFFFFFFFFFFFFFFFFFFFFFFFFFFFF AND DUP2 MSTORE PUSH1 0x20 ADD SWAP1 DUP2 MSTORE PUSH1 0x20 ADD PUSH1 0x0 KECCAK256 PUSH1 0x0 DUP3 DUP3 SLOAD ADD SWAP3 POP POP DUP2 SWAP1 SSTORE POP DUP5 DUP3 DUP2 MLOAD DUP2 LT ISZERO ISZERO PUSH2 0xB01 JUMPI INVALID JUMPDEST SWAP1 PUSH1 0x20 ADD SWAP1 PUSH1 0x20 MUL ADD MLOAD PUSH20 0xFFFFFFFFFFFFFFFFFFFFFFFFFFFFFFFFFFFFFFFF AND PUSH1 0x0 DUP1 SWAP1 SLOAD SWAP1 PUSH2 0x100 EXP SWAP1 DIV PUSH20 0xFFFFFFFFFFFFFFFFFFFFFFFFFFFFFFFFFFFFFFFF AND PUSH20 0xFFFFFFFFFFFFFFFFFFFFFFFFFFFFFFFFFFFFFFFF AND PUSH32 0xDDF252AD1BE2C89B69C2B068FC378DAA952BA7F163C4A11628F55A4DF523B3EF DUP4 PUSH1 0x40 MLOAD DUP1 DUP3 DUP2 MSTORE PUSH1 0x20 ADD SWAP2 POP POP PUSH1 0x40 MLOAD DUP1 SWAP2 SUB SWAP1 LOG3 DUP1 DUP4 ADD SWAP3 POP JUMPDEST DUP2 DUP1 PUSH1 0x1 ADD SWAP3 POP POP PUSH2 0xA0D JUMP JUMPDEST DUP3 PUSH1 0x5 PUSH1 0x0 DUP1 PUSH1 0x0 SWAP1 SLOAD SWAP1 PUSH2 0x100 EXP SWAP1 DIV PUSH20 0xFFFFFFFFFFFFFFFFFFFFFFFFFFFFFFFFFFFFFFFF AND PUSH20 0xFFFFFFFFFFFFFFFFFFFFFFFFFFFFFFFFFFFFFFFF AND PUSH20 0xFFFFFFFFFFFFFFFFFFFFFFFFFFFFFFFFFFFFFFFF AND DUP2 MSTORE PUSH1 0x20 ADD SWAP1 DUP2 MSTORE PUSH1 0x20 ADD PUSH1 0x0 KECCAK256 PUSH1 0x0 DUP3 DUP3 SLOAD SUB SWAP3 POP POP DUP2 SWAP1 SSTORE POP POP POP POP POP POP JUMP JUMPDEST PUSH1 0x0 DUP2 PUSH1 0x5 PUSH1 0x0 CALLER PUSH20 0xFFFFFFFFFFFFFFFFFFFFFFFFFFFFFFFFFFFFFFFF AND PUSH20 0xFFFFFFFFFFFFFFFFFFFFFFFFFFFFFFFFFFFFFFFF AND DUP2 MSTORE PUSH1 0x20 ADD SWAP1 DUP2 MSTORE PUSH1 0x20 ADD PUSH1 0x0 KECCAK256 SLOAD LT ISZERO ISZERO ISZERO PUSH2 0xC68 JUMPI PUSH1 0x0 DUP1 REVERT JUMPDEST DUP2 PUSH1 0x5 PUSH1 0x0 CALLER PUSH20 0xFFFFFFFFFFFFFFFFFFFFFFFFFFFFFFFFFFFFFFFF AND PUSH20 0xFFFFFFFFFFFFFFFFFFFFFFFFFFFFFFFFFFFFFFFF AND DUP2 MSTORE PUSH1 0x20 ADD SWAP1 DUP2 MSTORE PUSH1 0x20 ADD PUSH1 0x0 KECCAK256 PUSH1 0x0 DUP3 DUP3 SLOAD SUB SWAP3 POP POP DUP2 SWAP1 SSTORE POP DUP2 PUSH1 0x4 PUSH1 0x0 DUP3 DUP3 SLOAD SUB SWAP3 POP POP DUP2 SWAP1 SSTORE POP CALLER PUSH20 0xFFFFFFFFFFFFFFFFFFFFFFFFFFFFFFFFFFFFFFFF AND PUSH32 0xCC16F5DBB4873280815C1EE09DBD06736CFFCC184412CF7A71A0FDB75D397CA5 DUP4 PUSH1 0x40 MLOAD DUP1 DUP3 DUP2 MSTORE PUSH1 0x20 ADD SWAP2 POP POP PUSH1 0x40 MLOAD DUP1 SWAP2 SUB SWAP1 LOG2 PUSH1 0x1 SWAP1 POP SWAP2 SWAP1 POP JUMP JUMPDEST PUSH1 0x5 PUSH1 0x20 MSTORE DUP1 PUSH1 0x0 MSTORE PUSH1 0x40 PUSH1 0x0 KECCAK256 PUSH1 0x0 SWAP2 POP SWAP1 POP SLOAD DUP2 JUMP JUMPDEST PUSH1 0x0 DUP2 PUSH1 0x5 PUSH1 0x0 DUP6 PUSH20 0xFFFFFFFFFFFFFFFFFFFFFFFFFFFFFFFFFFFFFFFF AND PUSH20 0xFFFFFFFFFFFFFFFFFFFFFFFFFFFFFFFFFFFFFFFF AND DUP2 MSTORE PUSH1 0x20 ADD SWAP1 DUP2 MSTORE PUSH1 0x20 ADD PUSH1 0x0 KECCAK256 SLOAD LT ISZERO ISZERO ISZERO PUSH2 0xD84 JUMPI PUSH1 0x0 DUP1 REVERT JUMPDEST PUSH1 0x6 PUSH1 0x0 DUP5 PUSH20 0xFFFFFFFFFFFFFFFFFFFFFFFFFFFFFFFFFFFFFFFF AND PUSH20 0xFFFFFFFFFFFFFFFFFFFFFFFFFFFFFFFFFFFFFFFF AND DUP2 MSTORE PUSH1 0x20 ADD SWAP1 DUP2 MSTORE PUSH1 0x20 ADD PUSH1 0x0 KECCAK256 PUSH1 0x0 CALLER PUSH20 0xFFFFFFFFFFFFFFFFFFFFFFFFFFFFFFFFFFFFFFFF AND PUSH20 0xFFFFFFFFFFFFFFFFFFFFFFFFFFFFFFFFFFFFFFFF AND DUP2 MSTORE PUSH1 0x20 ADD SWAP1 DUP2 MSTORE PUSH1 0x20 ADD PUSH1 0x0 KECCAK256 SLOAD DUP3 GT ISZERO ISZERO ISZERO PUSH2 0xE0F JUMPI PUSH1 0x0 DUP1 REVERT JUMPDEST DUP2 PUSH1 0x5 PUSH1 0x0 DUP6 PUSH20 0xFFFFFFFFFFFFFFFFFFFFFFFFFFFFFFFFFFFFFFFF AND PUSH20 0xFFFFFFFFFFFFFFFFFFFFFFFFFFFFFFFFFFFFFFFF AND DUP2 MSTORE PUSH1 0x20 ADD SWAP1 DUP2 MSTORE PUSH1 0x20 ADD PUSH1 0x0 KECCAK256 PUSH1 0x0 DUP3 DUP3 SLOAD SUB SWAP3 POP POP DUP2 SWAP1 SSTORE POP DUP2 PUSH1 0x6 PUSH1 0x0 DUP6 PUSH20 0xFFFFFFFFFFFFFFFFFFFFFFFFFFFFFFFFFFFFFFFF AND PUSH20 0xFFFFFFFFFFFFFFFFFFFFFFFFFFFFFFFFFFFFFFFF AND DUP2 MSTORE PUSH1 0x20 ADD SWAP1 DUP2 MSTORE PUSH1 0x20 ADD PUSH1 0x0 KECCAK256 PUSH1 0x0 CALLER PUSH20 0xFFFFFFFFFFFFFFFFFFFFFFFFFFFFFFFFFFFFFFFF AND PUSH20 0xFFFFFFFFFFFFFFFFFFFFFFFFFFFFFFFFFFFFFFFF AND DUP2 MSTORE PUSH1 0x20 ADD SWAP1 DUP2 MSTORE PUSH1 0x20 ADD PUSH1 0x0 KECCAK256 PUSH1 0x0 DUP3 DUP3 SLOAD SUB SWAP3 POP POP DUP2 SWAP1 SSTORE POP DUP2 PUSH1 0x4 PUSH1 0x0 DUP3 DUP3 SLOAD SUB SWAP3 POP POP DUP2 SWAP1 SSTORE POP DUP3 PUSH20 0xFFFFFFFFFFFFFFFFFFFFFFFFFFFFFFFFFFFFFFFF AND PUSH32 0xCC16F5DBB4873280815C1EE09DBD06736CFFCC184412CF7A71A0FDB75D397CA5 DUP4 PUSH1 0x40 MLOAD DUP1 DUP3 DUP2 MSTORE PUSH1 0x20 ADD SWAP2 POP POP PUSH1 0x40 MLOAD DUP1 SWAP2 SUB SWAP1 LOG2 PUSH1 0x1 SWAP1 POP SWAP3 SWAP2 POP POP JUMP JUMPDEST PUSH1 0x0 DUP1 SWAP1 SLOAD SWAP1 PUSH2 0x100 EXP SWAP1 DIV PUSH20 0xFFFFFFFFFFFFFFFFFFFFFFFFFFFFFFFFFFFFFFFF AND DUP2 JUMP JUMPDEST PUSH1 0x2 DUP1 SLOAD PUSH1 0x1 DUP2 PUSH1 0x1 AND ISZERO PUSH2 0x100 MUL SUB AND PUSH1 0x2 SWAP1 DIV DUP1 PUSH1 0x1F ADD PUSH1 0x20 DUP1 SWAP2 DIV MUL PUSH1 0x20 ADD PUSH1 0x40 MLOAD SWAP1 DUP2 ADD PUSH1 0x40 MSTORE DUP1 SWAP3 SWAP2 SWAP1 DUP2 DUP2 MSTORE PUSH1 0x20 ADD DUP3 DUP1 SLOAD PUSH1 0x1 DUP2 PUSH1 0x1 AND ISZERO PUSH2 0x100 MUL SUB AND PUSH1 0x2 SWAP1 DIV DUP1 ISZERO PUSH2 0x1009 JUMPI DUP1 PUSH1 0x1F LT PUSH2 0xFDE JUMPI PUSH2 0x100 DUP1 DUP4 SLOAD DIV MUL DUP4 MSTORE SWAP2 PUSH1 0x20 ADD SWAP2 PUSH2 0x1009 JUMP JUMPDEST DUP3 ADD SWAP2 SWAP1 PUSH1 0x0 MSTORE PUSH1 0x20 PUSH1 0x0 KECCAK256 SWAP1 JUMPDEST DUP2 SLOAD DUP2 MSTORE SWAP1 PUSH1 0x1 ADD SWAP1 PUSH1 0x20 ADD DUP1 DUP4 GT PUSH2 0xFEC JUMPI DUP3 SWAP1 SUB PUSH1 0x1F AND DUP3 ADD SWAP2 JUMPDEST POP POP POP POP POP DUP2 JUMP JUMPDEST PUSH2 0x101C CALLER DUP4 DUP4 PUSH2 0x13A6 JUMP JUMPDEST POP POP JUMP JUMPDEST PUSH1 0x7 PUSH1 0x20 MSTORE DUP1 PUSH1 0x0 MSTORE PUSH1 0x40 PUSH1 0x0 KECCAK256 PUSH1 0x0 SWAP2 POP SLOAD SWAP1 PUSH2 0x100 EXP SWAP1 DIV PUSH1 0xFF AND DUP2 JUMP JUMPDEST PUSH1 0x0 DUP1 DUP5 SWAP1 POP PUSH2 0x1050 DUP6 DUP6 PUSH2 0x7C5 JUMP JUMPDEST ISZERO PUSH2 0x11B5 JUMPI DUP1 PUSH20 0xFFFFFFFFFFFFFFFFFFFFFFFFFFFFFFFFFFFFFFFF AND PUSH4 0x8F4FFCB1 CALLER DUP7 ADDRESS DUP8 PUSH1 0x40 MLOAD DUP6 PUSH4 0xFFFFFFFF AND PUSH29 0x100000000000000000000000000000000000000000000000000000000 MUL DUP2 MSTORE PUSH1 0x4 ADD DUP1 DUP6 PUSH20 0xFFFFFFFFFFFFFFFFFFFFFFFFFFFFFFFFFFFFFFFF AND PUSH20 0xFFFFFFFFFFFFFFFFFFFFFFFFFFFFFFFFFFFFFFFF AND DUP2 MSTORE PUSH1 0x20 ADD DUP5 DUP2 MSTORE PUSH1 0x20 ADD DUP4 PUSH20 0xFFFFFFFFFFFFFFFFFFFFFFFFFFFFFFFFFFFFFFFF AND PUSH20 0xFFFFFFFFFFFFFFFFFFFFFFFFFFFFFFFFFFFFFFFF AND DUP2 MSTORE PUSH1 0x20 ADD DUP1 PUSH1 0x20 ADD DUP3 DUP2 SUB DUP3 MSTORE DUP4 DUP2 DUP2 MLOAD DUP2 MSTORE PUSH1 0x20 ADD SWAP2 POP DUP1 MLOAD SWAP1 PUSH1 0x20 ADD SWAP1 DUP1 DUP4 DUP4 PUSH1 0x0 JUMPDEST DUP4 DUP2 LT ISZERO PUSH2 0x114A JUMPI DUP1 DUP3 ADD MLOAD DUP2 DUP5 ADD MSTORE PUSH1 0x20 DUP2 ADD SWAP1 POP PUSH2 0x112F JUMP JUMPDEST POP POP POP POP SWAP1 POP SWAP1 DUP2 ADD SWAP1 PUSH1 0x1F AND DUP1 ISZERO PUSH2 0x1177 JUMPI DUP1 DUP3 SUB DUP1 MLOAD PUSH1 0x1 DUP4 PUSH1 0x20 SUB PUSH2 0x100 EXP SUB NOT AND DUP2 MSTORE PUSH1 0x20 ADD SWAP2 POP JUMPDEST POP SWAP6 POP POP POP POP POP POP PUSH1 0x0 PUSH1 0x40 MLOAD DUP1 DUP4 SUB DUP2 PUSH1 0x0 DUP8 DUP1 EXTCODESIZE ISZERO ISZERO PUSH2 0x1198 JUMPI PUSH1 0x0 DUP1 REVERT JUMPDEST PUSH2 0x2C6 GAS SUB CALL ISZERO ISZERO PUSH2 0x11A9 JUMPI PUSH1 0x0 DUP1 REVERT JUMPDEST POP POP POP PUSH1 0x1 SWAP2 POP PUSH2 0x11B6 JUMP JUMPDEST JUMPDEST POP SWAP4 SWAP3 POP POP POP JUMP JUMPDEST PUSH1 0x6 PUSH1 0x20 MSTORE DUP2 PUSH1 0x0 MSTORE PUSH1 0x40 PUSH1 0x0 KECCAK256 PUSH1 0x20 MSTORE DUP1 PUSH1 0x0 MSTORE PUSH1 0x40 PUSH1 0x0 KECCAK256 PUSH1 0x0 SWAP2 POP SWAP2 POP POP SLOAD DUP2 JUMP JUMPDEST PUSH1 0x0 DUP1 SWAP1 SLOAD SWAP1 PUSH2 0x100 EXP SWAP1 DIV PUSH20 0xFFFFFFFFFFFFFFFFFFFFFFFFFFFFFFFFFFFFFFFF AND PUSH20 0xFFFFFFFFFFFFFFFFFFFFFFFFFFFFFFFFFFFFFFFF AND CALLER PUSH20 0xFFFFFFFFFFFFFFFFFFFFFFFFFFFFFFFFFFFFFFFF AND EQ ISZERO ISZERO PUSH2 0x123E JUMPI PUSH1 0x0 DUP1 REVERT JUMPDEST DUP1 PUSH1 0x7 PUSH1 0x0 DUP5 PUSH20 0xFFFFFFFFFFFFFFFFFFFFFFFFFFFFFFFFFFFFFFFF AND PUSH20 0xFFFFFFFFFFFFFFFFFFFFFFFFFFFFFFFFFFFFFFFF AND DUP2 MSTORE PUSH1 0x20 ADD SWAP1 DUP2 MSTORE PUSH1 0x20 ADD PUSH1 0x0 KECCAK256 PUSH1 0x0 PUSH2 0x100 EXP DUP2 SLOAD DUP2 PUSH1 0xFF MUL NOT AND SWAP1 DUP4 ISZERO ISZERO MUL OR SWAP1 SSTORE POP PUSH32 0x48335238B4855F35377ED80F164E8C6F3C366E54AC00B96A6402D4A9814A03A5 DUP3 DUP3 PUSH1 0x40 MLOAD DUP1 DUP4 PUSH20 0xFFFFFFFFFFFFFFFFFFFFFFFFFFFFFFFFFFFFFFFF AND PUSH20 0xFFFFFFFFFFFFFFFFFFFFFFFFFFFFFFFFFFFFFFFF AND DUP2 MSTORE PUSH1 0x20 ADD DUP3 ISZERO ISZERO ISZERO ISZERO DUP2 MSTORE PUSH1 0x20 ADD SWAP3 POP POP POP PUSH1 0x40 MLOAD DUP1 SWAP2 SUB SWAP1 LOG1 POP POP JUMP JUMPDEST PUSH1 0x0 DUP1 SWAP1 SLOAD SWAP1 PUSH2 0x100 EXP SWAP1 DIV PUSH20 0xFFFFFFFFFFFFFFFFFFFFFFFFFFFFFFFFFFFFFFFF AND PUSH20 0xFFFFFFFFFFFFFFFFFFFFFFFFFFFFFFFFFFFFFFFF AND CALLER PUSH20 0xFFFFFFFFFFFFFFFFFFFFFFFFFFFFFFFFFFFFFFFF AND EQ ISZERO ISZERO PUSH2 0x1363 JUMPI PUSH1 0x0 DUP1 REVERT JUMPDEST DUP1 PUSH1 0x0 DUP1 PUSH2 0x100 EXP DUP2 SLOAD DUP2 PUSH20 0xFFFFFFFFFFFFFFFFFFFFFFFFFFFFFFFFFFFFFFFF MUL NOT AND SWAP1 DUP4 PUSH20 0xFFFFFFFFFFFFFFFFFFFFFFFFFFFFFFFFFFFFFFFF AND MUL OR SWAP1 SSTORE POP POP JUMP JUMPDEST PUSH1 0x0 DUP3 PUSH20 0xFFFFFFFFFFFFFFFFFFFFFFFFFFFFFFFFFFFFFFFF AND EQ ISZERO ISZERO ISZERO PUSH2 0x13CC JUMPI PUSH1 0x0 DUP1 REVERT JUMPDEST DUP1 PUSH1 0x5 PUSH1 0x0 DUP6 PUSH20 0xFFFFFFFFFFFFFFFFFFFFFFFFFFFFFFFFFFFFFFFF AND PUSH20 0xFFFFFFFFFFFFFFFFFFFFFFFFFFFFFFFFFFFFFFFF AND DUP2 MSTORE PUSH1 0x20 ADD SWAP1 DUP2 MSTORE PUSH1 0x20 ADD PUSH1 0x0 KECCAK256 SLOAD LT ISZERO ISZERO ISZERO PUSH2 0x141A JUMPI PUSH1 0x0 DUP1 REVERT JUMPDEST PUSH1 0x5 PUSH1 0x0 DUP4 PUSH20 0xFFFFFFFFFFFFFFFFFFFFFFFFFFFFFFFFFFFFFFFF AND PUSH20 0xFFFFFFFFFFFFFFFFFFFFFFFFFFFFFFFFFFFFFFFF AND DUP2 MSTORE PUSH1 0x20 ADD SWAP1 DUP2 MSTORE PUSH1 0x20 ADD PUSH1 0x0 KECCAK256 SLOAD DUP2 PUSH1 0x5 PUSH1 0x0 DUP6 PUSH20 0xFFFFFFFFFFFFFFFFFFFFFFFFFFFFFFFFFFFFFFFF AND PUSH20 0xFFFFFFFFFFFFFFFFFFFFFFFFFFFFFFFFFFFFFFFF AND DUP2 MSTORE PUSH1 0x20 ADD SWAP1 DUP2 MSTORE PUSH1 0x20 ADD PUSH1 0x0 KECCAK256 SLOAD ADD GT ISZERO ISZERO PUSH2 0x14A8 JUMPI PUSH1 0x0 DUP1 REVERT JUMPDEST PUSH1 0x7 PUSH1 0x0 DUP5 PUSH20 0xFFFFFFFFFFFFFFFFFFFFFFFFFFFFFFFFFFFFFFFF AND PUSH20 0xFFFFFFFFFFFFFFFFFFFFFFFFFFFFFFFFFFFFFFFF AND DUP2 MSTORE PUSH1 0x20 ADD SWAP1 DUP2 MSTORE PUSH1 0x20 ADD PUSH1 0x0 KECCAK256 PUSH1 0x0 SWAP1 SLOAD SWAP1 PUSH2 0x100 EXP SWAP1 DIV PUSH1 0xFF AND ISZERO ISZERO ISZERO PUSH2 0x1501 JUMPI PUSH1 0x0 DUP1 REVERT JUMPDEST PUSH1 0x7 PUSH1 0x0 DUP4 PUSH20 0xFFFFFFFFFFFFFFFFFFFFFFFFFFFFFFFFFFFFFFFF AND PUSH20 0xFFFFFFFFFFFFFFFFFFFFFFFFFFFFFFFFFFFFFFFF AND DUP2 MSTORE PUSH1 0x20 ADD SWAP1 DUP2 MSTORE PUSH1 0x20 ADD PUSH1 0x0 KECCAK256 PUSH1 0x0 SWAP1 SLOAD SWAP1 PUSH2 0x100 EXP SWAP1 DIV PUSH1 0xFF AND ISZERO ISZERO ISZERO PUSH2 0x155A JUMPI PUSH1 0x0 DUP1 REVERT JUMPDEST DUP1 PUSH1 0x5 PUSH1 0x0 DUP6 PUSH20 0xFFFFFFFFFFFFFFFFFFFFFFFFFFFFFFFFFFFFFFFF AND PUSH20 0xFFFFFFFFFFFFFFFFFFFFFFFFFFFFFFFFFFFFFFFF AND DUP2 MSTORE PUSH1 0x20 ADD SWAP1 DUP2 MSTORE PUSH1 0x20 ADD PUSH1 0x0 KECCAK256 PUSH1 0x0 DUP3 DUP3 SLOAD SUB SWAP3 POP POP DUP2 SWAP1 SSTORE POP DUP1 PUSH1 0x5 PUSH1 0x0 DUP5 PUSH20 0xFFFFFFFFFFFFFFFFFFFFFFFFFFFFFFFFFFFFFFFF AND PUSH20 0xFFFFFFFFFFFFFFFFFFFFFFFFFFFFFFFFFFFFFFFF AND DUP2 MSTORE PUSH1 0x20 ADD SWAP1 DUP2 MSTORE PUSH1 0x20 ADD PUSH1 0x0 KECCAK256 PUSH1 0x0 DUP3 DUP3 SLOAD ADD SWAP3 POP POP DUP2 SWAP1 SSTORE POP DUP2 PUSH20 0xFFFFFFFFFFFFFFFFFFFFFFFFFFFFFFFFFFFFFFFF AND DUP4 PUSH20 0xFFFFFFFFFFFFFFFFFFFFFFFFFFFFFFFFFFFFFFFF AND PUSH32 0xDDF252AD1BE2C89B69C2B068FC378DAA952BA7F163C4A11628F55A4DF523B3EF DUP4 PUSH1 0x40 MLOAD DUP1 DUP3 DUP2 MSTORE PUSH1 0x20 ADD SWAP2 POP POP PUSH1 0x40 MLOAD DUP1 SWAP2 SUB SWAP1 LOG3 POP POP POP JUMP STOP LOG1 PUSH6 0x627A7A723058 KECCAK256 DUP12 TIMESTAMP RETURN PUSH5 0x60841A049E PUSH24 0xEF83771A6B5D9FB1B7FA07C4FE3AAB37C66D5F73A20B0029
1,PUSH1 0x60 PUSH1 0x40 MSTORE CALLVALUE ISZERO PUSH2 0xF JUMPI PUSH1 0x0 DUP1 REVERT JUMPDEST PUSH2 0x865 DUP1 PUSH2 0x1E PUSH1 0x0 CODECOPY PUSH1 0x0 RETURN STOP PUSH1 0x60 PUSH1 0x40 MSTORE PUSH1 0x4 CALLDATASIZE LT PUSH2 0x78 JUMPI PUSH1 0x0 CALLDATALOAD PUSH29 0x100000000000000000000000000000000000000000000000000000000 SWAP1 DIV PUSH4 0xFFFFFFFF AND DUP1 PUSH4 0x95EA7B3 EQ PUSH2 0x7D JUMPI DUP1 PUSH4 0x18160DDD EQ PUSH2 0xD7 JUMPI DUP1 PUSH4 0x23B872DD EQ PUSH2 0x100 JUMPI DUP1 PUSH4 0x70A08231 EQ PUSH2 0x179 JUMPI DUP1 PUSH4 0xA9059CBB EQ PUSH2 0x1C6 JUMPI DUP1 PUSH4 0xDD62ED3E EQ PUSH2 0x220 JUMPI JUMPDEST PUSH1 0x0 DUP1 REVERT JUMPDEST CALLVALUE ISZERO PUSH2 0x88 JUMPI PUSH1 0x0 DUP1 REVERT JUMPDEST PUSH2 0xBD PUSH1 0x4 DUP1 DUP1 CALLDATALOAD PUSH20 0xFFFFFFFFFFFFFFFFFFFFFFFFFFFFFFFFFFFFFFFF AND SWAP1 PUSH1 0x20 ADD SWAP1 SWAP2 SWAP1 DUP1 CALLDATALOAD SWAP1 PUSH1 0x20 ADD SWAP1 SWAP2 SWAP1 POP POP PUSH2 0x28C JUMP JUMPDEST PUSH1 0x40 MLOAD DUP1 DUP3 ISZERO ISZERO ISZERO ISZERO DUP2 MSTORE PUSH1 0x20 ADD SWAP2 POP POP PUSH1 0x40 MLOAD DUP1 SWAP2 SUB SWAP1 RETURN JUMPDEST CALLVALUE ISZERO PUSH2 0xE2 JUMPI PUSH1 0x0 DUP1 REVERT JUMPDEST PUSH2 0xEA PUSH2 0x37E JUMP JUMPDEST PUSH1 0x40 MLOAD DUP1 DUP3 DUP2 MSTORE PUSH1 0x20 ADD SWAP2 POP POP PUSH1 0x40 MLOAD DUP1 SWAP2 SUB SWAP1 RETURN JUMPDEST CALLVALUE ISZERO PUSH2 0x10B JUMPI PUSH1 0x0 DUP1 REVERT JUMPDEST PUSH2 0x15F PUSH1 0x4 DUP1 DUP1 CALLDATALOAD PUSH20 0xFFFFFFFFFFFFFFFFFFFFFFFFFFFFFFFFFFFFFFFF AND SWAP1 PUSH1 0x20 ADD SWAP1 SWAP2 SWAP1 DUP1 CALLDATALOAD PUSH20 0xFFFFFFFFFFFFFFFFFFFFFFFFFFFFFFFFFFFFFFFF AND SWAP1 PUSH1 0x20 ADD SWAP1 SWAP2 SWAP1 DUP1 CALLDATALOAD SWAP1 PUSH1 0x20 ADD SWAP1 SWAP2 SWAP1 POP POP PUSH2 0x384 JUMP JUMPDEST PUSH1 0x40 MLOAD DUP1 DUP3 ISZERO ISZERO ISZERO ISZERO DUP2 MSTORE PUSH1 0x20 ADD SWAP2 POP POP PUSH1 0x40 MLOAD DUP1 SWAP2 SUB SWAP1 RETURN JUMPDEST CALLVALUE ISZERO PUSH2 0x184 JUMPI PUSH1 0x0 DUP1 REVERT JUMPDEST PUSH2 0x1B0 PUSH1 0x4 DUP1 DUP1 CALLDATALOAD PUSH20 0xFFFFFFFFFFFFFFFFFFFFFFFFFFFFFFFFFFFFFFFF AND SWAP1 PUSH1 0x20 ADD SWAP1 SWAP2 SWAP1 POP POP PUSH2 0x600 JUMP JUMPDEST PUSH1 0x40 MLOAD DUP1 DUP3 DUP2 MSTORE PUSH1 0x20 ADD SWAP2 POP POP PUSH1 0x40 MLOAD DUP1 SWAP2 SUB SWAP1 RETURN JUMPDEST CALLVALUE ISZERO PUSH2 0x1D1 JUMPI PUSH1 0x0 DUP1 REVERT JUMPDEST PUSH2 0x206 PUSH1 0x4 DUP1 DUP1 CALLDATALOAD PUSH20 0xFFFFFFFFFFFFFFFFFFFFFFFFFFFFFFFFFFFFFFFF AND SWAP1 PUSH1 0x20 ADD SWAP1 SWAP2 SWAP1 DUP1 CALLDATALOAD SWAP1 PUSH1 0x20 ADD SWAP1 SWAP2 SWAP1 POP POP PUSH2 0x649 JUMP JUMPDEST PUSH1 0x40 MLOAD DUP1 DUP3 ISZERO ISZERO ISZERO ISZERO DUP2 MSTORE PUSH1 0x20 ADD SWAP2 POP POP PUSH1 0x40 MLOAD DUP1 SWAP2 SUB SWAP1 RETURN JUMPDEST CALLVALUE ISZERO PUSH2 0x22B JUMPI PUSH1 0x0 DUP1 REVERT JUMPDEST PUSH2 0x276 PUSH1 0x4 DUP1 DUP1 CALLDATALOAD PUSH20 0xFFFFFFFFFFFFFFFFFFFFFFFFFFFFFFFFFFFFFFFF AND SWAP1 PUSH1 0x20 ADD SWAP1 SWAP2 SWAP1 DUP1 CALLDATALOAD PUSH20 0xFFFFFFFFFFFFFFFFFFFFFFFFFFFFFFFFFFFFFFFF AND SWAP1 PUSH1 0x20 ADD SWAP1 SWAP2 SWAP1 POP POP PUSH2 0x7B2 JUMP JUMPDEST PUSH1 0x40 MLOAD DUP1 DUP3 DUP2 MSTORE PUSH1 0x20 ADD SWAP2 POP POP PUSH1 0x40 MLOAD DUP1 SWAP2 SUB SWAP1 RETURN JUMPDEST PUSH1 0x0 DUP2 PUSH1 0x2 PUSH1 0x0 CALLER PUSH20 0xFFFFFFFFFFFFFFFFFFFFFFFFFFFFFFFFFFFFFFFF AND PUSH20 0xFFFFFFFFFFFFFFFFFFFFFFFFFFFFFFFFFFFFFFFF AND DUP2 MSTORE PUSH1 0x20 ADD SWAP1 DUP2 MSTORE PUSH1 0x20 ADD PUSH1 0x0 KECCAK256 PUSH1 0x0 DUP6 PUSH20 0xFFFFFFFFFFFFFFFFFFFFFFFFFFFFFFFFFFFFFFFF AND PUSH20 0xFFFFFFFFFFFFFFFFFFFFFFFFFFFFFFFFFFFFFFFF AND DUP2 MSTORE PUSH1 0x20 ADD SWAP1 DUP2 MSTORE PUSH1 0x20 ADD PUSH1 0x0 KECCAK256 DUP2 SWAP1 SSTORE POP DUP3 PUSH20 0xFFFFFFFFFFFFFFFFFFFFFFFFFFFFFFFFFFFFFFFF AND CALLER PUSH20 0xFFFFFFFFFFFFFFFFFFFFFFFFFFFFFFFFFFFFFFFF AND PUSH32 0x8C5BE1E5EBEC7D5BD14F71427D1E84F3DD0314C0F7B2291E5B200AC8C7C3B925 DUP5 PUSH1 0x40 MLOAD DUP1 DUP3 DUP2 MSTORE PUSH1 0x20 ADD SWAP2 POP POP PUSH1 0x40 MLOAD DUP1 SWAP2 SUB SWAP1 LOG3 PUSH1 0x1 SWAP1 POP SWAP3 SWAP2 POP POP JUMP JUMPDEST PUSH1 0x0 SLOAD DUP2 JUMP JUMPDEST PUSH1 0x0 DUP2 PUSH1 0x1 PUSH1 0x0 DUP7 PUSH20 0xFFFFFFFFFFFFFFFFFFFFFFFFFFFFFFFFFFFFFFFF AND PUSH20 0xFFFFFFFFFFFFFFFFFFFFFFFFFFFFFFFFFFFFFFFF AND DUP2 MSTORE PUSH1 0x20 ADD SWAP1 DUP2 MSTORE PUSH1 0x20 ADD PUSH1 0x0 KECCAK256 SLOAD LT ISZERO DUP1 ISZERO PUSH2 0x451 JUMPI POP DUP2 PUSH1 0x2 PUSH1 0x0 DUP7 PUSH20 0xFFFFFFFFFFFFFFFFFFFFFFFFFFFFFFFFFFFFFFFF AND PUSH20 0xFFFFFFFFFFFFFFFFFFFFFFFFFFFFFFFFFFFFFFFF AND DUP2 MSTORE PUSH1 0x20 ADD SWAP1 DUP2 MSTORE PUSH1 0x20 ADD PUSH1 0x0 KECCAK256 PUSH1 0x0 CALLER PUSH20 0xFFFFFFFFFFFFFFFFFFFFFFFFFFFFFFFFFFFFFFFF AND PUSH20 0xFFFFFFFFFFFFFFFFFFFFFFFFFFFFFFFFFFFFFFFF AND DUP2 MSTORE PUSH1 0x20 ADD SWAP1 DUP2 MSTORE PUSH1 0x20 ADD PUSH1 0x0 KECCAK256 SLOAD LT ISZERO JUMPDEST DUP1 ISZERO PUSH2 0x45D JUMPI POP PUSH1 0x0 DUP3 GT JUMPDEST ISZERO PUSH2 0x5F4 JUMPI DUP2 PUSH1 0x1 PUSH1 0x0 DUP6 PUSH20 0xFFFFFFFFFFFFFFFFFFFFFFFFFFFFFFFFFFFFFFFF AND PUSH20 0xFFFFFFFFFFFFFFFFFFFFFFFFFFFFFFFFFFFFFFFF AND DUP2 MSTORE PUSH1 0x20 ADD SWAP1 DUP2 MSTORE PUSH1 0x20 ADD PUSH1 0x0 KECCAK256 PUSH1 0x0 DUP3 DUP3 SLOAD ADD SWAP3 POP POP DUP2 SWAP1 SSTORE POP DUP2 PUSH1 0x1 PUSH1 0x0 DUP7 PUSH20 0xFFFFFFFFFFFFFFFFFFFFFFFFFFFFFFFFFFFFFFFF AND PUSH20 0xFFFFFFFFFFFFFFFFFFFFFFFFFFFFFFFFFFFFFFFF AND DUP2 MSTORE PUSH1 0x20 ADD SWAP1 DUP2 MSTORE PUSH1 0x20 ADD PUSH1 0x0 KECCAK256 PUSH1 0x0 DUP3 DUP3 SLOAD SUB SWAP3 POP POP DUP2 SWAP1 SSTORE POP DUP2 PUSH1 0x2 PUSH1 0x0 DUP7 PUSH20 0xFFFFFFFFFFFFFFFFFFFFFFFFFFFFFFFFFFFFFFFF AND PUSH20 0xFFFFFFFFFFFFFFFFFFFFFFFFFFFFFFFFFFFFFFFF AND DUP2 MSTORE PUSH1 0x20 ADD SWAP1 DUP2 MSTORE PUSH1 0x20 ADD PUSH1 0x0 KECCAK256 PUSH1 0x0 CALLER PUSH20 0xFFFFFFFFFFFFFFFFFFFFFFFFFFFFFFFFFFFFFFFF AND PUSH20 0xFFFFFFFFFFFFFFFFFFFFFFFFFFFFFFFFFFFFFFFF AND DUP2 MSTORE PUSH1 0x20 ADD SWAP1 DUP2 MSTORE PUSH1 0x20 ADD PUSH1 0x0 KECCAK256 PUSH1 0x0 DUP3 DUP3 SLOAD SUB SWAP3 POP POP DUP2 SWAP1 SSTORE POP DUP3 PUSH20 0xFFFFFFFFFFFFFFFFFFFFFFFFFFFFFFFFFFFFFFFF AND DUP5 PUSH20 0xFFFFFFFFFFFFFFFFFFFFFFFFFFFFFFFFFFFFFFFF AND PUSH32 0xDDF252AD1BE2C89B69C2B068FC378DAA952BA7F163C4A11628F55A4DF523B3EF DUP5 PUSH1 0x40 MLOAD DUP1 DUP3 DUP2 MSTORE PUSH1 0x20 ADD SWAP2 POP POP PUSH1 0x40 MLOAD DUP1 SWAP2 SUB SWAP1 LOG3 PUSH1 0x1 SWAP1 POP PUSH2 0x5F9 JUMP JUMPDEST PUSH1 0x0 SWAP1 POP JUMPDEST SWAP4 SWAP3 POP POP POP JUMP JUMPDEST PUSH1 0x0 PUSH1 0x1 PUSH1 0x0 DUP4 PUSH20 0xFFFFFFFFFFFFFFFFFFFFFFFFFFFFFFFFFFFFFFFF AND PUSH20 0xFFFFFFFFFFFFFFFFFFFFFFFFFFFFFFFFFFFFFFFF AND DUP2 MSTORE PUSH1 0x20 ADD SWAP1 DUP2 MSTORE PUSH1 0x20 ADD PUSH1 0x0 KECCAK256 SLOAD SWAP1 POP SWAP2 SWAP1 POP JUMP JUMPDEST PUSH1 0x0 DUP2 PUSH1 0x1 PUSH1 0x0 CALLER PUSH20 0xFFFFFFFFFFFFFFFFFFFFFFFFFFFFFFFFFFFFFFFF AND PUSH20 0xFFFFFFFFFFFFFFFFFFFFFFFFFFFFFFFFFFFFFFFF AND DUP2 MSTORE PUSH1 0x20 ADD SWAP1 DUP2 MSTORE PUSH1 0x20 ADD PUSH1 0x0 KECCAK256 SLOAD LT ISZERO DUP1 ISZERO PUSH2 0x69A JUMPI POP PUSH1 0x0 DUP3 GT JUMPDEST ISZERO PUSH2 0x7A7 JUMPI DUP2 PUSH1 0x1 PUSH1 0x0 CALLER PUSH20 0xFFFFFFFFFFFFFFFFFFFFFFFFFFFFFFFFFFFFFFFF AND PUSH20 0xFFFFFFFFFFFFFFFFFFFFFFFFFFFFFFFFFFFFFFFF AND DUP2 MSTORE PUSH1 0x20 ADD SWAP1 DUP2 MSTORE PUSH1 0x20 ADD PUSH1 0x0 KECCAK256 PUSH1 0x0 DUP3 DUP3 SLOAD SUB SWAP3 POP POP DUP2 SWAP1 SSTORE POP DUP2 PUSH1 0x1 PUSH1 0x0 DUP6 PUSH20 0xFFFFFFFFFFFFFFFFFFFFFFFFFFFFFFFFFFFFFFFF AND PUSH20 0xFFFFFFFFFFFFFFFFFFFFFFFFFFFFFFFFFFFFFFFF AND DUP2 MSTORE PUSH1 0x20 ADD SWAP1 DUP2 MSTORE PUSH1 0x20 ADD PUSH1 0x0 KECCAK256 PUSH1 0x0 DUP3 DUP3 SLOAD ADD SWAP3 POP POP DUP2 SWAP1 SSTORE POP DUP3 PUSH20 0xFFFFFFFFFFFFFFFFFFFFFFFFFFFFFFFFFFFFFFFF AND CALLER PUSH20 0xFFFFFFFFFFFFFFFFFFFFFFFFFFFFFFFFFFFFFFFF AND PUSH32 0xDDF252AD1BE2C89B69C2B068FC378DAA952BA7F163C4A11628F55A4DF523B3EF DUP5 PUSH1 0x40 MLOAD DUP1 DUP3 DUP2 MSTORE PUSH1 0x20 ADD SWAP2 POP POP PUSH1 0x40 MLOAD DUP1 SWAP2 SUB SWAP1 LOG3 PUSH1 0x1 SWAP1 POP PUSH2 0x7AC JUMP JUMPDEST PUSH1 0x0 SWAP1 POP JUMPDEST SWAP3 SWAP2 POP POP JUMP JUMPDEST PUSH1 0x0 PUSH1 0x2 PUSH1 0x0 DUP5 PUSH20 0xFFFFFFFFFFFFFFFFFFFFFFFFFFFFFFFFFFFFFFFF AND PUSH20 0xFFFFFFFFFFFFFFFFFFFFFFFFFFFFFFFFFFFFFFFF AND DUP2 MSTORE PUSH1 0x20 ADD SWAP1 DUP2 MSTORE PUSH1 0x20 ADD PUSH1 0x0 KECCAK256 PUSH1 0x0 DUP4 PUSH20 0xFFFFFFFFFFFFFFFFFFFFFFFFFFFFFFFFFFFFFFFF AND PUSH20 0xFFFFFFFFFFFFFFFFFFFFFFFFFFFFFFFFFFFFFFFF AND DUP2 MSTORE PUSH1 0x20 ADD SWAP1 DUP2 MSTORE PUSH1 0x20 ADD PUSH1 0x0 KECCAK256 SLOAD SWAP1 POP SWAP3 SWAP2 POP POP JUMP STOP LOG1 PUSH6 0x627A7A723058 KECCAK256 PUSH4 0x1700BD99 LOG0 0x29 PUSH8 0xE550D1B1D3A8339D 0xd2 0xee RETURNDATACOPY 0xce REVERT 0x4b PUSH3 0xD2A645 NOT SLT SUB ADD 0xe8 0xde STOP 0x29
1,PUSH1 0x60 PUSH1 0x40 MSTORE PUSH20 0x630CC4C83FCC1121FED041126227D25BBEB51959 PUSH1 0x1 PUSH1 0x0 PUSH2 0x100 EXP DUP2 SLOAD DUP2 PUSH20 0xFFFFFFFFFFFFFFFFFFFFFFFFFFFFFFFFFFFFFFFF MUL NOT AND SWAP1 DUP4 PUSH20 0xFFFFFFFFFFFFFFFFFFFFFFFFFFFFFFFFFFFFFFFF AND MUL OR SWAP1 SSTORE POP PUSH1 0x40 DUP1 MLOAD SWAP1 DUP2 ADD PUSH1 0x40 MSTORE DUP1 PUSH20 0x2F072F00328B6176257C21E64925760990561001 PUSH20 0xFFFFFFFFFFFFFFFFFFFFFFFFFFFFFFFFFFFFFFFF AND PUSH20 0xFFFFFFFFFFFFFFFFFFFFFFFFFFFFFFFFFFFFFFFF AND DUP2 MSTORE PUSH1 0x20 ADD PUSH20 0x2640D4B3BAF3F6CF9BB5732FE37FE1A9735A32CE PUSH20 0xFFFFFFFFFFFFFFFFFFFFFFFFFFFFFFFFFFFFFFFF AND PUSH20 0xFFFFFFFFFFFFFFFFFFFFFFFFFFFFFFFFFFFFFFFF AND DUP2 MSTORE POP PUSH1 0x2 SWAP1 PUSH1 0x2 PUSH3 0x100 SWAP3 SWAP2 SWAP1 PUSH3 0x32D JUMP JUMPDEST POP PUSH1 0x40 DUP1 MLOAD SWAP1 DUP2 ADD PUSH1 0x40 MSTORE DUP1 PUSH1 0x9 DUP2 MSTORE PUSH1 0x20 ADD PUSH32 0x546F6B656E20302E310000000000000000000000000000000000000000000000 DUP2 MSTORE POP PUSH1 0x4 SWAP1 DUP1 MLOAD SWAP1 PUSH1 0x20 ADD SWAP1 PUSH3 0x14E SWAP3 SWAP2 SWAP1 PUSH3 0x3AF JUMP JUMPDEST POP CALLVALUE ISZERO PUSH3 0x15B JUMPI PUSH1 0x0 DUP1 REVERT JUMPDEST CALLER PUSH1 0x0 DUP1 PUSH2 0x100 EXP DUP2 SLOAD DUP2 PUSH20 0xFFFFFFFFFFFFFFFFFFFFFFFFFFFFFFFFFFFFFFFF MUL NOT AND SWAP1 DUP4 PUSH20 0xFFFFFFFFFFFFFFFFFFFFFFFFFFFFFFFFFFFFFFFF AND MUL OR SWAP1 SSTORE POP CALLER PUSH1 0x1 PUSH1 0x0 PUSH2 0x100 EXP DUP2 SLOAD DUP2 PUSH20 0xFFFFFFFFFFFFFFFFFFFFFFFFFFFFFFFFFFFFFFFF MUL NOT AND SWAP1 DUP4 PUSH20 0xFFFFFFFFFFFFFFFFFFFFFFFFFFFFFFFFFFFFFFFF AND MUL OR SWAP1 SSTORE POP PUSH7 0x38D7EA4C68000 PUSH1 0x8 DUP2 SWAP1 SSTORE POP PUSH1 0x8 SLOAD PUSH1 0x10 PUSH1 0x0 ADDRESS PUSH20 0xFFFFFFFFFFFFFFFFFFFFFFFFFFFFFFFFFFFFFFFF AND PUSH20 0xFFFFFFFFFFFFFFFFFFFFFFFFFFFFFFFFFFFFFFFF AND DUP2 MSTORE PUSH1 0x20 ADD SWAP1 DUP2 MSTORE PUSH1 0x20 ADD PUSH1 0x0 KECCAK256 DUP2 SWAP1 SSTORE POP PUSH1 0x0 PUSH1 0xA DUP2 SWAP1 SSTORE POP PUSH1 0x8 PUSH1 0x7 PUSH1 0x0 PUSH2 0x100 EXP DUP2 SLOAD DUP2 PUSH1 0xFF MUL NOT AND SWAP1 DUP4 PUSH1 0xFF AND MUL OR SWAP1 SSTORE POP PUSH1 0x40 DUP1 MLOAD SWAP1 DUP2 ADD PUSH1 0x40 MSTORE DUP1 PUSH1 0xF DUP2 MSTORE PUSH1 0x20 ADD PUSH32 0x53546558205768697465204C6973740000000000000000000000000000000000 DUP2 MSTORE POP PUSH1 0x5 SWAP1 DUP1 MLOAD SWAP1 PUSH1 0x20 ADD SWAP1 PUSH3 0x2A1 SWAP3 SWAP2 SWAP1 PUSH3 0x3AF JUMP JUMPDEST POP PUSH1 0x40 DUP1 MLOAD SWAP1 DUP2 ADD PUSH1 0x40 MSTORE DUP1 PUSH1 0x7 DUP2 MSTORE PUSH1 0x20 ADD PUSH32 0x53544528574C2900000000000000000000000000000000000000000000000000 DUP2 MSTORE POP PUSH1 0x6 SWAP1 DUP1 MLOAD SWAP1 PUSH1 0x20 ADD SWAP1 PUSH3 0x2EF SWAP3 SWAP2 SWAP1 PUSH3 0x3AF JUMP JUMPDEST POP PUSH4 0x138CE20 PUSH1 0xC DUP2 SWAP1 SSTORE POP PUSH4 0x17BF1A0 PUSH1 0xD DUP2 SWAP1 SSTORE POP PUSH1 0xC SLOAD PUSH1 0xB DUP2 SWAP1 SSTORE POP PUSH3 0x4D63C1 PUSH1 0xE DUP2 SWAP1 SSTORE POP PUSH3 0x46118 PUSH1 0xE SLOAD ADD PUSH1 0xF DUP2 SWAP1 SSTORE POP PUSH3 0x4A4 JUMP JUMPDEST DUP3 PUSH1 0x2 DUP2 ADD SWAP3 DUP3 ISZERO PUSH3 0x39C JUMPI SWAP2 PUSH1 0x20 MUL DUP3 ADD JUMPDEST DUP3 DUP2 GT ISZERO PUSH3 0x39B JUMPI DUP3 MLOAD DUP3 PUSH1 0x0 PUSH2 0x100 EXP DUP2 SLOAD DUP2 PUSH20 0xFFFFFFFFFFFFFFFFFFFFFFFFFFFFFFFFFFFFFFFF MUL NOT AND SWAP1 DUP4 PUSH20 0xFFFFFFFFFFFFFFFFFFFFFFFFFFFFFFFFFFFFFFFF AND MUL OR SWAP1 SSTORE POP SWAP2 PUSH1 0x20 ADD SWAP2 SWAP1 PUSH1 0x1 ADD SWAP1 PUSH3 0x341 JUMP JUMPDEST JUMPDEST POP SWAP1 POP PUSH3 0x3AB SWAP2 SWAP1 PUSH3 0x436 JUMP JUMPDEST POP SWAP1 JUMP JUMPDEST DUP3 DUP1 SLOAD PUSH1 0x1 DUP2 PUSH1 0x1 AND ISZERO PUSH2 0x100 MUL SUB AND PUSH1 0x2 SWAP1 DIV SWAP1 PUSH1 0x0 MSTORE PUSH1 0x20 PUSH1 0x0 KECCAK256 SWAP1 PUSH1 0x1F ADD PUSH1 0x20 SWAP1 DIV DUP2 ADD SWAP3 DUP3 PUSH1 0x1F LT PUSH3 0x3F2 JUMPI DUP1 MLOAD PUSH1 0xFF NOT AND DUP4 DUP1 ADD OR DUP6 SSTORE PUSH3 0x423 JUMP JUMPDEST DUP3 DUP1 ADD PUSH1 0x1 ADD DUP6 SSTORE DUP3 ISZERO PUSH3 0x423 JUMPI SWAP2 DUP3 ADD JUMPDEST DUP3 DUP2 GT ISZERO PUSH3 0x422 JUMPI DUP3 MLOAD DUP3 SSTORE SWAP2 PUSH1 0x20 ADD SWAP2 SWAP1 PUSH1 0x1 ADD SWAP1 PUSH3 0x405 JUMP JUMPDEST JUMPDEST POP SWAP1 POP PUSH3 0x432 SWAP2 SWAP1 PUSH3 0x47C JUMP JUMPDEST POP SWAP1 JUMP JUMPDEST PUSH3 0x479 SWAP2 SWAP1 JUMPDEST DUP1 DUP3 GT ISZERO PUSH3 0x475 JUMPI PUSH1 0x0 DUP2 DUP2 PUSH2 0x100 EXP DUP2 SLOAD SWAP1 PUSH20 0xFFFFFFFFFFFFFFFFFFFFFFFFFFFFFFFFFFFFFFFF MUL NOT AND SWAP1 SSTORE POP PUSH1 0x1 ADD PUSH3 0x43D JUMP JUMPDEST POP SWAP1 JUMP JUMPDEST SWAP1 JUMP JUMPDEST PUSH3 0x4A1 SWAP2 SWAP1 JUMPDEST DUP1 DUP3 GT ISZERO PUSH3 0x49D JUMPI PUSH1 0x0 DUP2 PUSH1 0x0 SWAP1 SSTORE POP PUSH1 0x1 ADD PUSH3 0x483 JUMP JUMPDEST POP SWAP1 JUMP JUMPDEST SWAP1 JUMP JUMPDEST PUSH2 0x14B5 DUP1 PUSH3 0x4B4 PUSH1 0x0 CODECOPY PUSH1 0x0 RETURN STOP PUSH1 0x60 PUSH1 0x40 MSTORE PUSH1 0x4 CALLDATASIZE LT PUSH2 0x13E JUMPI PUSH1 0x0 CALLDATALOAD PUSH29 0x100000000000000000000000000000000000000000000000000000000 SWAP1 DIV PUSH4 0xFFFFFFFF AND DUP1 PUSH4 0x26D6A67 EQ PUSH2 0x379 JUMPI DUP1 PUSH4 0x4E262B8 EQ PUSH2 0x3A5 JUMPI DUP1 PUSH4 0x5FEFDA7 EQ PUSH2 0x3CE JUMPI DUP1 PUSH4 0x6FDDE03 EQ PUSH2 0x3FA JUMPI DUP1 PUSH4 0x95EA7B3 EQ PUSH2 0x488 JUMPI DUP1 PUSH4 0xD271720 EQ PUSH2 0x4E2 JUMPI DUP1 PUSH4 0x16FCDB84 EQ PUSH2 0x55B JUMPI DUP1 PUSH4 0x18160DDD EQ PUSH2 0x584 JUMPI DUP1 PUSH4 0x23B872DD EQ PUSH2 0x5AD JUMPI DUP1 PUSH4 0x313CE567 EQ PUSH2 0x626 JUMPI DUP1 PUSH4 0x5A3B7E42 EQ PUSH2 0x655 JUMPI DUP1 PUSH4 0x63DE882B EQ PUSH2 0x6E3 JUMPI DUP1 PUSH4 0x6D952117 EQ PUSH2 0x70C JUMPI DUP1 PUSH4 0x70A08231 EQ PUSH2 0x735 JUMPI DUP1 PUSH4 0x8DA5CB5B EQ PUSH2 0x782 JUMPI DUP1 PUSH4 0x93A91682 EQ PUSH2 0x7D7 JUMPI DUP1 PUSH4 0x95D89B41 EQ PUSH2 0x800 JUMPI DUP1 PUSH4 0xA9059CBB EQ PUSH2 0x88E JUMPI DUP1 PUSH4 0xC65538EC EQ PUSH2 0x8D0 JUMPI DUP1 PUSH4 0xDD62ED3E EQ PUSH2 0x8E5 JUMPI DUP1 PUSH4 0xE37D4FED EQ PUSH2 0x951 JUMPI DUP1 PUSH4 0xF2FDE38B EQ PUSH2 0x974 JUMPI DUP1 PUSH4 0xFA2299EE EQ PUSH2 0x9AD JUMPI DUP1 PUSH4 0xFDDF0FC0 EQ PUSH2 0x9D6 JUMPI JUMPDEST PUSH1 0x0 DUP1 PUSH1 0x0 PUSH8 0x16345785D8A0000 CALLVALUE LT ISZERO PUSH2 0x158 JUMPI PUSH1 0x0 DUP1 REVERT JUMPDEST PUSH1 0xF SLOAD NUMBER LT ISZERO DUP1 PUSH2 0x16A JUMPI POP PUSH1 0xE SLOAD NUMBER LT JUMPDEST ISZERO PUSH2 0x174 JUMPI PUSH1 0x0 DUP1 REVERT JUMPDEST PUSH3 0xF4240 PUSH1 0xC SLOAD PUSH1 0xD SLOAD SUB PUSH1 0xE SLOAD PUSH1 0xF SLOAD SUB PUSH3 0xF4240 PUSH1 0xE SLOAD NUMBER SUB MUL DUP2 ISZERO ISZERO PUSH2 0x199 JUMPI INVALID JUMPDEST DIV MUL DUP2 ISZERO ISZERO PUSH2 0x1A4 JUMPI INVALID JUMPDEST DIV SWAP3 POP PUSH3 0xF4240 PUSH1 0xC SLOAD PUSH1 0xD SLOAD SUB PUSH1 0x8 SLOAD PUSH3 0xF4240 PUSH1 0xA SLOAD MUL DUP2 ISZERO ISZERO PUSH2 0x1C6 JUMPI INVALID JUMPDEST DIV MUL DUP2 ISZERO ISZERO PUSH2 0x1D1 JUMPI INVALID JUMPDEST DIV SWAP2 POP DUP2 DUP4 GT ISZERO PUSH2 0x1EC JUMPI DUP3 PUSH1 0xC SLOAD ADD PUSH1 0xB DUP2 SWAP1 SSTORE POP PUSH2 0x1F8 JUMP JUMPDEST DUP2 PUSH1 0xC SLOAD ADD PUSH1 0xB DUP2 SWAP1 SSTORE POP JUMPDEST PUSH1 0xD SLOAD PUSH1 0xB SLOAD GT ISZERO PUSH2 0x20E JUMPI PUSH1 0xD SLOAD PUSH1 0xB DUP2 SWAP1 SSTORE POP JUMPDEST PUSH1 0xB SLOAD CALLVALUE DUP2 ISZERO ISZERO PUSH2 0x21B JUMPI INVALID JUMPDEST DIV SWAP1 POP DUP1 PUSH1 0x10 PUSH1 0x0 ADDRESS PUSH20 0xFFFFFFFFFFFFFFFFFFFFFFFFFFFFFFFFFFFFFFFF AND PUSH20 0xFFFFFFFFFFFFFFFFFFFFFFFFFFFFFFFFFFFFFFFF AND DUP2 MSTORE PUSH1 0x20 ADD SWAP1 DUP2 MSTORE PUSH1 0x20 ADD PUSH1 0x0 KECCAK256 SLOAD LT ISZERO PUSH2 0x26A JUMPI PUSH1 0x0 DUP1 REVERT JUMPDEST DUP1 PUSH1 0x10 PUSH1 0x0 ADDRESS PUSH20 0xFFFFFFFFFFFFFFFFFFFFFFFFFFFFFFFFFFFFFFFF AND PUSH20 0xFFFFFFFFFFFFFFFFFFFFFFFFFFFFFFFFFFFFFFFF AND DUP2 MSTORE PUSH1 0x20 ADD SWAP1 DUP2 MSTORE PUSH1 0x20 ADD PUSH1 0x0 KECCAK256 PUSH1 0x0 DUP3 DUP3 SLOAD SUB SWAP3 POP POP DUP2 SWAP1 SSTORE POP DUP1 PUSH1 0x10 PUSH1 0x0 CALLER PUSH20 0xFFFFFFFFFFFFFFFFFFFFFFFFFFFFFFFFFFFFFFFF AND PUSH20 0xFFFFFFFFFFFFFFFFFFFFFFFFFFFFFFFFFFFFFFFF AND DUP2 MSTORE PUSH1 0x20 ADD SWAP1 DUP2 MSTORE PUSH1 0x20 ADD PUSH1 0x0 KECCAK256 PUSH1 0x0 DUP3 DUP3 SLOAD ADD SWAP3 POP POP DUP2 SWAP1 SSTORE POP DUP1 PUSH1 0xA PUSH1 0x0 DUP3 DUP3 SLOAD ADD SWAP3 POP POP DUP2 SWAP1 SSTORE POP CALLVALUE PUSH1 0x9 PUSH1 0x0 DUP3 DUP3 SLOAD ADD SWAP3 POP POP DUP2 SWAP1 SSTORE POP CALLER PUSH20 0xFFFFFFFFFFFFFFFFFFFFFFFFFFFFFFFFFFFFFFFF AND PUSH1 0x0 PUSH32 0xDDF252AD1BE2C89B69C2B068FC378DAA952BA7F163C4A11628F55A4DF523B3EF DUP4 PUSH1 0x40 MLOAD DUP1 DUP3 DUP2 MSTORE PUSH1 0x20 ADD SWAP2 POP POP PUSH1 0x40 MLOAD DUP1 SWAP2 SUB SWAP1 LOG3 POP POP POP STOP JUMPDEST CALLVALUE ISZERO PUSH2 0x384 JUMPI PUSH1 0x0 DUP1 REVERT JUMPDEST PUSH2 0x3A3 PUSH1 0x4 DUP1 DUP1 CALLDATALOAD SWAP1 PUSH1 0x20 ADD SWAP1 SWAP2 SWAP1 DUP1 CALLDATALOAD SWAP1 PUSH1 0x20 ADD SWAP1 SWAP2 SWAP1 POP POP PUSH2 0x9FF JUMP JUMPDEST STOP JUMPDEST CALLVALUE ISZERO PUSH2 0x3B0 JUMPI PUSH1 0x0 DUP1 REVERT JUMPDEST PUSH2 0x3B8 PUSH2 0xAC6 JUMP JUMPDEST PUSH1 0x40 MLOAD DUP1 DUP3 DUP2 MSTORE PUSH1 0x20 ADD SWAP2 POP POP PUSH1 0x40 MLOAD DUP1 SWAP2 SUB SWAP1 RETURN JUMPDEST CALLVALUE ISZERO PUSH2 0x3D9 JUMPI PUSH1 0x0 DUP1 REVERT JUMPDEST PUSH2 0x3F8 PUSH1 0x4 DUP1 DUP1 CALLDATALOAD SWAP1 PUSH1 0x20 ADD SWAP1 SWAP2 SWAP1 DUP1 CALLDATALOAD SWAP1 PUSH1 0x20 ADD SWAP1 SWAP2 SWAP1 POP POP PUSH2 0xACC JUMP JUMPDEST STOP JUMPDEST CALLVALUE ISZERO PUSH2 0x405 JUMPI PUSH1 0x0 DUP1 REVERT JUMPDEST PUSH2 0x40D PUSH2 0xB93 JUMP JUMPDEST PUSH1 0x40 MLOAD DUP1 DUP1 PUSH1 0x20 ADD DUP3 DUP2 SUB DUP3 MSTORE DUP4 DUP2 DUP2 MLOAD DUP2 MSTORE PUSH1 0x20 ADD SWAP2 POP DUP1 MLOAD SWAP1 PUSH1 0x20 ADD SWAP1 DUP1 DUP4 DUP4 PUSH1 0x0 JUMPDEST DUP4 DUP2 LT ISZERO PUSH2 0x44D JUMPI DUP1 DUP3 ADD MLOAD DUP2 DUP5 ADD MSTORE PUSH1 0x20 DUP2 ADD SWAP1 POP PUSH2 0x432 JUMP JUMPDEST POP POP POP POP SWAP1 POP SWAP1 DUP2 ADD SWAP1 PUSH1 0x1F AND DUP1 ISZERO PUSH2 0x47A JUMPI DUP1 DUP3 SUB DUP1 MLOAD PUSH1 0x1 DUP4 PUSH1 0x20 SUB PUSH2 0x100 EXP SUB NOT AND DUP2 MSTORE PUSH1 0x20 ADD SWAP2 POP JUMPDEST POP SWAP3 POP POP POP PUSH1 0x40 MLOAD DUP1 SWAP2 SUB SWAP1 RETURN JUMPDEST CALLVALUE ISZERO PUSH2 0x493 JUMPI PUSH1 0x0 DUP1 REVERT JUMPDEST PUSH2 0x4C8 PUSH1 0x4 DUP1 DUP1 CALLDATALOAD PUSH20 0xFFFFFFFFFFFFFFFFFFFFFFFFFFFFFFFFFFFFFFFF AND SWAP1 PUSH1 0x20 ADD SWAP1 SWAP2 SWAP1 DUP1 CALLDATALOAD SWAP1 PUSH1 0x20 ADD SWAP1 SWAP2 SWAP1 POP POP PUSH2 0xC31 JUMP JUMPDEST PUSH1 0x40 MLOAD DUP1 DUP3 ISZERO ISZERO ISZERO ISZERO DUP2 MSTORE PUSH1 0x20 ADD SWAP2 POP POP PUSH1 0x40 MLOAD DUP1 SWAP2 SUB SWAP1 RETURN JUMPDEST CALLVALUE ISZERO PUSH2 0x4ED JUMPI PUSH1 0x0 DUP1 REVERT JUMPDEST PUSH2 0x541 PUSH1 0x4 DUP1 DUP1 CALLDATALOAD PUSH20 0xFFFFFFFFFFFFFFFFFFFFFFFFFFFFFFFFFFFFFFFF AND SWAP1 PUSH1 0x20 ADD SWAP1 SWAP2 SWAP1 DUP1 CALLDATALOAD PUSH20 0xFFFFFFFFFFFFFFFFFFFFFFFFFFFFFFFFFFFFFFFF AND SWAP1 PUSH1 0x20 ADD SWAP1 SWAP2 SWAP1 DUP1 CALLDATALOAD SWAP1 PUSH1 0x20 ADD SWAP1 SWAP2 SWAP1 POP POP PUSH2 0xC38 JUMP JUMPDEST PUSH1 0x40 MLOAD DUP1 DUP3 ISZERO ISZERO ISZERO ISZERO DUP2 MSTORE PUSH1 0x20 ADD SWAP2 POP POP PUSH1 0x40 MLOAD DUP1 SWAP2 SUB SWAP1 RETURN JUMPDEST CALLVALUE ISZERO PUSH2 0x566 JUMPI PUSH1 0x0 DUP1 REVERT JUMPDEST PUSH2 0x56E PUSH2 0xEF6 JUMP JUMPDEST PUSH1 0x40 MLOAD DUP1 DUP3 DUP2 MSTORE PUSH1 0x20 ADD SWAP2 POP POP PUSH1 0x40 MLOAD DUP1 SWAP2 SUB SWAP1 RETURN JUMPDEST CALLVALUE ISZERO PUSH2 0x58F JUMPI PUSH1 0x0 DUP1 REVERT JUMPDEST PUSH2 0x597 PUSH2 0xEFC JUMP JUMPDEST PUSH1 0x40 MLOAD DUP1 DUP3 DUP2 MSTORE PUSH1 0x20 ADD SWAP2 POP POP PUSH1 0x40 MLOAD DUP1 SWAP2 SUB SWAP1 RETURN JUMPDEST CALLVALUE ISZERO PUSH2 0x5B8 JUMPI PUSH1 0x0 DUP1 REVERT JUMPDEST PUSH2 0x60C PUSH1 0x4 DUP1 DUP1 CALLDATALOAD PUSH20 0xFFFFFFFFFFFFFFFFFFFFFFFFFFFFFFFFFFFFFFFF AND SWAP1 PUSH1 0x20 ADD SWAP1 SWAP2 SWAP1 DUP1 CALLDATALOAD PUSH20 0xFFFFFFFFFFFFFFFFFFFFFFFFFFFFFFFFFFFFFFFF AND SWAP1 PUSH1 0x20 ADD SWAP1 SWAP2 SWAP1 DUP1 CALLDATALOAD SWAP1 PUSH1 0x20 ADD SWAP1 SWAP2 SWAP1 POP POP PUSH2 0xF02 JUMP JUMPDEST PUSH1 0x40 MLOAD DUP1 DUP3 ISZERO ISZERO ISZERO ISZERO DUP2 MSTORE PUSH1 0x20 ADD SWAP2 POP POP PUSH1 0x40 MLOAD DUP1 SWAP2 SUB SWAP1 RETURN JUMPDEST CALLVALUE ISZERO PUSH2 0x631 JUMPI PUSH1 0x0 DUP1 REVERT JUMPDEST PUSH2 0x639 PUSH2 0xF09 JUMP JUMPDEST PUSH1 0x40 MLOAD DUP1 DUP3 PUSH1 0xFF AND PUSH1 0xFF AND DUP2 MSTORE PUSH1 0x20 ADD SWAP2 POP POP PUSH1 0x40 MLOAD DUP1 SWAP2 SUB SWAP1 RETURN JUMPDEST CALLVALUE ISZERO PUSH2 0x660 JUMPI PUSH1 0x0 DUP1 REVERT JUMPDEST PUSH2 0x668 PUSH2 0xF1C JUMP JUMPDEST PUSH1 0x40 MLOAD DUP1 DUP1 PUSH1 0x20 ADD DUP3 DUP2 SUB DUP3 MSTORE DUP4 DUP2 DUP2 MLOAD DUP2 MSTORE PUSH1 0x20 ADD SWAP2 POP DUP1 MLOAD SWAP1 PUSH1 0x20 ADD SWAP1 DUP1 DUP4 DUP4 PUSH1 0x0 JUMPDEST DUP4 DUP2 LT ISZERO PUSH2 0x6A8 JUMPI DUP1 DUP3 ADD MLOAD DUP2 DUP5 ADD MSTORE PUSH1 0x20 DUP2 ADD SWAP1 POP PUSH2 0x68D JUMP JUMPDEST POP POP POP POP SWAP1 POP SWAP1 DUP2 ADD SWAP1 PUSH1 0x1F AND DUP1 ISZERO PUSH2 0x6D5 JUMPI DUP1 DUP3 SUB DUP1 MLOAD PUSH1 0x1 DUP4 PUSH1 0x20 SUB PUSH2 0x100 EXP SUB NOT AND DUP2 MSTORE PUSH1 0x20 ADD SWAP2 POP JUMPDEST POP SWAP3 POP POP POP PUSH1 0x40 MLOAD DUP1 SWAP2 SUB SWAP1 RETURN JUMPDEST CALLVALUE ISZERO PUSH2 0x6EE JUMPI PUSH1 0x0 DUP1 REVERT JUMPDEST PUSH2 0x6F6 PUSH2 0xFBA JUMP JUMPDEST PUSH1 0x40 MLOAD DUP1 DUP3 DUP2 MSTORE PUSH1 0x20 ADD SWAP2 POP POP PUSH1 0x40 MLOAD DUP1 SWAP2 SUB SWAP1 RETURN JUMPDEST CALLVALUE ISZERO PUSH2 0x717 JUMPI PUSH1 0x0 DUP1 REVERT JUMPDEST PUSH2 0x71F PUSH2 0xFC0 JUMP JUMPDEST PUSH1 0x40 MLOAD DUP1 DUP3 DUP2 MSTORE PUSH1 0x20 ADD SWAP2 POP POP PUSH1 0x40 MLOAD DUP1 SWAP2 SUB SWAP1 RETURN JUMPDEST CALLVALUE ISZERO PUSH2 0x740 JUMPI PUSH1 0x0 DUP1 REVERT JUMPDEST PUSH2 0x76C PUSH1 0x4 DUP1 DUP1 CALLDATALOAD PUSH20 0xFFFFFFFFFFFFFFFFFFFFFFFFFFFFFFFFFFFFFFFF AND SWAP1 PUSH1 0x20 ADD SWAP1 SWAP2 SWAP1 POP POP PUSH2 0xFC6 JUMP JUMPDEST PUSH1 0x40 MLOAD DUP1 DUP3 DUP2 MSTORE PUSH1 0x20 ADD SWAP2 POP POP PUSH1 0x40 MLOAD DUP1 SWAP2 SUB SWAP1 RETURN JUMPDEST CALLVALUE ISZERO PUSH2 0x78D JUMPI PUSH1 0x0 DUP1 REVERT JUMPDEST PUSH2 0x795 PUSH2 0xFDE JUMP JUMPDEST PUSH1 0x40 MLOAD DUP1 DUP3 PUSH20 0xFFFFFFFFFFFFFFFFFFFFFFFFFFFFFFFFFFFFFFFF AND PUSH20 0xFFFFFFFFFFFFFFFFFFFFFFFFFFFFFFFFFFFFFFFF AND DUP2 MSTORE PUSH1 0x20 ADD SWAP2 POP POP PUSH1 0x40 MLOAD DUP1 SWAP2 SUB SWAP1 RETURN JUMPDEST CALLVALUE ISZERO PUSH2 0x7E2 JUMPI PUSH1 0x0 DUP1 REVERT JUMPDEST PUSH2 0x7EA PUSH2 0x1003 JUMP JUMPDEST PUSH1 0x40 MLOAD DUP1 DUP3 DUP2 MSTORE PUSH1 0x20 ADD SWAP2 POP POP PUSH1 0x40 MLOAD DUP1 SWAP2 SUB SWAP1 RETURN JUMPDEST CALLVALUE ISZERO PUSH2 0x80B JUMPI PUSH1 0x0 DUP1 REVERT JUMPDEST PUSH2 0x813 PUSH2 0x1009 JUMP JUMPDEST PUSH1 0x40 MLOAD DUP1 DUP1 PUSH1 0x20 ADD DUP3 DUP2 SUB DUP3 MSTORE DUP4 DUP2 DUP2 MLOAD DUP2 MSTORE PUSH1 0x20 ADD SWAP2 POP DUP1 MLOAD SWAP1 PUSH1 0x20 ADD SWAP1 DUP1 DUP4 DUP4 PUSH1 0x0 JUMPDEST DUP4 DUP2 LT ISZERO PUSH2 0x853 JUMPI DUP1 DUP3 ADD MLOAD DUP2 DUP5 ADD MSTORE PUSH1 0x20 DUP2 ADD SWAP1 POP PUSH2 0x838 JUMP JUMPDEST POP POP POP POP SWAP1 POP SWAP1 DUP2 ADD SWAP1 PUSH1 0x1F AND DUP1 ISZERO PUSH2 0x880 JUMPI DUP1 DUP3 SUB DUP1 MLOAD PUSH1 0x1 DUP4 PUSH1 0x20 SUB PUSH2 0x100 EXP SUB NOT AND DUP2 MSTORE PUSH1 0x20 ADD SWAP2 POP JUMPDEST POP SWAP3 POP POP POP PUSH1 0x40 MLOAD DUP1 SWAP2 SUB SWAP1 RETURN JUMPDEST CALLVALUE ISZERO PUSH2 0x899 JUMPI PUSH1 0x0 DUP1 REVERT JUMPDEST PUSH2 0x8CE PUSH1 0x4 DUP1 DUP1 CALLDATALOAD PUSH20 0xFFFFFFFFFFFFFFFFFFFFFFFFFFFFFFFFFFFFFFFF AND SWAP1 PUSH1 0x20 ADD SWAP1 SWAP2 SWAP1 DUP1 CALLDATALOAD SWAP1 PUSH1 0x20 ADD SWAP1 SWAP2 SWAP1 POP POP PUSH2 0x10A7 JUMP JUMPDEST STOP JUMPDEST CALLVALUE ISZERO PUSH2 0x8DB JUMPI PUSH1 0x0 DUP1 REVERT JUMPDEST PUSH2 0x8E3 PUSH2 0x10AC JUMP JUMPDEST STOP JUMPDEST CALLVALUE ISZERO PUSH2 0x8F0 JUMPI PUSH1 0x0 DUP1 REVERT JUMPDEST PUSH2 0x93B PUSH1 0x4 DUP1 DUP1 CALLDATALOAD PUSH20 0xFFFFFFFFFFFFFFFFFFFFFFFFFFFFFFFFFFFFFFFF AND SWAP1 PUSH1 0x20 ADD SWAP1 SWAP2 SWAP1 DUP1 CALLDATALOAD PUSH20 0xFFFFFFFFFFFFFFFFFFFFFFFFFFFFFFFFFFFFFFFF AND SWAP1 PUSH1 0x20 ADD SWAP1 SWAP2 SWAP1 POP POP PUSH2 0x121D JUMP JUMPDEST PUSH1 0x40 MLOAD DUP1 DUP3 DUP2 MSTORE PUSH1 0x20 ADD SWAP2 POP POP PUSH1 0x40 MLOAD DUP1 SWAP2 SUB SWAP1 RETURN JUMPDEST CALLVALUE ISZERO PUSH2 0x95C JUMPI PUSH1 0x0 DUP1 REVERT JUMPDEST PUSH2 0x972 PUSH1 0x4 DUP1 DUP1 CALLDATALOAD SWAP1 PUSH1 0x20 ADD SWAP1 SWAP2 SWAP1 POP POP PUSH2 0x1242 JUMP JUMPDEST STOP JUMPDEST CALLVALUE ISZERO PUSH2 0x97F JUMPI PUSH1 0x0 DUP1 REVERT JUMPDEST PUSH2 0x9AB PUSH1 0x4 DUP1 DUP1 CALLDATALOAD PUSH20 0xFFFFFFFFFFFFFFFFFFFFFFFFFFFFFFFFFFFFFFFF AND SWAP1 PUSH1 0x20 ADD SWAP1 SWAP2 SWAP1 POP POP PUSH2 0x13DE JUMP JUMPDEST STOP JUMPDEST CALLVALUE ISZERO PUSH2 0x9B8 JUMPI PUSH1 0x0 DUP1 REVERT JUMPDEST PUSH2 0x9C0 PUSH2 0x147D JUMP JUMPDEST PUSH1 0x40 MLOAD DUP1 DUP3 DUP2 MSTORE PUSH1 0x20 ADD SWAP2 POP POP PUSH1 0x40 MLOAD DUP1 SWAP2 SUB SWAP1 RETURN JUMPDEST CALLVALUE ISZERO PUSH2 0x9E1 JUMPI PUSH1 0x0 DUP1 REVERT JUMPDEST PUSH2 0x9E9 PUSH2 0x1483 JUMP JUMPDEST PUSH1 0x40 MLOAD DUP1 DUP3 DUP2 MSTORE PUSH1 0x20 ADD SWAP2 POP POP PUSH1 0x40 MLOAD DUP1 SWAP2 SUB SWAP1 RETURN JUMPDEST PUSH1 0x0 DUP1 SWAP1 SLOAD SWAP1 PUSH2 0x100 EXP SWAP1 DIV PUSH20 0xFFFFFFFFFFFFFFFFFFFFFFFFFFFFFFFFFFFFFFFF AND PUSH20 0xFFFFFFFFFFFFFFFFFFFFFFFFFFFFFFFFFFFFFFFF AND CALLER PUSH20 0xFFFFFFFFFFFFFFFFFFFFFFFFFFFFFFFFFFFFFFFF AND EQ ISZERO DUP1 ISZERO PUSH2 0xAAA JUMPI POP PUSH1 0x1 PUSH1 0x0 SWAP1 SLOAD SWAP1 PUSH2 0x100 EXP SWAP1 DIV PUSH20 0xFFFFFFFFFFFFFFFFFFFFFFFFFFFFFFFFFFFFFFFF AND PUSH20 0xFFFFFFFFFFFFFFFFFFFFFFFFFFFFFFFFFFFFFFFF AND CALLER PUSH20 0xFFFFFFFFFFFFFFFFFFFFFFFFFFFFFFFFFFFFFFFF AND EQ ISZERO JUMPDEST ISZERO PUSH2 0xAB4 JUMPI PUSH1 0x0 DUP1 REVERT JUMPDEST DUP2 PUSH1 0xE DUP2 SWAP1 SSTORE POP DUP1 PUSH1 0xF DUP2 SWAP1 SSTORE POP POP POP JUMP JUMPDEST PUSH1 0xE SLOAD DUP2 JUMP JUMPDEST PUSH1 0x0 DUP1 SWAP1 SLOAD SWAP1 PUSH2 0x100 EXP SWAP1 DIV PUSH20 0xFFFFFFFFFFFFFFFFFFFFFFFFFFFFFFFFFFFFFFFF AND PUSH20 0xFFFFFFFFFFFFFFFFFFFFFFFFFFFFFFFFFFFFFFFF AND CALLER PUSH20 0xFFFFFFFFFFFFFFFFFFFFFFFFFFFFFFFFFFFFFFFF AND EQ ISZERO DUP1 ISZERO PUSH2 0xB77 JUMPI POP PUSH1 0x1 PUSH1 0x0 SWAP1 SLOAD SWAP1 PUSH2 0x100 EXP SWAP1 DIV PUSH20 0xFFFFFFFFFFFFFFFFFFFFFFFFFFFFFFFFFFFFFFFF AND PUSH20 0xFFFFFFFFFFFFFFFFFFFFFFFFFFFFFFFFFFFFFFFF AND CALLER PUSH20 0xFFFFFFFFFFFFFFFFFFFFFFFFFFFFFFFFFFFFFFFF AND EQ ISZERO JUMPDEST ISZERO PUSH2 0xB81 JUMPI PUSH1 0x0 DUP1 REVERT JUMPDEST DUP2 PUSH1 0xC DUP2 SWAP1 SSTORE POP DUP1 PUSH1 0xD DUP2 SWAP1 SSTORE POP POP POP JUMP JUMPDEST PUSH1 0x5 DUP1 SLOAD PUSH1 0x1 DUP2 PUSH1 0x1 AND ISZERO PUSH2 0x100 MUL SUB AND PUSH1 0x2 SWAP1 DIV DUP1 PUSH1 0x1F ADD PUSH1 0x20 DUP1 SWAP2 DIV MUL PUSH1 0x20 ADD PUSH1 0x40 MLOAD SWAP1 DUP2 ADD PUSH1 0x40 MSTORE DUP1 SWAP3 SWAP2 SWAP1 DUP2 DUP2 MSTORE PUSH1 0x20 ADD DUP3 DUP1 SLOAD PUSH1 0x1 DUP2 PUSH1 0x1 AND ISZERO PUSH2 0x100 MUL SUB AND PUSH1 0x2 SWAP1 DIV DUP1 ISZERO PUSH2 0xC29 JUMPI DUP1 PUSH1 0x1F LT PUSH2 0xBFE JUMPI PUSH2 0x100 DUP1 DUP4 SLOAD DIV MUL DUP4 MSTORE SWAP2 PUSH1 0x20 ADD SWAP2 PUSH2 0xC29 JUMP JUMPDEST DUP3 ADD SWAP2 SWAP1 PUSH1 0x0 MSTORE PUSH1 0x20 PUSH1 0x0 KECCAK256 SWAP1 JUMPDEST DUP2 SLOAD DUP2 MSTORE SWAP1 PUSH1 0x1 ADD SWAP1 PUSH1 0x20 ADD DUP1 DUP4 GT PUSH2 0xC0C JUMPI DUP3 SWAP1 SUB PUSH1 0x1F AND DUP3 ADD SWAP2 JUMPDEST POP POP POP POP POP DUP2 JUMP JUMPDEST PUSH1 0x0 DUP1 PUSH1 0x0 REVERT JUMPDEST PUSH1 0x0 DUP1 PUSH1 0x0 SWAP1 SLOAD SWAP1 PUSH2 0x100 EXP SWAP1 DIV PUSH20 0xFFFFFFFFFFFFFFFFFFFFFFFFFFFFFFFFFFFFFFFF AND PUSH20 0xFFFFFFFFFFFFFFFFFFFFFFFFFFFFFFFFFFFFFFFF AND CALLER PUSH20 0xFFFFFFFFFFFFFFFFFFFFFFFFFFFFFFFFFFFFFFFF AND EQ ISZERO DUP1 ISZERO PUSH2 0xCE5 JUMPI POP PUSH1 0x1 PUSH1 0x0 SWAP1 SLOAD SWAP1 PUSH2 0x100 EXP SWAP1 DIV PUSH20 0xFFFFFFFFFFFFFFFFFFFFFFFFFFFFFFFFFFFFFFFF AND PUSH20 0xFFFFFFFFFFFFFFFFFFFFFFFFFFFFFFFFFFFFFFFF AND CALLER PUSH20 0xFFFFFFFFFFFFFFFFFFFFFFFFFFFFFFFFFFFFFFFF AND EQ ISZERO JUMPDEST ISZERO PUSH2 0xCEF JUMPI PUSH1 0x0 DUP1 REVERT JUMPDEST PUSH1 0x0 DUP4 PUSH20 0xFFFFFFFFFFFFFFFFFFFFFFFFFFFFFFFFFFFFFFFF AND EQ ISZERO PUSH2 0xD13 JUMPI PUSH1 0x0 DUP1 REVERT JUMPDEST DUP2 PUSH1 0x10 PUSH1 0x0 DUP7 PUSH20 0xFFFFFFFFFFFFFFFFFFFFFFFFFFFFFFFFFFFFFFFF AND PUSH20 0xFFFFFFFFFFFFFFFFFFFFFFFFFFFFFFFFFFFFFFFF AND DUP2 MSTORE PUSH1 0x20 ADD SWAP1 DUP2 MSTORE PUSH1 0x20 ADD PUSH1 0x0 KECCAK256 SLOAD LT ISZERO PUSH2 0xD5F JUMPI PUSH1 0x0 DUP1 REVERT JUMPDEST PUSH1 0x10 PUSH1 0x0 DUP5 PUSH20 0xFFFFFFFFFFFFFFFFFFFFFFFFFFFFFFFFFFFFFFFF AND PUSH20 0xFFFFFFFFFFFFFFFFFFFFFFFFFFFFFFFFFFFFFFFF AND DUP2 MSTORE PUSH1 0x20 ADD SWAP1 DUP2 MSTORE PUSH1 0x20 ADD PUSH1 0x0 KECCAK256 SLOAD DUP3 PUSH1 0x10 PUSH1 0x0 DUP7 PUSH20 0xFFFFFFFFFFFFFFFFFFFFFFFFFFFFFFFFFFFFFFFF AND PUSH20 0xFFFFFFFFFFFFFFFFFFFFFFFFFFFFFFFFFFFFFFFF AND DUP2 MSTORE PUSH1 0x20 ADD SWAP1 DUP2 MSTORE PUSH1 0x20 ADD PUSH1 0x0 KECCAK256 SLOAD ADD LT ISZERO PUSH2 0xDEC JUMPI PUSH1 0x0 DUP1 REVERT JUMPDEST DUP2 PUSH1 0x10 PUSH1 0x0 DUP7 PUSH20 0xFFFFFFFFFFFFFFFFFFFFFFFFFFFFFFFFFFFFFFFF AND PUSH20 0xFFFFFFFFFFFFFFFFFFFFFFFFFFFFFFFFFFFFFFFF AND DUP2 MSTORE PUSH1 0x20 ADD SWAP1 DUP2 MSTORE PUSH1 0x20 ADD PUSH1 0x0 KECCAK256 PUSH1 0x0 DUP3 DUP3 SLOAD SUB SWAP3 POP POP DUP2 SWAP1 SSTORE POP DUP2 PUSH1 0x10 PUSH1 0x0 DUP6 PUSH20 0xFFFFFFFFFFFFFFFFFFFFFFFFFFFFFFFFFFFFFFFF AND PUSH20 0xFFFFFFFFFFFFFFFFFFFFFFFFFFFFFFFFFFFFFFFF AND DUP2 MSTORE PUSH1 0x20 ADD SWAP1 DUP2 MSTORE PUSH1 0x20 ADD PUSH1 0x0 KECCAK256 PUSH1 0x0 DUP3 DUP3 SLOAD ADD SWAP3 POP POP DUP2 SWAP1 SSTORE POP DUP3 PUSH20 0xFFFFFFFFFFFFFFFFFFFFFFFFFFFFFFFFFFFFFFFF AND DUP5 PUSH20 0xFFFFFFFFFFFFFFFFFFFFFFFFFFFFFFFFFFFFFFFF AND PUSH32 0xDDF252AD1BE2C89B69C2B068FC378DAA952BA7F163C4A11628F55A4DF523B3EF DUP5 PUSH1 0x40 MLOAD DUP1 DUP3 DUP2 MSTORE PUSH1 0x20 ADD SWAP2 POP POP PUSH1 0x40 MLOAD DUP1 SWAP2 SUB SWAP1 LOG3 PUSH1 0x1 SWAP1 POP SWAP4 SWAP3 POP POP POP JUMP JUMPDEST PUSH1 0xC SLOAD DUP2 JUMP JUMPDEST PUSH1 0x8 SLOAD DUP2 JUMP JUMPDEST PUSH1 0x0 DUP1 PUSH1 0x0 REVERT JUMPDEST PUSH1 0x7 PUSH1 0x0 SWAP1 SLOAD SWAP1 PUSH2 0x100 EXP SWAP1 DIV PUSH1 0xFF AND DUP2 JUMP JUMPDEST PUSH1 0x4 DUP1 SLOAD PUSH1 0x1 DUP2 PUSH1 0x1 AND ISZERO PUSH2 0x100 MUL SUB AND PUSH1 0x2 SWAP1 DIV DUP1 PUSH1 0x1F ADD PUSH1 0x20 DUP1 SWAP2 DIV MUL PUSH1 0x20 ADD PUSH1 0x40 MLOAD SWAP1 DUP2 ADD PUSH1 0x40 MSTORE DUP1 SWAP3 SWAP2 SWAP1 DUP2 DUP2 MSTORE PUSH1 0x20 ADD DUP3 DUP1 SLOAD PUSH1 0x1 DUP2 PUSH1 0x1 AND ISZERO PUSH2 0x100 MUL SUB AND PUSH1 0x2 SWAP1 DIV DUP1 ISZERO PUSH2 0xFB2 JUMPI DUP1 PUSH1 0x1F LT PUSH2 0xF87 JUMPI PUSH2 0x100 DUP1 DUP4 SLOAD DIV MUL DUP4 MSTORE SWAP2 PUSH1 0x20 ADD SWAP2 PUSH2 0xFB2 JUMP JUMPDEST DUP3 ADD SWAP2 SWAP1 PUSH1 0x0 MSTORE PUSH1 0x20 PUSH1 0x0 KECCAK256 SWAP1 JUMPDEST DUP2 SLOAD DUP2 MSTORE SWAP1 PUSH1 0x1 ADD SWAP1 PUSH1 0x20 ADD DUP1 DUP4 GT PUSH2 0xF95 JUMPI DUP3 SWAP1 SUB PUSH1 0x1F AND DUP3 ADD SWAP2 JUMPDEST POP POP POP POP POP DUP2 JUMP JUMPDEST PUSH1 0xF SLOAD DUP2 JUMP JUMPDEST PUSH1 0xD SLOAD DUP2 JUMP JUMPDEST PUSH1 0x10 PUSH1 0x20 MSTORE DUP1 PUSH1 0x0 MSTORE PUSH1 0x40 PUSH1 0x0 KECCAK256 PUSH1 0x0 SWAP2 POP SWAP1 POP SLOAD DUP2 JUMP JUMPDEST PUSH1 0x0 DUP1 SWAP1 SLOAD SWAP1 PUSH2 0x100 EXP SWAP1 DIV PUSH20 0xFFFFFFFFFFFFFFFFFFFFFFFFFFFFFFFFFFFFFFFF AND DUP2 JUMP JUMPDEST PUSH1 0xB SLOAD DUP2 JUMP JUMPDEST PUSH1 0x6 DUP1 SLOAD PUSH1 0x1 DUP2 PUSH1 0x1 AND ISZERO PUSH2 0x100 MUL SUB AND PUSH1 0x2 SWAP1 DIV DUP1 PUSH1 0x1F ADD PUSH1 0x20 DUP1 SWAP2 DIV MUL PUSH1 0x20 ADD PUSH1 0x40 MLOAD SWAP1 DUP2 ADD PUSH1 0x40 MSTORE DUP1 SWAP3 SWAP2 SWAP1 DUP2 DUP2 MSTORE PUSH1 0x20 ADD DUP3 DUP1 SLOAD PUSH1 0x1 DUP2 PUSH1 0x1 AND ISZERO PUSH2 0x100 MUL SUB AND PUSH1 0x2 SWAP1 DIV DUP1 ISZERO PUSH2 0x109F JUMPI DUP1 PUSH1 0x1F LT PUSH2 0x1074 JUMPI PUSH2 0x100 DUP1 DUP4 SLOAD DIV MUL DUP4 MSTORE SWAP2 PUSH1 0x20 ADD SWAP2 PUSH2 0x109F JUMP JUMPDEST DUP3 ADD SWAP2 SWAP1 PUSH1 0x0 MSTORE PUSH1 0x20 PUSH1 0x0 KECCAK256 SWAP1 JUMPDEST DUP2 SLOAD DUP2 MSTORE SWAP1 PUSH1 0x1 ADD SWAP1 PUSH1 0x20 ADD DUP1 DUP4 GT PUSH2 0x1082 JUMPI DUP3 SWAP1 SUB PUSH1 0x1F AND DUP3 ADD SWAP2 JUMPDEST POP POP POP POP POP DUP2 JUMP JUMPDEST PUSH1 0x0 DUP1 REVERT JUMPDEST PUSH1 0x0 DUP1 PUSH1 0x0 PUSH1 0x1 PUSH1 0x0 SWAP1 SLOAD SWAP1 PUSH2 0x100 EXP SWAP1 DIV PUSH20 0xFFFFFFFFFFFFFFFFFFFFFFFFFFFFFFFFFFFFFFFF AND PUSH20 0xFFFFFFFFFFFFFFFFFFFFFFFFFFFFFFFFFFFFFFFF AND CALLER PUSH20 0xFFFFFFFFFFFFFFFFFFFFFFFFFFFFFFFFFFFFFFFF AND EQ ISZERO ISZERO PUSH2 0x110D JUMPI PUSH1 0x0 DUP1 REVERT JUMPDEST ADDRESS PUSH20 0xFFFFFFFFFFFFFFFFFFFFFFFFFFFFFFFFFFFFFFFF AND BALANCE SWAP3 POP PUSH1 0x2 DUP4 DUP2 ISZERO ISZERO PUSH2 0x1133 JUMPI INVALID JUMPDEST DIV SWAP3 POP PUSH1 0x0 SWAP2 POP PUSH1 0x0 SWAP1 POP PUSH1 0x0 SWAP2 POP JUMPDEST PUSH1 0x2 DUP3 PUSH1 0xFF AND LT ISZERO PUSH2 0x11D3 JUMPI PUSH1 0x2 DUP3 PUSH1 0xFF AND PUSH1 0x2 DUP2 LT ISZERO ISZERO PUSH2 0x1161 JUMPI INVALID JUMPDEST ADD PUSH1 0x0 SWAP1 SLOAD SWAP1 PUSH2 0x100 EXP SWAP1 DIV PUSH20 0xFFFFFFFFFFFFFFFFFFFFFFFFFFFFFFFFFFFFFFFF AND PUSH20 0xFFFFFFFFFFFFFFFFFFFFFFFFFFFFFFFFFFFFFFFF AND PUSH2 0x8FC DUP5 SWAP1 DUP2 ISZERO MUL SWAP1 PUSH1 0x40 MLOAD PUSH1 0x0 PUSH1 0x40 MLOAD DUP1 DUP4 SUB DUP2 DUP6 DUP9 DUP9 CALL SWAP4 POP POP POP POP ISZERO ISZERO PUSH2 0x11C6 JUMPI DUP1 DUP1 PUSH1 0x1 ADD SWAP2 POP POP JUMPDEST DUP2 DUP1 PUSH1 0x1 ADD SWAP3 POP POP PUSH2 0x1143 JUMP JUMPDEST PUSH1 0x2 PUSH1 0x0 PUSH1 0x2 DUP2 LT ISZERO ISZERO PUSH2 0x11E3 JUMPI INVALID JUMPDEST ADD PUSH1 0x0 SWAP1 SLOAD SWAP1 PUSH2 0x100 EXP SWAP1 DIV PUSH20 0xFFFFFFFFFFFFFFFFFFFFFFFFFFFFFFFFFFFFFFFF AND PUSH20 0xFFFFFFFFFFFFFFFFFFFFFFFFFFFFFFFFFFFFFFFF AND SELFDESTRUCT JUMPDEST PUSH1 0x11 PUSH1 0x20 MSTORE DUP2 PUSH1 0x0 MSTORE PUSH1 0x40 PUSH1 0x0 KECCAK256 PUSH1 0x20 MSTORE DUP1 PUSH1 0x0 MSTORE PUSH1 0x40 PUSH1 0x0 KECCAK256 PUSH1 0x0 SWAP2 POP SWAP2 POP POP SLOAD DUP2 JUMP JUMPDEST PUSH1 0x0 DUP1 PUSH1 0x0 DUP1 PUSH1 0x0 SWAP1 SLOAD SWAP1 PUSH2 0x100 EXP SWAP1 DIV PUSH20 0xFFFFFFFFFFFFFFFFFFFFFFFFFFFFFFFFFFFFFFFF AND PUSH20 0xFFFFFFFFFFFFFFFFFFFFFFFFFFFFFFFFFFFFFFFF AND CALLER PUSH20 0xFFFFFFFFFFFFFFFFFFFFFFFFFFFFFFFFFFFFFFFF AND EQ ISZERO DUP1 ISZERO PUSH2 0x12F2 JUMPI POP PUSH1 0x1 PUSH1 0x0 SWAP1 SLOAD SWAP1 PUSH2 0x100 EXP SWAP1 DIV PUSH20 0xFFFFFFFFFFFFFFFFFFFFFFFFFFFFFFFFFFFFFFFF AND PUSH20 0xFFFFFFFFFFFFFFFFFFFFFFFFFFFFFFFFFFFFFFFF AND CALLER PUSH20 0xFFFFFFFFFFFFFFFFFFFFFFFFFFFFFFFFFFFFFFFF AND EQ ISZERO JUMPDEST ISZERO PUSH2 0x12FC JUMPI PUSH1 0x0 DUP1 REVERT JUMPDEST PUSH7 0x38D7EA4C68000 DUP5 MUL SWAP3 POP DUP3 ADDRESS PUSH20 0xFFFFFFFFFFFFFFFFFFFFFFFFFFFFFFFFFFFFFFFF AND BALANCE LT ISZERO PUSH2 0x132C JUMPI PUSH1 0x0 DUP1 REVERT JUMPDEST PUSH1 0x2 DUP4 DUP2 ISZERO ISZERO PUSH2 0x1338 JUMPI INVALID JUMPDEST DIV SWAP3 POP PUSH1 0x0 SWAP2 POP PUSH1 0x0 SWAP1 POP PUSH1 0x0 SWAP2 POP JUMPDEST PUSH1 0x2 DUP3 PUSH1 0xFF AND LT ISZERO PUSH2 0x13D8 JUMPI PUSH1 0x2 DUP3 PUSH1 0xFF AND PUSH1 0x2 DUP2 LT ISZERO ISZERO PUSH2 0x1366 JUMPI INVALID JUMPDEST ADD PUSH1 0x0 SWAP1 SLOAD SWAP1 PUSH2 0x100 EXP SWAP1 DIV PUSH20 0xFFFFFFFFFFFFFFFFFFFFFFFFFFFFFFFFFFFFFFFF AND PUSH20 0xFFFFFFFFFFFFFFFFFFFFFFFFFFFFFFFFFFFFFFFF AND PUSH2 0x8FC DUP5 SWAP1 DUP2 ISZERO MUL SWAP1 PUSH1 0x40 MLOAD PUSH1 0x0 PUSH1 0x40 MLOAD DUP1 DUP4 SUB DUP2 DUP6 DUP9 DUP9 CALL SWAP4 POP POP POP POP ISZERO ISZERO PUSH2 0x13CB JUMPI DUP1 DUP1 PUSH1 0x1 ADD SWAP2 POP POP JUMPDEST DUP2 DUP1 PUSH1 0x1 ADD SWAP3 POP POP PUSH2 0x1348 JUMP JUMPDEST POP POP POP POP JUMP JUMPDEST PUSH1 0x1 PUSH1 0x0 SWAP1 SLOAD SWAP1 PUSH2 0x100 EXP SWAP1 DIV PUSH20 0xFFFFFFFFFFFFFFFFFFFFFFFFFFFFFFFFFFFFFFFF AND PUSH20 0xFFFFFFFFFFFFFFFFFFFFFFFFFFFFFFFFFFFFFFFF AND CALLER PUSH20 0xFFFFFFFFFFFFFFFFFFFFFFFFFFFFFFFFFFFFFFFF AND EQ ISZERO ISZERO PUSH2 0x143A JUMPI PUSH1 0x0 DUP1 REVERT JUMPDEST DUP1 PUSH1 0x0 DUP1 PUSH2 0x100 EXP DUP2 SLOAD DUP2 PUSH20 0xFFFFFFFFFFFFFFFFFFFFFFFFFFFFFFFFFFFFFFFF MUL NOT AND SWAP1 DUP4 PUSH20 0xFFFFFFFFFFFFFFFFFFFFFFFFFFFFFFFFFFFFFFFF AND MUL OR SWAP1 SSTORE POP POP JUMP JUMPDEST PUSH1 0xA SLOAD DUP2 JUMP JUMPDEST PUSH1 0x9 SLOAD DUP2 JUMP STOP LOG1 PUSH6 0x627A7A723058 KECCAK256 0xe3 0xb5 DELEGATECALL 0xf DUP4 0xbd RETURNDATASIZE LOG0 REVERT 0xbb SWAP15 SMOD STOP SUB CODECOPY MULMOD 0xab 0x5f 0xd9 SLT 0xe9 SWAP6 0xd2 MUL SWAP5 0xc0 MULMOD 0xc LOG1 PUSH15 0x440200290000000000000000000000
1,PUSH1 0x60 PUSH1 0x40 MSTORE PUSH1 0x12 PUSH1 0x3 PUSH1 0x0 PUSH2 0x100 EXP DUP2 SLOAD DUP2 PUSH1 0xFF MUL NOT AND SWAP1 DUP4 PUSH1 0xFF AND MUL OR SWAP1 SSTORE POP CALLVALUE ISZERO PUSH3 0x2C JUMPI PUSH1 0x0 DUP1 REVERT JUMPDEST PUSH1 0x40 MLOAD PUSH3 0x175C CODESIZE SUB DUP1 PUSH3 0x175C DUP4 CODECOPY DUP2 ADD PUSH1 0x40 MSTORE DUP1 DUP1 MLOAD SWAP1 PUSH1 0x20 ADD SWAP1 SWAP2 SWAP1 DUP1 MLOAD DUP3 ADD SWAP2 SWAP1 PUSH1 0x20 ADD DUP1 MLOAD DUP3 ADD SWAP2 SWAP1 POP POP DUP3 DUP3 DUP3 CALLER PUSH1 0x0 DUP1 PUSH2 0x100 EXP DUP2 SLOAD DUP2 PUSH20 0xFFFFFFFFFFFFFFFFFFFFFFFFFFFFFFFFFFFFFFFF MUL NOT AND SWAP1 DUP4 PUSH20 0xFFFFFFFFFFFFFFFFFFFFFFFFFFFFFFFFFFFFFFFF AND MUL OR SWAP1 SSTORE POP PUSH1 0x3 PUSH1 0x0 SWAP1 SLOAD SWAP1 PUSH2 0x100 EXP SWAP1 DIV PUSH1 0xFF AND PUSH1 0xFF AND PUSH1 0xA EXP DUP4 MUL PUSH1 0x4 DUP2 SWAP1 SSTORE POP PUSH1 0x4 SLOAD PUSH1 0x5 PUSH1 0x0 CALLER PUSH20 0xFFFFFFFFFFFFFFFFFFFFFFFFFFFFFFFFFFFFFFFF AND PUSH20 0xFFFFFFFFFFFFFFFFFFFFFFFFFFFFFFFFFFFFFFFF AND DUP2 MSTORE PUSH1 0x20 ADD SWAP1 DUP2 MSTORE PUSH1 0x20 ADD PUSH1 0x0 KECCAK256 DUP2 SWAP1 SSTORE POP DUP2 PUSH1 0x1 SWAP1 DUP1 MLOAD SWAP1 PUSH1 0x20 ADD SWAP1 PUSH3 0x11B SWAP3 SWAP2 SWAP1 PUSH3 0x141 JUMP JUMPDEST POP DUP1 PUSH1 0x2 SWAP1 DUP1 MLOAD SWAP1 PUSH1 0x20 ADD SWAP1 PUSH3 0x134 SWAP3 SWAP2 SWAP1 PUSH3 0x141 JUMP JUMPDEST POP POP POP POP POP POP POP PUSH3 0x1F0 JUMP JUMPDEST DUP3 DUP1 SLOAD PUSH1 0x1 DUP2 PUSH1 0x1 AND ISZERO PUSH2 0x100 MUL SUB AND PUSH1 0x2 SWAP1 DIV SWAP1 PUSH1 0x0 MSTORE PUSH1 0x20 PUSH1 0x0 KECCAK256 SWAP1 PUSH1 0x1F ADD PUSH1 0x20 SWAP1 DIV DUP2 ADD SWAP3 DUP3 PUSH1 0x1F LT PUSH3 0x184 JUMPI DUP1 MLOAD PUSH1 0xFF NOT AND DUP4 DUP1 ADD OR DUP6 SSTORE PUSH3 0x1B5 JUMP JUMPDEST DUP3 DUP1 ADD PUSH1 0x1 ADD DUP6 SSTORE DUP3 ISZERO PUSH3 0x1B5 JUMPI SWAP2 DUP3 ADD JUMPDEST DUP3 DUP2 GT ISZERO PUSH3 0x1B4 JUMPI DUP3 MLOAD DUP3 SSTORE SWAP2 PUSH1 0x20 ADD SWAP2 SWAP1 PUSH1 0x1 ADD SWAP1 PUSH3 0x197 JUMP JUMPDEST JUMPDEST POP SWAP1 POP PUSH3 0x1C4 SWAP2 SWAP1 PUSH3 0x1C8 JUMP JUMPDEST POP SWAP1 JUMP JUMPDEST PUSH3 0x1ED SWAP2 SWAP1 JUMPDEST DUP1 DUP3 GT ISZERO PUSH3 0x1E9 JUMPI PUSH1 0x0 DUP2 PUSH1 0x0 SWAP1 SSTORE POP PUSH1 0x1 ADD PUSH3 0x1CF JUMP JUMPDEST POP SWAP1 JUMP JUMPDEST SWAP1 JUMP JUMPDEST PUSH2 0x155C DUP1 PUSH3 0x200 PUSH1 0x0 CODECOPY PUSH1 0x0 RETURN STOP PUSH1 0x60 PUSH1 0x40 MSTORE PUSH1 0x4 CALLDATASIZE LT PUSH2 0x11D JUMPI PUSH1 0x0 CALLDATALOAD PUSH29 0x100000000000000000000000000000000000000000000000000000000 SWAP1 DIV PUSH4 0xFFFFFFFF AND DUP1 PUSH4 0x5FEFDA7 EQ PUSH2 0x122 JUMPI DUP1 PUSH4 0x6FDDE03 EQ PUSH2 0x14E JUMPI DUP1 PUSH4 0x95EA7B3 EQ PUSH2 0x1DC JUMPI DUP1 PUSH4 0x18160DDD EQ PUSH2 0x236 JUMPI DUP1 PUSH4 0x23B872DD EQ PUSH2 0x25F JUMPI DUP1 PUSH4 0x313CE567 EQ PUSH2 0x2D8 JUMPI DUP1 PUSH4 0x42966C68 EQ PUSH2 0x307 JUMPI DUP1 PUSH4 0x4B750334 EQ PUSH2 0x342 JUMPI DUP1 PUSH4 0x70A08231 EQ PUSH2 0x36B JUMPI DUP1 PUSH4 0x79CC6790 EQ PUSH2 0x3B8 JUMPI DUP1 PUSH4 0x8620410B EQ PUSH2 0x412 JUMPI DUP1 PUSH4 0x8DA5CB5B EQ PUSH2 0x43B JUMPI DUP1 PUSH4 0x95D89B41 EQ PUSH2 0x490 JUMPI DUP1 PUSH4 0xA6F2AE3A EQ PUSH2 0x51E JUMPI DUP1 PUSH4 0xA9059CBB EQ PUSH2 0x528 JUMPI DUP1 PUSH4 0xB414D4B6 EQ PUSH2 0x56A JUMPI DUP1 PUSH4 0xCAE9CA51 EQ PUSH2 0x5BB JUMPI DUP1 PUSH4 0xDD62ED3E EQ PUSH2 0x658 JUMPI DUP1 PUSH4 0xE4849B32 EQ PUSH2 0x6C4 JUMPI DUP1 PUSH4 0xE724529C EQ PUSH2 0x6E7 JUMPI DUP1 PUSH4 0xF2FDE38B EQ PUSH2 0x72B JUMPI JUMPDEST PUSH1 0x0 DUP1 REVERT JUMPDEST CALLVALUE ISZERO PUSH2 0x12D JUMPI PUSH1 0x0 DUP1 REVERT JUMPDEST PUSH2 0x14C PUSH1 0x4 DUP1 DUP1 CALLDATALOAD SWAP1 PUSH1 0x20 ADD SWAP1 SWAP2 SWAP1 DUP1 CALLDATALOAD SWAP1 PUSH1 0x20 ADD SWAP1 SWAP2 SWAP1 POP POP PUSH2 0x764 JUMP JUMPDEST STOP JUMPDEST CALLVALUE ISZERO PUSH2 0x159 JUMPI PUSH1 0x0 DUP1 REVERT JUMPDEST PUSH2 0x161 PUSH2 0x7D1 JUMP JUMPDEST PUSH1 0x40 MLOAD DUP1 DUP1 PUSH1 0x20 ADD DUP3 DUP2 SUB DUP3 MSTORE DUP4 DUP2 DUP2 MLOAD DUP2 MSTORE PUSH1 0x20 ADD SWAP2 POP DUP1 MLOAD SWAP1 PUSH1 0x20 ADD SWAP1 DUP1 DUP4 DUP4 PUSH1 0x0 JUMPDEST DUP4 DUP2 LT ISZERO PUSH2 0x1A1 JUMPI DUP1 DUP3 ADD MLOAD DUP2 DUP5 ADD MSTORE PUSH1 0x20 DUP2 ADD SWAP1 POP PUSH2 0x186 JUMP JUMPDEST POP POP POP POP SWAP1 POP SWAP1 DUP2 ADD SWAP1 PUSH1 0x1F AND DUP1 ISZERO PUSH2 0x1CE JUMPI DUP1 DUP3 SUB DUP1 MLOAD PUSH1 0x1 DUP4 PUSH1 0x20 SUB PUSH2 0x100 EXP SUB NOT AND DUP2 MSTORE PUSH1 0x20 ADD SWAP2 POP JUMPDEST POP SWAP3 POP POP POP PUSH1 0x40 MLOAD DUP1 SWAP2 SUB SWAP1 RETURN JUMPDEST CALLVALUE ISZERO PUSH2 0x1E7 JUMPI PUSH1 0x0 DUP1 REVERT JUMPDEST PUSH2 0x21C PUSH1 0x4 DUP1 DUP1 CALLDATALOAD PUSH20 0xFFFFFFFFFFFFFFFFFFFFFFFFFFFFFFFFFFFFFFFF AND SWAP1 PUSH1 0x20 ADD SWAP1 SWAP2 SWAP1 DUP1 CALLDATALOAD SWAP1 PUSH1 0x20 ADD SWAP1 SWAP2 SWAP1 POP POP PUSH2 0x86F JUMP JUMPDEST PUSH1 0x40 MLOAD DUP1 DUP3 ISZERO ISZERO ISZERO ISZERO DUP2 MSTORE PUSH1 0x20 ADD SWAP2 POP POP PUSH1 0x40 MLOAD DUP1 SWAP2 SUB SWAP1 RETURN JUMPDEST CALLVALUE ISZERO PUSH2 0x241 JUMPI PUSH1 0x0 DUP1 REVERT JUMPDEST PUSH2 0x249 PUSH2 0x8FC JUMP JUMPDEST PUSH1 0x40 MLOAD DUP1 DUP3 DUP2 MSTORE PUSH1 0x20 ADD SWAP2 POP POP PUSH1 0x40 MLOAD DUP1 SWAP2 SUB SWAP1 RETURN JUMPDEST CALLVALUE ISZERO PUSH2 0x26A JUMPI PUSH1 0x0 DUP1 REVERT JUMPDEST PUSH2 0x2BE PUSH1 0x4 DUP1 DUP1 CALLDATALOAD PUSH20 0xFFFFFFFFFFFFFFFFFFFFFFFFFFFFFFFFFFFFFFFF AND SWAP1 PUSH1 0x20 ADD SWAP1 SWAP2 SWAP1 DUP1 CALLDATALOAD PUSH20 0xFFFFFFFFFFFFFFFFFFFFFFFFFFFFFFFFFFFFFFFF AND SWAP1 PUSH1 0x20 ADD SWAP1 SWAP2 SWAP1 DUP1 CALLDATALOAD SWAP1 PUSH1 0x20 ADD SWAP1 SWAP2 SWAP1 POP POP PUSH2 0x902 JUMP JUMPDEST PUSH1 0x40 MLOAD DUP1 DUP3 ISZERO ISZERO ISZERO ISZERO DUP2 MSTORE PUSH1 0x20 ADD SWAP2 POP POP PUSH1 0x40 MLOAD DUP1 SWAP2 SUB SWAP1 RETURN JUMPDEST CALLVALUE ISZERO PUSH2 0x2E3 JUMPI PUSH1 0x0 DUP1 REVERT JUMPDEST PUSH2 0x2EB PUSH2 0xA2F JUMP JUMPDEST PUSH1 0x40 MLOAD DUP1 DUP3 PUSH1 0xFF AND PUSH1 0xFF AND DUP2 MSTORE PUSH1 0x20 ADD SWAP2 POP POP PUSH1 0x40 MLOAD DUP1 SWAP2 SUB SWAP1 RETURN JUMPDEST CALLVALUE ISZERO PUSH2 0x312 JUMPI PUSH1 0x0 DUP1 REVERT JUMPDEST PUSH2 0x328 PUSH1 0x4 DUP1 DUP1 CALLDATALOAD SWAP1 PUSH1 0x20 ADD SWAP1 SWAP2 SWAP1 POP POP PUSH2 0xA42 JUMP JUMPDEST PUSH1 0x40 MLOAD DUP1 DUP3 ISZERO ISZERO ISZERO ISZERO DUP2 MSTORE PUSH1 0x20 ADD SWAP2 POP POP PUSH1 0x40 MLOAD DUP1 SWAP2 SUB SWAP1 RETURN JUMPDEST CALLVALUE ISZERO PUSH2 0x34D JUMPI PUSH1 0x0 DUP1 REVERT JUMPDEST PUSH2 0x355 PUSH2 0xB46 JUMP JUMPDEST PUSH1 0x40 MLOAD DUP1 DUP3 DUP2 MSTORE PUSH1 0x20 ADD SWAP2 POP POP PUSH1 0x40 MLOAD DUP1 SWAP2 SUB SWAP1 RETURN JUMPDEST CALLVALUE ISZERO PUSH2 0x376 JUMPI PUSH1 0x0 DUP1 REVERT JUMPDEST PUSH2 0x3A2 PUSH1 0x4 DUP1 DUP1 CALLDATALOAD PUSH20 0xFFFFFFFFFFFFFFFFFFFFFFFFFFFFFFFFFFFFFFFF AND SWAP1 PUSH1 0x20 ADD SWAP1 SWAP2 SWAP1 POP POP PUSH2 0xB4C JUMP JUMPDEST PUSH1 0x40 MLOAD DUP1 DUP3 DUP2 MSTORE PUSH1 0x20 ADD SWAP2 POP POP PUSH1 0x40 MLOAD DUP1 SWAP2 SUB SWAP1 RETURN JUMPDEST CALLVALUE ISZERO PUSH2 0x3C3 JUMPI PUSH1 0x0 DUP1 REVERT JUMPDEST PUSH2 0x3F8 PUSH1 0x4 DUP1 DUP1 CALLDATALOAD PUSH20 0xFFFFFFFFFFFFFFFFFFFFFFFFFFFFFFFFFFFFFFFF AND SWAP1 PUSH1 0x20 ADD SWAP1 SWAP2 SWAP1 DUP1 CALLDATALOAD SWAP1 PUSH1 0x20 ADD SWAP1 SWAP2 SWAP1 POP POP PUSH2 0xB64 JUMP JUMPDEST PUSH1 0x40 MLOAD DUP1 DUP3 ISZERO ISZERO ISZERO ISZERO DUP2 MSTORE PUSH1 0x20 ADD SWAP2 POP POP PUSH1 0x40 MLOAD DUP1 SWAP2 SUB SWAP1 RETURN JUMPDEST CALLVALUE ISZERO PUSH2 0x41D JUMPI PUSH1 0x0 DUP1 REVERT JUMPDEST PUSH2 0x425 PUSH2 0xD7E JUMP JUMPDEST PUSH1 0x40 MLOAD DUP1 DUP3 DUP2 MSTORE PUSH1 0x20 ADD SWAP2 POP POP PUSH1 0x40 MLOAD DUP1 SWAP2 SUB SWAP1 RETURN JUMPDEST CALLVALUE ISZERO PUSH2 0x446 JUMPI PUSH1 0x0 DUP1 REVERT JUMPDEST PUSH2 0x44E PUSH2 0xD84 JUMP JUMPDEST PUSH1 0x40 MLOAD DUP1 DUP3 PUSH20 0xFFFFFFFFFFFFFFFFFFFFFFFFFFFFFFFFFFFFFFFF AND PUSH20 0xFFFFFFFFFFFFFFFFFFFFFFFFFFFFFFFFFFFFFFFF AND DUP2 MSTORE PUSH1 0x20 ADD SWAP2 POP POP PUSH1 0x40 MLOAD DUP1 SWAP2 SUB SWAP1 RETURN JUMPDEST CALLVALUE ISZERO PUSH2 0x49B JUMPI PUSH1 0x0 DUP1 REVERT JUMPDEST PUSH2 0x4A3 PUSH2 0xDA9 JUMP JUMPDEST PUSH1 0x40 MLOAD DUP1 DUP1 PUSH1 0x20 ADD DUP3 DUP2 SUB DUP3 MSTORE DUP4 DUP2 DUP2 MLOAD DUP2 MSTORE PUSH1 0x20 ADD SWAP2 POP DUP1 MLOAD SWAP1 PUSH1 0x20 ADD SWAP1 DUP1 DUP4 DUP4 PUSH1 0x0 JUMPDEST DUP4 DUP2 LT ISZERO PUSH2 0x4E3 JUMPI DUP1 DUP3 ADD MLOAD DUP2 DUP5 ADD MSTORE PUSH1 0x20 DUP2 ADD SWAP1 POP PUSH2 0x4C8 JUMP JUMPDEST POP POP POP POP SWAP1 POP SWAP1 DUP2 ADD SWAP1 PUSH1 0x1F AND DUP1 ISZERO PUSH2 0x510 JUMPI DUP1 DUP3 SUB DUP1 MLOAD PUSH1 0x1 DUP4 PUSH1 0x20 SUB PUSH2 0x100 EXP SUB NOT AND DUP2 MSTORE PUSH1 0x20 ADD SWAP2 POP JUMPDEST POP SWAP3 POP POP POP PUSH1 0x40 MLOAD DUP1 SWAP2 SUB SWAP1 RETURN JUMPDEST PUSH2 0x526 PUSH2 0xE47 JUMP JUMPDEST STOP JUMPDEST CALLVALUE ISZERO PUSH2 0x533 JUMPI PUSH1 0x0 DUP1 REVERT JUMPDEST PUSH2 0x568 PUSH1 0x4 DUP1 DUP1 CALLDATALOAD PUSH20 0xFFFFFFFFFFFFFFFFFFFFFFFFFFFFFFFFFFFFFFFF AND SWAP1 PUSH1 0x20 ADD SWAP1 SWAP2 SWAP1 DUP1 CALLDATALOAD SWAP1 PUSH1 0x20 ADD SWAP1 SWAP2 SWAP1 POP POP PUSH2 0xE67 JUMP JUMPDEST STOP JUMPDEST CALLVALUE ISZERO PUSH2 0x575 JUMPI PUSH1 0x0 DUP1 REVERT JUMPDEST PUSH2 0x5A1 PUSH1 0x4 DUP1 DUP1 CALLDATALOAD PUSH20 0xFFFFFFFFFFFFFFFFFFFFFFFFFFFFFFFFFFFFFFFF AND SWAP1 PUSH1 0x20 ADD SWAP1 SWAP2 SWAP1 POP POP PUSH2 0xE76 JUMP JUMPDEST PUSH1 0x40 MLOAD DUP1 DUP3 ISZERO ISZERO ISZERO ISZERO DUP2 MSTORE PUSH1 0x20 ADD SWAP2 POP POP PUSH1 0x40 MLOAD DUP1 SWAP2 SUB SWAP1 RETURN JUMPDEST CALLVALUE ISZERO PUSH2 0x5C6 JUMPI PUSH1 0x0 DUP1 REVERT JUMPDEST PUSH2 0x63E PUSH1 0x4 DUP1 DUP1 CALLDATALOAD PUSH20 0xFFFFFFFFFFFFFFFFFFFFFFFFFFFFFFFFFFFFFFFF AND SWAP1 PUSH1 0x20 ADD SWAP1 SWAP2 SWAP1 DUP1 CALLDATALOAD SWAP1 PUSH1 0x20 ADD SWAP1 SWAP2 SWAP1 DUP1 CALLDATALOAD SWAP1 PUSH1 0x20 ADD SWAP1 DUP3 ADD DUP1 CALLDATALOAD SWAP1 PUSH1 0x20 ADD SWAP1 DUP1 DUP1 PUSH1 0x1F ADD PUSH1 0x20 DUP1 SWAP2 DIV MUL PUSH1 0x20 ADD PUSH1 0x40 MLOAD SWAP1 DUP2 ADD PUSH1 0x40 MSTORE DUP1 SWAP4 SWAP3 SWAP2 SWAP1 DUP2 DUP2 MSTORE PUSH1 0x20 ADD DUP4 DUP4 DUP1 DUP3 DUP5 CALLDATACOPY DUP3 ADD SWAP2 POP POP POP POP POP POP SWAP2 SWAP1 POP POP PUSH2 0xE96 JUMP JUMPDEST PUSH1 0x40 MLOAD DUP1 DUP3 ISZERO ISZERO ISZERO ISZERO DUP2 MSTORE PUSH1 0x20 ADD SWAP2 POP POP PUSH1 0x40 MLOAD DUP1 SWAP2 SUB SWAP1 RETURN JUMPDEST CALLVALUE ISZERO PUSH2 0x663 JUMPI PUSH1 0x0 DUP1 REVERT JUMPDEST PUSH2 0x6AE PUSH1 0x4 DUP1 DUP1 CALLDATALOAD PUSH20 0xFFFFFFFFFFFFFFFFFFFFFFFFFFFFFFFFFFFFFFFF AND SWAP1 PUSH1 0x20 ADD SWAP1 SWAP2 SWAP1 DUP1 CALLDATALOAD PUSH20 0xFFFFFFFFFFFFFFFFFFFFFFFFFFFFFFFFFFFFFFFF AND SWAP1 PUSH1 0x20 ADD SWAP1 SWAP2 SWAP1 POP POP PUSH2 0x1014 JUMP JUMPDEST PUSH1 0x40 MLOAD DUP1 DUP3 DUP2 MSTORE PUSH1 0x20 ADD SWAP2 POP POP PUSH1 0x40 MLOAD DUP1 SWAP2 SUB SWAP1 RETURN JUMPDEST CALLVALUE ISZERO PUSH2 0x6CF JUMPI PUSH1 0x0 DUP1 REVERT JUMPDEST PUSH2 0x6E5 PUSH1 0x4 DUP1 DUP1 CALLDATALOAD SWAP1 PUSH1 0x20 ADD SWAP1 SWAP2 SWAP1 POP POP PUSH2 0x1039 JUMP JUMPDEST STOP JUMPDEST CALLVALUE ISZERO PUSH2 0x6F2 JUMPI PUSH1 0x0 DUP1 REVERT JUMPDEST PUSH2 0x729 PUSH1 0x4 DUP1 DUP1 CALLDATALOAD PUSH20 0xFFFFFFFFFFFFFFFFFFFFFFFFFFFFFFFFFFFFFFFF AND SWAP1 PUSH1 0x20 ADD SWAP1 SWAP2 SWAP1 DUP1 CALLDATALOAD ISZERO ISZERO SWAP1 PUSH1 0x20 ADD SWAP1 SWAP2 SWAP1 POP POP PUSH2 0x10B5 JUMP JUMPDEST STOP JUMPDEST CALLVALUE ISZERO PUSH2 0x736 JUMPI PUSH1 0x0 DUP1 REVERT JUMPDEST PUSH2 0x762 PUSH1 0x4 DUP1 DUP1 CALLDATALOAD PUSH20 0xFFFFFFFFFFFFFFFFFFFFFFFFFFFFFFFFFFFFFFFF AND SWAP1 PUSH1 0x20 ADD SWAP1 SWAP2 SWAP1 POP POP PUSH2 0x11DA JUMP JUMPDEST STOP JUMPDEST PUSH1 0x0 DUP1 SWAP1 SLOAD SWAP1 PUSH2 0x100 EXP SWAP1 DIV PUSH20 0xFFFFFFFFFFFFFFFFFFFFFFFFFFFFFFFFFFFFFFFF AND PUSH20 0xFFFFFFFFFFFFFFFFFFFFFFFFFFFFFFFFFFFFFFFF AND CALLER PUSH20 0xFFFFFFFFFFFFFFFFFFFFFFFFFFFFFFFFFFFFFFFF AND EQ ISZERO ISZERO PUSH2 0x7BF JUMPI PUSH1 0x0 DUP1 REVERT JUMPDEST DUP2 PUSH1 0x7 DUP2 SWAP1 SSTORE POP DUP1 PUSH1 0x8 DUP2 SWAP1 SSTORE POP POP POP JUMP JUMPDEST PUSH1 0x1 DUP1 SLOAD PUSH1 0x1 DUP2 PUSH1 0x1 AND ISZERO PUSH2 0x100 MUL SUB AND PUSH1 0x2 SWAP1 DIV DUP1 PUSH1 0x1F ADD PUSH1 0x20 DUP1 SWAP2 DIV MUL PUSH1 0x20 ADD PUSH1 0x40 MLOAD SWAP1 DUP2 ADD PUSH1 0x40 MSTORE DUP1 SWAP3 SWAP2 SWAP1 DUP2 DUP2 MSTORE PUSH1 0x20 ADD DUP3 DUP1 SLOAD PUSH1 0x1 DUP2 PUSH1 0x1 AND ISZERO PUSH2 0x100 MUL SUB AND PUSH1 0x2 SWAP1 DIV DUP1 ISZERO PUSH2 0x867 JUMPI DUP1 PUSH1 0x1F LT PUSH2 0x83C JUMPI PUSH2 0x100 DUP1 DUP4 SLOAD DIV MUL DUP4 MSTORE SWAP2 PUSH1 0x20 ADD SWAP2 PUSH2 0x867 JUMP JUMPDEST DUP3 ADD SWAP2 SWAP1 PUSH1 0x0 MSTORE PUSH1 0x20 PUSH1 0x0 KECCAK256 SWAP1 JUMPDEST DUP2 SLOAD DUP2 MSTORE SWAP1 PUSH1 0x1 ADD SWAP1 PUSH1 0x20 ADD DUP1 DUP4 GT PUSH2 0x84A JUMPI DUP3 SWAP1 SUB PUSH1 0x1F AND DUP3 ADD SWAP2 JUMPDEST POP POP POP POP POP DUP2 JUMP JUMPDEST PUSH1 0x0 DUP2 PUSH1 0x6 PUSH1 0x0 CALLER PUSH20 0xFFFFFFFFFFFFFFFFFFFFFFFFFFFFFFFFFFFFFFFF AND PUSH20 0xFFFFFFFFFFFFFFFFFFFFFFFFFFFFFFFFFFFFFFFF AND DUP2 MSTORE PUSH1 0x20 ADD SWAP1 DUP2 MSTORE PUSH1 0x20 ADD PUSH1 0x0 KECCAK256 PUSH1 0x0 DUP6 PUSH20 0xFFFFFFFFFFFFFFFFFFFFFFFFFFFFFFFFFFFFFFFF AND PUSH20 0xFFFFFFFFFFFFFFFFFFFFFFFFFFFFFFFFFFFFFFFF AND DUP2 MSTORE PUSH1 0x20 ADD SWAP1 DUP2 MSTORE PUSH1 0x20 ADD PUSH1 0x0 KECCAK256 DUP2 SWAP1 SSTORE POP PUSH1 0x1 SWAP1 POP SWAP3 SWAP2 POP POP JUMP JUMPDEST PUSH1 0x4 SLOAD DUP2 JUMP JUMPDEST PUSH1 0x0 PUSH1 0x6 PUSH1 0x0 DUP6 PUSH20 0xFFFFFFFFFFFFFFFFFFFFFFFFFFFFFFFFFFFFFFFF AND PUSH20 0xFFFFFFFFFFFFFFFFFFFFFFFFFFFFFFFFFFFFFFFF AND DUP2 MSTORE PUSH1 0x20 ADD SWAP1 DUP2 MSTORE PUSH1 0x20 ADD PUSH1 0x0 KECCAK256 PUSH1 0x0 CALLER PUSH20 0xFFFFFFFFFFFFFFFFFFFFFFFFFFFFFFFFFFFFFFFF AND PUSH20 0xFFFFFFFFFFFFFFFFFFFFFFFFFFFFFFFFFFFFFFFF AND DUP2 MSTORE PUSH1 0x20 ADD SWAP1 DUP2 MSTORE PUSH1 0x20 ADD PUSH1 0x0 KECCAK256 SLOAD DUP3 GT ISZERO ISZERO ISZERO PUSH2 0x98F JUMPI PUSH1 0x0 DUP1 REVERT JUMPDEST DUP2 PUSH1 0x6 PUSH1 0x0 DUP7 PUSH20 0xFFFFFFFFFFFFFFFFFFFFFFFFFFFFFFFFFFFFFFFF AND PUSH20 0xFFFFFFFFFFFFFFFFFFFFFFFFFFFFFFFFFFFFFFFF AND DUP2 MSTORE PUSH1 0x20 ADD SWAP1 DUP2 MSTORE PUSH1 0x20 ADD PUSH1 0x0 KECCAK256 PUSH1 0x0 CALLER PUSH20 0xFFFFFFFFFFFFFFFFFFFFFFFFFFFFFFFFFFFFFFFF AND PUSH20 0xFFFFFFFFFFFFFFFFFFFFFFFFFFFFFFFFFFFFFFFF AND DUP2 MSTORE PUSH1 0x20 ADD SWAP1 DUP2 MSTORE PUSH1 0x20 ADD PUSH1 0x0 KECCAK256 PUSH1 0x0 DUP3 DUP3 SLOAD SUB SWAP3 POP POP DUP2 SWAP1 SSTORE POP PUSH2 0xA24 DUP5 DUP5 DUP5 PUSH2 0x1278 JUMP JUMPDEST PUSH1 0x1 SWAP1 POP SWAP4 SWAP3 POP POP POP JUMP JUMPDEST PUSH1 0x3 PUSH1 0x0 SWAP1 SLOAD SWAP1 PUSH2 0x100 EXP SWAP1 DIV PUSH1 0xFF AND DUP2 JUMP JUMPDEST PUSH1 0x0 DUP2 PUSH1 0x5 PUSH1 0x0 CALLER PUSH20 0xFFFFFFFFFFFFFFFFFFFFFFFFFFFFFFFFFFFFFFFF AND PUSH20 0xFFFFFFFFFFFFFFFFFFFFFFFFFFFFFFFFFFFFFFFF AND DUP2 MSTORE PUSH1 0x20 ADD SWAP1 DUP2 MSTORE PUSH1 0x20 ADD PUSH1 0x0 KECCAK256 SLOAD LT ISZERO ISZERO ISZERO PUSH2 0xA92 JUMPI PUSH1 0x0 DUP1 REVERT JUMPDEST DUP2 PUSH1 0x5 PUSH1 0x0 CALLER PUSH20 0xFFFFFFFFFFFFFFFFFFFFFFFFFFFFFFFFFFFFFFFF AND PUSH20 0xFFFFFFFFFFFFFFFFFFFFFFFFFFFFFFFFFFFFFFFF AND DUP2 MSTORE PUSH1 0x20 ADD SWAP1 DUP2 MSTORE PUSH1 0x20 ADD PUSH1 0x0 KECCAK256 PUSH1 0x0 DUP3 DUP3 SLOAD SUB SWAP3 POP POP DUP2 SWAP1 SSTORE POP DUP2 PUSH1 0x4 PUSH1 0x0 DUP3 DUP3 SLOAD SUB SWAP3 POP POP DUP2 SWAP1 SSTORE POP CALLER PUSH20 0xFFFFFFFFFFFFFFFFFFFFFFFFFFFFFFFFFFFFFFFF AND PUSH32 0xCC16F5DBB4873280815C1EE09DBD06736CFFCC184412CF7A71A0FDB75D397CA5 DUP4 PUSH1 0x40 MLOAD DUP1 DUP3 DUP2 MSTORE PUSH1 0x20 ADD SWAP2 POP POP PUSH1 0x40 MLOAD DUP1 SWAP2 SUB SWAP1 LOG2 PUSH1 0x1 SWAP1 POP SWAP2 SWAP1 POP JUMP JUMPDEST PUSH1 0x7 SLOAD DUP2 JUMP JUMPDEST PUSH1 0x5 PUSH1 0x20 MSTORE DUP1 PUSH1 0x0 MSTORE PUSH1 0x40 PUSH1 0x0 KECCAK256 PUSH1 0x0 SWAP2 POP SWAP1 POP SLOAD DUP2 JUMP JUMPDEST PUSH1 0x0 DUP2 PUSH1 0x5 PUSH1 0x0 DUP6 PUSH20 0xFFFFFFFFFFFFFFFFFFFFFFFFFFFFFFFFFFFFFFFF AND PUSH20 0xFFFFFFFFFFFFFFFFFFFFFFFFFFFFFFFFFFFFFFFF AND DUP2 MSTORE PUSH1 0x20 ADD SWAP1 DUP2 MSTORE PUSH1 0x20 ADD PUSH1 0x0 KECCAK256 SLOAD LT ISZERO ISZERO ISZERO PUSH2 0xBB4 JUMPI PUSH1 0x0 DUP1 REVERT JUMPDEST PUSH1 0x6 PUSH1 0x0 DUP5 PUSH20 0xFFFFFFFFFFFFFFFFFFFFFFFFFFFFFFFFFFFFFFFF AND PUSH20 0xFFFFFFFFFFFFFFFFFFFFFFFFFFFFFFFFFFFFFFFF AND DUP2 MSTORE PUSH1 0x20 ADD SWAP1 DUP2 MSTORE PUSH1 0x20 ADD PUSH1 0x0 KECCAK256 PUSH1 0x0 CALLER PUSH20 0xFFFFFFFFFFFFFFFFFFFFFFFFFFFFFFFFFFFFFFFF AND PUSH20 0xFFFFFFFFFFFFFFFFFFFFFFFFFFFFFFFFFFFFFFFF AND DUP2 MSTORE PUSH1 0x20 ADD SWAP1 DUP2 MSTORE PUSH1 0x20 ADD PUSH1 0x0 KECCAK256 SLOAD DUP3 GT ISZERO ISZERO ISZERO PUSH2 0xC3F JUMPI PUSH1 0x0 DUP1 REVERT JUMPDEST DUP2 PUSH1 0x5 PUSH1 0x0 DUP6 PUSH20 0xFFFFFFFFFFFFFFFFFFFFFFFFFFFFFFFFFFFFFFFF AND PUSH20 0xFFFFFFFFFFFFFFFFFFFFFFFFFFFFFFFFFFFFFFFF AND DUP2 MSTORE PUSH1 0x20 ADD SWAP1 DUP2 MSTORE PUSH1 0x20 ADD PUSH1 0x0 KECCAK256 PUSH1 0x0 DUP3 DUP3 SLOAD SUB SWAP3 POP POP DUP2 SWAP1 SSTORE POP DUP2 PUSH1 0x6 PUSH1 0x0 DUP6 PUSH20 0xFFFFFFFFFFFFFFFFFFFFFFFFFFFFFFFFFFFFFFFF AND PUSH20 0xFFFFFFFFFFFFFFFFFFFFFFFFFFFFFFFFFFFFFFFF AND DUP2 MSTORE PUSH1 0x20 ADD SWAP1 DUP2 MSTORE PUSH1 0x20 ADD PUSH1 0x0 KECCAK256 PUSH1 0x0 CALLER PUSH20 0xFFFFFFFFFFFFFFFFFFFFFFFFFFFFFFFFFFFFFFFF AND PUSH20 0xFFFFFFFFFFFFFFFFFFFFFFFFFFFFFFFFFFFFFFFF AND DUP2 MSTORE PUSH1 0x20 ADD SWAP1 DUP2 MSTORE PUSH1 0x20 ADD PUSH1 0x0 KECCAK256 PUSH1 0x0 DUP3 DUP3 SLOAD SUB SWAP3 POP POP DUP2 SWAP1 SSTORE POP DUP2 PUSH1 0x4 PUSH1 0x0 DUP3 DUP3 SLOAD SUB SWAP3 POP POP DUP2 SWAP1 SSTORE POP DUP3 PUSH20 0xFFFFFFFFFFFFFFFFFFFFFFFFFFFFFFFFFFFFFFFF AND PUSH32 0xCC16F5DBB4873280815C1EE09DBD06736CFFCC184412CF7A71A0FDB75D397CA5 DUP4 PUSH1 0x40 MLOAD DUP1 DUP3 DUP2 MSTORE PUSH1 0x20 ADD SWAP2 POP POP PUSH1 0x40 MLOAD DUP1 SWAP2 SUB SWAP1 LOG2 PUSH1 0x1 SWAP1 POP SWAP3 SWAP2 POP POP JUMP JUMPDEST PUSH1 0x8 SLOAD DUP2 JUMP JUMPDEST PUSH1 0x0 DUP1 SWAP1 SLOAD SWAP1 PUSH2 0x100 EXP SWAP1 DIV PUSH20 0xFFFFFFFFFFFFFFFFFFFFFFFFFFFFFFFFFFFFFFFF AND DUP2 JUMP JUMPDEST PUSH1 0x2 DUP1 SLOAD PUSH1 0x1 DUP2 PUSH1 0x1 AND ISZERO PUSH2 0x100 MUL SUB AND PUSH1 0x2 SWAP1 DIV DUP1 PUSH1 0x1F ADD PUSH1 0x20 DUP1 SWAP2 DIV MUL PUSH1 0x20 ADD PUSH1 0x40 MLOAD SWAP1 DUP2 ADD PUSH1 0x40 MSTORE DUP1 SWAP3 SWAP2 SWAP1 DUP2 DUP2 MSTORE PUSH1 0x20 ADD DUP3 DUP1 SLOAD PUSH1 0x1 DUP2 PUSH1 0x1 AND ISZERO PUSH2 0x100 MUL SUB AND PUSH1 0x2 SWAP1 DIV DUP1 ISZERO PUSH2 0xE3F JUMPI DUP1 PUSH1 0x1F LT PUSH2 0xE14 JUMPI PUSH2 0x100 DUP1 DUP4 SLOAD DIV MUL DUP4 MSTORE SWAP2 PUSH1 0x20 ADD SWAP2 PUSH2 0xE3F JUMP JUMPDEST DUP3 ADD SWAP2 SWAP1 PUSH1 0x0 MSTORE PUSH1 0x20 PUSH1 0x0 KECCAK256 SWAP1 JUMPDEST DUP2 SLOAD DUP2 MSTORE SWAP1 PUSH1 0x1 ADD SWAP1 PUSH1 0x20 ADD DUP1 DUP4 GT PUSH2 0xE22 JUMPI DUP3 SWAP1 SUB PUSH1 0x1F AND DUP3 ADD SWAP2 JUMPDEST POP POP POP POP POP DUP2 JUMP JUMPDEST PUSH1 0x0 PUSH1 0x8 SLOAD CALLVALUE DUP2 ISZERO ISZERO PUSH2 0xE56 JUMPI INVALID JUMPDEST DIV SWAP1 POP PUSH2 0xE64 ADDRESS CALLER DUP4 PUSH2 0x1278 JUMP JUMPDEST POP JUMP JUMPDEST PUSH2 0xE72 CALLER DUP4 DUP4 PUSH2 0x1278 JUMP JUMPDEST POP POP JUMP JUMPDEST PUSH1 0x9 PUSH1 0x20 MSTORE DUP1 PUSH1 0x0 MSTORE PUSH1 0x40 PUSH1 0x0 KECCAK256 PUSH1 0x0 SWAP2 POP SLOAD SWAP1 PUSH2 0x100 EXP SWAP1 DIV PUSH1 0xFF AND DUP2 JUMP JUMPDEST PUSH1 0x0 DUP1 DUP5 SWAP1 POP PUSH2 0xEA6 DUP6 DUP6 PUSH2 0x86F JUMP JUMPDEST ISZERO PUSH2 0x100B JUMPI DUP1 PUSH20 0xFFFFFFFFFFFFFFFFFFFFFFFFFFFFFFFFFFFFFFFF AND PUSH4 0x8F4FFCB1 CALLER DUP7 ADDRESS DUP8 PUSH1 0x40 MLOAD DUP6 PUSH4 0xFFFFFFFF AND PUSH29 0x100000000000000000000000000000000000000000000000000000000 MUL DUP2 MSTORE PUSH1 0x4 ADD DUP1 DUP6 PUSH20 0xFFFFFFFFFFFFFFFFFFFFFFFFFFFFFFFFFFFFFFFF AND PUSH20 0xFFFFFFFFFFFFFFFFFFFFFFFFFFFFFFFFFFFFFFFF AND DUP2 MSTORE PUSH1 0x20 ADD DUP5 DUP2 MSTORE PUSH1 0x20 ADD DUP4 PUSH20 0xFFFFFFFFFFFFFFFFFFFFFFFFFFFFFFFFFFFFFFFF AND PUSH20 0xFFFFFFFFFFFFFFFFFFFFFFFFFFFFFFFFFFFFFFFF AND DUP2 MSTORE PUSH1 0x20 ADD DUP1 PUSH1 0x20 ADD DUP3 DUP2 SUB DUP3 MSTORE DUP4 DUP2 DUP2 MLOAD DUP2 MSTORE PUSH1 0x20 ADD SWAP2 POP DUP1 MLOAD SWAP1 PUSH1 0x20 ADD SWAP1 DUP1 DUP4 DUP4 PUSH1 0x0 JUMPDEST DUP4 DUP2 LT ISZERO PUSH2 0xFA0 JUMPI DUP1 DUP3 ADD MLOAD DUP2 DUP5 ADD MSTORE PUSH1 0x20 DUP2 ADD SWAP1 POP PUSH2 0xF85 JUMP JUMPDEST POP POP POP POP SWAP1 POP SWAP1 DUP2 ADD SWAP1 PUSH1 0x1F AND DUP1 ISZERO PUSH2 0xFCD JUMPI DUP1 DUP3 SUB DUP1 MLOAD PUSH1 0x1 DUP4 PUSH1 0x20 SUB PUSH2 0x100 EXP SUB NOT AND DUP2 MSTORE PUSH1 0x20 ADD SWAP2 POP JUMPDEST POP SWAP6 POP POP POP POP POP POP PUSH1 0x0 PUSH1 0x40 MLOAD DUP1 DUP4 SUB DUP2 PUSH1 0x0 DUP8 DUP1 EXTCODESIZE ISZERO ISZERO PUSH2 0xFEE JUMPI PUSH1 0x0 DUP1 REVERT JUMPDEST PUSH2 0x2C6 GAS SUB CALL ISZERO ISZERO PUSH2 0xFFF JUMPI PUSH1 0x0 DUP1 REVERT JUMPDEST POP POP POP PUSH1 0x1 SWAP2 POP PUSH2 0x100C JUMP JUMPDEST JUMPDEST POP SWAP4 SWAP3 POP POP POP JUMP JUMPDEST PUSH1 0x6 PUSH1 0x20 MSTORE DUP2 PUSH1 0x0 MSTORE PUSH1 0x40 PUSH1 0x0 KECCAK256 PUSH1 0x20 MSTORE DUP1 PUSH1 0x0 MSTORE PUSH1 0x40 PUSH1 0x0 KECCAK256 PUSH1 0x0 SWAP2 POP SWAP2 POP POP SLOAD DUP2 JUMP JUMPDEST PUSH1 0x7 SLOAD DUP2 MUL ADDRESS PUSH20 0xFFFFFFFFFFFFFFFFFFFFFFFFFFFFFFFFFFFFFFFF AND BALANCE LT ISZERO ISZERO ISZERO PUSH2 0x1063 JUMPI PUSH1 0x0 DUP1 REVERT JUMPDEST PUSH2 0x106E CALLER ADDRESS DUP4 PUSH2 0x1278 JUMP JUMPDEST CALLER PUSH20 0xFFFFFFFFFFFFFFFFFFFFFFFFFFFFFFFFFFFFFFFF AND PUSH2 0x8FC PUSH1 0x7 SLOAD DUP4 MUL SWAP1 DUP2 ISZERO MUL SWAP1 PUSH1 0x40 MLOAD PUSH1 0x0 PUSH1 0x40 MLOAD DUP1 DUP4 SUB DUP2 DUP6 DUP9 DUP9 CALL SWAP4 POP POP POP POP ISZERO ISZERO PUSH2 0x10B2 JUMPI PUSH1 0x0 DUP1 REVERT JUMPDEST POP JUMP JUMPDEST PUSH1 0x0 DUP1 SWAP1 SLOAD SWAP1 PUSH2 0x100 EXP SWAP1 DIV PUSH20 0xFFFFFFFFFFFFFFFFFFFFFFFFFFFFFFFFFFFFFFFF AND PUSH20 0xFFFFFFFFFFFFFFFFFFFFFFFFFFFFFFFFFFFFFFFF AND CALLER PUSH20 0xFFFFFFFFFFFFFFFFFFFFFFFFFFFFFFFFFFFFFFFF AND EQ ISZERO ISZERO PUSH2 0x1110 JUMPI PUSH1 0x0 DUP1 REVERT JUMPDEST DUP1 PUSH1 0x9 PUSH1 0x0 DUP5 PUSH20 0xFFFFFFFFFFFFFFFFFFFFFFFFFFFFFFFFFFFFFFFF AND PUSH20 0xFFFFFFFFFFFFFFFFFFFFFFFFFFFFFFFFFFFFFFFF AND DUP2 MSTORE PUSH1 0x20 ADD SWAP1 DUP2 MSTORE PUSH1 0x20 ADD PUSH1 0x0 KECCAK256 PUSH1 0x0 PUSH2 0x100 EXP DUP2 SLOAD DUP2 PUSH1 0xFF MUL NOT AND SWAP1 DUP4 ISZERO ISZERO MUL OR SWAP1 SSTORE POP PUSH32 0x48335238B4855F35377ED80F164E8C6F3C366E54AC00B96A6402D4A9814A03A5 DUP3 DUP3 PUSH1 0x40 MLOAD DUP1 DUP4 PUSH20 0xFFFFFFFFFFFFFFFFFFFFFFFFFFFFFFFFFFFFFFFF AND PUSH20 0xFFFFFFFFFFFFFFFFFFFFFFFFFFFFFFFFFFFFFFFF AND DUP2 MSTORE PUSH1 0x20 ADD DUP3 ISZERO ISZERO ISZERO ISZERO DUP2 MSTORE PUSH1 0x20 ADD SWAP3 POP POP POP PUSH1 0x40 MLOAD DUP1 SWAP2 SUB SWAP1 LOG1 POP POP JUMP JUMPDEST PUSH1 0x0 DUP1 SWAP1 SLOAD SWAP1 PUSH2 0x100 EXP SWAP1 DIV PUSH20 0xFFFFFFFFFFFFFFFFFFFFFFFFFFFFFFFFFFFFFFFF AND PUSH20 0xFFFFFFFFFFFFFFFFFFFFFFFFFFFFFFFFFFFFFFFF AND CALLER PUSH20 0xFFFFFFFFFFFFFFFFFFFFFFFFFFFFFFFFFFFFFFFF AND EQ ISZERO ISZERO PUSH2 0x1235 JUMPI PUSH1 0x0 DUP1 REVERT JUMPDEST DUP1 PUSH1 0x0 DUP1 PUSH2 0x100 EXP DUP2 SLOAD DUP2 PUSH20 0xFFFFFFFFFFFFFFFFFFFFFFFFFFFFFFFFFFFFFFFF MUL NOT AND SWAP1 DUP4 PUSH20 0xFFFFFFFFFFFFFFFFFFFFFFFFFFFFFFFFFFFFFFFF AND MUL OR SWAP1 SSTORE POP POP JUMP JUMPDEST PUSH1 0x0 DUP3 PUSH20 0xFFFFFFFFFFFFFFFFFFFFFFFFFFFFFFFFFFFFFFFF AND EQ ISZERO ISZERO ISZERO PUSH2 0x129E JUMPI PUSH1 0x0 DUP1 REVERT JUMPDEST DUP1 PUSH1 0x5 PUSH1 0x0 DUP6 PUSH20 0xFFFFFFFFFFFFFFFFFFFFFFFFFFFFFFFFFFFFFFFF AND PUSH20 0xFFFFFFFFFFFFFFFFFFFFFFFFFFFFFFFFFFFFFFFF AND DUP2 MSTORE PUSH1 0x20 ADD SWAP1 DUP2 MSTORE PUSH1 0x20 ADD PUSH1 0x0 KECCAK256 SLOAD LT ISZERO ISZERO ISZERO PUSH2 0x12EC JUMPI PUSH1 0x0 DUP1 REVERT JUMPDEST PUSH1 0x5 PUSH1 0x0 DUP4 PUSH20 0xFFFFFFFFFFFFFFFFFFFFFFFFFFFFFFFFFFFFFFFF AND PUSH20 0xFFFFFFFFFFFFFFFFFFFFFFFFFFFFFFFFFFFFFFFF AND DUP2 MSTORE PUSH1 0x20 ADD SWAP1 DUP2 MSTORE PUSH1 0x20 ADD PUSH1 0x0 KECCAK256 SLOAD DUP2 PUSH1 0x5 PUSH1 0x0 DUP6 PUSH20 0xFFFFFFFFFFFFFFFFFFFFFFFFFFFFFFFFFFFFFFFF AND PUSH20 0xFFFFFFFFFFFFFFFFFFFFFFFFFFFFFFFFFFFFFFFF AND DUP2 MSTORE PUSH1 0x20 ADD SWAP1 DUP2 MSTORE PUSH1 0x20 ADD PUSH1 0x0 KECCAK256 SLOAD ADD GT ISZERO ISZERO PUSH2 0x137A JUMPI PUSH1 0x0 DUP1 REVERT JUMPDEST PUSH1 0x9 PUSH1 0x0 DUP5 PUSH20 0xFFFFFFFFFFFFFFFFFFFFFFFFFFFFFFFFFFFFFFFF AND PUSH20 0xFFFFFFFFFFFFFFFFFFFFFFFFFFFFFFFFFFFFFFFF AND DUP2 MSTORE PUSH1 0x20 ADD SWAP1 DUP2 MSTORE PUSH1 0x20 ADD PUSH1 0x0 KECCAK256 PUSH1 0x0 SWAP1 SLOAD SWAP1 PUSH2 0x100 EXP SWAP1 DIV PUSH1 0xFF AND ISZERO ISZERO ISZERO PUSH2 0x13D3 JUMPI PUSH1 0x0 DUP1 REVERT JUMPDEST PUSH1 0x9 PUSH1 0x0 DUP4 PUSH20 0xFFFFFFFFFFFFFFFFFFFFFFFFFFFFFFFFFFFFFFFF AND PUSH20 0xFFFFFFFFFFFFFFFFFFFFFFFFFFFFFFFFFFFFFFFF AND DUP2 MSTORE PUSH1 0x20 ADD SWAP1 DUP2 MSTORE PUSH1 0x20 ADD PUSH1 0x0 KECCAK256 PUSH1 0x0 SWAP1 SLOAD SWAP1 PUSH2 0x100 EXP SWAP1 DIV PUSH1 0xFF AND ISZERO ISZERO ISZERO PUSH2 0x142C JUMPI PUSH1 0x0 DUP1 REVERT JUMPDEST DUP1 PUSH1 0x5 PUSH1 0x0 DUP6 PUSH20 0xFFFFFFFFFFFFFFFFFFFFFFFFFFFFFFFFFFFFFFFF AND PUSH20 0xFFFFFFFFFFFFFFFFFFFFFFFFFFFFFFFFFFFFFFFF AND DUP2 MSTORE PUSH1 0x20 ADD SWAP1 DUP2 MSTORE PUSH1 0x20 ADD PUSH1 0x0 KECCAK256 PUSH1 0x0 DUP3 DUP3 SLOAD SUB SWAP3 POP POP DUP2 SWAP1 SSTORE POP DUP1 PUSH1 0x5 PUSH1 0x0 DUP5 PUSH20 0xFFFFFFFFFFFFFFFFFFFFFFFFFFFFFFFFFFFFFFFF AND PUSH20 0xFFFFFFFFFFFFFFFFFFFFFFFFFFFFFFFFFFFFFFFF AND DUP2 MSTORE PUSH1 0x20 ADD SWAP1 DUP2 MSTORE PUSH1 0x20 ADD PUSH1 0x0 KECCAK256 PUSH1 0x0 DUP3 DUP3 SLOAD ADD SWAP3 POP POP DUP2 SWAP1 SSTORE POP DUP2 PUSH20 0xFFFFFFFFFFFFFFFFFFFFFFFFFFFFFFFFFFFFFFFF AND DUP4 PUSH20 0xFFFFFFFFFFFFFFFFFFFFFFFFFFFFFFFFFFFFFFFF AND PUSH32 0xDDF252AD1BE2C89B69C2B068FC378DAA952BA7F163C4A11628F55A4DF523B3EF DUP4 PUSH1 0x40 MLOAD DUP1 DUP3 DUP2 MSTORE PUSH1 0x20 ADD SWAP2 POP POP PUSH1 0x40 MLOAD DUP1 SWAP2 SUB SWAP1 LOG3 POP POP POP JUMP STOP LOG1 PUSH6 0x627A7A723058 KECCAK256 0x2b PUSH21 0x1518A5FC48D205F44052F1355422C68AA3EC1E743B 0xa6 DUP14 KECCAK256 SWAP10 MSTORE 0x4a 0xd6 0xd1 SWAP3 STOP 0x29
1,PUSH1 0x60 PUSH1 0x40 MSTORE PUSH1 0x0 DUP1 PUSH1 0x14 PUSH2 0x100 EXP DUP2 SLOAD DUP2 PUSH1 0xFF MUL NOT AND SWAP1 DUP4 ISZERO ISZERO MUL OR SWAP1 SSTORE POP CALLVALUE ISZERO PUSH2 0x29 JUMPI PUSH1 0x0 DUP1 REVERT JUMPDEST PUSH1 0x40 MLOAD PUSH1 0x20 DUP1 PUSH2 0x18D5 DUP4 CODECOPY DUP2 ADD PUSH1 0x40 MSTORE DUP1 DUP1 MLOAD SWAP1 PUSH1 0x20 ADD SWAP1 SWAP2 SWAP1 POP POP CALLER PUSH1 0x0 DUP1 PUSH2 0x100 EXP DUP2 SLOAD DUP2 PUSH20 0xFFFFFFFFFFFFFFFFFFFFFFFFFFFFFFFFFFFFFFFF MUL NOT AND SWAP1 DUP4 PUSH20 0xFFFFFFFFFFFFFFFFFFFFFFFFFFFFFFFFFFFFFFFF AND MUL OR SWAP1 SSTORE POP PUSH2 0x2710 DUP2 GT ISZERO ISZERO ISZERO PUSH2 0x96 JUMPI PUSH1 0x0 DUP1 REVERT JUMPDEST DUP1 PUSH1 0x1 DUP2 SWAP1 SSTORE POP POP PUSH2 0x1828 DUP1 PUSH2 0xAD PUSH1 0x0 CODECOPY PUSH1 0x0 RETURN STOP PUSH1 0x60 PUSH1 0x40 MSTORE PUSH1 0x4 CALLDATASIZE LT PUSH2 0xC5 JUMPI PUSH1 0x0 CALLDATALOAD PUSH29 0x100000000000000000000000000000000000000000000000000000000 SWAP1 DIV PUSH4 0xFFFFFFFF AND DUP1 PUSH4 0x1AE6B6EE EQ PUSH2 0xD2 JUMPI DUP1 PUSH4 0x3F4BA83A EQ PUSH2 0x114 JUMPI DUP1 PUSH4 0x59D667A5 EQ PUSH2 0x129 JUMPI DUP1 PUSH4 0x5C975ABB EQ PUSH2 0x160 JUMPI DUP1 PUSH4 0x5FD8C710 EQ PUSH2 0x18D JUMPI DUP1 PUSH4 0x6C54DF52 EQ PUSH2 0x1A2 JUMPI DUP1 PUSH4 0x762A66A2 EQ PUSH2 0x1F8 JUMPI DUP1 PUSH4 0x83B5FF8B EQ PUSH2 0x296 JUMPI DUP1 PUSH4 0x8456CB59 EQ PUSH2 0x2BF JUMPI DUP1 PUSH4 0x859B97FE EQ PUSH2 0x2D4 JUMPI DUP1 PUSH4 0x8DA5CB5B EQ PUSH2 0x316 JUMPI DUP1 PUSH4 0xE6EFFBE9 EQ PUSH2 0x36B JUMPI DUP1 PUSH4 0xF2FDE38B EQ PUSH2 0x3E7 JUMPI JUMPDEST CALLVALUE ISZERO PUSH2 0xD0 JUMPI PUSH1 0x0 DUP1 REVERT JUMPDEST STOP JUMPDEST CALLVALUE ISZERO PUSH2 0xDD JUMPI PUSH1 0x0 DUP1 REVERT JUMPDEST PUSH2 0x112 PUSH1 0x4 DUP1 DUP1 CALLDATALOAD PUSH20 0xFFFFFFFFFFFFFFFFFFFFFFFFFFFFFFFFFFFFFFFF AND SWAP1 PUSH1 0x20 ADD SWAP1 SWAP2 SWAP1 DUP1 CALLDATALOAD SWAP1 PUSH1 0x20 ADD SWAP1 SWAP2 SWAP1 POP POP PUSH2 0x420 JUMP JUMPDEST STOP JUMPDEST CALLVALUE ISZERO PUSH2 0x11F JUMPI PUSH1 0x0 DUP1 REVERT JUMPDEST PUSH2 0x127 PUSH2 0x531 JUMP JUMPDEST STOP JUMPDEST PUSH2 0x15E PUSH1 0x4 DUP1 DUP1 CALLDATALOAD PUSH20 0xFFFFFFFFFFFFFFFFFFFFFFFFFFFFFFFFFFFFFFFF AND SWAP1 PUSH1 0x20 ADD SWAP1 SWAP2 SWAP1 DUP1 CALLDATALOAD SWAP1 PUSH1 0x20 ADD SWAP1 SWAP2 SWAP1 POP POP PUSH2 0x5EF JUMP JUMPDEST STOP JUMPDEST CALLVALUE ISZERO PUSH2 0x16B JUMPI PUSH1 0x0 DUP1 REVERT JUMPDEST PUSH2 0x173 PUSH2 0x626 JUMP JUMPDEST PUSH1 0x40 MLOAD DUP1 DUP3 ISZERO ISZERO ISZERO ISZERO DUP2 MSTORE PUSH1 0x20 ADD SWAP2 POP POP PUSH1 0x40 MLOAD DUP1 SWAP2 SUB SWAP1 RETURN JUMPDEST CALLVALUE ISZERO PUSH2 0x198 JUMPI PUSH1 0x0 DUP1 REVERT JUMPDEST PUSH2 0x1A0 PUSH2 0x639 JUMP JUMPDEST STOP JUMPDEST CALLVALUE ISZERO PUSH2 0x1AD JUMPI PUSH1 0x0 DUP1 REVERT JUMPDEST PUSH2 0x1E2 PUSH1 0x4 DUP1 DUP1 CALLDATALOAD PUSH20 0xFFFFFFFFFFFFFFFFFFFFFFFFFFFFFFFFFFFFFFFF AND SWAP1 PUSH1 0x20 ADD SWAP1 SWAP2 SWAP1 DUP1 CALLDATALOAD SWAP1 PUSH1 0x20 ADD SWAP1 SWAP2 SWAP1 POP POP PUSH2 0x6ED JUMP JUMPDEST PUSH1 0x40 MLOAD DUP1 DUP3 DUP2 MSTORE PUSH1 0x20 ADD SWAP2 POP POP PUSH1 0x40 MLOAD DUP1 SWAP2 SUB SWAP1 RETURN JUMPDEST CALLVALUE ISZERO PUSH2 0x203 JUMPI PUSH1 0x0 DUP1 REVERT JUMPDEST PUSH2 0x238 PUSH1 0x4 DUP1 DUP1 CALLDATALOAD PUSH20 0xFFFFFFFFFFFFFFFFFFFFFFFFFFFFFFFFFFFFFFFF AND SWAP1 PUSH1 0x20 ADD SWAP1 SWAP2 SWAP1 DUP1 CALLDATALOAD SWAP1 PUSH1 0x20 ADD SWAP1 SWAP2 SWAP1 POP POP PUSH2 0x768 JUMP JUMPDEST PUSH1 0x40 MLOAD DUP1 DUP7 PUSH20 0xFFFFFFFFFFFFFFFFFFFFFFFFFFFFFFFFFFFFFFFF AND PUSH20 0xFFFFFFFFFFFFFFFFFFFFFFFFFFFFFFFFFFFFFFFF AND DUP2 MSTORE PUSH1 0x20 ADD DUP6 DUP2 MSTORE PUSH1 0x20 ADD DUP5 DUP2 MSTORE PUSH1 0x20 ADD DUP4 DUP2 MSTORE PUSH1 0x20 ADD DUP3 DUP2 MSTORE PUSH1 0x20 ADD SWAP6 POP POP POP POP POP POP PUSH1 0x40 MLOAD DUP1 SWAP2 SUB SWAP1 RETURN JUMPDEST CALLVALUE ISZERO PUSH2 0x2A1 JUMPI PUSH1 0x0 DUP1 REVERT JUMPDEST PUSH2 0x2A9 PUSH2 0x8C9 JUMP JUMPDEST PUSH1 0x40 MLOAD DUP1 DUP3 DUP2 MSTORE PUSH1 0x20 ADD SWAP2 POP POP PUSH1 0x40 MLOAD DUP1 SWAP2 SUB SWAP1 RETURN JUMPDEST CALLVALUE ISZERO PUSH2 0x2CA JUMPI PUSH1 0x0 DUP1 REVERT JUMPDEST PUSH2 0x2D2 PUSH2 0x8CF JUMP JUMPDEST STOP JUMPDEST CALLVALUE ISZERO PUSH2 0x2DF JUMPI PUSH1 0x0 DUP1 REVERT JUMPDEST PUSH2 0x314 PUSH1 0x4 DUP1 DUP1 CALLDATALOAD PUSH20 0xFFFFFFFFFFFFFFFFFFFFFFFFFFFFFFFFFFFFFFFF AND SWAP1 PUSH1 0x20 ADD SWAP1 SWAP2 SWAP1 DUP1 CALLDATALOAD SWAP1 PUSH1 0x20 ADD SWAP1 SWAP2 SWAP1 POP POP PUSH2 0x98F JUMP JUMPDEST STOP JUMPDEST CALLVALUE ISZERO PUSH2 0x321 JUMPI PUSH1 0x0 DUP1 REVERT JUMPDEST PUSH2 0x329 PUSH2 0xA6A JUMP JUMPDEST PUSH1 0x40 MLOAD DUP1 DUP3 PUSH20 0xFFFFFFFFFFFFFFFFFFFFFFFFFFFFFFFFFFFFFFFF AND PUSH20 0xFFFFFFFFFFFFFFFFFFFFFFFFFFFFFFFFFFFFFFFF AND DUP2 MSTORE PUSH1 0x20 ADD SWAP2 POP POP PUSH1 0x40 MLOAD DUP1 SWAP2 SUB SWAP1 RETURN JUMPDEST CALLVALUE ISZERO PUSH2 0x376 JUMPI PUSH1 0x0 DUP1 REVERT JUMPDEST PUSH2 0x3E5 PUSH1 0x4 DUP1 DUP1 CALLDATALOAD PUSH20 0xFFFFFFFFFFFFFFFFFFFFFFFFFFFFFFFFFFFFFFFF AND SWAP1 PUSH1 0x20 ADD SWAP1 SWAP2 SWAP1 DUP1 CALLDATALOAD SWAP1 PUSH1 0x20 ADD SWAP1 SWAP2 SWAP1 DUP1 CALLDATALOAD SWAP1 PUSH1 0x20 ADD SWAP1 SWAP2 SWAP1 DUP1 CALLDATALOAD SWAP1 PUSH1 0x20 ADD SWAP1 SWAP2 SWAP1 DUP1 CALLDATALOAD SWAP1 PUSH1 0x20 ADD SWAP1 SWAP2 SWAP1 DUP1 CALLDATALOAD PUSH20 0xFFFFFFFFFFFFFFFFFFFFFFFFFFFFFFFFFFFFFFFF AND SWAP1 PUSH1 0x20 ADD SWAP1 SWAP2 SWAP1 POP POP PUSH2 0xA8F JUMP JUMPDEST STOP JUMPDEST CALLVALUE ISZERO PUSH2 0x3F2 JUMPI PUSH1 0x0 DUP1 REVERT JUMPDEST PUSH2 0x41E PUSH1 0x4 DUP1 DUP1 CALLDATALOAD PUSH20 0xFFFFFFFFFFFFFFFFFFFFFFFFFFFFFFFFFFFFFFFF AND SWAP1 PUSH1 0x20 ADD SWAP1 SWAP2 SWAP1 POP POP PUSH2 0xBD5 JUMP JUMPDEST STOP JUMPDEST PUSH1 0x0 DUP1 PUSH1 0x14 SWAP1 SLOAD SWAP1 PUSH2 0x100 EXP SWAP1 DIV PUSH1 0xFF AND ISZERO ISZERO PUSH2 0x43C JUMPI PUSH1 0x0 DUP1 REVERT JUMPDEST PUSH1 0x0 DUP1 SWAP1 SLOAD SWAP1 PUSH2 0x100 EXP SWAP1 DIV PUSH20 0xFFFFFFFFFFFFFFFFFFFFFFFFFFFFFFFFFFFFFFFF AND PUSH20 0xFFFFFFFFFFFFFFFFFFFFFFFFFFFFFFFFFFFFFFFF AND CALLER PUSH20 0xFFFFFFFFFFFFFFFFFFFFFFFFFFFFFFFFFFFFFFFF AND EQ ISZERO ISZERO PUSH2 0x497 JUMPI PUSH1 0x0 DUP1 REVERT JUMPDEST PUSH1 0x2 PUSH1 0x0 DUP5 PUSH20 0xFFFFFFFFFFFFFFFFFFFFFFFFFFFFFFFFFFFFFFFF AND PUSH20 0xFFFFFFFFFFFFFFFFFFFFFFFFFFFFFFFFFFFFFFFF AND DUP2 MSTORE PUSH1 0x20 ADD SWAP1 DUP2 MSTORE PUSH1 0x20 ADD PUSH1 0x0 KECCAK256 PUSH1 0x0 DUP4 DUP2 MSTORE PUSH1 0x20 ADD SWAP1 DUP2 MSTORE PUSH1 0x20 ADD PUSH1 0x0 KECCAK256 SWAP1 POP PUSH2 0x4F2 DUP2 PUSH2 0xD2A JUMP JUMPDEST ISZERO ISZERO PUSH2 0x4FD JUMPI PUSH1 0x0 DUP1 REVERT JUMPDEST PUSH2 0x52C DUP4 DUP4 DUP4 PUSH1 0x1 ADD PUSH1 0x0 SWAP1 SLOAD SWAP1 PUSH2 0x100 EXP SWAP1 DIV PUSH20 0xFFFFFFFFFFFFFFFFFFFFFFFFFFFFFFFFFFFFFFFF AND PUSH2 0xD58 JUMP JUMPDEST POP POP POP JUMP JUMPDEST PUSH1 0x0 DUP1 SWAP1 SLOAD SWAP1 PUSH2 0x100 EXP SWAP1 DIV PUSH20 0xFFFFFFFFFFFFFFFFFFFFFFFFFFFFFFFFFFFFFFFF AND PUSH20 0xFFFFFFFFFFFFFFFFFFFFFFFFFFFFFFFFFFFFFFFF AND CALLER PUSH20 0xFFFFFFFFFFFFFFFFFFFFFFFFFFFFFFFFFFFFFFFF AND EQ ISZERO ISZERO PUSH2 0x58C JUMPI PUSH1 0x0 DUP1 REVERT JUMPDEST PUSH1 0x0 PUSH1 0x14 SWAP1 SLOAD SWAP1 PUSH2 0x100 EXP SWAP1 DIV PUSH1 0xFF AND ISZERO ISZERO PUSH2 0x5A7 JUMPI PUSH1 0x0 DUP1 REVERT JUMPDEST PUSH1 0x0 DUP1 PUSH1 0x14 PUSH2 0x100 EXP DUP2 SLOAD DUP2 PUSH1 0xFF MUL NOT AND SWAP1 DUP4 ISZERO ISZERO MUL OR SWAP1 SSTORE POP PUSH32 0x7805862F689E2F13DF9F062FF482AD3AD112ACA9E0847911ED832E158C525B33 PUSH1 0x40 MLOAD PUSH1 0x40 MLOAD DUP1 SWAP2 SUB SWAP1 LOG1 JUMP JUMPDEST PUSH1 0x0 PUSH1 0x14 SWAP1 SLOAD SWAP1 PUSH2 0x100 EXP SWAP1 DIV PUSH1 0xFF AND ISZERO ISZERO ISZERO PUSH2 0x60B JUMPI PUSH1 0x0 DUP1 REVERT JUMPDEST PUSH2 0x616 DUP3 DUP3 CALLVALUE PUSH2 0xDDD JUMP JUMPDEST POP PUSH2 0x622 DUP3 CALLER DUP4 PUSH2 0xFA7 JUMP JUMPDEST POP POP JUMP JUMPDEST PUSH1 0x0 PUSH1 0x14 SWAP1 SLOAD SWAP1 PUSH2 0x100 EXP SWAP1 DIV PUSH1 0xFF AND DUP2 JUMP JUMPDEST PUSH1 0x0 DUP1 SWAP1 SLOAD SWAP1 PUSH2 0x100 EXP SWAP1 DIV PUSH20 0xFFFFFFFFFFFFFFFFFFFFFFFFFFFFFFFFFFFFFFFF AND PUSH20 0xFFFFFFFFFFFFFFFFFFFFFFFFFFFFFFFFFFFFFFFF AND CALLER PUSH20 0xFFFFFFFFFFFFFFFFFFFFFFFFFFFFFFFFFFFFFFFF AND EQ ISZERO ISZERO PUSH2 0x694 JUMPI PUSH1 0x0 DUP1 REVERT JUMPDEST CALLER PUSH20 0xFFFFFFFFFFFFFFFFFFFFFFFFFFFFFFFFFFFFFFFF AND PUSH2 0x8FC ADDRESS PUSH20 0xFFFFFFFFFFFFFFFFFFFFFFFFFFFFFFFFFFFFFFFF AND BALANCE SWAP1 DUP2 ISZERO MUL SWAP1 PUSH1 0x40 MLOAD PUSH1 0x0 PUSH1 0x40 MLOAD DUP1 DUP4 SUB DUP2 DUP6 DUP9 DUP9 CALL SWAP4 POP POP POP POP ISZERO ISZERO PUSH2 0x6EB JUMPI PUSH1 0x0 DUP1 REVERT JUMPDEST JUMP JUMPDEST PUSH1 0x0 DUP1 PUSH1 0x2 PUSH1 0x0 DUP6 PUSH20 0xFFFFFFFFFFFFFFFFFFFFFFFFFFFFFFFFFFFFFFFF AND PUSH20 0xFFFFFFFFFFFFFFFFFFFFFFFFFFFFFFFFFFFFFFFF AND DUP2 MSTORE PUSH1 0x20 ADD SWAP1 DUP2 MSTORE PUSH1 0x20 ADD PUSH1 0x0 KECCAK256 PUSH1 0x0 DUP5 DUP2 MSTORE PUSH1 0x20 ADD SWAP1 DUP2 MSTORE PUSH1 0x20 ADD PUSH1 0x0 KECCAK256 SWAP1 POP PUSH2 0x74B DUP2 PUSH2 0xD2A JUMP JUMPDEST ISZERO ISZERO PUSH2 0x756 JUMPI PUSH1 0x0 DUP1 REVERT JUMPDEST PUSH2 0x75F DUP2 PUSH2 0x1070 JUMP JUMPDEST SWAP2 POP POP SWAP3 SWAP2 POP POP JUMP JUMPDEST PUSH1 0x0 DUP1 PUSH1 0x0 DUP1 PUSH1 0x0 DUP1 PUSH1 0x2 PUSH1 0x0 DUP10 PUSH20 0xFFFFFFFFFFFFFFFFFFFFFFFFFFFFFFFFFFFFFFFF AND PUSH20 0xFFFFFFFFFFFFFFFFFFFFFFFFFFFFFFFFFFFFFFFF AND DUP2 MSTORE PUSH1 0x20 ADD SWAP1 DUP2 MSTORE PUSH1 0x20 ADD PUSH1 0x0 KECCAK256 PUSH1 0x0 DUP9 DUP2 MSTORE PUSH1 0x20 ADD SWAP1 DUP2 MSTORE PUSH1 0x20 ADD PUSH1 0x0 KECCAK256 SWAP1 POP PUSH2 0x7CC DUP2 PUSH2 0xD2A JUMP JUMPDEST ISZERO ISZERO PUSH2 0x7D7 JUMPI PUSH1 0x0 DUP1 REVERT JUMPDEST DUP1 PUSH1 0x1 ADD PUSH1 0x0 SWAP1 SLOAD SWAP1 PUSH2 0x100 EXP SWAP1 DIV PUSH20 0xFFFFFFFFFFFFFFFFFFFFFFFFFFFFFFFFFFFFFFFF AND DUP2 PUSH1 0x2 ADD PUSH1 0x0 SWAP1 SLOAD SWAP1 PUSH2 0x100 EXP SWAP1 DIV PUSH16 0xFFFFFFFFFFFFFFFFFFFFFFFFFFFFFFFF AND DUP3 PUSH1 0x2 ADD PUSH1 0x10 SWAP1 SLOAD SWAP1 PUSH2 0x100 EXP SWAP1 DIV PUSH16 0xFFFFFFFFFFFFFFFFFFFFFFFFFFFFFFFF AND DUP4 PUSH1 0x3 ADD PUSH1 0x0 SWAP1 SLOAD SWAP1 PUSH2 0x100 EXP SWAP1 DIV PUSH8 0xFFFFFFFFFFFFFFFF AND DUP5 PUSH1 0x3 ADD PUSH1 0x8 SWAP1 SLOAD SWAP1 PUSH2 0x100 EXP SWAP1 DIV PUSH8 0xFFFFFFFFFFFFFFFF AND DUP4 PUSH16 0xFFFFFFFFFFFFFFFFFFFFFFFFFFFFFFFF AND SWAP4 POP DUP3 PUSH16 0xFFFFFFFFFFFFFFFFFFFFFFFFFFFFFFFF AND SWAP3 POP DUP2 PUSH8 0xFFFFFFFFFFFFFFFF AND SWAP2 POP DUP1 PUSH8 0xFFFFFFFFFFFFFFFF AND SWAP1 POP SWAP6 POP SWAP6 POP SWAP6 POP SWAP6 POP SWAP6 POP POP SWAP3 SWAP6 POP SWAP3 SWAP6 SWAP1 SWAP4 POP JUMP JUMPDEST PUSH1 0x1 SLOAD DUP2 JUMP JUMPDEST PUSH1 0x0 DUP1 SWAP1 SLOAD SWAP1 PUSH2 0x100 EXP SWAP1 DIV PUSH20 0xFFFFFFFFFFFFFFFFFFFFFFFFFFFFFFFFFFFFFFFF AND PUSH20 0xFFFFFFFFFFFFFFFFFFFFFFFFFFFFFFFFFFFFFFFF AND CALLER PUSH20 0xFFFFFFFFFFFFFFFFFFFFFFFFFFFFFFFFFFFFFFFF AND EQ ISZERO ISZERO PUSH2 0x92A JUMPI PUSH1 0x0 DUP1 REVERT JUMPDEST PUSH1 0x0 PUSH1 0x14 SWAP1 SLOAD SWAP1 PUSH2 0x100 EXP SWAP1 DIV PUSH1 0xFF AND ISZERO ISZERO ISZERO PUSH2 0x946 JUMPI PUSH1 0x0 DUP1 REVERT JUMPDEST PUSH1 0x1 PUSH1 0x0 PUSH1 0x14 PUSH2 0x100 EXP DUP2 SLOAD DUP2 PUSH1 0xFF MUL NOT AND SWAP1 DUP4 ISZERO ISZERO MUL OR SWAP1 SSTORE POP PUSH32 0x6985A02210A168E66602D3235CB6DB0E70F92B3BA4D376A33C0F3D9434BFF625 PUSH1 0x40 MLOAD PUSH1 0x40 MLOAD DUP1 SWAP2 SUB SWAP1 LOG1 JUMP JUMPDEST PUSH1 0x0 DUP1 PUSH1 0x2 PUSH1 0x0 DUP6 PUSH20 0xFFFFFFFFFFFFFFFFFFFFFFFFFFFFFFFFFFFFFFFF AND PUSH20 0xFFFFFFFFFFFFFFFFFFFFFFFFFFFFFFFFFFFFFFFF AND DUP2 MSTORE PUSH1 0x20 ADD SWAP1 DUP2 MSTORE PUSH1 0x20 ADD PUSH1 0x0 KECCAK256 PUSH1 0x0 DUP5 DUP2 MSTORE PUSH1 0x20 ADD SWAP1 DUP2 MSTORE PUSH1 0x20 ADD PUSH1 0x0 KECCAK256 SWAP2 POP PUSH2 0x9ED DUP3 PUSH2 0xD2A JUMP JUMPDEST ISZERO ISZERO PUSH2 0x9F8 JUMPI PUSH1 0x0 DUP1 REVERT JUMPDEST DUP2 PUSH1 0x1 ADD PUSH1 0x0 SWAP1 SLOAD SWAP1 PUSH2 0x100 EXP SWAP1 DIV PUSH20 0xFFFFFFFFFFFFFFFFFFFFFFFFFFFFFFFFFFFFFFFF AND SWAP1 POP DUP1 PUSH20 0xFFFFFFFFFFFFFFFFFFFFFFFFFFFFFFFFFFFFFFFF AND CALLER PUSH20 0xFFFFFFFFFFFFFFFFFFFFFFFFFFFFFFFFFFFFFFFF AND EQ ISZERO ISZERO PUSH2 0xA59 JUMPI PUSH1 0x0 DUP1 REVERT JUMPDEST PUSH2 0xA64 DUP5 DUP5 DUP4 PUSH2 0xD58 JUMP JUMPDEST POP POP POP POP JUMP JUMPDEST PUSH1 0x0 DUP1 SWAP1 SLOAD SWAP1 PUSH2 0x100 EXP SWAP1 DIV PUSH20 0xFFFFFFFFFFFFFFFFFFFFFFFFFFFFFFFFFFFFFFFF AND DUP2 JUMP JUMPDEST PUSH2 0xA97 PUSH2 0x1761 JUMP JUMPDEST PUSH1 0x0 PUSH1 0x14 SWAP1 SLOAD SWAP1 PUSH2 0x100 EXP SWAP1 DIV PUSH1 0xFF AND ISZERO ISZERO ISZERO PUSH2 0xAB3 JUMPI PUSH1 0x0 DUP1 REVERT JUMPDEST DUP5 PUSH16 0xFFFFFFFFFFFFFFFFFFFFFFFFFFFFFFFF DUP2 LT ISZERO ISZERO PUSH2 0xAD2 JUMPI PUSH1 0x0 DUP1 REVERT JUMPDEST DUP5 PUSH16 0xFFFFFFFFFFFFFFFFFFFFFFFFFFFFFFFF DUP2 LT ISZERO ISZERO PUSH2 0xAF1 JUMPI PUSH1 0x0 DUP1 REVERT JUMPDEST DUP5 PUSH8 0xFFFFFFFFFFFFFFFF DUP2 GT ISZERO ISZERO ISZERO PUSH2 0xB09 JUMPI PUSH1 0x0 DUP1 REVERT JUMPDEST PUSH2 0xB14 DUP11 CALLER DUP12 PUSH2 0x1163 JUMP JUMPDEST ISZERO ISZERO PUSH2 0xB1F JUMPI PUSH1 0x0 DUP1 REVERT JUMPDEST PUSH2 0xB2A DUP11 CALLER DUP12 PUSH2 0x123B JUMP JUMPDEST PUSH1 0xC0 PUSH1 0x40 MLOAD SWAP1 DUP2 ADD PUSH1 0x40 MSTORE DUP1 DUP12 PUSH20 0xFFFFFFFFFFFFFFFFFFFFFFFFFFFFFFFFFFFFFFFF AND DUP2 MSTORE PUSH1 0x20 ADD DUP7 PUSH20 0xFFFFFFFFFFFFFFFFFFFFFFFFFFFFFFFFFFFFFFFF AND DUP2 MSTORE PUSH1 0x20 ADD DUP10 PUSH16 0xFFFFFFFFFFFFFFFFFFFFFFFFFFFFFFFF AND DUP2 MSTORE PUSH1 0x20 ADD DUP9 PUSH16 0xFFFFFFFFFFFFFFFFFFFFFFFFFFFFFFFF AND DUP2 MSTORE PUSH1 0x20 ADD DUP8 PUSH8 0xFFFFFFFFFFFFFFFF AND DUP2 MSTORE PUSH1 0x20 ADD TIMESTAMP PUSH8 0xFFFFFFFFFFFFFFFF AND DUP2 MSTORE POP SWAP4 POP PUSH2 0xBC9 DUP11 DUP11 DUP7 PUSH2 0x1338 JUMP JUMPDEST POP POP POP POP POP POP POP POP POP POP JUMP JUMPDEST PUSH1 0x0 DUP1 SWAP1 SLOAD SWAP1 PUSH2 0x100 EXP SWAP1 DIV PUSH20 0xFFFFFFFFFFFFFFFFFFFFFFFFFFFFFFFFFFFFFFFF AND PUSH20 0xFFFFFFFFFFFFFFFFFFFFFFFFFFFFFFFFFFFFFFFF AND CALLER PUSH20 0xFFFFFFFFFFFFFFFFFFFFFFFFFFFFFFFFFFFFFFFF AND EQ ISZERO ISZERO PUSH2 0xC30 JUMPI PUSH1 0x0 DUP1 REVERT JUMPDEST PUSH1 0x0 PUSH20 0xFFFFFFFFFFFFFFFFFFFFFFFFFFFFFFFFFFFFFFFF AND DUP2 PUSH20 0xFFFFFFFFFFFFFFFFFFFFFFFFFFFFFFFFFFFFFFFF AND EQ ISZERO ISZERO ISZERO PUSH2 0xC6C JUMPI PUSH1 0x0 DUP1 REVERT JUMPDEST DUP1 PUSH20 0xFFFFFFFFFFFFFFFFFFFFFFFFFFFFFFFFFFFFFFFF AND PUSH1 0x0 DUP1 SWAP1 SLOAD SWAP1 PUSH2 0x100 EXP SWAP1 DIV PUSH20 0xFFFFFFFFFFFFFFFFFFFFFFFFFFFFFFFFFFFFFFFF AND PUSH20 0xFFFFFFFFFFFFFFFFFFFFFFFFFFFFFFFFFFFFFFFF AND PUSH32 0x8BE0079C531659141344CD1FD0A4F28419497F9722A3DAAFE3B4186F6B6457E0 PUSH1 0x40 MLOAD PUSH1 0x40 MLOAD DUP1 SWAP2 SUB SWAP1 LOG3 DUP1 PUSH1 0x0 DUP1 PUSH2 0x100 EXP DUP2 SLOAD DUP2 PUSH20 0xFFFFFFFFFFFFFFFFFFFFFFFFFFFFFFFFFFFFFFFF MUL NOT AND SWAP1 DUP4 PUSH20 0xFFFFFFFFFFFFFFFFFFFFFFFFFFFFFFFFFFFFFFFF AND MUL OR SWAP1 SSTORE POP POP JUMP JUMPDEST PUSH1 0x0 DUP1 DUP3 PUSH1 0x3 ADD PUSH1 0x8 SWAP1 SLOAD SWAP1 PUSH2 0x100 EXP SWAP1 DIV PUSH8 0xFFFFFFFFFFFFFFFF AND PUSH8 0xFFFFFFFFFFFFFFFF AND GT SWAP1 POP SWAP2 SWAP1 POP JUMP JUMPDEST PUSH2 0xD62 DUP4 DUP4 PUSH2 0x15D6 JUMP JUMPDEST PUSH2 0xD6D DUP4 DUP3 DUP5 PUSH2 0xFA7 JUMP JUMPDEST PUSH32 0x18B64B6242D32AA550E95D78985B938D71AF5B3F10827B0683F55DA16393048 DUP4 DUP4 PUSH1 0x40 MLOAD DUP1 DUP4 PUSH20 0xFFFFFFFFFFFFFFFFFFFFFFFFFFFFFFFFFFFFFFFF AND PUSH20 0xFFFFFFFFFFFFFFFFFFFFFFFFFFFFFFFFFFFFFFFF AND DUP2 MSTORE PUSH1 0x20 ADD DUP3 DUP2 MSTORE PUSH1 0x20 ADD SWAP3 POP POP POP PUSH1 0x40 MLOAD DUP1 SWAP2 SUB SWAP1 LOG1 POP POP POP JUMP JUMPDEST PUSH1 0x0 DUP1 PUSH1 0x0 DUP1 PUSH1 0x0 DUP1 PUSH1 0x2 PUSH1 0x0 DUP11 PUSH20 0xFFFFFFFFFFFFFFFFFFFFFFFFFFFFFFFFFFFFFFFF AND PUSH20 0xFFFFFFFFFFFFFFFFFFFFFFFFFFFFFFFFFFFFFFFF AND DUP2 MSTORE PUSH1 0x20 ADD SWAP1 DUP2 MSTORE PUSH1 0x20 ADD PUSH1 0x0 KECCAK256 PUSH1 0x0 DUP10 DUP2 MSTORE PUSH1 0x20 ADD SWAP1 DUP2 MSTORE PUSH1 0x20 ADD PUSH1 0x0 KECCAK256 SWAP5 POP PUSH2 0xE41 DUP6 PUSH2 0xD2A JUMP JUMPDEST ISZERO ISZERO PUSH2 0xE4C JUMPI PUSH1 0x0 DUP1 REVERT JUMPDEST PUSH2 0xE55 DUP6 PUSH2 0x1070 JUMP JUMPDEST SWAP4 POP DUP4 DUP8 LT ISZERO ISZERO ISZERO PUSH2 0xE66 JUMPI PUSH1 0x0 DUP1 REVERT JUMPDEST DUP5 PUSH1 0x1 ADD PUSH1 0x0 SWAP1 SLOAD SWAP1 PUSH2 0x100 EXP SWAP1 DIV PUSH20 0xFFFFFFFFFFFFFFFFFFFFFFFFFFFFFFFFFFFFFFFF AND SWAP3 POP PUSH2 0xE97 DUP10 DUP10 PUSH2 0x15D6 JUMP JUMPDEST PUSH1 0x0 DUP5 GT ISZERO PUSH2 0xEF1 JUMPI PUSH2 0xEA9 DUP5 PUSH2 0x16F7 JUMP JUMPDEST SWAP2 POP DUP2 DUP5 SUB SWAP1 POP DUP3 PUSH20 0xFFFFFFFFFFFFFFFFFFFFFFFFFFFFFFFFFFFFFFFF AND PUSH2 0x8FC DUP3 SWAP1 DUP2 ISZERO MUL SWAP1 PUSH1 0x40 MLOAD PUSH1 0x0 PUSH1 0x40 MLOAD DUP1 DUP4 SUB DUP2 DUP6 DUP9 DUP9 CALL SWAP4 POP POP POP POP ISZERO ISZERO PUSH2 0xEF0 JUMPI PUSH1 0x0 DUP1 REVERT JUMPDEST JUMPDEST PUSH32 0x6C00BB44A64DA29B6A73920D50FF280237D277BDA3E1F3CDF4E24392E6839EFE DUP10 DUP10 DUP7 CALLER PUSH1 0x40 MLOAD DUP1 DUP6 PUSH20 0xFFFFFFFFFFFFFFFFFFFFFFFFFFFFFFFFFFFFFFFF AND PUSH20 0xFFFFFFFFFFFFFFFFFFFFFFFFFFFFFFFFFFFFFFFF AND DUP2 MSTORE PUSH1 0x20 ADD DUP5 DUP2 MSTORE PUSH1 0x20 ADD DUP4 DUP2 MSTORE PUSH1 0x20 ADD DUP3 PUSH20 0xFFFFFFFFFFFFFFFFFFFFFFFFFFFFFFFFFFFFFFFF AND PUSH20 0xFFFFFFFFFFFFFFFFFFFFFFFFFFFFFFFFFFFFFFFF AND DUP2 MSTORE PUSH1 0x20 ADD SWAP5 POP POP POP POP POP PUSH1 0x40 MLOAD DUP1 SWAP2 SUB SWAP1 LOG1 DUP4 SWAP6 POP POP POP POP POP POP SWAP4 SWAP3 POP POP POP JUMP JUMPDEST PUSH1 0x0 PUSH2 0xFB2 DUP5 PUSH2 0x1712 JUMP JUMPDEST SWAP1 POP DUP1 PUSH20 0xFFFFFFFFFFFFFFFFFFFFFFFFFFFFFFFFFFFFFFFF AND PUSH4 0xA9059CBB DUP5 DUP5 PUSH1 0x40 MLOAD DUP4 PUSH4 0xFFFFFFFF AND PUSH29 0x100000000000000000000000000000000000000000000000000000000 MUL DUP2 MSTORE PUSH1 0x4 ADD DUP1 DUP4 PUSH20 0xFFFFFFFFFFFFFFFFFFFFFFFFFFFFFFFFFFFFFFFF AND PUSH20 0xFFFFFFFFFFFFFFFFFFFFFFFFFFFFFFFFFFFFFFFF AND DUP2 MSTORE PUSH1 0x20 ADD DUP3 DUP2 MSTORE PUSH1 0x20 ADD SWAP3 POP POP POP PUSH1 0x0 PUSH1 0x40 MLOAD DUP1 DUP4 SUB DUP2 PUSH1 0x0 DUP8 DUP1 EXTCODESIZE ISZERO ISZERO PUSH2 0x1056 JUMPI PUSH1 0x0 DUP1 REVERT JUMPDEST PUSH2 0x2C6 GAS SUB CALL ISZERO ISZERO PUSH2 0x1067 JUMPI PUSH1 0x0 DUP1 REVERT JUMPDEST POP POP POP POP POP POP POP JUMP JUMPDEST PUSH1 0x0 DUP1 PUSH1 0x0 SWAP1 POP DUP3 PUSH1 0x3 ADD PUSH1 0x8 SWAP1 SLOAD SWAP1 PUSH2 0x100 EXP SWAP1 DIV PUSH8 0xFFFFFFFFFFFFFFFF AND PUSH8 0xFFFFFFFFFFFFFFFF AND TIMESTAMP GT ISZERO PUSH2 0x10C9 JUMPI DUP3 PUSH1 0x3 ADD PUSH1 0x8 SWAP1 SLOAD SWAP1 PUSH2 0x100 EXP SWAP1 DIV PUSH8 0xFFFFFFFFFFFFFFFF AND PUSH8 0xFFFFFFFFFFFFFFFF AND TIMESTAMP SUB SWAP1 POP JUMPDEST PUSH2 0x115B DUP4 PUSH1 0x2 ADD PUSH1 0x0 SWAP1 SLOAD SWAP1 PUSH2 0x100 EXP SWAP1 DIV PUSH16 0xFFFFFFFFFFFFFFFFFFFFFFFFFFFFFFFF AND PUSH16 0xFFFFFFFFFFFFFFFFFFFFFFFFFFFFFFFF AND DUP5 PUSH1 0x2 ADD PUSH1 0x10 SWAP1 SLOAD SWAP1 PUSH2 0x100 EXP SWAP1 DIV PUSH16 0xFFFFFFFFFFFFFFFFFFFFFFFFFFFFFFFF AND PUSH16 0xFFFFFFFFFFFFFFFFFFFFFFFFFFFFFFFF AND DUP6 PUSH1 0x3 ADD PUSH1 0x0 SWAP1 SLOAD SWAP1 PUSH2 0x100 EXP SWAP1 DIV PUSH8 0xFFFFFFFFFFFFFFFF AND PUSH8 0xFFFFFFFFFFFFFFFF AND DUP5 PUSH2 0x1721 JUMP JUMPDEST SWAP2 POP POP SWAP2 SWAP1 POP JUMP JUMPDEST PUSH1 0x0 DUP1 PUSH2 0x116F DUP6 PUSH2 0x1712 JUMP JUMPDEST SWAP1 POP DUP4 PUSH20 0xFFFFFFFFFFFFFFFFFFFFFFFFFFFFFFFFFFFFFFFF AND DUP2 PUSH20 0xFFFFFFFFFFFFFFFFFFFFFFFFFFFFFFFFFFFFFFFF AND PUSH4 0x6352211E DUP6 PUSH1 0x0 PUSH1 0x40 MLOAD PUSH1 0x20 ADD MSTORE PUSH1 0x40 MLOAD DUP3 PUSH4 0xFFFFFFFF AND PUSH29 0x100000000000000000000000000000000000000000000000000000000 MUL DUP2 MSTORE PUSH1 0x4 ADD DUP1 DUP3 DUP2 MSTORE PUSH1 0x20 ADD SWAP2 POP POP PUSH1 0x20 PUSH1 0x40 MLOAD DUP1 DUP4 SUB DUP2 PUSH1 0x0 DUP8 DUP1 EXTCODESIZE ISZERO ISZERO PUSH2 0x11FF JUMPI PUSH1 0x0 DUP1 REVERT JUMPDEST PUSH2 0x2C6 GAS SUB CALL ISZERO ISZERO PUSH2 0x1210 JUMPI PUSH1 0x0 DUP1 REVERT JUMPDEST POP POP POP PUSH1 0x40 MLOAD DUP1 MLOAD SWAP1 POP PUSH20 0xFFFFFFFFFFFFFFFFFFFFFFFFFFFFFFFFFFFFFFFF AND EQ SWAP2 POP POP SWAP4 SWAP3 POP POP POP JUMP JUMPDEST PUSH1 0x0 PUSH2 0x1246 DUP5 PUSH2 0x1712 JUMP JUMPDEST SWAP1 POP DUP1 PUSH20 0xFFFFFFFFFFFFFFFFFFFFFFFFFFFFFFFFFFFFFFFF AND PUSH4 0x23B872DD DUP5 ADDRESS DUP6 PUSH1 0x40 MLOAD DUP5 PUSH4 0xFFFFFFFF AND PUSH29 0x100000000000000000000000000000000000000000000000000000000 MUL DUP2 MSTORE PUSH1 0x4 ADD DUP1 DUP5 PUSH20 0xFFFFFFFFFFFFFFFFFFFFFFFFFFFFFFFFFFFFFFFF AND PUSH20 0xFFFFFFFFFFFFFFFFFFFFFFFFFFFFFFFFFFFFFFFF AND DUP2 MSTORE PUSH1 0x20 ADD DUP4 PUSH20 0xFFFFFFFFFFFFFFFFFFFFFFFFFFFFFFFFFFFFFFFF AND PUSH20 0xFFFFFFFFFFFFFFFFFFFFFFFFFFFFFFFFFFFFFFFF AND DUP2 MSTORE PUSH1 0x20 ADD DUP3 DUP2 MSTORE PUSH1 0x20 ADD SWAP4 POP POP POP POP PUSH1 0x0 PUSH1 0x40 MLOAD DUP1 DUP4 SUB DUP2 PUSH1 0x0 DUP8 DUP1 EXTCODESIZE ISZERO ISZERO PUSH2 0x131E JUMPI PUSH1 0x0 DUP1 REVERT JUMPDEST PUSH2 0x2C6 GAS SUB CALL ISZERO ISZERO PUSH2 0x132F JUMPI PUSH1 0x0 DUP1 REVERT JUMPDEST POP POP POP POP POP POP POP JUMP JUMPDEST PUSH1 0x3C DUP2 PUSH1 0x80 ADD MLOAD PUSH8 0xFFFFFFFFFFFFFFFF AND LT ISZERO ISZERO ISZERO PUSH2 0x1356 JUMPI PUSH1 0x0 DUP1 REVERT JUMPDEST DUP1 PUSH1 0x2 PUSH1 0x0 DUP6 PUSH20 0xFFFFFFFFFFFFFFFFFFFFFFFFFFFFFFFFFFFFFFFF AND PUSH20 0xFFFFFFFFFFFFFFFFFFFFFFFFFFFFFFFFFFFFFFFF AND DUP2 MSTORE PUSH1 0x20 ADD SWAP1 DUP2 MSTORE PUSH1 0x20 ADD PUSH1 0x0 KECCAK256 PUSH1 0x0 DUP5 DUP2 MSTORE PUSH1 0x20 ADD SWAP1 DUP2 MSTORE PUSH1 0x20 ADD PUSH1 0x0 KECCAK256 PUSH1 0x0 DUP3 ADD MLOAD DUP2 PUSH1 0x0 ADD PUSH1 0x0 PUSH2 0x100 EXP DUP2 SLOAD DUP2 PUSH20 0xFFFFFFFFFFFFFFFFFFFFFFFFFFFFFFFFFFFFFFFF MUL NOT AND SWAP1 DUP4 PUSH20 0xFFFFFFFFFFFFFFFFFFFFFFFFFFFFFFFFFFFFFFFF AND MUL OR SWAP1 SSTORE POP PUSH1 0x20 DUP3 ADD MLOAD DUP2 PUSH1 0x1 ADD PUSH1 0x0 PUSH2 0x100 EXP DUP2 SLOAD DUP2 PUSH20 0xFFFFFFFFFFFFFFFFFFFFFFFFFFFFFFFFFFFFFFFF MUL NOT AND SWAP1 DUP4 PUSH20 0xFFFFFFFFFFFFFFFFFFFFFFFFFFFFFFFFFFFFFFFF AND MUL OR SWAP1 SSTORE POP PUSH1 0x40 DUP3 ADD MLOAD DUP2 PUSH1 0x2 ADD PUSH1 0x0 PUSH2 0x100 EXP DUP2 SLOAD DUP2 PUSH16 0xFFFFFFFFFFFFFFFFFFFFFFFFFFFFFFFF MUL NOT AND SWAP1 DUP4 PUSH16 0xFFFFFFFFFFFFFFFFFFFFFFFFFFFFFFFF AND MUL OR SWAP1 SSTORE POP PUSH1 0x60 DUP3 ADD MLOAD DUP2 PUSH1 0x2 ADD PUSH1 0x10 PUSH2 0x100 EXP DUP2 SLOAD DUP2 PUSH16 0xFFFFFFFFFFFFFFFFFFFFFFFFFFFFFFFF MUL NOT AND SWAP1 DUP4 PUSH16 0xFFFFFFFFFFFFFFFFFFFFFFFFFFFFFFFF AND MUL OR SWAP1 SSTORE POP PUSH1 0x80 DUP3 ADD MLOAD DUP2 PUSH1 0x3 ADD PUSH1 0x0 PUSH2 0x100 EXP DUP2 SLOAD DUP2 PUSH8 0xFFFFFFFFFFFFFFFF MUL NOT AND SWAP1 DUP4 PUSH8 0xFFFFFFFFFFFFFFFF AND MUL OR SWAP1 SSTORE POP PUSH1 0xA0 DUP3 ADD MLOAD DUP2 PUSH1 0x3 ADD PUSH1 0x8 PUSH2 0x100 EXP DUP2 SLOAD DUP2 PUSH8 0xFFFFFFFFFFFFFFFF MUL NOT AND SWAP1 DUP4 PUSH8 0xFFFFFFFFFFFFFFFF AND MUL OR SWAP1 SSTORE POP SWAP1 POP POP PUSH32 0xB0C0552F858E630668CC4C58A1B7D1BD302EFA77C15D8EC0F1FE725053C59801 DUP4 DUP4 DUP4 PUSH1 0x40 ADD MLOAD PUSH16 0xFFFFFFFFFFFFFFFFFFFFFFFFFFFFFFFF AND DUP5 PUSH1 0x60 ADD MLOAD PUSH16 0xFFFFFFFFFFFFFFFFFFFFFFFFFFFFFFFF AND DUP6 PUSH1 0x80 ADD MLOAD PUSH8 0xFFFFFFFFFFFFFFFF AND PUSH1 0x40 MLOAD DUP1 DUP7 PUSH20 0xFFFFFFFFFFFFFFFFFFFFFFFFFFFFFFFFFFFFFFFF AND PUSH20 0xFFFFFFFFFFFFFFFFFFFFFFFFFFFFFFFFFFFFFFFF AND DUP2 MSTORE PUSH1 0x20 ADD DUP6 DUP2 MSTORE PUSH1 0x20 ADD DUP5 DUP2 MSTORE PUSH1 0x20 ADD DUP4 DUP2 MSTORE PUSH1 0x20 ADD DUP3 DUP2 MSTORE PUSH1 0x20 ADD SWAP6 POP POP POP POP POP POP PUSH1 0x40 MLOAD DUP1 SWAP2 SUB SWAP1 LOG1 POP POP POP JUMP JUMPDEST PUSH1 0x2 PUSH1 0x0 DUP4 PUSH20 0xFFFFFFFFFFFFFFFFFFFFFFFFFFFFFFFFFFFFFFFF AND PUSH20 0xFFFFFFFFFFFFFFFFFFFFFFFFFFFFFFFFFFFFFFFF AND DUP2 MSTORE PUSH1 0x20 ADD SWAP1 DUP2 MSTORE PUSH1 0x20 ADD PUSH1 0x0 KECCAK256 PUSH1 0x0 DUP3 DUP2 MSTORE PUSH1 0x20 ADD SWAP1 DUP2 MSTORE PUSH1 0x20 ADD PUSH1 0x0 KECCAK256 PUSH1 0x0 DUP1 DUP3 ADD PUSH1 0x0 PUSH2 0x100 EXP DUP2 SLOAD SWAP1 PUSH20 0xFFFFFFFFFFFFFFFFFFFFFFFFFFFFFFFFFFFFFFFF MUL NOT AND SWAP1 SSTORE PUSH1 0x1 DUP3 ADD PUSH1 0x0 PUSH2 0x100 EXP DUP2 SLOAD SWAP1 PUSH20 0xFFFFFFFFFFFFFFFFFFFFFFFFFFFFFFFFFFFFFFFF MUL NOT AND SWAP1 SSTORE PUSH1 0x2 DUP3 ADD PUSH1 0x0 PUSH2 0x100 EXP DUP2 SLOAD SWAP1 PUSH16 0xFFFFFFFFFFFFFFFFFFFFFFFFFFFFFFFF MUL NOT AND SWAP1 SSTORE PUSH1 0x2 DUP3 ADD PUSH1 0x10 PUSH2 0x100 EXP DUP2 SLOAD SWAP1 PUSH16 0xFFFFFFFFFFFFFFFFFFFFFFFFFFFFFFFF MUL NOT AND SWAP1 SSTORE PUSH1 0x3 DUP3 ADD PUSH1 0x0 PUSH2 0x100 EXP DUP2 SLOAD SWAP1 PUSH8 0xFFFFFFFFFFFFFFFF MUL NOT AND SWAP1 SSTORE PUSH1 0x3 DUP3 ADD PUSH1 0x8 PUSH2 0x100 EXP DUP2 SLOAD SWAP1 PUSH8 0xFFFFFFFFFFFFFFFF MUL NOT AND SWAP1 SSTORE POP POP POP POP JUMP JUMPDEST PUSH1 0x0 PUSH2 0x2710 PUSH1 0x1 SLOAD DUP4 MUL DUP2 ISZERO ISZERO PUSH2 0x170A JUMPI INVALID JUMPDEST DIV SWAP1 POP SWAP2 SWAP1 POP JUMP JUMPDEST PUSH1 0x0 DUP1 DUP3 SWAP1 POP DUP1 SWAP2 POP POP SWAP2 SWAP1 POP JUMP JUMPDEST PUSH1 0x0 DUP1 PUSH1 0x0 DUP1 DUP6 DUP6 LT ISZERO ISZERO PUSH2 0x1738 JUMPI DUP7 SWAP4 POP PUSH2 0x1756 JUMP JUMPDEST DUP8 DUP8 SUB SWAP3 POP DUP6 DUP6 DUP5 MUL DUP2 ISZERO ISZERO PUSH2 0x174A JUMPI INVALID JUMPDEST SDIV SWAP2 POP DUP2 DUP9 ADD SWAP1 POP DUP1 SWAP4 POP JUMPDEST POP POP POP SWAP5 SWAP4 POP POP POP POP JUMP JUMPDEST PUSH1 0xC0 PUSH1 0x40 MLOAD SWAP1 DUP2 ADD PUSH1 0x40 MSTORE DUP1 PUSH1 0x0 PUSH20 0xFFFFFFFFFFFFFFFFFFFFFFFFFFFFFFFFFFFFFFFF AND DUP2 MSTORE PUSH1 0x20 ADD PUSH1 0x0 PUSH20 0xFFFFFFFFFFFFFFFFFFFFFFFFFFFFFFFFFFFFFFFF AND DUP2 MSTORE PUSH1 0x20 ADD PUSH1 0x0 PUSH16 0xFFFFFFFFFFFFFFFFFFFFFFFFFFFFFFFF AND DUP2 MSTORE PUSH1 0x20 ADD PUSH1 0x0 PUSH16 0xFFFFFFFFFFFFFFFFFFFFFFFFFFFFFFFF AND DUP2 MSTORE PUSH1 0x20 ADD PUSH1 0x0 PUSH8 0xFFFFFFFFFFFFFFFF AND DUP2 MSTORE PUSH1 0x20 ADD PUSH1 0x0 PUSH8 0xFFFFFFFFFFFFFFFF AND DUP2 MSTORE POP SWAP1 JUMP STOP LOG1 PUSH6 0x627A7A723058 KECCAK256 0x28 PUSH2 0x3395 MSIZE SHL 0xc9 DUP13 SWAP9 PUSH21 0x2207B5EF8747F54B382F4FC1386C44DD6A16AB00DE DUP15 STOP 0x29
1,PUSH1 0x60 PUSH1 0x40 MSTORE PUSH1 0x0 PUSH1 0x1 PUSH1 0x14 PUSH2 0x100 EXP DUP2 SLOAD DUP2 PUSH1 0xFF MUL NOT AND SWAP1 DUP4 ISZERO ISZERO MUL OR SWAP1 SSTORE POP CALLVALUE ISZERO PUSH2 0x2A JUMPI PUSH1 0x0 DUP1 REVERT JUMPDEST CALLER PUSH1 0x0 DUP1 PUSH2 0x100 EXP DUP2 SLOAD DUP2 PUSH20 0xFFFFFFFFFFFFFFFFFFFFFFFFFFFFFFFFFFFFFFFF MUL NOT AND SWAP1 DUP4 PUSH20 0xFFFFFFFFFFFFFFFFFFFFFFFFFFFFFFFFFFFFFFFF AND MUL OR SWAP1 SSTORE POP CALLER PUSH1 0x2 PUSH1 0x0 PUSH2 0x100 EXP DUP2 SLOAD DUP2 PUSH20 0xFFFFFFFFFFFFFFFFFFFFFFFFFFFFFFFFFFFFFFFF MUL NOT AND SWAP1 DUP4 PUSH20 0xFFFFFFFFFFFFFFFFFFFFFFFFFFFFFFFFFFFFFFFF AND MUL OR SWAP1 SSTORE POP CALLER PUSH1 0x3 PUSH1 0x0 PUSH2 0x100 EXP DUP2 SLOAD DUP2 PUSH20 0xFFFFFFFFFFFFFFFFFFFFFFFFFFFFFFFFFFFFFFFF MUL NOT AND SWAP1 DUP4 PUSH20 0xFFFFFFFFFFFFFFFFFFFFFFFFFFFFFFFFFFFFFFFF AND MUL OR SWAP1 SSTORE POP PUSH2 0xBEB DUP1 PUSH2 0xFB PUSH1 0x0 CODECOPY PUSH1 0x0 RETURN STOP PUSH1 0x60 PUSH1 0x40 MSTORE PUSH1 0x4 CALLDATASIZE LT PUSH2 0xBA JUMPI PUSH1 0x0 CALLDATALOAD PUSH29 0x100000000000000000000000000000000000000000000000000000000 SWAP1 DIV PUSH4 0xFFFFFFFF AND DUP1 PUSH4 0x519CE79 EQ PUSH2 0xBF JUMPI DUP1 PUSH4 0x17FFC320 EQ PUSH2 0x114 JUMPI DUP1 PUSH4 0x2BA73C15 EQ PUSH2 0x14D JUMPI DUP1 PUSH4 0x3F4BA83A EQ PUSH2 0x186 JUMPI DUP1 PUSH4 0x4E0A3379 EQ PUSH2 0x19B JUMPI DUP1 PUSH4 0x4E71E0C8 EQ PUSH2 0x1D4 JUMPI DUP1 PUSH4 0x5C975ABB EQ PUSH2 0x1E9 JUMPI DUP1 PUSH4 0x8456CB59 EQ PUSH2 0x216 JUMPI DUP1 PUSH4 0x8DA5CB5B EQ PUSH2 0x22B JUMPI DUP1 PUSH4 0xB047FB50 EQ PUSH2 0x280 JUMPI DUP1 PUSH4 0xE30C3978 EQ PUSH2 0x2D5 JUMPI DUP1 PUSH4 0xF2FDE38B EQ PUSH2 0x32A JUMPI JUMPDEST PUSH1 0x0 DUP1 REVERT JUMPDEST CALLVALUE ISZERO PUSH2 0xCA JUMPI PUSH1 0x0 DUP1 REVERT JUMPDEST PUSH2 0xD2 PUSH2 0x363 JUMP JUMPDEST PUSH1 0x40 MLOAD DUP1 DUP3 PUSH20 0xFFFFFFFFFFFFFFFFFFFFFFFFFFFFFFFFFFFFFFFF AND PUSH20 0xFFFFFFFFFFFFFFFFFFFFFFFFFFFFFFFFFFFFFFFF AND DUP2 MSTORE PUSH1 0x20 ADD SWAP2 POP POP PUSH1 0x40 MLOAD DUP1 SWAP2 SUB SWAP1 RETURN JUMPDEST CALLVALUE ISZERO PUSH2 0x11F JUMPI PUSH1 0x0 DUP1 REVERT JUMPDEST PUSH2 0x14B PUSH1 0x4 DUP1 DUP1 CALLDATALOAD PUSH20 0xFFFFFFFFFFFFFFFFFFFFFFFFFFFFFFFFFFFFFFFF AND SWAP1 PUSH1 0x20 ADD SWAP1 SWAP2 SWAP1 POP POP PUSH2 0x389 JUMP JUMPDEST STOP JUMPDEST CALLVALUE ISZERO PUSH2 0x158 JUMPI PUSH1 0x0 DUP1 REVERT JUMPDEST PUSH2 0x184 PUSH1 0x4 DUP1 DUP1 CALLDATALOAD PUSH20 0xFFFFFFFFFFFFFFFFFFFFFFFFFFFFFFFFFFFFFFFF AND SWAP1 PUSH1 0x20 ADD SWAP1 SWAP2 SWAP1 POP POP PUSH2 0x4F6 JUMP JUMPDEST STOP JUMPDEST CALLVALUE ISZERO PUSH2 0x191 JUMPI PUSH1 0x0 DUP1 REVERT JUMPDEST PUSH2 0x199 PUSH2 0x5D1 JUMP JUMPDEST STOP JUMPDEST CALLVALUE ISZERO PUSH2 0x1A6 JUMPI PUSH1 0x0 DUP1 REVERT JUMPDEST PUSH2 0x1D2 PUSH1 0x4 DUP1 DUP1 CALLDATALOAD PUSH20 0xFFFFFFFFFFFFFFFFFFFFFFFFFFFFFFFFFFFFFFFF AND SWAP1 PUSH1 0x20 ADD SWAP1 SWAP2 SWAP1 POP POP PUSH2 0x690 JUMP JUMPDEST STOP JUMPDEST CALLVALUE ISZERO PUSH2 0x1DF JUMPI PUSH1 0x0 DUP1 REVERT JUMPDEST PUSH2 0x1E7 PUSH2 0x76B JUMP JUMPDEST STOP JUMPDEST CALLVALUE ISZERO PUSH2 0x1F4 JUMPI PUSH1 0x0 DUP1 REVERT JUMPDEST PUSH2 0x1FC PUSH2 0x90A JUMP JUMPDEST PUSH1 0x40 MLOAD DUP1 DUP3 ISZERO ISZERO ISZERO ISZERO DUP2 MSTORE PUSH1 0x20 ADD SWAP2 POP POP PUSH1 0x40 MLOAD DUP1 SWAP2 SUB SWAP1 RETURN JUMPDEST CALLVALUE ISZERO PUSH2 0x221 JUMPI PUSH1 0x0 DUP1 REVERT JUMPDEST PUSH2 0x229 PUSH2 0x91D JUMP JUMPDEST STOP JUMPDEST CALLVALUE ISZERO PUSH2 0x236 JUMPI PUSH1 0x0 DUP1 REVERT JUMPDEST PUSH2 0x23E PUSH2 0x9DC JUMP JUMPDEST PUSH1 0x40 MLOAD DUP1 DUP3 PUSH20 0xFFFFFFFFFFFFFFFFFFFFFFFFFFFFFFFFFFFFFFFF AND PUSH20 0xFFFFFFFFFFFFFFFFFFFFFFFFFFFFFFFFFFFFFFFF AND DUP2 MSTORE PUSH1 0x20 ADD SWAP2 POP POP PUSH1 0x40 MLOAD DUP1 SWAP2 SUB SWAP1 RETURN JUMPDEST CALLVALUE ISZERO PUSH2 0x28B JUMPI PUSH1 0x0 DUP1 REVERT JUMPDEST PUSH2 0x293 PUSH2 0xA01 JUMP JUMPDEST PUSH1 0x40 MLOAD DUP1 DUP3 PUSH20 0xFFFFFFFFFFFFFFFFFFFFFFFFFFFFFFFFFFFFFFFF AND PUSH20 0xFFFFFFFFFFFFFFFFFFFFFFFFFFFFFFFFFFFFFFFF AND DUP2 MSTORE PUSH1 0x20 ADD SWAP2 POP POP PUSH1 0x40 MLOAD DUP1 SWAP2 SUB SWAP1 RETURN JUMPDEST CALLVALUE ISZERO PUSH2 0x2E0 JUMPI PUSH1 0x0 DUP1 REVERT JUMPDEST PUSH2 0x2E8 PUSH2 0xA27 JUMP JUMPDEST PUSH1 0x40 MLOAD DUP1 DUP3 PUSH20 0xFFFFFFFFFFFFFFFFFFFFFFFFFFFFFFFFFFFFFFFF AND PUSH20 0xFFFFFFFFFFFFFFFFFFFFFFFFFFFFFFFFFFFFFFFF AND DUP2 MSTORE PUSH1 0x20 ADD SWAP2 POP POP PUSH1 0x40 MLOAD DUP1 SWAP2 SUB SWAP1 RETURN JUMPDEST CALLVALUE ISZERO PUSH2 0x335 JUMPI PUSH1 0x0 DUP1 REVERT JUMPDEST PUSH2 0x361 PUSH1 0x4 DUP1 DUP1 CALLDATALOAD PUSH20 0xFFFFFFFFFFFFFFFFFFFFFFFFFFFFFFFFFFFFFFFF AND SWAP1 PUSH1 0x20 ADD SWAP1 SWAP2 SWAP1 POP POP PUSH2 0xA4D JUMP JUMPDEST STOP JUMPDEST PUSH1 0x2 PUSH1 0x0 SWAP1 SLOAD SWAP1 PUSH2 0x100 EXP SWAP1 DIV PUSH20 0xFFFFFFFFFFFFFFFFFFFFFFFFFFFFFFFFFFFFFFFF AND DUP2 JUMP JUMPDEST PUSH1 0x0 DUP1 PUSH1 0x0 SWAP1 SLOAD SWAP1 PUSH2 0x100 EXP SWAP1 DIV PUSH20 0xFFFFFFFFFFFFFFFFFFFFFFFFFFFFFFFFFFFFFFFF AND PUSH20 0xFFFFFFFFFFFFFFFFFFFFFFFFFFFFFFFFFFFFFFFF AND CALLER PUSH20 0xFFFFFFFFFFFFFFFFFFFFFFFFFFFFFFFFFFFFFFFF AND EQ ISZERO ISZERO PUSH2 0x3E6 JUMPI PUSH1 0x0 DUP1 REVERT JUMPDEST DUP2 PUSH20 0xFFFFFFFFFFFFFFFFFFFFFFFFFFFFFFFFFFFFFFFF AND PUSH4 0x70A08231 ADDRESS PUSH1 0x0 PUSH1 0x40 MLOAD PUSH1 0x20 ADD MSTORE PUSH1 0x40 MLOAD DUP3 PUSH4 0xFFFFFFFF AND PUSH29 0x100000000000000000000000000000000000000000000000000000000 MUL DUP2 MSTORE PUSH1 0x4 ADD DUP1 DUP3 PUSH20 0xFFFFFFFFFFFFFFFFFFFFFFFFFFFFFFFFFFFFFFFF AND PUSH20 0xFFFFFFFFFFFFFFFFFFFFFFFFFFFFFFFFFFFFFFFF AND DUP2 MSTORE PUSH1 0x20 ADD SWAP2 POP POP PUSH1 0x20 PUSH1 0x40 MLOAD DUP1 DUP4 SUB DUP2 PUSH1 0x0 DUP8 DUP1 EXTCODESIZE ISZERO ISZERO PUSH2 0x489 JUMPI PUSH1 0x0 DUP1 REVERT JUMPDEST PUSH2 0x2C6 GAS SUB CALL ISZERO ISZERO PUSH2 0x49A JUMPI PUSH1 0x0 DUP1 REVERT JUMPDEST POP POP POP PUSH1 0x40 MLOAD DUP1 MLOAD SWAP1 POP SWAP1 POP PUSH2 0x4F2 PUSH1 0x0 DUP1 SWAP1 SLOAD SWAP1 PUSH2 0x100 EXP SWAP1 DIV PUSH20 0xFFFFFFFFFFFFFFFFFFFFFFFFFFFFFFFFFFFFFFFF AND DUP3 DUP5 PUSH20 0xFFFFFFFFFFFFFFFFFFFFFFFFFFFFFFFFFFFFFFFF AND PUSH2 0xAEC SWAP1 SWAP3 SWAP2 SWAP1 PUSH4 0xFFFFFFFF AND JUMP JUMPDEST POP POP JUMP JUMPDEST PUSH1 0x0 DUP1 SWAP1 SLOAD SWAP1 PUSH2 0x100 EXP SWAP1 DIV PUSH20 0xFFFFFFFFFFFFFFFFFFFFFFFFFFFFFFFFFFFFFFFF AND PUSH20 0xFFFFFFFFFFFFFFFFFFFFFFFFFFFFFFFFFFFFFFFF AND CALLER PUSH20 0xFFFFFFFFFFFFFFFFFFFFFFFFFFFFFFFFFFFFFFFF AND EQ ISZERO ISZERO PUSH2 0x551 JUMPI PUSH1 0x0 DUP1 REVERT JUMPDEST PUSH1 0x0 PUSH20 0xFFFFFFFFFFFFFFFFFFFFFFFFFFFFFFFFFFFFFFFF AND DUP2 PUSH20 0xFFFFFFFFFFFFFFFFFFFFFFFFFFFFFFFFFFFFFFFF AND EQ ISZERO ISZERO ISZERO PUSH2 0x58D JUMPI PUSH1 0x0 DUP1 REVERT JUMPDEST DUP1 PUSH1 0x3 PUSH1 0x0 PUSH2 0x100 EXP DUP2 SLOAD DUP2 PUSH20 0xFFFFFFFFFFFFFFFFFFFFFFFFFFFFFFFFFFFFFFFF MUL NOT AND SWAP1 DUP4 PUSH20 0xFFFFFFFFFFFFFFFFFFFFFFFFFFFFFFFFFFFFFFFF AND MUL OR SWAP1 SSTORE POP POP JUMP JUMPDEST PUSH1 0x0 DUP1 SWAP1 SLOAD SWAP1 PUSH2 0x100 EXP SWAP1 DIV PUSH20 0xFFFFFFFFFFFFFFFFFFFFFFFFFFFFFFFFFFFFFFFF AND PUSH20 0xFFFFFFFFFFFFFFFFFFFFFFFFFFFFFFFFFFFFFFFF AND CALLER PUSH20 0xFFFFFFFFFFFFFFFFFFFFFFFFFFFFFFFFFFFFFFFF AND EQ ISZERO ISZERO PUSH2 0x62C JUMPI PUSH1 0x0 DUP1 REVERT JUMPDEST PUSH1 0x1 PUSH1 0x14 SWAP1 SLOAD SWAP1 PUSH2 0x100 EXP SWAP1 DIV PUSH1 0xFF AND ISZERO ISZERO PUSH2 0x647 JUMPI PUSH1 0x0 DUP1 REVERT JUMPDEST PUSH1 0x0 PUSH1 0x1 PUSH1 0x14 PUSH2 0x100 EXP DUP2 SLOAD DUP2 PUSH1 0xFF MUL NOT AND SWAP1 DUP4 ISZERO ISZERO MUL OR SWAP1 SSTORE POP PUSH32 0x7805862F689E2F13DF9F062FF482AD3AD112ACA9E0847911ED832E158C525B33 PUSH1 0x40 MLOAD PUSH1 0x40 MLOAD DUP1 SWAP2 SUB SWAP1 LOG1 JUMP JUMPDEST PUSH1 0x0 DUP1 SWAP1 SLOAD SWAP1 PUSH2 0x100 EXP SWAP1 DIV PUSH20 0xFFFFFFFFFFFFFFFFFFFFFFFFFFFFFFFFFFFFFFFF AND PUSH20 0xFFFFFFFFFFFFFFFFFFFFFFFFFFFFFFFFFFFFFFFF AND CALLER PUSH20 0xFFFFFFFFFFFFFFFFFFFFFFFFFFFFFFFFFFFFFFFF AND EQ ISZERO ISZERO PUSH2 0x6EB JUMPI PUSH1 0x0 DUP1 REVERT JUMPDEST PUSH1 0x0 PUSH20 0xFFFFFFFFFFFFFFFFFFFFFFFFFFFFFFFFFFFFFFFF AND DUP2 PUSH20 0xFFFFFFFFFFFFFFFFFFFFFFFFFFFFFFFFFFFFFFFF AND EQ ISZERO ISZERO ISZERO PUSH2 0x727 JUMPI PUSH1 0x0 DUP1 REVERT JUMPDEST DUP1 PUSH1 0x2 PUSH1 0x0 PUSH2 0x100 EXP DUP2 SLOAD DUP2 PUSH20 0xFFFFFFFFFFFFFFFFFFFFFFFFFFFFFFFFFFFFFFFF MUL NOT AND SWAP1 DUP4 PUSH20 0xFFFFFFFFFFFFFFFFFFFFFFFFFFFFFFFFFFFFFFFF AND MUL OR SWAP1 SSTORE POP POP JUMP JUMPDEST PUSH1 0x1 PUSH1 0x0 SWAP1 SLOAD SWAP1 PUSH2 0x100 EXP SWAP1 DIV PUSH20 0xFFFFFFFFFFFFFFFFFFFFFFFFFFFFFFFFFFFFFFFF AND PUSH20 0xFFFFFFFFFFFFFFFFFFFFFFFFFFFFFFFFFFFFFFFF AND CALLER PUSH20 0xFFFFFFFFFFFFFFFFFFFFFFFFFFFFFFFFFFFFFFFF AND EQ ISZERO ISZERO PUSH2 0x7C7 JUMPI PUSH1 0x0 DUP1 REVERT JUMPDEST PUSH1 0x1 PUSH1 0x0 SWAP1 SLOAD SWAP1 PUSH2 0x100 EXP SWAP1 DIV PUSH20 0xFFFFFFFFFFFFFFFFFFFFFFFFFFFFFFFFFFFFFFFF AND PUSH20 0xFFFFFFFFFFFFFFFFFFFFFFFFFFFFFFFFFFFFFFFF AND PUSH1 0x0 DUP1 SWAP1 SLOAD SWAP1 PUSH2 0x100 EXP SWAP1 DIV PUSH20 0xFFFFFFFFFFFFFFFFFFFFFFFFFFFFFFFFFFFFFFFF AND PUSH20 0xFFFFFFFFFFFFFFFFFFFFFFFFFFFFFFFFFFFFFFFF AND PUSH32 0x8BE0079C531659141344CD1FD0A4F28419497F9722A3DAAFE3B4186F6B6457E0 PUSH1 0x40 MLOAD PUSH1 0x40 MLOAD DUP1 SWAP2 SUB SWAP1 LOG3 PUSH1 0x1 PUSH1 0x0 SWAP1 SLOAD SWAP1 PUSH2 0x100 EXP SWAP1 DIV PUSH20 0xFFFFFFFFFFFFFFFFFFFFFFFFFFFFFFFFFFFFFFFF AND PUSH1 0x0 DUP1 PUSH2 0x100 EXP DUP2 SLOAD DUP2 PUSH20 0xFFFFFFFFFFFFFFFFFFFFFFFFFFFFFFFFFFFFFFFF MUL NOT AND SWAP1 DUP4 PUSH20 0xFFFFFFFFFFFFFFFFFFFFFFFFFFFFFFFFFFFFFFFF AND MUL OR SWAP1 SSTORE POP PUSH1 0x0 PUSH1 0x1 PUSH1 0x0 PUSH2 0x100 EXP DUP2 SLOAD DUP2 PUSH20 0xFFFFFFFFFFFFFFFFFFFFFFFFFFFFFFFFFFFFFFFF MUL NOT AND SWAP1 DUP4 PUSH20 0xFFFFFFFFFFFFFFFFFFFFFFFFFFFFFFFFFFFFFFFF AND MUL OR SWAP1 SSTORE POP JUMP JUMPDEST PUSH1 0x1 PUSH1 0x14 SWAP1 SLOAD SWAP1 PUSH2 0x100 EXP SWAP1 DIV PUSH1 0xFF AND DUP2 JUMP JUMPDEST PUSH1 0x0 DUP1 SWAP1 SLOAD SWAP1 PUSH2 0x100 EXP SWAP1 DIV PUSH20 0xFFFFFFFFFFFFFFFFFFFFFFFFFFFFFFFFFFFFFFFF AND PUSH20 0xFFFFFFFFFFFFFFFFFFFFFFFFFFFFFFFFFFFFFFFF AND CALLER PUSH20 0xFFFFFFFFFFFFFFFFFFFFFFFFFFFFFFFFFFFFFFFF AND EQ ISZERO ISZERO PUSH2 0x978 JUMPI PUSH1 0x0 DUP1 REVERT JUMPDEST PUSH1 0x1 PUSH1 0x14 SWAP1 SLOAD SWAP1 PUSH2 0x100 EXP SWAP1 DIV PUSH1 0xFF AND ISZERO ISZERO ISZERO PUSH2 0x994 JUMPI PUSH1 0x0 DUP1 REVERT JUMPDEST PUSH1 0x1 DUP1 PUSH1 0x14 PUSH2 0x100 EXP DUP2 SLOAD DUP2 PUSH1 0xFF MUL NOT AND SWAP1 DUP4 ISZERO ISZERO MUL OR SWAP1 SSTORE POP PUSH32 0x6985A02210A168E66602D3235CB6DB0E70F92B3BA4D376A33C0F3D9434BFF625 PUSH1 0x40 MLOAD PUSH1 0x40 MLOAD DUP1 SWAP2 SUB SWAP1 LOG1 JUMP JUMPDEST PUSH1 0x0 DUP1 SWAP1 SLOAD SWAP1 PUSH2 0x100 EXP SWAP1 DIV PUSH20 0xFFFFFFFFFFFFFFFFFFFFFFFFFFFFFFFFFFFFFFFF AND DUP2 JUMP JUMPDEST PUSH1 0x3 PUSH1 0x0 SWAP1 SLOAD SWAP1 PUSH2 0x100 EXP SWAP1 DIV PUSH20 0xFFFFFFFFFFFFFFFFFFFFFFFFFFFFFFFFFFFFFFFF AND DUP2 JUMP JUMPDEST PUSH1 0x1 PUSH1 0x0 SWAP1 SLOAD SWAP1 PUSH2 0x100 EXP SWAP1 DIV PUSH20 0xFFFFFFFFFFFFFFFFFFFFFFFFFFFFFFFFFFFFFFFF AND DUP2 JUMP JUMPDEST PUSH1 0x0 DUP1 SWAP1 SLOAD SWAP1 PUSH2 0x100 EXP SWAP1 DIV PUSH20 0xFFFFFFFFFFFFFFFFFFFFFFFFFFFFFFFFFFFFFFFF AND PUSH20 0xFFFFFFFFFFFFFFFFFFFFFFFFFFFFFFFFFFFFFFFF AND CALLER PUSH20 0xFFFFFFFFFFFFFFFFFFFFFFFFFFFFFFFFFFFFFFFF AND EQ ISZERO ISZERO PUSH2 0xAA8 JUMPI PUSH1 0x0 DUP1 REVERT JUMPDEST DUP1 PUSH1 0x1 PUSH1 0x0 PUSH2 0x100 EXP DUP2 SLOAD DUP2 PUSH20 0xFFFFFFFFFFFFFFFFFFFFFFFFFFFFFFFFFFFFFFFF MUL NOT AND SWAP1 DUP4 PUSH20 0xFFFFFFFFFFFFFFFFFFFFFFFFFFFFFFFFFFFFFFFF AND MUL OR SWAP1 SSTORE POP POP JUMP JUMPDEST DUP3 PUSH20 0xFFFFFFFFFFFFFFFFFFFFFFFFFFFFFFFFFFFFFFFF AND PUSH4 0xA9059CBB DUP4 DUP4 PUSH1 0x0 PUSH1 0x40 MLOAD PUSH1 0x20 ADD MSTORE PUSH1 0x40 MLOAD DUP4 PUSH4 0xFFFFFFFF AND PUSH29 0x100000000000000000000000000000000000000000000000000000000 MUL DUP2 MSTORE PUSH1 0x4 ADD DUP1 DUP4 PUSH20 0xFFFFFFFFFFFFFFFFFFFFFFFFFFFFFFFFFFFFFFFF AND PUSH20 0xFFFFFFFFFFFFFFFFFFFFFFFFFFFFFFFFFFFFFFFF AND DUP2 MSTORE PUSH1 0x20 ADD DUP3 DUP2 MSTORE PUSH1 0x20 ADD SWAP3 POP POP POP PUSH1 0x20 PUSH1 0x40 MLOAD DUP1 DUP4 SUB DUP2 PUSH1 0x0 DUP8 DUP1 EXTCODESIZE ISZERO ISZERO PUSH2 0xB97 JUMPI PUSH1 0x0 DUP1 REVERT JUMPDEST PUSH2 0x2C6 GAS SUB CALL ISZERO ISZERO PUSH2 0xBA8 JUMPI PUSH1 0x0 DUP1 REVERT JUMPDEST POP POP POP PUSH1 0x40 MLOAD DUP1 MLOAD SWAP1 POP ISZERO ISZERO PUSH2 0xBBA JUMPI INVALID JUMPDEST POP POP POP JUMP STOP LOG1 PUSH6 0x627A7A723058 KECCAK256 POP 0x48 CODECOPY SWAP9 0x28 PUSH4 0x5EAC8956 MSIZE 0xa5 0xd0 GAS 0xe8 LOG3 0xc5 CALLER 0xe3 XOR STATICCALL ADD ISZERO DUP3 0xd9 DUP9 RETURN EXTCODESIZE 0xcb 0x2e 0xc7 0x29 STOP 0x29
1,PUSH1 0x60 PUSH1 0x40 MSTORE PUSH1 0x12 PUSH1 0x2 PUSH1 0x0 PUSH2 0x100 EXP DUP2 SLOAD DUP2 PUSH1 0xFF MUL NOT AND SWAP1 DUP4 PUSH1 0xFF AND MUL OR SWAP1 SSTORE POP CALLVALUE ISZERO PUSH3 0x2C JUMPI PUSH1 0x0 DUP1 REVERT JUMPDEST PUSH1 0x40 MLOAD PUSH3 0x1226 CODESIZE SUB DUP1 PUSH3 0x1226 DUP4 CODECOPY DUP2 ADD PUSH1 0x40 MSTORE DUP1 DUP1 MLOAD SWAP1 PUSH1 0x20 ADD SWAP1 SWAP2 SWAP1 DUP1 MLOAD DUP3 ADD SWAP2 SWAP1 PUSH1 0x20 ADD DUP1 MLOAD DUP3 ADD SWAP2 SWAP1 POP POP PUSH1 0x2 PUSH1 0x0 SWAP1 SLOAD SWAP1 PUSH2 0x100 EXP SWAP1 DIV PUSH1 0xFF AND PUSH1 0xFF AND PUSH1 0xA EXP DUP4 MUL PUSH1 0x3 DUP2 SWAP1 SSTORE POP PUSH1 0x3 SLOAD PUSH1 0x4 PUSH1 0x0 CALLER PUSH20 0xFFFFFFFFFFFFFFFFFFFFFFFFFFFFFFFFFFFFFFFF AND PUSH20 0xFFFFFFFFFFFFFFFFFFFFFFFFFFFFFFFFFFFFFFFF AND DUP2 MSTORE PUSH1 0x20 ADD SWAP1 DUP2 MSTORE PUSH1 0x20 ADD PUSH1 0x0 KECCAK256 DUP2 SWAP1 SSTORE POP DUP2 PUSH1 0x0 SWAP1 DUP1 MLOAD SWAP1 PUSH1 0x20 ADD SWAP1 PUSH3 0xD8 SWAP3 SWAP2 SWAP1 PUSH3 0xFB JUMP JUMPDEST POP DUP1 PUSH1 0x1 SWAP1 DUP1 MLOAD SWAP1 PUSH1 0x20 ADD SWAP1 PUSH3 0xF1 SWAP3 SWAP2 SWAP1 PUSH3 0xFB JUMP JUMPDEST POP POP POP POP PUSH3 0x1AA JUMP JUMPDEST DUP3 DUP1 SLOAD PUSH1 0x1 DUP2 PUSH1 0x1 AND ISZERO PUSH2 0x100 MUL SUB AND PUSH1 0x2 SWAP1 DIV SWAP1 PUSH1 0x0 MSTORE PUSH1 0x20 PUSH1 0x0 KECCAK256 SWAP1 PUSH1 0x1F ADD PUSH1 0x20 SWAP1 DIV DUP2 ADD SWAP3 DUP3 PUSH1 0x1F LT PUSH3 0x13E JUMPI DUP1 MLOAD PUSH1 0xFF NOT AND DUP4 DUP1 ADD OR DUP6 SSTORE PUSH3 0x16F JUMP JUMPDEST DUP3 DUP1 ADD PUSH1 0x1 ADD DUP6 SSTORE DUP3 ISZERO PUSH3 0x16F JUMPI SWAP2 DUP3 ADD JUMPDEST DUP3 DUP2 GT ISZERO PUSH3 0x16E JUMPI DUP3 MLOAD DUP3 SSTORE SWAP2 PUSH1 0x20 ADD SWAP2 SWAP1 PUSH1 0x1 ADD SWAP1 PUSH3 0x151 JUMP JUMPDEST JUMPDEST POP SWAP1 POP PUSH3 0x17E SWAP2 SWAP1 PUSH3 0x182 JUMP JUMPDEST POP SWAP1 JUMP JUMPDEST PUSH3 0x1A7 SWAP2 SWAP1 JUMPDEST DUP1 DUP3 GT ISZERO PUSH3 0x1A3 JUMPI PUSH1 0x0 DUP2 PUSH1 0x0 SWAP1 SSTORE POP PUSH1 0x1 ADD PUSH3 0x189 JUMP JUMPDEST POP SWAP1 JUMP JUMPDEST SWAP1 JUMP JUMPDEST PUSH2 0x106C DUP1 PUSH3 0x1BA PUSH1 0x0 CODECOPY PUSH1 0x0 RETURN STOP PUSH1 0x60 PUSH1 0x40 MSTORE PUSH1 0x4 CALLDATASIZE LT PUSH2 0xBA JUMPI PUSH1 0x0 CALLDATALOAD PUSH29 0x100000000000000000000000000000000000000000000000000000000 SWAP1 DIV PUSH4 0xFFFFFFFF AND DUP1 PUSH4 0x6FDDE03 EQ PUSH2 0xBF JUMPI DUP1 PUSH4 0x95EA7B3 EQ PUSH2 0x14D JUMPI DUP1 PUSH4 0x18160DDD EQ PUSH2 0x1A7 JUMPI DUP1 PUSH4 0x23B872DD EQ PUSH2 0x1D0 JUMPI DUP1 PUSH4 0x313CE567 EQ PUSH2 0x249 JUMPI DUP1 PUSH4 0x42966C68 EQ PUSH2 0x278 JUMPI DUP1 PUSH4 0x70A08231 EQ PUSH2 0x2B3 JUMPI DUP1 PUSH4 0x79CC6790 EQ PUSH2 0x300 JUMPI DUP1 PUSH4 0x95D89B41 EQ PUSH2 0x35A JUMPI DUP1 PUSH4 0xA9059CBB EQ PUSH2 0x3E8 JUMPI DUP1 PUSH4 0xCAE9CA51 EQ PUSH2 0x42A JUMPI DUP1 PUSH4 0xDD62ED3E EQ PUSH2 0x4C7 JUMPI JUMPDEST PUSH1 0x0 DUP1 REVERT JUMPDEST CALLVALUE ISZERO PUSH2 0xCA JUMPI PUSH1 0x0 DUP1 REVERT JUMPDEST PUSH2 0xD2 PUSH2 0x533 JUMP JUMPDEST PUSH1 0x40 MLOAD DUP1 DUP1 PUSH1 0x20 ADD DUP3 DUP2 SUB DUP3 MSTORE DUP4 DUP2 DUP2 MLOAD DUP2 MSTORE PUSH1 0x20 ADD SWAP2 POP DUP1 MLOAD SWAP1 PUSH1 0x20 ADD SWAP1 DUP1 DUP4 DUP4 PUSH1 0x0 JUMPDEST DUP4 DUP2 LT ISZERO PUSH2 0x112 JUMPI DUP1 DUP3 ADD MLOAD DUP2 DUP5 ADD MSTORE PUSH1 0x20 DUP2 ADD SWAP1 POP PUSH2 0xF7 JUMP JUMPDEST POP POP POP POP SWAP1 POP SWAP1 DUP2 ADD SWAP1 PUSH1 0x1F AND DUP1 ISZERO PUSH2 0x13F JUMPI DUP1 DUP3 SUB DUP1 MLOAD PUSH1 0x1 DUP4 PUSH1 0x20 SUB PUSH2 0x100 EXP SUB NOT AND DUP2 MSTORE PUSH1 0x20 ADD SWAP2 POP JUMPDEST POP SWAP3 POP POP POP PUSH1 0x40 MLOAD DUP1 SWAP2 SUB SWAP1 RETURN JUMPDEST CALLVALUE ISZERO PUSH2 0x158 JUMPI PUSH1 0x0 DUP1 REVERT JUMPDEST PUSH2 0x18D PUSH1 0x4 DUP1 DUP1 CALLDATALOAD PUSH20 0xFFFFFFFFFFFFFFFFFFFFFFFFFFFFFFFFFFFFFFFF AND SWAP1 PUSH1 0x20 ADD SWAP1 SWAP2 SWAP1 DUP1 CALLDATALOAD SWAP1 PUSH1 0x20 ADD SWAP1 SWAP2 SWAP1 POP POP PUSH2 0x5D1 JUMP JUMPDEST PUSH1 0x40 MLOAD DUP1 DUP3 ISZERO ISZERO ISZERO ISZERO DUP2 MSTORE PUSH1 0x20 ADD SWAP2 POP POP PUSH1 0x40 MLOAD DUP1 SWAP2 SUB SWAP1 RETURN JUMPDEST CALLVALUE ISZERO PUSH2 0x1B2 JUMPI PUSH1 0x0 DUP1 REVERT JUMPDEST PUSH2 0x1BA PUSH2 0x65E JUMP JUMPDEST PUSH1 0x40 MLOAD DUP1 DUP3 DUP2 MSTORE PUSH1 0x20 ADD SWAP2 POP POP PUSH1 0x40 MLOAD DUP1 SWAP2 SUB SWAP1 RETURN JUMPDEST CALLVALUE ISZERO PUSH2 0x1DB JUMPI PUSH1 0x0 DUP1 REVERT JUMPDEST PUSH2 0x22F PUSH1 0x4 DUP1 DUP1 CALLDATALOAD PUSH20 0xFFFFFFFFFFFFFFFFFFFFFFFFFFFFFFFFFFFFFFFF AND SWAP1 PUSH1 0x20 ADD SWAP1 SWAP2 SWAP1 DUP1 CALLDATALOAD PUSH20 0xFFFFFFFFFFFFFFFFFFFFFFFFFFFFFFFFFFFFFFFF AND SWAP1 PUSH1 0x20 ADD SWAP1 SWAP2 SWAP1 DUP1 CALLDATALOAD SWAP1 PUSH1 0x20 ADD SWAP1 SWAP2 SWAP1 POP POP PUSH2 0x664 JUMP JUMPDEST PUSH1 0x40 MLOAD DUP1 DUP3 ISZERO ISZERO ISZERO ISZERO DUP2 MSTORE PUSH1 0x20 ADD SWAP2 POP POP PUSH1 0x40 MLOAD DUP1 SWAP2 SUB SWAP1 RETURN JUMPDEST CALLVALUE ISZERO PUSH2 0x254 JUMPI PUSH1 0x0 DUP1 REVERT JUMPDEST PUSH2 0x25C PUSH2 0x791 JUMP JUMPDEST PUSH1 0x40 MLOAD DUP1 DUP3 PUSH1 0xFF AND PUSH1 0xFF AND DUP2 MSTORE PUSH1 0x20 ADD SWAP2 POP POP PUSH1 0x40 MLOAD DUP1 SWAP2 SUB SWAP1 RETURN JUMPDEST CALLVALUE ISZERO PUSH2 0x283 JUMPI PUSH1 0x0 DUP1 REVERT JUMPDEST PUSH2 0x299 PUSH1 0x4 DUP1 DUP1 CALLDATALOAD SWAP1 PUSH1 0x20 ADD SWAP1 SWAP2 SWAP1 POP POP PUSH2 0x7A4 JUMP JUMPDEST PUSH1 0x40 MLOAD DUP1 DUP3 ISZERO ISZERO ISZERO ISZERO DUP2 MSTORE PUSH1 0x20 ADD SWAP2 POP POP PUSH1 0x40 MLOAD DUP1 SWAP2 SUB SWAP1 RETURN JUMPDEST CALLVALUE ISZERO PUSH2 0x2BE JUMPI PUSH1 0x0 DUP1 REVERT JUMPDEST PUSH2 0x2EA PUSH1 0x4 DUP1 DUP1 CALLDATALOAD PUSH20 0xFFFFFFFFFFFFFFFFFFFFFFFFFFFFFFFFFFFFFFFF AND SWAP1 PUSH1 0x20 ADD SWAP1 SWAP2 SWAP1 POP POP PUSH2 0x8A8 JUMP JUMPDEST PUSH1 0x40 MLOAD DUP1 DUP3 DUP2 MSTORE PUSH1 0x20 ADD SWAP2 POP POP PUSH1 0x40 MLOAD DUP1 SWAP2 SUB SWAP1 RETURN JUMPDEST CALLVALUE ISZERO PUSH2 0x30B JUMPI PUSH1 0x0 DUP1 REVERT JUMPDEST PUSH2 0x340 PUSH1 0x4 DUP1 DUP1 CALLDATALOAD PUSH20 0xFFFFFFFFFFFFFFFFFFFFFFFFFFFFFFFFFFFFFFFF AND SWAP1 PUSH1 0x20 ADD SWAP1 SWAP2 SWAP1 DUP1 CALLDATALOAD SWAP1 PUSH1 0x20 ADD SWAP1 SWAP2 SWAP1 POP POP PUSH2 0x8C0 JUMP JUMPDEST PUSH1 0x40 MLOAD DUP1 DUP3 ISZERO ISZERO ISZERO ISZERO DUP2 MSTORE PUSH1 0x20 ADD SWAP2 POP POP PUSH1 0x40 MLOAD DUP1 SWAP2 SUB SWAP1 RETURN JUMPDEST CALLVALUE ISZERO PUSH2 0x365 JUMPI PUSH1 0x0 DUP1 REVERT JUMPDEST PUSH2 0x36D PUSH2 0xADA JUMP JUMPDEST PUSH1 0x40 MLOAD DUP1 DUP1 PUSH1 0x20 ADD DUP3 DUP2 SUB DUP3 MSTORE DUP4 DUP2 DUP2 MLOAD DUP2 MSTORE PUSH1 0x20 ADD SWAP2 POP DUP1 MLOAD SWAP1 PUSH1 0x20 ADD SWAP1 DUP1 DUP4 DUP4 PUSH1 0x0 JUMPDEST DUP4 DUP2 LT ISZERO PUSH2 0x3AD JUMPI DUP1 DUP3 ADD MLOAD DUP2 DUP5 ADD MSTORE PUSH1 0x20 DUP2 ADD SWAP1 POP PUSH2 0x392 JUMP JUMPDEST POP POP POP POP SWAP1 POP SWAP1 DUP2 ADD SWAP1 PUSH1 0x1F AND DUP1 ISZERO PUSH2 0x3DA JUMPI DUP1 DUP3 SUB DUP1 MLOAD PUSH1 0x1 DUP4 PUSH1 0x20 SUB PUSH2 0x100 EXP SUB NOT AND DUP2 MSTORE PUSH1 0x20 ADD SWAP2 POP JUMPDEST POP SWAP3 POP POP POP PUSH1 0x40 MLOAD DUP1 SWAP2 SUB SWAP1 RETURN JUMPDEST CALLVALUE ISZERO PUSH2 0x3F3 JUMPI PUSH1 0x0 DUP1 REVERT JUMPDEST PUSH2 0x428 PUSH1 0x4 DUP1 DUP1 CALLDATALOAD PUSH20 0xFFFFFFFFFFFFFFFFFFFFFFFFFFFFFFFFFFFFFFFF AND SWAP1 PUSH1 0x20 ADD SWAP1 SWAP2 SWAP1 DUP1 CALLDATALOAD SWAP1 PUSH1 0x20 ADD SWAP1 SWAP2 SWAP1 POP POP PUSH2 0xB78 JUMP JUMPDEST STOP JUMPDEST CALLVALUE ISZERO PUSH2 0x435 JUMPI PUSH1 0x0 DUP1 REVERT JUMPDEST PUSH2 0x4AD PUSH1 0x4 DUP1 DUP1 CALLDATALOAD PUSH20 0xFFFFFFFFFFFFFFFFFFFFFFFFFFFFFFFFFFFFFFFF AND SWAP1 PUSH1 0x20 ADD SWAP1 SWAP2 SWAP1 DUP1 CALLDATALOAD SWAP1 PUSH1 0x20 ADD SWAP1 SWAP2 SWAP1 DUP1 CALLDATALOAD SWAP1 PUSH1 0x20 ADD SWAP1 DUP3 ADD DUP1 CALLDATALOAD SWAP1 PUSH1 0x20 ADD SWAP1 DUP1 DUP1 PUSH1 0x1F ADD PUSH1 0x20 DUP1 SWAP2 DIV MUL PUSH1 0x20 ADD PUSH1 0x40 MLOAD SWAP1 DUP2 ADD PUSH1 0x40 MSTORE DUP1 SWAP4 SWAP3 SWAP2 SWAP1 DUP2 DUP2 MSTORE PUSH1 0x20 ADD DUP4 DUP4 DUP1 DUP3 DUP5 CALLDATACOPY DUP3 ADD SWAP2 POP POP POP POP POP POP SWAP2 SWAP1 POP POP PUSH2 0xB87 JUMP JUMPDEST PUSH1 0x40 MLOAD DUP1 DUP3 ISZERO ISZERO ISZERO ISZERO DUP2 MSTORE PUSH1 0x20 ADD SWAP2 POP POP PUSH1 0x40 MLOAD DUP1 SWAP2 SUB SWAP1 RETURN JUMPDEST CALLVALUE ISZERO PUSH2 0x4D2 JUMPI PUSH1 0x0 DUP1 REVERT JUMPDEST PUSH2 0x51D PUSH1 0x4 DUP1 DUP1 CALLDATALOAD PUSH20 0xFFFFFFFFFFFFFFFFFFFFFFFFFFFFFFFFFFFFFFFF AND SWAP1 PUSH1 0x20 ADD SWAP1 SWAP2 SWAP1 DUP1 CALLDATALOAD PUSH20 0xFFFFFFFFFFFFFFFFFFFFFFFFFFFFFFFFFFFFFFFF AND SWAP1 PUSH1 0x20 ADD SWAP1 SWAP2 SWAP1 POP POP PUSH2 0xD05 JUMP JUMPDEST PUSH1 0x40 MLOAD DUP1 DUP3 DUP2 MSTORE PUSH1 0x20 ADD SWAP2 POP POP PUSH1 0x40 MLOAD DUP1 SWAP2 SUB SWAP1 RETURN JUMPDEST PUSH1 0x0 DUP1 SLOAD PUSH1 0x1 DUP2 PUSH1 0x1 AND ISZERO PUSH2 0x100 MUL SUB AND PUSH1 0x2 SWAP1 DIV DUP1 PUSH1 0x1F ADD PUSH1 0x20 DUP1 SWAP2 DIV MUL PUSH1 0x20 ADD PUSH1 0x40 MLOAD SWAP1 DUP2 ADD PUSH1 0x40 MSTORE DUP1 SWAP3 SWAP2 SWAP1 DUP2 DUP2 MSTORE PUSH1 0x20 ADD DUP3 DUP1 SLOAD PUSH1 0x1 DUP2 PUSH1 0x1 AND ISZERO PUSH2 0x100 MUL SUB AND PUSH1 0x2 SWAP1 DIV DUP1 ISZERO PUSH2 0x5C9 JUMPI DUP1 PUSH1 0x1F LT PUSH2 0x59E JUMPI PUSH2 0x100 DUP1 DUP4 SLOAD DIV MUL DUP4 MSTORE SWAP2 PUSH1 0x20 ADD SWAP2 PUSH2 0x5C9 JUMP JUMPDEST DUP3 ADD SWAP2 SWAP1 PUSH1 0x0 MSTORE PUSH1 0x20 PUSH1 0x0 KECCAK256 SWAP1 JUMPDEST DUP2 SLOAD DUP2 MSTORE SWAP1 PUSH1 0x1 ADD SWAP1 PUSH1 0x20 ADD DUP1 DUP4 GT PUSH2 0x5AC JUMPI DUP3 SWAP1 SUB PUSH1 0x1F AND DUP3 ADD SWAP2 JUMPDEST POP POP POP POP POP DUP2 JUMP JUMPDEST PUSH1 0x0 DUP2 PUSH1 0x5 PUSH1 0x0 CALLER PUSH20 0xFFFFFFFFFFFFFFFFFFFFFFFFFFFFFFFFFFFFFFFF AND PUSH20 0xFFFFFFFFFFFFFFFFFFFFFFFFFFFFFFFFFFFFFFFF AND DUP2 MSTORE PUSH1 0x20 ADD SWAP1 DUP2 MSTORE PUSH1 0x20 ADD PUSH1 0x0 KECCAK256 PUSH1 0x0 DUP6 PUSH20 0xFFFFFFFFFFFFFFFFFFFFFFFFFFFFFFFFFFFFFFFF AND PUSH20 0xFFFFFFFFFFFFFFFFFFFFFFFFFFFFFFFFFFFFFFFF AND DUP2 MSTORE PUSH1 0x20 ADD SWAP1 DUP2 MSTORE PUSH1 0x20 ADD PUSH1 0x0 KECCAK256 DUP2 SWAP1 SSTORE POP PUSH1 0x1 SWAP1 POP SWAP3 SWAP2 POP POP JUMP JUMPDEST PUSH1 0x3 SLOAD DUP2 JUMP JUMPDEST PUSH1 0x0 PUSH1 0x5 PUSH1 0x0 DUP6 PUSH20 0xFFFFFFFFFFFFFFFFFFFFFFFFFFFFFFFFFFFFFFFF AND PUSH20 0xFFFFFFFFFFFFFFFFFFFFFFFFFFFFFFFFFFFFFFFF AND DUP2 MSTORE PUSH1 0x20 ADD SWAP1 DUP2 MSTORE PUSH1 0x20 ADD PUSH1 0x0 KECCAK256 PUSH1 0x0 CALLER PUSH20 0xFFFFFFFFFFFFFFFFFFFFFFFFFFFFFFFFFFFFFFFF AND PUSH20 0xFFFFFFFFFFFFFFFFFFFFFFFFFFFFFFFFFFFFFFFF AND DUP2 MSTORE PUSH1 0x20 ADD SWAP1 DUP2 MSTORE PUSH1 0x20 ADD PUSH1 0x0 KECCAK256 SLOAD DUP3 GT ISZERO ISZERO ISZERO PUSH2 0x6F1 JUMPI PUSH1 0x0 DUP1 REVERT JUMPDEST DUP2 PUSH1 0x5 PUSH1 0x0 DUP7 PUSH20 0xFFFFFFFFFFFFFFFFFFFFFFFFFFFFFFFFFFFFFFFF AND PUSH20 0xFFFFFFFFFFFFFFFFFFFFFFFFFFFFFFFFFFFFFFFF AND DUP2 MSTORE PUSH1 0x20 ADD SWAP1 DUP2 MSTORE PUSH1 0x20 ADD PUSH1 0x0 KECCAK256 PUSH1 0x0 CALLER PUSH20 0xFFFFFFFFFFFFFFFFFFFFFFFFFFFFFFFFFFFFFFFF AND PUSH20 0xFFFFFFFFFFFFFFFFFFFFFFFFFFFFFFFFFFFFFFFF AND DUP2 MSTORE PUSH1 0x20 ADD SWAP1 DUP2 MSTORE PUSH1 0x20 ADD PUSH1 0x0 KECCAK256 PUSH1 0x0 DUP3 DUP3 SLOAD SUB SWAP3 POP POP DUP2 SWAP1 SSTORE POP PUSH2 0x786 DUP5 DUP5 DUP5 PUSH2 0xD2A JUMP JUMPDEST PUSH1 0x1 SWAP1 POP SWAP4 SWAP3 POP POP POP JUMP JUMPDEST PUSH1 0x2 PUSH1 0x0 SWAP1 SLOAD SWAP1 PUSH2 0x100 EXP SWAP1 DIV PUSH1 0xFF AND DUP2 JUMP JUMPDEST PUSH1 0x0 DUP2 PUSH1 0x4 PUSH1 0x0 CALLER PUSH20 0xFFFFFFFFFFFFFFFFFFFFFFFFFFFFFFFFFFFFFFFF AND PUSH20 0xFFFFFFFFFFFFFFFFFFFFFFFFFFFFFFFFFFFFFFFF AND DUP2 MSTORE PUSH1 0x20 ADD SWAP1 DUP2 MSTORE PUSH1 0x20 ADD PUSH1 0x0 KECCAK256 SLOAD LT ISZERO ISZERO ISZERO PUSH2 0x7F4 JUMPI PUSH1 0x0 DUP1 REVERT JUMPDEST DUP2 PUSH1 0x4 PUSH1 0x0 CALLER PUSH20 0xFFFFFFFFFFFFFFFFFFFFFFFFFFFFFFFFFFFFFFFF AND PUSH20 0xFFFFFFFFFFFFFFFFFFFFFFFFFFFFFFFFFFFFFFFF AND DUP2 MSTORE PUSH1 0x20 ADD SWAP1 DUP2 MSTORE PUSH1 0x20 ADD PUSH1 0x0 KECCAK256 PUSH1 0x0 DUP3 DUP3 SLOAD SUB SWAP3 POP POP DUP2 SWAP1 SSTORE POP DUP2 PUSH1 0x3 PUSH1 0x0 DUP3 DUP3 SLOAD SUB SWAP3 POP POP DUP2 SWAP1 SSTORE POP CALLER PUSH20 0xFFFFFFFFFFFFFFFFFFFFFFFFFFFFFFFFFFFFFFFF AND PUSH32 0xCC16F5DBB4873280815C1EE09DBD06736CFFCC184412CF7A71A0FDB75D397CA5 DUP4 PUSH1 0x40 MLOAD DUP1 DUP3 DUP2 MSTORE PUSH1 0x20 ADD SWAP2 POP POP PUSH1 0x40 MLOAD DUP1 SWAP2 SUB SWAP1 LOG2 PUSH1 0x1 SWAP1 POP SWAP2 SWAP1 POP JUMP JUMPDEST PUSH1 0x4 PUSH1 0x20 MSTORE DUP1 PUSH1 0x0 MSTORE PUSH1 0x40 PUSH1 0x0 KECCAK256 PUSH1 0x0 SWAP2 POP SWAP1 POP SLOAD DUP2 JUMP JUMPDEST PUSH1 0x0 DUP2 PUSH1 0x4 PUSH1 0x0 DUP6 PUSH20 0xFFFFFFFFFFFFFFFFFFFFFFFFFFFFFFFFFFFFFFFF AND PUSH20 0xFFFFFFFFFFFFFFFFFFFFFFFFFFFFFFFFFFFFFFFF AND DUP2 MSTORE PUSH1 0x20 ADD SWAP1 DUP2 MSTORE PUSH1 0x20 ADD PUSH1 0x0 KECCAK256 SLOAD LT ISZERO ISZERO ISZERO PUSH2 0x910 JUMPI PUSH1 0x0 DUP1 REVERT JUMPDEST PUSH1 0x5 PUSH1 0x0 DUP5 PUSH20 0xFFFFFFFFFFFFFFFFFFFFFFFFFFFFFFFFFFFFFFFF AND PUSH20 0xFFFFFFFFFFFFFFFFFFFFFFFFFFFFFFFFFFFFFFFF AND DUP2 MSTORE PUSH1 0x20 ADD SWAP1 DUP2 MSTORE PUSH1 0x20 ADD PUSH1 0x0 KECCAK256 PUSH1 0x0 CALLER PUSH20 0xFFFFFFFFFFFFFFFFFFFFFFFFFFFFFFFFFFFFFFFF AND PUSH20 0xFFFFFFFFFFFFFFFFFFFFFFFFFFFFFFFFFFFFFFFF AND DUP2 MSTORE PUSH1 0x20 ADD SWAP1 DUP2 MSTORE PUSH1 0x20 ADD PUSH1 0x0 KECCAK256 SLOAD DUP3 GT ISZERO ISZERO ISZERO PUSH2 0x99B JUMPI PUSH1 0x0 DUP1 REVERT JUMPDEST DUP2 PUSH1 0x4 PUSH1 0x0 DUP6 PUSH20 0xFFFFFFFFFFFFFFFFFFFFFFFFFFFFFFFFFFFFFFFF AND PUSH20 0xFFFFFFFFFFFFFFFFFFFFFFFFFFFFFFFFFFFFFFFF AND DUP2 MSTORE PUSH1 0x20 ADD SWAP1 DUP2 MSTORE PUSH1 0x20 ADD PUSH1 0x0 KECCAK256 PUSH1 0x0 DUP3 DUP3 SLOAD SUB SWAP3 POP POP DUP2 SWAP1 SSTORE POP DUP2 PUSH1 0x5 PUSH1 0x0 DUP6 PUSH20 0xFFFFFFFFFFFFFFFFFFFFFFFFFFFFFFFFFFFFFFFF AND PUSH20 0xFFFFFFFFFFFFFFFFFFFFFFFFFFFFFFFFFFFFFFFF AND DUP2 MSTORE PUSH1 0x20 ADD SWAP1 DUP2 MSTORE PUSH1 0x20 ADD PUSH1 0x0 KECCAK256 PUSH1 0x0 CALLER PUSH20 0xFFFFFFFFFFFFFFFFFFFFFFFFFFFFFFFFFFFFFFFF AND PUSH20 0xFFFFFFFFFFFFFFFFFFFFFFFFFFFFFFFFFFFFFFFF AND DUP2 MSTORE PUSH1 0x20 ADD SWAP1 DUP2 MSTORE PUSH1 0x20 ADD PUSH1 0x0 KECCAK256 PUSH1 0x0 DUP3 DUP3 SLOAD SUB SWAP3 POP POP DUP2 SWAP1 SSTORE POP DUP2 PUSH1 0x3 PUSH1 0x0 DUP3 DUP3 SLOAD SUB SWAP3 POP POP DUP2 SWAP1 SSTORE POP DUP3 PUSH20 0xFFFFFFFFFFFFFFFFFFFFFFFFFFFFFFFFFFFFFFFF AND PUSH32 0xCC16F5DBB4873280815C1EE09DBD06736CFFCC184412CF7A71A0FDB75D397CA5 DUP4 PUSH1 0x40 MLOAD DUP1 DUP3 DUP2 MSTORE PUSH1 0x20 ADD SWAP2 POP POP PUSH1 0x40 MLOAD DUP1 SWAP2 SUB SWAP1 LOG2 PUSH1 0x1 SWAP1 POP SWAP3 SWAP2 POP POP JUMP JUMPDEST PUSH1 0x1 DUP1 SLOAD PUSH1 0x1 DUP2 PUSH1 0x1 AND ISZERO PUSH2 0x100 MUL SUB AND PUSH1 0x2 SWAP1 DIV DUP1 PUSH1 0x1F ADD PUSH1 0x20 DUP1 SWAP2 DIV MUL PUSH1 0x20 ADD PUSH1 0x40 MLOAD SWAP1 DUP2 ADD PUSH1 0x40 MSTORE DUP1 SWAP3 SWAP2 SWAP1 DUP2 DUP2 MSTORE PUSH1 0x20 ADD DUP3 DUP1 SLOAD PUSH1 0x1 DUP2 PUSH1 0x1 AND ISZERO PUSH2 0x100 MUL SUB AND PUSH1 0x2 SWAP1 DIV DUP1 ISZERO PUSH2 0xB70 JUMPI DUP1 PUSH1 0x1F LT PUSH2 0xB45 JUMPI PUSH2 0x100 DUP1 DUP4 SLOAD DIV MUL DUP4 MSTORE SWAP2 PUSH1 0x20 ADD SWAP2 PUSH2 0xB70 JUMP JUMPDEST DUP3 ADD SWAP2 SWAP1 PUSH1 0x0 MSTORE PUSH1 0x20 PUSH1 0x0 KECCAK256 SWAP1 JUMPDEST DUP2 SLOAD DUP2 MSTORE SWAP1 PUSH1 0x1 ADD SWAP1 PUSH1 0x20 ADD DUP1 DUP4 GT PUSH2 0xB53 JUMPI DUP3 SWAP1 SUB PUSH1 0x1F AND DUP3 ADD SWAP2 JUMPDEST POP POP POP POP POP DUP2 JUMP JUMPDEST PUSH2 0xB83 CALLER DUP4 DUP4 PUSH2 0xD2A JUMP JUMPDEST POP POP JUMP JUMPDEST PUSH1 0x0 DUP1 DUP5 SWAP1 POP PUSH2 0xB97 DUP6 DUP6 PUSH2 0x5D1 JUMP JUMPDEST ISZERO PUSH2 0xCFC JUMPI DUP1 PUSH20 0xFFFFFFFFFFFFFFFFFFFFFFFFFFFFFFFFFFFFFFFF AND PUSH4 0x8F4FFCB1 CALLER DUP7 ADDRESS DUP8 PUSH1 0x40 MLOAD DUP6 PUSH4 0xFFFFFFFF AND PUSH29 0x100000000000000000000000000000000000000000000000000000000 MUL DUP2 MSTORE PUSH1 0x4 ADD DUP1 DUP6 PUSH20 0xFFFFFFFFFFFFFFFFFFFFFFFFFFFFFFFFFFFFFFFF AND PUSH20 0xFFFFFFFFFFFFFFFFFFFFFFFFFFFFFFFFFFFFFFFF AND DUP2 MSTORE PUSH1 0x20 ADD DUP5 DUP2 MSTORE PUSH1 0x20 ADD DUP4 PUSH20 0xFFFFFFFFFFFFFFFFFFFFFFFFFFFFFFFFFFFFFFFF AND PUSH20 0xFFFFFFFFFFFFFFFFFFFFFFFFFFFFFFFFFFFFFFFF AND DUP2 MSTORE PUSH1 0x20 ADD DUP1 PUSH1 0x20 ADD DUP3 DUP2 SUB DUP3 MSTORE DUP4 DUP2 DUP2 MLOAD DUP2 MSTORE PUSH1 0x20 ADD SWAP2 POP DUP1 MLOAD SWAP1 PUSH1 0x20 ADD SWAP1 DUP1 DUP4 DUP4 PUSH1 0x0 JUMPDEST DUP4 DUP2 LT ISZERO PUSH2 0xC91 JUMPI DUP1 DUP3 ADD MLOAD DUP2 DUP5 ADD MSTORE PUSH1 0x20 DUP2 ADD SWAP1 POP PUSH2 0xC76 JUMP JUMPDEST POP POP POP POP SWAP1 POP SWAP1 DUP2 ADD SWAP1 PUSH1 0x1F AND DUP1 ISZERO PUSH2 0xCBE JUMPI DUP1 DUP3 SUB DUP1 MLOAD PUSH1 0x1 DUP4 PUSH1 0x20 SUB PUSH2 0x100 EXP SUB NOT AND DUP2 MSTORE PUSH1 0x20 ADD SWAP2 POP JUMPDEST POP SWAP6 POP POP POP POP POP POP PUSH1 0x0 PUSH1 0x40 MLOAD DUP1 DUP4 SUB DUP2 PUSH1 0x0 DUP8 DUP1 EXTCODESIZE ISZERO ISZERO PUSH2 0xCDF JUMPI PUSH1 0x0 DUP1 REVERT JUMPDEST PUSH2 0x2C6 GAS SUB CALL ISZERO ISZERO PUSH2 0xCF0 JUMPI PUSH1 0x0 DUP1 REVERT JUMPDEST POP POP POP PUSH1 0x1 SWAP2 POP PUSH2 0xCFD JUMP JUMPDEST JUMPDEST POP SWAP4 SWAP3 POP POP POP JUMP JUMPDEST PUSH1 0x5 PUSH1 0x20 MSTORE DUP2 PUSH1 0x0 MSTORE PUSH1 0x40 PUSH1 0x0 KECCAK256 PUSH1 0x20 MSTORE DUP1 PUSH1 0x0 MSTORE PUSH1 0x40 PUSH1 0x0 KECCAK256 PUSH1 0x0 SWAP2 POP SWAP2 POP POP SLOAD DUP2 JUMP JUMPDEST PUSH1 0x0 DUP1 DUP4 PUSH20 0xFFFFFFFFFFFFFFFFFFFFFFFFFFFFFFFFFFFFFFFF AND EQ ISZERO ISZERO ISZERO PUSH2 0xD51 JUMPI PUSH1 0x0 DUP1 REVERT JUMPDEST DUP2 PUSH1 0x4 PUSH1 0x0 DUP7 PUSH20 0xFFFFFFFFFFFFFFFFFFFFFFFFFFFFFFFFFFFFFFFF AND PUSH20 0xFFFFFFFFFFFFFFFFFFFFFFFFFFFFFFFFFFFFFFFF AND DUP2 MSTORE PUSH1 0x20 ADD SWAP1 DUP2 MSTORE PUSH1 0x20 ADD PUSH1 0x0 KECCAK256 SLOAD LT ISZERO ISZERO ISZERO PUSH2 0xD9F JUMPI PUSH1 0x0 DUP1 REVERT JUMPDEST PUSH1 0x4 PUSH1 0x0 DUP5 PUSH20 0xFFFFFFFFFFFFFFFFFFFFFFFFFFFFFFFFFFFFFFFF AND PUSH20 0xFFFFFFFFFFFFFFFFFFFFFFFFFFFFFFFFFFFFFFFF AND DUP2 MSTORE PUSH1 0x20 ADD SWAP1 DUP2 MSTORE PUSH1 0x20 ADD PUSH1 0x0 KECCAK256 SLOAD DUP3 PUSH1 0x4 PUSH1 0x0 DUP7 PUSH20 0xFFFFFFFFFFFFFFFFFFFFFFFFFFFFFFFFFFFFFFFF AND PUSH20 0xFFFFFFFFFFFFFFFFFFFFFFFFFFFFFFFFFFFFFFFF AND DUP2 MSTORE PUSH1 0x20 ADD SWAP1 DUP2 MSTORE PUSH1 0x20 ADD PUSH1 0x0 KECCAK256 SLOAD ADD GT ISZERO ISZERO PUSH2 0xE2D JUMPI PUSH1 0x0 DUP1 REVERT JUMPDEST PUSH1 0x4 PUSH1 0x0 DUP5 PUSH20 0xFFFFFFFFFFFFFFFFFFFFFFFFFFFFFFFFFFFFFFFF AND PUSH20 0xFFFFFFFFFFFFFFFFFFFFFFFFFFFFFFFFFFFFFFFF AND DUP2 MSTORE PUSH1 0x20 ADD SWAP1 DUP2 MSTORE PUSH1 0x20 ADD PUSH1 0x0 KECCAK256 SLOAD PUSH1 0x4 PUSH1 0x0 DUP7 PUSH20 0xFFFFFFFFFFFFFFFFFFFFFFFFFFFFFFFFFFFFFFFF AND PUSH20 0xFFFFFFFFFFFFFFFFFFFFFFFFFFFFFFFFFFFFFFFF AND DUP2 MSTORE PUSH1 0x20 ADD SWAP1 DUP2 MSTORE PUSH1 0x20 ADD PUSH1 0x0 KECCAK256 SLOAD ADD SWAP1 POP DUP2 PUSH1 0x4 PUSH1 0x0 DUP7 PUSH20 0xFFFFFFFFFFFFFFFFFFFFFFFFFFFFFFFFFFFFFFFF AND PUSH20 0xFFFFFFFFFFFFFFFFFFFFFFFFFFFFFFFFFFFFFFFF AND DUP2 MSTORE PUSH1 0x20 ADD SWAP1 DUP2 MSTORE PUSH1 0x20 ADD PUSH1 0x0 KECCAK256 PUSH1 0x0 DUP3 DUP3 SLOAD SUB SWAP3 POP POP DUP2 SWAP1 SSTORE POP DUP2 PUSH1 0x4 PUSH1 0x0 DUP6 PUSH20 0xFFFFFFFFFFFFFFFFFFFFFFFFFFFFFFFFFFFFFFFF AND PUSH20 0xFFFFFFFFFFFFFFFFFFFFFFFFFFFFFFFFFFFFFFFF AND DUP2 MSTORE PUSH1 0x20 ADD SWAP1 DUP2 MSTORE PUSH1 0x20 ADD PUSH1 0x0 KECCAK256 PUSH1 0x0 DUP3 DUP3 SLOAD ADD SWAP3 POP POP DUP2 SWAP1 SSTORE POP DUP3 PUSH20 0xFFFFFFFFFFFFFFFFFFFFFFFFFFFFFFFFFFFFFFFF AND DUP5 PUSH20 0xFFFFFFFFFFFFFFFFFFFFFFFFFFFFFFFFFFFFFFFF AND PUSH32 0xDDF252AD1BE2C89B69C2B068FC378DAA952BA7F163C4A11628F55A4DF523B3EF DUP5 PUSH1 0x40 MLOAD DUP1 DUP3 DUP2 MSTORE PUSH1 0x20 ADD SWAP2 POP POP PUSH1 0x40 MLOAD DUP1 SWAP2 SUB SWAP1 LOG3 DUP1 PUSH1 0x4 PUSH1 0x0 DUP6 PUSH20 0xFFFFFFFFFFFFFFFFFFFFFFFFFFFFFFFFFFFFFFFF AND PUSH20 0xFFFFFFFFFFFFFFFFFFFFFFFFFFFFFFFFFFFFFFFF AND DUP2 MSTORE PUSH1 0x20 ADD SWAP1 DUP2 MSTORE PUSH1 0x20 ADD PUSH1 0x0 KECCAK256 SLOAD PUSH1 0x4 PUSH1 0x0 DUP8 PUSH20 0xFFFFFFFFFFFFFFFFFFFFFFFFFFFFFFFFFFFFFFFF AND PUSH20 0xFFFFFFFFFFFFFFFFFFFFFFFFFFFFFFFFFFFFFFFF AND DUP2 MSTORE PUSH1 0x20 ADD SWAP1 DUP2 MSTORE PUSH1 0x20 ADD PUSH1 0x0 KECCAK256 SLOAD ADD EQ ISZERO ISZERO PUSH2 0x103A JUMPI INVALID JUMPDEST POP POP POP POP JUMP STOP LOG1 PUSH6 0x627A7A723058 KECCAK256 LOG2 DIV LOG1 KECCAK256 0x5c 0x2f PUSH4 0xA82B4389 0xbe PUSH2 0x3F57 CREATE2 0xed DUP16 PUSH1 0x9C DUP13 0x3f SSTORE 0xb4 PUSH7 0x76030F6FC82284 STOP 0x29
1,PUSH1 0x60 PUSH1 0x40 MSTORE PUSH2 0x3E8 PUSH1 0x9 SSTORE PUSH8 0xDE0B6B3A7640000 PUSH1 0xA SSTORE PUSH1 0x0 PUSH1 0xD SSTORE PUSH1 0x0 PUSH1 0xE SSTORE PUSH32 0xFFFFFFFFFFFFFFFFFFFFFFFFFFFFFFFFFFFFFFFFFFFFFFFFFFFFFFFFFFFFFFFF PUSH1 0xF SSTORE PUSH1 0x0 PUSH1 0x10 SSTORE CALLVALUE ISZERO PUSH3 0x55 JUMPI PUSH1 0x0 DUP1 REVERT JUMPDEST PUSH1 0x40 MLOAD PUSH1 0x20 DUP1 PUSH3 0x23F8 DUP4 CODECOPY DUP2 ADD PUSH1 0x40 MSTORE DUP1 DUP1 MLOAD SWAP1 PUSH1 0x20 ADD SWAP1 SWAP2 SWAP1 POP POP DUP1 PUSH1 0x2 PUSH3 0x1E8480 PUSH1 0x40 DUP1 MLOAD SWAP1 DUP2 ADD PUSH1 0x40 MSTORE DUP1 PUSH1 0x9 DUP2 MSTORE PUSH1 0x20 ADD PUSH32 0x42656574204275636B0000000000000000000000000000000000000000000000 DUP2 MSTORE POP PUSH1 0x40 DUP1 MLOAD SWAP1 DUP2 ADD PUSH1 0x40 MSTORE DUP1 PUSH1 0x4 DUP2 MSTORE PUSH1 0x20 ADD PUSH32 0x4245455400000000000000000000000000000000000000000000000000000000 DUP2 MSTORE POP PUSH1 0x8 PUSH1 0x0 DUP2 PUSH1 0xFF AND PUSH1 0xA EXP DUP6 MUL DUP5 DUP5 DUP5 CALLER PUSH1 0x0 DUP1 PUSH2 0x100 EXP DUP2 SLOAD DUP2 PUSH20 0xFFFFFFFFFFFFFFFFFFFFFFFFFFFFFFFFFFFFFFFF MUL NOT AND SWAP1 DUP4 PUSH20 0xFFFFFFFFFFFFFFFFFFFFFFFFFFFFFFFFFFFFFFFF AND MUL OR SWAP1 SSTORE POP PUSH1 0x1 DUP1 PUSH1 0x0 CALLER PUSH20 0xFFFFFFFFFFFFFFFFFFFFFFFFFFFFFFFFFFFFFFFF AND PUSH20 0xFFFFFFFFFFFFFFFFFFFFFFFFFFFFFFFFFFFFFFFF AND DUP2 MSTORE PUSH1 0x20 ADD SWAP1 DUP2 MSTORE PUSH1 0x20 ADD PUSH1 0x0 KECCAK256 PUSH1 0x0 PUSH2 0x100 EXP DUP2 SLOAD DUP2 PUSH1 0xFF MUL NOT AND SWAP1 DUP4 ISZERO ISZERO MUL OR SWAP1 SSTORE POP DUP4 PUSH1 0x5 DUP2 SWAP1 SSTORE POP PUSH1 0x5 SLOAD PUSH1 0x6 PUSH1 0x0 ADDRESS PUSH20 0xFFFFFFFFFFFFFFFFFFFFFFFFFFFFFFFFFFFFFFFF AND PUSH20 0xFFFFFFFFFFFFFFFFFFFFFFFFFFFFFFFFFFFFFFFF AND DUP2 MSTORE PUSH1 0x20 ADD SWAP1 DUP2 MSTORE PUSH1 0x20 ADD PUSH1 0x0 KECCAK256 DUP2 SWAP1 SSTORE POP DUP3 PUSH1 0x2 SWAP1 DUP1 MLOAD SWAP1 PUSH1 0x20 ADD SWAP1 PUSH3 0x1F1 SWAP3 SWAP2 SWAP1 PUSH3 0x49D JUMP JUMPDEST POP DUP2 PUSH1 0x3 SWAP1 DUP1 MLOAD SWAP1 PUSH1 0x20 ADD SWAP1 PUSH3 0x20A SWAP3 SWAP2 SWAP1 PUSH3 0x49D JUMP JUMPDEST POP DUP1 PUSH1 0x4 PUSH1 0x0 PUSH2 0x100 EXP DUP2 SLOAD DUP2 PUSH1 0xFF MUL NOT AND SWAP1 DUP4 PUSH1 0xFF AND MUL OR SWAP1 SSTORE POP POP POP POP POP DUP6 PUSH1 0x8 PUSH1 0x0 PUSH2 0x100 EXP DUP2 SLOAD DUP2 PUSH1 0xFF MUL NOT AND SWAP1 DUP4 PUSH1 0xFF AND MUL OR SWAP1 SSTORE POP DUP7 SWAP1 POP DUP1 PUSH20 0xFFFFFFFFFFFFFFFFFFFFFFFFFFFFFFFFFFFFFFFF AND PUSH4 0xE4105ED5 PUSH1 0x8 PUSH1 0x0 SWAP1 SLOAD SWAP1 PUSH2 0x100 EXP SWAP1 DIV PUSH1 0xFF AND ADDRESS PUSH1 0x40 MLOAD DUP4 PUSH4 0xFFFFFFFF AND PUSH29 0x100000000000000000000000000000000000000000000000000000000 MUL DUP2 MSTORE PUSH1 0x4 ADD DUP1 DUP4 PUSH1 0xFF AND PUSH1 0xFF AND DUP2 MSTORE PUSH1 0x20 ADD DUP3 PUSH20 0xFFFFFFFFFFFFFFFFFFFFFFFFFFFFFFFFFFFFFFFF AND PUSH20 0xFFFFFFFFFFFFFFFFFFFFFFFFFFFFFFFFFFFFFFFF AND DUP2 MSTORE PUSH1 0x20 ADD SWAP3 POP POP POP PUSH1 0x0 PUSH1 0x40 MLOAD DUP1 DUP4 SUB DUP2 PUSH1 0x0 DUP8 DUP1 EXTCODESIZE ISZERO ISZERO PUSH3 0x300 JUMPI PUSH1 0x0 DUP1 REVERT JUMPDEST PUSH2 0x2C6 GAS SUB CALL ISZERO ISZERO PUSH3 0x312 JUMPI PUSH1 0x0 DUP1 REVERT JUMPDEST POP POP POP DUP7 PUSH1 0xB PUSH1 0x0 PUSH2 0x100 EXP DUP2 SLOAD DUP2 PUSH20 0xFFFFFFFFFFFFFFFFFFFFFFFFFFFFFFFFFFFFFFFF MUL NOT AND SWAP1 DUP4 PUSH20 0xFFFFFFFFFFFFFFFFFFFFFFFFFFFFFFFFFFFFFFFF AND MUL OR SWAP1 SSTORE POP PUSH3 0x397 PUSH1 0xB PUSH1 0x0 SWAP1 SLOAD SWAP1 PUSH2 0x100 EXP SWAP1 DIV PUSH20 0xFFFFFFFFFFFFFFFFFFFFFFFFFFFFFFFFFFFFFFFF AND PUSH3 0x3DD PUSH5 0x100000000 MUL PUSH3 0x1468 OR PUSH5 0x100000000 SWAP1 DIV JUMP JUMPDEST POP POP POP POP POP POP POP PUSH1 0x4 PUSH1 0x0 SWAP1 SLOAD SWAP1 PUSH2 0x100 EXP SWAP1 DIV PUSH1 0xFF AND PUSH1 0xFF AND PUSH1 0xA EXP PUSH1 0x9 SLOAD PUSH1 0xA SLOAD DUP2 ISZERO ISZERO PUSH3 0x3C4 JUMPI INVALID JUMPDEST DIV DUP2 ISZERO ISZERO PUSH3 0x3CF JUMPI INVALID JUMPDEST DIV PUSH1 0xC DUP2 SWAP1 SSTORE POP POP PUSH3 0x54C JUMP JUMPDEST PUSH1 0x0 CALLER SWAP1 POP PUSH1 0x1 ISZERO ISZERO PUSH1 0x1 PUSH1 0x0 CALLER PUSH20 0xFFFFFFFFFFFFFFFFFFFFFFFFFFFFFFFFFFFFFFFF AND PUSH20 0xFFFFFFFFFFFFFFFFFFFFFFFFFFFFFFFFFFFFFFFF AND DUP2 MSTORE PUSH1 0x20 ADD SWAP1 DUP2 MSTORE PUSH1 0x20 ADD PUSH1 0x0 KECCAK256 PUSH1 0x0 SWAP1 SLOAD SWAP1 PUSH2 0x100 EXP SWAP1 DIV PUSH1 0xFF AND ISZERO ISZERO EQ ISZERO ISZERO PUSH3 0x442 JUMPI PUSH1 0x0 DUP1 REVERT JUMPDEST PUSH1 0x1 DUP1 PUSH1 0x0 DUP5 PUSH20 0xFFFFFFFFFFFFFFFFFFFFFFFFFFFFFFFFFFFFFFFF AND PUSH20 0xFFFFFFFFFFFFFFFFFFFFFFFFFFFFFFFFFFFFFFFF AND DUP2 MSTORE PUSH1 0x20 ADD SWAP1 DUP2 MSTORE PUSH1 0x20 ADD PUSH1 0x0 KECCAK256 PUSH1 0x0 PUSH2 0x100 EXP DUP2 SLOAD DUP2 PUSH1 0xFF MUL NOT AND SWAP1 DUP4 ISZERO ISZERO MUL OR SWAP1 SSTORE POP POP POP JUMP JUMPDEST DUP3 DUP1 SLOAD PUSH1 0x1 DUP2 PUSH1 0x1 AND ISZERO PUSH2 0x100 MUL SUB AND PUSH1 0x2 SWAP1 DIV SWAP1 PUSH1 0x0 MSTORE PUSH1 0x20 PUSH1 0x0 KECCAK256 SWAP1 PUSH1 0x1F ADD PUSH1 0x20 SWAP1 DIV DUP2 ADD SWAP3 DUP3 PUSH1 0x1F LT PUSH3 0x4E0 JUMPI DUP1 MLOAD PUSH1 0xFF NOT AND DUP4 DUP1 ADD OR DUP6 SSTORE PUSH3 0x511 JUMP JUMPDEST DUP3 DUP1 ADD PUSH1 0x1 ADD DUP6 SSTORE DUP3 ISZERO PUSH3 0x511 JUMPI SWAP2 DUP3 ADD JUMPDEST DUP3 DUP2 GT ISZERO PUSH3 0x510 JUMPI DUP3 MLOAD DUP3 SSTORE SWAP2 PUSH1 0x20 ADD SWAP2 SWAP1 PUSH1 0x1 ADD SWAP1 PUSH3 0x4F3 JUMP JUMPDEST JUMPDEST POP SWAP1 POP PUSH3 0x520 SWAP2 SWAP1 PUSH3 0x524 JUMP JUMPDEST POP SWAP1 JUMP JUMPDEST PUSH3 0x549 SWAP2 SWAP1 JUMPDEST DUP1 DUP3 GT ISZERO PUSH3 0x545 JUMPI PUSH1 0x0 DUP2 PUSH1 0x0 SWAP1 SSTORE POP PUSH1 0x1 ADD PUSH3 0x52B JUMP JUMPDEST POP SWAP1 JUMP JUMPDEST SWAP1 JUMP JUMPDEST PUSH2 0x1E9C DUP1 PUSH3 0x55C PUSH1 0x0 CODECOPY PUSH1 0x0 RETURN STOP PUSH1 0x60 PUSH1 0x40 MSTORE PUSH1 0x4 CALLDATASIZE LT PUSH2 0x180 JUMPI PUSH1 0x0 CALLDATALOAD PUSH29 0x100000000000000000000000000000000000000000000000000000000 SWAP1 DIV PUSH4 0xFFFFFFFF AND DUP1 PUSH4 0x22914A7 EQ PUSH2 0x23F JUMPI DUP1 PUSH4 0x6FDDE03 EQ PUSH2 0x290 JUMPI DUP1 PUSH4 0x95EA7B3 EQ PUSH2 0x31E JUMPI DUP1 PUSH4 0xDCF4B8F EQ PUSH2 0x378 JUMPI DUP1 PUSH4 0x173825D9 EQ PUSH2 0x3A1 JUMPI DUP1 PUSH4 0x17D70F7C EQ PUSH2 0x3DA JUMPI DUP1 PUSH4 0x18160DDD EQ PUSH2 0x409 JUMPI DUP1 PUSH4 0x23B872DD EQ PUSH2 0x432 JUMPI DUP1 PUSH4 0x246F8B96 EQ PUSH2 0x4AB JUMPI DUP1 PUSH4 0x2F54BF6E EQ PUSH2 0x4C0 JUMPI DUP1 PUSH4 0x313CE567 EQ PUSH2 0x511 JUMPI DUP1 PUSH4 0x42966C68 EQ PUSH2 0x540 JUMPI DUP1 PUSH4 0x4A91F195 EQ PUSH2 0x57B JUMPI DUP1 PUSH4 0x52180208 EQ PUSH2 0x5A4 JUMPI DUP1 PUSH4 0x63AE8D6C EQ PUSH2 0x5FE JUMPI DUP1 PUSH4 0x7065CB48 EQ PUSH2 0x621 JUMPI DUP1 PUSH4 0x70A08231 EQ PUSH2 0x65A JUMPI DUP1 PUSH4 0x79CC6790 EQ PUSH2 0x6A7 JUMPI DUP1 PUSH4 0x8620410B EQ PUSH2 0x701 JUMPI DUP1 PUSH4 0x8DA5CB5B EQ PUSH2 0x72A JUMPI DUP1 PUSH4 0x95D89B41 EQ PUSH2 0x77F JUMPI DUP1 PUSH4 0x9B343525 EQ PUSH2 0x80D JUMPI DUP1 PUSH4 0xA9059CBB EQ PUSH2 0x836 JUMPI DUP1 PUSH4 0xB414D4B6 EQ PUSH2 0x878 JUMPI DUP1 PUSH4 0xCAE9CA51 EQ PUSH2 0x8C9 JUMPI DUP1 PUSH4 0xDD62ED3E EQ PUSH2 0x966 JUMPI DUP1 PUSH4 0xE4849B32 EQ PUSH2 0x9D2 JUMPI DUP1 PUSH4 0xE536C723 EQ PUSH2 0x9F5 JUMPI DUP1 PUSH4 0xE724529C EQ PUSH2 0xA1E JUMPI DUP1 PUSH4 0xF00388F7 EQ PUSH2 0xA62 JUMPI JUMPDEST PUSH1 0x0 DUP1 PUSH2 0x18C CALLVALUE PUSH2 0xABC JUMP JUMPDEST POP PUSH1 0x0 SWAP2 POP PUSH1 0xC SLOAD SWAP1 POP PUSH2 0x2710 PUSH1 0x10 SLOAD LT ISZERO PUSH2 0x1BB JUMPI PUSH1 0x64 PUSH1 0xF DUP3 MUL DUP2 ISZERO ISZERO PUSH2 0x1B1 JUMPI INVALID JUMPDEST DIV DUP2 SUB SWAP1 POP PUSH2 0x222 JUMP JUMPDEST PUSH2 0xC350 PUSH1 0x10 SLOAD LT ISZERO PUSH2 0x1DD JUMPI PUSH1 0xA DUP2 DUP2 ISZERO ISZERO PUSH2 0x1D3 JUMPI INVALID JUMPDEST DIV DUP2 SUB SWAP1 POP PUSH2 0x221 JUMP JUMPDEST PUSH3 0x186A0 PUSH1 0x10 SLOAD LT ISZERO PUSH2 0x200 JUMPI PUSH1 0x14 DUP2 DUP2 ISZERO ISZERO PUSH2 0x1F6 JUMPI INVALID JUMPDEST DIV DUP2 SUB SWAP1 POP PUSH2 0x220 JUMP JUMPDEST PUSH3 0x30D40 PUSH1 0x10 SLOAD LT ISZERO PUSH2 0x21F JUMPI PUSH1 0x64 DUP2 DUP2 ISZERO ISZERO PUSH2 0x219 JUMPI INVALID JUMPDEST DIV DUP2 SUB SWAP1 POP JUMPDEST JUMPDEST JUMPDEST JUMPDEST DUP1 CALLVALUE DUP2 ISZERO ISZERO PUSH2 0x22D JUMPI INVALID JUMPDEST DIV DUP3 ADD SWAP2 POP PUSH2 0x23B DUP3 PUSH2 0xD75 JUMP JUMPDEST POP POP STOP JUMPDEST CALLVALUE ISZERO PUSH2 0x24A JUMPI PUSH1 0x0 DUP1 REVERT JUMPDEST PUSH2 0x276 PUSH1 0x4 DUP1 DUP1 CALLDATALOAD PUSH20 0xFFFFFFFFFFFFFFFFFFFFFFFFFFFFFFFFFFFFFFFF AND SWAP1 PUSH1 0x20 ADD SWAP1 SWAP2 SWAP1 POP POP PUSH2 0xD93 JUMP JUMPDEST PUSH1 0x40 MLOAD DUP1 DUP3 ISZERO ISZERO ISZERO ISZERO DUP2 MSTORE PUSH1 0x20 ADD SWAP2 POP POP PUSH1 0x40 MLOAD DUP1 SWAP2 SUB SWAP1 RETURN JUMPDEST CALLVALUE ISZERO PUSH2 0x29B JUMPI PUSH1 0x0 DUP1 REVERT JUMPDEST PUSH2 0x2A3 PUSH2 0xDB3 JUMP JUMPDEST PUSH1 0x40 MLOAD DUP1 DUP1 PUSH1 0x20 ADD DUP3 DUP2 SUB DUP3 MSTORE DUP4 DUP2 DUP2 MLOAD DUP2 MSTORE PUSH1 0x20 ADD SWAP2 POP DUP1 MLOAD SWAP1 PUSH1 0x20 ADD SWAP1 DUP1 DUP4 DUP4 PUSH1 0x0 JUMPDEST DUP4 DUP2 LT ISZERO PUSH2 0x2E3 JUMPI DUP1 DUP3 ADD MLOAD DUP2 DUP5 ADD MSTORE PUSH1 0x20 DUP2 ADD SWAP1 POP PUSH2 0x2C8 JUMP JUMPDEST POP POP POP POP SWAP1 POP SWAP1 DUP2 ADD SWAP1 PUSH1 0x1F AND DUP1 ISZERO PUSH2 0x310 JUMPI DUP1 DUP3 SUB DUP1 MLOAD PUSH1 0x1 DUP4 PUSH1 0x20 SUB PUSH2 0x100 EXP SUB NOT AND DUP2 MSTORE PUSH1 0x20 ADD SWAP2 POP JUMPDEST POP SWAP3 POP POP POP PUSH1 0x40 MLOAD DUP1 SWAP2 SUB SWAP1 RETURN JUMPDEST CALLVALUE ISZERO PUSH2 0x329 JUMPI PUSH1 0x0 DUP1 REVERT JUMPDEST PUSH2 0x35E PUSH1 0x4 DUP1 DUP1 CALLDATALOAD PUSH20 0xFFFFFFFFFFFFFFFFFFFFFFFFFFFFFFFFFFFFFFFF AND SWAP1 PUSH1 0x20 ADD SWAP1 SWAP2 SWAP1 DUP1 CALLDATALOAD SWAP1 PUSH1 0x20 ADD SWAP1 SWAP2 SWAP1 POP POP PUSH2 0xE51 JUMP JUMPDEST PUSH1 0x40 MLOAD DUP1 DUP3 ISZERO ISZERO ISZERO ISZERO DUP2 MSTORE PUSH1 0x20 ADD SWAP2 POP POP PUSH1 0x40 MLOAD DUP1 SWAP2 SUB SWAP1 RETURN JUMPDEST CALLVALUE ISZERO PUSH2 0x383 JUMPI PUSH1 0x0 DUP1 REVERT JUMPDEST PUSH2 0x38B PUSH2 0xF43 JUMP JUMPDEST PUSH1 0x40 MLOAD DUP1 DUP3 DUP2 MSTORE PUSH1 0x20 ADD SWAP2 POP POP PUSH1 0x40 MLOAD DUP1 SWAP2 SUB SWAP1 RETURN JUMPDEST CALLVALUE ISZERO PUSH2 0x3AC JUMPI PUSH1 0x0 DUP1 REVERT JUMPDEST PUSH2 0x3D8 PUSH1 0x4 DUP1 DUP1 CALLDATALOAD PUSH20 0xFFFFFFFFFFFFFFFFFFFFFFFFFFFFFFFFFFFFFFFF AND SWAP1 PUSH1 0x20 ADD SWAP1 SWAP2 SWAP1 POP POP PUSH2 0xF49 JUMP JUMPDEST STOP JUMPDEST CALLVALUE ISZERO PUSH2 0x3E5 JUMPI PUSH1 0x0 DUP1 REVERT JUMPDEST PUSH2 0x3ED PUSH2 0xFFF JUMP JUMPDEST PUSH1 0x40 MLOAD DUP1 DUP3 PUSH1 0xFF AND PUSH1 0xFF AND DUP2 MSTORE PUSH1 0x20 ADD SWAP2 POP POP PUSH1 0x40 MLOAD DUP1 SWAP2 SUB SWAP1 RETURN JUMPDEST CALLVALUE ISZERO PUSH2 0x414 JUMPI PUSH1 0x0 DUP1 REVERT JUMPDEST PUSH2 0x41C PUSH2 0x1012 JUMP JUMPDEST PUSH1 0x40 MLOAD DUP1 DUP3 DUP2 MSTORE PUSH1 0x20 ADD SWAP2 POP POP PUSH1 0x40 MLOAD DUP1 SWAP2 SUB SWAP1 RETURN JUMPDEST CALLVALUE ISZERO PUSH2 0x43D JUMPI PUSH1 0x0 DUP1 REVERT JUMPDEST PUSH2 0x491 PUSH1 0x4 DUP1 DUP1 CALLDATALOAD PUSH20 0xFFFFFFFFFFFFFFFFFFFFFFFFFFFFFFFFFFFFFFFF AND SWAP1 PUSH1 0x20 ADD SWAP1 SWAP2 SWAP1 DUP1 CALLDATALOAD PUSH20 0xFFFFFFFFFFFFFFFFFFFFFFFFFFFFFFFFFFFFFFFF AND SWAP1 PUSH1 0x20 ADD SWAP1 SWAP2 SWAP1 DUP1 CALLDATALOAD SWAP1 PUSH1 0x20 ADD SWAP1 SWAP2 SWAP1 POP POP PUSH2 0x1018 JUMP JUMPDEST PUSH1 0x40 MLOAD DUP1 DUP3 ISZERO ISZERO ISZERO ISZERO DUP2 MSTORE PUSH1 0x20 ADD SWAP2 POP POP PUSH1 0x40 MLOAD DUP1 SWAP2 SUB SWAP1 RETURN JUMPDEST CALLVALUE ISZERO PUSH2 0x4B6 JUMPI PUSH1 0x0 DUP1 REVERT JUMPDEST PUSH2 0x4BE PUSH2 0x1145 JUMP JUMPDEST STOP JUMPDEST CALLVALUE ISZERO PUSH2 0x4CB JUMPI PUSH1 0x0 DUP1 REVERT JUMPDEST PUSH2 0x4F7 PUSH1 0x4 DUP1 DUP1 CALLDATALOAD PUSH20 0xFFFFFFFFFFFFFFFFFFFFFFFFFFFFFFFFFFFFFFFF AND SWAP1 PUSH1 0x20 ADD SWAP1 SWAP2 SWAP1 POP POP PUSH2 0x1204 JUMP JUMPDEST PUSH1 0x40 MLOAD DUP1 DUP3 ISZERO ISZERO ISZERO ISZERO DUP2 MSTORE PUSH1 0x20 ADD SWAP2 POP POP PUSH1 0x40 MLOAD DUP1 SWAP2 SUB SWAP1 RETURN JUMPDEST CALLVALUE ISZERO PUSH2 0x51C JUMPI PUSH1 0x0 DUP1 REVERT JUMPDEST PUSH2 0x524 PUSH2 0x1261 JUMP JUMPDEST PUSH1 0x40 MLOAD DUP1 DUP3 PUSH1 0xFF AND PUSH1 0xFF AND DUP2 MSTORE PUSH1 0x20 ADD SWAP2 POP POP PUSH1 0x40 MLOAD DUP1 SWAP2 SUB SWAP1 RETURN JUMPDEST CALLVALUE ISZERO PUSH2 0x54B JUMPI PUSH1 0x0 DUP1 REVERT JUMPDEST PUSH2 0x561 PUSH1 0x4 DUP1 DUP1 CALLDATALOAD SWAP1 PUSH1 0x20 ADD SWAP1 SWAP2 SWAP1 POP POP PUSH2 0x1274 JUMP JUMPDEST PUSH1 0x40 MLOAD DUP1 DUP3 ISZERO ISZERO ISZERO ISZERO DUP2 MSTORE PUSH1 0x20 ADD SWAP2 POP POP PUSH1 0x40 MLOAD DUP1 SWAP2 SUB SWAP1 RETURN JUMPDEST CALLVALUE ISZERO PUSH2 0x586 JUMPI PUSH1 0x0 DUP1 REVERT JUMPDEST PUSH2 0x58E PUSH2 0x1378 JUMP JUMPDEST PUSH1 0x40 MLOAD DUP1 DUP3 DUP2 MSTORE PUSH1 0x20 ADD SWAP2 POP POP PUSH1 0x40 MLOAD DUP1 SWAP2 SUB SWAP1 RETURN JUMPDEST CALLVALUE ISZERO PUSH2 0x5AF JUMPI PUSH1 0x0 DUP1 REVERT JUMPDEST PUSH2 0x5E4 PUSH1 0x4 DUP1 DUP1 CALLDATALOAD PUSH20 0xFFFFFFFFFFFFFFFFFFFFFFFFFFFFFFFFFFFFFFFF AND SWAP1 PUSH1 0x20 ADD SWAP1 SWAP2 SWAP1 DUP1 CALLDATALOAD SWAP1 PUSH1 0x20 ADD SWAP1 SWAP2 SWAP1 POP POP PUSH2 0x137E JUMP JUMPDEST PUSH1 0x40 MLOAD DUP1 DUP3 ISZERO ISZERO ISZERO ISZERO DUP2 MSTORE PUSH1 0x20 ADD SWAP2 POP POP PUSH1 0x40 MLOAD DUP1 SWAP2 SUB SWAP1 RETURN JUMPDEST CALLVALUE ISZERO PUSH2 0x609 JUMPI PUSH1 0x0 DUP1 REVERT JUMPDEST PUSH2 0x61F PUSH1 0x4 DUP1 DUP1 CALLDATALOAD SWAP1 PUSH1 0x20 ADD SWAP1 SWAP2 SWAP1 POP POP PUSH2 0x13F9 JUMP JUMPDEST STOP JUMPDEST CALLVALUE ISZERO PUSH2 0x62C JUMPI PUSH1 0x0 DUP1 REVERT JUMPDEST PUSH2 0x658 PUSH1 0x4 DUP1 DUP1 CALLDATALOAD PUSH20 0xFFFFFFFFFFFFFFFFFFFFFFFFFFFFFFFFFFFFFFFF AND SWAP1 PUSH1 0x20 ADD SWAP1 SWAP2 SWAP1 POP POP PUSH2 0x1468 JUMP JUMPDEST STOP JUMPDEST CALLVALUE ISZERO PUSH2 0x665 JUMPI PUSH1 0x0 DUP1 REVERT JUMPDEST PUSH2 0x691 PUSH1 0x4 DUP1 DUP1 CALLDATALOAD PUSH20 0xFFFFFFFFFFFFFFFFFFFFFFFFFFFFFFFFFFFFFFFF AND SWAP1 PUSH1 0x20 ADD SWAP1 SWAP2 SWAP1 POP POP PUSH2 0x1527 JUMP JUMPDEST PUSH1 0x40 MLOAD DUP1 DUP3 DUP2 MSTORE PUSH1 0x20 ADD SWAP2 POP POP PUSH1 0x40 MLOAD DUP1 SWAP2 SUB SWAP1 RETURN JUMPDEST CALLVALUE ISZERO PUSH2 0x6B2 JUMPI PUSH1 0x0 DUP1 REVERT JUMPDEST PUSH2 0x6E7 PUSH1 0x4 DUP1 DUP1 CALLDATALOAD PUSH20 0xFFFFFFFFFFFFFFFFFFFFFFFFFFFFFFFFFFFFFFFF AND SWAP1 PUSH1 0x20 ADD SWAP1 SWAP2 SWAP1 DUP1 CALLDATALOAD SWAP1 PUSH1 0x20 ADD SWAP1 SWAP2 SWAP1 POP POP PUSH2 0x153F JUMP JUMPDEST PUSH1 0x40 MLOAD DUP1 DUP3 ISZERO ISZERO ISZERO ISZERO DUP2 MSTORE PUSH1 0x20 ADD SWAP2 POP POP PUSH1 0x40 MLOAD DUP1 SWAP2 SUB SWAP1 RETURN JUMPDEST CALLVALUE ISZERO PUSH2 0x70C JUMPI PUSH1 0x0 DUP1 REVERT JUMPDEST PUSH2 0x714 PUSH2 0x1759 JUMP JUMPDEST PUSH1 0x40 MLOAD DUP1 DUP3 DUP2 MSTORE PUSH1 0x20 ADD SWAP2 POP POP PUSH1 0x40 MLOAD DUP1 SWAP2 SUB SWAP1 RETURN JUMPDEST CALLVALUE ISZERO PUSH2 0x735 JUMPI PUSH1 0x0 DUP1 REVERT JUMPDEST PUSH2 0x73D PUSH2 0x175F JUMP JUMPDEST PUSH1 0x40 MLOAD DUP1 DUP3 PUSH20 0xFFFFFFFFFFFFFFFFFFFFFFFFFFFFFFFFFFFFFFFF AND PUSH20 0xFFFFFFFFFFFFFFFFFFFFFFFFFFFFFFFFFFFFFFFF AND DUP2 MSTORE PUSH1 0x20 ADD SWAP2 POP POP PUSH1 0x40 MLOAD DUP1 SWAP2 SUB SWAP1 RETURN JUMPDEST CALLVALUE ISZERO PUSH2 0x78A JUMPI PUSH1 0x0 DUP1 REVERT JUMPDEST PUSH2 0x792 PUSH2 0x1784 JUMP JUMPDEST PUSH1 0x40 MLOAD DUP1 DUP1 PUSH1 0x20 ADD DUP3 DUP2 SUB DUP3 MSTORE DUP4 DUP2 DUP2 MLOAD DUP2 MSTORE PUSH1 0x20 ADD SWAP2 POP DUP1 MLOAD SWAP1 PUSH1 0x20 ADD SWAP1 DUP1 DUP4 DUP4 PUSH1 0x0 JUMPDEST DUP4 DUP2 LT ISZERO PUSH2 0x7D2 JUMPI DUP1 DUP3 ADD MLOAD DUP2 DUP5 ADD MSTORE PUSH1 0x20 DUP2 ADD SWAP1 POP PUSH2 0x7B7 JUMP JUMPDEST POP POP POP POP SWAP1 POP SWAP1 DUP2 ADD SWAP1 PUSH1 0x1F AND DUP1 ISZERO PUSH2 0x7FF JUMPI DUP1 DUP3 SUB DUP1 MLOAD PUSH1 0x1 DUP4 PUSH1 0x20 SUB PUSH2 0x100 EXP SUB NOT AND DUP2 MSTORE PUSH1 0x20 ADD SWAP2 POP JUMPDEST POP SWAP3 POP POP POP PUSH1 0x40 MLOAD DUP1 SWAP2 SUB SWAP1 RETURN JUMPDEST CALLVALUE ISZERO PUSH2 0x818 JUMPI PUSH1 0x0 DUP1 REVERT JUMPDEST PUSH2 0x820 PUSH2 0x1822 JUMP JUMPDEST PUSH1 0x40 MLOAD DUP1 DUP3 DUP2 MSTORE PUSH1 0x20 ADD SWAP2 POP POP PUSH1 0x40 MLOAD DUP1 SWAP2 SUB SWAP1 RETURN JUMPDEST CALLVALUE ISZERO PUSH2 0x841 JUMPI PUSH1 0x0 DUP1 REVERT JUMPDEST PUSH2 0x876 PUSH1 0x4 DUP1 DUP1 CALLDATALOAD PUSH20 0xFFFFFFFFFFFFFFFFFFFFFFFFFFFFFFFFFFFFFFFF AND SWAP1 PUSH1 0x20 ADD SWAP1 SWAP2 SWAP1 DUP1 CALLDATALOAD SWAP1 PUSH1 0x20 ADD SWAP1 SWAP2 SWAP1 POP POP PUSH2 0x1828 JUMP JUMPDEST STOP JUMPDEST CALLVALUE ISZERO PUSH2 0x883 JUMPI PUSH1 0x0 DUP1 REVERT JUMPDEST PUSH2 0x8AF PUSH1 0x4 DUP1 DUP1 CALLDATALOAD PUSH20 0xFFFFFFFFFFFFFFFFFFFFFFFFFFFFFFFFFFFFFFFF AND SWAP1 PUSH1 0x20 ADD SWAP1 SWAP2 SWAP1 POP POP PUSH2 0x1837 JUMP JUMPDEST PUSH1 0x40 MLOAD DUP1 DUP3 ISZERO ISZERO ISZERO ISZERO DUP2 MSTORE PUSH1 0x20 ADD SWAP2 POP POP PUSH1 0x40 MLOAD DUP1 SWAP2 SUB SWAP1 RETURN JUMPDEST CALLVALUE ISZERO PUSH2 0x8D4 JUMPI PUSH1 0x0 DUP1 REVERT JUMPDEST PUSH2 0x94C PUSH1 0x4 DUP1 DUP1 CALLDATALOAD PUSH20 0xFFFFFFFFFFFFFFFFFFFFFFFFFFFFFFFFFFFFFFFF AND SWAP1 PUSH1 0x20 ADD SWAP1 SWAP2 SWAP1 DUP1 CALLDATALOAD SWAP1 PUSH1 0x20 ADD SWAP1 SWAP2 SWAP1 DUP1 CALLDATALOAD SWAP1 PUSH1 0x20 ADD SWAP1 DUP3 ADD DUP1 CALLDATALOAD SWAP1 PUSH1 0x20 ADD SWAP1 DUP1 DUP1 PUSH1 0x1F ADD PUSH1 0x20 DUP1 SWAP2 DIV MUL PUSH1 0x20 ADD PUSH1 0x40 MLOAD SWAP1 DUP2 ADD PUSH1 0x40 MSTORE DUP1 SWAP4 SWAP3 SWAP2 SWAP1 DUP2 DUP2 MSTORE PUSH1 0x20 ADD DUP4 DUP4 DUP1 DUP3 DUP5 CALLDATACOPY DUP3 ADD SWAP2 POP POP POP POP POP POP SWAP2 SWAP1 POP POP PUSH2 0x1857 JUMP JUMPDEST PUSH1 0x40 MLOAD DUP1 DUP3 ISZERO ISZERO ISZERO ISZERO DUP2 MSTORE PUSH1 0x20 ADD SWAP2 POP POP PUSH1 0x40 MLOAD DUP1 SWAP2 SUB SWAP1 RETURN JUMPDEST CALLVALUE ISZERO PUSH2 0x971 JUMPI PUSH1 0x0 DUP1 REVERT JUMPDEST PUSH2 0x9BC PUSH1 0x4 DUP1 DUP1 CALLDATALOAD PUSH20 0xFFFFFFFFFFFFFFFFFFFFFFFFFFFFFFFFFFFFFFFF AND SWAP1 PUSH1 0x20 ADD SWAP1 SWAP2 SWAP1 DUP1 CALLDATALOAD PUSH20 0xFFFFFFFFFFFFFFFFFFFFFFFFFFFFFFFFFFFFFFFF AND SWAP1 PUSH1 0x20 ADD SWAP1 SWAP2 SWAP1 POP POP PUSH2 0x19D5 JUMP JUMPDEST PUSH1 0x40 MLOAD DUP1 DUP3 DUP2 MSTORE PUSH1 0x20 ADD SWAP2 POP POP PUSH1 0x40 MLOAD DUP1 SWAP2 SUB SWAP1 RETURN JUMPDEST CALLVALUE ISZERO PUSH2 0x9DD JUMPI PUSH1 0x0 DUP1 REVERT JUMPDEST PUSH2 0x9F3 PUSH1 0x4 DUP1 DUP1 CALLDATALOAD SWAP1 PUSH1 0x20 ADD SWAP1 SWAP2 SWAP1 POP POP PUSH2 0x19FA JUMP JUMPDEST STOP JUMPDEST CALLVALUE ISZERO PUSH2 0xA00 JUMPI PUSH1 0x0 DUP1 REVERT JUMPDEST PUSH2 0xA08 PUSH2 0x1A08 JUMP JUMPDEST PUSH1 0x40 MLOAD DUP1 DUP3 DUP2 MSTORE PUSH1 0x20 ADD SWAP2 POP POP PUSH1 0x40 MLOAD DUP1 SWAP2 SUB SWAP1 RETURN JUMPDEST CALLVALUE ISZERO PUSH2 0xA29 JUMPI PUSH1 0x0 DUP1 REVERT JUMPDEST PUSH2 0xA60 PUSH1 0x4 DUP1 DUP1 CALLDATALOAD PUSH20 0xFFFFFFFFFFFFFFFFFFFFFFFFFFFFFFFFFFFFFFFF AND SWAP1 PUSH1 0x20 ADD SWAP1 SWAP2 SWAP1 DUP1 CALLDATALOAD ISZERO ISZERO SWAP1 PUSH1 0x20 ADD SWAP1 SWAP2 SWAP1 POP POP PUSH2 0x1A0E JUMP JUMPDEST STOP JUMPDEST CALLVALUE ISZERO PUSH2 0xA6D JUMPI PUSH1 0x0 DUP1 REVERT JUMPDEST PUSH2 0xAA2 PUSH1 0x4 DUP1 DUP1 CALLDATALOAD PUSH20 0xFFFFFFFFFFFFFFFFFFFFFFFFFFFFFFFFFFFFFFFF AND SWAP1 PUSH1 0x20 ADD SWAP1 SWAP2 SWAP1 DUP1 CALLDATALOAD SWAP1 PUSH1 0x20 ADD SWAP1 SWAP2 SWAP1 POP POP PUSH2 0x1B3D JUMP JUMPDEST PUSH1 0x40 MLOAD DUP1 DUP3 ISZERO ISZERO ISZERO ISZERO DUP2 MSTORE PUSH1 0x20 ADD SWAP2 POP POP PUSH1 0x40 MLOAD DUP1 SWAP2 SUB SWAP1 RETURN JUMPDEST PUSH1 0x0 DUP1 PUSH1 0x0 DUP1 PUSH1 0x0 SWAP1 SLOAD SWAP1 PUSH2 0x100 EXP SWAP1 DIV PUSH20 0xFFFFFFFFFFFFFFFFFFFFFFFFFFFFFFFFFFFFFFFF AND PUSH20 0xFFFFFFFFFFFFFFFFFFFFFFFFFFFFFFFFFFFFFFFF AND PUSH2 0x8FC CALLVALUE SWAP1 DUP2 ISZERO MUL SWAP1 PUSH1 0x40 MLOAD PUSH1 0x0 PUSH1 0x40 MLOAD DUP1 DUP4 SUB DUP2 DUP6 DUP9 DUP9 CALL SWAP4 POP POP POP POP ISZERO ISZERO PUSH2 0xB22 JUMPI PUSH1 0x0 DUP1 REVERT JUMPDEST CALLVALUE PUSH1 0xD PUSH1 0x0 DUP3 DUP3 SLOAD ADD SWAP3 POP POP DUP2 SWAP1 SSTORE POP PUSH1 0xE SLOAD DUP5 GT ISZERO PUSH2 0xC60 JUMPI PUSH1 0x64 PUSH1 0x63 PUSH1 0xC SLOAD MUL DUP2 ISZERO ISZERO PUSH2 0xB4D JUMPI INVALID JUMPDEST DIV SWAP2 POP DUP4 PUSH1 0xE SLOAD PUSH1 0xC SLOAD MUL DUP2 ISZERO ISZERO PUSH2 0xB61 JUMPI INVALID JUMPDEST DIV SWAP1 POP DUP2 DUP2 GT ISZERO PUSH2 0xB78 JUMPI DUP1 PUSH1 0xC DUP2 SWAP1 SSTORE POP PUSH2 0xB80 JUMP JUMPDEST DUP2 PUSH1 0xC DUP2 SWAP1 SSTORE POP JUMPDEST DUP4 PUSH1 0xE DUP2 SWAP1 SSTORE POP PUSH1 0xB PUSH1 0x0 SWAP1 SLOAD SWAP1 PUSH2 0x100 EXP SWAP1 DIV PUSH20 0xFFFFFFFFFFFFFFFFFFFFFFFFFFFFFFFFFFFFFFFF AND PUSH20 0xFFFFFFFFFFFFFFFFFFFFFFFFFFFFFFFFFFFFFFFF AND PUSH4 0xCE04C10E CALLER PUSH1 0x40 MLOAD DUP3 PUSH4 0xFFFFFFFF AND PUSH29 0x100000000000000000000000000000000000000000000000000000000 MUL DUP2 MSTORE PUSH1 0x4 ADD DUP1 DUP3 PUSH20 0xFFFFFFFFFFFFFFFFFFFFFFFFFFFFFFFFFFFFFFFF AND PUSH20 0xFFFFFFFFFFFFFFFFFFFFFFFFFFFFFFFFFFFFFFFF AND DUP2 MSTORE PUSH1 0x20 ADD SWAP2 POP POP PUSH1 0x0 PUSH1 0x40 MLOAD DUP1 DUP4 SUB DUP2 PUSH1 0x0 DUP8 DUP1 EXTCODESIZE ISZERO ISZERO PUSH2 0xC43 JUMPI PUSH1 0x0 DUP1 REVERT JUMPDEST PUSH2 0x2C6 GAS SUB CALL ISZERO ISZERO PUSH2 0xC54 JUMPI PUSH1 0x0 DUP1 REVERT JUMPDEST POP POP POP PUSH1 0x1 SWAP3 POP PUSH2 0xD6E JUMP JUMPDEST PUSH1 0xF SLOAD DUP5 LT ISZERO PUSH2 0xD69 JUMPI PUSH1 0xB PUSH1 0x0 SWAP1 SLOAD SWAP1 PUSH2 0x100 EXP SWAP1 DIV PUSH20 0xFFFFFFFFFFFFFFFFFFFFFFFFFFFFFFFFFFFFFFFF AND PUSH20 0xFFFFFFFFFFFFFFFFFFFFFFFFFFFFFFFFFFFFFFFF AND PUSH4 0x4F28216A CALLER PUSH1 0x40 MLOAD DUP3 PUSH4 0xFFFFFFFF AND PUSH29 0x100000000000000000000000000000000000000000000000000000000 MUL DUP2 MSTORE PUSH1 0x4 ADD DUP1 DUP3 PUSH20 0xFFFFFFFFFFFFFFFFFFFFFFFFFFFFFFFFFFFFFFFF AND PUSH20 0xFFFFFFFFFFFFFFFFFFFFFFFFFFFFFFFFFFFFFFFF AND DUP2 MSTORE PUSH1 0x20 ADD SWAP2 POP POP PUSH1 0x0 PUSH1 0x40 MLOAD DUP1 DUP4 SUB DUP2 PUSH1 0x0 DUP8 DUP1 EXTCODESIZE ISZERO ISZERO PUSH2 0xD26 JUMPI PUSH1 0x0 DUP1 REVERT JUMPDEST PUSH2 0x2C6 GAS SUB CALL ISZERO ISZERO PUSH2 0xD37 JUMPI PUSH1 0x0 DUP1 REVERT JUMPDEST POP POP POP DUP4 PUSH1 0xF DUP2 SWAP1 SSTORE POP PUSH32 0xFFFFFFFFFFFFFFFFFFFFFFFFFFFFFFFFFFFFFFFFFFFFFFFFFFFFFFFFFFFFFFFF SWAP3 POP PUSH2 0xD6E JUMP JUMPDEST PUSH1 0x0 SWAP3 POP JUMPDEST POP POP SWAP2 SWAP1 POP JUMP JUMPDEST PUSH2 0xD80 ADDRESS CALLER DUP4 PUSH2 0x1BB8 JUMP JUMPDEST DUP1 PUSH1 0x10 PUSH1 0x0 DUP3 DUP3 SLOAD ADD SWAP3 POP POP DUP2 SWAP1 SSTORE POP POP JUMP JUMPDEST PUSH1 0x1 PUSH1 0x20 MSTORE DUP1 PUSH1 0x0 MSTORE PUSH1 0x40 PUSH1 0x0 KECCAK256 PUSH1 0x0 SWAP2 POP SLOAD SWAP1 PUSH2 0x100 EXP SWAP1 DIV PUSH1 0xFF AND DUP2 JUMP JUMPDEST PUSH1 0x2 DUP1 SLOAD PUSH1 0x1 DUP2 PUSH1 0x1 AND ISZERO PUSH2 0x100 MUL SUB AND PUSH1 0x2 SWAP1 DIV DUP1 PUSH1 0x1F ADD PUSH1 0x20 DUP1 SWAP2 DIV MUL PUSH1 0x20 ADD PUSH1 0x40 MLOAD SWAP1 DUP2 ADD PUSH1 0x40 MSTORE DUP1 SWAP3 SWAP2 SWAP1 DUP2 DUP2 MSTORE PUSH1 0x20 ADD DUP3 DUP1 SLOAD PUSH1 0x1 DUP2 PUSH1 0x1 AND ISZERO PUSH2 0x100 MUL SUB AND PUSH1 0x2 SWAP1 DIV DUP1 ISZERO PUSH2 0xE49 JUMPI DUP1 PUSH1 0x1F LT PUSH2 0xE1E JUMPI PUSH2 0x100 DUP1 DUP4 SLOAD DIV MUL DUP4 MSTORE SWAP2 PUSH1 0x20 ADD SWAP2 PUSH2 0xE49 JUMP JUMPDEST DUP3 ADD SWAP2 SWAP1 PUSH1 0x0 MSTORE PUSH1 0x20 PUSH1 0x0 KECCAK256 SWAP1 JUMPDEST DUP2 SLOAD DUP2 MSTORE SWAP1 PUSH1 0x1 ADD SWAP1 PUSH1 0x20 ADD DUP1 DUP4 GT PUSH2 0xE2C JUMPI DUP3 SWAP1 SUB PUSH1 0x1F AND DUP3 ADD SWAP2 JUMPDEST POP POP POP POP POP DUP2 JUMP JUMPDEST PUSH1 0x0 DUP2 PUSH1 0x7 PUSH1 0x0 CALLER PUSH20 0xFFFFFFFFFFFFFFFFFFFFFFFFFFFFFFFFFFFFFFFF AND PUSH20 0xFFFFFFFFFFFFFFFFFFFFFFFFFFFFFFFFFFFFFFFF AND DUP2 MSTORE PUSH1 0x20 ADD SWAP1 DUP2 MSTORE PUSH1 0x20 ADD PUSH1 0x0 KECCAK256 PUSH1 0x0 DUP6 PUSH20 0xFFFFFFFFFFFFFFFFFFFFFFFFFFFFFFFFFFFFFFFF AND PUSH20 0xFFFFFFFFFFFFFFFFFFFFFFFFFFFFFFFFFFFFFFFF AND DUP2 MSTORE PUSH1 0x20 ADD SWAP1 DUP2 MSTORE PUSH1 0x20 ADD PUSH1 0x0 KECCAK256 DUP2 SWAP1 SSTORE POP DUP3 PUSH20 0xFFFFFFFFFFFFFFFFFFFFFFFFFFFFFFFFFFFFFFFF AND CALLER PUSH20 0xFFFFFFFFFFFFFFFFFFFFFFFFFFFFFFFFFFFFFFFF AND PUSH32 0x8C5BE1E5EBEC7D5BD14F71427D1E84F3DD0314C0F7B2291E5B200AC8C7C3B925 DUP5 PUSH1 0x40 MLOAD DUP1 DUP3 DUP2 MSTORE PUSH1 0x20 ADD SWAP2 POP POP PUSH1 0x40 MLOAD DUP1 SWAP2 SUB SWAP1 LOG3 PUSH1 0x1 SWAP1 POP SWAP3 SWAP2 POP POP JUMP JUMPDEST PUSH1 0xD SLOAD DUP2 JUMP JUMPDEST PUSH1 0x0 DUP1 SWAP1 SLOAD SWAP1 PUSH2 0x100 EXP SWAP1 DIV PUSH20 0xFFFFFFFFFFFFFFFFFFFFFFFFFFFFFFFFFFFFFFFF AND PUSH20 0xFFFFFFFFFFFFFFFFFFFFFFFFFFFFFFFFFFFFFFFF AND CALLER PUSH20 0xFFFFFFFFFFFFFFFFFFFFFFFFFFFFFFFFFFFFFFFF AND EQ ISZERO ISZERO PUSH2 0xFA4 JUMPI PUSH1 0x0 DUP1 REVERT JUMPDEST PUSH1 0x0 PUSH1 0x1 PUSH1 0x0 DUP4 PUSH20 0xFFFFFFFFFFFFFFFFFFFFFFFFFFFFFFFFFFFFFFFF AND PUSH20 0xFFFFFFFFFFFFFFFFFFFFFFFFFFFFFFFFFFFFFFFF AND DUP2 MSTORE PUSH1 0x20 ADD SWAP1 DUP2 MSTORE PUSH1 0x20 ADD PUSH1 0x0 KECCAK256 PUSH1 0x0 PUSH2 0x100 EXP DUP2 SLOAD DUP2 PUSH1 0xFF MUL NOT AND SWAP1 DUP4 ISZERO ISZERO MUL OR SWAP1 SSTORE POP POP JUMP JUMPDEST PUSH1 0x8 PUSH1 0x0 SWAP1 SLOAD SWAP1 PUSH2 0x100 EXP SWAP1 DIV PUSH1 0xFF AND DUP2 JUMP JUMPDEST PUSH1 0x5 SLOAD DUP2 JUMP JUMPDEST PUSH1 0x0 PUSH1 0x7 PUSH1 0x0 DUP6 PUSH20 0xFFFFFFFFFFFFFFFFFFFFFFFFFFFFFFFFFFFFFFFF AND PUSH20 0xFFFFFFFFFFFFFFFFFFFFFFFFFFFFFFFFFFFFFFFF AND DUP2 MSTORE PUSH1 0x20 ADD SWAP1 DUP2 MSTORE PUSH1 0x20 ADD PUSH1 0x0 KECCAK256 PUSH1 0x0 CALLER PUSH20 0xFFFFFFFFFFFFFFFFFFFFFFFFFFFFFFFFFFFFFFFF AND PUSH20 0xFFFFFFFFFFFFFFFFFFFFFFFFFFFFFFFFFFFFFFFF AND DUP2 MSTORE PUSH1 0x20 ADD SWAP1 DUP2 MSTORE PUSH1 0x20 ADD PUSH1 0x0 KECCAK256 SLOAD DUP3 GT ISZERO ISZERO ISZERO PUSH2 0x10A5 JUMPI PUSH1 0x0 DUP1 REVERT JUMPDEST DUP2 PUSH1 0x7 PUSH1 0x0 DUP7 PUSH20 0xFFFFFFFFFFFFFFFFFFFFFFFFFFFFFFFFFFFFFFFF AND PUSH20 0xFFFFFFFFFFFFFFFFFFFFFFFFFFFFFFFFFFFFFFFF AND DUP2 MSTORE PUSH1 0x20 ADD SWAP1 DUP2 MSTORE PUSH1 0x20 ADD PUSH1 0x0 KECCAK256 PUSH1 0x0 CALLER PUSH20 0xFFFFFFFFFFFFFFFFFFFFFFFFFFFFFFFFFFFFFFFF AND PUSH20 0xFFFFFFFFFFFFFFFFFFFFFFFFFFFFFFFFFFFFFFFF AND DUP2 MSTORE PUSH1 0x20 ADD SWAP1 DUP2 MSTORE PUSH1 0x20 ADD PUSH1 0x0 KECCAK256 PUSH1 0x0 DUP3 DUP3 SLOAD SUB SWAP3 POP POP DUP2 SWAP1 SSTORE POP PUSH2 0x113A DUP5 DUP5 DUP5 PUSH2 0x1BB8 JUMP JUMPDEST PUSH1 0x1 SWAP1 POP SWAP4 SWAP3 POP POP POP JUMP JUMPDEST PUSH1 0x0 CALLER SWAP1 POP PUSH1 0x1 ISZERO ISZERO PUSH1 0x1 PUSH1 0x0 CALLER PUSH20 0xFFFFFFFFFFFFFFFFFFFFFFFFFFFFFFFFFFFFFFFF AND PUSH20 0xFFFFFFFFFFFFFFFFFFFFFFFFFFFFFFFFFFFFFFFF AND DUP2 MSTORE PUSH1 0x20 ADD SWAP1 DUP2 MSTORE PUSH1 0x20 ADD PUSH1 0x0 KECCAK256 PUSH1 0x0 SWAP1 SLOAD SWAP1 PUSH2 0x100 EXP SWAP1 DIV PUSH1 0xFF AND ISZERO ISZERO EQ ISZERO ISZERO PUSH2 0x11A9 JUMPI PUSH1 0x0 DUP1 REVERT JUMPDEST PUSH1 0x0 PUSH1 0x1 PUSH1 0x0 CALLER PUSH20 0xFFFFFFFFFFFFFFFFFFFFFFFFFFFFFFFFFFFFFFFF AND PUSH20 0xFFFFFFFFFFFFFFFFFFFFFFFFFFFFFFFFFFFFFFFF AND DUP2 MSTORE PUSH1 0x20 ADD SWAP1 DUP2 MSTORE PUSH1 0x20 ADD PUSH1 0x0 KECCAK256 PUSH1 0x0 PUSH2 0x100 EXP DUP2 SLOAD DUP2 PUSH1 0xFF MUL NOT AND SWAP1 DUP4 ISZERO ISZERO MUL OR SWAP1 SSTORE POP POP JUMP JUMPDEST PUSH1 0x0 PUSH1 0x1 ISZERO ISZERO PUSH1 0x1 PUSH1 0x0 DUP5 PUSH20 0xFFFFFFFFFFFFFFFFFFFFFFFFFFFFFFFFFFFFFFFF AND PUSH20 0xFFFFFFFFFFFFFFFFFFFFFFFFFFFFFFFFFFFFFFFF AND DUP2 MSTORE PUSH1 0x20 ADD SWAP1 DUP2 MSTORE PUSH1 0x20 ADD PUSH1 0x0 KECCAK256 PUSH1 0x0 SWAP1 SLOAD SWAP1 PUSH2 0x100 EXP SWAP1 DIV PUSH1 0xFF AND ISZERO ISZERO EQ SWAP1 POP SWAP2 SWAP1 POP JUMP JUMPDEST PUSH1 0x4 PUSH1 0x0 SWAP1 SLOAD SWAP1 PUSH2 0x100 EXP SWAP1 DIV PUSH1 0xFF AND DUP2 JUMP JUMPDEST PUSH1 0x0 DUP2 PUSH1 0x6 PUSH1 0x0 CALLER PUSH20 0xFFFFFFFFFFFFFFFFFFFFFFFFFFFFFFFFFFFFFFFF AND PUSH20 0xFFFFFFFFFFFFFFFFFFFFFFFFFFFFFFFFFFFFFFFF AND DUP2 MSTORE PUSH1 0x20 ADD SWAP1 DUP2 MSTORE PUSH1 0x20 ADD PUSH1 0x0 KECCAK256 SLOAD LT ISZERO ISZERO ISZERO PUSH2 0x12C4 JUMPI PUSH1 0x0 DUP1 REVERT JUMPDEST DUP2 PUSH1 0x6 PUSH1 0x0 CALLER PUSH20 0xFFFFFFFFFFFFFFFFFFFFFFFFFFFFFFFFFFFFFFFF AND PUSH20 0xFFFFFFFFFFFFFFFFFFFFFFFFFFFFFFFFFFFFFFFF AND DUP2 MSTORE PUSH1 0x20 ADD SWAP1 DUP2 MSTORE PUSH1 0x20 ADD PUSH1 0x0 KECCAK256 PUSH1 0x0 DUP3 DUP3 SLOAD SUB SWAP3 POP POP DUP2 SWAP1 SSTORE POP DUP2 PUSH1 0x5 PUSH1 0x0 DUP3 DUP3 SLOAD SUB SWAP3 POP POP DUP2 SWAP1 SSTORE POP CALLER PUSH20 0xFFFFFFFFFFFFFFFFFFFFFFFFFFFFFFFFFFFFFFFF AND PUSH32 0xCC16F5DBB4873280815C1EE09DBD06736CFFCC184412CF7A71A0FDB75D397CA5 DUP4 PUSH1 0x40 MLOAD DUP1 DUP3 DUP2 MSTORE PUSH1 0x20 ADD SWAP2 POP POP PUSH1 0x40 MLOAD DUP1 SWAP2 SUB SWAP1 LOG2 PUSH1 0x1 SWAP1 POP SWAP2 SWAP1 POP JUMP JUMPDEST PUSH1 0x10 SLOAD DUP2 JUMP JUMPDEST PUSH1 0x0 DUP1 CALLER SWAP1 POP PUSH1 0x1 ISZERO ISZERO PUSH1 0x1 PUSH1 0x0 CALLER PUSH20 0xFFFFFFFFFFFFFFFFFFFFFFFFFFFFFFFFFFFFFFFF AND PUSH20 0xFFFFFFFFFFFFFFFFFFFFFFFFFFFFFFFFFFFFFFFF AND DUP2 MSTORE PUSH1 0x20 ADD SWAP1 DUP2 MSTORE PUSH1 0x20 ADD PUSH1 0x0 KECCAK256 PUSH1 0x0 SWAP1 SLOAD SWAP1 PUSH2 0x100 EXP SWAP1 DIV PUSH1 0xFF AND ISZERO ISZERO EQ ISZERO ISZERO PUSH2 0x13E3 JUMPI PUSH1 0x0 DUP1 REVERT JUMPDEST PUSH2 0x13EE DUP5 ADDRESS DUP6 PUSH2 0x1BB8 JUMP JUMPDEST PUSH1 0x1 SWAP2 POP POP SWAP3 SWAP2 POP POP JUMP JUMPDEST PUSH1 0x0 CALLER SWAP1 POP PUSH1 0x1 ISZERO ISZERO PUSH1 0x1 PUSH1 0x0 CALLER PUSH20 0xFFFFFFFFFFFFFFFFFFFFFFFFFFFFFFFFFFFFFFFF AND PUSH20 0xFFFFFFFFFFFFFFFFFFFFFFFFFFFFFFFFFFFFFFFF AND DUP2 MSTORE PUSH1 0x20 ADD SWAP1 DUP2 MSTORE PUSH1 0x20 ADD PUSH1 0x0 KECCAK256 PUSH1 0x0 SWAP1 SLOAD SWAP1 PUSH2 0x100 EXP SWAP1 DIV PUSH1 0xFF AND ISZERO ISZERO EQ ISZERO ISZERO PUSH2 0x145D JUMPI PUSH1 0x0 DUP1 REVERT JUMPDEST DUP2 PUSH1 0xC DUP2 SWAP1 SSTORE POP POP POP JUMP JUMPDEST PUSH1 0x0 CALLER SWAP1 POP PUSH1 0x1 ISZERO ISZERO PUSH1 0x1 PUSH1 0x0 CALLER PUSH20 0xFFFFFFFFFFFFFFFFFFFFFFFFFFFFFFFFFFFFFFFF AND PUSH20 0xFFFFFFFFFFFFFFFFFFFFFFFFFFFFFFFFFFFFFFFF AND DUP2 MSTORE PUSH1 0x20 ADD SWAP1 DUP2 MSTORE PUSH1 0x20 ADD PUSH1 0x0 KECCAK256 PUSH1 0x0 SWAP1 SLOAD SWAP1 PUSH2 0x100 EXP SWAP1 DIV PUSH1 0xFF AND ISZERO ISZERO EQ ISZERO ISZERO PUSH2 0x14CC JUMPI PUSH1 0x0 DUP1 REVERT JUMPDEST PUSH1 0x1 DUP1 PUSH1 0x0 DUP5 PUSH20 0xFFFFFFFFFFFFFFFFFFFFFFFFFFFFFFFFFFFFFFFF AND PUSH20 0xFFFFFFFFFFFFFFFFFFFFFFFFFFFFFFFFFFFFFFFF AND DUP2 MSTORE PUSH1 0x20 ADD SWAP1 DUP2 MSTORE PUSH1 0x20 ADD PUSH1 0x0 KECCAK256 PUSH1 0x0 PUSH2 0x100 EXP DUP2 SLOAD DUP2 PUSH1 0xFF MUL NOT AND SWAP1 DUP4 ISZERO ISZERO MUL OR SWAP1 SSTORE POP POP POP JUMP JUMPDEST PUSH1 0x6 PUSH1 0x20 MSTORE DUP1 PUSH1 0x0 MSTORE PUSH1 0x40 PUSH1 0x0 KECCAK256 PUSH1 0x0 SWAP2 POP SWAP1 POP SLOAD DUP2 JUMP JUMPDEST PUSH1 0x0 DUP2 PUSH1 0x6 PUSH1 0x0 DUP6 PUSH20 0xFFFFFFFFFFFFFFFFFFFFFFFFFFFFFFFFFFFFFFFF AND PUSH20 0xFFFFFFFFFFFFFFFFFFFFFFFFFFFFFFFFFFFFFFFF AND DUP2 MSTORE PUSH1 0x20 ADD SWAP1 DUP2 MSTORE PUSH1 0x20 ADD PUSH1 0x0 KECCAK256 SLOAD LT ISZERO ISZERO ISZERO PUSH2 0x158F JUMPI PUSH1 0x0 DUP1 REVERT JUMPDEST PUSH1 0x7 PUSH1 0x0 DUP5 PUSH20 0xFFFFFFFFFFFFFFFFFFFFFFFFFFFFFFFFFFFFFFFF AND PUSH20 0xFFFFFFFFFFFFFFFFFFFFFFFFFFFFFFFFFFFFFFFF AND DUP2 MSTORE PUSH1 0x20 ADD SWAP1 DUP2 MSTORE PUSH1 0x20 ADD PUSH1 0x0 KECCAK256 PUSH1 0x0 CALLER PUSH20 0xFFFFFFFFFFFFFFFFFFFFFFFFFFFFFFFFFFFFFFFF AND PUSH20 0xFFFFFFFFFFFFFFFFFFFFFFFFFFFFFFFFFFFFFFFF AND DUP2 MSTORE PUSH1 0x20 ADD SWAP1 DUP2 MSTORE PUSH1 0x20 ADD PUSH1 0x0 KECCAK256 SLOAD DUP3 GT ISZERO ISZERO ISZERO PUSH2 0x161A JUMPI PUSH1 0x0 DUP1 REVERT JUMPDEST DUP2 PUSH1 0x6 PUSH1 0x0 DUP6 PUSH20 0xFFFFFFFFFFFFFFFFFFFFFFFFFFFFFFFFFFFFFFFF AND PUSH20 0xFFFFFFFFFFFFFFFFFFFFFFFFFFFFFFFFFFFFFFFF AND DUP2 MSTORE PUSH1 0x20 ADD SWAP1 DUP2 MSTORE PUSH1 0x20 ADD PUSH1 0x0 KECCAK256 PUSH1 0x0 DUP3 DUP3 SLOAD SUB SWAP3 POP POP DUP2 SWAP1 SSTORE POP DUP2 PUSH1 0x7 PUSH1 0x0 DUP6 PUSH20 0xFFFFFFFFFFFFFFFFFFFFFFFFFFFFFFFFFFFFFFFF AND PUSH20 0xFFFFFFFFFFFFFFFFFFFFFFFFFFFFFFFFFFFFFFFF AND DUP2 MSTORE PUSH1 0x20 ADD SWAP1 DUP2 MSTORE PUSH1 0x20 ADD PUSH1 0x0 KECCAK256 PUSH1 0x0 CALLER PUSH20 0xFFFFFFFFFFFFFFFFFFFFFFFFFFFFFFFFFFFFFFFF AND PUSH20 0xFFFFFFFFFFFFFFFFFFFFFFFFFFFFFFFFFFFFFFFF AND DUP2 MSTORE PUSH1 0x20 ADD SWAP1 DUP2 MSTORE PUSH1 0x20 ADD PUSH1 0x0 KECCAK256 PUSH1 0x0 DUP3 DUP3 SLOAD SUB SWAP3 POP POP DUP2 SWAP1 SSTORE POP DUP2 PUSH1 0x5 PUSH1 0x0 DUP3 DUP3 SLOAD SUB SWAP3 POP POP DUP2 SWAP1 SSTORE POP DUP3 PUSH20 0xFFFFFFFFFFFFFFFFFFFFFFFFFFFFFFFFFFFFFFFF AND PUSH32 0xCC16F5DBB4873280815C1EE09DBD06736CFFCC184412CF7A71A0FDB75D397CA5 DUP4 PUSH1 0x40 MLOAD DUP1 DUP3 DUP2 MSTORE PUSH1 0x20 ADD SWAP2 POP POP PUSH1 0x40 MLOAD DUP1 SWAP2 SUB SWAP1 LOG2 PUSH1 0x1 SWAP1 POP SWAP3 SWAP2 POP POP JUMP JUMPDEST PUSH1 0xC SLOAD DUP2 JUMP JUMPDEST PUSH1 0x0 DUP1 SWAP1 SLOAD SWAP1 PUSH2 0x100 EXP SWAP1 DIV PUSH20 0xFFFFFFFFFFFFFFFFFFFFFFFFFFFFFFFFFFFFFFFF AND DUP2 JUMP JUMPDEST PUSH1 0x3 DUP1 SLOAD PUSH1 0x1 DUP2 PUSH1 0x1 AND ISZERO PUSH2 0x100 MUL SUB AND PUSH1 0x2 SWAP1 DIV DUP1 PUSH1 0x1F ADD PUSH1 0x20 DUP1 SWAP2 DIV MUL PUSH1 0x20 ADD PUSH1 0x40 MLOAD SWAP1 DUP2 ADD PUSH1 0x40 MSTORE DUP1 SWAP3 SWAP2 SWAP1 DUP2 DUP2 MSTORE PUSH1 0x20 ADD DUP3 DUP1 SLOAD PUSH1 0x1 DUP2 PUSH1 0x1 AND ISZERO PUSH2 0x100 MUL SUB AND PUSH1 0x2 SWAP1 DIV DUP1 ISZERO PUSH2 0x181A JUMPI DUP1 PUSH1 0x1F LT PUSH2 0x17EF JUMPI PUSH2 0x100 DUP1 DUP4 SLOAD DIV MUL DUP4 MSTORE SWAP2 PUSH1 0x20 ADD SWAP2 PUSH2 0x181A JUMP JUMPDEST DUP3 ADD SWAP2 SWAP1 PUSH1 0x0 MSTORE PUSH1 0x20 PUSH1 0x0 KECCAK256 SWAP1 JUMPDEST DUP2 SLOAD DUP2 MSTORE SWAP1 PUSH1 0x1 ADD SWAP1 PUSH1 0x20 ADD DUP1 DUP4 GT PUSH2 0x17FD JUMPI DUP3 SWAP1 SUB PUSH1 0x1F AND DUP3 ADD SWAP2 JUMPDEST POP POP POP POP POP DUP2 JUMP JUMPDEST PUSH1 0xE SLOAD DUP2 JUMP JUMPDEST PUSH2 0x1833 CALLER DUP4 DUP4 PUSH2 0x1BB8 JUMP JUMPDEST POP POP JUMP JUMPDEST PUSH1 0x11 PUSH1 0x20 MSTORE DUP1 PUSH1 0x0 MSTORE PUSH1 0x40 PUSH1 0x0 KECCAK256 PUSH1 0x0 SWAP2 POP SLOAD SWAP1 PUSH2 0x100 EXP SWAP1 DIV PUSH1 0xFF AND DUP2 JUMP JUMPDEST PUSH1 0x0 DUP1 DUP5 SWAP1 POP PUSH2 0x1867 DUP6 DUP6 PUSH2 0xE51 JUMP JUMPDEST ISZERO PUSH2 0x19CC JUMPI DUP1 PUSH20 0xFFFFFFFFFFFFFFFFFFFFFFFFFFFFFFFFFFFFFFFF AND PUSH4 0x8F4FFCB1 CALLER DUP7 ADDRESS DUP8 PUSH1 0x40 MLOAD DUP6 PUSH4 0xFFFFFFFF AND PUSH29 0x100000000000000000000000000000000000000000000000000000000 MUL DUP2 MSTORE PUSH1 0x4 ADD DUP1 DUP6 PUSH20 0xFFFFFFFFFFFFFFFFFFFFFFFFFFFFFFFFFFFFFFFF AND PUSH20 0xFFFFFFFFFFFFFFFFFFFFFFFFFFFFFFFFFFFFFFFF AND DUP2 MSTORE PUSH1 0x20 ADD DUP5 DUP2 MSTORE PUSH1 0x20 ADD DUP4 PUSH20 0xFFFFFFFFFFFFFFFFFFFFFFFFFFFFFFFFFFFFFFFF AND PUSH20 0xFFFFFFFFFFFFFFFFFFFFFFFFFFFFFFFFFFFFFFFF AND DUP2 MSTORE PUSH1 0x20 ADD DUP1 PUSH1 0x20 ADD DUP3 DUP2 SUB DUP3 MSTORE DUP4 DUP2 DUP2 MLOAD DUP2 MSTORE PUSH1 0x20 ADD SWAP2 POP DUP1 MLOAD SWAP1 PUSH1 0x20 ADD SWAP1 DUP1 DUP4 DUP4 PUSH1 0x0 JUMPDEST DUP4 DUP2 LT ISZERO PUSH2 0x1961 JUMPI DUP1 DUP3 ADD MLOAD DUP2 DUP5 ADD MSTORE PUSH1 0x20 DUP2 ADD SWAP1 POP PUSH2 0x1946 JUMP JUMPDEST POP POP POP POP SWAP1 POP SWAP1 DUP2 ADD SWAP1 PUSH1 0x1F AND DUP1 ISZERO PUSH2 0x198E JUMPI DUP1 DUP3 SUB DUP1 MLOAD PUSH1 0x1 DUP4 PUSH1 0x20 SUB PUSH2 0x100 EXP SUB NOT AND DUP2 MSTORE PUSH1 0x20 ADD SWAP2 POP JUMPDEST POP SWAP6 POP POP POP POP POP POP PUSH1 0x0 PUSH1 0x40 MLOAD DUP1 DUP4 SUB DUP2 PUSH1 0x0 DUP8 DUP1 EXTCODESIZE ISZERO ISZERO PUSH2 0x19AF JUMPI PUSH1 0x0 DUP1 REVERT JUMPDEST PUSH2 0x2C6 GAS SUB CALL ISZERO ISZERO PUSH2 0x19C0 JUMPI PUSH1 0x0 DUP1 REVERT JUMPDEST POP POP POP PUSH1 0x1 SWAP2 POP PUSH2 0x19CD JUMP JUMPDEST JUMPDEST POP SWAP4 SWAP3 POP POP POP JUMP JUMPDEST PUSH1 0x7 PUSH1 0x20 MSTORE DUP2 PUSH1 0x0 MSTORE PUSH1 0x40 PUSH1 0x0 KECCAK256 PUSH1 0x20 MSTORE DUP1 PUSH1 0x0 MSTORE PUSH1 0x40 PUSH1 0x0 KECCAK256 PUSH1 0x0 SWAP2 POP SWAP2 POP POP SLOAD DUP2 JUMP JUMPDEST PUSH2 0x1A05 CALLER ADDRESS DUP4 PUSH2 0x1BB8 JUMP JUMPDEST POP JUMP JUMPDEST PUSH1 0xF SLOAD DUP2 JUMP JUMPDEST PUSH1 0x0 CALLER SWAP1 POP PUSH1 0x1 ISZERO ISZERO PUSH1 0x1 PUSH1 0x0 CALLER PUSH20 0xFFFFFFFFFFFFFFFFFFFFFFFFFFFFFFFFFFFFFFFF AND PUSH20 0xFFFFFFFFFFFFFFFFFFFFFFFFFFFFFFFFFFFFFFFF AND DUP2 MSTORE PUSH1 0x20 ADD SWAP1 DUP2 MSTORE PUSH1 0x20 ADD PUSH1 0x0 KECCAK256 PUSH1 0x0 SWAP1 SLOAD SWAP1 PUSH2 0x100 EXP SWAP1 DIV PUSH1 0xFF AND ISZERO ISZERO EQ ISZERO ISZERO PUSH2 0x1A72 JUMPI PUSH1 0x0 DUP1 REVERT JUMPDEST DUP2 PUSH1 0x11 PUSH1 0x0 DUP6 PUSH20 0xFFFFFFFFFFFFFFFFFFFFFFFFFFFFFFFFFFFFFFFF AND PUSH20 0xFFFFFFFFFFFFFFFFFFFFFFFFFFFFFFFFFFFFFFFF AND DUP2 MSTORE PUSH1 0x20 ADD SWAP1 DUP2 MSTORE PUSH1 0x20 ADD PUSH1 0x0 KECCAK256 PUSH1 0x0 PUSH2 0x100 EXP DUP2 SLOAD DUP2 PUSH1 0xFF MUL NOT AND SWAP1 DUP4 ISZERO ISZERO MUL OR SWAP1 SSTORE POP PUSH32 0x48335238B4855F35377ED80F164E8C6F3C366E54AC00B96A6402D4A9814A03A5 DUP4 DUP4 PUSH1 0x40 MLOAD DUP1 DUP4 PUSH20 0xFFFFFFFFFFFFFFFFFFFFFFFFFFFFFFFFFFFFFFFF AND PUSH20 0xFFFFFFFFFFFFFFFFFFFFFFFFFFFFFFFFFFFFFFFF AND DUP2 MSTORE PUSH1 0x20 ADD DUP3 ISZERO ISZERO ISZERO ISZERO DUP2 MSTORE PUSH1 0x20 ADD SWAP3 POP POP POP PUSH1 0x40 MLOAD DUP1 SWAP2 SUB SWAP1 LOG1 POP POP POP JUMP JUMPDEST PUSH1 0x0 DUP1 CALLER SWAP1 POP PUSH1 0x1 ISZERO ISZERO PUSH1 0x1 PUSH1 0x0 CALLER PUSH20 0xFFFFFFFFFFFFFFFFFFFFFFFFFFFFFFFFFFFFFFFF AND PUSH20 0xFFFFFFFFFFFFFFFFFFFFFFFFFFFFFFFFFFFFFFFF AND DUP2 MSTORE PUSH1 0x20 ADD SWAP1 DUP2 MSTORE PUSH1 0x20 ADD PUSH1 0x0 KECCAK256 PUSH1 0x0 SWAP1 SLOAD SWAP1 PUSH2 0x100 EXP SWAP1 DIV PUSH1 0xFF AND ISZERO ISZERO EQ ISZERO ISZERO PUSH2 0x1BA2 JUMPI PUSH1 0x0 DUP1 REVERT JUMPDEST PUSH2 0x1BAD ADDRESS DUP6 DUP6 PUSH2 0x1BB8 JUMP JUMPDEST PUSH1 0x1 SWAP2 POP POP SWAP3 SWAP2 POP POP JUMP JUMPDEST PUSH1 0x0 DUP3 PUSH20 0xFFFFFFFFFFFFFFFFFFFFFFFFFFFFFFFFFFFFFFFF AND EQ ISZERO ISZERO ISZERO PUSH2 0x1BDE JUMPI PUSH1 0x0 DUP1 REVERT JUMPDEST DUP1 PUSH1 0x6 PUSH1 0x0 DUP6 PUSH20 0xFFFFFFFFFFFFFFFFFFFFFFFFFFFFFFFFFFFFFFFF AND PUSH20 0xFFFFFFFFFFFFFFFFFFFFFFFFFFFFFFFFFFFFFFFF AND DUP2 MSTORE PUSH1 0x20 ADD SWAP1 DUP2 MSTORE PUSH1 0x20 ADD PUSH1 0x0 KECCAK256 SLOAD LT ISZERO ISZERO ISZERO PUSH2 0x1C2C JUMPI PUSH1 0x0 DUP1 REVERT JUMPDEST PUSH1 0x6 PUSH1 0x0 DUP4 PUSH20 0xFFFFFFFFFFFFFFFFFFFFFFFFFFFFFFFFFFFFFFFF AND PUSH20 0xFFFFFFFFFFFFFFFFFFFFFFFFFFFFFFFFFFFFFFFF AND DUP2 MSTORE PUSH1 0x20 ADD SWAP1 DUP2 MSTORE PUSH1 0x20 ADD PUSH1 0x0 KECCAK256 SLOAD DUP2 PUSH1 0x6 PUSH1 0x0 DUP6 PUSH20 0xFFFFFFFFFFFFFFFFFFFFFFFFFFFFFFFFFFFFFFFF AND PUSH20 0xFFFFFFFFFFFFFFFFFFFFFFFFFFFFFFFFFFFFFFFF AND DUP2 MSTORE PUSH1 0x20 ADD SWAP1 DUP2 MSTORE PUSH1 0x20 ADD PUSH1 0x0 KECCAK256 SLOAD ADD GT ISZERO ISZERO PUSH2 0x1CBA JUMPI PUSH1 0x0 DUP1 REVERT JUMPDEST PUSH1 0x11 PUSH1 0x0 DUP5 PUSH20 0xFFFFFFFFFFFFFFFFFFFFFFFFFFFFFFFFFFFFFFFF AND PUSH20 0xFFFFFFFFFFFFFFFFFFFFFFFFFFFFFFFFFFFFFFFF AND DUP2 MSTORE PUSH1 0x20 ADD SWAP1 DUP2 MSTORE PUSH1 0x20 ADD PUSH1 0x0 KECCAK256 PUSH1 0x0 SWAP1 SLOAD SWAP1 PUSH2 0x100 EXP SWAP1 DIV PUSH1 0xFF AND ISZERO ISZERO ISZERO PUSH2 0x1D13 JUMPI PUSH1 0x0 DUP1 REVERT JUMPDEST PUSH1 0x11 PUSH1 0x0 DUP4 PUSH20 0xFFFFFFFFFFFFFFFFFFFFFFFFFFFFFFFFFFFFFFFF AND PUSH20 0xFFFFFFFFFFFFFFFFFFFFFFFFFFFFFFFFFFFFFFFF AND DUP2 MSTORE PUSH1 0x20 ADD SWAP1 DUP2 MSTORE PUSH1 0x20 ADD PUSH1 0x0 KECCAK256 PUSH1 0x0 SWAP1 SLOAD SWAP1 PUSH2 0x100 EXP SWAP1 DIV PUSH1 0xFF AND ISZERO ISZERO ISZERO PUSH2 0x1D6C JUMPI PUSH1 0x0 DUP1 REVERT JUMPDEST DUP1 PUSH1 0x6 PUSH1 0x0 DUP6 PUSH20 0xFFFFFFFFFFFFFFFFFFFFFFFFFFFFFFFFFFFFFFFF AND PUSH20 0xFFFFFFFFFFFFFFFFFFFFFFFFFFFFFFFFFFFFFFFF AND DUP2 MSTORE PUSH1 0x20 ADD SWAP1 DUP2 MSTORE PUSH1 0x20 ADD PUSH1 0x0 KECCAK256 PUSH1 0x0 DUP3 DUP3 SLOAD SUB SWAP3 POP POP DUP2 SWAP1 SSTORE POP DUP1 PUSH1 0x6 PUSH1 0x0 DUP5 PUSH20 0xFFFFFFFFFFFFFFFFFFFFFFFFFFFFFFFFFFFFFFFF AND PUSH20 0xFFFFFFFFFFFFFFFFFFFFFFFFFFFFFFFFFFFFFFFF AND DUP2 MSTORE PUSH1 0x20 ADD SWAP1 DUP2 MSTORE PUSH1 0x20 ADD PUSH1 0x0 KECCAK256 PUSH1 0x0 DUP3 DUP3 SLOAD ADD SWAP3 POP POP DUP2 SWAP1 SSTORE POP DUP2 PUSH20 0xFFFFFFFFFFFFFFFFFFFFFFFFFFFFFFFFFFFFFFFF AND DUP4 PUSH20 0xFFFFFFFFFFFFFFFFFFFFFFFFFFFFFFFFFFFFFFFF AND PUSH32 0xDDF252AD1BE2C89B69C2B068FC378DAA952BA7F163C4A11628F55A4DF523B3EF DUP4 PUSH1 0x40 MLOAD DUP1 DUP3 DUP2 MSTORE PUSH1 0x20 ADD SWAP2 POP POP PUSH1 0x40 MLOAD DUP1 SWAP2 SUB SWAP1 LOG3 POP POP POP JUMP STOP LOG1 PUSH6 0x627A7A723058 KECCAK256 0xb7 0x24 0xd3 EXP LOG1 PUSH22 0x859340BDDE9E58F5DD0CC225298E5F0C13BB4FE25C7 SMOD 0xb7 LOG1 PUSH31 0x290000000000000000000000000000000000000000000000000000000000
1,PUSH1 0x60 PUSH1 0x40 MSTORE PUSH2 0x3E8 PUSH1 0x7 SSTORE PUSH1 0x1 PUSH1 0x8 PUSH1 0x0 PUSH2 0x100 EXP DUP2 SLOAD DUP2 PUSH1 0xFF MUL NOT AND SWAP1 DUP4 ISZERO ISZERO MUL OR SWAP1 SSTORE POP CALLVALUE ISZERO PUSH3 0x31 JUMPI PUSH1 0x0 DUP1 REVERT JUMPDEST PUSH1 0x40 MLOAD PUSH3 0x1967 CODESIZE SUB DUP1 PUSH3 0x1967 DUP4 CODECOPY DUP2 ADD PUSH1 0x40 MSTORE DUP1 DUP1 MLOAD SWAP1 PUSH1 0x20 ADD SWAP1 SWAP2 SWAP1 DUP1 MLOAD DUP3 ADD SWAP2 SWAP1 PUSH1 0x20 ADD DUP1 MLOAD SWAP1 PUSH1 0x20 ADD SWAP1 SWAP2 SWAP1 DUP1 MLOAD DUP3 ADD SWAP2 SWAP1 POP POP DUP4 DUP4 DUP4 DUP4 CALLER PUSH1 0x0 DUP1 PUSH2 0x100 EXP DUP2 SLOAD DUP2 PUSH20 0xFFFFFFFFFFFFFFFFFFFFFFFFFFFFFFFFFFFFFFFF MUL NOT AND SWAP1 DUP4 PUSH20 0xFFFFFFFFFFFFFFFFFFFFFFFFFFFFFFFFFFFFFFFF AND MUL OR SWAP1 SSTORE POP DUP4 PUSH1 0x5 PUSH1 0x0 CALLER PUSH20 0xFFFFFFFFFFFFFFFFFFFFFFFFFFFFFFFFFFFFFFFF AND PUSH20 0xFFFFFFFFFFFFFFFFFFFFFFFFFFFFFFFFFFFFFFFF AND DUP2 MSTORE PUSH1 0x20 ADD SWAP1 DUP2 MSTORE PUSH1 0x20 ADD PUSH1 0x0 KECCAK256 DUP2 SWAP1 SSTORE POP DUP4 PUSH1 0x4 DUP2 SWAP1 SSTORE POP DUP3 PUSH1 0x1 SWAP1 DUP1 MLOAD SWAP1 PUSH1 0x20 ADD SWAP1 PUSH3 0x111 SWAP3 SWAP2 SWAP1 PUSH3 0x154 JUMP JUMPDEST POP DUP1 PUSH1 0x2 SWAP1 DUP1 MLOAD SWAP1 PUSH1 0x20 ADD SWAP1 PUSH3 0x12A SWAP3 SWAP2 SWAP1 PUSH3 0x154 JUMP JUMPDEST POP DUP2 PUSH1 0x3 PUSH1 0x0 PUSH2 0x100 EXP DUP2 SLOAD DUP2 PUSH1 0xFF MUL NOT AND SWAP1 DUP4 PUSH1 0xFF AND MUL OR SWAP1 SSTORE POP POP POP POP POP POP POP POP POP PUSH3 0x203 JUMP JUMPDEST DUP3 DUP1 SLOAD PUSH1 0x1 DUP2 PUSH1 0x1 AND ISZERO PUSH2 0x100 MUL SUB AND PUSH1 0x2 SWAP1 DIV SWAP1 PUSH1 0x0 MSTORE PUSH1 0x20 PUSH1 0x0 KECCAK256 SWAP1 PUSH1 0x1F ADD PUSH1 0x20 SWAP1 DIV DUP2 ADD SWAP3 DUP3 PUSH1 0x1F LT PUSH3 0x197 JUMPI DUP1 MLOAD PUSH1 0xFF NOT AND DUP4 DUP1 ADD OR DUP6 SSTORE PUSH3 0x1C8 JUMP JUMPDEST DUP3 DUP1 ADD PUSH1 0x1 ADD DUP6 SSTORE DUP3 ISZERO PUSH3 0x1C8 JUMPI SWAP2 DUP3 ADD JUMPDEST DUP3 DUP2 GT ISZERO PUSH3 0x1C7 JUMPI DUP3 MLOAD DUP3 SSTORE SWAP2 PUSH1 0x20 ADD SWAP2 SWAP1 PUSH1 0x1 ADD SWAP1 PUSH3 0x1AA JUMP JUMPDEST JUMPDEST POP SWAP1 POP PUSH3 0x1D7 SWAP2 SWAP1 PUSH3 0x1DB JUMP JUMPDEST POP SWAP1 JUMP JUMPDEST PUSH3 0x200 SWAP2 SWAP1 JUMPDEST DUP1 DUP3 GT ISZERO PUSH3 0x1FC JUMPI PUSH1 0x0 DUP2 PUSH1 0x0 SWAP1 SSTORE POP PUSH1 0x1 ADD PUSH3 0x1E2 JUMP JUMPDEST POP SWAP1 JUMP JUMPDEST SWAP1 JUMP JUMPDEST PUSH2 0x1754 DUP1 PUSH3 0x213 PUSH1 0x0 CODECOPY PUSH1 0x0 RETURN STOP PUSH1 0x60 PUSH1 0x40 MSTORE PUSH1 0x4 CALLDATASIZE LT PUSH2 0x11D JUMPI PUSH1 0x0 CALLDATALOAD PUSH29 0x100000000000000000000000000000000000000000000000000000000 SWAP1 DIV PUSH4 0xFFFFFFFF AND DUP1 PUSH4 0x6FDDE03 EQ PUSH2 0x12D JUMPI DUP1 PUSH4 0x95EA7B3 EQ PUSH2 0x1BB JUMPI DUP1 PUSH4 0x18160DDD EQ PUSH2 0x215 JUMPI DUP1 PUSH4 0x23B872DD EQ PUSH2 0x23E JUMPI DUP1 PUSH4 0x313CE567 EQ PUSH2 0x2B7 JUMPI DUP1 PUSH4 0x6A5BBC1D EQ PUSH2 0x2E6 JUMPI DUP1 PUSH4 0x70A08231 EQ PUSH2 0x309 JUMPI DUP1 PUSH4 0x79C65068 EQ PUSH2 0x356 JUMPI DUP1 PUSH4 0x85E436BF EQ PUSH2 0x398 JUMPI DUP1 PUSH4 0x8DA5CB5B EQ PUSH2 0x3BB JUMPI DUP1 PUSH4 0x95D89B41 EQ PUSH2 0x410 JUMPI DUP1 PUSH4 0xA6F2AE3A EQ PUSH2 0x49E JUMPI DUP1 PUSH4 0xA9059CBB EQ PUSH2 0x4A8 JUMPI DUP1 PUSH4 0xB414D4B6 EQ PUSH2 0x4EA JUMPI DUP1 PUSH4 0xCAE9CA51 EQ PUSH2 0x53B JUMPI DUP1 PUSH4 0xCBF21837 EQ PUSH2 0x5D8 JUMPI DUP1 PUSH4 0xDD62ED3E EQ PUSH2 0x605 JUMPI DUP1 PUSH4 0xE724529C EQ PUSH2 0x671 JUMPI DUP1 PUSH4 0xF2FDE38B EQ PUSH2 0x6B5 JUMPI DUP1 PUSH4 0xFC37987B EQ PUSH2 0x6EE JUMPI DUP1 PUSH4 0xFCE3BBB5 EQ PUSH2 0x717 JUMPI JUMPDEST CALLVALUE ISZERO PUSH2 0x128 JUMPI PUSH1 0x0 DUP1 REVERT JUMPDEST PUSH1 0x0 DUP1 REVERT JUMPDEST CALLVALUE ISZERO PUSH2 0x138 JUMPI PUSH1 0x0 DUP1 REVERT JUMPDEST PUSH2 0x140 PUSH2 0x73C JUMP JUMPDEST PUSH1 0x40 MLOAD DUP1 DUP1 PUSH1 0x20 ADD DUP3 DUP2 SUB DUP3 MSTORE DUP4 DUP2 DUP2 MLOAD DUP2 MSTORE PUSH1 0x20 ADD SWAP2 POP DUP1 MLOAD SWAP1 PUSH1 0x20 ADD SWAP1 DUP1 DUP4 DUP4 PUSH1 0x0 JUMPDEST DUP4 DUP2 LT ISZERO PUSH2 0x180 JUMPI DUP1 DUP3 ADD MLOAD DUP2 DUP5 ADD MSTORE PUSH1 0x20 DUP2 ADD SWAP1 POP PUSH2 0x165 JUMP JUMPDEST POP POP POP POP SWAP1 POP SWAP1 DUP2 ADD SWAP1 PUSH1 0x1F AND DUP1 ISZERO PUSH2 0x1AD JUMPI DUP1 DUP3 SUB DUP1 MLOAD PUSH1 0x1 DUP4 PUSH1 0x20 SUB PUSH2 0x100 EXP SUB NOT AND DUP2 MSTORE PUSH1 0x20 ADD SWAP2 POP JUMPDEST POP SWAP3 POP POP POP PUSH1 0x40 MLOAD DUP1 SWAP2 SUB SWAP1 RETURN JUMPDEST CALLVALUE ISZERO PUSH2 0x1C6 JUMPI PUSH1 0x0 DUP1 REVERT JUMPDEST PUSH2 0x1FB PUSH1 0x4 DUP1 DUP1 CALLDATALOAD PUSH20 0xFFFFFFFFFFFFFFFFFFFFFFFFFFFFFFFFFFFFFFFF AND SWAP1 PUSH1 0x20 ADD SWAP1 SWAP2 SWAP1 DUP1 CALLDATALOAD SWAP1 PUSH1 0x20 ADD SWAP1 SWAP2 SWAP1 POP POP PUSH2 0x7DA JUMP JUMPDEST PUSH1 0x40 MLOAD DUP1 DUP3 ISZERO ISZERO ISZERO ISZERO DUP2 MSTORE PUSH1 0x20 ADD SWAP2 POP POP PUSH1 0x40 MLOAD DUP1 SWAP2 SUB SWAP1 RETURN JUMPDEST CALLVALUE ISZERO PUSH2 0x220 JUMPI PUSH1 0x0 DUP1 REVERT JUMPDEST PUSH2 0x228 PUSH2 0x867 JUMP JUMPDEST PUSH1 0x40 MLOAD DUP1 DUP3 DUP2 MSTORE PUSH1 0x20 ADD SWAP2 POP POP PUSH1 0x40 MLOAD DUP1 SWAP2 SUB SWAP1 RETURN JUMPDEST CALLVALUE ISZERO PUSH2 0x249 JUMPI PUSH1 0x0 DUP1 REVERT JUMPDEST PUSH2 0x29D PUSH1 0x4 DUP1 DUP1 CALLDATALOAD PUSH20 0xFFFFFFFFFFFFFFFFFFFFFFFFFFFFFFFFFFFFFFFF AND SWAP1 PUSH1 0x20 ADD SWAP1 SWAP2 SWAP1 DUP1 CALLDATALOAD PUSH20 0xFFFFFFFFFFFFFFFFFFFFFFFFFFFFFFFFFFFFFFFF AND SWAP1 PUSH1 0x20 ADD SWAP1 SWAP2 SWAP1 DUP1 CALLDATALOAD SWAP1 PUSH1 0x20 ADD SWAP1 SWAP2 SWAP1 POP POP PUSH2 0x86D JUMP JUMPDEST PUSH1 0x40 MLOAD DUP1 DUP3 ISZERO ISZERO ISZERO ISZERO DUP2 MSTORE PUSH1 0x20 ADD SWAP2 POP POP PUSH1 0x40 MLOAD DUP1 SWAP2 SUB SWAP1 RETURN JUMPDEST CALLVALUE ISZERO PUSH2 0x2C2 JUMPI PUSH1 0x0 DUP1 REVERT JUMPDEST PUSH2 0x2CA PUSH2 0xBBC JUMP JUMPDEST PUSH1 0x40 MLOAD DUP1 DUP3 PUSH1 0xFF AND PUSH1 0xFF AND DUP2 MSTORE PUSH1 0x20 ADD SWAP2 POP POP PUSH1 0x40 MLOAD DUP1 SWAP2 SUB SWAP1 RETURN JUMPDEST CALLVALUE ISZERO PUSH2 0x2F1 JUMPI PUSH1 0x0 DUP1 REVERT JUMPDEST PUSH2 0x307 PUSH1 0x4 DUP1 DUP1 CALLDATALOAD SWAP1 PUSH1 0x20 ADD SWAP1 SWAP2 SWAP1 POP POP PUSH2 0xBCF JUMP JUMPDEST STOP JUMPDEST CALLVALUE ISZERO PUSH2 0x314 JUMPI PUSH1 0x0 DUP1 REVERT JUMPDEST PUSH2 0x340 PUSH1 0x4 DUP1 DUP1 CALLDATALOAD PUSH20 0xFFFFFFFFFFFFFFFFFFFFFFFFFFFFFFFFFFFFFFFF AND SWAP1 PUSH1 0x20 ADD SWAP1 SWAP2 SWAP1 POP POP PUSH2 0xC8E JUMP JUMPDEST PUSH1 0x40 MLOAD DUP1 DUP3 DUP2 MSTORE PUSH1 0x20 ADD SWAP2 POP POP PUSH1 0x40 MLOAD DUP1 SWAP2 SUB SWAP1 RETURN JUMPDEST CALLVALUE ISZERO PUSH2 0x361 JUMPI PUSH1 0x0 DUP1 REVERT JUMPDEST PUSH2 0x396 PUSH1 0x4 DUP1 DUP1 CALLDATALOAD PUSH20 0xFFFFFFFFFFFFFFFFFFFFFFFFFFFFFFFFFFFFFFFF AND SWAP1 PUSH1 0x20 ADD SWAP1 SWAP2 SWAP1 DUP1 CALLDATALOAD SWAP1 PUSH1 0x20 ADD SWAP1 SWAP2 SWAP1 POP POP PUSH2 0xCA6 JUMP JUMPDEST STOP JUMPDEST CALLVALUE ISZERO PUSH2 0x3A3 JUMPI PUSH1 0x0 DUP1 REVERT JUMPDEST PUSH2 0x3B9 PUSH1 0x4 DUP1 DUP1 CALLDATALOAD SWAP1 PUSH1 0x20 ADD SWAP1 SWAP2 SWAP1 POP POP PUSH2 0xE49 JUMP JUMPDEST STOP JUMPDEST CALLVALUE ISZERO PUSH2 0x3C6 JUMPI PUSH1 0x0 DUP1 REVERT JUMPDEST PUSH2 0x3CE PUSH2 0xEAE JUMP JUMPDEST PUSH1 0x40 MLOAD DUP1 DUP3 PUSH20 0xFFFFFFFFFFFFFFFFFFFFFFFFFFFFFFFFFFFFFFFF AND PUSH20 0xFFFFFFFFFFFFFFFFFFFFFFFFFFFFFFFFFFFFFFFF AND DUP2 MSTORE PUSH1 0x20 ADD SWAP2 POP POP PUSH1 0x40 MLOAD DUP1 SWAP2 SUB SWAP1 RETURN JUMPDEST CALLVALUE ISZERO PUSH2 0x41B JUMPI PUSH1 0x0 DUP1 REVERT JUMPDEST PUSH2 0x423 PUSH2 0xED3 JUMP JUMPDEST PUSH1 0x40 MLOAD DUP1 DUP1 PUSH1 0x20 ADD DUP3 DUP2 SUB DUP3 MSTORE DUP4 DUP2 DUP2 MLOAD DUP2 MSTORE PUSH1 0x20 ADD SWAP2 POP DUP1 MLOAD SWAP1 PUSH1 0x20 ADD SWAP1 DUP1 DUP4 DUP4 PUSH1 0x0 JUMPDEST DUP4 DUP2 LT ISZERO PUSH2 0x463 JUMPI DUP1 DUP3 ADD MLOAD DUP2 DUP5 ADD MSTORE PUSH1 0x20 DUP2 ADD SWAP1 POP PUSH2 0x448 JUMP JUMPDEST POP POP POP POP SWAP1 POP SWAP1 DUP2 ADD SWAP1 PUSH1 0x1F AND DUP1 ISZERO PUSH2 0x490 JUMPI DUP1 DUP3 SUB DUP1 MLOAD PUSH1 0x1 DUP4 PUSH1 0x20 SUB PUSH2 0x100 EXP SUB NOT AND DUP2 MSTORE PUSH1 0x20 ADD SWAP2 POP JUMPDEST POP SWAP3 POP POP POP PUSH1 0x40 MLOAD DUP1 SWAP2 SUB SWAP1 RETURN JUMPDEST PUSH2 0x4A6 PUSH2 0xF71 JUMP JUMPDEST STOP JUMPDEST CALLVALUE ISZERO PUSH2 0x4B3 JUMPI PUSH1 0x0 DUP1 REVERT JUMPDEST PUSH2 0x4E8 PUSH1 0x4 DUP1 DUP1 CALLDATALOAD PUSH20 0xFFFFFFFFFFFFFFFFFFFFFFFFFFFFFFFFFFFFFFFF AND SWAP1 PUSH1 0x20 ADD SWAP1 SWAP2 SWAP1 DUP1 CALLDATALOAD SWAP1 PUSH1 0x20 ADD SWAP1 SWAP2 SWAP1 POP POP PUSH2 0x10DE JUMP JUMPDEST STOP JUMPDEST CALLVALUE ISZERO PUSH2 0x4F5 JUMPI PUSH1 0x0 DUP1 REVERT JUMPDEST PUSH2 0x521 PUSH1 0x4 DUP1 DUP1 CALLDATALOAD PUSH20 0xFFFFFFFFFFFFFFFFFFFFFFFFFFFFFFFFFFFFFFFF AND SWAP1 PUSH1 0x20 ADD SWAP1 SWAP2 SWAP1 POP POP PUSH2 0x1311 JUMP JUMPDEST PUSH1 0x40 MLOAD DUP1 DUP3 ISZERO ISZERO ISZERO ISZERO DUP2 MSTORE PUSH1 0x20 ADD SWAP2 POP POP PUSH1 0x40 MLOAD DUP1 SWAP2 SUB SWAP1 RETURN JUMPDEST CALLVALUE ISZERO PUSH2 0x546 JUMPI PUSH1 0x0 DUP1 REVERT JUMPDEST PUSH2 0x5BE PUSH1 0x4 DUP1 DUP1 CALLDATALOAD PUSH20 0xFFFFFFFFFFFFFFFFFFFFFFFFFFFFFFFFFFFFFFFF AND SWAP1 PUSH1 0x20 ADD SWAP1 SWAP2 SWAP1 DUP1 CALLDATALOAD SWAP1 PUSH1 0x20 ADD SWAP1 SWAP2 SWAP1 DUP1 CALLDATALOAD SWAP1 PUSH1 0x20 ADD SWAP1 DUP3 ADD DUP1 CALLDATALOAD SWAP1 PUSH1 0x20 ADD SWAP1 DUP1 DUP1 PUSH1 0x1F ADD PUSH1 0x20 DUP1 SWAP2 DIV MUL PUSH1 0x20 ADD PUSH1 0x40 MLOAD SWAP1 DUP2 ADD PUSH1 0x40 MSTORE DUP1 SWAP4 SWAP3 SWAP2 SWAP1 DUP2 DUP2 MSTORE PUSH1 0x20 ADD DUP4 DUP4 DUP1 DUP3 DUP5 CALLDATACOPY DUP3 ADD SWAP2 POP POP POP POP POP POP SWAP2 SWAP1 POP POP PUSH2 0x1331 JUMP JUMPDEST PUSH1 0x40 MLOAD DUP1 DUP3 ISZERO ISZERO ISZERO ISZERO DUP2 MSTORE PUSH1 0x20 ADD SWAP2 POP POP PUSH1 0x40 MLOAD DUP1 SWAP2 SUB SWAP1 RETURN JUMPDEST CALLVALUE ISZERO PUSH2 0x5E3 JUMPI PUSH1 0x0 DUP1 REVERT JUMPDEST PUSH2 0x5EB PUSH2 0x14AF JUMP JUMPDEST PUSH1 0x40 MLOAD DUP1 DUP3 ISZERO ISZERO ISZERO ISZERO DUP2 MSTORE PUSH1 0x20 ADD SWAP2 POP POP PUSH1 0x40 MLOAD DUP1 SWAP2 SUB SWAP1 RETURN JUMPDEST CALLVALUE ISZERO PUSH2 0x610 JUMPI PUSH1 0x0 DUP1 REVERT JUMPDEST PUSH2 0x65B PUSH1 0x4 DUP1 DUP1 CALLDATALOAD PUSH20 0xFFFFFFFFFFFFFFFFFFFFFFFFFFFFFFFFFFFFFFFF AND SWAP1 PUSH1 0x20 ADD SWAP1 SWAP2 SWAP1 DUP1 CALLDATALOAD PUSH20 0xFFFFFFFFFFFFFFFFFFFFFFFFFFFFFFFFFFFFFFFF AND SWAP1 PUSH1 0x20 ADD SWAP1 SWAP2 SWAP1 POP POP PUSH2 0x14C2 JUMP JUMPDEST PUSH1 0x40 MLOAD DUP1 DUP3 DUP2 MSTORE PUSH1 0x20 ADD SWAP2 POP POP PUSH1 0x40 MLOAD DUP1 SWAP2 SUB SWAP1 RETURN JUMPDEST CALLVALUE ISZERO PUSH2 0x67C JUMPI PUSH1 0x0 DUP1 REVERT JUMPDEST PUSH2 0x6B3 PUSH1 0x4 DUP1 DUP1 CALLDATALOAD PUSH20 0xFFFFFFFFFFFFFFFFFFFFFFFFFFFFFFFFFFFFFFFF AND SWAP1 PUSH1 0x20 ADD SWAP1 SWAP2 SWAP1 DUP1 CALLDATALOAD ISZERO ISZERO SWAP1 PUSH1 0x20 ADD SWAP1 SWAP2 SWAP1 POP POP PUSH2 0x14E7 JUMP JUMPDEST STOP JUMPDEST CALLVALUE ISZERO PUSH2 0x6C0 JUMPI PUSH1 0x0 DUP1 REVERT JUMPDEST PUSH2 0x6EC PUSH1 0x4 DUP1 DUP1 CALLDATALOAD PUSH20 0xFFFFFFFFFFFFFFFFFFFFFFFFFFFFFFFFFFFFFFFF AND SWAP1 PUSH1 0x20 ADD SWAP1 SWAP2 SWAP1 POP POP PUSH2 0x160C JUMP JUMPDEST STOP JUMPDEST CALLVALUE ISZERO PUSH2 0x6F9 JUMPI PUSH1 0x0 DUP1 REVERT JUMPDEST PUSH2 0x701 PUSH2 0x16AA JUMP JUMPDEST PUSH1 0x40 MLOAD DUP1 DUP3 DUP2 MSTORE PUSH1 0x20 ADD SWAP2 POP POP PUSH1 0x40 MLOAD DUP1 SWAP2 SUB SWAP1 RETURN JUMPDEST CALLVALUE ISZERO PUSH2 0x722 JUMPI PUSH1 0x0 DUP1 REVERT JUMPDEST PUSH2 0x73A PUSH1 0x4 DUP1 DUP1 CALLDATALOAD ISZERO ISZERO SWAP1 PUSH1 0x20 ADD SWAP1 SWAP2 SWAP1 POP POP PUSH2 0x16B0 JUMP JUMPDEST STOP JUMPDEST PUSH1 0x1 DUP1 SLOAD PUSH1 0x1 DUP2 PUSH1 0x1 AND ISZERO PUSH2 0x100 MUL SUB AND PUSH1 0x2 SWAP1 DIV DUP1 PUSH1 0x1F ADD PUSH1 0x20 DUP1 SWAP2 DIV MUL PUSH1 0x20 ADD PUSH1 0x40 MLOAD SWAP1 DUP2 ADD PUSH1 0x40 MSTORE DUP1 SWAP3 SWAP2 SWAP1 DUP2 DUP2 MSTORE PUSH1 0x20 ADD DUP3 DUP1 SLOAD PUSH1 0x1 DUP2 PUSH1 0x1 AND ISZERO PUSH2 0x100 MUL SUB AND PUSH1 0x2 SWAP1 DIV DUP1 ISZERO PUSH2 0x7D2 JUMPI DUP1 PUSH1 0x1F LT PUSH2 0x7A7 JUMPI PUSH2 0x100 DUP1 DUP4 SLOAD DIV MUL DUP4 MSTORE SWAP2 PUSH1 0x20 ADD SWAP2 PUSH2 0x7D2 JUMP JUMPDEST DUP3 ADD SWAP2 SWAP1 PUSH1 0x0 MSTORE PUSH1 0x20 PUSH1 0x0 KECCAK256 SWAP1 JUMPDEST DUP2 SLOAD DUP2 MSTORE SWAP1 PUSH1 0x1 ADD SWAP1 PUSH1 0x20 ADD DUP1 DUP4 GT PUSH2 0x7B5 JUMPI DUP3 SWAP1 SUB PUSH1 0x1F AND DUP3 ADD SWAP2 JUMPDEST POP POP POP POP POP DUP2 JUMP JUMPDEST PUSH1 0x0 DUP2 PUSH1 0x6 PUSH1 0x0 CALLER PUSH20 0xFFFFFFFFFFFFFFFFFFFFFFFFFFFFFFFFFFFFFFFF AND PUSH20 0xFFFFFFFFFFFFFFFFFFFFFFFFFFFFFFFFFFFFFFFF AND DUP2 MSTORE PUSH1 0x20 ADD SWAP1 DUP2 MSTORE PUSH1 0x20 ADD PUSH1 0x0 KECCAK256 PUSH1 0x0 DUP6 PUSH20 0xFFFFFFFFFFFFFFFFFFFFFFFFFFFFFFFFFFFFFFFF AND PUSH20 0xFFFFFFFFFFFFFFFFFFFFFFFFFFFFFFFFFFFFFFFF AND DUP2 MSTORE PUSH1 0x20 ADD SWAP1 DUP2 MSTORE PUSH1 0x20 ADD PUSH1 0x0 KECCAK256 DUP2 SWAP1 SSTORE POP PUSH1 0x1 SWAP1 POP SWAP3 SWAP2 POP POP JUMP JUMPDEST PUSH1 0x4 SLOAD DUP2 JUMP JUMPDEST PUSH1 0x0 PUSH1 0x9 PUSH1 0x0 DUP6 PUSH20 0xFFFFFFFFFFFFFFFFFFFFFFFFFFFFFFFFFFFFFFFF AND PUSH20 0xFFFFFFFFFFFFFFFFFFFFFFFFFFFFFFFFFFFFFFFF AND DUP2 MSTORE PUSH1 0x20 ADD SWAP1 DUP2 MSTORE PUSH1 0x20 ADD PUSH1 0x0 KECCAK256 PUSH1 0x0 SWAP1 SLOAD SWAP1 PUSH2 0x100 EXP SWAP1 DIV PUSH1 0xFF AND ISZERO PUSH2 0x8C6 JUMPI PUSH1 0x0 DUP1 REVERT JUMPDEST DUP2 PUSH1 0x5 PUSH1 0x0 DUP7 PUSH20 0xFFFFFFFFFFFFFFFFFFFFFFFFFFFFFFFFFFFFFFFF AND PUSH20 0xFFFFFFFFFFFFFFFFFFFFFFFFFFFFFFFFFFFFFFFF AND DUP2 MSTORE PUSH1 0x20 ADD SWAP1 DUP2 MSTORE PUSH1 0x20 ADD PUSH1 0x0 KECCAK256 SLOAD LT ISZERO PUSH2 0x912 JUMPI PUSH1 0x0 DUP1 REVERT JUMPDEST PUSH1 0x5 PUSH1 0x0 DUP5 PUSH20 0xFFFFFFFFFFFFFFFFFFFFFFFFFFFFFFFFFFFFFFFF AND PUSH20 0xFFFFFFFFFFFFFFFFFFFFFFFFFFFFFFFFFFFFFFFF AND DUP2 MSTORE PUSH1 0x20 ADD SWAP1 DUP2 MSTORE PUSH1 0x20 ADD PUSH1 0x0 KECCAK256 SLOAD DUP3 PUSH1 0x5 PUSH1 0x0 DUP7 PUSH20 0xFFFFFFFFFFFFFFFFFFFFFFFFFFFFFFFFFFFFFFFF AND PUSH20 0xFFFFFFFFFFFFFFFFFFFFFFFFFFFFFFFFFFFFFFFF AND DUP2 MSTORE PUSH1 0x20 ADD SWAP1 DUP2 MSTORE PUSH1 0x20 ADD PUSH1 0x0 KECCAK256 SLOAD ADD LT ISZERO PUSH2 0x99F JUMPI PUSH1 0x0 DUP1 REVERT JUMPDEST PUSH1 0x6 PUSH1 0x0 DUP6 PUSH20 0xFFFFFFFFFFFFFFFFFFFFFFFFFFFFFFFFFFFFFFFF AND PUSH20 0xFFFFFFFFFFFFFFFFFFFFFFFFFFFFFFFFFFFFFFFF AND DUP2 MSTORE PUSH1 0x20 ADD SWAP1 DUP2 MSTORE PUSH1 0x20 ADD PUSH1 0x0 KECCAK256 PUSH1 0x0 CALLER PUSH20 0xFFFFFFFFFFFFFFFFFFFFFFFFFFFFFFFFFFFFFFFF AND PUSH20 0xFFFFFFFFFFFFFFFFFFFFFFFFFFFFFFFFFFFFFFFF AND DUP2 MSTORE PUSH1 0x20 ADD SWAP1 DUP2 MSTORE PUSH1 0x20 ADD PUSH1 0x0 KECCAK256 SLOAD DUP3 GT ISZERO PUSH2 0xA28 JUMPI PUSH1 0x0 DUP1 REVERT JUMPDEST DUP2 PUSH1 0x5 PUSH1 0x0 DUP7 PUSH20 0xFFFFFFFFFFFFFFFFFFFFFFFFFFFFFFFFFFFFFFFF AND PUSH20 0xFFFFFFFFFFFFFFFFFFFFFFFFFFFFFFFFFFFFFFFF AND DUP2 MSTORE PUSH1 0x20 ADD SWAP1 DUP2 MSTORE PUSH1 0x20 ADD PUSH1 0x0 KECCAK256 PUSH1 0x0 DUP3 DUP3 SLOAD SUB SWAP3 POP POP DUP2 SWAP1 SSTORE POP DUP2 PUSH1 0x5 PUSH1 0x0 DUP6 PUSH20 0xFFFFFFFFFFFFFFFFFFFFFFFFFFFFFFFFFFFFFFFF AND PUSH20 0xFFFFFFFFFFFFFFFFFFFFFFFFFFFFFFFFFFFFFFFF AND DUP2 MSTORE PUSH1 0x20 ADD SWAP1 DUP2 MSTORE PUSH1 0x20 ADD PUSH1 0x0 KECCAK256 PUSH1 0x0 DUP3 DUP3 SLOAD ADD SWAP3 POP POP DUP2 SWAP1 SSTORE POP DUP2 PUSH1 0x6 PUSH1 0x0 DUP7 PUSH20 0xFFFFFFFFFFFFFFFFFFFFFFFFFFFFFFFFFFFFFFFF AND PUSH20 0xFFFFFFFFFFFFFFFFFFFFFFFFFFFFFFFFFFFFFFFF AND DUP2 MSTORE PUSH1 0x20 ADD SWAP1 DUP2 MSTORE PUSH1 0x20 ADD PUSH1 0x0 KECCAK256 PUSH1 0x0 CALLER PUSH20 0xFFFFFFFFFFFFFFFFFFFFFFFFFFFFFFFFFFFFFFFF AND PUSH20 0xFFFFFFFFFFFFFFFFFFFFFFFFFFFFFFFFFFFFFFFF AND DUP2 MSTORE PUSH1 0x20 ADD SWAP1 DUP2 MSTORE PUSH1 0x20 ADD PUSH1 0x0 KECCAK256 PUSH1 0x0 DUP3 DUP3 SLOAD SUB SWAP3 POP POP DUP2 SWAP1 SSTORE POP DUP3 PUSH20 0xFFFFFFFFFFFFFFFFFFFFFFFFFFFFFFFFFFFFFFFF AND DUP5 PUSH20 0xFFFFFFFFFFFFFFFFFFFFFFFFFFFFFFFFFFFFFFFF AND PUSH32 0xDDF252AD1BE2C89B69C2B068FC378DAA952BA7F163C4A11628F55A4DF523B3EF DUP5 PUSH1 0x40 MLOAD DUP1 DUP3 DUP2 MSTORE PUSH1 0x20 ADD SWAP2 POP POP PUSH1 0x40 MLOAD DUP1 SWAP2 SUB SWAP1 LOG3 PUSH1 0x1 SWAP1 POP SWAP4 SWAP3 POP POP POP JUMP JUMPDEST PUSH1 0x3 PUSH1 0x0 SWAP1 SLOAD SWAP1 PUSH2 0x100 EXP SWAP1 DIV PUSH1 0xFF AND DUP2 JUMP JUMPDEST PUSH1 0x0 DUP1 SWAP1 SLOAD SWAP1 PUSH2 0x100 EXP SWAP1 DIV PUSH20 0xFFFFFFFFFFFFFFFFFFFFFFFFFFFFFFFFFFFFFFFF AND PUSH20 0xFFFFFFFFFFFFFFFFFFFFFFFFFFFFFFFFFFFFFFFF AND CALLER PUSH20 0xFFFFFFFFFFFFFFFFFFFFFFFFFFFFFFFFFFFFFFFF AND EQ ISZERO ISZERO PUSH2 0xC2A JUMPI PUSH1 0x0 DUP1 REVERT JUMPDEST PUSH1 0x0 DUP1 SWAP1 SLOAD SWAP1 PUSH2 0x100 EXP SWAP1 DIV PUSH20 0xFFFFFFFFFFFFFFFFFFFFFFFFFFFFFFFFFFFFFFFF AND PUSH20 0xFFFFFFFFFFFFFFFFFFFFFFFFFFFFFFFFFFFFFFFF AND PUSH2 0x8FC DUP3 SWAP1 DUP2 ISZERO MUL SWAP1 PUSH1 0x40 MLOAD PUSH1 0x0 PUSH1 0x40 MLOAD DUP1 DUP4 SUB DUP2 DUP6 DUP9 DUP9 CALL SWAP4 POP POP POP POP ISZERO ISZERO PUSH2 0xC8B JUMPI PUSH1 0x0 DUP1 REVERT JUMPDEST POP JUMP JUMPDEST PUSH1 0x5 PUSH1 0x20 MSTORE DUP1 PUSH1 0x0 MSTORE PUSH1 0x40 PUSH1 0x0 KECCAK256 PUSH1 0x0 SWAP2 POP SWAP1 POP SLOAD DUP2 JUMP JUMPDEST PUSH1 0x0 DUP1 SWAP1 SLOAD SWAP1 PUSH2 0x100 EXP SWAP1 DIV PUSH20 0xFFFFFFFFFFFFFFFFFFFFFFFFFFFFFFFFFFFFFFFF AND PUSH20 0xFFFFFFFFFFFFFFFFFFFFFFFFFFFFFFFFFFFFFFFF AND CALLER PUSH20 0xFFFFFFFFFFFFFFFFFFFFFFFFFFFFFFFFFFFFFFFF AND EQ ISZERO ISZERO PUSH2 0xD01 JUMPI PUSH1 0x0 DUP1 REVERT JUMPDEST DUP1 PUSH1 0x5 PUSH1 0x0 DUP5 PUSH20 0xFFFFFFFFFFFFFFFFFFFFFFFFFFFFFFFFFFFFFFFF AND PUSH20 0xFFFFFFFFFFFFFFFFFFFFFFFFFFFFFFFFFFFFFFFF AND DUP2 MSTORE PUSH1 0x20 ADD SWAP1 DUP2 MSTORE PUSH1 0x20 ADD PUSH1 0x0 KECCAK256 PUSH1 0x0 DUP3 DUP3 SLOAD ADD SWAP3 POP POP DUP2 SWAP1 SSTORE POP PUSH1 0x0 DUP1 SWAP1 SLOAD SWAP1 PUSH2 0x100 EXP SWAP1 DIV PUSH20 0xFFFFFFFFFFFFFFFFFFFFFFFFFFFFFFFFFFFFFFFF AND PUSH20 0xFFFFFFFFFFFFFFFFFFFFFFFFFFFFFFFFFFFFFFFF AND PUSH1 0x0 PUSH32 0xDDF252AD1BE2C89B69C2B068FC378DAA952BA7F163C4A11628F55A4DF523B3EF DUP4 PUSH1 0x40 MLOAD DUP1 DUP3 DUP2 MSTORE PUSH1 0x20 ADD SWAP2 POP POP PUSH1 0x40 MLOAD DUP1 SWAP2 SUB SWAP1 LOG3 DUP2 PUSH20 0xFFFFFFFFFFFFFFFFFFFFFFFFFFFFFFFFFFFFFFFF AND PUSH1 0x0 DUP1 SWAP1 SLOAD SWAP1 PUSH2 0x100 EXP SWAP1 DIV PUSH20 0xFFFFFFFFFFFFFFFFFFFFFFFFFFFFFFFFFFFFFFFF AND PUSH20 0xFFFFFFFFFFFFFFFFFFFFFFFFFFFFFFFFFFFFFFFF AND PUSH32 0xDDF252AD1BE2C89B69C2B068FC378DAA952BA7F163C4A11628F55A4DF523B3EF DUP4 PUSH1 0x40 MLOAD DUP1 DUP3 DUP2 MSTORE PUSH1 0x20 ADD SWAP2 POP POP PUSH1 0x40 MLOAD DUP1 SWAP2 SUB SWAP1 LOG3 POP POP JUMP JUMPDEST PUSH1 0x0 DUP1 SWAP1 SLOAD SWAP1 PUSH2 0x100 EXP SWAP1 DIV PUSH20 0xFFFFFFFFFFFFFFFFFFFFFFFFFFFFFFFFFFFFFFFF AND PUSH20 0xFFFFFFFFFFFFFFFFFFFFFFFFFFFFFFFFFFFFFFFF AND CALLER PUSH20 0xFFFFFFFFFFFFFFFFFFFFFFFFFFFFFFFFFFFFFFFF AND EQ ISZERO ISZERO PUSH2 0xEA4 JUMPI PUSH1 0x0 DUP1 REVERT JUMPDEST DUP1 PUSH1 0x7 DUP2 SWAP1 SSTORE POP POP JUMP JUMPDEST PUSH1 0x0 DUP1 SWAP1 SLOAD SWAP1 PUSH2 0x100 EXP SWAP1 DIV PUSH20 0xFFFFFFFFFFFFFFFFFFFFFFFFFFFFFFFFFFFFFFFF AND DUP2 JUMP JUMPDEST PUSH1 0x2 DUP1 SLOAD PUSH1 0x1 DUP2 PUSH1 0x1 AND ISZERO PUSH2 0x100 MUL SUB AND PUSH1 0x2 SWAP1 DIV DUP1 PUSH1 0x1F ADD PUSH1 0x20 DUP1 SWAP2 DIV MUL PUSH1 0x20 ADD PUSH1 0x40 MLOAD SWAP1 DUP2 ADD PUSH1 0x40 MSTORE DUP1 SWAP3 SWAP2 SWAP1 DUP2 DUP2 MSTORE PUSH1 0x20 ADD DUP3 DUP1 SLOAD PUSH1 0x1 DUP2 PUSH1 0x1 AND ISZERO PUSH2 0x100 MUL SUB AND PUSH1 0x2 SWAP1 DIV DUP1 ISZERO PUSH2 0xF69 JUMPI DUP1 PUSH1 0x1F LT PUSH2 0xF3E JUMPI PUSH2 0x100 DUP1 DUP4 SLOAD DIV MUL DUP4 MSTORE SWAP2 PUSH1 0x20 ADD SWAP2 PUSH2 0xF69 JUMP JUMPDEST DUP3 ADD SWAP2 SWAP1 PUSH1 0x0 MSTORE PUSH1 0x20 PUSH1 0x0 KECCAK256 SWAP1 JUMPDEST DUP2 SLOAD DUP2 MSTORE SWAP1 PUSH1 0x1 ADD SWAP1 PUSH1 0x20 ADD DUP1 DUP4 GT PUSH2 0xF4C JUMPI DUP3 SWAP1 SUB PUSH1 0x1F AND DUP3 ADD SWAP2 JUMPDEST POP POP POP POP POP DUP2 JUMP JUMPDEST PUSH1 0x0 DUP1 ISZERO ISZERO PUSH1 0x8 PUSH1 0x0 SWAP1 SLOAD SWAP1 PUSH2 0x100 EXP SWAP1 DIV PUSH1 0xFF AND ISZERO ISZERO EQ ISZERO PUSH2 0xF93 JUMPI PUSH1 0x0 DUP1 REVERT JUMPDEST PUSH1 0x7 SLOAD CALLVALUE MUL SWAP1 POP DUP1 PUSH1 0x5 PUSH1 0x0 CALLER PUSH20 0xFFFFFFFFFFFFFFFFFFFFFFFFFFFFFFFFFFFFFFFF AND PUSH20 0xFFFFFFFFFFFFFFFFFFFFFFFFFFFFFFFFFFFFFFFF AND DUP2 MSTORE PUSH1 0x20 ADD SWAP1 DUP2 MSTORE PUSH1 0x20 ADD PUSH1 0x0 KECCAK256 PUSH1 0x0 DUP3 DUP3 SLOAD ADD SWAP3 POP POP DUP2 SWAP1 SSTORE POP DUP1 PUSH1 0x5 PUSH1 0x0 DUP1 PUSH1 0x0 SWAP1 SLOAD SWAP1 PUSH2 0x100 EXP SWAP1 DIV PUSH20 0xFFFFFFFFFFFFFFFFFFFFFFFFFFFFFFFFFFFFFFFF AND PUSH20 0xFFFFFFFFFFFFFFFFFFFFFFFFFFFFFFFFFFFFFFFF AND PUSH20 0xFFFFFFFFFFFFFFFFFFFFFFFFFFFFFFFFFFFFFFFF AND DUP2 MSTORE PUSH1 0x20 ADD SWAP1 DUP2 MSTORE PUSH1 0x20 ADD PUSH1 0x0 KECCAK256 PUSH1 0x0 DUP3 DUP3 SLOAD SUB SWAP3 POP POP DUP2 SWAP1 SSTORE POP CALLER PUSH20 0xFFFFFFFFFFFFFFFFFFFFFFFFFFFFFFFFFFFFFFFF AND PUSH1 0x0 DUP1 SWAP1 SLOAD SWAP1 PUSH2 0x100 EXP SWAP1 DIV PUSH20 0xFFFFFFFFFFFFFFFFFFFFFFFFFFFFFFFFFFFFFFFF AND PUSH20 0xFFFFFFFFFFFFFFFFFFFFFFFFFFFFFFFFFFFFFFFF AND PUSH32 0xDDF252AD1BE2C89B69C2B068FC378DAA952BA7F163C4A11628F55A4DF523B3EF DUP4 PUSH1 0x40 MLOAD DUP1 DUP3 DUP2 MSTORE PUSH1 0x20 ADD SWAP2 POP POP PUSH1 0x40 MLOAD DUP1 SWAP2 SUB SWAP1 LOG3 POP JUMP JUMPDEST DUP1 PUSH1 0x5 PUSH1 0x0 CALLER PUSH20 0xFFFFFFFFFFFFFFFFFFFFFFFFFFFFFFFFFFFFFFFF AND PUSH20 0xFFFFFFFFFFFFFFFFFFFFFFFFFFFFFFFFFFFFFFFF AND DUP2 MSTORE PUSH1 0x20 ADD SWAP1 DUP2 MSTORE PUSH1 0x20 ADD PUSH1 0x0 KECCAK256 SLOAD LT ISZERO PUSH2 0x112A JUMPI PUSH1 0x0 DUP1 REVERT JUMPDEST PUSH1 0x5 PUSH1 0x0 DUP4 PUSH20 0xFFFFFFFFFFFFFFFFFFFFFFFFFFFFFFFFFFFFFFFF AND PUSH20 0xFFFFFFFFFFFFFFFFFFFFFFFFFFFFFFFFFFFFFFFF AND DUP2 MSTORE PUSH1 0x20 ADD SWAP1 DUP2 MSTORE PUSH1 0x20 ADD PUSH1 0x0 KECCAK256 SLOAD DUP2 PUSH1 0x5 PUSH1 0x0 DUP6 PUSH20 0xFFFFFFFFFFFFFFFFFFFFFFFFFFFFFFFFFFFFFFFF AND PUSH20 0xFFFFFFFFFFFFFFFFFFFFFFFFFFFFFFFFFFFFFFFF AND DUP2 MSTORE PUSH1 0x20 ADD SWAP1 DUP2 MSTORE PUSH1 0x20 ADD PUSH1 0x0 KECCAK256 SLOAD ADD LT ISZERO PUSH2 0x11B7 JUMPI PUSH1 0x0 DUP1 REVERT JUMPDEST PUSH1 0x9 PUSH1 0x0 CALLER PUSH20 0xFFFFFFFFFFFFFFFFFFFFFFFFFFFFFFFFFFFFFFFF AND PUSH20 0xFFFFFFFFFFFFFFFFFFFFFFFFFFFFFFFFFFFFFFFF AND DUP2 MSTORE PUSH1 0x20 ADD SWAP1 DUP2 MSTORE PUSH1 0x20 ADD PUSH1 0x0 KECCAK256 PUSH1 0x0 SWAP1 SLOAD SWAP1 PUSH2 0x100 EXP SWAP1 DIV PUSH1 0xFF AND ISZERO PUSH2 0x120E JUMPI PUSH1 0x0 DUP1 REVERT JUMPDEST DUP1 PUSH1 0x5 PUSH1 0x0 CALLER PUSH20 0xFFFFFFFFFFFFFFFFFFFFFFFFFFFFFFFFFFFFFFFF AND PUSH20 0xFFFFFFFFFFFFFFFFFFFFFFFFFFFFFFFFFFFFFFFF AND DUP2 MSTORE PUSH1 0x20 ADD SWAP1 DUP2 MSTORE PUSH1 0x20 ADD PUSH1 0x0 KECCAK256 PUSH1 0x0 DUP3 DUP3 SLOAD SUB SWAP3 POP POP DUP2 SWAP1 SSTORE POP DUP1 PUSH1 0x5 PUSH1 0x0 DUP5 PUSH20 0xFFFFFFFFFFFFFFFFFFFFFFFFFFFFFFFFFFFFFFFF AND PUSH20 0xFFFFFFFFFFFFFFFFFFFFFFFFFFFFFFFFFFFFFFFF AND DUP2 MSTORE PUSH1 0x20 ADD SWAP1 DUP2 MSTORE PUSH1 0x20 ADD PUSH1 0x0 KECCAK256 PUSH1 0x0 DUP3 DUP3 SLOAD ADD SWAP3 POP POP DUP2 SWAP1 SSTORE POP DUP2 PUSH20 0xFFFFFFFFFFFFFFFFFFFFFFFFFFFFFFFFFFFFFFFF AND CALLER PUSH20 0xFFFFFFFFFFFFFFFFFFFFFFFFFFFFFFFFFFFFFFFF AND PUSH32 0xDDF252AD1BE2C89B69C2B068FC378DAA952BA7F163C4A11628F55A4DF523B3EF DUP4 PUSH1 0x40 MLOAD DUP1 DUP3 DUP2 MSTORE PUSH1 0x20 ADD SWAP2 POP POP PUSH1 0x40 MLOAD DUP1 SWAP2 SUB SWAP1 LOG3 POP POP JUMP JUMPDEST PUSH1 0x9 PUSH1 0x20 MSTORE DUP1 PUSH1 0x0 MSTORE PUSH1 0x40 PUSH1 0x0 KECCAK256 PUSH1 0x0 SWAP2 POP SLOAD SWAP1 PUSH2 0x100 EXP SWAP1 DIV PUSH1 0xFF AND DUP2 JUMP JUMPDEST PUSH1 0x0 DUP1 DUP5 SWAP1 POP PUSH2 0x1341 DUP6 DUP6 PUSH2 0x7DA JUMP JUMPDEST ISZERO PUSH2 0x14A6 JUMPI DUP1 PUSH20 0xFFFFFFFFFFFFFFFFFFFFFFFFFFFFFFFFFFFFFFFF AND PUSH4 0x8F4FFCB1 CALLER DUP7 ADDRESS DUP8 PUSH1 0x40 MLOAD DUP6 PUSH4 0xFFFFFFFF AND PUSH29 0x100000000000000000000000000000000000000000000000000000000 MUL DUP2 MSTORE PUSH1 0x4 ADD DUP1 DUP6 PUSH20 0xFFFFFFFFFFFFFFFFFFFFFFFFFFFFFFFFFFFFFFFF AND PUSH20 0xFFFFFFFFFFFFFFFFFFFFFFFFFFFFFFFFFFFFFFFF AND DUP2 MSTORE PUSH1 0x20 ADD DUP5 DUP2 MSTORE PUSH1 0x20 ADD DUP4 PUSH20 0xFFFFFFFFFFFFFFFFFFFFFFFFFFFFFFFFFFFFFFFF AND PUSH20 0xFFFFFFFFFFFFFFFFFFFFFFFFFFFFFFFFFFFFFFFF AND DUP2 MSTORE PUSH1 0x20 ADD DUP1 PUSH1 0x20 ADD DUP3 DUP2 SUB DUP3 MSTORE DUP4 DUP2 DUP2 MLOAD DUP2 MSTORE PUSH1 0x20 ADD SWAP2 POP DUP1 MLOAD SWAP1 PUSH1 0x20 ADD SWAP1 DUP1 DUP4 DUP4 PUSH1 0x0 JUMPDEST DUP4 DUP2 LT ISZERO PUSH2 0x143B JUMPI DUP1 DUP3 ADD MLOAD DUP2 DUP5 ADD MSTORE PUSH1 0x20 DUP2 ADD SWAP1 POP PUSH2 0x1420 JUMP JUMPDEST POP POP POP POP SWAP1 POP SWAP1 DUP2 ADD SWAP1 PUSH1 0x1F AND DUP1 ISZERO PUSH2 0x1468 JUMPI DUP1 DUP3 SUB DUP1 MLOAD PUSH1 0x1 DUP4 PUSH1 0x20 SUB PUSH2 0x100 EXP SUB NOT AND DUP2 MSTORE PUSH1 0x20 ADD SWAP2 POP JUMPDEST POP SWAP6 POP POP POP POP POP POP PUSH1 0x0 PUSH1 0x40 MLOAD DUP1 DUP4 SUB DUP2 PUSH1 0x0 DUP8 DUP1 EXTCODESIZE ISZERO ISZERO PUSH2 0x1489 JUMPI PUSH1 0x0 DUP1 REVERT JUMPDEST PUSH2 0x2C6 GAS SUB CALL ISZERO ISZERO PUSH2 0x149A JUMPI PUSH1 0x0 DUP1 REVERT JUMPDEST POP POP POP PUSH1 0x1 SWAP2 POP PUSH2 0x14A7 JUMP JUMPDEST JUMPDEST POP SWAP4 SWAP3 POP POP POP JUMP JUMPDEST PUSH1 0x8 PUSH1 0x0 SWAP1 SLOAD SWAP1 PUSH2 0x100 EXP SWAP1 DIV PUSH1 0xFF AND DUP2 JUMP JUMPDEST PUSH1 0x6 PUSH1 0x20 MSTORE DUP2 PUSH1 0x0 MSTORE PUSH1 0x40 PUSH1 0x0 KECCAK256 PUSH1 0x20 MSTORE DUP1 PUSH1 0x0 MSTORE PUSH1 0x40 PUSH1 0x0 KECCAK256 PUSH1 0x0 SWAP2 POP SWAP2 POP POP SLOAD DUP2 JUMP JUMPDEST PUSH1 0x0 DUP1 SWAP1 SLOAD SWAP1 PUSH2 0x100 EXP SWAP1 DIV PUSH20 0xFFFFFFFFFFFFFFFFFFFFFFFFFFFFFFFFFFFFFFFF AND PUSH20 0xFFFFFFFFFFFFFFFFFFFFFFFFFFFFFFFFFFFFFFFF AND CALLER PUSH20 0xFFFFFFFFFFFFFFFFFFFFFFFFFFFFFFFFFFFFFFFF AND EQ ISZERO ISZERO PUSH2 0x1542 JUMPI PUSH1 0x0 DUP1 REVERT JUMPDEST DUP1 PUSH1 0x9 PUSH1 0x0 DUP5 PUSH20 0xFFFFFFFFFFFFFFFFFFFFFFFFFFFFFFFFFFFFFFFF AND PUSH20 0xFFFFFFFFFFFFFFFFFFFFFFFFFFFFFFFFFFFFFFFF AND DUP2 MSTORE PUSH1 0x20 ADD SWAP1 DUP2 MSTORE PUSH1 0x20 ADD PUSH1 0x0 KECCAK256 PUSH1 0x0 PUSH2 0x100 EXP DUP2 SLOAD DUP2 PUSH1 0xFF MUL NOT AND SWAP1 DUP4 ISZERO ISZERO MUL OR SWAP1 SSTORE POP PUSH32 0x48335238B4855F35377ED80F164E8C6F3C366E54AC00B96A6402D4A9814A03A5 DUP3 DUP3 PUSH1 0x40 MLOAD DUP1 DUP4 PUSH20 0xFFFFFFFFFFFFFFFFFFFFFFFFFFFFFFFFFFFFFFFF AND PUSH20 0xFFFFFFFFFFFFFFFFFFFFFFFFFFFFFFFFFFFFFFFF AND DUP2 MSTORE PUSH1 0x20 ADD DUP3 ISZERO ISZERO ISZERO ISZERO DUP2 MSTORE PUSH1 0x20 ADD SWAP3 POP POP POP PUSH1 0x40 MLOAD DUP1 SWAP2 SUB SWAP1 LOG1 POP POP JUMP JUMPDEST PUSH1 0x0 DUP1 SWAP1 SLOAD SWAP1 PUSH2 0x100 EXP SWAP1 DIV PUSH20 0xFFFFFFFFFFFFFFFFFFFFFFFFFFFFFFFFFFFFFFFF AND PUSH20 0xFFFFFFFFFFFFFFFFFFFFFFFFFFFFFFFFFFFFFFFF AND CALLER PUSH20 0xFFFFFFFFFFFFFFFFFFFFFFFFFFFFFFFFFFFFFFFF AND EQ ISZERO ISZERO PUSH2 0x1667 JUMPI PUSH1 0x0 DUP1 REVERT JUMPDEST DUP1 PUSH1 0x0 DUP1 PUSH2 0x100 EXP DUP2 SLOAD DUP2 PUSH20 0xFFFFFFFFFFFFFFFFFFFFFFFFFFFFFFFFFFFFFFFF MUL NOT AND SWAP1 DUP4 PUSH20 0xFFFFFFFFFFFFFFFFFFFFFFFFFFFFFFFFFFFFFFFF AND MUL OR SWAP1 SSTORE POP POP JUMP JUMPDEST PUSH1 0x7 SLOAD DUP2 JUMP JUMPDEST PUSH1 0x0 DUP1 SWAP1 SLOAD SWAP1 PUSH2 0x100 EXP SWAP1 DIV PUSH20 0xFFFFFFFFFFFFFFFFFFFFFFFFFFFFFFFFFFFFFFFF AND PUSH20 0xFFFFFFFFFFFFFFFFFFFFFFFFFFFFFFFFFFFFFFFF AND CALLER PUSH20 0xFFFFFFFFFFFFFFFFFFFFFFFFFFFFFFFFFFFFFFFF AND EQ ISZERO ISZERO PUSH2 0x170B JUMPI PUSH1 0x0 DUP1 REVERT JUMPDEST DUP1 PUSH1 0x8 PUSH1 0x0 PUSH2 0x100 EXP DUP2 SLOAD DUP2 PUSH1 0xFF MUL NOT AND SWAP1 DUP4 ISZERO ISZERO MUL OR SWAP1 SSTORE POP POP JUMP STOP LOG1 PUSH6 0x627A7A723058 KECCAK256 DUP15 DIFFICULTY 0xe0 ADD 0xb2 SDIV 0xaa 0xb2 DUP12 ADDMOD 0xa9 0xde PUSH12 0x4504D0A3B0CEB942ED57EAC4 DUP11 ADD DUP5 DUP14 0xdb DUP8 0xc8 STOP 0x29
1,PUSH1 0x60 PUSH1 0x40 MSTORE PUSH1 0x0 PUSH1 0xA SSTORE PUSH1 0x0 PUSH1 0xB SSTORE PUSH1 0x0 PUSH1 0xC SSTORE PUSH5 0x12A05F200 PUSH1 0xD SSTORE TIMESTAMP PUSH1 0xE SSTORE TIMESTAMP PUSH1 0xF SSTORE CALLVALUE ISZERO PUSH3 0x30 JUMPI PUSH1 0x0 DUP1 REVERT JUMPDEST PUSH7 0x775F05A074000 PUSH1 0x3 DUP2 SWAP1 SSTORE POP PUSH1 0x40 DUP1 MLOAD SWAP1 DUP2 ADD PUSH1 0x40 MSTORE DUP1 PUSH1 0x10 DUP2 MSTORE PUSH1 0x20 ADD PUSH32 0x43727970746F436869707320436F696E00000000000000000000000000000000 DUP2 MSTORE POP PUSH1 0x0 SWAP1 DUP1 MLOAD SWAP1 PUSH1 0x20 ADD SWAP1 PUSH3 0x8B SWAP3 SWAP2 SWAP1 PUSH3 0x144 JUMP JUMPDEST POP PUSH1 0x40 DUP1 MLOAD SWAP1 DUP2 ADD PUSH1 0x40 MSTORE DUP1 PUSH1 0x4 DUP2 MSTORE PUSH1 0x20 ADD PUSH32 0x4343544800000000000000000000000000000000000000000000000000000000 DUP2 MSTORE POP PUSH1 0x1 SWAP1 DUP1 MLOAD SWAP1 PUSH1 0x20 ADD SWAP1 PUSH3 0xD9 SWAP3 SWAP2 SWAP1 PUSH3 0x144 JUMP JUMPDEST POP PUSH1 0x8 PUSH1 0x2 PUSH1 0x0 PUSH2 0x100 EXP DUP2 SLOAD DUP2 PUSH1 0xFF MUL NOT AND SWAP1 DUP4 PUSH1 0xFF AND MUL OR SWAP1 SSTORE POP CALLER PUSH1 0x4 PUSH1 0x0 PUSH2 0x100 EXP DUP2 SLOAD DUP2 PUSH20 0xFFFFFFFFFFFFFFFFFFFFFFFFFFFFFFFFFFFFFFFF MUL NOT AND SWAP1 DUP4 PUSH20 0xFFFFFFFFFFFFFFFFFFFFFFFFFFFFFFFFFFFFFFFF AND MUL OR SWAP1 SSTORE POP TIMESTAMP PUSH1 0xE DUP2 SWAP1 SSTORE POP PUSH3 0x1F3 JUMP JUMPDEST DUP3 DUP1 SLOAD PUSH1 0x1 DUP2 PUSH1 0x1 AND ISZERO PUSH2 0x100 MUL SUB AND PUSH1 0x2 SWAP1 DIV SWAP1 PUSH1 0x0 MSTORE PUSH1 0x20 PUSH1 0x0 KECCAK256 SWAP1 PUSH1 0x1F ADD PUSH1 0x20 SWAP1 DIV DUP2 ADD SWAP3 DUP3 PUSH1 0x1F LT PUSH3 0x187 JUMPI DUP1 MLOAD PUSH1 0xFF NOT AND DUP4 DUP1 ADD OR DUP6 SSTORE PUSH3 0x1B8 JUMP JUMPDEST DUP3 DUP1 ADD PUSH1 0x1 ADD DUP6 SSTORE DUP3 ISZERO PUSH3 0x1B8 JUMPI SWAP2 DUP3 ADD JUMPDEST DUP3 DUP2 GT ISZERO PUSH3 0x1B7 JUMPI DUP3 MLOAD DUP3 SSTORE SWAP2 PUSH1 0x20 ADD SWAP2 SWAP1 PUSH1 0x1 ADD SWAP1 PUSH3 0x19A JUMP JUMPDEST JUMPDEST POP SWAP1 POP PUSH3 0x1C7 SWAP2 SWAP1 PUSH3 0x1CB JUMP JUMPDEST POP SWAP1 JUMP JUMPDEST PUSH3 0x1F0 SWAP2 SWAP1 JUMPDEST DUP1 DUP3 GT ISZERO PUSH3 0x1EC JUMPI PUSH1 0x0 DUP2 PUSH1 0x0 SWAP1 SSTORE POP PUSH1 0x1 ADD PUSH3 0x1D2 JUMP JUMPDEST POP SWAP1 JUMP JUMPDEST SWAP1 JUMP JUMPDEST PUSH2 0x119D DUP1 PUSH3 0x203 PUSH1 0x0 CODECOPY PUSH1 0x0 RETURN STOP PUSH1 0x60 PUSH1 0x40 MSTORE PUSH1 0x4 CALLDATASIZE LT PUSH2 0x107 JUMPI PUSH1 0x0 CALLDATALOAD PUSH29 0x100000000000000000000000000000000000000000000000000000000 SWAP1 DIV PUSH4 0xFFFFFFFF AND DUP1 PUSH4 0x6FDDE03 EQ PUSH2 0x109 JUMPI DUP1 PUSH4 0x18160DDD EQ PUSH2 0x197 JUMPI DUP1 PUSH4 0x228CB733 EQ PUSH2 0x1C0 JUMPI DUP1 PUSH4 0x313CE567 EQ PUSH2 0x1E9 JUMPI DUP1 PUSH4 0x3BED33CE EQ PUSH2 0x218 JUMPI DUP1 PUSH4 0x42966C68 EQ PUSH2 0x23B JUMPI DUP1 PUSH4 0x437C9162 EQ PUSH2 0x276 JUMPI DUP1 PUSH4 0x5D6C3EA7 EQ PUSH2 0x29F JUMPI DUP1 PUSH4 0x6623FC46 EQ PUSH2 0x2C8 JUMPI DUP1 PUSH4 0x70A08231 EQ PUSH2 0x303 JUMPI DUP1 PUSH4 0x8DA5CB5B EQ PUSH2 0x350 JUMPI DUP1 PUSH4 0x95D89B41 EQ PUSH2 0x3A5 JUMPI DUP1 PUSH4 0xA0712D68 EQ PUSH2 0x433 JUMPI DUP1 PUSH4 0xA9059CBB EQ PUSH2 0x456 JUMPI DUP1 PUSH4 0xC11BD455 EQ PUSH2 0x498 JUMPI DUP1 PUSH4 0xCD4217C1 EQ PUSH2 0x4C1 JUMPI DUP1 PUSH4 0xD7A78DB8 EQ PUSH2 0x50E JUMPI DUP1 PUSH4 0xDFBB70C9 EQ PUSH2 0x549 JUMPI DUP1 PUSH4 0xE038C75A EQ PUSH2 0x572 JUMPI JUMPDEST STOP JUMPDEST CALLVALUE ISZERO PUSH2 0x114 JUMPI PUSH1 0x0 DUP1 REVERT JUMPDEST PUSH2 0x11C PUSH2 0x59B JUMP JUMPDEST PUSH1 0x40 MLOAD DUP1 DUP1 PUSH1 0x20 ADD DUP3 DUP2 SUB DUP3 MSTORE DUP4 DUP2 DUP2 MLOAD DUP2 MSTORE PUSH1 0x20 ADD SWAP2 POP DUP1 MLOAD SWAP1 PUSH1 0x20 ADD SWAP1 DUP1 DUP4 DUP4 PUSH1 0x0 JUMPDEST DUP4 DUP2 LT ISZERO PUSH2 0x15C JUMPI DUP1 DUP3 ADD MLOAD DUP2 DUP5 ADD MSTORE PUSH1 0x20 DUP2 ADD SWAP1 POP PUSH2 0x141 JUMP JUMPDEST POP POP POP POP SWAP1 POP SWAP1 DUP2 ADD SWAP1 PUSH1 0x1F AND DUP1 ISZERO PUSH2 0x189 JUMPI DUP1 DUP3 SUB DUP1 MLOAD PUSH1 0x1 DUP4 PUSH1 0x20 SUB PUSH2 0x100 EXP SUB NOT AND DUP2 MSTORE PUSH1 0x20 ADD SWAP2 POP JUMPDEST POP SWAP3 POP POP POP PUSH1 0x40 MLOAD DUP1 SWAP2 SUB SWAP1 RETURN JUMPDEST CALLVALUE ISZERO PUSH2 0x1A2 JUMPI PUSH1 0x0 DUP1 REVERT JUMPDEST PUSH2 0x1AA PUSH2 0x639 JUMP JUMPDEST PUSH1 0x40 MLOAD DUP1 DUP3 DUP2 MSTORE PUSH1 0x20 ADD SWAP2 POP POP PUSH1 0x40 MLOAD DUP1 SWAP2 SUB SWAP1 RETURN JUMPDEST CALLVALUE ISZERO PUSH2 0x1CB JUMPI PUSH1 0x0 DUP1 REVERT JUMPDEST PUSH2 0x1D3 PUSH2 0x63F JUMP JUMPDEST PUSH1 0x40 MLOAD DUP1 DUP3 DUP2 MSTORE PUSH1 0x20 ADD SWAP2 POP POP PUSH1 0x40 MLOAD DUP1 SWAP2 SUB SWAP1 RETURN JUMPDEST CALLVALUE ISZERO PUSH2 0x1F4 JUMPI PUSH1 0x0 DUP1 REVERT JUMPDEST PUSH2 0x1FC PUSH2 0x645 JUMP JUMPDEST PUSH1 0x40 MLOAD DUP1 DUP3 PUSH1 0xFF AND PUSH1 0xFF AND DUP2 MSTORE PUSH1 0x20 ADD SWAP2 POP POP PUSH1 0x40 MLOAD DUP1 SWAP2 SUB SWAP1 RETURN JUMPDEST CALLVALUE ISZERO PUSH2 0x223 JUMPI PUSH1 0x0 DUP1 REVERT JUMPDEST PUSH2 0x239 PUSH1 0x4 DUP1 DUP1 CALLDATALOAD SWAP1 PUSH1 0x20 ADD SWAP1 SWAP2 SWAP1 POP POP PUSH2 0x658 JUMP JUMPDEST STOP JUMPDEST CALLVALUE ISZERO PUSH2 0x246 JUMPI PUSH1 0x0 DUP1 REVERT JUMPDEST PUSH2 0x25C PUSH1 0x4 DUP1 DUP1 CALLDATALOAD SWAP1 PUSH1 0x20 ADD SWAP1 SWAP2 SWAP1 POP POP PUSH2 0x719 JUMP JUMPDEST PUSH1 0x40 MLOAD DUP1 DUP3 ISZERO ISZERO ISZERO ISZERO DUP2 MSTORE PUSH1 0x20 ADD SWAP2 POP POP PUSH1 0x40 MLOAD DUP1 SWAP2 SUB SWAP1 RETURN JUMPDEST CALLVALUE ISZERO PUSH2 0x281 JUMPI PUSH1 0x0 DUP1 REVERT JUMPDEST PUSH2 0x289 PUSH2 0x86B JUMP JUMPDEST PUSH1 0x40 MLOAD DUP1 DUP3 DUP2 MSTORE PUSH1 0x20 ADD SWAP2 POP POP PUSH1 0x40 MLOAD DUP1 SWAP2 SUB SWAP1 RETURN JUMPDEST CALLVALUE ISZERO PUSH2 0x2AA JUMPI PUSH1 0x0 DUP1 REVERT JUMPDEST PUSH2 0x2B2 PUSH2 0x871 JUMP JUMPDEST PUSH1 0x40 MLOAD DUP1 DUP3 DUP2 MSTORE PUSH1 0x20 ADD SWAP2 POP POP PUSH1 0x40 MLOAD DUP1 SWAP2 SUB SWAP1 RETURN JUMPDEST CALLVALUE ISZERO PUSH2 0x2D3 JUMPI PUSH1 0x0 DUP1 REVERT JUMPDEST PUSH2 0x2E9 PUSH1 0x4 DUP1 DUP1 CALLDATALOAD SWAP1 PUSH1 0x20 ADD SWAP1 SWAP2 SWAP1 POP POP PUSH2 0x877 JUMP JUMPDEST PUSH1 0x40 MLOAD DUP1 DUP3 ISZERO ISZERO ISZERO ISZERO DUP2 MSTORE PUSH1 0x20 ADD SWAP2 POP POP PUSH1 0x40 MLOAD DUP1 SWAP2 SUB SWAP1 RETURN JUMPDEST CALLVALUE ISZERO PUSH2 0x30E JUMPI PUSH1 0x0 DUP1 REVERT JUMPDEST PUSH2 0x33A PUSH1 0x4 DUP1 DUP1 CALLDATALOAD PUSH20 0xFFFFFFFFFFFFFFFFFFFFFFFFFFFFFFFFFFFFFFFF AND SWAP1 PUSH1 0x20 ADD SWAP1 SWAP2 SWAP1 POP POP PUSH2 0xA43 JUMP JUMPDEST PUSH1 0x40 MLOAD DUP1 DUP3 DUP2 MSTORE PUSH1 0x20 ADD SWAP2 POP POP PUSH1 0x40 MLOAD DUP1 SWAP2 SUB SWAP1 RETURN JUMPDEST CALLVALUE ISZERO PUSH2 0x35B JUMPI PUSH1 0x0 DUP1 REVERT JUMPDEST PUSH2 0x363 PUSH2 0xA5B JUMP JUMPDEST PUSH1 0x40 MLOAD DUP1 DUP3 PUSH20 0xFFFFFFFFFFFFFFFFFFFFFFFFFFFFFFFFFFFFFFFF AND PUSH20 0xFFFFFFFFFFFFFFFFFFFFFFFFFFFFFFFFFFFFFFFF AND DUP2 MSTORE PUSH1 0x20 ADD SWAP2 POP POP PUSH1 0x40 MLOAD DUP1 SWAP2 SUB SWAP1 RETURN JUMPDEST CALLVALUE ISZERO PUSH2 0x3B0 JUMPI PUSH1 0x0 DUP1 REVERT JUMPDEST PUSH2 0x3B8 PUSH2 0xA81 JUMP JUMPDEST PUSH1 0x40 MLOAD DUP1 DUP1 PUSH1 0x20 ADD DUP3 DUP2 SUB DUP3 MSTORE DUP4 DUP2 DUP2 MLOAD DUP2 MSTORE PUSH1 0x20 ADD SWAP2 POP DUP1 MLOAD SWAP1 PUSH1 0x20 ADD SWAP1 DUP1 DUP4 DUP4 PUSH1 0x0 JUMPDEST DUP4 DUP2 LT ISZERO PUSH2 0x3F8 JUMPI DUP1 DUP3 ADD MLOAD DUP2 DUP5 ADD MSTORE PUSH1 0x20 DUP2 ADD SWAP1 POP PUSH2 0x3DD JUMP JUMPDEST POP POP POP POP SWAP1 POP SWAP1 DUP2 ADD SWAP1 PUSH1 0x1F AND DUP1 ISZERO PUSH2 0x425 JUMPI DUP1 DUP3 SUB DUP1 MLOAD PUSH1 0x1 DUP4 PUSH1 0x20 SUB PUSH2 0x100 EXP SUB NOT AND DUP2 MSTORE PUSH1 0x20 ADD SWAP2 POP JUMPDEST POP SWAP3 POP POP POP PUSH1 0x40 MLOAD DUP1 SWAP2 SUB SWAP1 RETURN JUMPDEST CALLVALUE ISZERO PUSH2 0x43E JUMPI PUSH1 0x0 DUP1 REVERT JUMPDEST PUSH2 0x454 PUSH1 0x4 DUP1 DUP1 CALLDATALOAD SWAP1 PUSH1 0x20 ADD SWAP1 SWAP2 SWAP1 POP POP PUSH2 0xB1F JUMP JUMPDEST STOP JUMPDEST CALLVALUE ISZERO PUSH2 0x461 JUMPI PUSH1 0x0 DUP1 REVERT JUMPDEST PUSH2 0x496 PUSH1 0x4 DUP1 DUP1 CALLDATALOAD PUSH20 0xFFFFFFFFFFFFFFFFFFFFFFFFFFFFFFFFFFFFFFFF AND SWAP1 PUSH1 0x20 ADD SWAP1 SWAP2 SWAP1 DUP1 CALLDATALOAD SWAP1 PUSH1 0x20 ADD SWAP1 SWAP2 SWAP1 POP POP PUSH2 0xC23 JUMP JUMPDEST STOP JUMPDEST CALLVALUE ISZERO PUSH2 0x4A3 JUMPI PUSH1 0x0 DUP1 REVERT JUMPDEST PUSH2 0x4AB PUSH2 0xE81 JUMP JUMPDEST PUSH1 0x40 MLOAD DUP1 DUP3 DUP2 MSTORE PUSH1 0x20 ADD SWAP2 POP POP PUSH1 0x40 MLOAD DUP1 SWAP2 SUB SWAP1 RETURN JUMPDEST CALLVALUE ISZERO PUSH2 0x4CC JUMPI PUSH1 0x0 DUP1 REVERT JUMPDEST PUSH2 0x4F8 PUSH1 0x4 DUP1 DUP1 CALLDATALOAD PUSH20 0xFFFFFFFFFFFFFFFFFFFFFFFFFFFFFFFFFFFFFFFF AND SWAP1 PUSH1 0x20 ADD SWAP1 SWAP2 SWAP1 POP POP PUSH2 0xE87 JUMP JUMPDEST PUSH1 0x40 MLOAD DUP1 DUP3 DUP2 MSTORE PUSH1 0x20 ADD SWAP2 POP POP PUSH1 0x40 MLOAD DUP1 SWAP2 SUB SWAP1 RETURN JUMPDEST CALLVALUE ISZERO PUSH2 0x519 JUMPI PUSH1 0x0 DUP1 REVERT JUMPDEST PUSH2 0x52F PUSH1 0x4 DUP1 DUP1 CALLDATALOAD SWAP1 PUSH1 0x20 ADD SWAP1 SWAP2 SWAP1 POP POP PUSH2 0xE9F JUMP JUMPDEST PUSH1 0x40 MLOAD DUP1 DUP3 ISZERO ISZERO ISZERO ISZERO DUP2 MSTORE PUSH1 0x20 ADD SWAP2 POP POP PUSH1 0x40 MLOAD DUP1 SWAP2 SUB SWAP1 RETURN JUMPDEST CALLVALUE ISZERO PUSH2 0x554 JUMPI PUSH1 0x0 DUP1 REVERT JUMPDEST PUSH2 0x55C PUSH2 0x106B JUMP JUMPDEST PUSH1 0x40 MLOAD DUP1 DUP3 DUP2 MSTORE PUSH1 0x20 ADD SWAP2 POP POP PUSH1 0x40 MLOAD DUP1 SWAP2 SUB SWAP1 RETURN JUMPDEST CALLVALUE ISZERO PUSH2 0x57D JUMPI PUSH1 0x0 DUP1 REVERT JUMPDEST PUSH2 0x585 PUSH2 0x1071 JUMP JUMPDEST PUSH1 0x40 MLOAD DUP1 DUP3 DUP2 MSTORE PUSH1 0x20 ADD SWAP2 POP POP PUSH1 0x40 MLOAD DUP1 SWAP2 SUB SWAP1 RETURN JUMPDEST PUSH1 0x0 DUP1 SLOAD PUSH1 0x1 DUP2 PUSH1 0x1 AND ISZERO PUSH2 0x100 MUL SUB AND PUSH1 0x2 SWAP1 DIV DUP1 PUSH1 0x1F ADD PUSH1 0x20 DUP1 SWAP2 DIV MUL PUSH1 0x20 ADD PUSH1 0x40 MLOAD SWAP1 DUP2 ADD PUSH1 0x40 MSTORE DUP1 SWAP3 SWAP2 SWAP1 DUP2 DUP2 MSTORE PUSH1 0x20 ADD DUP3 DUP1 SLOAD PUSH1 0x1 DUP2 PUSH1 0x1 AND ISZERO PUSH2 0x100 MUL SUB AND PUSH1 0x2 SWAP1 DIV DUP1 ISZERO PUSH2 0x631 JUMPI DUP1 PUSH1 0x1F LT PUSH2 0x606 JUMPI PUSH2 0x100 DUP1 DUP4 SLOAD DIV MUL DUP4 MSTORE SWAP2 PUSH1 0x20 ADD SWAP2 PUSH2 0x631 JUMP JUMPDEST DUP3 ADD SWAP2 SWAP1 PUSH1 0x0 MSTORE PUSH1 0x20 PUSH1 0x0 KECCAK256 SWAP1 JUMPDEST DUP2 SLOAD DUP2 MSTORE SWAP1 PUSH1 0x1 ADD SWAP1 PUSH1 0x20 ADD DUP1 DUP4 GT PUSH2 0x614 JUMPI DUP3 SWAP1 SUB PUSH1 0x1F AND DUP3 ADD SWAP2 JUMPDEST POP POP POP POP POP DUP2 JUMP JUMPDEST PUSH1 0x3 SLOAD DUP2 JUMP JUMPDEST PUSH1 0xD SLOAD DUP2 JUMP JUMPDEST PUSH1 0x2 PUSH1 0x0 SWAP1 SLOAD SWAP1 PUSH2 0x100 EXP SWAP1 DIV PUSH1 0xFF AND DUP2 JUMP JUMPDEST PUSH1 0x4 PUSH1 0x0 SWAP1 SLOAD SWAP1 PUSH2 0x100 EXP SWAP1 DIV PUSH20 0xFFFFFFFFFFFFFFFFFFFFFFFFFFFFFFFFFFFFFFFF AND PUSH20 0xFFFFFFFFFFFFFFFFFFFFFFFFFFFFFFFFFFFFFFFF AND CALLER PUSH20 0xFFFFFFFFFFFFFFFFFFFFFFFFFFFFFFFFFFFFFFFF AND EQ ISZERO ISZERO PUSH2 0x6B4 JUMPI PUSH1 0x0 DUP1 REVERT JUMPDEST PUSH1 0x4 PUSH1 0x0 SWAP1 SLOAD SWAP1 PUSH2 0x100 EXP SWAP1 DIV PUSH20 0xFFFFFFFFFFFFFFFFFFFFFFFFFFFFFFFFFFFFFFFF AND PUSH20 0xFFFFFFFFFFFFFFFFFFFFFFFFFFFFFFFFFFFFFFFF AND PUSH2 0x8FC DUP3 SWAP1 DUP2 ISZERO MUL SWAP1 PUSH1 0x40 MLOAD PUSH1 0x0 PUSH1 0x40 MLOAD DUP1 DUP4 SUB DUP2 DUP6 DUP9 DUP9 CALL SWAP4 POP POP POP POP ISZERO ISZERO PUSH2 0x716 JUMPI PUSH1 0x0 DUP1 REVERT JUMPDEST POP JUMP JUMPDEST PUSH1 0x0 DUP2 PUSH1 0x5 PUSH1 0x0 CALLER PUSH20 0xFFFFFFFFFFFFFFFFFFFFFFFFFFFFFFFFFFFFFFFF AND PUSH20 0xFFFFFFFFFFFFFFFFFFFFFFFFFFFFFFFFFFFFFFFF AND DUP2 MSTORE PUSH1 0x20 ADD SWAP1 DUP2 MSTORE PUSH1 0x20 ADD PUSH1 0x0 KECCAK256 SLOAD LT ISZERO PUSH2 0x767 JUMPI PUSH1 0x0 DUP1 REVERT JUMPDEST PUSH1 0x0 DUP3 GT ISZERO ISZERO PUSH2 0x776 JUMPI PUSH1 0x0 DUP1 REVERT JUMPDEST PUSH2 0x7BF PUSH1 0x5 PUSH1 0x0 CALLER PUSH20 0xFFFFFFFFFFFFFFFFFFFFFFFFFFFFFFFFFFFFFFFF AND PUSH20 0xFFFFFFFFFFFFFFFFFFFFFFFFFFFFFFFFFFFFFFFF AND DUP2 MSTORE PUSH1 0x20 ADD SWAP1 DUP2 MSTORE PUSH1 0x20 ADD PUSH1 0x0 KECCAK256 SLOAD DUP4 PUSH2 0x1077 JUMP JUMPDEST PUSH1 0x5 PUSH1 0x0 CALLER PUSH20 0xFFFFFFFFFFFFFFFFFFFFFFFFFFFFFFFFFFFFFFFF AND PUSH20 0xFFFFFFFFFFFFFFFFFFFFFFFFFFFFFFFFFFFFFFFF AND DUP2 MSTORE PUSH1 0x20 ADD SWAP1 DUP2 MSTORE PUSH1 0x20 ADD PUSH1 0x0 KECCAK256 DUP2 SWAP1 SSTORE POP PUSH2 0x80E PUSH1 0x3 SLOAD DUP4 PUSH2 0x1077 JUMP JUMPDEST PUSH1 0x3 DUP2 SWAP1 SSTORE POP CALLER PUSH20 0xFFFFFFFFFFFFFFFFFFFFFFFFFFFFFFFFFFFFFFFF AND PUSH32 0xCC16F5DBB4873280815C1EE09DBD06736CFFCC184412CF7A71A0FDB75D397CA5 DUP4 PUSH1 0x40 MLOAD DUP1 DUP3 DUP2 MSTORE PUSH1 0x20 ADD SWAP2 POP POP PUSH1 0x40 MLOAD DUP1 SWAP2 SUB SWAP1 LOG2 PUSH1 0x1 SWAP1 POP SWAP2 SWAP1 POP JUMP JUMPDEST PUSH1 0xB SLOAD DUP2 JUMP JUMPDEST PUSH1 0xA SLOAD DUP2 JUMP JUMPDEST PUSH1 0x0 DUP2 PUSH1 0x6 PUSH1 0x0 CALLER PUSH20 0xFFFFFFFFFFFFFFFFFFFFFFFFFFFFFFFFFFFFFFFF AND PUSH20 0xFFFFFFFFFFFFFFFFFFFFFFFFFFFFFFFFFFFFFFFF AND DUP2 MSTORE PUSH1 0x20 ADD SWAP1 DUP2 MSTORE PUSH1 0x20 ADD PUSH1 0x0 KECCAK256 SLOAD LT ISZERO PUSH2 0x8C5 JUMPI PUSH1 0x0 DUP1 REVERT JUMPDEST PUSH1 0x0 DUP3 GT ISZERO ISZERO PUSH2 0x8D4 JUMPI PUSH1 0x0 DUP1 REVERT JUMPDEST PUSH2 0x91D PUSH1 0x6 PUSH1 0x0 CALLER PUSH20 0xFFFFFFFFFFFFFFFFFFFFFFFFFFFFFFFFFFFFFFFF AND PUSH20 0xFFFFFFFFFFFFFFFFFFFFFFFFFFFFFFFFFFFFFFFF AND DUP2 MSTORE PUSH1 0x20 ADD SWAP1 DUP2 MSTORE PUSH1 0x20 ADD PUSH1 0x0 KECCAK256 SLOAD DUP4 PUSH2 0x1077 JUMP JUMPDEST PUSH1 0x6 PUSH1 0x0 CALLER PUSH20 0xFFFFFFFFFFFFFFFFFFFFFFFFFFFFFFFFFFFFFFFF AND PUSH20 0xFFFFFFFFFFFFFFFFFFFFFFFFFFFFFFFFFFFFFFFF AND DUP2 MSTORE PUSH1 0x20 ADD SWAP1 DUP2 MSTORE PUSH1 0x20 ADD PUSH1 0x0 KECCAK256 DUP2 SWAP1 SSTORE POP PUSH2 0x9A9 PUSH1 0x5 PUSH1 0x0 CALLER PUSH20 0xFFFFFFFFFFFFFFFFFFFFFFFFFFFFFFFFFFFFFFFF AND PUSH20 0xFFFFFFFFFFFFFFFFFFFFFFFFFFFFFFFFFFFFFFFF AND DUP2 MSTORE PUSH1 0x20 ADD SWAP1 DUP2 MSTORE PUSH1 0x20 ADD PUSH1 0x0 KECCAK256 SLOAD DUP4 PUSH2 0x1090 JUMP JUMPDEST PUSH1 0x5 PUSH1 0x0 CALLER PUSH20 0xFFFFFFFFFFFFFFFFFFFFFFFFFFFFFFFFFFFFFFFF AND PUSH20 0xFFFFFFFFFFFFFFFFFFFFFFFFFFFFFFFFFFFFFFFF AND DUP2 MSTORE PUSH1 0x20 ADD SWAP1 DUP2 MSTORE PUSH1 0x20 ADD PUSH1 0x0 KECCAK256 DUP2 SWAP1 SSTORE POP CALLER PUSH20 0xFFFFFFFFFFFFFFFFFFFFFFFFFFFFFFFFFFFFFFFF AND PUSH32 0x2CFCE4AF01BCB9D6CF6C84EE1B7C491100B8695368264146A94D71E10A63083F DUP4 PUSH1 0x40 MLOAD DUP1 DUP3 DUP2 MSTORE PUSH1 0x20 ADD SWAP2 POP POP PUSH1 0x40 MLOAD DUP1 SWAP2 SUB SWAP1 LOG2 PUSH1 0x1 SWAP1 POP SWAP2 SWAP1 POP JUMP JUMPDEST PUSH1 0x5 PUSH1 0x20 MSTORE DUP1 PUSH1 0x0 MSTORE PUSH1 0x40 PUSH1 0x0 KECCAK256 PUSH1 0x0 SWAP2 POP SWAP1 POP SLOAD DUP2 JUMP JUMPDEST PUSH1 0x4 PUSH1 0x0 SWAP1 SLOAD SWAP1 PUSH2 0x100 EXP SWAP1 DIV PUSH20 0xFFFFFFFFFFFFFFFFFFFFFFFFFFFFFFFFFFFFFFFF AND DUP2 JUMP JUMPDEST PUSH1 0x1 DUP1 SLOAD PUSH1 0x1 DUP2 PUSH1 0x1 AND ISZERO PUSH2 0x100 MUL SUB AND PUSH1 0x2 SWAP1 DIV DUP1 PUSH1 0x1F ADD PUSH1 0x20 DUP1 SWAP2 DIV MUL PUSH1 0x20 ADD PUSH1 0x40 MLOAD SWAP1 DUP2 ADD PUSH1 0x40 MSTORE DUP1 SWAP3 SWAP2 SWAP1 DUP2 DUP2 MSTORE PUSH1 0x20 ADD DUP3 DUP1 SLOAD PUSH1 0x1 DUP2 PUSH1 0x1 AND ISZERO PUSH2 0x100 MUL SUB AND PUSH1 0x2 SWAP1 DIV DUP1 ISZERO PUSH2 0xB17 JUMPI DUP1 PUSH1 0x1F LT PUSH2 0xAEC JUMPI PUSH2 0x100 DUP1 DUP4 SLOAD DIV MUL DUP4 MSTORE SWAP2 PUSH1 0x20 ADD SWAP2 PUSH2 0xB17 JUMP JUMPDEST DUP3 ADD SWAP2 SWAP1 PUSH1 0x0 MSTORE PUSH1 0x20 PUSH1 0x0 KECCAK256 SWAP1 JUMPDEST DUP2 SLOAD DUP2 MSTORE SWAP1 PUSH1 0x1 ADD SWAP1 PUSH1 0x20 ADD DUP1 DUP4 GT PUSH2 0xAFA JUMPI DUP3 SWAP1 SUB PUSH1 0x1F AND DUP3 ADD SWAP2 JUMPDEST POP POP POP POP POP DUP2 JUMP JUMPDEST PUSH1 0x4 PUSH1 0x0 SWAP1 SLOAD SWAP1 PUSH2 0x100 EXP SWAP1 DIV PUSH20 0xFFFFFFFFFFFFFFFFFFFFFFFFFFFFFFFFFFFFFFFF AND PUSH20 0xFFFFFFFFFFFFFFFFFFFFFFFFFFFFFFFFFFFFFFFF AND CALLER PUSH20 0xFFFFFFFFFFFFFFFFFFFFFFFFFFFFFFFFFFFFFFFF AND EQ ISZERO ISZERO PUSH2 0xB7B JUMPI PUSH1 0x0 DUP1 REVERT JUMPDEST DUP1 PUSH1 0xA PUSH1 0x0 DUP3 DUP3 SLOAD SUB SWAP3 POP POP DUP2 SWAP1 SSTORE POP PUSH2 0xBD4 PUSH1 0x5 PUSH1 0x0 CALLER PUSH20 0xFFFFFFFFFFFFFFFFFFFFFFFFFFFFFFFFFFFFFFFF AND PUSH20 0xFFFFFFFFFFFFFFFFFFFFFFFFFFFFFFFFFFFFFFFF AND DUP2 MSTORE PUSH1 0x20 ADD SWAP1 DUP2 MSTORE PUSH1 0x20 ADD PUSH1 0x0 KECCAK256 SLOAD DUP3 PUSH2 0x1090 JUMP JUMPDEST PUSH1 0x5 PUSH1 0x0 CALLER PUSH20 0xFFFFFFFFFFFFFFFFFFFFFFFFFFFFFFFFFFFFFFFF AND PUSH20 0xFFFFFFFFFFFFFFFFFFFFFFFFFFFFFFFFFFFFFFFF AND DUP2 MSTORE PUSH1 0x20 ADD SWAP1 DUP2 MSTORE PUSH1 0x20 ADD PUSH1 0x0 KECCAK256 DUP2 SWAP1 SSTORE POP PUSH2 0xC1F PUSH2 0x10BA JUMP JUMPDEST POP POP JUMP JUMPDEST DUP1 PUSH1 0x5 PUSH1 0x0 CALLER PUSH20 0xFFFFFFFFFFFFFFFFFFFFFFFFFFFFFFFFFFFFFFFF AND PUSH20 0xFFFFFFFFFFFFFFFFFFFFFFFFFFFFFFFFFFFFFFFF AND DUP2 MSTORE PUSH1 0x20 ADD SWAP1 DUP2 MSTORE PUSH1 0x20 ADD PUSH1 0x0 KECCAK256 SLOAD LT ISZERO ISZERO ISZERO PUSH2 0xC71 JUMPI PUSH1 0x0 DUP1 REVERT JUMPDEST PUSH1 0x5 PUSH1 0x0 DUP4 PUSH20 0xFFFFFFFFFFFFFFFFFFFFFFFFFFFFFFFFFFFFFFFF AND PUSH20 0xFFFFFFFFFFFFFFFFFFFFFFFFFFFFFFFFFFFFFFFF AND DUP2 MSTORE PUSH1 0x20 ADD SWAP1 DUP2 MSTORE PUSH1 0x20 ADD PUSH1 0x0 KECCAK256 SLOAD DUP2 PUSH1 0x5 PUSH1 0x0 DUP6 PUSH20 0xFFFFFFFFFFFFFFFFFFFFFFFFFFFFFFFFFFFFFFFF AND PUSH20 0xFFFFFFFFFFFFFFFFFFFFFFFFFFFFFFFFFFFFFFFF AND DUP2 MSTORE PUSH1 0x20 ADD SWAP1 DUP2 MSTORE PUSH1 0x20 ADD PUSH1 0x0 KECCAK256 SLOAD ADD LT ISZERO ISZERO ISZERO PUSH2 0xD00 JUMPI PUSH1 0x0 DUP1 REVERT JUMPDEST PUSH2 0xD49 PUSH1 0x5 PUSH1 0x0 CALLER PUSH20 0xFFFFFFFFFFFFFFFFFFFFFFFFFFFFFFFFFFFFFFFF AND PUSH20 0xFFFFFFFFFFFFFFFFFFFFFFFFFFFFFFFFFFFFFFFF AND DUP2 MSTORE PUSH1 0x20 ADD SWAP1 DUP2 MSTORE PUSH1 0x20 ADD PUSH1 0x0 KECCAK256 SLOAD DUP3 PUSH2 0x1077 JUMP JUMPDEST PUSH1 0x5 PUSH1 0x0 CALLER PUSH20 0xFFFFFFFFFFFFFFFFFFFFFFFFFFFFFFFFFFFFFFFF AND PUSH20 0xFFFFFFFFFFFFFFFFFFFFFFFFFFFFFFFFFFFFFFFF AND DUP2 MSTORE PUSH1 0x20 ADD SWAP1 DUP2 MSTORE PUSH1 0x20 ADD PUSH1 0x0 KECCAK256 DUP2 SWAP1 SSTORE POP PUSH2 0xDD5 PUSH1 0x5 PUSH1 0x0 DUP5 PUSH20 0xFFFFFFFFFFFFFFFFFFFFFFFFFFFFFFFFFFFFFFFF AND PUSH20 0xFFFFFFFFFFFFFFFFFFFFFFFFFFFFFFFFFFFFFFFF AND DUP2 MSTORE PUSH1 0x20 ADD SWAP1 DUP2 MSTORE PUSH1 0x20 ADD PUSH1 0x0 KECCAK256 SLOAD DUP3 PUSH2 0x1090 JUMP JUMPDEST PUSH1 0x5 PUSH1 0x0 DUP5 PUSH20 0xFFFFFFFFFFFFFFFFFFFFFFFFFFFFFFFFFFFFFFFF AND PUSH20 0xFFFFFFFFFFFFFFFFFFFFFFFFFFFFFFFFFFFFFFFF AND DUP2 MSTORE PUSH1 0x20 ADD SWAP1 DUP2 MSTORE PUSH1 0x20 ADD PUSH1 0x0 KECCAK256 DUP2 SWAP1 SSTORE POP DUP2 PUSH20 0xFFFFFFFFFFFFFFFFFFFFFFFFFFFFFFFFFFFFFFFF AND CALLER PUSH20 0xFFFFFFFFFFFFFFFFFFFFFFFFFFFFFFFFFFFFFFFF AND PUSH32 0xDDF252AD1BE2C89B69C2B068FC378DAA952BA7F163C4A11628F55A4DF523B3EF DUP4 PUSH1 0x40 MLOAD DUP1 DUP3 DUP2 MSTORE PUSH1 0x20 ADD SWAP2 POP POP PUSH1 0x40 MLOAD DUP1 SWAP2 SUB SWAP1 LOG3 POP POP JUMP JUMPDEST PUSH1 0xE SLOAD DUP2 JUMP JUMPDEST PUSH1 0x6 PUSH1 0x20 MSTORE DUP1 PUSH1 0x0 MSTORE PUSH1 0x40 PUSH1 0x0 KECCAK256 PUSH1 0x0 SWAP2 POP SWAP1 POP SLOAD DUP2 JUMP JUMPDEST PUSH1 0x0 DUP2 PUSH1 0x5 PUSH1 0x0 CALLER PUSH20 0xFFFFFFFFFFFFFFFFFFFFFFFFFFFFFFFFFFFFFFFF AND PUSH20 0xFFFFFFFFFFFFFFFFFFFFFFFFFFFFFFFFFFFFFFFF AND DUP2 MSTORE PUSH1 0x20 ADD SWAP1 DUP2 MSTORE PUSH1 0x20 ADD PUSH1 0x0 KECCAK256 SLOAD LT ISZERO PUSH2 0xEED JUMPI PUSH1 0x0 DUP1 REVERT JUMPDEST PUSH1 0x0 DUP3 GT ISZERO ISZERO PUSH2 0xEFC JUMPI PUSH1 0x0 DUP1 REVERT JUMPDEST PUSH2 0xF45 PUSH1 0x5 PUSH1 0x0 CALLER PUSH20 0xFFFFFFFFFFFFFFFFFFFFFFFFFFFFFFFFFFFFFFFF AND PUSH20 0xFFFFFFFFFFFFFFFFFFFFFFFFFFFFFFFFFFFFFFFF AND DUP2 MSTORE PUSH1 0x20 ADD SWAP1 DUP2 MSTORE PUSH1 0x20 ADD PUSH1 0x0 KECCAK256 SLOAD DUP4 PUSH2 0x1077 JUMP JUMPDEST PUSH1 0x5 PUSH1 0x0 CALLER PUSH20 0xFFFFFFFFFFFFFFFFFFFFFFFFFFFFFFFFFFFFFFFF AND PUSH20 0xFFFFFFFFFFFFFFFFFFFFFFFFFFFFFFFFFFFFFFFF AND DUP2 MSTORE PUSH1 0x20 ADD SWAP1 DUP2 MSTORE PUSH1 0x20 ADD PUSH1 0x0 KECCAK256 DUP2 SWAP1 SSTORE POP PUSH2 0xFD1 PUSH1 0x6 PUSH1 0x0 CALLER PUSH20 0xFFFFFFFFFFFFFFFFFFFFFFFFFFFFFFFFFFFFFFFF AND PUSH20 0xFFFFFFFFFFFFFFFFFFFFFFFFFFFFFFFFFFFFFFFF AND DUP2 MSTORE PUSH1 0x20 ADD SWAP1 DUP2 MSTORE PUSH1 0x20 ADD PUSH1 0x0 KECCAK256 SLOAD DUP4 PUSH2 0x1090 JUMP JUMPDEST PUSH1 0x6 PUSH1 0x0 CALLER PUSH20 0xFFFFFFFFFFFFFFFFFFFFFFFFFFFFFFFFFFFFFFFF AND PUSH20 0xFFFFFFFFFFFFFFFFFFFFFFFFFFFFFFFFFFFFFFFF AND DUP2 MSTORE PUSH1 0x20 ADD SWAP1 DUP2 MSTORE PUSH1 0x20 ADD PUSH1 0x0 KECCAK256 DUP2 SWAP1 SSTORE POP CALLER PUSH20 0xFFFFFFFFFFFFFFFFFFFFFFFFFFFFFFFFFFFFFFFF AND PUSH32 0xF97A274FACE0B5517365AD396B1FDBA6F68BD3135EF603E44272ADBA3AF5A1E0 DUP4 PUSH1 0x40 MLOAD DUP1 DUP3 DUP2 MSTORE PUSH1 0x20 ADD SWAP2 POP POP PUSH1 0x40 MLOAD DUP1 SWAP2 SUB SWAP1 LOG2 PUSH1 0x1 SWAP1 POP SWAP2 SWAP1 POP JUMP JUMPDEST PUSH1 0xF SLOAD DUP2 JUMP JUMPDEST PUSH1 0xC SLOAD DUP2 JUMP JUMPDEST PUSH1 0x0 PUSH2 0x1085 DUP4 DUP4 GT ISZERO PUSH2 0x1162 JUMP JUMPDEST DUP2 DUP4 SUB SWAP1 POP SWAP3 SWAP2 POP POP JUMP JUMPDEST PUSH1 0x0 DUP1 DUP3 DUP5 ADD SWAP1 POP PUSH2 0x10B0 DUP5 DUP3 LT ISZERO DUP1 ISZERO PUSH2 0x10AB JUMPI POP DUP4 DUP3 LT ISZERO JUMPDEST PUSH2 0x1162 JUMP JUMPDEST DUP1 SWAP2 POP POP SWAP3 SWAP2 POP POP JUMP JUMPDEST PUSH1 0x0 DUP1 PUSH4 0x7829B80 PUSH1 0xE SLOAD TIMESTAMP SUB LT ISZERO ISZERO PUSH2 0x10F0 JUMPI PUSH1 0x2 PUSH1 0xD PUSH1 0x0 DUP3 DUP3 SLOAD DUP2 ISZERO ISZERO PUSH2 0x10E0 JUMPI INVALID JUMPDEST DIV SWAP3 POP POP DUP2 SWAP1 SSTORE POP TIMESTAMP PUSH1 0xE DUP2 SWAP1 SSTORE POP JUMPDEST PUSH1 0x96 PUSH1 0xF SLOAD TIMESTAMP SUB LT ISZERO ISZERO PUSH2 0x114C JUMPI PUSH1 0xD SLOAD PUSH1 0x3C PUSH1 0xF SLOAD TIMESTAMP SUB DUP2 ISZERO ISZERO PUSH2 0x1111 JUMPI INVALID JUMPDEST DIV MUL SWAP1 POP DUP1 PUSH1 0xB SLOAD ADD PUSH1 0x3 SLOAD GT ISZERO PUSH2 0x114B JUMPI DUP1 PUSH1 0xB PUSH1 0x0 DUP3 DUP3 SLOAD ADD SWAP3 POP POP DUP2 SWAP1 SSTORE POP DUP1 PUSH1 0xA PUSH1 0x0 DUP3 DUP3 SLOAD ADD SWAP3 POP POP DUP2 SWAP1 SSTORE POP TIMESTAMP PUSH1 0xF DUP2 SWAP1 SSTORE POP JUMPDEST JUMPDEST PUSH1 0xA SLOAD PUSH1 0xB SLOAD SUB PUSH1 0xC DUP2 SWAP1 SSTORE POP PUSH1 0xC SLOAD SWAP2 POP POP SWAP1 JUMP JUMPDEST DUP1 ISZERO ISZERO PUSH2 0x116E JUMPI PUSH1 0x0 DUP1 REVERT JUMPDEST POP JUMP STOP LOG1 PUSH6 0x627A7A723058 KECCAK256 JUMPI 0x1e SDIV SWAP15 0xe 0xfc 0xa6 0x28 0xd6 0x23 0xa7 0xc0 0xfc ADD 0xca 0xf9 DUP10 PUSH14 0x305690FEB485B0FC223ABE7F5467 STOP 0x29
1,PUSH1 0x60 PUSH1 0x40 MSTORE PUSH1 0x12 PUSH1 0x2 PUSH1 0x0 PUSH2 0x100 EXP DUP2 SLOAD DUP2 PUSH1 0xFF MUL NOT AND SWAP1 DUP4 PUSH1 0xFF AND MUL OR SWAP1 SSTORE POP CALLVALUE ISZERO PUSH3 0x2C JUMPI PUSH1 0x0 DUP1 REVERT JUMPDEST PUSH1 0x40 MLOAD PUSH3 0x1226 CODESIZE SUB DUP1 PUSH3 0x1226 DUP4 CODECOPY DUP2 ADD PUSH1 0x40 MSTORE DUP1 DUP1 MLOAD SWAP1 PUSH1 0x20 ADD SWAP1 SWAP2 SWAP1 DUP1 MLOAD DUP3 ADD SWAP2 SWAP1 PUSH1 0x20 ADD DUP1 MLOAD DUP3 ADD SWAP2 SWAP1 POP POP PUSH1 0x2 PUSH1 0x0 SWAP1 SLOAD SWAP1 PUSH2 0x100 EXP SWAP1 DIV PUSH1 0xFF AND PUSH1 0xFF AND PUSH1 0xA EXP DUP4 MUL PUSH1 0x3 DUP2 SWAP1 SSTORE POP PUSH1 0x3 SLOAD PUSH1 0x4 PUSH1 0x0 CALLER PUSH20 0xFFFFFFFFFFFFFFFFFFFFFFFFFFFFFFFFFFFFFFFF AND PUSH20 0xFFFFFFFFFFFFFFFFFFFFFFFFFFFFFFFFFFFFFFFF AND DUP2 MSTORE PUSH1 0x20 ADD SWAP1 DUP2 MSTORE PUSH1 0x20 ADD PUSH1 0x0 KECCAK256 DUP2 SWAP1 SSTORE POP DUP2 PUSH1 0x0 SWAP1 DUP1 MLOAD SWAP1 PUSH1 0x20 ADD SWAP1 PUSH3 0xD8 SWAP3 SWAP2 SWAP1 PUSH3 0xFB JUMP JUMPDEST POP DUP1 PUSH1 0x1 SWAP1 DUP1 MLOAD SWAP1 PUSH1 0x20 ADD SWAP1 PUSH3 0xF1 SWAP3 SWAP2 SWAP1 PUSH3 0xFB JUMP JUMPDEST POP POP POP POP PUSH3 0x1AA JUMP JUMPDEST DUP3 DUP1 SLOAD PUSH1 0x1 DUP2 PUSH1 0x1 AND ISZERO PUSH2 0x100 MUL SUB AND PUSH1 0x2 SWAP1 DIV SWAP1 PUSH1 0x0 MSTORE PUSH1 0x20 PUSH1 0x0 KECCAK256 SWAP1 PUSH1 0x1F ADD PUSH1 0x20 SWAP1 DIV DUP2 ADD SWAP3 DUP3 PUSH1 0x1F LT PUSH3 0x13E JUMPI DUP1 MLOAD PUSH1 0xFF NOT AND DUP4 DUP1 ADD OR DUP6 SSTORE PUSH3 0x16F JUMP JUMPDEST DUP3 DUP1 ADD PUSH1 0x1 ADD DUP6 SSTORE DUP3 ISZERO PUSH3 0x16F JUMPI SWAP2 DUP3 ADD JUMPDEST DUP3 DUP2 GT ISZERO PUSH3 0x16E JUMPI DUP3 MLOAD DUP3 SSTORE SWAP2 PUSH1 0x20 ADD SWAP2 SWAP1 PUSH1 0x1 ADD SWAP1 PUSH3 0x151 JUMP JUMPDEST JUMPDEST POP SWAP1 POP PUSH3 0x17E SWAP2 SWAP1 PUSH3 0x182 JUMP JUMPDEST POP SWAP1 JUMP JUMPDEST PUSH3 0x1A7 SWAP2 SWAP1 JUMPDEST DUP1 DUP3 GT ISZERO PUSH3 0x1A3 JUMPI PUSH1 0x0 DUP2 PUSH1 0x0 SWAP1 SSTORE POP PUSH1 0x1 ADD PUSH3 0x189 JUMP JUMPDEST POP SWAP1 JUMP JUMPDEST SWAP1 JUMP JUMPDEST PUSH2 0x106C DUP1 PUSH3 0x1BA PUSH1 0x0 CODECOPY PUSH1 0x0 RETURN STOP PUSH1 0x60 PUSH1 0x40 MSTORE PUSH1 0x4 CALLDATASIZE LT PUSH2 0xBA JUMPI PUSH1 0x0 CALLDATALOAD PUSH29 0x100000000000000000000000000000000000000000000000000000000 SWAP1 DIV PUSH4 0xFFFFFFFF AND DUP1 PUSH4 0x6FDDE03 EQ PUSH2 0xBF JUMPI DUP1 PUSH4 0x95EA7B3 EQ PUSH2 0x14D JUMPI DUP1 PUSH4 0x18160DDD EQ PUSH2 0x1A7 JUMPI DUP1 PUSH4 0x23B872DD EQ PUSH2 0x1D0 JUMPI DUP1 PUSH4 0x313CE567 EQ PUSH2 0x249 JUMPI DUP1 PUSH4 0x42966C68 EQ PUSH2 0x278 JUMPI DUP1 PUSH4 0x70A08231 EQ PUSH2 0x2B3 JUMPI DUP1 PUSH4 0x79CC6790 EQ PUSH2 0x300 JUMPI DUP1 PUSH4 0x95D89B41 EQ PUSH2 0x35A JUMPI DUP1 PUSH4 0xA9059CBB EQ PUSH2 0x3E8 JUMPI DUP1 PUSH4 0xCAE9CA51 EQ PUSH2 0x42A JUMPI DUP1 PUSH4 0xDD62ED3E EQ PUSH2 0x4C7 JUMPI JUMPDEST PUSH1 0x0 DUP1 REVERT JUMPDEST CALLVALUE ISZERO PUSH2 0xCA JUMPI PUSH1 0x0 DUP1 REVERT JUMPDEST PUSH2 0xD2 PUSH2 0x533 JUMP JUMPDEST PUSH1 0x40 MLOAD DUP1 DUP1 PUSH1 0x20 ADD DUP3 DUP2 SUB DUP3 MSTORE DUP4 DUP2 DUP2 MLOAD DUP2 MSTORE PUSH1 0x20 ADD SWAP2 POP DUP1 MLOAD SWAP1 PUSH1 0x20 ADD SWAP1 DUP1 DUP4 DUP4 PUSH1 0x0 JUMPDEST DUP4 DUP2 LT ISZERO PUSH2 0x112 JUMPI DUP1 DUP3 ADD MLOAD DUP2 DUP5 ADD MSTORE PUSH1 0x20 DUP2 ADD SWAP1 POP PUSH2 0xF7 JUMP JUMPDEST POP POP POP POP SWAP1 POP SWAP1 DUP2 ADD SWAP1 PUSH1 0x1F AND DUP1 ISZERO PUSH2 0x13F JUMPI DUP1 DUP3 SUB DUP1 MLOAD PUSH1 0x1 DUP4 PUSH1 0x20 SUB PUSH2 0x100 EXP SUB NOT AND DUP2 MSTORE PUSH1 0x20 ADD SWAP2 POP JUMPDEST POP SWAP3 POP POP POP PUSH1 0x40 MLOAD DUP1 SWAP2 SUB SWAP1 RETURN JUMPDEST CALLVALUE ISZERO PUSH2 0x158 JUMPI PUSH1 0x0 DUP1 REVERT JUMPDEST PUSH2 0x18D PUSH1 0x4 DUP1 DUP1 CALLDATALOAD PUSH20 0xFFFFFFFFFFFFFFFFFFFFFFFFFFFFFFFFFFFFFFFF AND SWAP1 PUSH1 0x20 ADD SWAP1 SWAP2 SWAP1 DUP1 CALLDATALOAD SWAP1 PUSH1 0x20 ADD SWAP1 SWAP2 SWAP1 POP POP PUSH2 0x5D1 JUMP JUMPDEST PUSH1 0x40 MLOAD DUP1 DUP3 ISZERO ISZERO ISZERO ISZERO DUP2 MSTORE PUSH1 0x20 ADD SWAP2 POP POP PUSH1 0x40 MLOAD DUP1 SWAP2 SUB SWAP1 RETURN JUMPDEST CALLVALUE ISZERO PUSH2 0x1B2 JUMPI PUSH1 0x0 DUP1 REVERT JUMPDEST PUSH2 0x1BA PUSH2 0x65E JUMP JUMPDEST PUSH1 0x40 MLOAD DUP1 DUP3 DUP2 MSTORE PUSH1 0x20 ADD SWAP2 POP POP PUSH1 0x40 MLOAD DUP1 SWAP2 SUB SWAP1 RETURN JUMPDEST CALLVALUE ISZERO PUSH2 0x1DB JUMPI PUSH1 0x0 DUP1 REVERT JUMPDEST PUSH2 0x22F PUSH1 0x4 DUP1 DUP1 CALLDATALOAD PUSH20 0xFFFFFFFFFFFFFFFFFFFFFFFFFFFFFFFFFFFFFFFF AND SWAP1 PUSH1 0x20 ADD SWAP1 SWAP2 SWAP1 DUP1 CALLDATALOAD PUSH20 0xFFFFFFFFFFFFFFFFFFFFFFFFFFFFFFFFFFFFFFFF AND SWAP1 PUSH1 0x20 ADD SWAP1 SWAP2 SWAP1 DUP1 CALLDATALOAD SWAP1 PUSH1 0x20 ADD SWAP1 SWAP2 SWAP1 POP POP PUSH2 0x664 JUMP JUMPDEST PUSH1 0x40 MLOAD DUP1 DUP3 ISZERO ISZERO ISZERO ISZERO DUP2 MSTORE PUSH1 0x20 ADD SWAP2 POP POP PUSH1 0x40 MLOAD DUP1 SWAP2 SUB SWAP1 RETURN JUMPDEST CALLVALUE ISZERO PUSH2 0x254 JUMPI PUSH1 0x0 DUP1 REVERT JUMPDEST PUSH2 0x25C PUSH2 0x791 JUMP JUMPDEST PUSH1 0x40 MLOAD DUP1 DUP3 PUSH1 0xFF AND PUSH1 0xFF AND DUP2 MSTORE PUSH1 0x20 ADD SWAP2 POP POP PUSH1 0x40 MLOAD DUP1 SWAP2 SUB SWAP1 RETURN JUMPDEST CALLVALUE ISZERO PUSH2 0x283 JUMPI PUSH1 0x0 DUP1 REVERT JUMPDEST PUSH2 0x299 PUSH1 0x4 DUP1 DUP1 CALLDATALOAD SWAP1 PUSH1 0x20 ADD SWAP1 SWAP2 SWAP1 POP POP PUSH2 0x7A4 JUMP JUMPDEST PUSH1 0x40 MLOAD DUP1 DUP3 ISZERO ISZERO ISZERO ISZERO DUP2 MSTORE PUSH1 0x20 ADD SWAP2 POP POP PUSH1 0x40 MLOAD DUP1 SWAP2 SUB SWAP1 RETURN JUMPDEST CALLVALUE ISZERO PUSH2 0x2BE JUMPI PUSH1 0x0 DUP1 REVERT JUMPDEST PUSH2 0x2EA PUSH1 0x4 DUP1 DUP1 CALLDATALOAD PUSH20 0xFFFFFFFFFFFFFFFFFFFFFFFFFFFFFFFFFFFFFFFF AND SWAP1 PUSH1 0x20 ADD SWAP1 SWAP2 SWAP1 POP POP PUSH2 0x8A8 JUMP JUMPDEST PUSH1 0x40 MLOAD DUP1 DUP3 DUP2 MSTORE PUSH1 0x20 ADD SWAP2 POP POP PUSH1 0x40 MLOAD DUP1 SWAP2 SUB SWAP1 RETURN JUMPDEST CALLVALUE ISZERO PUSH2 0x30B JUMPI PUSH1 0x0 DUP1 REVERT JUMPDEST PUSH2 0x340 PUSH1 0x4 DUP1 DUP1 CALLDATALOAD PUSH20 0xFFFFFFFFFFFFFFFFFFFFFFFFFFFFFFFFFFFFFFFF AND SWAP1 PUSH1 0x20 ADD SWAP1 SWAP2 SWAP1 DUP1 CALLDATALOAD SWAP1 PUSH1 0x20 ADD SWAP1 SWAP2 SWAP1 POP POP PUSH2 0x8C0 JUMP JUMPDEST PUSH1 0x40 MLOAD DUP1 DUP3 ISZERO ISZERO ISZERO ISZERO DUP2 MSTORE PUSH1 0x20 ADD SWAP2 POP POP PUSH1 0x40 MLOAD DUP1 SWAP2 SUB SWAP1 RETURN JUMPDEST CALLVALUE ISZERO PUSH2 0x365 JUMPI PUSH1 0x0 DUP1 REVERT JUMPDEST PUSH2 0x36D PUSH2 0xADA JUMP JUMPDEST PUSH1 0x40 MLOAD DUP1 DUP1 PUSH1 0x20 ADD DUP3 DUP2 SUB DUP3 MSTORE DUP4 DUP2 DUP2 MLOAD DUP2 MSTORE PUSH1 0x20 ADD SWAP2 POP DUP1 MLOAD SWAP1 PUSH1 0x20 ADD SWAP1 DUP1 DUP4 DUP4 PUSH1 0x0 JUMPDEST DUP4 DUP2 LT ISZERO PUSH2 0x3AD JUMPI DUP1 DUP3 ADD MLOAD DUP2 DUP5 ADD MSTORE PUSH1 0x20 DUP2 ADD SWAP1 POP PUSH2 0x392 JUMP JUMPDEST POP POP POP POP SWAP1 POP SWAP1 DUP2 ADD SWAP1 PUSH1 0x1F AND DUP1 ISZERO PUSH2 0x3DA JUMPI DUP1 DUP3 SUB DUP1 MLOAD PUSH1 0x1 DUP4 PUSH1 0x20 SUB PUSH2 0x100 EXP SUB NOT AND DUP2 MSTORE PUSH1 0x20 ADD SWAP2 POP JUMPDEST POP SWAP3 POP POP POP PUSH1 0x40 MLOAD DUP1 SWAP2 SUB SWAP1 RETURN JUMPDEST CALLVALUE ISZERO PUSH2 0x3F3 JUMPI PUSH1 0x0 DUP1 REVERT JUMPDEST PUSH2 0x428 PUSH1 0x4 DUP1 DUP1 CALLDATALOAD PUSH20 0xFFFFFFFFFFFFFFFFFFFFFFFFFFFFFFFFFFFFFFFF AND SWAP1 PUSH1 0x20 ADD SWAP1 SWAP2 SWAP1 DUP1 CALLDATALOAD SWAP1 PUSH1 0x20 ADD SWAP1 SWAP2 SWAP1 POP POP PUSH2 0xB78 JUMP JUMPDEST STOP JUMPDEST CALLVALUE ISZERO PUSH2 0x435 JUMPI PUSH1 0x0 DUP1 REVERT JUMPDEST PUSH2 0x4AD PUSH1 0x4 DUP1 DUP1 CALLDATALOAD PUSH20 0xFFFFFFFFFFFFFFFFFFFFFFFFFFFFFFFFFFFFFFFF AND SWAP1 PUSH1 0x20 ADD SWAP1 SWAP2 SWAP1 DUP1 CALLDATALOAD SWAP1 PUSH1 0x20 ADD SWAP1 SWAP2 SWAP1 DUP1 CALLDATALOAD SWAP1 PUSH1 0x20 ADD SWAP1 DUP3 ADD DUP1 CALLDATALOAD SWAP1 PUSH1 0x20 ADD SWAP1 DUP1 DUP1 PUSH1 0x1F ADD PUSH1 0x20 DUP1 SWAP2 DIV MUL PUSH1 0x20 ADD PUSH1 0x40 MLOAD SWAP1 DUP2 ADD PUSH1 0x40 MSTORE DUP1 SWAP4 SWAP3 SWAP2 SWAP1 DUP2 DUP2 MSTORE PUSH1 0x20 ADD DUP4 DUP4 DUP1 DUP3 DUP5 CALLDATACOPY DUP3 ADD SWAP2 POP POP POP POP POP POP SWAP2 SWAP1 POP POP PUSH2 0xB87 JUMP JUMPDEST PUSH1 0x40 MLOAD DUP1 DUP3 ISZERO ISZERO ISZERO ISZERO DUP2 MSTORE PUSH1 0x20 ADD SWAP2 POP POP PUSH1 0x40 MLOAD DUP1 SWAP2 SUB SWAP1 RETURN JUMPDEST CALLVALUE ISZERO PUSH2 0x4D2 JUMPI PUSH1 0x0 DUP1 REVERT JUMPDEST PUSH2 0x51D PUSH1 0x4 DUP1 DUP1 CALLDATALOAD PUSH20 0xFFFFFFFFFFFFFFFFFFFFFFFFFFFFFFFFFFFFFFFF AND SWAP1 PUSH1 0x20 ADD SWAP1 SWAP2 SWAP1 DUP1 CALLDATALOAD PUSH20 0xFFFFFFFFFFFFFFFFFFFFFFFFFFFFFFFFFFFFFFFF AND SWAP1 PUSH1 0x20 ADD SWAP1 SWAP2 SWAP1 POP POP PUSH2 0xD05 JUMP JUMPDEST PUSH1 0x40 MLOAD DUP1 DUP3 DUP2 MSTORE PUSH1 0x20 ADD SWAP2 POP POP PUSH1 0x40 MLOAD DUP1 SWAP2 SUB SWAP1 RETURN JUMPDEST PUSH1 0x0 DUP1 SLOAD PUSH1 0x1 DUP2 PUSH1 0x1 AND ISZERO PUSH2 0x100 MUL SUB AND PUSH1 0x2 SWAP1 DIV DUP1 PUSH1 0x1F ADD PUSH1 0x20 DUP1 SWAP2 DIV MUL PUSH1 0x20 ADD PUSH1 0x40 MLOAD SWAP1 DUP2 ADD PUSH1 0x40 MSTORE DUP1 SWAP3 SWAP2 SWAP1 DUP2 DUP2 MSTORE PUSH1 0x20 ADD DUP3 DUP1 SLOAD PUSH1 0x1 DUP2 PUSH1 0x1 AND ISZERO PUSH2 0x100 MUL SUB AND PUSH1 0x2 SWAP1 DIV DUP1 ISZERO PUSH2 0x5C9 JUMPI DUP1 PUSH1 0x1F LT PUSH2 0x59E JUMPI PUSH2 0x100 DUP1 DUP4 SLOAD DIV MUL DUP4 MSTORE SWAP2 PUSH1 0x20 ADD SWAP2 PUSH2 0x5C9 JUMP JUMPDEST DUP3 ADD SWAP2 SWAP1 PUSH1 0x0 MSTORE PUSH1 0x20 PUSH1 0x0 KECCAK256 SWAP1 JUMPDEST DUP2 SLOAD DUP2 MSTORE SWAP1 PUSH1 0x1 ADD SWAP1 PUSH1 0x20 ADD DUP1 DUP4 GT PUSH2 0x5AC JUMPI DUP3 SWAP1 SUB PUSH1 0x1F AND DUP3 ADD SWAP2 JUMPDEST POP POP POP POP POP DUP2 JUMP JUMPDEST PUSH1 0x0 DUP2 PUSH1 0x5 PUSH1 0x0 CALLER PUSH20 0xFFFFFFFFFFFFFFFFFFFFFFFFFFFFFFFFFFFFFFFF AND PUSH20 0xFFFFFFFFFFFFFFFFFFFFFFFFFFFFFFFFFFFFFFFF AND DUP2 MSTORE PUSH1 0x20 ADD SWAP1 DUP2 MSTORE PUSH1 0x20 ADD PUSH1 0x0 KECCAK256 PUSH1 0x0 DUP6 PUSH20 0xFFFFFFFFFFFFFFFFFFFFFFFFFFFFFFFFFFFFFFFF AND PUSH20 0xFFFFFFFFFFFFFFFFFFFFFFFFFFFFFFFFFFFFFFFF AND DUP2 MSTORE PUSH1 0x20 ADD SWAP1 DUP2 MSTORE PUSH1 0x20 ADD PUSH1 0x0 KECCAK256 DUP2 SWAP1 SSTORE POP PUSH1 0x1 SWAP1 POP SWAP3 SWAP2 POP POP JUMP JUMPDEST PUSH1 0x3 SLOAD DUP2 JUMP JUMPDEST PUSH1 0x0 PUSH1 0x5 PUSH1 0x0 DUP6 PUSH20 0xFFFFFFFFFFFFFFFFFFFFFFFFFFFFFFFFFFFFFFFF AND PUSH20 0xFFFFFFFFFFFFFFFFFFFFFFFFFFFFFFFFFFFFFFFF AND DUP2 MSTORE PUSH1 0x20 ADD SWAP1 DUP2 MSTORE PUSH1 0x20 ADD PUSH1 0x0 KECCAK256 PUSH1 0x0 CALLER PUSH20 0xFFFFFFFFFFFFFFFFFFFFFFFFFFFFFFFFFFFFFFFF AND PUSH20 0xFFFFFFFFFFFFFFFFFFFFFFFFFFFFFFFFFFFFFFFF AND DUP2 MSTORE PUSH1 0x20 ADD SWAP1 DUP2 MSTORE PUSH1 0x20 ADD PUSH1 0x0 KECCAK256 SLOAD DUP3 GT ISZERO ISZERO ISZERO PUSH2 0x6F1 JUMPI PUSH1 0x0 DUP1 REVERT JUMPDEST DUP2 PUSH1 0x5 PUSH1 0x0 DUP7 PUSH20 0xFFFFFFFFFFFFFFFFFFFFFFFFFFFFFFFFFFFFFFFF AND PUSH20 0xFFFFFFFFFFFFFFFFFFFFFFFFFFFFFFFFFFFFFFFF AND DUP2 MSTORE PUSH1 0x20 ADD SWAP1 DUP2 MSTORE PUSH1 0x20 ADD PUSH1 0x0 KECCAK256 PUSH1 0x0 CALLER PUSH20 0xFFFFFFFFFFFFFFFFFFFFFFFFFFFFFFFFFFFFFFFF AND PUSH20 0xFFFFFFFFFFFFFFFFFFFFFFFFFFFFFFFFFFFFFFFF AND DUP2 MSTORE PUSH1 0x20 ADD SWAP1 DUP2 MSTORE PUSH1 0x20 ADD PUSH1 0x0 KECCAK256 PUSH1 0x0 DUP3 DUP3 SLOAD SUB SWAP3 POP POP DUP2 SWAP1 SSTORE POP PUSH2 0x786 DUP5 DUP5 DUP5 PUSH2 0xD2A JUMP JUMPDEST PUSH1 0x1 SWAP1 POP SWAP4 SWAP3 POP POP POP JUMP JUMPDEST PUSH1 0x2 PUSH1 0x0 SWAP1 SLOAD SWAP1 PUSH2 0x100 EXP SWAP1 DIV PUSH1 0xFF AND DUP2 JUMP JUMPDEST PUSH1 0x0 DUP2 PUSH1 0x4 PUSH1 0x0 CALLER PUSH20 0xFFFFFFFFFFFFFFFFFFFFFFFFFFFFFFFFFFFFFFFF AND PUSH20 0xFFFFFFFFFFFFFFFFFFFFFFFFFFFFFFFFFFFFFFFF AND DUP2 MSTORE PUSH1 0x20 ADD SWAP1 DUP2 MSTORE PUSH1 0x20 ADD PUSH1 0x0 KECCAK256 SLOAD LT ISZERO ISZERO ISZERO PUSH2 0x7F4 JUMPI PUSH1 0x0 DUP1 REVERT JUMPDEST DUP2 PUSH1 0x4 PUSH1 0x0 CALLER PUSH20 0xFFFFFFFFFFFFFFFFFFFFFFFFFFFFFFFFFFFFFFFF AND PUSH20 0xFFFFFFFFFFFFFFFFFFFFFFFFFFFFFFFFFFFFFFFF AND DUP2 MSTORE PUSH1 0x20 ADD SWAP1 DUP2 MSTORE PUSH1 0x20 ADD PUSH1 0x0 KECCAK256 PUSH1 0x0 DUP3 DUP3 SLOAD SUB SWAP3 POP POP DUP2 SWAP1 SSTORE POP DUP2 PUSH1 0x3 PUSH1 0x0 DUP3 DUP3 SLOAD SUB SWAP3 POP POP DUP2 SWAP1 SSTORE POP CALLER PUSH20 0xFFFFFFFFFFFFFFFFFFFFFFFFFFFFFFFFFFFFFFFF AND PUSH32 0xCC16F5DBB4873280815C1EE09DBD06736CFFCC184412CF7A71A0FDB75D397CA5 DUP4 PUSH1 0x40 MLOAD DUP1 DUP3 DUP2 MSTORE PUSH1 0x20 ADD SWAP2 POP POP PUSH1 0x40 MLOAD DUP1 SWAP2 SUB SWAP1 LOG2 PUSH1 0x1 SWAP1 POP SWAP2 SWAP1 POP JUMP JUMPDEST PUSH1 0x4 PUSH1 0x20 MSTORE DUP1 PUSH1 0x0 MSTORE PUSH1 0x40 PUSH1 0x0 KECCAK256 PUSH1 0x0 SWAP2 POP SWAP1 POP SLOAD DUP2 JUMP JUMPDEST PUSH1 0x0 DUP2 PUSH1 0x4 PUSH1 0x0 DUP6 PUSH20 0xFFFFFFFFFFFFFFFFFFFFFFFFFFFFFFFFFFFFFFFF AND PUSH20 0xFFFFFFFFFFFFFFFFFFFFFFFFFFFFFFFFFFFFFFFF AND DUP2 MSTORE PUSH1 0x20 ADD SWAP1 DUP2 MSTORE PUSH1 0x20 ADD PUSH1 0x0 KECCAK256 SLOAD LT ISZERO ISZERO ISZERO PUSH2 0x910 JUMPI PUSH1 0x0 DUP1 REVERT JUMPDEST PUSH1 0x5 PUSH1 0x0 DUP5 PUSH20 0xFFFFFFFFFFFFFFFFFFFFFFFFFFFFFFFFFFFFFFFF AND PUSH20 0xFFFFFFFFFFFFFFFFFFFFFFFFFFFFFFFFFFFFFFFF AND DUP2 MSTORE PUSH1 0x20 ADD SWAP1 DUP2 MSTORE PUSH1 0x20 ADD PUSH1 0x0 KECCAK256 PUSH1 0x0 CALLER PUSH20 0xFFFFFFFFFFFFFFFFFFFFFFFFFFFFFFFFFFFFFFFF AND PUSH20 0xFFFFFFFFFFFFFFFFFFFFFFFFFFFFFFFFFFFFFFFF AND DUP2 MSTORE PUSH1 0x20 ADD SWAP1 DUP2 MSTORE PUSH1 0x20 ADD PUSH1 0x0 KECCAK256 SLOAD DUP3 GT ISZERO ISZERO ISZERO PUSH2 0x99B JUMPI PUSH1 0x0 DUP1 REVERT JUMPDEST DUP2 PUSH1 0x4 PUSH1 0x0 DUP6 PUSH20 0xFFFFFFFFFFFFFFFFFFFFFFFFFFFFFFFFFFFFFFFF AND PUSH20 0xFFFFFFFFFFFFFFFFFFFFFFFFFFFFFFFFFFFFFFFF AND DUP2 MSTORE PUSH1 0x20 ADD SWAP1 DUP2 MSTORE PUSH1 0x20 ADD PUSH1 0x0 KECCAK256 PUSH1 0x0 DUP3 DUP3 SLOAD SUB SWAP3 POP POP DUP2 SWAP1 SSTORE POP DUP2 PUSH1 0x5 PUSH1 0x0 DUP6 PUSH20 0xFFFFFFFFFFFFFFFFFFFFFFFFFFFFFFFFFFFFFFFF AND PUSH20 0xFFFFFFFFFFFFFFFFFFFFFFFFFFFFFFFFFFFFFFFF AND DUP2 MSTORE PUSH1 0x20 ADD SWAP1 DUP2 MSTORE PUSH1 0x20 ADD PUSH1 0x0 KECCAK256 PUSH1 0x0 CALLER PUSH20 0xFFFFFFFFFFFFFFFFFFFFFFFFFFFFFFFFFFFFFFFF AND PUSH20 0xFFFFFFFFFFFFFFFFFFFFFFFFFFFFFFFFFFFFFFFF AND DUP2 MSTORE PUSH1 0x20 ADD SWAP1 DUP2 MSTORE PUSH1 0x20 ADD PUSH1 0x0 KECCAK256 PUSH1 0x0 DUP3 DUP3 SLOAD SUB SWAP3 POP POP DUP2 SWAP1 SSTORE POP DUP2 PUSH1 0x3 PUSH1 0x0 DUP3 DUP3 SLOAD SUB SWAP3 POP POP DUP2 SWAP1 SSTORE POP DUP3 PUSH20 0xFFFFFFFFFFFFFFFFFFFFFFFFFFFFFFFFFFFFFFFF AND PUSH32 0xCC16F5DBB4873280815C1EE09DBD06736CFFCC184412CF7A71A0FDB75D397CA5 DUP4 PUSH1 0x40 MLOAD DUP1 DUP3 DUP2 MSTORE PUSH1 0x20 ADD SWAP2 POP POP PUSH1 0x40 MLOAD DUP1 SWAP2 SUB SWAP1 LOG2 PUSH1 0x1 SWAP1 POP SWAP3 SWAP2 POP POP JUMP JUMPDEST PUSH1 0x1 DUP1 SLOAD PUSH1 0x1 DUP2 PUSH1 0x1 AND ISZERO PUSH2 0x100 MUL SUB AND PUSH1 0x2 SWAP1 DIV DUP1 PUSH1 0x1F ADD PUSH1 0x20 DUP1 SWAP2 DIV MUL PUSH1 0x20 ADD PUSH1 0x40 MLOAD SWAP1 DUP2 ADD PUSH1 0x40 MSTORE DUP1 SWAP3 SWAP2 SWAP1 DUP2 DUP2 MSTORE PUSH1 0x20 ADD DUP3 DUP1 SLOAD PUSH1 0x1 DUP2 PUSH1 0x1 AND ISZERO PUSH2 0x100 MUL SUB AND PUSH1 0x2 SWAP1 DIV DUP1 ISZERO PUSH2 0xB70 JUMPI DUP1 PUSH1 0x1F LT PUSH2 0xB45 JUMPI PUSH2 0x100 DUP1 DUP4 SLOAD DIV MUL DUP4 MSTORE SWAP2 PUSH1 0x20 ADD SWAP2 PUSH2 0xB70 JUMP JUMPDEST DUP3 ADD SWAP2 SWAP1 PUSH1 0x0 MSTORE PUSH1 0x20 PUSH1 0x0 KECCAK256 SWAP1 JUMPDEST DUP2 SLOAD DUP2 MSTORE SWAP1 PUSH1 0x1 ADD SWAP1 PUSH1 0x20 ADD DUP1 DUP4 GT PUSH2 0xB53 JUMPI DUP3 SWAP1 SUB PUSH1 0x1F AND DUP3 ADD SWAP2 JUMPDEST POP POP POP POP POP DUP2 JUMP JUMPDEST PUSH2 0xB83 CALLER DUP4 DUP4 PUSH2 0xD2A JUMP JUMPDEST POP POP JUMP JUMPDEST PUSH1 0x0 DUP1 DUP5 SWAP1 POP PUSH2 0xB97 DUP6 DUP6 PUSH2 0x5D1 JUMP JUMPDEST ISZERO PUSH2 0xCFC JUMPI DUP1 PUSH20 0xFFFFFFFFFFFFFFFFFFFFFFFFFFFFFFFFFFFFFFFF AND PUSH4 0x8F4FFCB1 CALLER DUP7 ADDRESS DUP8 PUSH1 0x40 MLOAD DUP6 PUSH4 0xFFFFFFFF AND PUSH29 0x100000000000000000000000000000000000000000000000000000000 MUL DUP2 MSTORE PUSH1 0x4 ADD DUP1 DUP6 PUSH20 0xFFFFFFFFFFFFFFFFFFFFFFFFFFFFFFFFFFFFFFFF AND PUSH20 0xFFFFFFFFFFFFFFFFFFFFFFFFFFFFFFFFFFFFFFFF AND DUP2 MSTORE PUSH1 0x20 ADD DUP5 DUP2 MSTORE PUSH1 0x20 ADD DUP4 PUSH20 0xFFFFFFFFFFFFFFFFFFFFFFFFFFFFFFFFFFFFFFFF AND PUSH20 0xFFFFFFFFFFFFFFFFFFFFFFFFFFFFFFFFFFFFFFFF AND DUP2 MSTORE PUSH1 0x20 ADD DUP1 PUSH1 0x20 ADD DUP3 DUP2 SUB DUP3 MSTORE DUP4 DUP2 DUP2 MLOAD DUP2 MSTORE PUSH1 0x20 ADD SWAP2 POP DUP1 MLOAD SWAP1 PUSH1 0x20 ADD SWAP1 DUP1 DUP4 DUP4 PUSH1 0x0 JUMPDEST DUP4 DUP2 LT ISZERO PUSH2 0xC91 JUMPI DUP1 DUP3 ADD MLOAD DUP2 DUP5 ADD MSTORE PUSH1 0x20 DUP2 ADD SWAP1 POP PUSH2 0xC76 JUMP JUMPDEST POP POP POP POP SWAP1 POP SWAP1 DUP2 ADD SWAP1 PUSH1 0x1F AND DUP1 ISZERO PUSH2 0xCBE JUMPI DUP1 DUP3 SUB DUP1 MLOAD PUSH1 0x1 DUP4 PUSH1 0x20 SUB PUSH2 0x100 EXP SUB NOT AND DUP2 MSTORE PUSH1 0x20 ADD SWAP2 POP JUMPDEST POP SWAP6 POP POP POP POP POP POP PUSH1 0x0 PUSH1 0x40 MLOAD DUP1 DUP4 SUB DUP2 PUSH1 0x0 DUP8 DUP1 EXTCODESIZE ISZERO ISZERO PUSH2 0xCDF JUMPI PUSH1 0x0 DUP1 REVERT JUMPDEST PUSH2 0x2C6 GAS SUB CALL ISZERO ISZERO PUSH2 0xCF0 JUMPI PUSH1 0x0 DUP1 REVERT JUMPDEST POP POP POP PUSH1 0x1 SWAP2 POP PUSH2 0xCFD JUMP JUMPDEST JUMPDEST POP SWAP4 SWAP3 POP POP POP JUMP JUMPDEST PUSH1 0x5 PUSH1 0x20 MSTORE DUP2 PUSH1 0x0 MSTORE PUSH1 0x40 PUSH1 0x0 KECCAK256 PUSH1 0x20 MSTORE DUP1 PUSH1 0x0 MSTORE PUSH1 0x40 PUSH1 0x0 KECCAK256 PUSH1 0x0 SWAP2 POP SWAP2 POP POP SLOAD DUP2 JUMP JUMPDEST PUSH1 0x0 DUP1 DUP4 PUSH20 0xFFFFFFFFFFFFFFFFFFFFFFFFFFFFFFFFFFFFFFFF AND EQ ISZERO ISZERO ISZERO PUSH2 0xD51 JUMPI PUSH1 0x0 DUP1 REVERT JUMPDEST DUP2 PUSH1 0x4 PUSH1 0x0 DUP7 PUSH20 0xFFFFFFFFFFFFFFFFFFFFFFFFFFFFFFFFFFFFFFFF AND PUSH20 0xFFFFFFFFFFFFFFFFFFFFFFFFFFFFFFFFFFFFFFFF AND DUP2 MSTORE PUSH1 0x20 ADD SWAP1 DUP2 MSTORE PUSH1 0x20 ADD PUSH1 0x0 KECCAK256 SLOAD LT ISZERO ISZERO ISZERO PUSH2 0xD9F JUMPI PUSH1 0x0 DUP1 REVERT JUMPDEST PUSH1 0x4 PUSH1 0x0 DUP5 PUSH20 0xFFFFFFFFFFFFFFFFFFFFFFFFFFFFFFFFFFFFFFFF AND PUSH20 0xFFFFFFFFFFFFFFFFFFFFFFFFFFFFFFFFFFFFFFFF AND DUP2 MSTORE PUSH1 0x20 ADD SWAP1 DUP2 MSTORE PUSH1 0x20 ADD PUSH1 0x0 KECCAK256 SLOAD DUP3 PUSH1 0x4 PUSH1 0x0 DUP7 PUSH20 0xFFFFFFFFFFFFFFFFFFFFFFFFFFFFFFFFFFFFFFFF AND PUSH20 0xFFFFFFFFFFFFFFFFFFFFFFFFFFFFFFFFFFFFFFFF AND DUP2 MSTORE PUSH1 0x20 ADD SWAP1 DUP2 MSTORE PUSH1 0x20 ADD PUSH1 0x0 KECCAK256 SLOAD ADD GT ISZERO ISZERO PUSH2 0xE2D JUMPI PUSH1 0x0 DUP1 REVERT JUMPDEST PUSH1 0x4 PUSH1 0x0 DUP5 PUSH20 0xFFFFFFFFFFFFFFFFFFFFFFFFFFFFFFFFFFFFFFFF AND PUSH20 0xFFFFFFFFFFFFFFFFFFFFFFFFFFFFFFFFFFFFFFFF AND DUP2 MSTORE PUSH1 0x20 ADD SWAP1 DUP2 MSTORE PUSH1 0x20 ADD PUSH1 0x0 KECCAK256 SLOAD PUSH1 0x4 PUSH1 0x0 DUP7 PUSH20 0xFFFFFFFFFFFFFFFFFFFFFFFFFFFFFFFFFFFFFFFF AND PUSH20 0xFFFFFFFFFFFFFFFFFFFFFFFFFFFFFFFFFFFFFFFF AND DUP2 MSTORE PUSH1 0x20 ADD SWAP1 DUP2 MSTORE PUSH1 0x20 ADD PUSH1 0x0 KECCAK256 SLOAD ADD SWAP1 POP DUP2 PUSH1 0x4 PUSH1 0x0 DUP7 PUSH20 0xFFFFFFFFFFFFFFFFFFFFFFFFFFFFFFFFFFFFFFFF AND PUSH20 0xFFFFFFFFFFFFFFFFFFFFFFFFFFFFFFFFFFFFFFFF AND DUP2 MSTORE PUSH1 0x20 ADD SWAP1 DUP2 MSTORE PUSH1 0x20 ADD PUSH1 0x0 KECCAK256 PUSH1 0x0 DUP3 DUP3 SLOAD SUB SWAP3 POP POP DUP2 SWAP1 SSTORE POP DUP2 PUSH1 0x4 PUSH1 0x0 DUP6 PUSH20 0xFFFFFFFFFFFFFFFFFFFFFFFFFFFFFFFFFFFFFFFF AND PUSH20 0xFFFFFFFFFFFFFFFFFFFFFFFFFFFFFFFFFFFFFFFF AND DUP2 MSTORE PUSH1 0x20 ADD SWAP1 DUP2 MSTORE PUSH1 0x20 ADD PUSH1 0x0 KECCAK256 PUSH1 0x0 DUP3 DUP3 SLOAD ADD SWAP3 POP POP DUP2 SWAP1 SSTORE POP DUP3 PUSH20 0xFFFFFFFFFFFFFFFFFFFFFFFFFFFFFFFFFFFFFFFF AND DUP5 PUSH20 0xFFFFFFFFFFFFFFFFFFFFFFFFFFFFFFFFFFFFFFFF AND PUSH32 0xDDF252AD1BE2C89B69C2B068FC378DAA952BA7F163C4A11628F55A4DF523B3EF DUP5 PUSH1 0x40 MLOAD DUP1 DUP3 DUP2 MSTORE PUSH1 0x20 ADD SWAP2 POP POP PUSH1 0x40 MLOAD DUP1 SWAP2 SUB SWAP1 LOG3 DUP1 PUSH1 0x4 PUSH1 0x0 DUP6 PUSH20 0xFFFFFFFFFFFFFFFFFFFFFFFFFFFFFFFFFFFFFFFF AND PUSH20 0xFFFFFFFFFFFFFFFFFFFFFFFFFFFFFFFFFFFFFFFF AND DUP2 MSTORE PUSH1 0x20 ADD SWAP1 DUP2 MSTORE PUSH1 0x20 ADD PUSH1 0x0 KECCAK256 SLOAD PUSH1 0x4 PUSH1 0x0 DUP8 PUSH20 0xFFFFFFFFFFFFFFFFFFFFFFFFFFFFFFFFFFFFFFFF AND PUSH20 0xFFFFFFFFFFFFFFFFFFFFFFFFFFFFFFFFFFFFFFFF AND DUP2 MSTORE PUSH1 0x20 ADD SWAP1 DUP2 MSTORE PUSH1 0x20 ADD PUSH1 0x0 KECCAK256 SLOAD ADD EQ ISZERO ISZERO PUSH2 0x103A JUMPI INVALID JUMPDEST POP POP POP POP JUMP STOP LOG1 PUSH6 0x627A7A723058 KECCAK256 PUSH16 0x66A114F709CC4B23D898190A5E60722F 0xb8 MSTORE8 BALANCE 0xb5 MSTORE DUP6 0x23 0xb9 0x48 0xcd LOG2 RETURNDATACOPY DIV EXP 0xd1 STOP 0x29
1,PUSH1 0x60 PUSH1 0x40 MSTORE PUSH1 0x12 PUSH1 0x2 PUSH1 0x0 PUSH2 0x100 EXP DUP2 SLOAD DUP2 PUSH1 0xFF MUL NOT AND SWAP1 DUP4 PUSH1 0xFF AND MUL OR SWAP1 SSTORE POP CALLVALUE ISZERO PUSH2 0x2B JUMPI PUSH1 0x0 DUP1 REVERT JUMPDEST PUSH1 0x2 PUSH1 0x0 SWAP1 SLOAD SWAP1 PUSH2 0x100 EXP SWAP1 DIV PUSH1 0xFF AND PUSH1 0xFF AND PUSH1 0xA EXP PUSH4 0x16E3600 MUL PUSH1 0x3 DUP2 SWAP1 SSTORE POP PUSH1 0x3 SLOAD PUSH1 0x4 PUSH1 0x0 CALLER PUSH20 0xFFFFFFFFFFFFFFFFFFFFFFFFFFFFFFFFFFFFFFFF AND PUSH20 0xFFFFFFFFFFFFFFFFFFFFFFFFFFFFFFFFFFFFFFFF AND DUP2 MSTORE PUSH1 0x20 ADD SWAP1 DUP2 MSTORE PUSH1 0x20 ADD PUSH1 0x0 KECCAK256 DUP2 SWAP1 SSTORE POP PUSH1 0x40 DUP1 MLOAD SWAP1 DUP2 ADD PUSH1 0x40 MSTORE DUP1 PUSH1 0xD DUP2 MSTORE PUSH1 0x20 ADD PUSH32 0x476F6C6420457468657265756D00000000000000000000000000000000000000 DUP2 MSTORE POP PUSH1 0x0 SWAP1 DUP1 MLOAD SWAP1 PUSH1 0x20 ADD SWAP1 PUSH2 0xDE SWAP3 SWAP2 SWAP1 PUSH2 0x130 JUMP JUMPDEST POP PUSH1 0x40 DUP1 MLOAD SWAP1 DUP2 ADD PUSH1 0x40 MSTORE DUP1 PUSH1 0x6 DUP2 MSTORE PUSH1 0x20 ADD PUSH32 0x4554474F4C440000000000000000000000000000000000000000000000000000 DUP2 MSTORE POP PUSH1 0x1 SWAP1 DUP1 MLOAD SWAP1 PUSH1 0x20 ADD SWAP1 PUSH2 0x12A SWAP3 SWAP2 SWAP1 PUSH2 0x130 JUMP JUMPDEST POP PUSH2 0x1D5 JUMP JUMPDEST DUP3 DUP1 SLOAD PUSH1 0x1 DUP2 PUSH1 0x1 AND ISZERO PUSH2 0x100 MUL SUB AND PUSH1 0x2 SWAP1 DIV SWAP1 PUSH1 0x0 MSTORE PUSH1 0x20 PUSH1 0x0 KECCAK256 SWAP1 PUSH1 0x1F ADD PUSH1 0x20 SWAP1 DIV DUP2 ADD SWAP3 DUP3 PUSH1 0x1F LT PUSH2 0x171 JUMPI DUP1 MLOAD PUSH1 0xFF NOT AND DUP4 DUP1 ADD OR DUP6 SSTORE PUSH2 0x19F JUMP JUMPDEST DUP3 DUP1 ADD PUSH1 0x1 ADD DUP6 SSTORE DUP3 ISZERO PUSH2 0x19F JUMPI SWAP2 DUP3 ADD JUMPDEST DUP3 DUP2 GT ISZERO PUSH2 0x19E JUMPI DUP3 MLOAD DUP3 SSTORE SWAP2 PUSH1 0x20 ADD SWAP2 SWAP1 PUSH1 0x1 ADD SWAP1 PUSH2 0x183 JUMP JUMPDEST JUMPDEST POP SWAP1 POP PUSH2 0x1AC SWAP2 SWAP1 PUSH2 0x1B0 JUMP JUMPDEST POP SWAP1 JUMP JUMPDEST PUSH2 0x1D2 SWAP2 SWAP1 JUMPDEST DUP1 DUP3 GT ISZERO PUSH2 0x1CE JUMPI PUSH1 0x0 DUP2 PUSH1 0x0 SWAP1 SSTORE POP PUSH1 0x1 ADD PUSH2 0x1B6 JUMP JUMPDEST POP SWAP1 JUMP JUMPDEST SWAP1 JUMP JUMPDEST PUSH2 0xE46 DUP1 PUSH2 0x1E4 PUSH1 0x0 CODECOPY PUSH1 0x0 RETURN STOP PUSH1 0x60 PUSH1 0x40 MSTORE PUSH1 0x4 CALLDATASIZE LT PUSH2 0xAF JUMPI PUSH1 0x0 CALLDATALOAD PUSH29 0x100000000000000000000000000000000000000000000000000000000 SWAP1 DIV PUSH4 0xFFFFFFFF AND DUP1 PUSH4 0x6FDDE03 EQ PUSH2 0xB4 JUMPI DUP1 PUSH4 0x95EA7B3 EQ PUSH2 0x142 JUMPI DUP1 PUSH4 0x18160DDD EQ PUSH2 0x19C JUMPI DUP1 PUSH4 0x23B872DD EQ PUSH2 0x1C5 JUMPI DUP1 PUSH4 0x313CE567 EQ PUSH2 0x23E JUMPI DUP1 PUSH4 0x42966C68 EQ PUSH2 0x26D JUMPI DUP1 PUSH4 0x70A08231 EQ PUSH2 0x2A8 JUMPI DUP1 PUSH4 0x79CC6790 EQ PUSH2 0x2F5 JUMPI DUP1 PUSH4 0x95D89B41 EQ PUSH2 0x34F JUMPI DUP1 PUSH4 0xA9059CBB EQ PUSH2 0x3DD JUMPI DUP1 PUSH4 0xDD62ED3E EQ PUSH2 0x41F JUMPI JUMPDEST PUSH1 0x0 DUP1 REVERT JUMPDEST CALLVALUE ISZERO PUSH2 0xBF JUMPI PUSH1 0x0 DUP1 REVERT JUMPDEST PUSH2 0xC7 PUSH2 0x48B JUMP JUMPDEST PUSH1 0x40 MLOAD DUP1 DUP1 PUSH1 0x20 ADD DUP3 DUP2 SUB DUP3 MSTORE DUP4 DUP2 DUP2 MLOAD DUP2 MSTORE PUSH1 0x20 ADD SWAP2 POP DUP1 MLOAD SWAP1 PUSH1 0x20 ADD SWAP1 DUP1 DUP4 DUP4 PUSH1 0x0 JUMPDEST DUP4 DUP2 LT ISZERO PUSH2 0x107 JUMPI DUP1 DUP3 ADD MLOAD DUP2 DUP5 ADD MSTORE PUSH1 0x20 DUP2 ADD SWAP1 POP PUSH2 0xEC JUMP JUMPDEST POP POP POP POP SWAP1 POP SWAP1 DUP2 ADD SWAP1 PUSH1 0x1F AND DUP1 ISZERO PUSH2 0x134 JUMPI DUP1 DUP3 SUB DUP1 MLOAD PUSH1 0x1 DUP4 PUSH1 0x20 SUB PUSH2 0x100 EXP SUB NOT AND DUP2 MSTORE PUSH1 0x20 ADD SWAP2 POP JUMPDEST POP SWAP3 POP POP POP PUSH1 0x40 MLOAD DUP1 SWAP2 SUB SWAP1 RETURN JUMPDEST CALLVALUE ISZERO PUSH2 0x14D JUMPI PUSH1 0x0 DUP1 REVERT JUMPDEST PUSH2 0x182 PUSH1 0x4 DUP1 DUP1 CALLDATALOAD PUSH20 0xFFFFFFFFFFFFFFFFFFFFFFFFFFFFFFFFFFFFFFFF AND SWAP1 PUSH1 0x20 ADD SWAP1 SWAP2 SWAP1 DUP1 CALLDATALOAD SWAP1 PUSH1 0x20 ADD SWAP1 SWAP2 SWAP1 POP POP PUSH2 0x529 JUMP JUMPDEST PUSH1 0x40 MLOAD DUP1 DUP3 ISZERO ISZERO ISZERO ISZERO DUP2 MSTORE PUSH1 0x20 ADD SWAP2 POP POP PUSH1 0x40 MLOAD DUP1 SWAP2 SUB SWAP1 RETURN JUMPDEST CALLVALUE ISZERO PUSH2 0x1A7 JUMPI PUSH1 0x0 DUP1 REVERT JUMPDEST PUSH2 0x1AF PUSH2 0x5B6 JUMP JUMPDEST PUSH1 0x40 MLOAD DUP1 DUP3 DUP2 MSTORE PUSH1 0x20 ADD SWAP2 POP POP PUSH1 0x40 MLOAD DUP1 SWAP2 SUB SWAP1 RETURN JUMPDEST CALLVALUE ISZERO PUSH2 0x1D0 JUMPI PUSH1 0x0 DUP1 REVERT JUMPDEST PUSH2 0x224 PUSH1 0x4 DUP1 DUP1 CALLDATALOAD PUSH20 0xFFFFFFFFFFFFFFFFFFFFFFFFFFFFFFFFFFFFFFFF AND SWAP1 PUSH1 0x20 ADD SWAP1 SWAP2 SWAP1 DUP1 CALLDATALOAD PUSH20 0xFFFFFFFFFFFFFFFFFFFFFFFFFFFFFFFFFFFFFFFF AND SWAP1 PUSH1 0x20 ADD SWAP1 SWAP2 SWAP1 DUP1 CALLDATALOAD SWAP1 PUSH1 0x20 ADD SWAP1 SWAP2 SWAP1 POP POP PUSH2 0x5BC JUMP JUMPDEST PUSH1 0x40 MLOAD DUP1 DUP3 ISZERO ISZERO ISZERO ISZERO DUP2 MSTORE PUSH1 0x20 ADD SWAP2 POP POP PUSH1 0x40 MLOAD DUP1 SWAP2 SUB SWAP1 RETURN JUMPDEST CALLVALUE ISZERO PUSH2 0x249 JUMPI PUSH1 0x0 DUP1 REVERT JUMPDEST PUSH2 0x251 PUSH2 0x6E9 JUMP JUMPDEST PUSH1 0x40 MLOAD DUP1 DUP3 PUSH1 0xFF AND PUSH1 0xFF AND DUP2 MSTORE PUSH1 0x20 ADD SWAP2 POP POP PUSH1 0x40 MLOAD DUP1 SWAP2 SUB SWAP1 RETURN JUMPDEST CALLVALUE ISZERO PUSH2 0x278 JUMPI PUSH1 0x0 DUP1 REVERT JUMPDEST PUSH2 0x28E PUSH1 0x4 DUP1 DUP1 CALLDATALOAD SWAP1 PUSH1 0x20 ADD SWAP1 SWAP2 SWAP1 POP POP PUSH2 0x6FC JUMP JUMPDEST PUSH1 0x40 MLOAD DUP1 DUP3 ISZERO ISZERO ISZERO ISZERO DUP2 MSTORE PUSH1 0x20 ADD SWAP2 POP POP PUSH1 0x40 MLOAD DUP1 SWAP2 SUB SWAP1 RETURN JUMPDEST CALLVALUE ISZERO PUSH2 0x2B3 JUMPI PUSH1 0x0 DUP1 REVERT JUMPDEST PUSH2 0x2DF PUSH1 0x4 DUP1 DUP1 CALLDATALOAD PUSH20 0xFFFFFFFFFFFFFFFFFFFFFFFFFFFFFFFFFFFFFFFF AND SWAP1 PUSH1 0x20 ADD SWAP1 SWAP2 SWAP1 POP POP PUSH2 0x800 JUMP JUMPDEST PUSH1 0x40 MLOAD DUP1 DUP3 DUP2 MSTORE PUSH1 0x20 ADD SWAP2 POP POP PUSH1 0x40 MLOAD DUP1 SWAP2 SUB SWAP1 RETURN JUMPDEST CALLVALUE ISZERO PUSH2 0x300 JUMPI PUSH1 0x0 DUP1 REVERT JUMPDEST PUSH2 0x335 PUSH1 0x4 DUP1 DUP1 CALLDATALOAD PUSH20 0xFFFFFFFFFFFFFFFFFFFFFFFFFFFFFFFFFFFFFFFF AND SWAP1 PUSH1 0x20 ADD SWAP1 SWAP2 SWAP1 DUP1 CALLDATALOAD SWAP1 PUSH1 0x20 ADD SWAP1 SWAP2 SWAP1 POP POP PUSH2 0x818 JUMP JUMPDEST PUSH1 0x40 MLOAD DUP1 DUP3 ISZERO ISZERO ISZERO ISZERO DUP2 MSTORE PUSH1 0x20 ADD SWAP2 POP POP PUSH1 0x40 MLOAD DUP1 SWAP2 SUB SWAP1 RETURN JUMPDEST CALLVALUE ISZERO PUSH2 0x35A JUMPI PUSH1 0x0 DUP1 REVERT JUMPDEST PUSH2 0x362 PUSH2 0xA32 JUMP JUMPDEST PUSH1 0x40 MLOAD DUP1 DUP1 PUSH1 0x20 ADD DUP3 DUP2 SUB DUP3 MSTORE DUP4 DUP2 DUP2 MLOAD DUP2 MSTORE PUSH1 0x20 ADD SWAP2 POP DUP1 MLOAD SWAP1 PUSH1 0x20 ADD SWAP1 DUP1 DUP4 DUP4 PUSH1 0x0 JUMPDEST DUP4 DUP2 LT ISZERO PUSH2 0x3A2 JUMPI DUP1 DUP3 ADD MLOAD DUP2 DUP5 ADD MSTORE PUSH1 0x20 DUP2 ADD SWAP1 POP PUSH2 0x387 JUMP JUMPDEST POP POP POP POP SWAP1 POP SWAP1 DUP2 ADD SWAP1 PUSH1 0x1F AND DUP1 ISZERO PUSH2 0x3CF JUMPI DUP1 DUP3 SUB DUP1 MLOAD PUSH1 0x1 DUP4 PUSH1 0x20 SUB PUSH2 0x100 EXP SUB NOT AND DUP2 MSTORE PUSH1 0x20 ADD SWAP2 POP JUMPDEST POP SWAP3 POP POP POP PUSH1 0x40 MLOAD DUP1 SWAP2 SUB SWAP1 RETURN JUMPDEST CALLVALUE ISZERO PUSH2 0x3E8 JUMPI PUSH1 0x0 DUP1 REVERT JUMPDEST PUSH2 0x41D PUSH1 0x4 DUP1 DUP1 CALLDATALOAD PUSH20 0xFFFFFFFFFFFFFFFFFFFFFFFFFFFFFFFFFFFFFFFF AND SWAP1 PUSH1 0x20 ADD SWAP1 SWAP2 SWAP1 DUP1 CALLDATALOAD SWAP1 PUSH1 0x20 ADD SWAP1 SWAP2 SWAP1 POP POP PUSH2 0xAD0 JUMP JUMPDEST STOP JUMPDEST CALLVALUE ISZERO PUSH2 0x42A JUMPI PUSH1 0x0 DUP1 REVERT JUMPDEST PUSH2 0x475 PUSH1 0x4 DUP1 DUP1 CALLDATALOAD PUSH20 0xFFFFFFFFFFFFFFFFFFFFFFFFFFFFFFFFFFFFFFFF AND SWAP1 PUSH1 0x20 ADD SWAP1 SWAP2 SWAP1 DUP1 CALLDATALOAD PUSH20 0xFFFFFFFFFFFFFFFFFFFFFFFFFFFFFFFFFFFFFFFF AND SWAP1 PUSH1 0x20 ADD SWAP1 SWAP2 SWAP1 POP POP PUSH2 0xADF JUMP JUMPDEST PUSH1 0x40 MLOAD DUP1 DUP3 DUP2 MSTORE PUSH1 0x20 ADD SWAP2 POP POP PUSH1 0x40 MLOAD DUP1 SWAP2 SUB SWAP1 RETURN JUMPDEST PUSH1 0x0 DUP1 SLOAD PUSH1 0x1 DUP2 PUSH1 0x1 AND ISZERO PUSH2 0x100 MUL SUB AND PUSH1 0x2 SWAP1 DIV DUP1 PUSH1 0x1F ADD PUSH1 0x20 DUP1 SWAP2 DIV MUL PUSH1 0x20 ADD PUSH1 0x40 MLOAD SWAP1 DUP2 ADD PUSH1 0x40 MSTORE DUP1 SWAP3 SWAP2 SWAP1 DUP2 DUP2 MSTORE PUSH1 0x20 ADD DUP3 DUP1 SLOAD PUSH1 0x1 DUP2 PUSH1 0x1 AND ISZERO PUSH2 0x100 MUL SUB AND PUSH1 0x2 SWAP1 DIV DUP1 ISZERO PUSH2 0x521 JUMPI DUP1 PUSH1 0x1F LT PUSH2 0x4F6 JUMPI PUSH2 0x100 DUP1 DUP4 SLOAD DIV MUL DUP4 MSTORE SWAP2 PUSH1 0x20 ADD SWAP2 PUSH2 0x521 JUMP JUMPDEST DUP3 ADD SWAP2 SWAP1 PUSH1 0x0 MSTORE PUSH1 0x20 PUSH1 0x0 KECCAK256 SWAP1 JUMPDEST DUP2 SLOAD DUP2 MSTORE SWAP1 PUSH1 0x1 ADD SWAP1 PUSH1 0x20 ADD DUP1 DUP4 GT PUSH2 0x504 JUMPI DUP3 SWAP1 SUB PUSH1 0x1F AND DUP3 ADD SWAP2 JUMPDEST POP POP POP POP POP DUP2 JUMP JUMPDEST PUSH1 0x0 DUP2 PUSH1 0x5 PUSH1 0x0 CALLER PUSH20 0xFFFFFFFFFFFFFFFFFFFFFFFFFFFFFFFFFFFFFFFF AND PUSH20 0xFFFFFFFFFFFFFFFFFFFFFFFFFFFFFFFFFFFFFFFF AND DUP2 MSTORE PUSH1 0x20 ADD SWAP1 DUP2 MSTORE PUSH1 0x20 ADD PUSH1 0x0 KECCAK256 PUSH1 0x0 DUP6 PUSH20 0xFFFFFFFFFFFFFFFFFFFFFFFFFFFFFFFFFFFFFFFF AND PUSH20 0xFFFFFFFFFFFFFFFFFFFFFFFFFFFFFFFFFFFFFFFF AND DUP2 MSTORE PUSH1 0x20 ADD SWAP1 DUP2 MSTORE PUSH1 0x20 ADD PUSH1 0x0 KECCAK256 DUP2 SWAP1 SSTORE POP PUSH1 0x1 SWAP1 POP SWAP3 SWAP2 POP POP JUMP JUMPDEST PUSH1 0x3 SLOAD DUP2 JUMP JUMPDEST PUSH1 0x0 PUSH1 0x5 PUSH1 0x0 DUP6 PUSH20 0xFFFFFFFFFFFFFFFFFFFFFFFFFFFFFFFFFFFFFFFF AND PUSH20 0xFFFFFFFFFFFFFFFFFFFFFFFFFFFFFFFFFFFFFFFF AND DUP2 MSTORE PUSH1 0x20 ADD SWAP1 DUP2 MSTORE PUSH1 0x20 ADD PUSH1 0x0 KECCAK256 PUSH1 0x0 CALLER PUSH20 0xFFFFFFFFFFFFFFFFFFFFFFFFFFFFFFFFFFFFFFFF AND PUSH20 0xFFFFFFFFFFFFFFFFFFFFFFFFFFFFFFFFFFFFFFFF AND DUP2 MSTORE PUSH1 0x20 ADD SWAP1 DUP2 MSTORE PUSH1 0x20 ADD PUSH1 0x0 KECCAK256 SLOAD DUP3 GT ISZERO ISZERO ISZERO PUSH2 0x649 JUMPI PUSH1 0x0 DUP1 REVERT JUMPDEST DUP2 PUSH1 0x5 PUSH1 0x0 DUP7 PUSH20 0xFFFFFFFFFFFFFFFFFFFFFFFFFFFFFFFFFFFFFFFF AND PUSH20 0xFFFFFFFFFFFFFFFFFFFFFFFFFFFFFFFFFFFFFFFF AND DUP2 MSTORE PUSH1 0x20 ADD SWAP1 DUP2 MSTORE PUSH1 0x20 ADD PUSH1 0x0 KECCAK256 PUSH1 0x0 CALLER PUSH20 0xFFFFFFFFFFFFFFFFFFFFFFFFFFFFFFFFFFFFFFFF AND PUSH20 0xFFFFFFFFFFFFFFFFFFFFFFFFFFFFFFFFFFFFFFFF AND DUP2 MSTORE PUSH1 0x20 ADD SWAP1 DUP2 MSTORE PUSH1 0x20 ADD PUSH1 0x0 KECCAK256 PUSH1 0x0 DUP3 DUP3 SLOAD SUB SWAP3 POP POP DUP2 SWAP1 SSTORE POP PUSH2 0x6DE DUP5 DUP5 DUP5 PUSH2 0xB04 JUMP JUMPDEST PUSH1 0x1 SWAP1 POP SWAP4 SWAP3 POP POP POP JUMP JUMPDEST PUSH1 0x2 PUSH1 0x0 SWAP1 SLOAD SWAP1 PUSH2 0x100 EXP SWAP1 DIV PUSH1 0xFF AND DUP2 JUMP JUMPDEST PUSH1 0x0 DUP2 PUSH1 0x4 PUSH1 0x0 CALLER PUSH20 0xFFFFFFFFFFFFFFFFFFFFFFFFFFFFFFFFFFFFFFFF AND PUSH20 0xFFFFFFFFFFFFFFFFFFFFFFFFFFFFFFFFFFFFFFFF AND DUP2 MSTORE PUSH1 0x20 ADD SWAP1 DUP2 MSTORE PUSH1 0x20 ADD PUSH1 0x0 KECCAK256 SLOAD LT ISZERO ISZERO ISZERO PUSH2 0x74C JUMPI PUSH1 0x0 DUP1 REVERT JUMPDEST DUP2 PUSH1 0x4 PUSH1 0x0 CALLER PUSH20 0xFFFFFFFFFFFFFFFFFFFFFFFFFFFFFFFFFFFFFFFF AND PUSH20 0xFFFFFFFFFFFFFFFFFFFFFFFFFFFFFFFFFFFFFFFF AND DUP2 MSTORE PUSH1 0x20 ADD SWAP1 DUP2 MSTORE PUSH1 0x20 ADD PUSH1 0x0 KECCAK256 PUSH1 0x0 DUP3 DUP3 SLOAD SUB SWAP3 POP POP DUP2 SWAP1 SSTORE POP DUP2 PUSH1 0x3 PUSH1 0x0 DUP3 DUP3 SLOAD SUB SWAP3 POP POP DUP2 SWAP1 SSTORE POP CALLER PUSH20 0xFFFFFFFFFFFFFFFFFFFFFFFFFFFFFFFFFFFFFFFF AND PUSH32 0xCC16F5DBB4873280815C1EE09DBD06736CFFCC184412CF7A71A0FDB75D397CA5 DUP4 PUSH1 0x40 MLOAD DUP1 DUP3 DUP2 MSTORE PUSH1 0x20 ADD SWAP2 POP POP PUSH1 0x40 MLOAD DUP1 SWAP2 SUB SWAP1 LOG2 PUSH1 0x1 SWAP1 POP SWAP2 SWAP1 POP JUMP JUMPDEST PUSH1 0x4 PUSH1 0x20 MSTORE DUP1 PUSH1 0x0 MSTORE PUSH1 0x40 PUSH1 0x0 KECCAK256 PUSH1 0x0 SWAP2 POP SWAP1 POP SLOAD DUP2 JUMP JUMPDEST PUSH1 0x0 DUP2 PUSH1 0x4 PUSH1 0x0 DUP6 PUSH20 0xFFFFFFFFFFFFFFFFFFFFFFFFFFFFFFFFFFFFFFFF AND PUSH20 0xFFFFFFFFFFFFFFFFFFFFFFFFFFFFFFFFFFFFFFFF AND DUP2 MSTORE PUSH1 0x20 ADD SWAP1 DUP2 MSTORE PUSH1 0x20 ADD PUSH1 0x0 KECCAK256 SLOAD LT ISZERO ISZERO ISZERO PUSH2 0x868 JUMPI PUSH1 0x0 DUP1 REVERT JUMPDEST PUSH1 0x5 PUSH1 0x0 DUP5 PUSH20 0xFFFFFFFFFFFFFFFFFFFFFFFFFFFFFFFFFFFFFFFF AND PUSH20 0xFFFFFFFFFFFFFFFFFFFFFFFFFFFFFFFFFFFFFFFF AND DUP2 MSTORE PUSH1 0x20 ADD SWAP1 DUP2 MSTORE PUSH1 0x20 ADD PUSH1 0x0 KECCAK256 PUSH1 0x0 CALLER PUSH20 0xFFFFFFFFFFFFFFFFFFFFFFFFFFFFFFFFFFFFFFFF AND PUSH20 0xFFFFFFFFFFFFFFFFFFFFFFFFFFFFFFFFFFFFFFFF AND DUP2 MSTORE PUSH1 0x20 ADD SWAP1 DUP2 MSTORE PUSH1 0x20 ADD PUSH1 0x0 KECCAK256 SLOAD DUP3 GT ISZERO ISZERO ISZERO PUSH2 0x8F3 JUMPI PUSH1 0x0 DUP1 REVERT JUMPDEST DUP2 PUSH1 0x4 PUSH1 0x0 DUP6 PUSH20 0xFFFFFFFFFFFFFFFFFFFFFFFFFFFFFFFFFFFFFFFF AND PUSH20 0xFFFFFFFFFFFFFFFFFFFFFFFFFFFFFFFFFFFFFFFF AND DUP2 MSTORE PUSH1 0x20 ADD SWAP1 DUP2 MSTORE PUSH1 0x20 ADD PUSH1 0x0 KECCAK256 PUSH1 0x0 DUP3 DUP3 SLOAD SUB SWAP3 POP POP DUP2 SWAP1 SSTORE POP DUP2 PUSH1 0x5 PUSH1 0x0 DUP6 PUSH20 0xFFFFFFFFFFFFFFFFFFFFFFFFFFFFFFFFFFFFFFFF AND PUSH20 0xFFFFFFFFFFFFFFFFFFFFFFFFFFFFFFFFFFFFFFFF AND DUP2 MSTORE PUSH1 0x20 ADD SWAP1 DUP2 MSTORE PUSH1 0x20 ADD PUSH1 0x0 KECCAK256 PUSH1 0x0 CALLER PUSH20 0xFFFFFFFFFFFFFFFFFFFFFFFFFFFFFFFFFFFFFFFF AND PUSH20 0xFFFFFFFFFFFFFFFFFFFFFFFFFFFFFFFFFFFFFFFF AND DUP2 MSTORE PUSH1 0x20 ADD SWAP1 DUP2 MSTORE PUSH1 0x20 ADD PUSH1 0x0 KECCAK256 PUSH1 0x0 DUP3 DUP3 SLOAD SUB SWAP3 POP POP DUP2 SWAP1 SSTORE POP DUP2 PUSH1 0x3 PUSH1 0x0 DUP3 DUP3 SLOAD SUB SWAP3 POP POP DUP2 SWAP1 SSTORE POP DUP3 PUSH20 0xFFFFFFFFFFFFFFFFFFFFFFFFFFFFFFFFFFFFFFFF AND PUSH32 0xCC16F5DBB4873280815C1EE09DBD06736CFFCC184412CF7A71A0FDB75D397CA5 DUP4 PUSH1 0x40 MLOAD DUP1 DUP3 DUP2 MSTORE PUSH1 0x20 ADD SWAP2 POP POP PUSH1 0x40 MLOAD DUP1 SWAP2 SUB SWAP1 LOG2 PUSH1 0x1 SWAP1 POP SWAP3 SWAP2 POP POP JUMP JUMPDEST PUSH1 0x1 DUP1 SLOAD PUSH1 0x1 DUP2 PUSH1 0x1 AND ISZERO PUSH2 0x100 MUL SUB AND PUSH1 0x2 SWAP1 DIV DUP1 PUSH1 0x1F ADD PUSH1 0x20 DUP1 SWAP2 DIV MUL PUSH1 0x20 ADD PUSH1 0x40 MLOAD SWAP1 DUP2 ADD PUSH1 0x40 MSTORE DUP1 SWAP3 SWAP2 SWAP1 DUP2 DUP2 MSTORE PUSH1 0x20 ADD DUP3 DUP1 SLOAD PUSH1 0x1 DUP2 PUSH1 0x1 AND ISZERO PUSH2 0x100 MUL SUB AND PUSH1 0x2 SWAP1 DIV DUP1 ISZERO PUSH2 0xAC8 JUMPI DUP1 PUSH1 0x1F LT PUSH2 0xA9D JUMPI PUSH2 0x100 DUP1 DUP4 SLOAD DIV MUL DUP4 MSTORE SWAP2 PUSH1 0x20 ADD SWAP2 PUSH2 0xAC8 JUMP JUMPDEST DUP3 ADD SWAP2 SWAP1 PUSH1 0x0 MSTORE PUSH1 0x20 PUSH1 0x0 KECCAK256 SWAP1 JUMPDEST DUP2 SLOAD DUP2 MSTORE SWAP1 PUSH1 0x1 ADD SWAP1 PUSH1 0x20 ADD DUP1 DUP4 GT PUSH2 0xAAB JUMPI DUP3 SWAP1 SUB PUSH1 0x1F AND DUP3 ADD SWAP2 JUMPDEST POP POP POP POP POP DUP2 JUMP JUMPDEST PUSH2 0xADB CALLER DUP4 DUP4 PUSH2 0xB04 JUMP JUMPDEST POP POP JUMP JUMPDEST PUSH1 0x5 PUSH1 0x20 MSTORE DUP2 PUSH1 0x0 MSTORE PUSH1 0x40 PUSH1 0x0 KECCAK256 PUSH1 0x20 MSTORE DUP1 PUSH1 0x0 MSTORE PUSH1 0x40 PUSH1 0x0 KECCAK256 PUSH1 0x0 SWAP2 POP SWAP2 POP POP SLOAD DUP2 JUMP JUMPDEST PUSH1 0x0 DUP1 DUP4 PUSH20 0xFFFFFFFFFFFFFFFFFFFFFFFFFFFFFFFFFFFFFFFF AND EQ ISZERO ISZERO ISZERO PUSH2 0xB2B JUMPI PUSH1 0x0 DUP1 REVERT JUMPDEST DUP2 PUSH1 0x4 PUSH1 0x0 DUP7 PUSH20 0xFFFFFFFFFFFFFFFFFFFFFFFFFFFFFFFFFFFFFFFF AND PUSH20 0xFFFFFFFFFFFFFFFFFFFFFFFFFFFFFFFFFFFFFFFF AND DUP2 MSTORE PUSH1 0x20 ADD SWAP1 DUP2 MSTORE PUSH1 0x20 ADD PUSH1 0x0 KECCAK256 SLOAD LT ISZERO ISZERO ISZERO PUSH2 0xB79 JUMPI PUSH1 0x0 DUP1 REVERT JUMPDEST PUSH1 0x4 PUSH1 0x0 DUP5 PUSH20 0xFFFFFFFFFFFFFFFFFFFFFFFFFFFFFFFFFFFFFFFF AND PUSH20 0xFFFFFFFFFFFFFFFFFFFFFFFFFFFFFFFFFFFFFFFF AND DUP2 MSTORE PUSH1 0x20 ADD SWAP1 DUP2 MSTORE PUSH1 0x20 ADD PUSH1 0x0 KECCAK256 SLOAD DUP3 PUSH1 0x4 PUSH1 0x0 DUP7 PUSH20 0xFFFFFFFFFFFFFFFFFFFFFFFFFFFFFFFFFFFFFFFF AND PUSH20 0xFFFFFFFFFFFFFFFFFFFFFFFFFFFFFFFFFFFFFFFF AND DUP2 MSTORE PUSH1 0x20 ADD SWAP1 DUP2 MSTORE PUSH1 0x20 ADD PUSH1 0x0 KECCAK256 SLOAD ADD GT ISZERO ISZERO PUSH2 0xC07 JUMPI PUSH1 0x0 DUP1 REVERT JUMPDEST PUSH1 0x4 PUSH1 0x0 DUP5 PUSH20 0xFFFFFFFFFFFFFFFFFFFFFFFFFFFFFFFFFFFFFFFF AND PUSH20 0xFFFFFFFFFFFFFFFFFFFFFFFFFFFFFFFFFFFFFFFF AND DUP2 MSTORE PUSH1 0x20 ADD SWAP1 DUP2 MSTORE PUSH1 0x20 ADD PUSH1 0x0 KECCAK256 SLOAD PUSH1 0x4 PUSH1 0x0 DUP7 PUSH20 0xFFFFFFFFFFFFFFFFFFFFFFFFFFFFFFFFFFFFFFFF AND PUSH20 0xFFFFFFFFFFFFFFFFFFFFFFFFFFFFFFFFFFFFFFFF AND DUP2 MSTORE PUSH1 0x20 ADD SWAP1 DUP2 MSTORE PUSH1 0x20 ADD PUSH1 0x0 KECCAK256 SLOAD ADD SWAP1 POP DUP2 PUSH1 0x4 PUSH1 0x0 DUP7 PUSH20 0xFFFFFFFFFFFFFFFFFFFFFFFFFFFFFFFFFFFFFFFF AND PUSH20 0xFFFFFFFFFFFFFFFFFFFFFFFFFFFFFFFFFFFFFFFF AND DUP2 MSTORE PUSH1 0x20 ADD SWAP1 DUP2 MSTORE PUSH1 0x20 ADD PUSH1 0x0 KECCAK256 PUSH1 0x0 DUP3 DUP3 SLOAD SUB SWAP3 POP POP DUP2 SWAP1 SSTORE POP DUP2 PUSH1 0x4 PUSH1 0x0 DUP6 PUSH20 0xFFFFFFFFFFFFFFFFFFFFFFFFFFFFFFFFFFFFFFFF AND PUSH20 0xFFFFFFFFFFFFFFFFFFFFFFFFFFFFFFFFFFFFFFFF AND DUP2 MSTORE PUSH1 0x20 ADD SWAP1 DUP2 MSTORE PUSH1 0x20 ADD PUSH1 0x0 KECCAK256 PUSH1 0x0 DUP3 DUP3 SLOAD ADD SWAP3 POP POP DUP2 SWAP1 SSTORE POP DUP3 PUSH20 0xFFFFFFFFFFFFFFFFFFFFFFFFFFFFFFFFFFFFFFFF AND DUP5 PUSH20 0xFFFFFFFFFFFFFFFFFFFFFFFFFFFFFFFFFFFFFFFF AND PUSH32 0xDDF252AD1BE2C89B69C2B068FC378DAA952BA7F163C4A11628F55A4DF523B3EF DUP5 PUSH1 0x40 MLOAD DUP1 DUP3 DUP2 MSTORE PUSH1 0x20 ADD SWAP2 POP POP PUSH1 0x40 MLOAD DUP1 SWAP2 SUB SWAP1 LOG3 DUP1 PUSH1 0x4 PUSH1 0x0 DUP6 PUSH20 0xFFFFFFFFFFFFFFFFFFFFFFFFFFFFFFFFFFFFFFFF AND PUSH20 0xFFFFFFFFFFFFFFFFFFFFFFFFFFFFFFFFFFFFFFFF AND DUP2 MSTORE PUSH1 0x20 ADD SWAP1 DUP2 MSTORE PUSH1 0x20 ADD PUSH1 0x0 KECCAK256 SLOAD PUSH1 0x4 PUSH1 0x0 DUP8 PUSH20 0xFFFFFFFFFFFFFFFFFFFFFFFFFFFFFFFFFFFFFFFF AND PUSH20 0xFFFFFFFFFFFFFFFFFFFFFFFFFFFFFFFFFFFFFFFF AND DUP2 MSTORE PUSH1 0x20 ADD SWAP1 DUP2 MSTORE PUSH1 0x20 ADD PUSH1 0x0 KECCAK256 SLOAD ADD EQ ISZERO ISZERO PUSH2 0xE14 JUMPI INVALID JUMPDEST POP POP POP POP JUMP STOP LOG1 PUSH6 0x627A7A723058 KECCAK256 0xd7 0x5c DUP16 0xf 0xbf 0xdd DUP5 0x5d SAR 0xf SWAP2 XOR 0x5c MSTORE 0xbe PUSH29 0x5988A778221EDC2A3D5D9F7EBDA725BD00290000000000000000000000
1,PUSH1 0x60 PUSH1 0x40 MSTORE CALLVALUE ISZERO PUSH2 0xF JUMPI PUSH1 0x0 DUP1 REVERT JUMPDEST PUSH2 0x7D1 DUP1 PUSH2 0x1E PUSH1 0x0 CODECOPY PUSH1 0x0 RETURN STOP PUSH1 0x60 PUSH1 0x40 MSTORE PUSH1 0x4 CALLDATASIZE LT PUSH2 0x6D JUMPI PUSH1 0x0 CALLDATALOAD PUSH29 0x100000000000000000000000000000000000000000000000000000000 SWAP1 DIV PUSH4 0xFFFFFFFF AND DUP1 PUSH4 0x95EA7B3 EQ PUSH2 0x72 JUMPI DUP1 PUSH4 0x23B872DD EQ PUSH2 0xB4 JUMPI DUP1 PUSH4 0x70A08231 EQ PUSH2 0x115 JUMPI DUP1 PUSH4 0xA9059CBB EQ PUSH2 0x162 JUMPI DUP1 PUSH4 0xDD62ED3E EQ PUSH2 0x1A4 JUMPI JUMPDEST PUSH1 0x0 DUP1 REVERT JUMPDEST CALLVALUE ISZERO PUSH2 0x7D JUMPI PUSH1 0x0 DUP1 REVERT JUMPDEST PUSH2 0xB2 PUSH1 0x4 DUP1 DUP1 CALLDATALOAD PUSH20 0xFFFFFFFFFFFFFFFFFFFFFFFFFFFFFFFFFFFFFFFF AND SWAP1 PUSH1 0x20 ADD SWAP1 SWAP2 SWAP1 DUP1 CALLDATALOAD SWAP1 PUSH1 0x20 ADD SWAP1 SWAP2 SWAP1 POP POP PUSH2 0x210 JUMP JUMPDEST STOP JUMPDEST CALLVALUE ISZERO PUSH2 0xBF JUMPI PUSH1 0x0 DUP1 REVERT JUMPDEST PUSH2 0x113 PUSH1 0x4 DUP1 DUP1 CALLDATALOAD PUSH20 0xFFFFFFFFFFFFFFFFFFFFFFFFFFFFFFFFFFFFFFFF AND SWAP1 PUSH1 0x20 ADD SWAP1 SWAP2 SWAP1 DUP1 CALLDATALOAD PUSH20 0xFFFFFFFFFFFFFFFFFFFFFFFFFFFFFFFFFFFFFFFF AND SWAP1 PUSH1 0x20 ADD SWAP1 SWAP2 SWAP1 DUP1 CALLDATALOAD SWAP1 PUSH1 0x20 ADD SWAP1 SWAP2 SWAP1 POP POP PUSH2 0x2FA JUMP JUMPDEST STOP JUMPDEST CALLVALUE ISZERO PUSH2 0x120 JUMPI PUSH1 0x0 DUP1 REVERT JUMPDEST PUSH2 0x14C PUSH1 0x4 DUP1 DUP1 CALLDATALOAD PUSH20 0xFFFFFFFFFFFFFFFFFFFFFFFFFFFFFFFFFFFFFFFF AND SWAP1 PUSH1 0x20 ADD SWAP1 SWAP2 SWAP1 POP POP PUSH2 0x567 JUMP JUMPDEST PUSH1 0x40 MLOAD DUP1 DUP3 DUP2 MSTORE PUSH1 0x20 ADD SWAP2 POP POP PUSH1 0x40 MLOAD DUP1 SWAP2 SUB SWAP1 RETURN JUMPDEST CALLVALUE ISZERO PUSH2 0x16D JUMPI PUSH1 0x0 DUP1 REVERT JUMPDEST PUSH2 0x1A2 PUSH1 0x4 DUP1 DUP1 CALLDATALOAD PUSH20 0xFFFFFFFFFFFFFFFFFFFFFFFFFFFFFFFFFFFFFFFF AND SWAP1 PUSH1 0x20 ADD SWAP1 SWAP2 SWAP1 DUP1 CALLDATALOAD SWAP1 PUSH1 0x20 ADD SWAP1 SWAP2 SWAP1 POP POP PUSH2 0x5AF JUMP JUMPDEST STOP JUMPDEST CALLVALUE ISZERO PUSH2 0x1AF JUMPI PUSH1 0x0 DUP1 REVERT JUMPDEST PUSH2 0x1FA PUSH1 0x4 DUP1 DUP1 CALLDATALOAD PUSH20 0xFFFFFFFFFFFFFFFFFFFFFFFFFFFFFFFFFFFFFFFF AND SWAP1 PUSH1 0x20 ADD SWAP1 SWAP2 SWAP1 DUP1 CALLDATALOAD PUSH20 0xFFFFFFFFFFFFFFFFFFFFFFFFFFFFFFFFFFFFFFFF AND SWAP1 PUSH1 0x20 ADD SWAP1 SWAP2 SWAP1 POP POP PUSH2 0x71E JUMP JUMPDEST PUSH1 0x40 MLOAD DUP1 DUP3 DUP2 MSTORE PUSH1 0x20 ADD SWAP2 POP POP PUSH1 0x40 MLOAD DUP1 SWAP2 SUB SWAP1 RETURN JUMPDEST DUP1 PUSH1 0x1 PUSH1 0x0 CALLER PUSH20 0xFFFFFFFFFFFFFFFFFFFFFFFFFFFFFFFFFFFFFFFF AND PUSH20 0xFFFFFFFFFFFFFFFFFFFFFFFFFFFFFFFFFFFFFFFF AND DUP2 MSTORE PUSH1 0x20 ADD SWAP1 DUP2 MSTORE PUSH1 0x20 ADD PUSH1 0x0 KECCAK256 PUSH1 0x0 DUP5 PUSH20 0xFFFFFFFFFFFFFFFFFFFFFFFFFFFFFFFFFFFFFFFF AND PUSH20 0xFFFFFFFFFFFFFFFFFFFFFFFFFFFFFFFFFFFFFFFF AND DUP2 MSTORE PUSH1 0x20 ADD SWAP1 DUP2 MSTORE PUSH1 0x20 ADD PUSH1 0x0 KECCAK256 DUP2 SWAP1 SSTORE POP DUP2 PUSH20 0xFFFFFFFFFFFFFFFFFFFFFFFFFFFFFFFFFFFFFFFF AND CALLER PUSH20 0xFFFFFFFFFFFFFFFFFFFFFFFFFFFFFFFFFFFFFFFF AND PUSH32 0x8C5BE1E5EBEC7D5BD14F71427D1E84F3DD0314C0F7B2291E5B200AC8C7C3B925 DUP4 PUSH1 0x40 MLOAD DUP1 DUP3 DUP2 MSTORE PUSH1 0x20 ADD SWAP2 POP POP PUSH1 0x40 MLOAD DUP1 SWAP2 SUB SWAP1 LOG3 POP POP JUMP JUMPDEST DUP1 PUSH1 0x0 DUP1 DUP6 PUSH20 0xFFFFFFFFFFFFFFFFFFFFFFFFFFFFFFFFFFFFFFFF AND PUSH20 0xFFFFFFFFFFFFFFFFFFFFFFFFFFFFFFFFFFFFFFFF AND DUP2 MSTORE PUSH1 0x20 ADD SWAP1 DUP2 MSTORE PUSH1 0x20 ADD PUSH1 0x0 KECCAK256 SLOAD LT ISZERO DUP1 ISZERO PUSH2 0x3C4 JUMPI POP DUP1 PUSH1 0x1 PUSH1 0x0 DUP6 PUSH20 0xFFFFFFFFFFFFFFFFFFFFFFFFFFFFFFFFFFFFFFFF AND PUSH20 0xFFFFFFFFFFFFFFFFFFFFFFFFFFFFFFFFFFFFFFFF AND DUP2 MSTORE PUSH1 0x20 ADD SWAP1 DUP2 MSTORE PUSH1 0x20 ADD PUSH1 0x0 KECCAK256 PUSH1 0x0 CALLER PUSH20 0xFFFFFFFFFFFFFFFFFFFFFFFFFFFFFFFFFFFFFFFF AND PUSH20 0xFFFFFFFFFFFFFFFFFFFFFFFFFFFFFFFFFFFFFFFF AND DUP2 MSTORE PUSH1 0x20 ADD SWAP1 DUP2 MSTORE PUSH1 0x20 ADD PUSH1 0x0 KECCAK256 SLOAD LT ISZERO JUMPDEST DUP1 ISZERO PUSH2 0x3D0 JUMPI POP PUSH1 0x0 DUP2 GT JUMPDEST ISZERO ISZERO PUSH2 0x3DB JUMPI PUSH1 0x0 DUP1 REVERT JUMPDEST DUP1 PUSH1 0x0 DUP1 DUP5 PUSH20 0xFFFFFFFFFFFFFFFFFFFFFFFFFFFFFFFFFFFFFFFF AND PUSH20 0xFFFFFFFFFFFFFFFFFFFFFFFFFFFFFFFFFFFFFFFF AND DUP2 MSTORE PUSH1 0x20 ADD SWAP1 DUP2 MSTORE PUSH1 0x20 ADD PUSH1 0x0 KECCAK256 PUSH1 0x0 DUP3 DUP3 SLOAD ADD SWAP3 POP POP DUP2 SWAP1 SSTORE POP DUP1 PUSH1 0x0 DUP1 DUP6 PUSH20 0xFFFFFFFFFFFFFFFFFFFFFFFFFFFFFFFFFFFFFFFF AND PUSH20 0xFFFFFFFFFFFFFFFFFFFFFFFFFFFFFFFFFFFFFFFF AND DUP2 MSTORE PUSH1 0x20 ADD SWAP1 DUP2 MSTORE PUSH1 0x20 ADD PUSH1 0x0 KECCAK256 PUSH1 0x0 DUP3 DUP3 SLOAD SUB SWAP3 POP POP DUP2 SWAP1 SSTORE POP DUP1 PUSH1 0x1 PUSH1 0x0 DUP6 PUSH20 0xFFFFFFFFFFFFFFFFFFFFFFFFFFFFFFFFFFFFFFFF AND PUSH20 0xFFFFFFFFFFFFFFFFFFFFFFFFFFFFFFFFFFFFFFFF AND DUP2 MSTORE PUSH1 0x20 ADD SWAP1 DUP2 MSTORE PUSH1 0x20 ADD PUSH1 0x0 KECCAK256 PUSH1 0x0 CALLER PUSH20 0xFFFFFFFFFFFFFFFFFFFFFFFFFFFFFFFFFFFFFFFF AND PUSH20 0xFFFFFFFFFFFFFFFFFFFFFFFFFFFFFFFFFFFFFFFF AND DUP2 MSTORE PUSH1 0x20 ADD SWAP1 DUP2 MSTORE PUSH1 0x20 ADD PUSH1 0x0 KECCAK256 PUSH1 0x0 DUP3 DUP3 SLOAD SUB SWAP3 POP POP DUP2 SWAP1 SSTORE POP DUP2 PUSH20 0xFFFFFFFFFFFFFFFFFFFFFFFFFFFFFFFFFFFFFFFF AND DUP4 PUSH20 0xFFFFFFFFFFFFFFFFFFFFFFFFFFFFFFFFFFFFFFFF AND PUSH32 0xDDF252AD1BE2C89B69C2B068FC378DAA952BA7F163C4A11628F55A4DF523B3EF DUP4 PUSH1 0x40 MLOAD DUP1 DUP3 DUP2 MSTORE PUSH1 0x20 ADD SWAP2 POP POP PUSH1 0x40 MLOAD DUP1 SWAP2 SUB SWAP1 LOG3 POP POP POP JUMP JUMPDEST PUSH1 0x0 DUP1 PUSH1 0x0 DUP4 PUSH20 0xFFFFFFFFFFFFFFFFFFFFFFFFFFFFFFFFFFFFFFFF AND PUSH20 0xFFFFFFFFFFFFFFFFFFFFFFFFFFFFFFFFFFFFFFFF AND DUP2 MSTORE PUSH1 0x20 ADD SWAP1 DUP2 MSTORE PUSH1 0x20 ADD PUSH1 0x0 KECCAK256 SLOAD SWAP1 POP SWAP2 SWAP1 POP JUMP JUMPDEST PUSH1 0x40 PUSH1 0x4 DUP2 ADD PUSH1 0x0 CALLDATASIZE SWAP1 POP EQ ISZERO ISZERO PUSH2 0x5C3 JUMPI INVALID JUMPDEST DUP2 PUSH1 0x0 DUP1 CALLER PUSH20 0xFFFFFFFFFFFFFFFFFFFFFFFFFFFFFFFFFFFFFFFF AND PUSH20 0xFFFFFFFFFFFFFFFFFFFFFFFFFFFFFFFFFFFFFFFF AND DUP2 MSTORE PUSH1 0x20 ADD SWAP1 DUP2 MSTORE PUSH1 0x20 ADD PUSH1 0x0 KECCAK256 SLOAD LT ISZERO DUP1 ISZERO PUSH2 0x611 JUMPI POP PUSH1 0x0 DUP3 GT JUMPDEST ISZERO ISZERO PUSH2 0x61C JUMPI PUSH1 0x0 DUP1 REVERT JUMPDEST DUP2 PUSH1 0x0 DUP1 CALLER PUSH20 0xFFFFFFFFFFFFFFFFFFFFFFFFFFFFFFFFFFFFFFFF AND PUSH20 0xFFFFFFFFFFFFFFFFFFFFFFFFFFFFFFFFFFFFFFFF AND DUP2 MSTORE PUSH1 0x20 ADD SWAP1 DUP2 MSTORE PUSH1 0x20 ADD PUSH1 0x0 KECCAK256 PUSH1 0x0 DUP3 DUP3 SLOAD SUB SWAP3 POP POP DUP2 SWAP1 SSTORE POP DUP2 PUSH1 0x0 DUP1 DUP6 PUSH20 0xFFFFFFFFFFFFFFFFFFFFFFFFFFFFFFFFFFFFFFFF AND PUSH20 0xFFFFFFFFFFFFFFFFFFFFFFFFFFFFFFFFFFFFFFFF AND DUP2 MSTORE PUSH1 0x20 ADD SWAP1 DUP2 MSTORE PUSH1 0x20 ADD PUSH1 0x0 KECCAK256 PUSH1 0x0 DUP3 DUP3 SLOAD ADD SWAP3 POP POP DUP2 SWAP1 SSTORE POP DUP3 PUSH20 0xFFFFFFFFFFFFFFFFFFFFFFFFFFFFFFFFFFFFFFFF AND CALLER PUSH20 0xFFFFFFFFFFFFFFFFFFFFFFFFFFFFFFFFFFFFFFFF AND PUSH32 0xDDF252AD1BE2C89B69C2B068FC378DAA952BA7F163C4A11628F55A4DF523B3EF DUP5 PUSH1 0x40 MLOAD DUP1 DUP3 DUP2 MSTORE PUSH1 0x20 ADD SWAP2 POP POP PUSH1 0x40 MLOAD DUP1 SWAP2 SUB SWAP1 LOG3 POP POP POP JUMP JUMPDEST PUSH1 0x0 PUSH1 0x1 PUSH1 0x0 DUP4 PUSH20 0xFFFFFFFFFFFFFFFFFFFFFFFFFFFFFFFFFFFFFFFF AND PUSH20 0xFFFFFFFFFFFFFFFFFFFFFFFFFFFFFFFFFFFFFFFF AND DUP2 MSTORE PUSH1 0x20 ADD SWAP1 DUP2 MSTORE PUSH1 0x20 ADD PUSH1 0x0 KECCAK256 PUSH1 0x0 DUP5 PUSH20 0xFFFFFFFFFFFFFFFFFFFFFFFFFFFFFFFFFFFFFFFF AND PUSH20 0xFFFFFFFFFFFFFFFFFFFFFFFFFFFFFFFFFFFFFFFF AND DUP2 MSTORE PUSH1 0x20 ADD SWAP1 DUP2 MSTORE PUSH1 0x20 ADD PUSH1 0x0 KECCAK256 SLOAD SWAP1 POP SWAP3 SWAP2 POP POP JUMP STOP LOG1 PUSH6 0x627A7A723058 KECCAK256 0xc1 PUSH5 0xA13054772E 0xbd PUSH25 0x19D67DF11CED92966D7C9E94B7BD4A59BF38D42DA744840029
1,PUSH1 0x60 PUSH1 0x40 MSTORE PUSH1 0x40 DUP1 MLOAD SWAP1 DUP2 ADD PUSH1 0x40 MSTORE DUP1 PUSH1 0x9 DUP2 MSTORE PUSH1 0x20 ADD PUSH32 0x546F6B656E20302E310000000000000000000000000000000000000000000000 DUP2 MSTORE POP PUSH1 0x0 SWAP1 DUP1 MLOAD SWAP1 PUSH1 0x20 ADD SWAP1 PUSH3 0x51 SWAP3 SWAP2 SWAP1 PUSH3 0x12D JUMP JUMPDEST POP PUSH1 0x40 MLOAD PUSH3 0x13A5 CODESIZE SUB DUP1 PUSH3 0x13A5 DUP4 CODECOPY DUP2 ADD PUSH1 0x40 MSTORE DUP1 DUP1 MLOAD SWAP1 PUSH1 0x20 ADD SWAP1 SWAP2 SWAP1 DUP1 MLOAD DUP3 ADD SWAP2 SWAP1 PUSH1 0x20 ADD DUP1 MLOAD SWAP1 PUSH1 0x20 ADD SWAP1 SWAP2 SWAP1 DUP1 MLOAD DUP3 ADD SWAP2 SWAP1 POP POP DUP4 PUSH1 0x5 PUSH1 0x0 CALLER PUSH20 0xFFFFFFFFFFFFFFFFFFFFFFFFFFFFFFFFFFFFFFFF AND PUSH20 0xFFFFFFFFFFFFFFFFFFFFFFFFFFFFFFFFFFFFFFFF AND DUP2 MSTORE PUSH1 0x20 ADD SWAP1 DUP2 MSTORE PUSH1 0x20 ADD PUSH1 0x0 KECCAK256 DUP2 SWAP1 SSTORE POP DUP4 PUSH1 0x4 DUP2 SWAP1 SSTORE POP DUP3 PUSH1 0x1 SWAP1 DUP1 MLOAD SWAP1 PUSH1 0x20 ADD SWAP1 PUSH3 0xEE SWAP3 SWAP2 SWAP1 PUSH3 0x12D JUMP JUMPDEST POP DUP1 PUSH1 0x2 SWAP1 DUP1 MLOAD SWAP1 PUSH1 0x20 ADD SWAP1 PUSH3 0x107 SWAP3 SWAP2 SWAP1 PUSH3 0x12D JUMP JUMPDEST POP DUP2 PUSH1 0x3 PUSH1 0x0 PUSH2 0x100 EXP DUP2 SLOAD DUP2 PUSH1 0xFF MUL NOT AND SWAP1 DUP4 PUSH1 0xFF AND MUL OR SWAP1 SSTORE POP POP POP POP POP PUSH3 0x1DC JUMP JUMPDEST DUP3 DUP1 SLOAD PUSH1 0x1 DUP2 PUSH1 0x1 AND ISZERO PUSH2 0x100 MUL SUB AND PUSH1 0x2 SWAP1 DIV SWAP1 PUSH1 0x0 MSTORE PUSH1 0x20 PUSH1 0x0 KECCAK256 SWAP1 PUSH1 0x1F ADD PUSH1 0x20 SWAP1 DIV DUP2 ADD SWAP3 DUP3 PUSH1 0x1F LT PUSH3 0x170 JUMPI DUP1 MLOAD PUSH1 0xFF NOT AND DUP4 DUP1 ADD OR DUP6 SSTORE PUSH3 0x1A1 JUMP JUMPDEST DUP3 DUP1 ADD PUSH1 0x1 ADD DUP6 SSTORE DUP3 ISZERO PUSH3 0x1A1 JUMPI SWAP2 DUP3 ADD JUMPDEST DUP3 DUP2 GT ISZERO PUSH3 0x1A0 JUMPI DUP3 MLOAD DUP3 SSTORE SWAP2 PUSH1 0x20 ADD SWAP2 SWAP1 PUSH1 0x1 ADD SWAP1 PUSH3 0x183 JUMP JUMPDEST JUMPDEST POP SWAP1 POP PUSH3 0x1B0 SWAP2 SWAP1 PUSH3 0x1B4 JUMP JUMPDEST POP SWAP1 JUMP JUMPDEST PUSH3 0x1D9 SWAP2 SWAP1 JUMPDEST DUP1 DUP3 GT ISZERO PUSH3 0x1D5 JUMPI PUSH1 0x0 DUP2 PUSH1 0x0 SWAP1 SSTORE POP PUSH1 0x1 ADD PUSH3 0x1BB JUMP JUMPDEST POP SWAP1 JUMP JUMPDEST SWAP1 JUMP JUMPDEST PUSH2 0x11B9 DUP1 PUSH3 0x1EC PUSH1 0x0 CODECOPY PUSH1 0x0 RETURN STOP PUSH1 0x60 PUSH1 0x40 MSTORE PUSH1 0x4 CALLDATASIZE LT PUSH2 0xC5 JUMPI PUSH1 0x0 CALLDATALOAD PUSH29 0x100000000000000000000000000000000000000000000000000000000 SWAP1 DIV PUSH4 0xFFFFFFFF AND DUP1 PUSH4 0x6FDDE03 EQ PUSH2 0xCA JUMPI DUP1 PUSH4 0x95EA7B3 EQ PUSH2 0x158 JUMPI DUP1 PUSH4 0x18160DDD EQ PUSH2 0x1A7 JUMPI DUP1 PUSH4 0x23B872DD EQ PUSH2 0x1D0 JUMPI DUP1 PUSH4 0x313CE567 EQ PUSH2 0x23E JUMPI DUP1 PUSH4 0x42966C68 EQ PUSH2 0x26D JUMPI DUP1 PUSH4 0x5A3B7E42 EQ PUSH2 0x29D JUMPI DUP1 PUSH4 0x70A08231 EQ PUSH2 0x32B JUMPI DUP1 PUSH4 0x79CC6790 EQ PUSH2 0x378 JUMPI DUP1 PUSH4 0x95D89B41 EQ PUSH2 0x3D2 JUMPI DUP1 PUSH4 0xA9059CBB EQ PUSH2 0x460 JUMPI DUP1 PUSH4 0xCAE9CA51 EQ PUSH2 0x497 JUMPI DUP1 PUSH4 0xDD62ED3E EQ PUSH2 0x529 JUMPI JUMPDEST PUSH1 0x0 DUP1 REVERT JUMPDEST CALLVALUE ISZERO PUSH2 0xD5 JUMPI PUSH1 0x0 DUP1 REVERT JUMPDEST PUSH2 0xDD PUSH2 0x595 JUMP JUMPDEST PUSH1 0x40 MLOAD DUP1 DUP1 PUSH1 0x20 ADD DUP3 DUP2 SUB DUP3 MSTORE DUP4 DUP2 DUP2 MLOAD DUP2 MSTORE PUSH1 0x20 ADD SWAP2 POP DUP1 MLOAD SWAP1 PUSH1 0x20 ADD SWAP1 DUP1 DUP4 DUP4 PUSH1 0x0 JUMPDEST DUP4 DUP2 LT ISZERO PUSH2 0x11D JUMPI DUP1 DUP3 ADD MLOAD DUP2 DUP5 ADD MSTORE PUSH1 0x20 DUP2 ADD SWAP1 POP PUSH2 0x102 JUMP JUMPDEST POP POP POP POP SWAP1 POP SWAP1 DUP2 ADD SWAP1 PUSH1 0x1F AND DUP1 ISZERO PUSH2 0x14A JUMPI DUP1 DUP3 SUB DUP1 MLOAD PUSH1 0x1 DUP4 PUSH1 0x20 SUB PUSH2 0x100 EXP SUB NOT AND DUP2 MSTORE PUSH1 0x20 ADD SWAP2 POP JUMPDEST POP SWAP3 POP POP POP PUSH1 0x40 MLOAD DUP1 SWAP2 SUB SWAP1 RETURN JUMPDEST PUSH2 0x18D PUSH1 0x4 DUP1 DUP1 CALLDATALOAD PUSH20 0xFFFFFFFFFFFFFFFFFFFFFFFFFFFFFFFFFFFFFFFF AND SWAP1 PUSH1 0x20 ADD SWAP1 SWAP2 SWAP1 DUP1 CALLDATALOAD SWAP1 PUSH1 0x20 ADD SWAP1 SWAP2 SWAP1 POP POP PUSH2 0x633 JUMP JUMPDEST PUSH1 0x40 MLOAD DUP1 DUP3 ISZERO ISZERO ISZERO ISZERO DUP2 MSTORE PUSH1 0x20 ADD SWAP2 POP POP PUSH1 0x40 MLOAD DUP1 SWAP2 SUB SWAP1 RETURN JUMPDEST CALLVALUE ISZERO PUSH2 0x1B2 JUMPI PUSH1 0x0 DUP1 REVERT JUMPDEST PUSH2 0x1BA PUSH2 0x6C0 JUMP JUMPDEST PUSH1 0x40 MLOAD DUP1 DUP3 DUP2 MSTORE PUSH1 0x20 ADD SWAP2 POP POP PUSH1 0x40 MLOAD DUP1 SWAP2 SUB SWAP1 RETURN JUMPDEST PUSH2 0x224 PUSH1 0x4 DUP1 DUP1 CALLDATALOAD PUSH20 0xFFFFFFFFFFFFFFFFFFFFFFFFFFFFFFFFFFFFFFFF AND SWAP1 PUSH1 0x20 ADD SWAP1 SWAP2 SWAP1 DUP1 CALLDATALOAD PUSH20 0xFFFFFFFFFFFFFFFFFFFFFFFFFFFFFFFFFFFFFFFF AND SWAP1 PUSH1 0x20 ADD SWAP1 SWAP2 SWAP1 DUP1 CALLDATALOAD SWAP1 PUSH1 0x20 ADD SWAP1 SWAP2 SWAP1 POP POP PUSH2 0x6C6 JUMP JUMPDEST PUSH1 0x40 MLOAD DUP1 DUP3 ISZERO ISZERO ISZERO ISZERO DUP2 MSTORE PUSH1 0x20 ADD SWAP2 POP POP PUSH1 0x40 MLOAD DUP1 SWAP2 SUB SWAP1 RETURN JUMPDEST CALLVALUE ISZERO PUSH2 0x249 JUMPI PUSH1 0x0 DUP1 REVERT JUMPDEST PUSH2 0x251 PUSH2 0x9E9 JUMP JUMPDEST PUSH1 0x40 MLOAD DUP1 DUP3 PUSH1 0xFF AND PUSH1 0xFF AND DUP2 MSTORE PUSH1 0x20 ADD SWAP2 POP POP PUSH1 0x40 MLOAD DUP1 SWAP2 SUB SWAP1 RETURN JUMPDEST PUSH2 0x283 PUSH1 0x4 DUP1 DUP1 CALLDATALOAD SWAP1 PUSH1 0x20 ADD SWAP1 SWAP2 SWAP1 POP POP PUSH2 0x9FC JUMP JUMPDEST PUSH1 0x40 MLOAD DUP1 DUP3 ISZERO ISZERO ISZERO ISZERO DUP2 MSTORE PUSH1 0x20 ADD SWAP2 POP POP PUSH1 0x40 MLOAD DUP1 SWAP2 SUB SWAP1 RETURN JUMPDEST CALLVALUE ISZERO PUSH2 0x2A8 JUMPI PUSH1 0x0 DUP1 REVERT JUMPDEST PUSH2 0x2B0 PUSH2 0xB00 JUMP JUMPDEST PUSH1 0x40 MLOAD DUP1 DUP1 PUSH1 0x20 ADD DUP3 DUP2 SUB DUP3 MSTORE DUP4 DUP2 DUP2 MLOAD DUP2 MSTORE PUSH1 0x20 ADD SWAP2 POP DUP1 MLOAD SWAP1 PUSH1 0x20 ADD SWAP1 DUP1 DUP4 DUP4 PUSH1 0x0 JUMPDEST DUP4 DUP2 LT ISZERO PUSH2 0x2F0 JUMPI DUP1 DUP3 ADD MLOAD DUP2 DUP5 ADD MSTORE PUSH1 0x20 DUP2 ADD SWAP1 POP PUSH2 0x2D5 JUMP JUMPDEST POP POP POP POP SWAP1 POP SWAP1 DUP2 ADD SWAP1 PUSH1 0x1F AND DUP1 ISZERO PUSH2 0x31D JUMPI DUP1 DUP3 SUB DUP1 MLOAD PUSH1 0x1 DUP4 PUSH1 0x20 SUB PUSH2 0x100 EXP SUB NOT AND DUP2 MSTORE PUSH1 0x20 ADD SWAP2 POP JUMPDEST POP SWAP3 POP POP POP PUSH1 0x40 MLOAD DUP1 SWAP2 SUB SWAP1 RETURN JUMPDEST CALLVALUE ISZERO PUSH2 0x336 JUMPI PUSH1 0x0 DUP1 REVERT JUMPDEST PUSH2 0x362 PUSH1 0x4 DUP1 DUP1 CALLDATALOAD PUSH20 0xFFFFFFFFFFFFFFFFFFFFFFFFFFFFFFFFFFFFFFFF AND SWAP1 PUSH1 0x20 ADD SWAP1 SWAP2 SWAP1 POP POP PUSH2 0xB9E JUMP JUMPDEST PUSH1 0x40 MLOAD DUP1 DUP3 DUP2 MSTORE PUSH1 0x20 ADD SWAP2 POP POP PUSH1 0x40 MLOAD DUP1 SWAP2 SUB SWAP1 RETURN JUMPDEST CALLVALUE ISZERO PUSH2 0x383 JUMPI PUSH1 0x0 DUP1 REVERT JUMPDEST PUSH2 0x3B8 PUSH1 0x4 DUP1 DUP1 CALLDATALOAD PUSH20 0xFFFFFFFFFFFFFFFFFFFFFFFFFFFFFFFFFFFFFFFF AND SWAP1 PUSH1 0x20 ADD SWAP1 SWAP2 SWAP1 DUP1 CALLDATALOAD SWAP1 PUSH1 0x20 ADD SWAP1 SWAP2 SWAP1 POP POP PUSH2 0xBB6 JUMP JUMPDEST PUSH1 0x40 MLOAD DUP1 DUP3 ISZERO ISZERO ISZERO ISZERO DUP2 MSTORE PUSH1 0x20 ADD SWAP2 POP POP PUSH1 0x40 MLOAD DUP1 SWAP2 SUB SWAP1 RETURN JUMPDEST CALLVALUE ISZERO PUSH2 0x3DD JUMPI PUSH1 0x0 DUP1 REVERT JUMPDEST PUSH2 0x3E5 PUSH2 0xD46 JUMP JUMPDEST PUSH1 0x40 MLOAD DUP1 DUP1 PUSH1 0x20 ADD DUP3 DUP2 SUB DUP3 MSTORE DUP4 DUP2 DUP2 MLOAD DUP2 MSTORE PUSH1 0x20 ADD SWAP2 POP DUP1 MLOAD SWAP1 PUSH1 0x20 ADD SWAP1 DUP1 DUP4 DUP4 PUSH1 0x0 JUMPDEST DUP4 DUP2 LT ISZERO PUSH2 0x425 JUMPI DUP1 DUP3 ADD MLOAD DUP2 DUP5 ADD MSTORE PUSH1 0x20 DUP2 ADD SWAP1 POP PUSH2 0x40A JUMP JUMPDEST POP POP POP POP SWAP1 POP SWAP1 DUP2 ADD SWAP1 PUSH1 0x1F AND DUP1 ISZERO PUSH2 0x452 JUMPI DUP1 DUP3 SUB DUP1 MLOAD PUSH1 0x1 DUP4 PUSH1 0x20 SUB PUSH2 0x100 EXP SUB NOT AND DUP2 MSTORE PUSH1 0x20 ADD SWAP2 POP JUMPDEST POP SWAP3 POP POP POP PUSH1 0x40 MLOAD DUP1 SWAP2 SUB SWAP1 RETURN JUMPDEST PUSH2 0x495 PUSH1 0x4 DUP1 DUP1 CALLDATALOAD PUSH20 0xFFFFFFFFFFFFFFFFFFFFFFFFFFFFFFFFFFFFFFFF AND SWAP1 PUSH1 0x20 ADD SWAP1 SWAP2 SWAP1 DUP1 CALLDATALOAD SWAP1 PUSH1 0x20 ADD SWAP1 SWAP2 SWAP1 POP POP PUSH2 0xDE4 JUMP JUMPDEST STOP JUMPDEST PUSH2 0x50F PUSH1 0x4 DUP1 DUP1 CALLDATALOAD PUSH20 0xFFFFFFFFFFFFFFFFFFFFFFFFFFFFFFFFFFFFFFFF AND SWAP1 PUSH1 0x20 ADD SWAP1 SWAP2 SWAP1 DUP1 CALLDATALOAD SWAP1 PUSH1 0x20 ADD SWAP1 SWAP2 SWAP1 DUP1 CALLDATALOAD SWAP1 PUSH1 0x20 ADD SWAP1 DUP3 ADD DUP1 CALLDATALOAD SWAP1 PUSH1 0x20 ADD SWAP1 DUP1 DUP1 PUSH1 0x1F ADD PUSH1 0x20 DUP1 SWAP2 DIV MUL PUSH1 0x20 ADD PUSH1 0x40 MLOAD SWAP1 DUP2 ADD PUSH1 0x40 MSTORE DUP1 SWAP4 SWAP3 SWAP2 SWAP1 DUP2 DUP2 MSTORE PUSH1 0x20 ADD DUP4 DUP4 DUP1 DUP3 DUP5 CALLDATACOPY DUP3 ADD SWAP2 POP POP POP POP POP POP SWAP2 SWAP1 POP POP PUSH2 0xFEA JUMP JUMPDEST PUSH1 0x40 MLOAD DUP1 DUP3 ISZERO ISZERO ISZERO ISZERO DUP2 MSTORE PUSH1 0x20 ADD SWAP2 POP POP PUSH1 0x40 MLOAD DUP1 SWAP2 SUB SWAP1 RETURN JUMPDEST CALLVALUE ISZERO PUSH2 0x534 JUMPI PUSH1 0x0 DUP1 REVERT JUMPDEST PUSH2 0x57F PUSH1 0x4 DUP1 DUP1 CALLDATALOAD PUSH20 0xFFFFFFFFFFFFFFFFFFFFFFFFFFFFFFFFFFFFFFFF AND SWAP1 PUSH1 0x20 ADD SWAP1 SWAP2 SWAP1 DUP1 CALLDATALOAD PUSH20 0xFFFFFFFFFFFFFFFFFFFFFFFFFFFFFFFFFFFFFFFF AND SWAP1 PUSH1 0x20 ADD SWAP1 SWAP2 SWAP1 POP POP PUSH2 0x1168 JUMP JUMPDEST PUSH1 0x40 MLOAD DUP1 DUP3 DUP2 MSTORE PUSH1 0x20 ADD SWAP2 POP POP PUSH1 0x40 MLOAD DUP1 SWAP2 SUB SWAP1 RETURN JUMPDEST PUSH1 0x1 DUP1 SLOAD PUSH1 0x1 DUP2 PUSH1 0x1 AND ISZERO PUSH2 0x100 MUL SUB AND PUSH1 0x2 SWAP1 DIV DUP1 PUSH1 0x1F ADD PUSH1 0x20 DUP1 SWAP2 DIV MUL PUSH1 0x20 ADD PUSH1 0x40 MLOAD SWAP1 DUP2 ADD PUSH1 0x40 MSTORE DUP1 SWAP3 SWAP2 SWAP1 DUP2 DUP2 MSTORE PUSH1 0x20 ADD DUP3 DUP1 SLOAD PUSH1 0x1 DUP2 PUSH1 0x1 AND ISZERO PUSH2 0x100 MUL SUB AND PUSH1 0x2 SWAP1 DIV DUP1 ISZERO PUSH2 0x62B JUMPI DUP1 PUSH1 0x1F LT PUSH2 0x600 JUMPI PUSH2 0x100 DUP1 DUP4 SLOAD DIV MUL DUP4 MSTORE SWAP2 PUSH1 0x20 ADD SWAP2 PUSH2 0x62B JUMP JUMPDEST DUP3 ADD SWAP2 SWAP1 PUSH1 0x0 MSTORE PUSH1 0x20 PUSH1 0x0 KECCAK256 SWAP1 JUMPDEST DUP2 SLOAD DUP2 MSTORE SWAP1 PUSH1 0x1 ADD SWAP1 PUSH1 0x20 ADD DUP1 DUP4 GT PUSH2 0x60E JUMPI DUP3 SWAP1 SUB PUSH1 0x1F AND DUP3 ADD SWAP2 JUMPDEST POP POP POP POP POP DUP2 JUMP JUMPDEST PUSH1 0x0 DUP2 PUSH1 0x6 PUSH1 0x0 CALLER PUSH20 0xFFFFFFFFFFFFFFFFFFFFFFFFFFFFFFFFFFFFFFFF AND PUSH20 0xFFFFFFFFFFFFFFFFFFFFFFFFFFFFFFFFFFFFFFFF AND DUP2 MSTORE PUSH1 0x20 ADD SWAP1 DUP2 MSTORE PUSH1 0x20 ADD PUSH1 0x0 KECCAK256 PUSH1 0x0 DUP6 PUSH20 0xFFFFFFFFFFFFFFFFFFFFFFFFFFFFFFFFFFFFFFFF AND PUSH20 0xFFFFFFFFFFFFFFFFFFFFFFFFFFFFFFFFFFFFFFFF AND DUP2 MSTORE PUSH1 0x20 ADD SWAP1 DUP2 MSTORE PUSH1 0x20 ADD PUSH1 0x0 KECCAK256 DUP2 SWAP1 SSTORE POP PUSH1 0x1 SWAP1 POP SWAP3 SWAP2 POP POP JUMP JUMPDEST PUSH1 0x4 SLOAD DUP2 JUMP JUMPDEST PUSH1 0x0 DUP1 DUP4 PUSH20 0xFFFFFFFFFFFFFFFFFFFFFFFFFFFFFFFFFFFFFFFF AND EQ ISZERO ISZERO ISZERO PUSH2 0x6ED JUMPI PUSH1 0x0 DUP1 REVERT JUMPDEST DUP2 PUSH1 0x5 PUSH1 0x0 DUP7 PUSH20 0xFFFFFFFFFFFFFFFFFFFFFFFFFFFFFFFFFFFFFFFF AND PUSH20 0xFFFFFFFFFFFFFFFFFFFFFFFFFFFFFFFFFFFFFFFF AND DUP2 MSTORE PUSH1 0x20 ADD SWAP1 DUP2 MSTORE PUSH1 0x20 ADD PUSH1 0x0 KECCAK256 SLOAD LT ISZERO ISZERO ISZERO PUSH2 0x73B JUMPI PUSH1 0x0 DUP1 REVERT JUMPDEST PUSH1 0x5 PUSH1 0x0 DUP5 PUSH20 0xFFFFFFFFFFFFFFFFFFFFFFFFFFFFFFFFFFFFFFFF AND PUSH20 0xFFFFFFFFFFFFFFFFFFFFFFFFFFFFFFFFFFFFFFFF AND DUP2 MSTORE PUSH1 0x20 ADD SWAP1 DUP2 MSTORE PUSH1 0x20 ADD PUSH1 0x0 KECCAK256 SLOAD DUP3 PUSH1 0x5 PUSH1 0x0 DUP7 PUSH20 0xFFFFFFFFFFFFFFFFFFFFFFFFFFFFFFFFFFFFFFFF AND PUSH20 0xFFFFFFFFFFFFFFFFFFFFFFFFFFFFFFFFFFFFFFFF AND DUP2 MSTORE PUSH1 0x20 ADD SWAP1 DUP2 MSTORE PUSH1 0x20 ADD PUSH1 0x0 KECCAK256 SLOAD ADD LT ISZERO ISZERO ISZERO PUSH2 0x7CA JUMPI PUSH1 0x0 DUP1 REVERT JUMPDEST PUSH1 0x6 PUSH1 0x0 DUP6 PUSH20 0xFFFFFFFFFFFFFFFFFFFFFFFFFFFFFFFFFFFFFFFF AND PUSH20 0xFFFFFFFFFFFFFFFFFFFFFFFFFFFFFFFFFFFFFFFF AND DUP2 MSTORE PUSH1 0x20 ADD SWAP1 DUP2 MSTORE PUSH1 0x20 ADD PUSH1 0x0 KECCAK256 PUSH1 0x0 CALLER PUSH20 0xFFFFFFFFFFFFFFFFFFFFFFFFFFFFFFFFFFFFFFFF AND PUSH20 0xFFFFFFFFFFFFFFFFFFFFFFFFFFFFFFFFFFFFFFFF AND DUP2 MSTORE PUSH1 0x20 ADD SWAP1 DUP2 MSTORE PUSH1 0x20 ADD PUSH1 0x0 KECCAK256 SLOAD DUP3 GT ISZERO ISZERO ISZERO PUSH2 0x855 JUMPI PUSH1 0x0 DUP1 REVERT JUMPDEST DUP2 PUSH1 0x5 PUSH1 0x0 DUP7 PUSH20 0xFFFFFFFFFFFFFFFFFFFFFFFFFFFFFFFFFFFFFFFF AND PUSH20 0xFFFFFFFFFFFFFFFFFFFFFFFFFFFFFFFFFFFFFFFF AND DUP2 MSTORE PUSH1 0x20 ADD SWAP1 DUP2 MSTORE PUSH1 0x20 ADD PUSH1 0x0 KECCAK256 PUSH1 0x0 DUP3 DUP3 SLOAD SUB SWAP3 POP POP DUP2 SWAP1 SSTORE POP DUP2 PUSH1 0x5 PUSH1 0x0 DUP6 PUSH20 0xFFFFFFFFFFFFFFFFFFFFFFFFFFFFFFFFFFFFFFFF AND PUSH20 0xFFFFFFFFFFFFFFFFFFFFFFFFFFFFFFFFFFFFFFFF AND DUP2 MSTORE PUSH1 0x20 ADD SWAP1 DUP2 MSTORE PUSH1 0x20 ADD PUSH1 0x0 KECCAK256 PUSH1 0x0 DUP3 DUP3 SLOAD ADD SWAP3 POP POP DUP2 SWAP1 SSTORE POP DUP2 PUSH1 0x6 PUSH1 0x0 DUP7 PUSH20 0xFFFFFFFFFFFFFFFFFFFFFFFFFFFFFFFFFFFFFFFF AND PUSH20 0xFFFFFFFFFFFFFFFFFFFFFFFFFFFFFFFFFFFFFFFF AND DUP2 MSTORE PUSH1 0x20 ADD SWAP1 DUP2 MSTORE PUSH1 0x20 ADD PUSH1 0x0 KECCAK256 PUSH1 0x0 CALLER PUSH20 0xFFFFFFFFFFFFFFFFFFFFFFFFFFFFFFFFFFFFFFFF AND PUSH20 0xFFFFFFFFFFFFFFFFFFFFFFFFFFFFFFFFFFFFFFFF AND DUP2 MSTORE PUSH1 0x20 ADD SWAP1 DUP2 MSTORE PUSH1 0x20 ADD PUSH1 0x0 KECCAK256 PUSH1 0x0 DUP3 DUP3 SLOAD SUB SWAP3 POP POP DUP2 SWAP1 SSTORE POP DUP3 PUSH20 0xFFFFFFFFFFFFFFFFFFFFFFFFFFFFFFFFFFFFFFFF AND DUP5 PUSH20 0xFFFFFFFFFFFFFFFFFFFFFFFFFFFFFFFFFFFFFFFF AND PUSH32 0xDDF252AD1BE2C89B69C2B068FC378DAA952BA7F163C4A11628F55A4DF523B3EF DUP5 PUSH1 0x40 MLOAD DUP1 DUP3 DUP2 MSTORE PUSH1 0x20 ADD SWAP2 POP POP PUSH1 0x40 MLOAD DUP1 SWAP2 SUB SWAP1 LOG3 PUSH1 0x1 SWAP1 POP SWAP4 SWAP3 POP POP POP JUMP JUMPDEST PUSH1 0x3 PUSH1 0x0 SWAP1 SLOAD SWAP1 PUSH2 0x100 EXP SWAP1 DIV PUSH1 0xFF AND DUP2 JUMP JUMPDEST PUSH1 0x0 DUP2 PUSH1 0x5 PUSH1 0x0 CALLER PUSH20 0xFFFFFFFFFFFFFFFFFFFFFFFFFFFFFFFFFFFFFFFF AND PUSH20 0xFFFFFFFFFFFFFFFFFFFFFFFFFFFFFFFFFFFFFFFF AND DUP2 MSTORE PUSH1 0x20 ADD SWAP1 DUP2 MSTORE PUSH1 0x20 ADD PUSH1 0x0 KECCAK256 SLOAD LT ISZERO ISZERO ISZERO PUSH2 0xA4C JUMPI PUSH1 0x0 DUP1 REVERT JUMPDEST DUP2 PUSH1 0x5 PUSH1 0x0 CALLER PUSH20 0xFFFFFFFFFFFFFFFFFFFFFFFFFFFFFFFFFFFFFFFF AND PUSH20 0xFFFFFFFFFFFFFFFFFFFFFFFFFFFFFFFFFFFFFFFF AND DUP2 MSTORE PUSH1 0x20 ADD SWAP1 DUP2 MSTORE PUSH1 0x20 ADD PUSH1 0x0 KECCAK256 PUSH1 0x0 DUP3 DUP3 SLOAD SUB SWAP3 POP POP DUP2 SWAP1 SSTORE POP DUP2 PUSH1 0x4 PUSH1 0x0 DUP3 DUP3 SLOAD SUB SWAP3 POP POP DUP2 SWAP1 SSTORE POP CALLER PUSH20 0xFFFFFFFFFFFFFFFFFFFFFFFFFFFFFFFFFFFFFFFF AND PUSH32 0xCC16F5DBB4873280815C1EE09DBD06736CFFCC184412CF7A71A0FDB75D397CA5 DUP4 PUSH1 0x40 MLOAD DUP1 DUP3 DUP2 MSTORE PUSH1 0x20 ADD SWAP2 POP POP PUSH1 0x40 MLOAD DUP1 SWAP2 SUB SWAP1 LOG2 PUSH1 0x1 SWAP1 POP SWAP2 SWAP1 POP JUMP JUMPDEST PUSH1 0x0 DUP1 SLOAD PUSH1 0x1 DUP2 PUSH1 0x1 AND ISZERO PUSH2 0x100 MUL SUB AND PUSH1 0x2 SWAP1 DIV DUP1 PUSH1 0x1F ADD PUSH1 0x20 DUP1 SWAP2 DIV MUL PUSH1 0x20 ADD PUSH1 0x40 MLOAD SWAP1 DUP2 ADD PUSH1 0x40 MSTORE DUP1 SWAP3 SWAP2 SWAP1 DUP2 DUP2 MSTORE PUSH1 0x20 ADD DUP3 DUP1 SLOAD PUSH1 0x1 DUP2 PUSH1 0x1 AND ISZERO PUSH2 0x100 MUL SUB AND PUSH1 0x2 SWAP1 DIV DUP1 ISZERO PUSH2 0xB96 JUMPI DUP1 PUSH1 0x1F LT PUSH2 0xB6B JUMPI PUSH2 0x100 DUP1 DUP4 SLOAD DIV MUL DUP4 MSTORE SWAP2 PUSH1 0x20 ADD SWAP2 PUSH2 0xB96 JUMP JUMPDEST DUP3 ADD SWAP2 SWAP1 PUSH1 0x0 MSTORE PUSH1 0x20 PUSH1 0x0 KECCAK256 SWAP1 JUMPDEST DUP2 SLOAD DUP2 MSTORE SWAP1 PUSH1 0x1 ADD SWAP1 PUSH1 0x20 ADD DUP1 DUP4 GT PUSH2 0xB79 JUMPI DUP3 SWAP1 SUB PUSH1 0x1F AND DUP3 ADD SWAP2 JUMPDEST POP POP POP POP POP DUP2 JUMP JUMPDEST PUSH1 0x5 PUSH1 0x20 MSTORE DUP1 PUSH1 0x0 MSTORE PUSH1 0x40 PUSH1 0x0 KECCAK256 PUSH1 0x0 SWAP2 POP SWAP1 POP SLOAD DUP2 JUMP JUMPDEST PUSH1 0x0 DUP2 PUSH1 0x5 PUSH1 0x0 DUP6 PUSH20 0xFFFFFFFFFFFFFFFFFFFFFFFFFFFFFFFFFFFFFFFF AND PUSH20 0xFFFFFFFFFFFFFFFFFFFFFFFFFFFFFFFFFFFFFFFF AND DUP2 MSTORE PUSH1 0x20 ADD SWAP1 DUP2 MSTORE PUSH1 0x20 ADD PUSH1 0x0 KECCAK256 SLOAD LT ISZERO ISZERO ISZERO PUSH2 0xC06 JUMPI PUSH1 0x0 DUP1 REVERT JUMPDEST PUSH1 0x6 PUSH1 0x0 DUP5 PUSH20 0xFFFFFFFFFFFFFFFFFFFFFFFFFFFFFFFFFFFFFFFF AND PUSH20 0xFFFFFFFFFFFFFFFFFFFFFFFFFFFFFFFFFFFFFFFF AND DUP2 MSTORE PUSH1 0x20 ADD SWAP1 DUP2 MSTORE PUSH1 0x20 ADD PUSH1 0x0 KECCAK256 PUSH1 0x0 CALLER PUSH20 0xFFFFFFFFFFFFFFFFFFFFFFFFFFFFFFFFFFFFFFFF AND PUSH20 0xFFFFFFFFFFFFFFFFFFFFFFFFFFFFFFFFFFFFFFFF AND DUP2 MSTORE PUSH1 0x20 ADD SWAP1 DUP2 MSTORE PUSH1 0x20 ADD PUSH1 0x0 KECCAK256 SLOAD DUP3 GT ISZERO ISZERO ISZERO PUSH2 0xC91 JUMPI PUSH1 0x0 DUP1 REVERT JUMPDEST DUP2 PUSH1 0x5 PUSH1 0x0 DUP6 PUSH20 0xFFFFFFFFFFFFFFFFFFFFFFFFFFFFFFFFFFFFFFFF AND PUSH20 0xFFFFFFFFFFFFFFFFFFFFFFFFFFFFFFFFFFFFFFFF AND DUP2 MSTORE PUSH1 0x20 ADD SWAP1 DUP2 MSTORE PUSH1 0x20 ADD PUSH1 0x0 KECCAK256 PUSH1 0x0 DUP3 DUP3 SLOAD SUB SWAP3 POP POP DUP2 SWAP1 SSTORE POP DUP2 PUSH1 0x4 PUSH1 0x0 DUP3 DUP3 SLOAD SUB SWAP3 POP POP DUP2 SWAP1 SSTORE POP DUP3 PUSH20 0xFFFFFFFFFFFFFFFFFFFFFFFFFFFFFFFFFFFFFFFF AND PUSH32 0xCC16F5DBB4873280815C1EE09DBD06736CFFCC184412CF7A71A0FDB75D397CA5 DUP4 PUSH1 0x40 MLOAD DUP1 DUP3 DUP2 MSTORE PUSH1 0x20 ADD SWAP2 POP POP PUSH1 0x40 MLOAD DUP1 SWAP2 SUB SWAP1 LOG2 PUSH1 0x1 SWAP1 POP SWAP3 SWAP2 POP POP JUMP JUMPDEST PUSH1 0x2 DUP1 SLOAD PUSH1 0x1 DUP2 PUSH1 0x1 AND ISZERO PUSH2 0x100 MUL SUB AND PUSH1 0x2 SWAP1 DIV DUP1 PUSH1 0x1F ADD PUSH1 0x20 DUP1 SWAP2 DIV MUL PUSH1 0x20 ADD PUSH1 0x40 MLOAD SWAP1 DUP2 ADD PUSH1 0x40 MSTORE DUP1 SWAP3 SWAP2 SWAP1 DUP2 DUP2 MSTORE PUSH1 0x20 ADD DUP3 DUP1 SLOAD PUSH1 0x1 DUP2 PUSH1 0x1 AND ISZERO PUSH2 0x100 MUL SUB AND PUSH1 0x2 SWAP1 DIV DUP1 ISZERO PUSH2 0xDDC JUMPI DUP1 PUSH1 0x1F LT PUSH2 0xDB1 JUMPI PUSH2 0x100 DUP1 DUP4 SLOAD DIV MUL DUP4 MSTORE SWAP2 PUSH1 0x20 ADD SWAP2 PUSH2 0xDDC JUMP JUMPDEST DUP3 ADD SWAP2 SWAP1 PUSH1 0x0 MSTORE PUSH1 0x20 PUSH1 0x0 KECCAK256 SWAP1 JUMPDEST DUP2 SLOAD DUP2 MSTORE SWAP1 PUSH1 0x1 ADD SWAP1 PUSH1 0x20 ADD DUP1 DUP4 GT PUSH2 0xDBF JUMPI DUP3 SWAP1 SUB PUSH1 0x1F AND DUP3 ADD SWAP2 JUMPDEST POP POP POP POP POP DUP2 JUMP JUMPDEST PUSH1 0x0 DUP3 PUSH20 0xFFFFFFFFFFFFFFFFFFFFFFFFFFFFFFFFFFFFFFFF AND EQ ISZERO ISZERO ISZERO PUSH2 0xE0A JUMPI PUSH1 0x0 DUP1 REVERT JUMPDEST DUP1 PUSH1 0x5 PUSH1 0x0 CALLER PUSH20 0xFFFFFFFFFFFFFFFFFFFFFFFFFFFFFFFFFFFFFFFF AND PUSH20 0xFFFFFFFFFFFFFFFFFFFFFFFFFFFFFFFFFFFFFFFF AND DUP2 MSTORE PUSH1 0x20 ADD SWAP1 DUP2 MSTORE PUSH1 0x20 ADD PUSH1 0x0 KECCAK256 SLOAD LT ISZERO ISZERO ISZERO PUSH2 0xE58 JUMPI PUSH1 0x0 DUP1 REVERT JUMPDEST PUSH1 0x5 PUSH1 0x0 DUP4 PUSH20 0xFFFFFFFFFFFFFFFFFFFFFFFFFFFFFFFFFFFFFFFF AND PUSH20 0xFFFFFFFFFFFFFFFFFFFFFFFFFFFFFFFFFFFFFFFF AND DUP2 MSTORE PUSH1 0x20 ADD SWAP1 DUP2 MSTORE PUSH1 0x20 ADD PUSH1 0x0 KECCAK256 SLOAD DUP2 PUSH1 0x5 PUSH1 0x0 DUP6 PUSH20 0xFFFFFFFFFFFFFFFFFFFFFFFFFFFFFFFFFFFFFFFF AND PUSH20 0xFFFFFFFFFFFFFFFFFFFFFFFFFFFFFFFFFFFFFFFF AND DUP2 MSTORE PUSH1 0x20 ADD SWAP1 DUP2 MSTORE PUSH1 0x20 ADD PUSH1 0x0 KECCAK256 SLOAD ADD LT ISZERO ISZERO ISZERO PUSH2 0xEE7 JUMPI PUSH1 0x0 DUP1 REVERT JUMPDEST DUP1 PUSH1 0x5 PUSH1 0x0 CALLER PUSH20 0xFFFFFFFFFFFFFFFFFFFFFFFFFFFFFFFFFFFFFFFF AND PUSH20 0xFFFFFFFFFFFFFFFFFFFFFFFFFFFFFFFFFFFFFFFF AND DUP2 MSTORE PUSH1 0x20 ADD SWAP1 DUP2 MSTORE PUSH1 0x20 ADD PUSH1 0x0 KECCAK256 PUSH1 0x0 DUP3 DUP3 SLOAD SUB SWAP3 POP POP DUP2 SWAP1 SSTORE POP DUP1 PUSH1 0x5 PUSH1 0x0 DUP5 PUSH20 0xFFFFFFFFFFFFFFFFFFFFFFFFFFFFFFFFFFFFFFFF AND PUSH20 0xFFFFFFFFFFFFFFFFFFFFFFFFFFFFFFFFFFFFFFFF AND DUP2 MSTORE PUSH1 0x20 ADD SWAP1 DUP2 MSTORE PUSH1 0x20 ADD PUSH1 0x0 KECCAK256 PUSH1 0x0 DUP3 DUP3 SLOAD ADD SWAP3 POP POP DUP2 SWAP1 SSTORE POP DUP2 PUSH20 0xFFFFFFFFFFFFFFFFFFFFFFFFFFFFFFFFFFFFFFFF AND CALLER PUSH20 0xFFFFFFFFFFFFFFFFFFFFFFFFFFFFFFFFFFFFFFFF AND PUSH32 0xDDF252AD1BE2C89B69C2B068FC378DAA952BA7F163C4A11628F55A4DF523B3EF DUP4 PUSH1 0x40 MLOAD DUP1 DUP3 DUP2 MSTORE PUSH1 0x20 ADD SWAP2 POP POP PUSH1 0x40 MLOAD DUP1 SWAP2 SUB SWAP1 LOG3 POP POP JUMP JUMPDEST PUSH1 0x0 DUP1 DUP5 SWAP1 POP PUSH2 0xFFA DUP6 DUP6 PUSH2 0x633 JUMP JUMPDEST ISZERO PUSH2 0x115F JUMPI DUP1 PUSH20 0xFFFFFFFFFFFFFFFFFFFFFFFFFFFFFFFFFFFFFFFF AND PUSH4 0x8F4FFCB1 CALLER DUP7 ADDRESS DUP8 PUSH1 0x40 MLOAD DUP6 PUSH4 0xFFFFFFFF AND PUSH29 0x100000000000000000000000000000000000000000000000000000000 MUL DUP2 MSTORE PUSH1 0x4 ADD DUP1 DUP6 PUSH20 0xFFFFFFFFFFFFFFFFFFFFFFFFFFFFFFFFFFFFFFFF AND PUSH20 0xFFFFFFFFFFFFFFFFFFFFFFFFFFFFFFFFFFFFFFFF AND DUP2 MSTORE PUSH1 0x20 ADD DUP5 DUP2 MSTORE PUSH1 0x20 ADD DUP4 PUSH20 0xFFFFFFFFFFFFFFFFFFFFFFFFFFFFFFFFFFFFFFFF AND PUSH20 0xFFFFFFFFFFFFFFFFFFFFFFFFFFFFFFFFFFFFFFFF AND DUP2 MSTORE PUSH1 0x20 ADD DUP1 PUSH1 0x20 ADD DUP3 DUP2 SUB DUP3 MSTORE DUP4 DUP2 DUP2 MLOAD DUP2 MSTORE PUSH1 0x20 ADD SWAP2 POP DUP1 MLOAD SWAP1 PUSH1 0x20 ADD SWAP1 DUP1 DUP4 DUP4 PUSH1 0x0 JUMPDEST DUP4 DUP2 LT ISZERO PUSH2 0x10F4 JUMPI DUP1 DUP3 ADD MLOAD DUP2 DUP5 ADD MSTORE PUSH1 0x20 DUP2 ADD SWAP1 POP PUSH2 0x10D9 JUMP JUMPDEST POP POP POP POP SWAP1 POP SWAP1 DUP2 ADD SWAP1 PUSH1 0x1F AND DUP1 ISZERO PUSH2 0x1121 JUMPI DUP1 DUP3 SUB DUP1 MLOAD PUSH1 0x1 DUP4 PUSH1 0x20 SUB PUSH2 0x100 EXP SUB NOT AND DUP2 MSTORE PUSH1 0x20 ADD SWAP2 POP JUMPDEST POP SWAP6 POP POP POP POP POP POP PUSH1 0x0 PUSH1 0x40 MLOAD DUP1 DUP4 SUB DUP2 PUSH1 0x0 DUP8 DUP1 EXTCODESIZE ISZERO ISZERO PUSH2 0x1142 JUMPI PUSH1 0x0 DUP1 REVERT JUMPDEST PUSH2 0x2C6 GAS SUB CALL ISZERO ISZERO PUSH2 0x1153 JUMPI PUSH1 0x0 DUP1 REVERT JUMPDEST POP POP POP PUSH1 0x1 SWAP2 POP PUSH2 0x1160 JUMP JUMPDEST JUMPDEST POP SWAP4 SWAP3 POP POP POP JUMP JUMPDEST PUSH1 0x6 PUSH1 0x20 MSTORE DUP2 PUSH1 0x0 MSTORE PUSH1 0x40 PUSH1 0x0 KECCAK256 PUSH1 0x20 MSTORE DUP1 PUSH1 0x0 MSTORE PUSH1 0x40 PUSH1 0x0 KECCAK256 PUSH1 0x0 SWAP2 POP SWAP2 POP POP SLOAD DUP2 JUMP STOP LOG1 PUSH6 0x627A7A723058 KECCAK256 PUSH3 0x34E735 RETURNDATACOPY LOG3 SIGNEXTEND 0x4b COINBASE DUP6 0x21 JUMPI SLOAD SSTORE 0xac PUSH30 0x3429419398BA5DAA47C1B5A1444ADEF20029000000000000000000000000
1,PUSH1 0x60 PUSH1 0x40 MSTORE CALLVALUE ISZERO PUSH2 0xF JUMPI PUSH1 0x0 DUP1 REVERT JUMPDEST PUSH4 0x5F5E100 PUSH1 0x2 DUP2 SWAP1 SSTORE POP PUSH32 0x50544E0000000000000000000000000000000000000000000000000000000000 PUSH1 0x5 DUP2 PUSH1 0x0 NOT AND SWAP1 SSTORE POP PUSH20 0x69E28E8AD75ACDCA3058B7E2D93DBB9D3237DE79 PUSH1 0x4 PUSH1 0x0 PUSH2 0x100 EXP DUP2 SLOAD DUP2 PUSH20 0xFFFFFFFFFFFFFFFFFFFFFFFFFFFFFFFFFFFFFFFF MUL NOT AND SWAP1 DUP4 PUSH20 0xFFFFFFFFFFFFFFFFFFFFFFFFFFFFFFFFFFFFFFFF AND MUL OR SWAP1 SSTORE POP PUSH1 0x2 SLOAD PUSH1 0x1 PUSH1 0x0 PUSH1 0x4 PUSH1 0x0 SWAP1 SLOAD SWAP1 PUSH2 0x100 EXP SWAP1 DIV PUSH20 0xFFFFFFFFFFFFFFFFFFFFFFFFFFFFFFFFFFFFFFFF AND PUSH20 0xFFFFFFFFFFFFFFFFFFFFFFFFFFFFFFFFFFFFFFFF AND PUSH20 0xFFFFFFFFFFFFFFFFFFFFFFFFFFFFFFFFFFFFFFFF AND DUP2 MSTORE PUSH1 0x20 ADD SWAP1 DUP2 MSTORE PUSH1 0x20 ADD PUSH1 0x0 KECCAK256 DUP2 SWAP1 SSTORE POP PUSH1 0x8 PUSH1 0x3 DUP2 SWAP1 SSTORE POP PUSH2 0xA9F DUP1 PUSH2 0x119 PUSH1 0x0 CODECOPY PUSH1 0x0 RETURN STOP PUSH1 0x60 PUSH1 0x40 MSTORE PUSH1 0x4 CALLDATASIZE LT PUSH2 0x99 JUMPI PUSH1 0x0 CALLDATALOAD PUSH29 0x100000000000000000000000000000000000000000000000000000000 SWAP1 DIV PUSH4 0xFFFFFFFF AND DUP1 PUSH4 0x95EA7B3 EQ PUSH2 0xA9 JUMPI DUP1 PUSH4 0x18160DDD EQ PUSH2 0x103 JUMPI DUP1 PUSH4 0x23B872DD EQ PUSH2 0x12C JUMPI DUP1 PUSH4 0x313CE567 EQ PUSH2 0x1A5 JUMPI DUP1 PUSH4 0x70A08231 EQ PUSH2 0x1CE JUMPI DUP1 PUSH4 0x8DA5CB5B EQ PUSH2 0x21B JUMPI DUP1 PUSH4 0x95D89B41 EQ PUSH2 0x270 JUMPI DUP1 PUSH4 0xA9059CBB EQ PUSH2 0x2A1 JUMPI DUP1 PUSH4 0xDD62ED3E EQ PUSH2 0x2FB JUMPI JUMPDEST CALLVALUE ISZERO PUSH2 0xA4 JUMPI PUSH1 0x0 DUP1 REVERT JUMPDEST PUSH1 0x0 DUP1 REVERT JUMPDEST CALLVALUE ISZERO PUSH2 0xB4 JUMPI PUSH1 0x0 DUP1 REVERT JUMPDEST PUSH2 0xE9 PUSH1 0x4 DUP1 DUP1 CALLDATALOAD PUSH20 0xFFFFFFFFFFFFFFFFFFFFFFFFFFFFFFFFFFFFFFFF AND SWAP1 PUSH1 0x20 ADD SWAP1 SWAP2 SWAP1 DUP1 CALLDATALOAD SWAP1 PUSH1 0x20 ADD SWAP1 SWAP2 SWAP1 POP POP PUSH2 0x367 JUMP JUMPDEST PUSH1 0x40 MLOAD DUP1 DUP3 ISZERO ISZERO ISZERO ISZERO DUP2 MSTORE PUSH1 0x20 ADD SWAP2 POP POP PUSH1 0x40 MLOAD DUP1 SWAP2 SUB SWAP1 RETURN JUMPDEST CALLVALUE ISZERO PUSH2 0x10E JUMPI PUSH1 0x0 DUP1 REVERT JUMPDEST PUSH2 0x116 PUSH2 0x4EC JUMP JUMPDEST PUSH1 0x40 MLOAD DUP1 DUP3 DUP2 MSTORE PUSH1 0x20 ADD SWAP2 POP POP PUSH1 0x40 MLOAD DUP1 SWAP2 SUB SWAP1 RETURN JUMPDEST CALLVALUE ISZERO PUSH2 0x137 JUMPI PUSH1 0x0 DUP1 REVERT JUMPDEST PUSH2 0x18B PUSH1 0x4 DUP1 DUP1 CALLDATALOAD PUSH20 0xFFFFFFFFFFFFFFFFFFFFFFFFFFFFFFFFFFFFFFFF AND SWAP1 PUSH1 0x20 ADD SWAP1 SWAP2 SWAP1 DUP1 CALLDATALOAD PUSH20 0xFFFFFFFFFFFFFFFFFFFFFFFFFFFFFFFFFFFFFFFF AND SWAP1 PUSH1 0x20 ADD SWAP1 SWAP2 SWAP1 DUP1 CALLDATALOAD SWAP1 PUSH1 0x20 ADD SWAP1 SWAP2 SWAP1 POP POP PUSH2 0x4F2 JUMP JUMPDEST PUSH1 0x40 MLOAD DUP1 DUP3 ISZERO ISZERO ISZERO ISZERO DUP2 MSTORE PUSH1 0x20 ADD SWAP2 POP POP PUSH1 0x40 MLOAD DUP1 SWAP2 SUB SWAP1 RETURN JUMPDEST CALLVALUE ISZERO PUSH2 0x1B0 JUMPI PUSH1 0x0 DUP1 REVERT JUMPDEST PUSH2 0x1B8 PUSH2 0x7A0 JUMP JUMPDEST PUSH1 0x40 MLOAD DUP1 DUP3 DUP2 MSTORE PUSH1 0x20 ADD SWAP2 POP POP PUSH1 0x40 MLOAD DUP1 SWAP2 SUB SWAP1 RETURN JUMPDEST CALLVALUE ISZERO PUSH2 0x1D9 JUMPI PUSH1 0x0 DUP1 REVERT JUMPDEST PUSH2 0x205 PUSH1 0x4 DUP1 DUP1 CALLDATALOAD PUSH20 0xFFFFFFFFFFFFFFFFFFFFFFFFFFFFFFFFFFFFFFFF AND SWAP1 PUSH1 0x20 ADD SWAP1 SWAP2 SWAP1 POP POP PUSH2 0x7A6 JUMP JUMPDEST PUSH1 0x40 MLOAD DUP1 DUP3 DUP2 MSTORE PUSH1 0x20 ADD SWAP2 POP POP PUSH1 0x40 MLOAD DUP1 SWAP2 SUB SWAP1 RETURN JUMPDEST CALLVALUE ISZERO PUSH2 0x226 JUMPI PUSH1 0x0 DUP1 REVERT JUMPDEST PUSH2 0x22E PUSH2 0x7EF JUMP JUMPDEST PUSH1 0x40 MLOAD DUP1 DUP3 PUSH20 0xFFFFFFFFFFFFFFFFFFFFFFFFFFFFFFFFFFFFFFFF AND PUSH20 0xFFFFFFFFFFFFFFFFFFFFFFFFFFFFFFFFFFFFFFFF AND DUP2 MSTORE PUSH1 0x20 ADD SWAP2 POP POP PUSH1 0x40 MLOAD DUP1 SWAP2 SUB SWAP1 RETURN JUMPDEST CALLVALUE ISZERO PUSH2 0x27B JUMPI PUSH1 0x0 DUP1 REVERT JUMPDEST PUSH2 0x283 PUSH2 0x815 JUMP JUMPDEST PUSH1 0x40 MLOAD DUP1 DUP3 PUSH1 0x0 NOT AND PUSH1 0x0 NOT AND DUP2 MSTORE PUSH1 0x20 ADD SWAP2 POP POP PUSH1 0x40 MLOAD DUP1 SWAP2 SUB SWAP1 RETURN JUMPDEST CALLVALUE ISZERO PUSH2 0x2AC JUMPI PUSH1 0x0 DUP1 REVERT JUMPDEST PUSH2 0x2E1 PUSH1 0x4 DUP1 DUP1 CALLDATALOAD PUSH20 0xFFFFFFFFFFFFFFFFFFFFFFFFFFFFFFFFFFFFFFFF AND SWAP1 PUSH1 0x20 ADD SWAP1 SWAP2 SWAP1 DUP1 CALLDATALOAD SWAP1 PUSH1 0x20 ADD SWAP1 SWAP2 SWAP1 POP POP PUSH2 0x81B JUMP JUMPDEST PUSH1 0x40 MLOAD DUP1 DUP3 ISZERO ISZERO ISZERO ISZERO DUP2 MSTORE PUSH1 0x20 ADD SWAP2 POP POP PUSH1 0x40 MLOAD DUP1 SWAP2 SUB SWAP1 RETURN JUMPDEST CALLVALUE ISZERO PUSH2 0x306 JUMPI PUSH1 0x0 DUP1 REVERT JUMPDEST PUSH2 0x351 PUSH1 0x4 DUP1 DUP1 CALLDATALOAD PUSH20 0xFFFFFFFFFFFFFFFFFFFFFFFFFFFFFFFFFFFFFFFF AND SWAP1 PUSH1 0x20 ADD SWAP1 SWAP2 SWAP1 DUP1 CALLDATALOAD PUSH20 0xFFFFFFFFFFFFFFFFFFFFFFFFFFFFFFFFFFFFFFFF AND SWAP1 PUSH1 0x20 ADD SWAP1 SWAP2 SWAP1 POP POP PUSH2 0x9B6 JUMP JUMPDEST PUSH1 0x40 MLOAD DUP1 DUP3 DUP2 MSTORE PUSH1 0x20 ADD SWAP2 POP POP PUSH1 0x40 MLOAD DUP1 SWAP2 SUB SWAP1 RETURN JUMPDEST PUSH1 0x0 DUP1 DUP3 EQ DUP1 PUSH2 0x3F2 JUMPI POP PUSH1 0x0 DUP1 PUSH1 0x0 CALLER PUSH20 0xFFFFFFFFFFFFFFFFFFFFFFFFFFFFFFFFFFFFFFFF AND PUSH20 0xFFFFFFFFFFFFFFFFFFFFFFFFFFFFFFFFFFFFFFFF AND DUP2 MSTORE PUSH1 0x20 ADD SWAP1 DUP2 MSTORE PUSH1 0x20 ADD PUSH1 0x0 KECCAK256 PUSH1 0x0 DUP6 PUSH20 0xFFFFFFFFFFFFFFFFFFFFFFFFFFFFFFFFFFFFFFFF AND PUSH20 0xFFFFFFFFFFFFFFFFFFFFFFFFFFFFFFFFFFFFFFFF AND DUP2 MSTORE PUSH1 0x20 ADD SWAP1 DUP2 MSTORE PUSH1 0x20 ADD PUSH1 0x0 KECCAK256 SLOAD EQ JUMPDEST ISZERO ISZERO PUSH2 0x3FD JUMPI PUSH1 0x0 DUP1 REVERT JUMPDEST DUP2 PUSH1 0x0 DUP1 CALLER PUSH20 0xFFFFFFFFFFFFFFFFFFFFFFFFFFFFFFFFFFFFFFFF AND PUSH20 0xFFFFFFFFFFFFFFFFFFFFFFFFFFFFFFFFFFFFFFFF AND DUP2 MSTORE PUSH1 0x20 ADD SWAP1 DUP2 MSTORE PUSH1 0x20 ADD PUSH1 0x0 KECCAK256 PUSH1 0x0 DUP6 PUSH20 0xFFFFFFFFFFFFFFFFFFFFFFFFFFFFFFFFFFFFFFFF AND PUSH20 0xFFFFFFFFFFFFFFFFFFFFFFFFFFFFFFFFFFFFFFFF AND DUP2 MSTORE PUSH1 0x20 ADD SWAP1 DUP2 MSTORE PUSH1 0x20 ADD PUSH1 0x0 KECCAK256 DUP2 SWAP1 SSTORE POP DUP3 PUSH20 0xFFFFFFFFFFFFFFFFFFFFFFFFFFFFFFFFFFFFFFFF AND CALLER PUSH20 0xFFFFFFFFFFFFFFFFFFFFFFFFFFFFFFFFFFFFFFFF AND PUSH32 0x8C5BE1E5EBEC7D5BD14F71427D1E84F3DD0314C0F7B2291E5B200AC8C7C3B925 DUP5 PUSH1 0x40 MLOAD DUP1 DUP3 DUP2 MSTORE PUSH1 0x20 ADD SWAP2 POP POP PUSH1 0x40 MLOAD DUP1 SWAP2 SUB SWAP1 LOG3 PUSH1 0x1 SWAP1 POP SWAP3 SWAP2 POP POP JUMP JUMPDEST PUSH1 0x2 SLOAD DUP2 JUMP JUMPDEST PUSH1 0x0 DUP1 PUSH1 0x0 DUP1 DUP7 PUSH20 0xFFFFFFFFFFFFFFFFFFFFFFFFFFFFFFFFFFFFFFFF AND PUSH20 0xFFFFFFFFFFFFFFFFFFFFFFFFFFFFFFFFFFFFFFFF AND DUP2 MSTORE PUSH1 0x20 ADD SWAP1 DUP2 MSTORE PUSH1 0x20 ADD PUSH1 0x0 KECCAK256 PUSH1 0x0 CALLER PUSH20 0xFFFFFFFFFFFFFFFFFFFFFFFFFFFFFFFFFFFFFFFF AND PUSH20 0xFFFFFFFFFFFFFFFFFFFFFFFFFFFFFFFFFFFFFFFF AND DUP2 MSTORE PUSH1 0x20 ADD SWAP1 DUP2 MSTORE PUSH1 0x20 ADD PUSH1 0x0 KECCAK256 SLOAD SWAP1 POP PUSH2 0x5C5 DUP4 PUSH1 0x1 PUSH1 0x0 DUP8 PUSH20 0xFFFFFFFFFFFFFFFFFFFFFFFFFFFFFFFFFFFFFFFF AND PUSH20 0xFFFFFFFFFFFFFFFFFFFFFFFFFFFFFFFFFFFFFFFF AND DUP2 MSTORE PUSH1 0x20 ADD SWAP1 DUP2 MSTORE PUSH1 0x20 ADD PUSH1 0x0 KECCAK256 SLOAD PUSH2 0xA3C SWAP1 SWAP2 SWAP1 PUSH4 0xFFFFFFFF AND JUMP JUMPDEST PUSH1 0x1 PUSH1 0x0 DUP7 PUSH20 0xFFFFFFFFFFFFFFFFFFFFFFFFFFFFFFFFFFFFFFFF AND PUSH20 0xFFFFFFFFFFFFFFFFFFFFFFFFFFFFFFFFFFFFFFFF AND DUP2 MSTORE PUSH1 0x20 ADD SWAP1 DUP2 MSTORE PUSH1 0x20 ADD PUSH1 0x0 KECCAK256 DUP2 SWAP1 SSTORE POP PUSH2 0x65A DUP4 PUSH1 0x1 PUSH1 0x0 DUP9 PUSH20 0xFFFFFFFFFFFFFFFFFFFFFFFFFFFFFFFFFFFFFFFF AND PUSH20 0xFFFFFFFFFFFFFFFFFFFFFFFFFFFFFFFFFFFFFFFF AND DUP2 MSTORE PUSH1 0x20 ADD SWAP1 DUP2 MSTORE PUSH1 0x20 ADD PUSH1 0x0 KECCAK256 SLOAD PUSH2 0xA5A SWAP1 SWAP2 SWAP1 PUSH4 0xFFFFFFFF AND JUMP JUMPDEST PUSH1 0x1 PUSH1 0x0 DUP8 PUSH20 0xFFFFFFFFFFFFFFFFFFFFFFFFFFFFFFFFFFFFFFFF AND PUSH20 0xFFFFFFFFFFFFFFFFFFFFFFFFFFFFFFFFFFFFFFFF AND DUP2 MSTORE PUSH1 0x20 ADD SWAP1 DUP2 MSTORE PUSH1 0x20 ADD PUSH1 0x0 KECCAK256 DUP2 SWAP1 SSTORE POP PUSH2 0x6B0 DUP4 DUP3 PUSH2 0xA5A SWAP1 SWAP2 SWAP1 PUSH4 0xFFFFFFFF AND JUMP JUMPDEST PUSH1 0x0 DUP1 DUP8 PUSH20 0xFFFFFFFFFFFFFFFFFFFFFFFFFFFFFFFFFFFFFFFF AND PUSH20 0xFFFFFFFFFFFFFFFFFFFFFFFFFFFFFFFFFFFFFFFF AND DUP2 MSTORE PUSH1 0x20 ADD SWAP1 DUP2 MSTORE PUSH1 0x20 ADD PUSH1 0x0 KECCAK256 PUSH1 0x0 CALLER PUSH20 0xFFFFFFFFFFFFFFFFFFFFFFFFFFFFFFFFFFFFFFFF AND PUSH20 0xFFFFFFFFFFFFFFFFFFFFFFFFFFFFFFFFFFFFFFFF AND DUP2 MSTORE PUSH1 0x20 ADD SWAP1 DUP2 MSTORE PUSH1 0x20 ADD PUSH1 0x0 KECCAK256 DUP2 SWAP1 SSTORE POP DUP4 PUSH20 0xFFFFFFFFFFFFFFFFFFFFFFFFFFFFFFFFFFFFFFFF AND DUP6 PUSH20 0xFFFFFFFFFFFFFFFFFFFFFFFFFFFFFFFFFFFFFFFF AND PUSH32 0xDDF252AD1BE2C89B69C2B068FC378DAA952BA7F163C4A11628F55A4DF523B3EF DUP6 PUSH1 0x40 MLOAD DUP1 DUP3 DUP2 MSTORE PUSH1 0x20 ADD SWAP2 POP POP PUSH1 0x40 MLOAD DUP1 SWAP2 SUB SWAP1 LOG3 PUSH1 0x1 SWAP2 POP POP SWAP4 SWAP3 POP POP POP JUMP JUMPDEST PUSH1 0x3 SLOAD DUP2 JUMP JUMPDEST PUSH1 0x0 PUSH1 0x1 PUSH1 0x0 DUP4 PUSH20 0xFFFFFFFFFFFFFFFFFFFFFFFFFFFFFFFFFFFFFFFF AND PUSH20 0xFFFFFFFFFFFFFFFFFFFFFFFFFFFFFFFFFFFFFFFF AND DUP2 MSTORE PUSH1 0x20 ADD SWAP1 DUP2 MSTORE PUSH1 0x20 ADD PUSH1 0x0 KECCAK256 SLOAD SWAP1 POP SWAP2 SWAP1 POP JUMP JUMPDEST PUSH1 0x4 PUSH1 0x0 SWAP1 SLOAD SWAP1 PUSH2 0x100 EXP SWAP1 DIV PUSH20 0xFFFFFFFFFFFFFFFFFFFFFFFFFFFFFFFFFFFFFFFF AND DUP2 JUMP JUMPDEST PUSH1 0x5 SLOAD DUP2 JUMP JUMPDEST PUSH1 0x0 PUSH2 0x86F DUP3 PUSH1 0x1 PUSH1 0x0 CALLER PUSH20 0xFFFFFFFFFFFFFFFFFFFFFFFFFFFFFFFFFFFFFFFF AND PUSH20 0xFFFFFFFFFFFFFFFFFFFFFFFFFFFFFFFFFFFFFFFF AND DUP2 MSTORE PUSH1 0x20 ADD SWAP1 DUP2 MSTORE PUSH1 0x20 ADD PUSH1 0x0 KECCAK256 SLOAD PUSH2 0xA5A SWAP1 SWAP2 SWAP1 PUSH4 0xFFFFFFFF AND JUMP JUMPDEST PUSH1 0x1 PUSH1 0x0 CALLER PUSH20 0xFFFFFFFFFFFFFFFFFFFFFFFFFFFFFFFFFFFFFFFF AND PUSH20 0xFFFFFFFFFFFFFFFFFFFFFFFFFFFFFFFFFFFFFFFF AND DUP2 MSTORE PUSH1 0x20 ADD SWAP1 DUP2 MSTORE PUSH1 0x20 ADD PUSH1 0x0 KECCAK256 DUP2 SWAP1 SSTORE POP PUSH2 0x904 DUP3 PUSH1 0x1 PUSH1 0x0 DUP7 PUSH20 0xFFFFFFFFFFFFFFFFFFFFFFFFFFFFFFFFFFFFFFFF AND PUSH20 0xFFFFFFFFFFFFFFFFFFFFFFFFFFFFFFFFFFFFFFFF AND DUP2 MSTORE PUSH1 0x20 ADD SWAP1 DUP2 MSTORE PUSH1 0x20 ADD PUSH1 0x0 KECCAK256 SLOAD PUSH2 0xA3C SWAP1 SWAP2 SWAP1 PUSH4 0xFFFFFFFF AND JUMP JUMPDEST PUSH1 0x1 PUSH1 0x0 DUP6 PUSH20 0xFFFFFFFFFFFFFFFFFFFFFFFFFFFFFFFFFFFFFFFF AND PUSH20 0xFFFFFFFFFFFFFFFFFFFFFFFFFFFFFFFFFFFFFFFF AND DUP2 MSTORE PUSH1 0x20 ADD SWAP1 DUP2 MSTORE PUSH1 0x20 ADD PUSH1 0x0 KECCAK256 DUP2 SWAP1 SSTORE POP DUP3 PUSH20 0xFFFFFFFFFFFFFFFFFFFFFFFFFFFFFFFFFFFFFFFF AND CALLER PUSH20 0xFFFFFFFFFFFFFFFFFFFFFFFFFFFFFFFFFFFFFFFF AND PUSH32 0xDDF252AD1BE2C89B69C2B068FC378DAA952BA7F163C4A11628F55A4DF523B3EF DUP5 PUSH1 0x40 MLOAD DUP1 DUP3 DUP2 MSTORE PUSH1 0x20 ADD SWAP2 POP POP PUSH1 0x40 MLOAD DUP1 SWAP2 SUB SWAP1 LOG3 PUSH1 0x1 SWAP1 POP SWAP3 SWAP2 POP POP JUMP JUMPDEST PUSH1 0x0 DUP1 PUSH1 0x0 DUP5 PUSH20 0xFFFFFFFFFFFFFFFFFFFFFFFFFFFFFFFFFFFFFFFF AND PUSH20 0xFFFFFFFFFFFFFFFFFFFFFFFFFFFFFFFFFFFFFFFF AND DUP2 MSTORE PUSH1 0x20 ADD SWAP1 DUP2 MSTORE PUSH1 0x20 ADD PUSH1 0x0 KECCAK256 PUSH1 0x0 DUP4 PUSH20 0xFFFFFFFFFFFFFFFFFFFFFFFFFFFFFFFFFFFFFFFF AND PUSH20 0xFFFFFFFFFFFFFFFFFFFFFFFFFFFFFFFFFFFFFFFF AND DUP2 MSTORE PUSH1 0x20 ADD SWAP1 DUP2 MSTORE PUSH1 0x20 ADD PUSH1 0x0 KECCAK256 SLOAD SWAP1 POP SWAP3 SWAP2 POP POP JUMP JUMPDEST PUSH1 0x0 DUP1 DUP3 DUP5 ADD SWAP1 POP DUP4 DUP2 LT ISZERO ISZERO ISZERO PUSH2 0xA50 JUMPI INVALID JUMPDEST DUP1 SWAP2 POP POP SWAP3 SWAP2 POP POP JUMP JUMPDEST PUSH1 0x0 DUP3 DUP3 GT ISZERO ISZERO ISZERO PUSH2 0xA68 JUMPI INVALID JUMPDEST DUP2 DUP4 SUB SWAP1 POP SWAP3 SWAP2 POP POP JUMP STOP LOG1 PUSH6 0x627A7A723058 KECCAK256 0xb3 PUSH17 0x2F566CC50F9B7883E751962D238D09085F 0xe5 0xda DUP11 PUSH6 0xF419C91050DA 0xc9 0x2d 0xcb STOP 0x29
1,PUSH1 0x60 PUSH1 0x40 MSTORE CALLER PUSH1 0x0 DUP1 PUSH2 0x100 EXP DUP2 SLOAD DUP2 PUSH20 0xFFFFFFFFFFFFFFFFFFFFFFFFFFFFFFFFFFFFFFFF MUL NOT AND SWAP1 DUP4 PUSH20 0xFFFFFFFFFFFFFFFFFFFFFFFFFFFFFFFFFFFFFFFF AND MUL OR SWAP1 SSTORE POP PUSH2 0x509 DUP1 PUSH2 0x53 PUSH1 0x0 CODECOPY PUSH1 0x0 RETURN STOP PUSH1 0x60 PUSH1 0x40 MSTORE PUSH1 0x4 CALLDATASIZE LT PUSH2 0x57 JUMPI PUSH1 0x0 CALLDATALOAD PUSH29 0x100000000000000000000000000000000000000000000000000000000 SWAP1 DIV PUSH4 0xFFFFFFFF AND DUP1 PUSH4 0x17FFC320 EQ PUSH2 0x5C JUMPI DUP1 PUSH4 0x8DA5CB5B EQ PUSH2 0x95 JUMPI DUP1 PUSH4 0xF2FDE38B EQ PUSH2 0xEA JUMPI JUMPDEST PUSH1 0x0 DUP1 REVERT JUMPDEST CALLVALUE ISZERO PUSH2 0x67 JUMPI PUSH1 0x0 DUP1 REVERT JUMPDEST PUSH2 0x93 PUSH1 0x4 DUP1 DUP1 CALLDATALOAD PUSH20 0xFFFFFFFFFFFFFFFFFFFFFFFFFFFFFFFFFFFFFFFF AND SWAP1 PUSH1 0x20 ADD SWAP1 SWAP2 SWAP1 POP POP PUSH2 0x123 JUMP JUMPDEST STOP JUMPDEST CALLVALUE ISZERO PUSH2 0xA0 JUMPI PUSH1 0x0 DUP1 REVERT JUMPDEST PUSH2 0xA8 PUSH2 0x290 JUMP JUMPDEST PUSH1 0x40 MLOAD DUP1 DUP3 PUSH20 0xFFFFFFFFFFFFFFFFFFFFFFFFFFFFFFFFFFFFFFFF AND PUSH20 0xFFFFFFFFFFFFFFFFFFFFFFFFFFFFFFFFFFFFFFFF AND DUP2 MSTORE PUSH1 0x20 ADD SWAP2 POP POP PUSH1 0x40 MLOAD DUP1 SWAP2 SUB SWAP1 RETURN JUMPDEST CALLVALUE ISZERO PUSH2 0xF5 JUMPI PUSH1 0x0 DUP1 REVERT JUMPDEST PUSH2 0x121 PUSH1 0x4 DUP1 DUP1 CALLDATALOAD PUSH20 0xFFFFFFFFFFFFFFFFFFFFFFFFFFFFFFFFFFFFFFFF AND SWAP1 PUSH1 0x20 ADD SWAP1 SWAP2 SWAP1 POP POP PUSH2 0x2B5 JUMP JUMPDEST STOP JUMPDEST PUSH1 0x0 DUP1 PUSH1 0x0 SWAP1 SLOAD SWAP1 PUSH2 0x100 EXP SWAP1 DIV PUSH20 0xFFFFFFFFFFFFFFFFFFFFFFFFFFFFFFFFFFFFFFFF AND PUSH20 0xFFFFFFFFFFFFFFFFFFFFFFFFFFFFFFFFFFFFFFFF AND CALLER PUSH20 0xFFFFFFFFFFFFFFFFFFFFFFFFFFFFFFFFFFFFFFFF AND EQ ISZERO ISZERO PUSH2 0x180 JUMPI PUSH1 0x0 DUP1 REVERT JUMPDEST DUP2 PUSH20 0xFFFFFFFFFFFFFFFFFFFFFFFFFFFFFFFFFFFFFFFF AND PUSH4 0x70A08231 ADDRESS PUSH1 0x0 PUSH1 0x40 MLOAD PUSH1 0x20 ADD MSTORE PUSH1 0x40 MLOAD DUP3 PUSH4 0xFFFFFFFF AND PUSH29 0x100000000000000000000000000000000000000000000000000000000 MUL DUP2 MSTORE PUSH1 0x4 ADD DUP1 DUP3 PUSH20 0xFFFFFFFFFFFFFFFFFFFFFFFFFFFFFFFFFFFFFFFF AND PUSH20 0xFFFFFFFFFFFFFFFFFFFFFFFFFFFFFFFFFFFFFFFF AND DUP2 MSTORE PUSH1 0x20 ADD SWAP2 POP POP PUSH1 0x20 PUSH1 0x40 MLOAD DUP1 DUP4 SUB DUP2 PUSH1 0x0 DUP8 DUP1 EXTCODESIZE ISZERO ISZERO PUSH2 0x223 JUMPI PUSH1 0x0 DUP1 REVERT JUMPDEST PUSH2 0x2C6 GAS SUB CALL ISZERO ISZERO PUSH2 0x234 JUMPI PUSH1 0x0 DUP1 REVERT JUMPDEST POP POP POP PUSH1 0x40 MLOAD DUP1 MLOAD SWAP1 POP SWAP1 POP PUSH2 0x28C PUSH1 0x0 DUP1 SWAP1 SLOAD SWAP1 PUSH2 0x100 EXP SWAP1 DIV PUSH20 0xFFFFFFFFFFFFFFFFFFFFFFFFFFFFFFFFFFFFFFFF AND DUP3 DUP5 PUSH20 0xFFFFFFFFFFFFFFFFFFFFFFFFFFFFFFFFFFFFFFFF AND PUSH2 0x40A SWAP1 SWAP3 SWAP2 SWAP1 PUSH4 0xFFFFFFFF AND JUMP JUMPDEST POP POP JUMP JUMPDEST PUSH1 0x0 DUP1 SWAP1 SLOAD SWAP1 PUSH2 0x100 EXP SWAP1 DIV PUSH20 0xFFFFFFFFFFFFFFFFFFFFFFFFFFFFFFFFFFFFFFFF AND DUP2 JUMP JUMPDEST PUSH1 0x0 DUP1 SWAP1 SLOAD SWAP1 PUSH2 0x100 EXP SWAP1 DIV PUSH20 0xFFFFFFFFFFFFFFFFFFFFFFFFFFFFFFFFFFFFFFFF AND PUSH20 0xFFFFFFFFFFFFFFFFFFFFFFFFFFFFFFFFFFFFFFFF AND CALLER PUSH20 0xFFFFFFFFFFFFFFFFFFFFFFFFFFFFFFFFFFFFFFFF AND EQ ISZERO ISZERO PUSH2 0x310 JUMPI PUSH1 0x0 DUP1 REVERT JUMPDEST PUSH1 0x0 PUSH20 0xFFFFFFFFFFFFFFFFFFFFFFFFFFFFFFFFFFFFFFFF AND DUP2 PUSH20 0xFFFFFFFFFFFFFFFFFFFFFFFFFFFFFFFFFFFFFFFF AND EQ ISZERO ISZERO ISZERO PUSH2 0x34C JUMPI PUSH1 0x0 DUP1 REVERT JUMPDEST DUP1 PUSH20 0xFFFFFFFFFFFFFFFFFFFFFFFFFFFFFFFFFFFFFFFF AND PUSH1 0x0 DUP1 SWAP1 SLOAD SWAP1 PUSH2 0x100 EXP SWAP1 DIV PUSH20 0xFFFFFFFFFFFFFFFFFFFFFFFFFFFFFFFFFFFFFFFF AND PUSH20 0xFFFFFFFFFFFFFFFFFFFFFFFFFFFFFFFFFFFFFFFF AND PUSH32 0x8BE0079C531659141344CD1FD0A4F28419497F9722A3DAAFE3B4186F6B6457E0 PUSH1 0x40 MLOAD PUSH1 0x40 MLOAD DUP1 SWAP2 SUB SWAP1 LOG3 DUP1 PUSH1 0x0 DUP1 PUSH2 0x100 EXP DUP2 SLOAD DUP2 PUSH20 0xFFFFFFFFFFFFFFFFFFFFFFFFFFFFFFFFFFFFFFFF MUL NOT AND SWAP1 DUP4 PUSH20 0xFFFFFFFFFFFFFFFFFFFFFFFFFFFFFFFFFFFFFFFF AND MUL OR SWAP1 SSTORE POP POP JUMP JUMPDEST DUP3 PUSH20 0xFFFFFFFFFFFFFFFFFFFFFFFFFFFFFFFFFFFFFFFF AND PUSH4 0xA9059CBB DUP4 DUP4 PUSH1 0x0 PUSH1 0x40 MLOAD PUSH1 0x20 ADD MSTORE PUSH1 0x40 MLOAD DUP4 PUSH4 0xFFFFFFFF AND PUSH29 0x100000000000000000000000000000000000000000000000000000000 MUL DUP2 MSTORE PUSH1 0x4 ADD DUP1 DUP4 PUSH20 0xFFFFFFFFFFFFFFFFFFFFFFFFFFFFFFFFFFFFFFFF AND PUSH20 0xFFFFFFFFFFFFFFFFFFFFFFFFFFFFFFFFFFFFFFFF AND DUP2 MSTORE PUSH1 0x20 ADD DUP3 DUP2 MSTORE PUSH1 0x20 ADD SWAP3 POP POP POP PUSH1 0x20 PUSH1 0x40 MLOAD DUP1 DUP4 SUB DUP2 PUSH1 0x0 DUP8 DUP1 EXTCODESIZE ISZERO ISZERO PUSH2 0x4B5 JUMPI PUSH1 0x0 DUP1 REVERT JUMPDEST PUSH2 0x2C6 GAS SUB CALL ISZERO ISZERO PUSH2 0x4C6 JUMPI PUSH1 0x0 DUP1 REVERT JUMPDEST POP POP POP PUSH1 0x40 MLOAD DUP1 MLOAD SWAP1 POP ISZERO ISZERO PUSH2 0x4D8 JUMPI INVALID JUMPDEST POP POP POP JUMP STOP LOG1 PUSH6 0x627A7A723058 KECCAK256 0xda 0xfc DUP14 0xd6 SLT PUSH16 0xC3A86CD525088B90D29B953540C13B6B 0xe6 0x4d SAR 0xdf 0x2d 0xd4 CALLVALUE ADDMOD DUP12 LOG3 STOP 0x29
1,PUSH1 0x60 PUSH1 0x40 MSTORE PUSH1 0x40 DUP1 MLOAD SWAP1 DUP2 ADD PUSH1 0x40 MSTORE DUP1 PUSH1 0x6 DUP2 MSTORE PUSH1 0x20 ADD PUSH32 0x5365746865720000000000000000000000000000000000000000000000000000 DUP2 MSTORE POP PUSH1 0x0 SWAP1 DUP1 MLOAD SWAP1 PUSH1 0x20 ADD SWAP1 PUSH3 0x51 SWAP3 SWAP2 SWAP1 PUSH3 0x17C JUMP JUMPDEST POP PUSH1 0x40 DUP1 MLOAD SWAP1 DUP2 ADD PUSH1 0x40 MSTORE DUP1 PUSH1 0x4 DUP2 MSTORE PUSH1 0x20 ADD PUSH32 0x5345544800000000000000000000000000000000000000000000000000000000 DUP2 MSTORE POP PUSH1 0x1 SWAP1 DUP1 MLOAD SWAP1 PUSH1 0x20 ADD SWAP1 PUSH3 0x9F SWAP3 SWAP2 SWAP1 PUSH3 0x17C JUMP JUMPDEST POP PUSH1 0x1 PUSH1 0x2 PUSH1 0x14 PUSH2 0x100 EXP DUP2 SLOAD DUP2 PUSH1 0xFF MUL NOT AND SWAP1 DUP4 ISZERO ISZERO MUL OR SWAP1 SSTORE POP PUSH2 0x3E8 PUSH1 0x3 SSTORE CALLVALUE ISZERO PUSH3 0xCD JUMPI PUSH1 0x0 DUP1 REVERT JUMPDEST CALLER PUSH1 0x2 PUSH1 0x0 PUSH2 0x100 EXP DUP2 SLOAD DUP2 PUSH20 0xFFFFFFFFFFFFFFFFFFFFFFFFFFFFFFFFFFFFFFFF MUL NOT AND SWAP1 DUP4 PUSH20 0xFFFFFFFFFFFFFFFFFFFFFFFFFFFFFFFFFFFFFFFF AND MUL OR SWAP1 SSTORE POP PUSH2 0x3E8 PUSH1 0x4 PUSH1 0x0 PUSH1 0x2 PUSH1 0x0 SWAP1 SLOAD SWAP1 PUSH2 0x100 EXP SWAP1 DIV PUSH20 0xFFFFFFFFFFFFFFFFFFFFFFFFFFFFFFFFFFFFFFFF AND PUSH20 0xFFFFFFFFFFFFFFFFFFFFFFFFFFFFFFFFFFFFFFFF AND PUSH20 0xFFFFFFFFFFFFFFFFFFFFFFFFFFFFFFFFFFFFFFFF AND DUP2 MSTORE PUSH1 0x20 ADD SWAP1 DUP2 MSTORE PUSH1 0x20 ADD PUSH1 0x0 KECCAK256 DUP2 SWAP1 SSTORE POP PUSH3 0x22B JUMP JUMPDEST DUP3 DUP1 SLOAD PUSH1 0x1 DUP2 PUSH1 0x1 AND ISZERO PUSH2 0x100 MUL SUB AND PUSH1 0x2 SWAP1 DIV SWAP1 PUSH1 0x0 MSTORE PUSH1 0x20 PUSH1 0x0 KECCAK256 SWAP1 PUSH1 0x1F ADD PUSH1 0x20 SWAP1 DIV DUP2 ADD SWAP3 DUP3 PUSH1 0x1F LT PUSH3 0x1BF JUMPI DUP1 MLOAD PUSH1 0xFF NOT AND DUP4 DUP1 ADD OR DUP6 SSTORE PUSH3 0x1F0 JUMP JUMPDEST DUP3 DUP1 ADD PUSH1 0x1 ADD DUP6 SSTORE DUP3 ISZERO PUSH3 0x1F0 JUMPI SWAP2 DUP3 ADD JUMPDEST DUP3 DUP2 GT ISZERO PUSH3 0x1EF JUMPI DUP3 MLOAD DUP3 SSTORE SWAP2 PUSH1 0x20 ADD SWAP2 SWAP1 PUSH1 0x1 ADD SWAP1 PUSH3 0x1D2 JUMP JUMPDEST JUMPDEST POP SWAP1 POP PUSH3 0x1FF SWAP2 SWAP1 PUSH3 0x203 JUMP JUMPDEST POP SWAP1 JUMP JUMPDEST PUSH3 0x228 SWAP2 SWAP1 JUMPDEST DUP1 DUP3 GT ISZERO PUSH3 0x224 JUMPI PUSH1 0x0 DUP2 PUSH1 0x0 SWAP1 SSTORE POP PUSH1 0x1 ADD PUSH3 0x20A JUMP JUMPDEST POP SWAP1 JUMP JUMPDEST SWAP1 JUMP JUMPDEST PUSH2 0x11BC DUP1 PUSH3 0x23B PUSH1 0x0 CODECOPY PUSH1 0x0 RETURN STOP PUSH1 0x60 PUSH1 0x40 MSTORE PUSH1 0x4 CALLDATASIZE LT PUSH2 0xFC JUMPI PUSH1 0x0 CALLDATALOAD PUSH29 0x100000000000000000000000000000000000000000000000000000000 SWAP1 DIV PUSH4 0xFFFFFFFF AND DUP1 PUSH4 0x6FDDE03 EQ PUSH2 0x1EB JUMPI DUP1 PUSH4 0x95EA7B3 EQ PUSH2 0x279 JUMPI DUP1 PUSH4 0x18160DDD EQ PUSH2 0x2D3 JUMPI DUP1 PUSH4 0x1C02708D EQ PUSH2 0x2FC JUMPI DUP1 PUSH4 0x226DD769 EQ PUSH2 0x306 JUMPI DUP1 PUSH4 0x23B872DD EQ PUSH2 0x32F JUMPI DUP1 PUSH4 0x313CE567 EQ PUSH2 0x3A8 JUMPI DUP1 PUSH4 0x449A52F8 EQ PUSH2 0x3D7 JUMPI DUP1 PUSH4 0x501A4D68 EQ PUSH2 0x431 JUMPI DUP1 PUSH4 0x581515FD EQ PUSH2 0x468 JUMPI DUP1 PUSH4 0x70A08231 EQ PUSH2 0x491 JUMPI DUP1 PUSH4 0x7B8CFBE1 EQ PUSH2 0x4DE JUMPI DUP1 PUSH4 0x8DA5CB5B EQ PUSH2 0x507 JUMPI DUP1 PUSH4 0x95D89B41 EQ PUSH2 0x55C JUMPI DUP1 PUSH4 0xA6F9DAE1 EQ PUSH2 0x5EA JUMPI DUP1 PUSH4 0xA9059CBB EQ PUSH2 0x618 JUMPI DUP1 PUSH4 0xCB4C86B7 EQ PUSH2 0x672 JUMPI DUP1 PUSH4 0xCBDD69B5 EQ PUSH2 0x69F JUMPI JUMPDEST PUSH1 0x0 PUSH1 0x2 PUSH1 0x14 SWAP1 SLOAD SWAP1 PUSH2 0x100 EXP SWAP1 DIV PUSH1 0xFF AND ISZERO ISZERO PUSH2 0x119 JUMPI PUSH1 0x0 DUP1 REVERT JUMPDEST PUSH1 0x0 CALLVALUE EQ ISZERO PUSH2 0x127 JUMPI PUSH1 0x0 DUP1 REVERT JUMPDEST PUSH1 0x3 SLOAD PUSH2 0x3E8 DUP2 ISZERO ISZERO PUSH2 0x136 JUMPI INVALID JUMPDEST DIV CALLVALUE MUL SWAP1 POP DUP1 PUSH1 0x3 PUSH1 0x0 DUP3 DUP3 SLOAD ADD SWAP3 POP POP DUP2 SWAP1 SSTORE POP DUP1 PUSH1 0x4 PUSH1 0x0 CALLER PUSH20 0xFFFFFFFFFFFFFFFFFFFFFFFFFFFFFFFFFFFFFFFF AND PUSH20 0xFFFFFFFFFFFFFFFFFFFFFFFFFFFFFFFFFFFFFFFF AND DUP2 MSTORE PUSH1 0x20 ADD SWAP1 DUP2 MSTORE PUSH1 0x20 ADD PUSH1 0x0 KECCAK256 PUSH1 0x0 DUP3 DUP3 SLOAD ADD SWAP3 POP POP DUP2 SWAP1 SSTORE POP CALLER PUSH20 0xFFFFFFFFFFFFFFFFFFFFFFFFFFFFFFFFFFFFFFFF AND PUSH1 0x0 PUSH32 0xDDF252AD1BE2C89B69C2B068FC378DAA952BA7F163C4A11628F55A4DF523B3EF DUP4 PUSH1 0x40 MLOAD DUP1 DUP3 DUP2 MSTORE PUSH1 0x20 ADD SWAP2 POP POP PUSH1 0x40 MLOAD DUP1 SWAP2 SUB SWAP1 LOG3 POP STOP JUMPDEST CALLVALUE ISZERO PUSH2 0x1F6 JUMPI PUSH1 0x0 DUP1 REVERT JUMPDEST PUSH2 0x1FE PUSH2 0x6C8 JUMP JUMPDEST PUSH1 0x40 MLOAD DUP1 DUP1 PUSH1 0x20 ADD DUP3 DUP2 SUB DUP3 MSTORE DUP4 DUP2 DUP2 MLOAD DUP2 MSTORE PUSH1 0x20 ADD SWAP2 POP DUP1 MLOAD SWAP1 PUSH1 0x20 ADD SWAP1 DUP1 DUP4 DUP4 PUSH1 0x0 JUMPDEST DUP4 DUP2 LT ISZERO PUSH2 0x23E JUMPI DUP1 DUP3 ADD MLOAD DUP2 DUP5 ADD MSTORE PUSH1 0x20 DUP2 ADD SWAP1 POP PUSH2 0x223 JUMP JUMPDEST POP POP POP POP SWAP1 POP SWAP1 DUP2 ADD SWAP1 PUSH1 0x1F AND DUP1 ISZERO PUSH2 0x26B JUMPI DUP1 DUP3 SUB DUP1 MLOAD PUSH1 0x1 DUP4 PUSH1 0x20 SUB PUSH2 0x100 EXP SUB NOT AND DUP2 MSTORE PUSH1 0x20 ADD SWAP2 POP JUMPDEST POP SWAP3 POP POP POP PUSH1 0x40 MLOAD DUP1 SWAP2 SUB SWAP1 RETURN JUMPDEST CALLVALUE ISZERO PUSH2 0x284 JUMPI PUSH1 0x0 DUP1 REVERT JUMPDEST PUSH2 0x2B9 PUSH1 0x4 DUP1 DUP1 CALLDATALOAD PUSH20 0xFFFFFFFFFFFFFFFFFFFFFFFFFFFFFFFFFFFFFFFF AND SWAP1 PUSH1 0x20 ADD SWAP1 SWAP2 SWAP1 DUP1 CALLDATALOAD SWAP1 PUSH1 0x20 ADD SWAP1 SWAP2 SWAP1 POP POP PUSH2 0x766 JUMP JUMPDEST PUSH1 0x40 MLOAD DUP1 DUP3 ISZERO ISZERO ISZERO ISZERO DUP2 MSTORE PUSH1 0x20 ADD SWAP2 POP POP PUSH1 0x40 MLOAD DUP1 SWAP2 SUB SWAP1 RETURN JUMPDEST CALLVALUE ISZERO PUSH2 0x2DE JUMPI PUSH1 0x0 DUP1 REVERT JUMPDEST PUSH2 0x2E6 PUSH2 0x858 JUMP JUMPDEST PUSH1 0x40 MLOAD DUP1 DUP3 DUP2 MSTORE PUSH1 0x20 ADD SWAP2 POP POP PUSH1 0x40 MLOAD DUP1 SWAP2 SUB SWAP1 RETURN JUMPDEST PUSH2 0x304 PUSH2 0x862 JUMP JUMPDEST STOP JUMPDEST CALLVALUE ISZERO PUSH2 0x311 JUMPI PUSH1 0x0 DUP1 REVERT JUMPDEST PUSH2 0x319 PUSH2 0x909 JUMP JUMPDEST PUSH1 0x40 MLOAD DUP1 DUP3 DUP2 MSTORE PUSH1 0x20 ADD SWAP2 POP POP PUSH1 0x40 MLOAD DUP1 SWAP2 SUB SWAP1 RETURN JUMPDEST CALLVALUE ISZERO PUSH2 0x33A JUMPI PUSH1 0x0 DUP1 REVERT JUMPDEST PUSH2 0x38E PUSH1 0x4 DUP1 DUP1 CALLDATALOAD PUSH20 0xFFFFFFFFFFFFFFFFFFFFFFFFFFFFFFFFFFFFFFFF AND SWAP1 PUSH1 0x20 ADD SWAP1 SWAP2 SWAP1 DUP1 CALLDATALOAD PUSH20 0xFFFFFFFFFFFFFFFFFFFFFFFFFFFFFFFFFFFFFFFF AND SWAP1 PUSH1 0x20 ADD SWAP1 SWAP2 SWAP1 DUP1 CALLDATALOAD SWAP1 PUSH1 0x20 ADD SWAP1 SWAP2 SWAP1 POP POP PUSH2 0x916 JUMP JUMPDEST PUSH1 0x40 MLOAD DUP1 DUP3 ISZERO ISZERO ISZERO ISZERO DUP2 MSTORE PUSH1 0x20 ADD SWAP2 POP POP PUSH1 0x40 MLOAD DUP1 SWAP2 SUB SWAP1 RETURN JUMPDEST CALLVALUE ISZERO PUSH2 0x3B3 JUMPI PUSH1 0x0 DUP1 REVERT JUMPDEST PUSH2 0x3BB PUSH2 0xBB8 JUMP JUMPDEST PUSH1 0x40 MLOAD DUP1 DUP3 PUSH1 0xFF AND PUSH1 0xFF AND DUP2 MSTORE PUSH1 0x20 ADD SWAP2 POP POP PUSH1 0x40 MLOAD DUP1 SWAP2 SUB SWAP1 RETURN JUMPDEST CALLVALUE ISZERO PUSH2 0x3E2 JUMPI PUSH1 0x0 DUP1 REVERT JUMPDEST PUSH2 0x417 PUSH1 0x4 DUP1 DUP1 CALLDATALOAD PUSH20 0xFFFFFFFFFFFFFFFFFFFFFFFFFFFFFFFFFFFFFFFF AND SWAP1 PUSH1 0x20 ADD SWAP1 SWAP2 SWAP1 DUP1 CALLDATALOAD SWAP1 PUSH1 0x20 ADD SWAP1 SWAP2 SWAP1 POP POP PUSH2 0xBBD JUMP JUMPDEST PUSH1 0x40 MLOAD DUP1 DUP3 ISZERO ISZERO ISZERO ISZERO DUP2 MSTORE PUSH1 0x20 ADD SWAP2 POP POP PUSH1 0x40 MLOAD DUP1 SWAP2 SUB SWAP1 RETURN JUMPDEST PUSH2 0x466 PUSH1 0x4 DUP1 DUP1 CALLDATALOAD SWAP1 PUSH1 0x20 ADD SWAP1 DUP3 ADD DUP1 CALLDATALOAD SWAP1 PUSH1 0x20 ADD SWAP2 SWAP1 SWAP2 SWAP3 SWAP1 DUP1 CALLDATALOAD SWAP1 PUSH1 0x20 ADD SWAP1 DUP3 ADD DUP1 CALLDATALOAD SWAP1 PUSH1 0x20 ADD SWAP2 SWAP1 SWAP2 SWAP3 SWAP1 POP POP PUSH2 0xC7B JUMP JUMPDEST STOP JUMPDEST CALLVALUE ISZERO PUSH2 0x473 JUMPI PUSH1 0x0 DUP1 REVERT JUMPDEST PUSH2 0x47B PUSH2 0xD10 JUMP JUMPDEST PUSH1 0x40 MLOAD DUP1 DUP3 DUP2 MSTORE PUSH1 0x20 ADD SWAP2 POP POP PUSH1 0x40 MLOAD DUP1 SWAP2 SUB SWAP1 RETURN JUMPDEST CALLVALUE ISZERO PUSH2 0x49C JUMPI PUSH1 0x0 DUP1 REVERT JUMPDEST PUSH2 0x4C8 PUSH1 0x4 DUP1 DUP1 CALLDATALOAD PUSH20 0xFFFFFFFFFFFFFFFFFFFFFFFFFFFFFFFFFFFFFFFF AND SWAP1 PUSH1 0x20 ADD SWAP1 SWAP2 SWAP1 POP POP PUSH2 0xD1D JUMP JUMPDEST PUSH1 0x40 MLOAD DUP1 DUP3 DUP2 MSTORE PUSH1 0x20 ADD SWAP2 POP POP PUSH1 0x40 MLOAD DUP1 SWAP2 SUB SWAP1 RETURN JUMPDEST CALLVALUE ISZERO PUSH2 0x4E9 JUMPI PUSH1 0x0 DUP1 REVERT JUMPDEST PUSH2 0x4F1 PUSH2 0xD66 JUMP JUMPDEST PUSH1 0x40 MLOAD DUP1 DUP3 DUP2 MSTORE PUSH1 0x20 ADD SWAP2 POP POP PUSH1 0x40 MLOAD DUP1 SWAP2 SUB SWAP1 RETURN JUMPDEST CALLVALUE ISZERO PUSH2 0x512 JUMPI PUSH1 0x0 DUP1 REVERT JUMPDEST PUSH2 0x51A PUSH2 0xD73 JUMP JUMPDEST PUSH1 0x40 MLOAD DUP1 DUP3 PUSH20 0xFFFFFFFFFFFFFFFFFFFFFFFFFFFFFFFFFFFFFFFF AND PUSH20 0xFFFFFFFFFFFFFFFFFFFFFFFFFFFFFFFFFFFFFFFF AND DUP2 MSTORE PUSH1 0x20 ADD SWAP2 POP POP PUSH1 0x40 MLOAD DUP1 SWAP2 SUB SWAP1 RETURN JUMPDEST CALLVALUE ISZERO PUSH2 0x567 JUMPI PUSH1 0x0 DUP1 REVERT JUMPDEST PUSH2 0x56F PUSH2 0xD99 JUMP JUMPDEST PUSH1 0x40 MLOAD DUP1 DUP1 PUSH1 0x20 ADD DUP3 DUP2 SUB DUP3 MSTORE DUP4 DUP2 DUP2 MLOAD DUP2 MSTORE PUSH1 0x20 ADD SWAP2 POP DUP1 MLOAD SWAP1 PUSH1 0x20 ADD SWAP1 DUP1 DUP4 DUP4 PUSH1 0x0 JUMPDEST DUP4 DUP2 LT ISZERO PUSH2 0x5AF JUMPI DUP1 DUP3 ADD MLOAD DUP2 DUP5 ADD MSTORE PUSH1 0x20 DUP2 ADD SWAP1 POP PUSH2 0x594 JUMP JUMPDEST POP POP POP POP SWAP1 POP SWAP1 DUP2 ADD SWAP1 PUSH1 0x1F AND DUP1 ISZERO PUSH2 0x5DC JUMPI DUP1 DUP3 SUB DUP1 MLOAD PUSH1 0x1 DUP4 PUSH1 0x20 SUB PUSH2 0x100 EXP SUB NOT AND DUP2 MSTORE PUSH1 0x20 ADD SWAP2 POP JUMPDEST POP SWAP3 POP POP POP PUSH1 0x40 MLOAD DUP1 SWAP2 SUB SWAP1 RETURN JUMPDEST PUSH2 0x616 PUSH1 0x4 DUP1 DUP1 CALLDATALOAD PUSH20 0xFFFFFFFFFFFFFFFFFFFFFFFFFFFFFFFFFFFFFFFF AND SWAP1 PUSH1 0x20 ADD SWAP1 SWAP2 SWAP1 POP POP PUSH2 0xE37 JUMP JUMPDEST STOP JUMPDEST CALLVALUE ISZERO PUSH2 0x623 JUMPI PUSH1 0x0 DUP1 REVERT JUMPDEST PUSH2 0x658 PUSH1 0x4 DUP1 DUP1 CALLDATALOAD PUSH20 0xFFFFFFFFFFFFFFFFFFFFFFFFFFFFFFFFFFFFFFFF AND SWAP1 PUSH1 0x20 ADD SWAP1 SWAP2 SWAP1 DUP1 CALLDATALOAD SWAP1 PUSH1 0x20 ADD SWAP1 SWAP2 SWAP1 POP POP PUSH2 0xF69 JUMP JUMPDEST PUSH1 0x40 MLOAD DUP1 DUP3 ISZERO ISZERO ISZERO ISZERO DUP2 MSTORE PUSH1 0x20 ADD SWAP2 POP POP PUSH1 0x40 MLOAD DUP1 SWAP2 SUB SWAP1 RETURN JUMPDEST CALLVALUE ISZERO PUSH2 0x67D JUMPI PUSH1 0x0 DUP1 REVERT JUMPDEST PUSH2 0x685 PUSH2 0x10D3 JUMP JUMPDEST PUSH1 0x40 MLOAD DUP1 DUP3 ISZERO ISZERO ISZERO ISZERO DUP2 MSTORE PUSH1 0x20 ADD SWAP2 POP POP PUSH1 0x40 MLOAD DUP1 SWAP2 SUB SWAP1 RETURN JUMPDEST CALLVALUE ISZERO PUSH2 0x6AA JUMPI PUSH1 0x0 DUP1 REVERT JUMPDEST PUSH2 0x6B2 PUSH2 0x10E6 JUMP JUMPDEST PUSH1 0x40 MLOAD DUP1 DUP3 DUP2 MSTORE PUSH1 0x20 ADD SWAP2 POP POP PUSH1 0x40 MLOAD DUP1 SWAP2 SUB SWAP1 RETURN JUMPDEST PUSH1 0x0 DUP1 SLOAD PUSH1 0x1 DUP2 PUSH1 0x1 AND ISZERO PUSH2 0x100 MUL SUB AND PUSH1 0x2 SWAP1 DIV DUP1 PUSH1 0x1F ADD PUSH1 0x20 DUP1 SWAP2 DIV MUL PUSH1 0x20 ADD PUSH1 0x40 MLOAD SWAP1 DUP2 ADD PUSH1 0x40 MSTORE DUP1 SWAP3 SWAP2 SWAP1 DUP2 DUP2 MSTORE PUSH1 0x20 ADD DUP3 DUP1 SLOAD PUSH1 0x1 DUP2 PUSH1 0x1 AND ISZERO PUSH2 0x100 MUL SUB AND PUSH1 0x2 SWAP1 DIV DUP1 ISZERO PUSH2 0x75E JUMPI DUP1 PUSH1 0x1F LT PUSH2 0x733 JUMPI PUSH2 0x100 DUP1 DUP4 SLOAD DIV MUL DUP4 MSTORE SWAP2 PUSH1 0x20 ADD SWAP2 PUSH2 0x75E JUMP JUMPDEST DUP3 ADD SWAP2 SWAP1 PUSH1 0x0 MSTORE PUSH1 0x20 PUSH1 0x0 KECCAK256 SWAP1 JUMPDEST DUP2 SLOAD DUP2 MSTORE SWAP1 PUSH1 0x1 ADD SWAP1 PUSH1 0x20 ADD DUP1 DUP4 GT PUSH2 0x741 JUMPI DUP3 SWAP1 SUB PUSH1 0x1F AND DUP3 ADD SWAP2 JUMPDEST POP POP POP POP POP DUP2 JUMP JUMPDEST PUSH1 0x0 DUP2 PUSH1 0x5 PUSH1 0x0 CALLER PUSH20 0xFFFFFFFFFFFFFFFFFFFFFFFFFFFFFFFFFFFFFFFF AND PUSH20 0xFFFFFFFFFFFFFFFFFFFFFFFFFFFFFFFFFFFFFFFF AND DUP2 MSTORE PUSH1 0x20 ADD SWAP1 DUP2 MSTORE PUSH1 0x20 ADD PUSH1 0x0 KECCAK256 PUSH1 0x0 DUP6 PUSH20 0xFFFFFFFFFFFFFFFFFFFFFFFFFFFFFFFFFFFFFFFF AND PUSH20 0xFFFFFFFFFFFFFFFFFFFFFFFFFFFFFFFFFFFFFFFF AND DUP2 MSTORE PUSH1 0x20 ADD SWAP1 DUP2 MSTORE PUSH1 0x20 ADD PUSH1 0x0 KECCAK256 DUP2 SWAP1 SSTORE POP DUP3 PUSH20 0xFFFFFFFFFFFFFFFFFFFFFFFFFFFFFFFFFFFFFFFF AND CALLER PUSH20 0xFFFFFFFFFFFFFFFFFFFFFFFFFFFFFFFFFFFFFFFF AND PUSH32 0x8C5BE1E5EBEC7D5BD14F71427D1E84F3DD0314C0F7B2291E5B200AC8C7C3B925 DUP5 PUSH1 0x40 MLOAD DUP1 DUP3 DUP2 MSTORE PUSH1 0x20 ADD SWAP2 POP POP PUSH1 0x40 MLOAD DUP1 SWAP2 SUB SWAP1 LOG3 PUSH1 0x1 SWAP1 POP SWAP3 SWAP2 POP POP JUMP JUMPDEST PUSH1 0x0 PUSH1 0x3 SLOAD SWAP1 POP SWAP1 JUMP JUMPDEST PUSH1 0x2 PUSH1 0x0 SWAP1 SLOAD SWAP1 PUSH2 0x100 EXP SWAP1 DIV PUSH20 0xFFFFFFFFFFFFFFFFFFFFFFFFFFFFFFFFFFFFFFFF AND PUSH20 0xFFFFFFFFFFFFFFFFFFFFFFFFFFFFFFFFFFFFFFFF AND CALLER PUSH20 0xFFFFFFFFFFFFFFFFFFFFFFFFFFFFFFFFFFFFFFFF AND EQ DUP1 PUSH2 0x8C7 JUMPI POP PUSH9 0x1B1AE4D6E2EF500000 CALLVALUE LT ISZERO JUMPDEST ISZERO PUSH2 0x907 JUMPI PUSH1 0x2 PUSH1 0x0 SWAP1 SLOAD SWAP1 PUSH2 0x100 EXP SWAP1 DIV PUSH20 0xFFFFFFFFFFFFFFFFFFFFFFFFFFFFFFFFFFFFFFFF AND PUSH20 0xFFFFFFFFFFFFFFFFFFFFFFFFFFFFFFFFFFFFFFFF AND SELFDESTRUCT JUMPDEST JUMP JUMPDEST PUSH9 0x15AF1D78B58C400000 DUP2 JUMP JUMPDEST PUSH1 0x0 DUP2 PUSH1 0x4 PUSH1 0x0 DUP7 PUSH20 0xFFFFFFFFFFFFFFFFFFFFFFFFFFFFFFFFFFFFFFFF AND PUSH20 0xFFFFFFFFFFFFFFFFFFFFFFFFFFFFFFFFFFFFFFFF AND DUP2 MSTORE PUSH1 0x20 ADD SWAP1 DUP2 MSTORE PUSH1 0x20 ADD PUSH1 0x0 KECCAK256 SLOAD LT ISZERO DUP1 ISZERO PUSH2 0x9E3 JUMPI POP DUP2 PUSH1 0x5 PUSH1 0x0 DUP7 PUSH20 0xFFFFFFFFFFFFFFFFFFFFFFFFFFFFFFFFFFFFFFFF AND PUSH20 0xFFFFFFFFFFFFFFFFFFFFFFFFFFFFFFFFFFFFFFFF AND DUP2 MSTORE PUSH1 0x20 ADD SWAP1 DUP2 MSTORE PUSH1 0x20 ADD PUSH1 0x0 KECCAK256 PUSH1 0x0 CALLER PUSH20 0xFFFFFFFFFFFFFFFFFFFFFFFFFFFFFFFFFFFFFFFF AND PUSH20 0xFFFFFFFFFFFFFFFFFFFFFFFFFFFFFFFFFFFFFFFF AND DUP2 MSTORE PUSH1 0x20 ADD SWAP1 DUP2 MSTORE PUSH1 0x20 ADD PUSH1 0x0 KECCAK256 SLOAD LT ISZERO JUMPDEST DUP1 ISZERO PUSH2 0x9EF JUMPI POP PUSH1 0x0 DUP3 GT JUMPDEST DUP1 ISZERO PUSH2 0xA7A JUMPI POP PUSH1 0x4 PUSH1 0x0 DUP5 PUSH20 0xFFFFFFFFFFFFFFFFFFFFFFFFFFFFFFFFFFFFFFFF AND PUSH20 0xFFFFFFFFFFFFFFFFFFFFFFFFFFFFFFFFFFFFFFFF AND DUP2 MSTORE PUSH1 0x20 ADD SWAP1 DUP2 MSTORE PUSH1 0x20 ADD PUSH1 0x0 KECCAK256 SLOAD DUP3 PUSH1 0x4 PUSH1 0x0 DUP7 PUSH20 0xFFFFFFFFFFFFFFFFFFFFFFFFFFFFFFFFFFFFFFFF AND PUSH20 0xFFFFFFFFFFFFFFFFFFFFFFFFFFFFFFFFFFFFFFFF AND DUP2 MSTORE PUSH1 0x20 ADD SWAP1 DUP2 MSTORE PUSH1 0x20 ADD PUSH1 0x0 KECCAK256 SLOAD ADD GT JUMPDEST ISZERO PUSH2 0xBAC JUMPI DUP2 PUSH1 0x4 PUSH1 0x0 DUP7 PUSH20 0xFFFFFFFFFFFFFFFFFFFFFFFFFFFFFFFFFFFFFFFF AND PUSH20 0xFFFFFFFFFFFFFFFFFFFFFFFFFFFFFFFFFFFFFFFF AND DUP2 MSTORE PUSH1 0x20 ADD SWAP1 DUP2 MSTORE PUSH1 0x20 ADD PUSH1 0x0 KECCAK256 PUSH1 0x0 DUP3 DUP3 SLOAD SUB SWAP3 POP POP DUP2 SWAP1 SSTORE POP DUP2 PUSH1 0x5 PUSH1 0x0 DUP7 PUSH20 0xFFFFFFFFFFFFFFFFFFFFFFFFFFFFFFFFFFFFFFFF AND PUSH20 0xFFFFFFFFFFFFFFFFFFFFFFFFFFFFFFFFFFFFFFFF AND DUP2 MSTORE PUSH1 0x20 ADD SWAP1 DUP2 MSTORE PUSH1 0x20 ADD PUSH1 0x0 KECCAK256 PUSH1 0x0 CALLER PUSH20 0xFFFFFFFFFFFFFFFFFFFFFFFFFFFFFFFFFFFFFFFF AND PUSH20 0xFFFFFFFFFFFFFFFFFFFFFFFFFFFFFFFFFFFFFFFF AND DUP2 MSTORE PUSH1 0x20 ADD SWAP1 DUP2 MSTORE PUSH1 0x20 ADD PUSH1 0x0 KECCAK256 PUSH1 0x0 DUP3 DUP3 SLOAD SUB SWAP3 POP POP DUP2 SWAP1 SSTORE POP DUP2 PUSH1 0x4 PUSH1 0x0 DUP6 PUSH20 0xFFFFFFFFFFFFFFFFFFFFFFFFFFFFFFFFFFFFFFFF AND PUSH20 0xFFFFFFFFFFFFFFFFFFFFFFFFFFFFFFFFFFFFFFFF AND DUP2 MSTORE PUSH1 0x20 ADD SWAP1 DUP2 MSTORE PUSH1 0x20 ADD PUSH1 0x0 KECCAK256 PUSH1 0x0 DUP3 DUP3 SLOAD ADD SWAP3 POP POP DUP2 SWAP1 SSTORE POP PUSH1 0x1 SWAP1 POP PUSH2 0xBB1 JUMP JUMPDEST PUSH1 0x0 SWAP1 POP JUMPDEST SWAP4 SWAP3 POP POP POP JUMP JUMPDEST PUSH1 0x12 DUP2 JUMP JUMPDEST PUSH1 0x0 DUP2 PUSH1 0x4 PUSH1 0x0 DUP6 PUSH20 0xFFFFFFFFFFFFFFFFFFFFFFFFFFFFFFFFFFFFFFFF AND PUSH20 0xFFFFFFFFFFFFFFFFFFFFFFFFFFFFFFFFFFFFFFFF AND DUP2 MSTORE PUSH1 0x20 ADD SWAP1 DUP2 MSTORE PUSH1 0x20 ADD PUSH1 0x0 KECCAK256 PUSH1 0x0 DUP3 DUP3 SLOAD ADD SWAP3 POP POP DUP2 SWAP1 SSTORE POP DUP3 PUSH20 0xFFFFFFFFFFFFFFFFFFFFFFFFFFFFFFFFFFFFFFFF AND CALLER PUSH20 0xFFFFFFFFFFFFFFFFFFFFFFFFFFFFFFFFFFFFFFFF AND PUSH32 0xDDF252AD1BE2C89B69C2B068FC378DAA952BA7F163C4A11628F55A4DF523B3EF DUP5 PUSH1 0x40 MLOAD DUP1 DUP3 DUP2 MSTORE PUSH1 0x20 ADD SWAP2 POP POP PUSH1 0x40 MLOAD DUP1 SWAP2 SUB SWAP1 LOG3 PUSH1 0x1 SWAP1 POP SWAP3 SWAP2 POP POP JUMP JUMPDEST PUSH1 0x2 PUSH1 0x0 SWAP1 SLOAD SWAP1 PUSH2 0x100 EXP SWAP1 DIV PUSH20 0xFFFFFFFFFFFFFFFFFFFFFFFFFFFFFFFFFFFFFFFF AND PUSH20 0xFFFFFFFFFFFFFFFFFFFFFFFFFFFFFFFFFFFFFFFF AND CALLER PUSH20 0xFFFFFFFFFFFFFFFFFFFFFFFFFFFFFFFFFFFFFFFF AND EQ DUP1 PUSH2 0xCE0 JUMPI POP PUSH9 0x15AF1D78B58C400000 CALLVALUE LT ISZERO JUMPDEST ISZERO PUSH2 0xD0A JUMPI DUP4 DUP4 PUSH1 0x0 SWAP2 SWAP1 PUSH2 0xCF6 SWAP3 SWAP2 SWAP1 PUSH2 0x10EB JUMP JUMPDEST POP DUP2 DUP2 PUSH1 0x1 SWAP2 SWAP1 PUSH2 0xD08 SWAP3 SWAP2 SWAP1 PUSH2 0x10EB JUMP JUMPDEST POP JUMPDEST POP POP POP POP JUMP JUMPDEST PUSH9 0x3635C9ADC5DEA00000 DUP2 JUMP JUMPDEST PUSH1 0x0 PUSH1 0x4 PUSH1 0x0 DUP4 PUSH20 0xFFFFFFFFFFFFFFFFFFFFFFFFFFFFFFFFFFFFFFFF AND PUSH20 0xFFFFFFFFFFFFFFFFFFFFFFFFFFFFFFFFFFFFFFFF AND DUP2 MSTORE PUSH1 0x20 ADD SWAP1 DUP2 MSTORE PUSH1 0x20 ADD PUSH1 0x0 KECCAK256 SLOAD SWAP1 POP SWAP2 SWAP1 POP JUMP JUMPDEST PUSH9 0x1B1AE4D6E2EF500000 DUP2 JUMP JUMPDEST PUSH1 0x2 PUSH1 0x0 SWAP1 SLOAD SWAP1 PUSH2 0x100 EXP SWAP1 DIV PUSH20 0xFFFFFFFFFFFFFFFFFFFFFFFFFFFFFFFFFFFFFFFF AND DUP2 JUMP JUMPDEST PUSH1 0x1 DUP1 SLOAD PUSH1 0x1 DUP2 PUSH1 0x1 AND ISZERO PUSH2 0x100 MUL SUB AND PUSH1 0x2 SWAP1 DIV DUP1 PUSH1 0x1F ADD PUSH1 0x20 DUP1 SWAP2 DIV MUL PUSH1 0x20 ADD PUSH1 0x40 MLOAD SWAP1 DUP2 ADD PUSH1 0x40 MSTORE DUP1 SWAP3 SWAP2 SWAP1 DUP2 DUP2 MSTORE PUSH1 0x20 ADD DUP3 DUP1 SLOAD PUSH1 0x1 DUP2 PUSH1 0x1 AND ISZERO PUSH2 0x100 MUL SUB AND PUSH1 0x2 SWAP1 DIV DUP1 ISZERO PUSH2 0xE2F JUMPI DUP1 PUSH1 0x1F LT PUSH2 0xE04 JUMPI PUSH2 0x100 DUP1 DUP4 SLOAD DIV MUL DUP4 MSTORE SWAP2 PUSH1 0x20 ADD SWAP2 PUSH2 0xE2F JUMP JUMPDEST DUP3 ADD SWAP2 SWAP1 PUSH1 0x0 MSTORE PUSH1 0x20 PUSH1 0x0 KECCAK256 SWAP1 JUMPDEST DUP2 SLOAD DUP2 MSTORE SWAP1 PUSH1 0x1 ADD SWAP1 PUSH1 0x20 ADD DUP1 DUP4 GT PUSH2 0xE12 JUMPI DUP3 SWAP1 SUB PUSH1 0x1F AND DUP3 ADD SWAP2 JUMPDEST POP POP POP POP POP DUP2 JUMP JUMPDEST PUSH9 0x3635C9ADC5DEA00000 CALLVALUE LT ISZERO ISZERO PUSH2 0xF66 JUMPI PUSH1 0x2 PUSH1 0x0 SWAP1 SLOAD SWAP1 PUSH2 0x100 EXP SWAP1 DIV PUSH20 0xFFFFFFFFFFFFFFFFFFFFFFFFFFFFFFFFFFFFFFFF AND PUSH20 0xFFFFFFFFFFFFFFFFFFFFFFFFFFFFFFFFFFFFFFFF AND PUSH2 0x8FC CALLVALUE SWAP1 DUP2 ISZERO MUL SWAP1 PUSH1 0x40 MLOAD PUSH1 0x0 PUSH1 0x40 MLOAD DUP1 DUP4 SUB DUP2 DUP6 DUP9 DUP9 CALL SWAP4 POP POP POP POP ISZERO ISZERO PUSH2 0xEAB JUMPI PUSH1 0x0 DUP1 REVERT JUMPDEST PUSH1 0x2 PUSH1 0x0 SWAP1 SLOAD SWAP1 PUSH2 0x100 EXP SWAP1 DIV PUSH20 0xFFFFFFFFFFFFFFFFFFFFFFFFFFFFFFFFFFFFFFFF AND PUSH20 0xFFFFFFFFFFFFFFFFFFFFFFFFFFFFFFFFFFFFFFFF AND PUSH2 0x8FC ADDRESS PUSH20 0xFFFFFFFFFFFFFFFFFFFFFFFFFFFFFFFFFFFFFFFF AND BALANCE SWAP1 DUP2 ISZERO MUL SWAP1 PUSH1 0x40 MLOAD PUSH1 0x0 PUSH1 0x40 MLOAD DUP1 DUP4 SUB DUP2 DUP6 DUP9 DUP9 CALL SWAP4 POP POP POP POP ISZERO ISZERO PUSH2 0xF24 JUMPI PUSH1 0x0 DUP1 REVERT JUMPDEST DUP1 PUSH1 0x2 PUSH1 0x0 PUSH2 0x100 EXP DUP2 SLOAD DUP2 PUSH20 0xFFFFFFFFFFFFFFFFFFFFFFFFFFFFFFFFFFFFFFFF MUL NOT AND SWAP1 DUP4 PUSH20 0xFFFFFFFFFFFFFFFFFFFFFFFFFFFFFFFFFFFFFFFF AND MUL OR SWAP1 SSTORE POP JUMPDEST POP JUMP JUMPDEST PUSH1 0x0 DUP1 PUSH1 0x4 PUSH1 0x0 CALLER PUSH20 0xFFFFFFFFFFFFFFFFFFFFFFFFFFFFFFFFFFFFFFFF AND PUSH20 0xFFFFFFFFFFFFFFFFFFFFFFFFFFFFFFFFFFFFFFFF AND DUP2 MSTORE PUSH1 0x20 ADD SWAP1 DUP2 MSTORE PUSH1 0x20 ADD PUSH1 0x0 KECCAK256 SLOAD SWAP1 POP DUP3 DUP2 LT ISZERO DUP1 ISZERO PUSH2 0xFBE JUMPI POP PUSH1 0x0 DUP4 GT JUMPDEST ISZERO PUSH2 0x10C7 JUMPI DUP3 DUP2 SUB SWAP1 POP DUP1 PUSH1 0x4 PUSH1 0x0 CALLER PUSH20 0xFFFFFFFFFFFFFFFFFFFFFFFFFFFFFFFFFFFFFFFF AND PUSH20 0xFFFFFFFFFFFFFFFFFFFFFFFFFFFFFFFFFFFFFFFF AND DUP2 MSTORE PUSH1 0x20 ADD SWAP1 DUP2 MSTORE PUSH1 0x20 ADD PUSH1 0x0 KECCAK256 DUP2 SWAP1 SSTORE POP DUP3 PUSH1 0x4 PUSH1 0x0 DUP7 PUSH20 0xFFFFFFFFFFFFFFFFFFFFFFFFFFFFFFFFFFFFFFFF AND PUSH20 0xFFFFFFFFFFFFFFFFFFFFFFFFFFFFFFFFFFFFFFFF AND DUP2 MSTORE PUSH1 0x20 ADD SWAP1 DUP2 MSTORE PUSH1 0x20 ADD PUSH1 0x0 KECCAK256 PUSH1 0x0 DUP3 DUP3 SLOAD ADD SWAP3 POP POP DUP2 SWAP1 SSTORE POP DUP4 PUSH20 0xFFFFFFFFFFFFFFFFFFFFFFFFFFFFFFFFFFFFFFFF AND CALLER PUSH20 0xFFFFFFFFFFFFFFFFFFFFFFFFFFFFFFFFFFFFFFFF AND PUSH32 0xDDF252AD1BE2C89B69C2B068FC378DAA952BA7F163C4A11628F55A4DF523B3EF DUP6 PUSH1 0x40 MLOAD DUP1 DUP3 DUP2 MSTORE PUSH1 0x20 ADD SWAP2 POP POP PUSH1 0x40 MLOAD DUP1 SWAP2 SUB SWAP1 LOG3 PUSH1 0x1 SWAP2 POP PUSH2 0x10CC JUMP JUMPDEST PUSH1 0x0 SWAP2 POP JUMPDEST POP SWAP3 SWAP2 POP POP JUMP JUMPDEST PUSH1 0x2 PUSH1 0x14 SWAP1 SLOAD SWAP1 PUSH2 0x100 EXP SWAP1 DIV PUSH1 0xFF AND DUP2 JUMP JUMPDEST PUSH1 0x1 DUP2 JUMP JUMPDEST DUP3 DUP1 SLOAD PUSH1 0x1 DUP2 PUSH1 0x1 AND ISZERO PUSH2 0x100 MUL SUB AND PUSH1 0x2 SWAP1 DIV SWAP1 PUSH1 0x0 MSTORE PUSH1 0x20 PUSH1 0x0 KECCAK256 SWAP1 PUSH1 0x1F ADD PUSH1 0x20 SWAP1 DIV DUP2 ADD SWAP3 DUP3 PUSH1 0x1F LT PUSH2 0x112C JUMPI DUP1 CALLDATALOAD PUSH1 0xFF NOT AND DUP4 DUP1 ADD OR DUP6 SSTORE PUSH2 0x115A JUMP JUMPDEST DUP3 DUP1 ADD PUSH1 0x1 ADD DUP6 SSTORE DUP3 ISZERO PUSH2 0x115A JUMPI SWAP2 DUP3 ADD JUMPDEST DUP3 DUP2 GT ISZERO PUSH2 0x1159 JUMPI DUP3 CALLDATALOAD DUP3 SSTORE SWAP2 PUSH1 0x20 ADD SWAP2 SWAP1 PUSH1 0x1 ADD SWAP1 PUSH2 0x113E JUMP JUMPDEST JUMPDEST POP SWAP1 POP PUSH2 0x1167 SWAP2 SWAP1 PUSH2 0x116B JUMP JUMPDEST POP SWAP1 JUMP JUMPDEST PUSH2 0x118D SWAP2 SWAP1 JUMPDEST DUP1 DUP3 GT ISZERO PUSH2 0x1189 JUMPI PUSH1 0x0 DUP2 PUSH1 0x0 SWAP1 SSTORE POP PUSH1 0x1 ADD PUSH2 0x1171 JUMP JUMPDEST POP SWAP1 JUMP JUMPDEST SWAP1 JUMP STOP LOG1 PUSH6 0x627A7A723058 KECCAK256 0xc6 CODESIZE DUP15 PUSH20 0x77EB8B8F00341855B0A90FF821A6B8F7BAD57ECB 0xf PUSH32 0x6C5083DC24F80029000000000000000000000000000000000000000000000000
1,PUSH1 0x60 PUSH1 0x40 MSTORE PUSH1 0x12 PUSH1 0x2 PUSH1 0x0 PUSH2 0x100 EXP DUP2 SLOAD DUP2 PUSH1 0xFF MUL NOT AND SWAP1 DUP4 PUSH1 0xFF AND MUL OR SWAP1 SSTORE POP CALLVALUE ISZERO PUSH2 0x2B JUMPI PUSH1 0x0 DUP1 REVERT JUMPDEST PUSH1 0x40 MLOAD PUSH3 0x10CC CODESIZE SUB DUP1 PUSH3 0x10CC DUP4 CODECOPY DUP2 ADD PUSH1 0x40 MSTORE DUP1 DUP1 MLOAD SWAP1 PUSH1 0x20 ADD SWAP1 SWAP2 SWAP1 DUP1 MLOAD DUP3 ADD SWAP2 SWAP1 PUSH1 0x20 ADD DUP1 MLOAD DUP3 ADD SWAP2 SWAP1 POP POP PUSH1 0x2 PUSH1 0x0 SWAP1 SLOAD SWAP1 PUSH2 0x100 EXP SWAP1 DIV PUSH1 0xFF AND PUSH1 0xFF AND PUSH1 0xA EXP DUP4 MUL PUSH1 0x3 DUP2 SWAP1 SSTORE POP PUSH1 0x3 SLOAD PUSH1 0x4 PUSH1 0x0 CALLER PUSH20 0xFFFFFFFFFFFFFFFFFFFFFFFFFFFFFFFFFFFFFFFF AND PUSH20 0xFFFFFFFFFFFFFFFFFFFFFFFFFFFFFFFFFFFFFFFF AND DUP2 MSTORE PUSH1 0x20 ADD SWAP1 DUP2 MSTORE PUSH1 0x20 ADD PUSH1 0x0 KECCAK256 DUP2 SWAP1 SSTORE POP DUP2 PUSH1 0x0 SWAP1 DUP1 MLOAD SWAP1 PUSH1 0x20 ADD SWAP1 PUSH2 0xD5 SWAP3 SWAP2 SWAP1 PUSH2 0xF5 JUMP JUMPDEST POP DUP1 PUSH1 0x1 SWAP1 DUP1 MLOAD SWAP1 PUSH1 0x20 ADD SWAP1 PUSH2 0xEC SWAP3 SWAP2 SWAP1 PUSH2 0xF5 JUMP JUMPDEST POP POP POP POP PUSH2 0x19A JUMP JUMPDEST DUP3 DUP1 SLOAD PUSH1 0x1 DUP2 PUSH1 0x1 AND ISZERO PUSH2 0x100 MUL SUB AND PUSH1 0x2 SWAP1 DIV SWAP1 PUSH1 0x0 MSTORE PUSH1 0x20 PUSH1 0x0 KECCAK256 SWAP1 PUSH1 0x1F ADD PUSH1 0x20 SWAP1 DIV DUP2 ADD SWAP3 DUP3 PUSH1 0x1F LT PUSH2 0x136 JUMPI DUP1 MLOAD PUSH1 0xFF NOT AND DUP4 DUP1 ADD OR DUP6 SSTORE PUSH2 0x164 JUMP JUMPDEST DUP3 DUP1 ADD PUSH1 0x1 ADD DUP6 SSTORE DUP3 ISZERO PUSH2 0x164 JUMPI SWAP2 DUP3 ADD JUMPDEST DUP3 DUP2 GT ISZERO PUSH2 0x163 JUMPI DUP3 MLOAD DUP3 SSTORE SWAP2 PUSH1 0x20 ADD SWAP2 SWAP1 PUSH1 0x1 ADD SWAP1 PUSH2 0x148 JUMP JUMPDEST JUMPDEST POP SWAP1 POP PUSH2 0x171 SWAP2 SWAP1 PUSH2 0x175 JUMP JUMPDEST POP SWAP1 JUMP JUMPDEST PUSH2 0x197 SWAP2 SWAP1 JUMPDEST DUP1 DUP3 GT ISZERO PUSH2 0x193 JUMPI PUSH1 0x0 DUP2 PUSH1 0x0 SWAP1 SSTORE POP PUSH1 0x1 ADD PUSH2 0x17B JUMP JUMPDEST POP SWAP1 JUMP JUMPDEST SWAP1 JUMP JUMPDEST PUSH2 0xF22 DUP1 PUSH3 0x1AA PUSH1 0x0 CODECOPY PUSH1 0x0 RETURN STOP PUSH1 0x60 PUSH1 0x40 MSTORE PUSH1 0x4 CALLDATASIZE LT PUSH2 0xAF JUMPI PUSH1 0x0 CALLDATALOAD PUSH29 0x100000000000000000000000000000000000000000000000000000000 SWAP1 DIV PUSH4 0xFFFFFFFF AND DUP1 PUSH4 0x6FDDE03 EQ PUSH2 0xB4 JUMPI DUP1 PUSH4 0x95EA7B3 EQ PUSH2 0x142 JUMPI DUP1 PUSH4 0x18160DDD EQ PUSH2 0x19C JUMPI DUP1 PUSH4 0x23B872DD EQ PUSH2 0x1C5 JUMPI DUP1 PUSH4 0x313CE567 EQ PUSH2 0x23E JUMPI DUP1 PUSH4 0x70A08231 EQ PUSH2 0x26D JUMPI DUP1 PUSH4 0x79CC6790 EQ PUSH2 0x2BA JUMPI DUP1 PUSH4 0x95D89B41 EQ PUSH2 0x314 JUMPI DUP1 PUSH4 0xA9059CBB EQ PUSH2 0x3A2 JUMPI DUP1 PUSH4 0xCAE9CA51 EQ PUSH2 0x3E4 JUMPI DUP1 PUSH4 0xDD62ED3E EQ PUSH2 0x481 JUMPI JUMPDEST PUSH1 0x0 DUP1 REVERT JUMPDEST CALLVALUE ISZERO PUSH2 0xBF JUMPI PUSH1 0x0 DUP1 REVERT JUMPDEST PUSH2 0xC7 PUSH2 0x4ED JUMP JUMPDEST PUSH1 0x40 MLOAD DUP1 DUP1 PUSH1 0x20 ADD DUP3 DUP2 SUB DUP3 MSTORE DUP4 DUP2 DUP2 MLOAD DUP2 MSTORE PUSH1 0x20 ADD SWAP2 POP DUP1 MLOAD SWAP1 PUSH1 0x20 ADD SWAP1 DUP1 DUP4 DUP4 PUSH1 0x0 JUMPDEST DUP4 DUP2 LT ISZERO PUSH2 0x107 JUMPI DUP1 DUP3 ADD MLOAD DUP2 DUP5 ADD MSTORE PUSH1 0x20 DUP2 ADD SWAP1 POP PUSH2 0xEC JUMP JUMPDEST POP POP POP POP SWAP1 POP SWAP1 DUP2 ADD SWAP1 PUSH1 0x1F AND DUP1 ISZERO PUSH2 0x134 JUMPI DUP1 DUP3 SUB DUP1 MLOAD PUSH1 0x1 DUP4 PUSH1 0x20 SUB PUSH2 0x100 EXP SUB NOT AND DUP2 MSTORE PUSH1 0x20 ADD SWAP2 POP JUMPDEST POP SWAP3 POP POP POP PUSH1 0x40 MLOAD DUP1 SWAP2 SUB SWAP1 RETURN JUMPDEST CALLVALUE ISZERO PUSH2 0x14D JUMPI PUSH1 0x0 DUP1 REVERT JUMPDEST PUSH2 0x182 PUSH1 0x4 DUP1 DUP1 CALLDATALOAD PUSH20 0xFFFFFFFFFFFFFFFFFFFFFFFFFFFFFFFFFFFFFFFF AND SWAP1 PUSH1 0x20 ADD SWAP1 SWAP2 SWAP1 DUP1 CALLDATALOAD SWAP1 PUSH1 0x20 ADD SWAP1 SWAP2 SWAP1 POP POP PUSH2 0x58B JUMP JUMPDEST PUSH1 0x40 MLOAD DUP1 DUP3 ISZERO ISZERO ISZERO ISZERO DUP2 MSTORE PUSH1 0x20 ADD SWAP2 POP POP PUSH1 0x40 MLOAD DUP1 SWAP2 SUB SWAP1 RETURN JUMPDEST CALLVALUE ISZERO PUSH2 0x1A7 JUMPI PUSH1 0x0 DUP1 REVERT JUMPDEST PUSH2 0x1AF PUSH2 0x618 JUMP JUMPDEST PUSH1 0x40 MLOAD DUP1 DUP3 DUP2 MSTORE PUSH1 0x20 ADD SWAP2 POP POP PUSH1 0x40 MLOAD DUP1 SWAP2 SUB SWAP1 RETURN JUMPDEST CALLVALUE ISZERO PUSH2 0x1D0 JUMPI PUSH1 0x0 DUP1 REVERT JUMPDEST PUSH2 0x224 PUSH1 0x4 DUP1 DUP1 CALLDATALOAD PUSH20 0xFFFFFFFFFFFFFFFFFFFFFFFFFFFFFFFFFFFFFFFF AND SWAP1 PUSH1 0x20 ADD SWAP1 SWAP2 SWAP1 DUP1 CALLDATALOAD PUSH20 0xFFFFFFFFFFFFFFFFFFFFFFFFFFFFFFFFFFFFFFFF AND SWAP1 PUSH1 0x20 ADD SWAP1 SWAP2 SWAP1 DUP1 CALLDATALOAD SWAP1 PUSH1 0x20 ADD SWAP1 SWAP2 SWAP1 POP POP PUSH2 0x61E JUMP JUMPDEST PUSH1 0x40 MLOAD DUP1 DUP3 ISZERO ISZERO ISZERO ISZERO DUP2 MSTORE PUSH1 0x20 ADD SWAP2 POP POP PUSH1 0x40 MLOAD DUP1 SWAP2 SUB SWAP1 RETURN JUMPDEST CALLVALUE ISZERO PUSH2 0x249 JUMPI PUSH1 0x0 DUP1 REVERT JUMPDEST PUSH2 0x251 PUSH2 0x74B JUMP JUMPDEST PUSH1 0x40 MLOAD DUP1 DUP3 PUSH1 0xFF AND PUSH1 0xFF AND DUP2 MSTORE PUSH1 0x20 ADD SWAP2 POP POP PUSH1 0x40 MLOAD DUP1 SWAP2 SUB SWAP1 RETURN JUMPDEST CALLVALUE ISZERO PUSH2 0x278 JUMPI PUSH1 0x0 DUP1 REVERT JUMPDEST PUSH2 0x2A4 PUSH1 0x4 DUP1 DUP1 CALLDATALOAD PUSH20 0xFFFFFFFFFFFFFFFFFFFFFFFFFFFFFFFFFFFFFFFF AND SWAP1 PUSH1 0x20 ADD SWAP1 SWAP2 SWAP1 POP POP PUSH2 0x75E JUMP JUMPDEST PUSH1 0x40 MLOAD DUP1 DUP3 DUP2 MSTORE PUSH1 0x20 ADD SWAP2 POP POP PUSH1 0x40 MLOAD DUP1 SWAP2 SUB SWAP1 RETURN JUMPDEST CALLVALUE ISZERO PUSH2 0x2C5 JUMPI PUSH1 0x0 DUP1 REVERT JUMPDEST PUSH2 0x2FA PUSH1 0x4 DUP1 DUP1 CALLDATALOAD PUSH20 0xFFFFFFFFFFFFFFFFFFFFFFFFFFFFFFFFFFFFFFFF AND SWAP1 PUSH1 0x20 ADD SWAP1 SWAP2 SWAP1 DUP1 CALLDATALOAD SWAP1 PUSH1 0x20 ADD SWAP1 SWAP2 SWAP1 POP POP PUSH2 0x776 JUMP JUMPDEST PUSH1 0x40 MLOAD DUP1 DUP3 ISZERO ISZERO ISZERO ISZERO DUP2 MSTORE PUSH1 0x20 ADD SWAP2 POP POP PUSH1 0x40 MLOAD DUP1 SWAP2 SUB SWAP1 RETURN JUMPDEST CALLVALUE ISZERO PUSH2 0x31F JUMPI PUSH1 0x0 DUP1 REVERT JUMPDEST PUSH2 0x327 PUSH2 0x990 JUMP JUMPDEST PUSH1 0x40 MLOAD DUP1 DUP1 PUSH1 0x20 ADD DUP3 DUP2 SUB DUP3 MSTORE DUP4 DUP2 DUP2 MLOAD DUP2 MSTORE PUSH1 0x20 ADD SWAP2 POP DUP1 MLOAD SWAP1 PUSH1 0x20 ADD SWAP1 DUP1 DUP4 DUP4 PUSH1 0x0 JUMPDEST DUP4 DUP2 LT ISZERO PUSH2 0x367 JUMPI DUP1 DUP3 ADD MLOAD DUP2 DUP5 ADD MSTORE PUSH1 0x20 DUP2 ADD SWAP1 POP PUSH2 0x34C JUMP JUMPDEST POP POP POP POP SWAP1 POP SWAP1 DUP2 ADD SWAP1 PUSH1 0x1F AND DUP1 ISZERO PUSH2 0x394 JUMPI DUP1 DUP3 SUB DUP1 MLOAD PUSH1 0x1 DUP4 PUSH1 0x20 SUB PUSH2 0x100 EXP SUB NOT AND DUP2 MSTORE PUSH1 0x20 ADD SWAP2 POP JUMPDEST POP SWAP3 POP POP POP PUSH1 0x40 MLOAD DUP1 SWAP2 SUB SWAP1 RETURN JUMPDEST CALLVALUE ISZERO PUSH2 0x3AD JUMPI PUSH1 0x0 DUP1 REVERT JUMPDEST PUSH2 0x3E2 PUSH1 0x4 DUP1 DUP1 CALLDATALOAD PUSH20 0xFFFFFFFFFFFFFFFFFFFFFFFFFFFFFFFFFFFFFFFF AND SWAP1 PUSH1 0x20 ADD SWAP1 SWAP2 SWAP1 DUP1 CALLDATALOAD SWAP1 PUSH1 0x20 ADD SWAP1 SWAP2 SWAP1 POP POP PUSH2 0xA2E JUMP JUMPDEST STOP JUMPDEST CALLVALUE ISZERO PUSH2 0x3EF JUMPI PUSH1 0x0 DUP1 REVERT JUMPDEST PUSH2 0x467 PUSH1 0x4 DUP1 DUP1 CALLDATALOAD PUSH20 0xFFFFFFFFFFFFFFFFFFFFFFFFFFFFFFFFFFFFFFFF AND SWAP1 PUSH1 0x20 ADD SWAP1 SWAP2 SWAP1 DUP1 CALLDATALOAD SWAP1 PUSH1 0x20 ADD SWAP1 SWAP2 SWAP1 DUP1 CALLDATALOAD SWAP1 PUSH1 0x20 ADD SWAP1 DUP3 ADD DUP1 CALLDATALOAD SWAP1 PUSH1 0x20 ADD SWAP1 DUP1 DUP1 PUSH1 0x1F ADD PUSH1 0x20 DUP1 SWAP2 DIV MUL PUSH1 0x20 ADD PUSH1 0x40 MLOAD SWAP1 DUP2 ADD PUSH1 0x40 MSTORE DUP1 SWAP4 SWAP3 SWAP2 SWAP1 DUP2 DUP2 MSTORE PUSH1 0x20 ADD DUP4 DUP4 DUP1 DUP3 DUP5 CALLDATACOPY DUP3 ADD SWAP2 POP POP POP POP POP POP SWAP2 SWAP1 POP POP PUSH2 0xA3D JUMP JUMPDEST PUSH1 0x40 MLOAD DUP1 DUP3 ISZERO ISZERO ISZERO ISZERO DUP2 MSTORE PUSH1 0x20 ADD SWAP2 POP POP PUSH1 0x40 MLOAD DUP1 SWAP2 SUB SWAP1 RETURN JUMPDEST CALLVALUE ISZERO PUSH2 0x48C JUMPI PUSH1 0x0 DUP1 REVERT JUMPDEST PUSH2 0x4D7 PUSH1 0x4 DUP1 DUP1 CALLDATALOAD PUSH20 0xFFFFFFFFFFFFFFFFFFFFFFFFFFFFFFFFFFFFFFFF AND SWAP1 PUSH1 0x20 ADD SWAP1 SWAP2 SWAP1 DUP1 CALLDATALOAD PUSH20 0xFFFFFFFFFFFFFFFFFFFFFFFFFFFFFFFFFFFFFFFF AND SWAP1 PUSH1 0x20 ADD SWAP1 SWAP2 SWAP1 POP POP PUSH2 0xBBB JUMP JUMPDEST PUSH1 0x40 MLOAD DUP1 DUP3 DUP2 MSTORE PUSH1 0x20 ADD SWAP2 POP POP PUSH1 0x40 MLOAD DUP1 SWAP2 SUB SWAP1 RETURN JUMPDEST PUSH1 0x0 DUP1 SLOAD PUSH1 0x1 DUP2 PUSH1 0x1 AND ISZERO PUSH2 0x100 MUL SUB AND PUSH1 0x2 SWAP1 DIV DUP1 PUSH1 0x1F ADD PUSH1 0x20 DUP1 SWAP2 DIV MUL PUSH1 0x20 ADD PUSH1 0x40 MLOAD SWAP1 DUP2 ADD PUSH1 0x40 MSTORE DUP1 SWAP3 SWAP2 SWAP1 DUP2 DUP2 MSTORE PUSH1 0x20 ADD DUP3 DUP1 SLOAD PUSH1 0x1 DUP2 PUSH1 0x1 AND ISZERO PUSH2 0x100 MUL SUB AND PUSH1 0x2 SWAP1 DIV DUP1 ISZERO PUSH2 0x583 JUMPI DUP1 PUSH1 0x1F LT PUSH2 0x558 JUMPI PUSH2 0x100 DUP1 DUP4 SLOAD DIV MUL DUP4 MSTORE SWAP2 PUSH1 0x20 ADD SWAP2 PUSH2 0x583 JUMP JUMPDEST DUP3 ADD SWAP2 SWAP1 PUSH1 0x0 MSTORE PUSH1 0x20 PUSH1 0x0 KECCAK256 SWAP1 JUMPDEST DUP2 SLOAD DUP2 MSTORE SWAP1 PUSH1 0x1 ADD SWAP1 PUSH1 0x20 ADD DUP1 DUP4 GT PUSH2 0x566 JUMPI DUP3 SWAP1 SUB PUSH1 0x1F AND DUP3 ADD SWAP2 JUMPDEST POP POP POP POP POP DUP2 JUMP JUMPDEST PUSH1 0x0 DUP2 PUSH1 0x5 PUSH1 0x0 CALLER PUSH20 0xFFFFFFFFFFFFFFFFFFFFFFFFFFFFFFFFFFFFFFFF AND PUSH20 0xFFFFFFFFFFFFFFFFFFFFFFFFFFFFFFFFFFFFFFFF AND DUP2 MSTORE PUSH1 0x20 ADD SWAP1 DUP2 MSTORE PUSH1 0x20 ADD PUSH1 0x0 KECCAK256 PUSH1 0x0 DUP6 PUSH20 0xFFFFFFFFFFFFFFFFFFFFFFFFFFFFFFFFFFFFFFFF AND PUSH20 0xFFFFFFFFFFFFFFFFFFFFFFFFFFFFFFFFFFFFFFFF AND DUP2 MSTORE PUSH1 0x20 ADD SWAP1 DUP2 MSTORE PUSH1 0x20 ADD PUSH1 0x0 KECCAK256 DUP2 SWAP1 SSTORE POP PUSH1 0x1 SWAP1 POP SWAP3 SWAP2 POP POP JUMP JUMPDEST PUSH1 0x3 SLOAD DUP2 JUMP JUMPDEST PUSH1 0x0 PUSH1 0x5 PUSH1 0x0 DUP6 PUSH20 0xFFFFFFFFFFFFFFFFFFFFFFFFFFFFFFFFFFFFFFFF AND PUSH20 0xFFFFFFFFFFFFFFFFFFFFFFFFFFFFFFFFFFFFFFFF AND DUP2 MSTORE PUSH1 0x20 ADD SWAP1 DUP2 MSTORE PUSH1 0x20 ADD PUSH1 0x0 KECCAK256 PUSH1 0x0 CALLER PUSH20 0xFFFFFFFFFFFFFFFFFFFFFFFFFFFFFFFFFFFFFFFF AND PUSH20 0xFFFFFFFFFFFFFFFFFFFFFFFFFFFFFFFFFFFFFFFF AND DUP2 MSTORE PUSH1 0x20 ADD SWAP1 DUP2 MSTORE PUSH1 0x20 ADD PUSH1 0x0 KECCAK256 SLOAD DUP3 GT ISZERO ISZERO ISZERO PUSH2 0x6AB JUMPI PUSH1 0x0 DUP1 REVERT JUMPDEST DUP2 PUSH1 0x5 PUSH1 0x0 DUP7 PUSH20 0xFFFFFFFFFFFFFFFFFFFFFFFFFFFFFFFFFFFFFFFF AND PUSH20 0xFFFFFFFFFFFFFFFFFFFFFFFFFFFFFFFFFFFFFFFF AND DUP2 MSTORE PUSH1 0x20 ADD SWAP1 DUP2 MSTORE PUSH1 0x20 ADD PUSH1 0x0 KECCAK256 PUSH1 0x0 CALLER PUSH20 0xFFFFFFFFFFFFFFFFFFFFFFFFFFFFFFFFFFFFFFFF AND PUSH20 0xFFFFFFFFFFFFFFFFFFFFFFFFFFFFFFFFFFFFFFFF AND DUP2 MSTORE PUSH1 0x20 ADD SWAP1 DUP2 MSTORE PUSH1 0x20 ADD PUSH1 0x0 KECCAK256 PUSH1 0x0 DUP3 DUP3 SLOAD SUB SWAP3 POP POP DUP2 SWAP1 SSTORE POP PUSH2 0x740 DUP5 DUP5 DUP5 PUSH2 0xBE0 JUMP JUMPDEST PUSH1 0x1 SWAP1 POP SWAP4 SWAP3 POP POP POP JUMP JUMPDEST PUSH1 0x2 PUSH1 0x0 SWAP1 SLOAD SWAP1 PUSH2 0x100 EXP SWAP1 DIV PUSH1 0xFF AND DUP2 JUMP JUMPDEST PUSH1 0x4 PUSH1 0x20 MSTORE DUP1 PUSH1 0x0 MSTORE PUSH1 0x40 PUSH1 0x0 KECCAK256 PUSH1 0x0 SWAP2 POP SWAP1 POP SLOAD DUP2 JUMP JUMPDEST PUSH1 0x0 DUP2 PUSH1 0x4 PUSH1 0x0 DUP6 PUSH20 0xFFFFFFFFFFFFFFFFFFFFFFFFFFFFFFFFFFFFFFFF AND PUSH20 0xFFFFFFFFFFFFFFFFFFFFFFFFFFFFFFFFFFFFFFFF AND DUP2 MSTORE PUSH1 0x20 ADD SWAP1 DUP2 MSTORE PUSH1 0x20 ADD PUSH1 0x0 KECCAK256 SLOAD LT ISZERO ISZERO ISZERO PUSH2 0x7C6 JUMPI PUSH1 0x0 DUP1 REVERT JUMPDEST PUSH1 0x5 PUSH1 0x0 DUP5 PUSH20 0xFFFFFFFFFFFFFFFFFFFFFFFFFFFFFFFFFFFFFFFF AND PUSH20 0xFFFFFFFFFFFFFFFFFFFFFFFFFFFFFFFFFFFFFFFF AND DUP2 MSTORE PUSH1 0x20 ADD SWAP1 DUP2 MSTORE PUSH1 0x20 ADD PUSH1 0x0 KECCAK256 PUSH1 0x0 CALLER PUSH20 0xFFFFFFFFFFFFFFFFFFFFFFFFFFFFFFFFFFFFFFFF AND PUSH20 0xFFFFFFFFFFFFFFFFFFFFFFFFFFFFFFFFFFFFFFFF AND DUP2 MSTORE PUSH1 0x20 ADD SWAP1 DUP2 MSTORE PUSH1 0x20 ADD PUSH1 0x0 KECCAK256 SLOAD DUP3 GT ISZERO ISZERO ISZERO PUSH2 0x851 JUMPI PUSH1 0x0 DUP1 REVERT JUMPDEST DUP2 PUSH1 0x4 PUSH1 0x0 DUP6 PUSH20 0xFFFFFFFFFFFFFFFFFFFFFFFFFFFFFFFFFFFFFFFF AND PUSH20 0xFFFFFFFFFFFFFFFFFFFFFFFFFFFFFFFFFFFFFFFF AND DUP2 MSTORE PUSH1 0x20 ADD SWAP1 DUP2 MSTORE PUSH1 0x20 ADD PUSH1 0x0 KECCAK256 PUSH1 0x0 DUP3 DUP3 SLOAD SUB SWAP3 POP POP DUP2 SWAP1 SSTORE POP DUP2 PUSH1 0x5 PUSH1 0x0 DUP6 PUSH20 0xFFFFFFFFFFFFFFFFFFFFFFFFFFFFFFFFFFFFFFFF AND PUSH20 0xFFFFFFFFFFFFFFFFFFFFFFFFFFFFFFFFFFFFFFFF AND DUP2 MSTORE PUSH1 0x20 ADD SWAP1 DUP2 MSTORE PUSH1 0x20 ADD PUSH1 0x0 KECCAK256 PUSH1 0x0 CALLER PUSH20 0xFFFFFFFFFFFFFFFFFFFFFFFFFFFFFFFFFFFFFFFF AND PUSH20 0xFFFFFFFFFFFFFFFFFFFFFFFFFFFFFFFFFFFFFFFF AND DUP2 MSTORE PUSH1 0x20 ADD SWAP1 DUP2 MSTORE PUSH1 0x20 ADD PUSH1 0x0 KECCAK256 PUSH1 0x0 DUP3 DUP3 SLOAD SUB SWAP3 POP POP DUP2 SWAP1 SSTORE POP DUP2 PUSH1 0x3 PUSH1 0x0 DUP3 DUP3 SLOAD SUB SWAP3 POP POP DUP2 SWAP1 SSTORE POP DUP3 PUSH20 0xFFFFFFFFFFFFFFFFFFFFFFFFFFFFFFFFFFFFFFFF AND PUSH32 0xCC16F5DBB4873280815C1EE09DBD06736CFFCC184412CF7A71A0FDB75D397CA5 DUP4 PUSH1 0x40 MLOAD DUP1 DUP3 DUP2 MSTORE PUSH1 0x20 ADD SWAP2 POP POP PUSH1 0x40 MLOAD DUP1 SWAP2 SUB SWAP1 LOG2 PUSH1 0x1 SWAP1 POP SWAP3 SWAP2 POP POP JUMP JUMPDEST PUSH1 0x1 DUP1 SLOAD PUSH1 0x1 DUP2 PUSH1 0x1 AND ISZERO PUSH2 0x100 MUL SUB AND PUSH1 0x2 SWAP1 DIV DUP1 PUSH1 0x1F ADD PUSH1 0x20 DUP1 SWAP2 DIV MUL PUSH1 0x20 ADD PUSH1 0x40 MLOAD SWAP1 DUP2 ADD PUSH1 0x40 MSTORE DUP1 SWAP3 SWAP2 SWAP1 DUP2 DUP2 MSTORE PUSH1 0x20 ADD DUP3 DUP1 SLOAD PUSH1 0x1 DUP2 PUSH1 0x1 AND ISZERO PUSH2 0x100 MUL SUB AND PUSH1 0x2 SWAP1 DIV DUP1 ISZERO PUSH2 0xA26 JUMPI DUP1 PUSH1 0x1F LT PUSH2 0x9FB JUMPI PUSH2 0x100 DUP1 DUP4 SLOAD DIV MUL DUP4 MSTORE SWAP2 PUSH1 0x20 ADD SWAP2 PUSH2 0xA26 JUMP JUMPDEST DUP3 ADD SWAP2 SWAP1 PUSH1 0x0 MSTORE PUSH1 0x20 PUSH1 0x0 KECCAK256 SWAP1 JUMPDEST DUP2 SLOAD DUP2 MSTORE SWAP1 PUSH1 0x1 ADD SWAP1 PUSH1 0x20 ADD DUP1 DUP4 GT PUSH2 0xA09 JUMPI DUP3 SWAP1 SUB PUSH1 0x1F AND DUP3 ADD SWAP2 JUMPDEST POP POP POP POP POP DUP2 JUMP JUMPDEST PUSH2 0xA39 CALLER DUP4 DUP4 PUSH2 0xBE0 JUMP JUMPDEST POP POP JUMP JUMPDEST PUSH1 0x0 DUP1 DUP5 SWAP1 POP PUSH2 0xA4D DUP6 DUP6 PUSH2 0x58B JUMP JUMPDEST ISZERO PUSH2 0xBB2 JUMPI DUP1 PUSH20 0xFFFFFFFFFFFFFFFFFFFFFFFFFFFFFFFFFFFFFFFF AND PUSH4 0x8F4FFCB1 CALLER DUP7 ADDRESS DUP8 PUSH1 0x40 MLOAD DUP6 PUSH4 0xFFFFFFFF AND PUSH29 0x100000000000000000000000000000000000000000000000000000000 MUL DUP2 MSTORE PUSH1 0x4 ADD DUP1 DUP6 PUSH20 0xFFFFFFFFFFFFFFFFFFFFFFFFFFFFFFFFFFFFFFFF AND PUSH20 0xFFFFFFFFFFFFFFFFFFFFFFFFFFFFFFFFFFFFFFFF AND DUP2 MSTORE PUSH1 0x20 ADD DUP5 DUP2 MSTORE PUSH1 0x20 ADD DUP4 PUSH20 0xFFFFFFFFFFFFFFFFFFFFFFFFFFFFFFFFFFFFFFFF AND PUSH20 0xFFFFFFFFFFFFFFFFFFFFFFFFFFFFFFFFFFFFFFFF AND DUP2 MSTORE PUSH1 0x20 ADD DUP1 PUSH1 0x20 ADD DUP3 DUP2 SUB DUP3 MSTORE DUP4 DUP2 DUP2 MLOAD DUP2 MSTORE PUSH1 0x20 ADD SWAP2 POP DUP1 MLOAD SWAP1 PUSH1 0x20 ADD SWAP1 DUP1 DUP4 DUP4 PUSH1 0x0 JUMPDEST DUP4 DUP2 LT ISZERO PUSH2 0xB47 JUMPI DUP1 DUP3 ADD MLOAD DUP2 DUP5 ADD MSTORE PUSH1 0x20 DUP2 ADD SWAP1 POP PUSH2 0xB2C JUMP JUMPDEST POP POP POP POP SWAP1 POP SWAP1 DUP2 ADD SWAP1 PUSH1 0x1F AND DUP1 ISZERO PUSH2 0xB74 JUMPI DUP1 DUP3 SUB DUP1 MLOAD PUSH1 0x1 DUP4 PUSH1 0x20 SUB PUSH2 0x100 EXP SUB NOT AND DUP2 MSTORE PUSH1 0x20 ADD SWAP2 POP JUMPDEST POP SWAP6 POP POP POP POP POP POP PUSH1 0x0 PUSH1 0x40 MLOAD DUP1 DUP4 SUB DUP2 PUSH1 0x0 DUP8 DUP1 EXTCODESIZE ISZERO ISZERO PUSH2 0xB95 JUMPI PUSH1 0x0 DUP1 REVERT JUMPDEST PUSH2 0x2C6 GAS SUB CALL ISZERO ISZERO PUSH2 0xBA6 JUMPI PUSH1 0x0 DUP1 REVERT JUMPDEST POP POP POP PUSH1 0x1 SWAP2 POP PUSH2 0xBB3 JUMP JUMPDEST JUMPDEST POP SWAP4 SWAP3 POP POP POP JUMP JUMPDEST PUSH1 0x5 PUSH1 0x20 MSTORE DUP2 PUSH1 0x0 MSTORE PUSH1 0x40 PUSH1 0x0 KECCAK256 PUSH1 0x20 MSTORE DUP1 PUSH1 0x0 MSTORE PUSH1 0x40 PUSH1 0x0 KECCAK256 PUSH1 0x0 SWAP2 POP SWAP2 POP POP SLOAD DUP2 JUMP JUMPDEST PUSH1 0x0 DUP1 DUP4 PUSH20 0xFFFFFFFFFFFFFFFFFFFFFFFFFFFFFFFFFFFFFFFF AND EQ ISZERO ISZERO ISZERO PUSH2 0xC07 JUMPI PUSH1 0x0 DUP1 REVERT JUMPDEST DUP2 PUSH1 0x4 PUSH1 0x0 DUP7 PUSH20 0xFFFFFFFFFFFFFFFFFFFFFFFFFFFFFFFFFFFFFFFF AND PUSH20 0xFFFFFFFFFFFFFFFFFFFFFFFFFFFFFFFFFFFFFFFF AND DUP2 MSTORE PUSH1 0x20 ADD SWAP1 DUP2 MSTORE PUSH1 0x20 ADD PUSH1 0x0 KECCAK256 SLOAD LT ISZERO ISZERO ISZERO PUSH2 0xC55 JUMPI PUSH1 0x0 DUP1 REVERT JUMPDEST PUSH1 0x4 PUSH1 0x0 DUP5 PUSH20 0xFFFFFFFFFFFFFFFFFFFFFFFFFFFFFFFFFFFFFFFF AND PUSH20 0xFFFFFFFFFFFFFFFFFFFFFFFFFFFFFFFFFFFFFFFF AND DUP2 MSTORE PUSH1 0x20 ADD SWAP1 DUP2 MSTORE PUSH1 0x20 ADD PUSH1 0x0 KECCAK256 SLOAD DUP3 PUSH1 0x4 PUSH1 0x0 DUP7 PUSH20 0xFFFFFFFFFFFFFFFFFFFFFFFFFFFFFFFFFFFFFFFF AND PUSH20 0xFFFFFFFFFFFFFFFFFFFFFFFFFFFFFFFFFFFFFFFF AND DUP2 MSTORE PUSH1 0x20 ADD SWAP1 DUP2 MSTORE PUSH1 0x20 ADD PUSH1 0x0 KECCAK256 SLOAD ADD GT ISZERO ISZERO PUSH2 0xCE3 JUMPI PUSH1 0x0 DUP1 REVERT JUMPDEST PUSH1 0x4 PUSH1 0x0 DUP5 PUSH20 0xFFFFFFFFFFFFFFFFFFFFFFFFFFFFFFFFFFFFFFFF AND PUSH20 0xFFFFFFFFFFFFFFFFFFFFFFFFFFFFFFFFFFFFFFFF AND DUP2 MSTORE PUSH1 0x20 ADD SWAP1 DUP2 MSTORE PUSH1 0x20 ADD PUSH1 0x0 KECCAK256 SLOAD PUSH1 0x4 PUSH1 0x0 DUP7 PUSH20 0xFFFFFFFFFFFFFFFFFFFFFFFFFFFFFFFFFFFFFFFF AND PUSH20 0xFFFFFFFFFFFFFFFFFFFFFFFFFFFFFFFFFFFFFFFF AND DUP2 MSTORE PUSH1 0x20 ADD SWAP1 DUP2 MSTORE PUSH1 0x20 ADD PUSH1 0x0 KECCAK256 SLOAD ADD SWAP1 POP DUP2 PUSH1 0x4 PUSH1 0x0 DUP7 PUSH20 0xFFFFFFFFFFFFFFFFFFFFFFFFFFFFFFFFFFFFFFFF AND PUSH20 0xFFFFFFFFFFFFFFFFFFFFFFFFFFFFFFFFFFFFFFFF AND DUP2 MSTORE PUSH1 0x20 ADD SWAP1 DUP2 MSTORE PUSH1 0x20 ADD PUSH1 0x0 KECCAK256 PUSH1 0x0 DUP3 DUP3 SLOAD SUB SWAP3 POP POP DUP2 SWAP1 SSTORE POP DUP2 PUSH1 0x4 PUSH1 0x0 DUP6 PUSH20 0xFFFFFFFFFFFFFFFFFFFFFFFFFFFFFFFFFFFFFFFF AND PUSH20 0xFFFFFFFFFFFFFFFFFFFFFFFFFFFFFFFFFFFFFFFF AND DUP2 MSTORE PUSH1 0x20 ADD SWAP1 DUP2 MSTORE PUSH1 0x20 ADD PUSH1 0x0 KECCAK256 PUSH1 0x0 DUP3 DUP3 SLOAD ADD SWAP3 POP POP DUP2 SWAP1 SSTORE POP DUP3 PUSH20 0xFFFFFFFFFFFFFFFFFFFFFFFFFFFFFFFFFFFFFFFF AND DUP5 PUSH20 0xFFFFFFFFFFFFFFFFFFFFFFFFFFFFFFFFFFFFFFFF AND PUSH32 0xDDF252AD1BE2C89B69C2B068FC378DAA952BA7F163C4A11628F55A4DF523B3EF DUP5 PUSH1 0x40 MLOAD DUP1 DUP3 DUP2 MSTORE PUSH1 0x20 ADD SWAP2 POP POP PUSH1 0x40 MLOAD DUP1 SWAP2 SUB SWAP1 LOG3 DUP1 PUSH1 0x4 PUSH1 0x0 DUP6 PUSH20 0xFFFFFFFFFFFFFFFFFFFFFFFFFFFFFFFFFFFFFFFF AND PUSH20 0xFFFFFFFFFFFFFFFFFFFFFFFFFFFFFFFFFFFFFFFF AND DUP2 MSTORE PUSH1 0x20 ADD SWAP1 DUP2 MSTORE PUSH1 0x20 ADD PUSH1 0x0 KECCAK256 SLOAD PUSH1 0x4 PUSH1 0x0 DUP8 PUSH20 0xFFFFFFFFFFFFFFFFFFFFFFFFFFFFFFFFFFFFFFFF AND PUSH20 0xFFFFFFFFFFFFFFFFFFFFFFFFFFFFFFFFFFFFFFFF AND DUP2 MSTORE PUSH1 0x20 ADD SWAP1 DUP2 MSTORE PUSH1 0x20 ADD PUSH1 0x0 KECCAK256 SLOAD ADD EQ ISZERO ISZERO PUSH2 0xEF0 JUMPI INVALID JUMPDEST POP POP POP POP JUMP STOP LOG1 PUSH6 0x627A7A723058 KECCAK256 0xea 0xb5 0x24 PUSH16 0x9FEC816FA5B3B0E16660898EC0AB61B7 SGT SWAP13 INVALID 0xb2 ORIGIN PUSH27 0x9A187EB29D5D002900000000000000000000000000000000000000
1,PUSH1 0x60 PUSH1 0x40 MSTORE PUSH1 0x12 PUSH1 0x2 PUSH1 0x0 PUSH2 0x100 EXP DUP2 SLOAD DUP2 PUSH1 0xFF MUL NOT AND SWAP1 DUP4 PUSH1 0xFF AND MUL OR SWAP1 SSTORE POP CALLVALUE ISZERO PUSH3 0x2C JUMPI PUSH1 0x0 DUP1 REVERT JUMPDEST PUSH1 0x40 MLOAD PUSH3 0x1226 CODESIZE SUB DUP1 PUSH3 0x1226 DUP4 CODECOPY DUP2 ADD PUSH1 0x40 MSTORE DUP1 DUP1 MLOAD SWAP1 PUSH1 0x20 ADD SWAP1 SWAP2 SWAP1 DUP1 MLOAD DUP3 ADD SWAP2 SWAP1 PUSH1 0x20 ADD DUP1 MLOAD DUP3 ADD SWAP2 SWAP1 POP POP PUSH1 0x2 PUSH1 0x0 SWAP1 SLOAD SWAP1 PUSH2 0x100 EXP SWAP1 DIV PUSH1 0xFF AND PUSH1 0xFF AND PUSH1 0xA EXP DUP4 MUL PUSH1 0x3 DUP2 SWAP1 SSTORE POP PUSH1 0x3 SLOAD PUSH1 0x4 PUSH1 0x0 CALLER PUSH20 0xFFFFFFFFFFFFFFFFFFFFFFFFFFFFFFFFFFFFFFFF AND PUSH20 0xFFFFFFFFFFFFFFFFFFFFFFFFFFFFFFFFFFFFFFFF AND DUP2 MSTORE PUSH1 0x20 ADD SWAP1 DUP2 MSTORE PUSH1 0x20 ADD PUSH1 0x0 KECCAK256 DUP2 SWAP1 SSTORE POP DUP2 PUSH1 0x0 SWAP1 DUP1 MLOAD SWAP1 PUSH1 0x20 ADD SWAP1 PUSH3 0xD8 SWAP3 SWAP2 SWAP1 PUSH3 0xFB JUMP JUMPDEST POP DUP1 PUSH1 0x1 SWAP1 DUP1 MLOAD SWAP1 PUSH1 0x20 ADD SWAP1 PUSH3 0xF1 SWAP3 SWAP2 SWAP1 PUSH3 0xFB JUMP JUMPDEST POP POP POP POP PUSH3 0x1AA JUMP JUMPDEST DUP3 DUP1 SLOAD PUSH1 0x1 DUP2 PUSH1 0x1 AND ISZERO PUSH2 0x100 MUL SUB AND PUSH1 0x2 SWAP1 DIV SWAP1 PUSH1 0x0 MSTORE PUSH1 0x20 PUSH1 0x0 KECCAK256 SWAP1 PUSH1 0x1F ADD PUSH1 0x20 SWAP1 DIV DUP2 ADD SWAP3 DUP3 PUSH1 0x1F LT PUSH3 0x13E JUMPI DUP1 MLOAD PUSH1 0xFF NOT AND DUP4 DUP1 ADD OR DUP6 SSTORE PUSH3 0x16F JUMP JUMPDEST DUP3 DUP1 ADD PUSH1 0x1 ADD DUP6 SSTORE DUP3 ISZERO PUSH3 0x16F JUMPI SWAP2 DUP3 ADD JUMPDEST DUP3 DUP2 GT ISZERO PUSH3 0x16E JUMPI DUP3 MLOAD DUP3 SSTORE SWAP2 PUSH1 0x20 ADD SWAP2 SWAP1 PUSH1 0x1 ADD SWAP1 PUSH3 0x151 JUMP JUMPDEST JUMPDEST POP SWAP1 POP PUSH3 0x17E SWAP2 SWAP1 PUSH3 0x182 JUMP JUMPDEST POP SWAP1 JUMP JUMPDEST PUSH3 0x1A7 SWAP2 SWAP1 JUMPDEST DUP1 DUP3 GT ISZERO PUSH3 0x1A3 JUMPI PUSH1 0x0 DUP2 PUSH1 0x0 SWAP1 SSTORE POP PUSH1 0x1 ADD PUSH3 0x189 JUMP JUMPDEST POP SWAP1 JUMP JUMPDEST SWAP1 JUMP JUMPDEST PUSH2 0x106C DUP1 PUSH3 0x1BA PUSH1 0x0 CODECOPY PUSH1 0x0 RETURN STOP PUSH1 0x60 PUSH1 0x40 MSTORE PUSH1 0x4 CALLDATASIZE LT PUSH2 0xBA JUMPI PUSH1 0x0 CALLDATALOAD PUSH29 0x100000000000000000000000000000000000000000000000000000000 SWAP1 DIV PUSH4 0xFFFFFFFF AND DUP1 PUSH4 0x6FDDE03 EQ PUSH2 0xBF JUMPI DUP1 PUSH4 0x95EA7B3 EQ PUSH2 0x14D JUMPI DUP1 PUSH4 0x18160DDD EQ PUSH2 0x1A7 JUMPI DUP1 PUSH4 0x23B872DD EQ PUSH2 0x1D0 JUMPI DUP1 PUSH4 0x313CE567 EQ PUSH2 0x249 JUMPI DUP1 PUSH4 0x42966C68 EQ PUSH2 0x278 JUMPI DUP1 PUSH4 0x70A08231 EQ PUSH2 0x2B3 JUMPI DUP1 PUSH4 0x79CC6790 EQ PUSH2 0x300 JUMPI DUP1 PUSH4 0x95D89B41 EQ PUSH2 0x35A JUMPI DUP1 PUSH4 0xA9059CBB EQ PUSH2 0x3E8 JUMPI DUP1 PUSH4 0xCAE9CA51 EQ PUSH2 0x42A JUMPI DUP1 PUSH4 0xDD62ED3E EQ PUSH2 0x4C7 JUMPI JUMPDEST PUSH1 0x0 DUP1 REVERT JUMPDEST CALLVALUE ISZERO PUSH2 0xCA JUMPI PUSH1 0x0 DUP1 REVERT JUMPDEST PUSH2 0xD2 PUSH2 0x533 JUMP JUMPDEST PUSH1 0x40 MLOAD DUP1 DUP1 PUSH1 0x20 ADD DUP3 DUP2 SUB DUP3 MSTORE DUP4 DUP2 DUP2 MLOAD DUP2 MSTORE PUSH1 0x20 ADD SWAP2 POP DUP1 MLOAD SWAP1 PUSH1 0x20 ADD SWAP1 DUP1 DUP4 DUP4 PUSH1 0x0 JUMPDEST DUP4 DUP2 LT ISZERO PUSH2 0x112 JUMPI DUP1 DUP3 ADD MLOAD DUP2 DUP5 ADD MSTORE PUSH1 0x20 DUP2 ADD SWAP1 POP PUSH2 0xF7 JUMP JUMPDEST POP POP POP POP SWAP1 POP SWAP1 DUP2 ADD SWAP1 PUSH1 0x1F AND DUP1 ISZERO PUSH2 0x13F JUMPI DUP1 DUP3 SUB DUP1 MLOAD PUSH1 0x1 DUP4 PUSH1 0x20 SUB PUSH2 0x100 EXP SUB NOT AND DUP2 MSTORE PUSH1 0x20 ADD SWAP2 POP JUMPDEST POP SWAP3 POP POP POP PUSH1 0x40 MLOAD DUP1 SWAP2 SUB SWAP1 RETURN JUMPDEST CALLVALUE ISZERO PUSH2 0x158 JUMPI PUSH1 0x0 DUP1 REVERT JUMPDEST PUSH2 0x18D PUSH1 0x4 DUP1 DUP1 CALLDATALOAD PUSH20 0xFFFFFFFFFFFFFFFFFFFFFFFFFFFFFFFFFFFFFFFF AND SWAP1 PUSH1 0x20 ADD SWAP1 SWAP2 SWAP1 DUP1 CALLDATALOAD SWAP1 PUSH1 0x20 ADD SWAP1 SWAP2 SWAP1 POP POP PUSH2 0x5D1 JUMP JUMPDEST PUSH1 0x40 MLOAD DUP1 DUP3 ISZERO ISZERO ISZERO ISZERO DUP2 MSTORE PUSH1 0x20 ADD SWAP2 POP POP PUSH1 0x40 MLOAD DUP1 SWAP2 SUB SWAP1 RETURN JUMPDEST CALLVALUE ISZERO PUSH2 0x1B2 JUMPI PUSH1 0x0 DUP1 REVERT JUMPDEST PUSH2 0x1BA PUSH2 0x65E JUMP JUMPDEST PUSH1 0x40 MLOAD DUP1 DUP3 DUP2 MSTORE PUSH1 0x20 ADD SWAP2 POP POP PUSH1 0x40 MLOAD DUP1 SWAP2 SUB SWAP1 RETURN JUMPDEST CALLVALUE ISZERO PUSH2 0x1DB JUMPI PUSH1 0x0 DUP1 REVERT JUMPDEST PUSH2 0x22F PUSH1 0x4 DUP1 DUP1 CALLDATALOAD PUSH20 0xFFFFFFFFFFFFFFFFFFFFFFFFFFFFFFFFFFFFFFFF AND SWAP1 PUSH1 0x20 ADD SWAP1 SWAP2 SWAP1 DUP1 CALLDATALOAD PUSH20 0xFFFFFFFFFFFFFFFFFFFFFFFFFFFFFFFFFFFFFFFF AND SWAP1 PUSH1 0x20 ADD SWAP1 SWAP2 SWAP1 DUP1 CALLDATALOAD SWAP1 PUSH1 0x20 ADD SWAP1 SWAP2 SWAP1 POP POP PUSH2 0x664 JUMP JUMPDEST PUSH1 0x40 MLOAD DUP1 DUP3 ISZERO ISZERO ISZERO ISZERO DUP2 MSTORE PUSH1 0x20 ADD SWAP2 POP POP PUSH1 0x40 MLOAD DUP1 SWAP2 SUB SWAP1 RETURN JUMPDEST CALLVALUE ISZERO PUSH2 0x254 JUMPI PUSH1 0x0 DUP1 REVERT JUMPDEST PUSH2 0x25C PUSH2 0x791 JUMP JUMPDEST PUSH1 0x40 MLOAD DUP1 DUP3 PUSH1 0xFF AND PUSH1 0xFF AND DUP2 MSTORE PUSH1 0x20 ADD SWAP2 POP POP PUSH1 0x40 MLOAD DUP1 SWAP2 SUB SWAP1 RETURN JUMPDEST CALLVALUE ISZERO PUSH2 0x283 JUMPI PUSH1 0x0 DUP1 REVERT JUMPDEST PUSH2 0x299 PUSH1 0x4 DUP1 DUP1 CALLDATALOAD SWAP1 PUSH1 0x20 ADD SWAP1 SWAP2 SWAP1 POP POP PUSH2 0x7A4 JUMP JUMPDEST PUSH1 0x40 MLOAD DUP1 DUP3 ISZERO ISZERO ISZERO ISZERO DUP2 MSTORE PUSH1 0x20 ADD SWAP2 POP POP PUSH1 0x40 MLOAD DUP1 SWAP2 SUB SWAP1 RETURN JUMPDEST CALLVALUE ISZERO PUSH2 0x2BE JUMPI PUSH1 0x0 DUP1 REVERT JUMPDEST PUSH2 0x2EA PUSH1 0x4 DUP1 DUP1 CALLDATALOAD PUSH20 0xFFFFFFFFFFFFFFFFFFFFFFFFFFFFFFFFFFFFFFFF AND SWAP1 PUSH1 0x20 ADD SWAP1 SWAP2 SWAP1 POP POP PUSH2 0x8A8 JUMP JUMPDEST PUSH1 0x40 MLOAD DUP1 DUP3 DUP2 MSTORE PUSH1 0x20 ADD SWAP2 POP POP PUSH1 0x40 MLOAD DUP1 SWAP2 SUB SWAP1 RETURN JUMPDEST CALLVALUE ISZERO PUSH2 0x30B JUMPI PUSH1 0x0 DUP1 REVERT JUMPDEST PUSH2 0x340 PUSH1 0x4 DUP1 DUP1 CALLDATALOAD PUSH20 0xFFFFFFFFFFFFFFFFFFFFFFFFFFFFFFFFFFFFFFFF AND SWAP1 PUSH1 0x20 ADD SWAP1 SWAP2 SWAP1 DUP1 CALLDATALOAD SWAP1 PUSH1 0x20 ADD SWAP1 SWAP2 SWAP1 POP POP PUSH2 0x8C0 JUMP JUMPDEST PUSH1 0x40 MLOAD DUP1 DUP3 ISZERO ISZERO ISZERO ISZERO DUP2 MSTORE PUSH1 0x20 ADD SWAP2 POP POP PUSH1 0x40 MLOAD DUP1 SWAP2 SUB SWAP1 RETURN JUMPDEST CALLVALUE ISZERO PUSH2 0x365 JUMPI PUSH1 0x0 DUP1 REVERT JUMPDEST PUSH2 0x36D PUSH2 0xADA JUMP JUMPDEST PUSH1 0x40 MLOAD DUP1 DUP1 PUSH1 0x20 ADD DUP3 DUP2 SUB DUP3 MSTORE DUP4 DUP2 DUP2 MLOAD DUP2 MSTORE PUSH1 0x20 ADD SWAP2 POP DUP1 MLOAD SWAP1 PUSH1 0x20 ADD SWAP1 DUP1 DUP4 DUP4 PUSH1 0x0 JUMPDEST DUP4 DUP2 LT ISZERO PUSH2 0x3AD JUMPI DUP1 DUP3 ADD MLOAD DUP2 DUP5 ADD MSTORE PUSH1 0x20 DUP2 ADD SWAP1 POP PUSH2 0x392 JUMP JUMPDEST POP POP POP POP SWAP1 POP SWAP1 DUP2 ADD SWAP1 PUSH1 0x1F AND DUP1 ISZERO PUSH2 0x3DA JUMPI DUP1 DUP3 SUB DUP1 MLOAD PUSH1 0x1 DUP4 PUSH1 0x20 SUB PUSH2 0x100 EXP SUB NOT AND DUP2 MSTORE PUSH1 0x20 ADD SWAP2 POP JUMPDEST POP SWAP3 POP POP POP PUSH1 0x40 MLOAD DUP1 SWAP2 SUB SWAP1 RETURN JUMPDEST CALLVALUE ISZERO PUSH2 0x3F3 JUMPI PUSH1 0x0 DUP1 REVERT JUMPDEST PUSH2 0x428 PUSH1 0x4 DUP1 DUP1 CALLDATALOAD PUSH20 0xFFFFFFFFFFFFFFFFFFFFFFFFFFFFFFFFFFFFFFFF AND SWAP1 PUSH1 0x20 ADD SWAP1 SWAP2 SWAP1 DUP1 CALLDATALOAD SWAP1 PUSH1 0x20 ADD SWAP1 SWAP2 SWAP1 POP POP PUSH2 0xB78 JUMP JUMPDEST STOP JUMPDEST CALLVALUE ISZERO PUSH2 0x435 JUMPI PUSH1 0x0 DUP1 REVERT JUMPDEST PUSH2 0x4AD PUSH1 0x4 DUP1 DUP1 CALLDATALOAD PUSH20 0xFFFFFFFFFFFFFFFFFFFFFFFFFFFFFFFFFFFFFFFF AND SWAP1 PUSH1 0x20 ADD SWAP1 SWAP2 SWAP1 DUP1 CALLDATALOAD SWAP1 PUSH1 0x20 ADD SWAP1 SWAP2 SWAP1 DUP1 CALLDATALOAD SWAP1 PUSH1 0x20 ADD SWAP1 DUP3 ADD DUP1 CALLDATALOAD SWAP1 PUSH1 0x20 ADD SWAP1 DUP1 DUP1 PUSH1 0x1F ADD PUSH1 0x20 DUP1 SWAP2 DIV MUL PUSH1 0x20 ADD PUSH1 0x40 MLOAD SWAP1 DUP2 ADD PUSH1 0x40 MSTORE DUP1 SWAP4 SWAP3 SWAP2 SWAP1 DUP2 DUP2 MSTORE PUSH1 0x20 ADD DUP4 DUP4 DUP1 DUP3 DUP5 CALLDATACOPY DUP3 ADD SWAP2 POP POP POP POP POP POP SWAP2 SWAP1 POP POP PUSH2 0xB87 JUMP JUMPDEST PUSH1 0x40 MLOAD DUP1 DUP3 ISZERO ISZERO ISZERO ISZERO DUP2 MSTORE PUSH1 0x20 ADD SWAP2 POP POP PUSH1 0x40 MLOAD DUP1 SWAP2 SUB SWAP1 RETURN JUMPDEST CALLVALUE ISZERO PUSH2 0x4D2 JUMPI PUSH1 0x0 DUP1 REVERT JUMPDEST PUSH2 0x51D PUSH1 0x4 DUP1 DUP1 CALLDATALOAD PUSH20 0xFFFFFFFFFFFFFFFFFFFFFFFFFFFFFFFFFFFFFFFF AND SWAP1 PUSH1 0x20 ADD SWAP1 SWAP2 SWAP1 DUP1 CALLDATALOAD PUSH20 0xFFFFFFFFFFFFFFFFFFFFFFFFFFFFFFFFFFFFFFFF AND SWAP1 PUSH1 0x20 ADD SWAP1 SWAP2 SWAP1 POP POP PUSH2 0xD05 JUMP JUMPDEST PUSH1 0x40 MLOAD DUP1 DUP3 DUP2 MSTORE PUSH1 0x20 ADD SWAP2 POP POP PUSH1 0x40 MLOAD DUP1 SWAP2 SUB SWAP1 RETURN JUMPDEST PUSH1 0x0 DUP1 SLOAD PUSH1 0x1 DUP2 PUSH1 0x1 AND ISZERO PUSH2 0x100 MUL SUB AND PUSH1 0x2 SWAP1 DIV DUP1 PUSH1 0x1F ADD PUSH1 0x20 DUP1 SWAP2 DIV MUL PUSH1 0x20 ADD PUSH1 0x40 MLOAD SWAP1 DUP2 ADD PUSH1 0x40 MSTORE DUP1 SWAP3 SWAP2 SWAP1 DUP2 DUP2 MSTORE PUSH1 0x20 ADD DUP3 DUP1 SLOAD PUSH1 0x1 DUP2 PUSH1 0x1 AND ISZERO PUSH2 0x100 MUL SUB AND PUSH1 0x2 SWAP1 DIV DUP1 ISZERO PUSH2 0x5C9 JUMPI DUP1 PUSH1 0x1F LT PUSH2 0x59E JUMPI PUSH2 0x100 DUP1 DUP4 SLOAD DIV MUL DUP4 MSTORE SWAP2 PUSH1 0x20 ADD SWAP2 PUSH2 0x5C9 JUMP JUMPDEST DUP3 ADD SWAP2 SWAP1 PUSH1 0x0 MSTORE PUSH1 0x20 PUSH1 0x0 KECCAK256 SWAP1 JUMPDEST DUP2 SLOAD DUP2 MSTORE SWAP1 PUSH1 0x1 ADD SWAP1 PUSH1 0x20 ADD DUP1 DUP4 GT PUSH2 0x5AC JUMPI DUP3 SWAP1 SUB PUSH1 0x1F AND DUP3 ADD SWAP2 JUMPDEST POP POP POP POP POP DUP2 JUMP JUMPDEST PUSH1 0x0 DUP2 PUSH1 0x5 PUSH1 0x0 CALLER PUSH20 0xFFFFFFFFFFFFFFFFFFFFFFFFFFFFFFFFFFFFFFFF AND PUSH20 0xFFFFFFFFFFFFFFFFFFFFFFFFFFFFFFFFFFFFFFFF AND DUP2 MSTORE PUSH1 0x20 ADD SWAP1 DUP2 MSTORE PUSH1 0x20 ADD PUSH1 0x0 KECCAK256 PUSH1 0x0 DUP6 PUSH20 0xFFFFFFFFFFFFFFFFFFFFFFFFFFFFFFFFFFFFFFFF AND PUSH20 0xFFFFFFFFFFFFFFFFFFFFFFFFFFFFFFFFFFFFFFFF AND DUP2 MSTORE PUSH1 0x20 ADD SWAP1 DUP2 MSTORE PUSH1 0x20 ADD PUSH1 0x0 KECCAK256 DUP2 SWAP1 SSTORE POP PUSH1 0x1 SWAP1 POP SWAP3 SWAP2 POP POP JUMP JUMPDEST PUSH1 0x3 SLOAD DUP2 JUMP JUMPDEST PUSH1 0x0 PUSH1 0x5 PUSH1 0x0 DUP6 PUSH20 0xFFFFFFFFFFFFFFFFFFFFFFFFFFFFFFFFFFFFFFFF AND PUSH20 0xFFFFFFFFFFFFFFFFFFFFFFFFFFFFFFFFFFFFFFFF AND DUP2 MSTORE PUSH1 0x20 ADD SWAP1 DUP2 MSTORE PUSH1 0x20 ADD PUSH1 0x0 KECCAK256 PUSH1 0x0 CALLER PUSH20 0xFFFFFFFFFFFFFFFFFFFFFFFFFFFFFFFFFFFFFFFF AND PUSH20 0xFFFFFFFFFFFFFFFFFFFFFFFFFFFFFFFFFFFFFFFF AND DUP2 MSTORE PUSH1 0x20 ADD SWAP1 DUP2 MSTORE PUSH1 0x20 ADD PUSH1 0x0 KECCAK256 SLOAD DUP3 GT ISZERO ISZERO ISZERO PUSH2 0x6F1 JUMPI PUSH1 0x0 DUP1 REVERT JUMPDEST DUP2 PUSH1 0x5 PUSH1 0x0 DUP7 PUSH20 0xFFFFFFFFFFFFFFFFFFFFFFFFFFFFFFFFFFFFFFFF AND PUSH20 0xFFFFFFFFFFFFFFFFFFFFFFFFFFFFFFFFFFFFFFFF AND DUP2 MSTORE PUSH1 0x20 ADD SWAP1 DUP2 MSTORE PUSH1 0x20 ADD PUSH1 0x0 KECCAK256 PUSH1 0x0 CALLER PUSH20 0xFFFFFFFFFFFFFFFFFFFFFFFFFFFFFFFFFFFFFFFF AND PUSH20 0xFFFFFFFFFFFFFFFFFFFFFFFFFFFFFFFFFFFFFFFF AND DUP2 MSTORE PUSH1 0x20 ADD SWAP1 DUP2 MSTORE PUSH1 0x20 ADD PUSH1 0x0 KECCAK256 PUSH1 0x0 DUP3 DUP3 SLOAD SUB SWAP3 POP POP DUP2 SWAP1 SSTORE POP PUSH2 0x786 DUP5 DUP5 DUP5 PUSH2 0xD2A JUMP JUMPDEST PUSH1 0x1 SWAP1 POP SWAP4 SWAP3 POP POP POP JUMP JUMPDEST PUSH1 0x2 PUSH1 0x0 SWAP1 SLOAD SWAP1 PUSH2 0x100 EXP SWAP1 DIV PUSH1 0xFF AND DUP2 JUMP JUMPDEST PUSH1 0x0 DUP2 PUSH1 0x4 PUSH1 0x0 CALLER PUSH20 0xFFFFFFFFFFFFFFFFFFFFFFFFFFFFFFFFFFFFFFFF AND PUSH20 0xFFFFFFFFFFFFFFFFFFFFFFFFFFFFFFFFFFFFFFFF AND DUP2 MSTORE PUSH1 0x20 ADD SWAP1 DUP2 MSTORE PUSH1 0x20 ADD PUSH1 0x0 KECCAK256 SLOAD LT ISZERO ISZERO ISZERO PUSH2 0x7F4 JUMPI PUSH1 0x0 DUP1 REVERT JUMPDEST DUP2 PUSH1 0x4 PUSH1 0x0 CALLER PUSH20 0xFFFFFFFFFFFFFFFFFFFFFFFFFFFFFFFFFFFFFFFF AND PUSH20 0xFFFFFFFFFFFFFFFFFFFFFFFFFFFFFFFFFFFFFFFF AND DUP2 MSTORE PUSH1 0x20 ADD SWAP1 DUP2 MSTORE PUSH1 0x20 ADD PUSH1 0x0 KECCAK256 PUSH1 0x0 DUP3 DUP3 SLOAD SUB SWAP3 POP POP DUP2 SWAP1 SSTORE POP DUP2 PUSH1 0x3 PUSH1 0x0 DUP3 DUP3 SLOAD SUB SWAP3 POP POP DUP2 SWAP1 SSTORE POP CALLER PUSH20 0xFFFFFFFFFFFFFFFFFFFFFFFFFFFFFFFFFFFFFFFF AND PUSH32 0xCC16F5DBB4873280815C1EE09DBD06736CFFCC184412CF7A71A0FDB75D397CA5 DUP4 PUSH1 0x40 MLOAD DUP1 DUP3 DUP2 MSTORE PUSH1 0x20 ADD SWAP2 POP POP PUSH1 0x40 MLOAD DUP1 SWAP2 SUB SWAP1 LOG2 PUSH1 0x1 SWAP1 POP SWAP2 SWAP1 POP JUMP JUMPDEST PUSH1 0x4 PUSH1 0x20 MSTORE DUP1 PUSH1 0x0 MSTORE PUSH1 0x40 PUSH1 0x0 KECCAK256 PUSH1 0x0 SWAP2 POP SWAP1 POP SLOAD DUP2 JUMP JUMPDEST PUSH1 0x0 DUP2 PUSH1 0x4 PUSH1 0x0 DUP6 PUSH20 0xFFFFFFFFFFFFFFFFFFFFFFFFFFFFFFFFFFFFFFFF AND PUSH20 0xFFFFFFFFFFFFFFFFFFFFFFFFFFFFFFFFFFFFFFFF AND DUP2 MSTORE PUSH1 0x20 ADD SWAP1 DUP2 MSTORE PUSH1 0x20 ADD PUSH1 0x0 KECCAK256 SLOAD LT ISZERO ISZERO ISZERO PUSH2 0x910 JUMPI PUSH1 0x0 DUP1 REVERT JUMPDEST PUSH1 0x5 PUSH1 0x0 DUP5 PUSH20 0xFFFFFFFFFFFFFFFFFFFFFFFFFFFFFFFFFFFFFFFF AND PUSH20 0xFFFFFFFFFFFFFFFFFFFFFFFFFFFFFFFFFFFFFFFF AND DUP2 MSTORE PUSH1 0x20 ADD SWAP1 DUP2 MSTORE PUSH1 0x20 ADD PUSH1 0x0 KECCAK256 PUSH1 0x0 CALLER PUSH20 0xFFFFFFFFFFFFFFFFFFFFFFFFFFFFFFFFFFFFFFFF AND PUSH20 0xFFFFFFFFFFFFFFFFFFFFFFFFFFFFFFFFFFFFFFFF AND DUP2 MSTORE PUSH1 0x20 ADD SWAP1 DUP2 MSTORE PUSH1 0x20 ADD PUSH1 0x0 KECCAK256 SLOAD DUP3 GT ISZERO ISZERO ISZERO PUSH2 0x99B JUMPI PUSH1 0x0 DUP1 REVERT JUMPDEST DUP2 PUSH1 0x4 PUSH1 0x0 DUP6 PUSH20 0xFFFFFFFFFFFFFFFFFFFFFFFFFFFFFFFFFFFFFFFF AND PUSH20 0xFFFFFFFFFFFFFFFFFFFFFFFFFFFFFFFFFFFFFFFF AND DUP2 MSTORE PUSH1 0x20 ADD SWAP1 DUP2 MSTORE PUSH1 0x20 ADD PUSH1 0x0 KECCAK256 PUSH1 0x0 DUP3 DUP3 SLOAD SUB SWAP3 POP POP DUP2 SWAP1 SSTORE POP DUP2 PUSH1 0x5 PUSH1 0x0 DUP6 PUSH20 0xFFFFFFFFFFFFFFFFFFFFFFFFFFFFFFFFFFFFFFFF AND PUSH20 0xFFFFFFFFFFFFFFFFFFFFFFFFFFFFFFFFFFFFFFFF AND DUP2 MSTORE PUSH1 0x20 ADD SWAP1 DUP2 MSTORE PUSH1 0x20 ADD PUSH1 0x0 KECCAK256 PUSH1 0x0 CALLER PUSH20 0xFFFFFFFFFFFFFFFFFFFFFFFFFFFFFFFFFFFFFFFF AND PUSH20 0xFFFFFFFFFFFFFFFFFFFFFFFFFFFFFFFFFFFFFFFF AND DUP2 MSTORE PUSH1 0x20 ADD SWAP1 DUP2 MSTORE PUSH1 0x20 ADD PUSH1 0x0 KECCAK256 PUSH1 0x0 DUP3 DUP3 SLOAD SUB SWAP3 POP POP DUP2 SWAP1 SSTORE POP DUP2 PUSH1 0x3 PUSH1 0x0 DUP3 DUP3 SLOAD SUB SWAP3 POP POP DUP2 SWAP1 SSTORE POP DUP3 PUSH20 0xFFFFFFFFFFFFFFFFFFFFFFFFFFFFFFFFFFFFFFFF AND PUSH32 0xCC16F5DBB4873280815C1EE09DBD06736CFFCC184412CF7A71A0FDB75D397CA5 DUP4 PUSH1 0x40 MLOAD DUP1 DUP3 DUP2 MSTORE PUSH1 0x20 ADD SWAP2 POP POP PUSH1 0x40 MLOAD DUP1 SWAP2 SUB SWAP1 LOG2 PUSH1 0x1 SWAP1 POP SWAP3 SWAP2 POP POP JUMP JUMPDEST PUSH1 0x1 DUP1 SLOAD PUSH1 0x1 DUP2 PUSH1 0x1 AND ISZERO PUSH2 0x100 MUL SUB AND PUSH1 0x2 SWAP1 DIV DUP1 PUSH1 0x1F ADD PUSH1 0x20 DUP1 SWAP2 DIV MUL PUSH1 0x20 ADD PUSH1 0x40 MLOAD SWAP1 DUP2 ADD PUSH1 0x40 MSTORE DUP1 SWAP3 SWAP2 SWAP1 DUP2 DUP2 MSTORE PUSH1 0x20 ADD DUP3 DUP1 SLOAD PUSH1 0x1 DUP2 PUSH1 0x1 AND ISZERO PUSH2 0x100 MUL SUB AND PUSH1 0x2 SWAP1 DIV DUP1 ISZERO PUSH2 0xB70 JUMPI DUP1 PUSH1 0x1F LT PUSH2 0xB45 JUMPI PUSH2 0x100 DUP1 DUP4 SLOAD DIV MUL DUP4 MSTORE SWAP2 PUSH1 0x20 ADD SWAP2 PUSH2 0xB70 JUMP JUMPDEST DUP3 ADD SWAP2 SWAP1 PUSH1 0x0 MSTORE PUSH1 0x20 PUSH1 0x0 KECCAK256 SWAP1 JUMPDEST DUP2 SLOAD DUP2 MSTORE SWAP1 PUSH1 0x1 ADD SWAP1 PUSH1 0x20 ADD DUP1 DUP4 GT PUSH2 0xB53 JUMPI DUP3 SWAP1 SUB PUSH1 0x1F AND DUP3 ADD SWAP2 JUMPDEST POP POP POP POP POP DUP2 JUMP JUMPDEST PUSH2 0xB83 CALLER DUP4 DUP4 PUSH2 0xD2A JUMP JUMPDEST POP POP JUMP JUMPDEST PUSH1 0x0 DUP1 DUP5 SWAP1 POP PUSH2 0xB97 DUP6 DUP6 PUSH2 0x5D1 JUMP JUMPDEST ISZERO PUSH2 0xCFC JUMPI DUP1 PUSH20 0xFFFFFFFFFFFFFFFFFFFFFFFFFFFFFFFFFFFFFFFF AND PUSH4 0x8F4FFCB1 CALLER DUP7 ADDRESS DUP8 PUSH1 0x40 MLOAD DUP6 PUSH4 0xFFFFFFFF AND PUSH29 0x100000000000000000000000000000000000000000000000000000000 MUL DUP2 MSTORE PUSH1 0x4 ADD DUP1 DUP6 PUSH20 0xFFFFFFFFFFFFFFFFFFFFFFFFFFFFFFFFFFFFFFFF AND PUSH20 0xFFFFFFFFFFFFFFFFFFFFFFFFFFFFFFFFFFFFFFFF AND DUP2 MSTORE PUSH1 0x20 ADD DUP5 DUP2 MSTORE PUSH1 0x20 ADD DUP4 PUSH20 0xFFFFFFFFFFFFFFFFFFFFFFFFFFFFFFFFFFFFFFFF AND PUSH20 0xFFFFFFFFFFFFFFFFFFFFFFFFFFFFFFFFFFFFFFFF AND DUP2 MSTORE PUSH1 0x20 ADD DUP1 PUSH1 0x20 ADD DUP3 DUP2 SUB DUP3 MSTORE DUP4 DUP2 DUP2 MLOAD DUP2 MSTORE PUSH1 0x20 ADD SWAP2 POP DUP1 MLOAD SWAP1 PUSH1 0x20 ADD SWAP1 DUP1 DUP4 DUP4 PUSH1 0x0 JUMPDEST DUP4 DUP2 LT ISZERO PUSH2 0xC91 JUMPI DUP1 DUP3 ADD MLOAD DUP2 DUP5 ADD MSTORE PUSH1 0x20 DUP2 ADD SWAP1 POP PUSH2 0xC76 JUMP JUMPDEST POP POP POP POP SWAP1 POP SWAP1 DUP2 ADD SWAP1 PUSH1 0x1F AND DUP1 ISZERO PUSH2 0xCBE JUMPI DUP1 DUP3 SUB DUP1 MLOAD PUSH1 0x1 DUP4 PUSH1 0x20 SUB PUSH2 0x100 EXP SUB NOT AND DUP2 MSTORE PUSH1 0x20 ADD SWAP2 POP JUMPDEST POP SWAP6 POP POP POP POP POP POP PUSH1 0x0 PUSH1 0x40 MLOAD DUP1 DUP4 SUB DUP2 PUSH1 0x0 DUP8 DUP1 EXTCODESIZE ISZERO ISZERO PUSH2 0xCDF JUMPI PUSH1 0x0 DUP1 REVERT JUMPDEST PUSH2 0x2C6 GAS SUB CALL ISZERO ISZERO PUSH2 0xCF0 JUMPI PUSH1 0x0 DUP1 REVERT JUMPDEST POP POP POP PUSH1 0x1 SWAP2 POP PUSH2 0xCFD JUMP JUMPDEST JUMPDEST POP SWAP4 SWAP3 POP POP POP JUMP JUMPDEST PUSH1 0x5 PUSH1 0x20 MSTORE DUP2 PUSH1 0x0 MSTORE PUSH1 0x40 PUSH1 0x0 KECCAK256 PUSH1 0x20 MSTORE DUP1 PUSH1 0x0 MSTORE PUSH1 0x40 PUSH1 0x0 KECCAK256 PUSH1 0x0 SWAP2 POP SWAP2 POP POP SLOAD DUP2 JUMP JUMPDEST PUSH1 0x0 DUP1 DUP4 PUSH20 0xFFFFFFFFFFFFFFFFFFFFFFFFFFFFFFFFFFFFFFFF AND EQ ISZERO ISZERO ISZERO PUSH2 0xD51 JUMPI PUSH1 0x0 DUP1 REVERT JUMPDEST DUP2 PUSH1 0x4 PUSH1 0x0 DUP7 PUSH20 0xFFFFFFFFFFFFFFFFFFFFFFFFFFFFFFFFFFFFFFFF AND PUSH20 0xFFFFFFFFFFFFFFFFFFFFFFFFFFFFFFFFFFFFFFFF AND DUP2 MSTORE PUSH1 0x20 ADD SWAP1 DUP2 MSTORE PUSH1 0x20 ADD PUSH1 0x0 KECCAK256 SLOAD LT ISZERO ISZERO ISZERO PUSH2 0xD9F JUMPI PUSH1 0x0 DUP1 REVERT JUMPDEST PUSH1 0x4 PUSH1 0x0 DUP5 PUSH20 0xFFFFFFFFFFFFFFFFFFFFFFFFFFFFFFFFFFFFFFFF AND PUSH20 0xFFFFFFFFFFFFFFFFFFFFFFFFFFFFFFFFFFFFFFFF AND DUP2 MSTORE PUSH1 0x20 ADD SWAP1 DUP2 MSTORE PUSH1 0x20 ADD PUSH1 0x0 KECCAK256 SLOAD DUP3 PUSH1 0x4 PUSH1 0x0 DUP7 PUSH20 0xFFFFFFFFFFFFFFFFFFFFFFFFFFFFFFFFFFFFFFFF AND PUSH20 0xFFFFFFFFFFFFFFFFFFFFFFFFFFFFFFFFFFFFFFFF AND DUP2 MSTORE PUSH1 0x20 ADD SWAP1 DUP2 MSTORE PUSH1 0x20 ADD PUSH1 0x0 KECCAK256 SLOAD ADD GT ISZERO ISZERO PUSH2 0xE2D JUMPI PUSH1 0x0 DUP1 REVERT JUMPDEST PUSH1 0x4 PUSH1 0x0 DUP5 PUSH20 0xFFFFFFFFFFFFFFFFFFFFFFFFFFFFFFFFFFFFFFFF AND PUSH20 0xFFFFFFFFFFFFFFFFFFFFFFFFFFFFFFFFFFFFFFFF AND DUP2 MSTORE PUSH1 0x20 ADD SWAP1 DUP2 MSTORE PUSH1 0x20 ADD PUSH1 0x0 KECCAK256 SLOAD PUSH1 0x4 PUSH1 0x0 DUP7 PUSH20 0xFFFFFFFFFFFFFFFFFFFFFFFFFFFFFFFFFFFFFFFF AND PUSH20 0xFFFFFFFFFFFFFFFFFFFFFFFFFFFFFFFFFFFFFFFF AND DUP2 MSTORE PUSH1 0x20 ADD SWAP1 DUP2 MSTORE PUSH1 0x20 ADD PUSH1 0x0 KECCAK256 SLOAD ADD SWAP1 POP DUP2 PUSH1 0x4 PUSH1 0x0 DUP7 PUSH20 0xFFFFFFFFFFFFFFFFFFFFFFFFFFFFFFFFFFFFFFFF AND PUSH20 0xFFFFFFFFFFFFFFFFFFFFFFFFFFFFFFFFFFFFFFFF AND DUP2 MSTORE PUSH1 0x20 ADD SWAP1 DUP2 MSTORE PUSH1 0x20 ADD PUSH1 0x0 KECCAK256 PUSH1 0x0 DUP3 DUP3 SLOAD SUB SWAP3 POP POP DUP2 SWAP1 SSTORE POP DUP2 PUSH1 0x4 PUSH1 0x0 DUP6 PUSH20 0xFFFFFFFFFFFFFFFFFFFFFFFFFFFFFFFFFFFFFFFF AND PUSH20 0xFFFFFFFFFFFFFFFFFFFFFFFFFFFFFFFFFFFFFFFF AND DUP2 MSTORE PUSH1 0x20 ADD SWAP1 DUP2 MSTORE PUSH1 0x20 ADD PUSH1 0x0 KECCAK256 PUSH1 0x0 DUP3 DUP3 SLOAD ADD SWAP3 POP POP DUP2 SWAP1 SSTORE POP DUP3 PUSH20 0xFFFFFFFFFFFFFFFFFFFFFFFFFFFFFFFFFFFFFFFF AND DUP5 PUSH20 0xFFFFFFFFFFFFFFFFFFFFFFFFFFFFFFFFFFFFFFFF AND PUSH32 0xDDF252AD1BE2C89B69C2B068FC378DAA952BA7F163C4A11628F55A4DF523B3EF DUP5 PUSH1 0x40 MLOAD DUP1 DUP3 DUP2 MSTORE PUSH1 0x20 ADD SWAP2 POP POP PUSH1 0x40 MLOAD DUP1 SWAP2 SUB SWAP1 LOG3 DUP1 PUSH1 0x4 PUSH1 0x0 DUP6 PUSH20 0xFFFFFFFFFFFFFFFFFFFFFFFFFFFFFFFFFFFFFFFF AND PUSH20 0xFFFFFFFFFFFFFFFFFFFFFFFFFFFFFFFFFFFFFFFF AND DUP2 MSTORE PUSH1 0x20 ADD SWAP1 DUP2 MSTORE PUSH1 0x20 ADD PUSH1 0x0 KECCAK256 SLOAD PUSH1 0x4 PUSH1 0x0 DUP8 PUSH20 0xFFFFFFFFFFFFFFFFFFFFFFFFFFFFFFFFFFFFFFFF AND PUSH20 0xFFFFFFFFFFFFFFFFFFFFFFFFFFFFFFFFFFFFFFFF AND DUP2 MSTORE PUSH1 0x20 ADD SWAP1 DUP2 MSTORE PUSH1 0x20 ADD PUSH1 0x0 KECCAK256 SLOAD ADD EQ ISZERO ISZERO PUSH2 0x103A JUMPI INVALID JUMPDEST POP POP POP POP JUMP STOP LOG1 PUSH6 0x627A7A723058 KECCAK256 MUL PUSH21 0xCE3B9C4354ABCD4BB8DC9C27EB48D6842EA4E5EC51 0xd9 0xd 0xae 0xba CALLVALUE 0x4c PUSH30 0x786300290000000000000000000000000000000000000000000000000000
1,PUSH1 0x60 PUSH1 0x40 MSTORE CALLVALUE ISZERO PUSH2 0xF JUMPI PUSH1 0x0 DUP1 REVERT JUMPDEST PUSH1 0x0 PUSH8 0xDE0B6B3A7640000 PUSH3 0x989680 MUL SWAP1 POP DUP1 PUSH1 0x0 DUP1 CALLER PUSH20 0xFFFFFFFFFFFFFFFFFFFFFFFFFFFFFFFFFFFFFFFF AND PUSH20 0xFFFFFFFFFFFFFFFFFFFFFFFFFFFFFFFFFFFFFFFF AND DUP2 MSTORE PUSH1 0x20 ADD SWAP1 DUP2 MSTORE PUSH1 0x20 ADD PUSH1 0x0 KECCAK256 DUP2 SWAP1 SSTORE POP POP PUSH2 0xAB2 DUP1 PUSH2 0x74 PUSH1 0x0 CODECOPY PUSH1 0x0 RETURN STOP PUSH1 0x60 PUSH1 0x40 MSTORE PUSH1 0x4 CALLDATASIZE LT PUSH2 0x99 JUMPI PUSH1 0x0 CALLDATALOAD PUSH29 0x100000000000000000000000000000000000000000000000000000000 SWAP1 DIV PUSH4 0xFFFFFFFF AND DUP1 PUSH4 0x6FDDE03 EQ PUSH2 0xA9 JUMPI DUP1 PUSH4 0x95EA7B3 EQ PUSH2 0x137 JUMPI DUP1 PUSH4 0x18160DDD EQ PUSH2 0x191 JUMPI DUP1 PUSH4 0x23B872DD EQ PUSH2 0x1BA JUMPI DUP1 PUSH4 0x3B97E856 EQ PUSH2 0x233 JUMPI DUP1 PUSH4 0x70A08231 EQ PUSH2 0x25C JUMPI DUP1 PUSH4 0x95D89B41 EQ PUSH2 0x2A9 JUMPI DUP1 PUSH4 0xA9059CBB EQ PUSH2 0x337 JUMPI DUP1 PUSH4 0xDD62ED3E EQ PUSH2 0x391 JUMPI JUMPDEST CALLVALUE ISZERO PUSH2 0xA4 JUMPI PUSH1 0x0 DUP1 REVERT JUMPDEST PUSH1 0x0 DUP1 REVERT JUMPDEST CALLVALUE ISZERO PUSH2 0xB4 JUMPI PUSH1 0x0 DUP1 REVERT JUMPDEST PUSH2 0xBC PUSH2 0x3FD JUMP JUMPDEST PUSH1 0x40 MLOAD DUP1 DUP1 PUSH1 0x20 ADD DUP3 DUP2 SUB DUP3 MSTORE DUP4 DUP2 DUP2 MLOAD DUP2 MSTORE PUSH1 0x20 ADD SWAP2 POP DUP1 MLOAD SWAP1 PUSH1 0x20 ADD SWAP1 DUP1 DUP4 DUP4 PUSH1 0x0 JUMPDEST DUP4 DUP2 LT ISZERO PUSH2 0xFC JUMPI DUP1 DUP3 ADD MLOAD DUP2 DUP5 ADD MSTORE PUSH1 0x20 DUP2 ADD SWAP1 POP PUSH2 0xE1 JUMP JUMPDEST POP POP POP POP SWAP1 POP SWAP1 DUP2 ADD SWAP1 PUSH1 0x1F AND DUP1 ISZERO PUSH2 0x129 JUMPI DUP1 DUP3 SUB DUP1 MLOAD PUSH1 0x1 DUP4 PUSH1 0x20 SUB PUSH2 0x100 EXP SUB NOT AND DUP2 MSTORE PUSH1 0x20 ADD SWAP2 POP JUMPDEST POP SWAP3 POP POP POP PUSH1 0x40 MLOAD DUP1 SWAP2 SUB SWAP1 RETURN JUMPDEST CALLVALUE ISZERO PUSH2 0x142 JUMPI PUSH1 0x0 DUP1 REVERT JUMPDEST PUSH2 0x177 PUSH1 0x4 DUP1 DUP1 CALLDATALOAD PUSH20 0xFFFFFFFFFFFFFFFFFFFFFFFFFFFFFFFFFFFFFFFF AND SWAP1 PUSH1 0x20 ADD SWAP1 SWAP2 SWAP1 DUP1 CALLDATALOAD SWAP1 PUSH1 0x20 ADD SWAP1 SWAP2 SWAP1 POP POP PUSH2 0x436 JUMP JUMPDEST PUSH1 0x40 MLOAD DUP1 DUP3 ISZERO ISZERO ISZERO ISZERO DUP2 MSTORE PUSH1 0x20 ADD SWAP2 POP POP PUSH1 0x40 MLOAD DUP1 SWAP2 SUB SWAP1 RETURN JUMPDEST CALLVALUE ISZERO PUSH2 0x19C JUMPI PUSH1 0x0 DUP1 REVERT JUMPDEST PUSH2 0x1A4 PUSH2 0x528 JUMP JUMPDEST PUSH1 0x40 MLOAD DUP1 DUP3 DUP2 MSTORE PUSH1 0x20 ADD SWAP2 POP POP PUSH1 0x40 MLOAD DUP1 SWAP2 SUB SWAP1 RETURN JUMPDEST CALLVALUE ISZERO PUSH2 0x1C5 JUMPI PUSH1 0x0 DUP1 REVERT JUMPDEST PUSH2 0x219 PUSH1 0x4 DUP1 DUP1 CALLDATALOAD PUSH20 0xFFFFFFFFFFFFFFFFFFFFFFFFFFFFFFFFFFFFFFFF AND SWAP1 PUSH1 0x20 ADD SWAP1 SWAP2 SWAP1 DUP1 CALLDATALOAD PUSH20 0xFFFFFFFFFFFFFFFFFFFFFFFFFFFFFFFFFFFFFFFF AND SWAP1 PUSH1 0x20 ADD SWAP1 SWAP2 SWAP1 DUP1 CALLDATALOAD SWAP1 PUSH1 0x20 ADD SWAP1 SWAP2 SWAP1 POP POP PUSH2 0x52E JUMP JUMPDEST PUSH1 0x40 MLOAD DUP1 DUP3 ISZERO ISZERO ISZERO ISZERO DUP2 MSTORE PUSH1 0x20 ADD SWAP2 POP POP PUSH1 0x40 MLOAD DUP1 SWAP2 SUB SWAP1 RETURN JUMPDEST CALLVALUE ISZERO PUSH2 0x23E JUMPI PUSH1 0x0 DUP1 REVERT JUMPDEST PUSH2 0x246 PUSH2 0x793 JUMP JUMPDEST PUSH1 0x40 MLOAD DUP1 DUP3 DUP2 MSTORE PUSH1 0x20 ADD SWAP2 POP POP PUSH1 0x40 MLOAD DUP1 SWAP2 SUB SWAP1 RETURN JUMPDEST CALLVALUE ISZERO PUSH2 0x267 JUMPI PUSH1 0x0 DUP1 REVERT JUMPDEST PUSH2 0x293 PUSH1 0x4 DUP1 DUP1 CALLDATALOAD PUSH20 0xFFFFFFFFFFFFFFFFFFFFFFFFFFFFFFFFFFFFFFFF AND SWAP1 PUSH1 0x20 ADD SWAP1 SWAP2 SWAP1 POP POP PUSH2 0x79F JUMP JUMPDEST PUSH1 0x40 MLOAD DUP1 DUP3 DUP2 MSTORE PUSH1 0x20 ADD SWAP2 POP POP PUSH1 0x40 MLOAD DUP1 SWAP2 SUB SWAP1 RETURN JUMPDEST CALLVALUE ISZERO PUSH2 0x2B4 JUMPI PUSH1 0x0 DUP1 REVERT JUMPDEST PUSH2 0x2BC PUSH2 0x7E7 JUMP JUMPDEST PUSH1 0x40 MLOAD DUP1 DUP1 PUSH1 0x20 ADD DUP3 DUP2 SUB DUP3 MSTORE DUP4 DUP2 DUP2 MLOAD DUP2 MSTORE PUSH1 0x20 ADD SWAP2 POP DUP1 MLOAD SWAP1 PUSH1 0x20 ADD SWAP1 DUP1 DUP4 DUP4 PUSH1 0x0 JUMPDEST DUP4 DUP2 LT ISZERO PUSH2 0x2FC JUMPI DUP1 DUP3 ADD MLOAD DUP2 DUP5 ADD MSTORE PUSH1 0x20 DUP2 ADD SWAP1 POP PUSH2 0x2E1 JUMP JUMPDEST POP POP POP POP SWAP1 POP SWAP1 DUP2 ADD SWAP1 PUSH1 0x1F AND DUP1 ISZERO PUSH2 0x329 JUMPI DUP1 DUP3 SUB DUP1 MLOAD PUSH1 0x1 DUP4 PUSH1 0x20 SUB PUSH2 0x100 EXP SUB NOT AND DUP2 MSTORE PUSH1 0x20 ADD SWAP2 POP JUMPDEST POP SWAP3 POP POP POP PUSH1 0x40 MLOAD DUP1 SWAP2 SUB SWAP1 RETURN JUMPDEST CALLVALUE ISZERO PUSH2 0x342 JUMPI PUSH1 0x0 DUP1 REVERT JUMPDEST PUSH2 0x377 PUSH1 0x4 DUP1 DUP1 CALLDATALOAD PUSH20 0xFFFFFFFFFFFFFFFFFFFFFFFFFFFFFFFFFFFFFFFF AND SWAP1 PUSH1 0x20 ADD SWAP1 SWAP2 SWAP1 DUP1 CALLDATALOAD SWAP1 PUSH1 0x20 ADD SWAP1 SWAP2 SWAP1 POP POP PUSH2 0x820 JUMP JUMPDEST PUSH1 0x40 MLOAD DUP1 DUP3 ISZERO ISZERO ISZERO ISZERO DUP2 MSTORE PUSH1 0x20 ADD SWAP2 POP POP PUSH1 0x40 MLOAD DUP1 SWAP2 SUB SWAP1 RETURN JUMPDEST CALLVALUE ISZERO PUSH2 0x39C JUMPI PUSH1 0x0 DUP1 REVERT JUMPDEST PUSH2 0x3E7 PUSH1 0x4 DUP1 DUP1 CALLDATALOAD PUSH20 0xFFFFFFFFFFFFFFFFFFFFFFFFFFFFFFFFFFFFFFFF AND SWAP1 PUSH1 0x20 ADD SWAP1 SWAP2 SWAP1 DUP1 CALLDATALOAD PUSH20 0xFFFFFFFFFFFFFFFFFFFFFFFFFFFFFFFFFFFFFFFF AND SWAP1 PUSH1 0x20 ADD SWAP1 SWAP2 SWAP1 POP POP PUSH2 0x9FF JUMP JUMPDEST PUSH1 0x40 MLOAD DUP1 DUP3 DUP2 MSTORE PUSH1 0x20 ADD SWAP2 POP POP PUSH1 0x40 MLOAD DUP1 SWAP2 SUB SWAP1 RETURN JUMPDEST PUSH1 0x40 DUP1 MLOAD SWAP1 DUP2 ADD PUSH1 0x40 MSTORE DUP1 PUSH1 0x6 DUP2 MSTORE PUSH1 0x20 ADD PUSH32 0x44656C7068690000000000000000000000000000000000000000000000000000 DUP2 MSTORE POP DUP2 JUMP JUMPDEST PUSH1 0x0 DUP2 PUSH1 0x1 PUSH1 0x0 CALLER PUSH20 0xFFFFFFFFFFFFFFFFFFFFFFFFFFFFFFFFFFFFFFFF AND PUSH20 0xFFFFFFFFFFFFFFFFFFFFFFFFFFFFFFFFFFFFFFFF AND DUP2 MSTORE PUSH1 0x20 ADD SWAP1 DUP2 MSTORE PUSH1 0x20 ADD PUSH1 0x0 KECCAK256 PUSH1 0x0 DUP6 PUSH20 0xFFFFFFFFFFFFFFFFFFFFFFFFFFFFFFFFFFFFFFFF AND PUSH20 0xFFFFFFFFFFFFFFFFFFFFFFFFFFFFFFFFFFFFFFFF AND DUP2 MSTORE PUSH1 0x20 ADD SWAP1 DUP2 MSTORE PUSH1 0x20 ADD PUSH1 0x0 KECCAK256 DUP2 SWAP1 SSTORE POP DUP3 PUSH20 0xFFFFFFFFFFFFFFFFFFFFFFFFFFFFFFFFFFFFFFFF AND CALLER PUSH20 0xFFFFFFFFFFFFFFFFFFFFFFFFFFFFFFFFFFFFFFFF AND PUSH32 0x8C5BE1E5EBEC7D5BD14F71427D1E84F3DD0314C0F7B2291E5B200AC8C7C3B925 DUP5 PUSH1 0x40 MLOAD DUP1 DUP3 DUP2 MSTORE PUSH1 0x20 ADD SWAP2 POP POP PUSH1 0x40 MLOAD DUP1 SWAP2 SUB SWAP1 LOG3 PUSH1 0x1 SWAP1 POP SWAP3 SWAP2 POP POP JUMP JUMPDEST PUSH1 0x2 SLOAD DUP2 JUMP JUMPDEST PUSH1 0x0 DUP2 PUSH1 0x0 DUP1 DUP7 PUSH20 0xFFFFFFFFFFFFFFFFFFFFFFFFFFFFFFFFFFFFFFFF AND PUSH20 0xFFFFFFFFFFFFFFFFFFFFFFFFFFFFFFFFFFFFFFFF AND DUP2 MSTORE PUSH1 0x20 ADD SWAP1 DUP2 MSTORE PUSH1 0x20 ADD PUSH1 0x0 KECCAK256 SLOAD LT DUP1 PUSH2 0x5F7 JUMPI POP DUP2 PUSH1 0x1 PUSH1 0x0 DUP7 PUSH20 0xFFFFFFFFFFFFFFFFFFFFFFFFFFFFFFFFFFFFFFFF AND PUSH20 0xFFFFFFFFFFFFFFFFFFFFFFFFFFFFFFFFFFFFFFFF AND DUP2 MSTORE PUSH1 0x20 ADD SWAP1 DUP2 MSTORE PUSH1 0x20 ADD PUSH1 0x0 KECCAK256 PUSH1 0x0 CALLER PUSH20 0xFFFFFFFFFFFFFFFFFFFFFFFFFFFFFFFFFFFFFFFF AND PUSH20 0xFFFFFFFFFFFFFFFFFFFFFFFFFFFFFFFFFFFFFFFF AND DUP2 MSTORE PUSH1 0x20 ADD SWAP1 DUP2 MSTORE PUSH1 0x20 ADD PUSH1 0x0 KECCAK256 SLOAD LT JUMPDEST ISZERO PUSH2 0x601 JUMPI PUSH1 0x0 DUP1 REVERT JUMPDEST DUP2 PUSH1 0x0 DUP1 DUP6 PUSH20 0xFFFFFFFFFFFFFFFFFFFFFFFFFFFFFFFFFFFFFFFF AND PUSH20 0xFFFFFFFFFFFFFFFFFFFFFFFFFFFFFFFFFFFFFFFF AND DUP2 MSTORE PUSH1 0x20 ADD SWAP1 DUP2 MSTORE PUSH1 0x20 ADD PUSH1 0x0 KECCAK256 PUSH1 0x0 DUP3 DUP3 SLOAD ADD SWAP3 POP POP DUP2 SWAP1 SSTORE POP DUP2 PUSH1 0x0 DUP1 DUP7 PUSH20 0xFFFFFFFFFFFFFFFFFFFFFFFFFFFFFFFFFFFFFFFF AND PUSH20 0xFFFFFFFFFFFFFFFFFFFFFFFFFFFFFFFFFFFFFFFF AND DUP2 MSTORE PUSH1 0x20 ADD SWAP1 DUP2 MSTORE PUSH1 0x20 ADD PUSH1 0x0 KECCAK256 PUSH1 0x0 DUP3 DUP3 SLOAD SUB SWAP3 POP POP DUP2 SWAP1 SSTORE POP DUP2 PUSH1 0x1 PUSH1 0x0 DUP7 PUSH20 0xFFFFFFFFFFFFFFFFFFFFFFFFFFFFFFFFFFFFFFFF AND PUSH20 0xFFFFFFFFFFFFFFFFFFFFFFFFFFFFFFFFFFFFFFFF AND DUP2 MSTORE PUSH1 0x20 ADD SWAP1 DUP2 MSTORE PUSH1 0x20 ADD PUSH1 0x0 KECCAK256 PUSH1 0x0 CALLER PUSH20 0xFFFFFFFFFFFFFFFFFFFFFFFFFFFFFFFFFFFFFFFF AND PUSH20 0xFFFFFFFFFFFFFFFFFFFFFFFFFFFFFFFFFFFFFFFF AND DUP2 MSTORE PUSH1 0x20 ADD SWAP1 DUP2 MSTORE PUSH1 0x20 ADD PUSH1 0x0 KECCAK256 PUSH1 0x0 DUP3 DUP3 SLOAD SUB SWAP3 POP POP DUP2 SWAP1 SSTORE POP DUP3 PUSH20 0xFFFFFFFFFFFFFFFFFFFFFFFFFFFFFFFFFFFFFFFF AND DUP5 PUSH20 0xFFFFFFFFFFFFFFFFFFFFFFFFFFFFFFFFFFFFFFFF AND PUSH32 0xDDF252AD1BE2C89B69C2B068FC378DAA952BA7F163C4A11628F55A4DF523B3EF DUP5 PUSH1 0x40 MLOAD DUP1 DUP3 DUP2 MSTORE PUSH1 0x20 ADD SWAP2 POP POP PUSH1 0x40 MLOAD DUP1 SWAP2 SUB SWAP1 LOG3 PUSH1 0x1 SWAP1 POP SWAP4 SWAP3 POP POP POP JUMP JUMPDEST PUSH8 0xDE0B6B3A7640000 DUP2 JUMP JUMPDEST PUSH1 0x0 DUP1 PUSH1 0x0 DUP4 PUSH20 0xFFFFFFFFFFFFFFFFFFFFFFFFFFFFFFFFFFFFFFFF AND PUSH20 0xFFFFFFFFFFFFFFFFFFFFFFFFFFFFFFFFFFFFFFFF AND DUP2 MSTORE PUSH1 0x20 ADD SWAP1 DUP2 MSTORE PUSH1 0x20 ADD PUSH1 0x0 KECCAK256 SLOAD SWAP1 POP SWAP2 SWAP1 POP JUMP JUMPDEST PUSH1 0x40 DUP1 MLOAD SWAP1 DUP2 ADD PUSH1 0x40 MSTORE DUP1 PUSH1 0x3 DUP2 MSTORE PUSH1 0x20 ADD PUSH32 0x44454C0000000000000000000000000000000000000000000000000000000000 DUP2 MSTORE POP DUP2 JUMP JUMPDEST PUSH1 0x0 DUP2 PUSH1 0x0 DUP1 CALLER PUSH20 0xFFFFFFFFFFFFFFFFFFFFFFFFFFFFFFFFFFFFFFFF AND PUSH20 0xFFFFFFFFFFFFFFFFFFFFFFFFFFFFFFFFFFFFFFFF AND DUP2 MSTORE PUSH1 0x20 ADD SWAP1 DUP2 MSTORE PUSH1 0x20 ADD PUSH1 0x0 KECCAK256 SLOAD LT ISZERO PUSH2 0x86D JUMPI PUSH1 0x0 DUP1 REVERT JUMPDEST PUSH1 0x0 DUP1 DUP5 PUSH20 0xFFFFFFFFFFFFFFFFFFFFFFFFFFFFFFFFFFFFFFFF AND PUSH20 0xFFFFFFFFFFFFFFFFFFFFFFFFFFFFFFFFFFFFFFFF AND DUP2 MSTORE PUSH1 0x20 ADD SWAP1 DUP2 MSTORE PUSH1 0x20 ADD PUSH1 0x0 KECCAK256 SLOAD DUP3 PUSH1 0x0 DUP1 DUP7 PUSH20 0xFFFFFFFFFFFFFFFFFFFFFFFFFFFFFFFFFFFFFFFF AND PUSH20 0xFFFFFFFFFFFFFFFFFFFFFFFFFFFFFFFFFFFFFFFF AND DUP2 MSTORE PUSH1 0x20 ADD SWAP1 DUP2 MSTORE PUSH1 0x20 ADD PUSH1 0x0 KECCAK256 SLOAD ADD LT ISZERO PUSH2 0x8F8 JUMPI PUSH1 0x0 DUP1 REVERT JUMPDEST DUP2 PUSH1 0x0 DUP1 CALLER PUSH20 0xFFFFFFFFFFFFFFFFFFFFFFFFFFFFFFFFFFFFFFFF AND PUSH20 0xFFFFFFFFFFFFFFFFFFFFFFFFFFFFFFFFFFFFFFFF AND DUP2 MSTORE PUSH1 0x20 ADD SWAP1 DUP2 MSTORE PUSH1 0x20 ADD PUSH1 0x0 KECCAK256 PUSH1 0x0 DUP3 DUP3 SLOAD SUB SWAP3 POP POP DUP2 SWAP1 SSTORE POP DUP2 PUSH1 0x0 DUP1 DUP6 PUSH20 0xFFFFFFFFFFFFFFFFFFFFFFFFFFFFFFFFFFFFFFFF AND PUSH20 0xFFFFFFFFFFFFFFFFFFFFFFFFFFFFFFFFFFFFFFFF AND DUP2 MSTORE PUSH1 0x20 ADD SWAP1 DUP2 MSTORE PUSH1 0x20 ADD PUSH1 0x0 KECCAK256 PUSH1 0x0 DUP3 DUP3 SLOAD ADD SWAP3 POP POP DUP2 SWAP1 SSTORE POP DUP3 PUSH20 0xFFFFFFFFFFFFFFFFFFFFFFFFFFFFFFFFFFFFFFFF AND CALLER PUSH20 0xFFFFFFFFFFFFFFFFFFFFFFFFFFFFFFFFFFFFFFFF AND PUSH32 0xDDF252AD1BE2C89B69C2B068FC378DAA952BA7F163C4A11628F55A4DF523B3EF DUP5 PUSH1 0x40 MLOAD DUP1 DUP3 DUP2 MSTORE PUSH1 0x20 ADD SWAP2 POP POP PUSH1 0x40 MLOAD DUP1 SWAP2 SUB SWAP1 LOG3 PUSH1 0x1 SWAP1 POP SWAP3 SWAP2 POP POP JUMP JUMPDEST PUSH1 0x0 PUSH1 0x1 PUSH1 0x0 DUP5 PUSH20 0xFFFFFFFFFFFFFFFFFFFFFFFFFFFFFFFFFFFFFFFF AND PUSH20 0xFFFFFFFFFFFFFFFFFFFFFFFFFFFFFFFFFFFFFFFF AND DUP2 MSTORE PUSH1 0x20 ADD SWAP1 DUP2 MSTORE PUSH1 0x20 ADD PUSH1 0x0 KECCAK256 PUSH1 0x0 DUP4 PUSH20 0xFFFFFFFFFFFFFFFFFFFFFFFFFFFFFFFFFFFFFFFF AND PUSH20 0xFFFFFFFFFFFFFFFFFFFFFFFFFFFFFFFFFFFFFFFF AND DUP2 MSTORE PUSH1 0x20 ADD SWAP1 DUP2 MSTORE PUSH1 0x20 ADD PUSH1 0x0 KECCAK256 SLOAD SWAP1 POP SWAP3 SWAP2 POP POP JUMP STOP LOG1 PUSH6 0x627A7A723058 KECCAK256 GT 0x26 LOG1 CREATE2 0xe9 PUSH17 0x401B03C2B14DA89D68481132E29A32CD8F 0x26 STOP 0xdc 0xf9 ADDMOD 0x2e PUSH5 0xC0B9002900
1,PUSH1 0x60 PUSH1 0x40 MSTORE CALLVALUE ISZERO PUSH2 0xF JUMPI PUSH1 0x0 DUP1 REVERT JUMPDEST PUSH4 0x59682F00 PUSH1 0x2 DUP2 SWAP1 SSTORE POP PUSH32 0x444D540000000000000000000000000000000000000000000000000000000000 PUSH1 0x5 DUP2 PUSH1 0x0 NOT AND SWAP1 SSTORE POP PUSH20 0x7C20C0745C41BE64280E4043CA38BA5A89197D8B PUSH1 0x4 PUSH1 0x0 PUSH2 0x100 EXP DUP2 SLOAD DUP2 PUSH20 0xFFFFFFFFFFFFFFFFFFFFFFFFFFFFFFFFFFFFFFFF MUL NOT AND SWAP1 DUP4 PUSH20 0xFFFFFFFFFFFFFFFFFFFFFFFFFFFFFFFFFFFFFFFF AND MUL OR SWAP1 SSTORE POP PUSH1 0x2 SLOAD PUSH1 0x1 PUSH1 0x0 PUSH1 0x4 PUSH1 0x0 SWAP1 SLOAD SWAP1 PUSH2 0x100 EXP SWAP1 DIV PUSH20 0xFFFFFFFFFFFFFFFFFFFFFFFFFFFFFFFFFFFFFFFF AND PUSH20 0xFFFFFFFFFFFFFFFFFFFFFFFFFFFFFFFFFFFFFFFF AND PUSH20 0xFFFFFFFFFFFFFFFFFFFFFFFFFFFFFFFFFFFFFFFF AND DUP2 MSTORE PUSH1 0x20 ADD SWAP1 DUP2 MSTORE PUSH1 0x20 ADD PUSH1 0x0 KECCAK256 DUP2 SWAP1 SSTORE POP PUSH1 0x0 PUSH1 0x3 DUP2 SWAP1 SSTORE POP PUSH2 0xA9F DUP1 PUSH2 0x119 PUSH1 0x0 CODECOPY PUSH1 0x0 RETURN STOP PUSH1 0x60 PUSH1 0x40 MSTORE PUSH1 0x4 CALLDATASIZE LT PUSH2 0x99 JUMPI PUSH1 0x0 CALLDATALOAD PUSH29 0x100000000000000000000000000000000000000000000000000000000 SWAP1 DIV PUSH4 0xFFFFFFFF AND DUP1 PUSH4 0x95EA7B3 EQ PUSH2 0xA9 JUMPI DUP1 PUSH4 0x18160DDD EQ PUSH2 0x103 JUMPI DUP1 PUSH4 0x23B872DD EQ PUSH2 0x12C JUMPI DUP1 PUSH4 0x313CE567 EQ PUSH2 0x1A5 JUMPI DUP1 PUSH4 0x70A08231 EQ PUSH2 0x1CE JUMPI DUP1 PUSH4 0x8DA5CB5B EQ PUSH2 0x21B JUMPI DUP1 PUSH4 0x95D89B41 EQ PUSH2 0x270 JUMPI DUP1 PUSH4 0xA9059CBB EQ PUSH2 0x2A1 JUMPI DUP1 PUSH4 0xDD62ED3E EQ PUSH2 0x2FB JUMPI JUMPDEST CALLVALUE ISZERO PUSH2 0xA4 JUMPI PUSH1 0x0 DUP1 REVERT JUMPDEST PUSH1 0x0 DUP1 REVERT JUMPDEST CALLVALUE ISZERO PUSH2 0xB4 JUMPI PUSH1 0x0 DUP1 REVERT JUMPDEST PUSH2 0xE9 PUSH1 0x4 DUP1 DUP1 CALLDATALOAD PUSH20 0xFFFFFFFFFFFFFFFFFFFFFFFFFFFFFFFFFFFFFFFF AND SWAP1 PUSH1 0x20 ADD SWAP1 SWAP2 SWAP1 DUP1 CALLDATALOAD SWAP1 PUSH1 0x20 ADD SWAP1 SWAP2 SWAP1 POP POP PUSH2 0x367 JUMP JUMPDEST PUSH1 0x40 MLOAD DUP1 DUP3 ISZERO ISZERO ISZERO ISZERO DUP2 MSTORE PUSH1 0x20 ADD SWAP2 POP POP PUSH1 0x40 MLOAD DUP1 SWAP2 SUB SWAP1 RETURN JUMPDEST CALLVALUE ISZERO PUSH2 0x10E JUMPI PUSH1 0x0 DUP1 REVERT JUMPDEST PUSH2 0x116 PUSH2 0x4EC JUMP JUMPDEST PUSH1 0x40 MLOAD DUP1 DUP3 DUP2 MSTORE PUSH1 0x20 ADD SWAP2 POP POP PUSH1 0x40 MLOAD DUP1 SWAP2 SUB SWAP1 RETURN JUMPDEST CALLVALUE ISZERO PUSH2 0x137 JUMPI PUSH1 0x0 DUP1 REVERT JUMPDEST PUSH2 0x18B PUSH1 0x4 DUP1 DUP1 CALLDATALOAD PUSH20 0xFFFFFFFFFFFFFFFFFFFFFFFFFFFFFFFFFFFFFFFF AND SWAP1 PUSH1 0x20 ADD SWAP1 SWAP2 SWAP1 DUP1 CALLDATALOAD PUSH20 0xFFFFFFFFFFFFFFFFFFFFFFFFFFFFFFFFFFFFFFFF AND SWAP1 PUSH1 0x20 ADD SWAP1 SWAP2 SWAP1 DUP1 CALLDATALOAD SWAP1 PUSH1 0x20 ADD SWAP1 SWAP2 SWAP1 POP POP PUSH2 0x4F2 JUMP JUMPDEST PUSH1 0x40 MLOAD DUP1 DUP3 ISZERO ISZERO ISZERO ISZERO DUP2 MSTORE PUSH1 0x20 ADD SWAP2 POP POP PUSH1 0x40 MLOAD DUP1 SWAP2 SUB SWAP1 RETURN JUMPDEST CALLVALUE ISZERO PUSH2 0x1B0 JUMPI PUSH1 0x0 DUP1 REVERT JUMPDEST PUSH2 0x1B8 PUSH2 0x7A0 JUMP JUMPDEST PUSH1 0x40 MLOAD DUP1 DUP3 DUP2 MSTORE PUSH1 0x20 ADD SWAP2 POP POP PUSH1 0x40 MLOAD DUP1 SWAP2 SUB SWAP1 RETURN JUMPDEST CALLVALUE ISZERO PUSH2 0x1D9 JUMPI PUSH1 0x0 DUP1 REVERT JUMPDEST PUSH2 0x205 PUSH1 0x4 DUP1 DUP1 CALLDATALOAD PUSH20 0xFFFFFFFFFFFFFFFFFFFFFFFFFFFFFFFFFFFFFFFF AND SWAP1 PUSH1 0x20 ADD SWAP1 SWAP2 SWAP1 POP POP PUSH2 0x7A6 JUMP JUMPDEST PUSH1 0x40 MLOAD DUP1 DUP3 DUP2 MSTORE PUSH1 0x20 ADD SWAP2 POP POP PUSH1 0x40 MLOAD DUP1 SWAP2 SUB SWAP1 RETURN JUMPDEST CALLVALUE ISZERO PUSH2 0x226 JUMPI PUSH1 0x0 DUP1 REVERT JUMPDEST PUSH2 0x22E PUSH2 0x7EF JUMP JUMPDEST PUSH1 0x40 MLOAD DUP1 DUP3 PUSH20 0xFFFFFFFFFFFFFFFFFFFFFFFFFFFFFFFFFFFFFFFF AND PUSH20 0xFFFFFFFFFFFFFFFFFFFFFFFFFFFFFFFFFFFFFFFF AND DUP2 MSTORE PUSH1 0x20 ADD SWAP2 POP POP PUSH1 0x40 MLOAD DUP1 SWAP2 SUB SWAP1 RETURN JUMPDEST CALLVALUE ISZERO PUSH2 0x27B JUMPI PUSH1 0x0 DUP1 REVERT JUMPDEST PUSH2 0x283 PUSH2 0x815 JUMP JUMPDEST PUSH1 0x40 MLOAD DUP1 DUP3 PUSH1 0x0 NOT AND PUSH1 0x0 NOT AND DUP2 MSTORE PUSH1 0x20 ADD SWAP2 POP POP PUSH1 0x40 MLOAD DUP1 SWAP2 SUB SWAP1 RETURN JUMPDEST CALLVALUE ISZERO PUSH2 0x2AC JUMPI PUSH1 0x0 DUP1 REVERT JUMPDEST PUSH2 0x2E1 PUSH1 0x4 DUP1 DUP1 CALLDATALOAD PUSH20 0xFFFFFFFFFFFFFFFFFFFFFFFFFFFFFFFFFFFFFFFF AND SWAP1 PUSH1 0x20 ADD SWAP1 SWAP2 SWAP1 DUP1 CALLDATALOAD SWAP1 PUSH1 0x20 ADD SWAP1 SWAP2 SWAP1 POP POP PUSH2 0x81B JUMP JUMPDEST PUSH1 0x40 MLOAD DUP1 DUP3 ISZERO ISZERO ISZERO ISZERO DUP2 MSTORE PUSH1 0x20 ADD SWAP2 POP POP PUSH1 0x40 MLOAD DUP1 SWAP2 SUB SWAP1 RETURN JUMPDEST CALLVALUE ISZERO PUSH2 0x306 JUMPI PUSH1 0x0 DUP1 REVERT JUMPDEST PUSH2 0x351 PUSH1 0x4 DUP1 DUP1 CALLDATALOAD PUSH20 0xFFFFFFFFFFFFFFFFFFFFFFFFFFFFFFFFFFFFFFFF AND SWAP1 PUSH1 0x20 ADD SWAP1 SWAP2 SWAP1 DUP1 CALLDATALOAD PUSH20 0xFFFFFFFFFFFFFFFFFFFFFFFFFFFFFFFFFFFFFFFF AND SWAP1 PUSH1 0x20 ADD SWAP1 SWAP2 SWAP1 POP POP PUSH2 0x9B6 JUMP JUMPDEST PUSH1 0x40 MLOAD DUP1 DUP3 DUP2 MSTORE PUSH1 0x20 ADD SWAP2 POP POP PUSH1 0x40 MLOAD DUP1 SWAP2 SUB SWAP1 RETURN JUMPDEST PUSH1 0x0 DUP1 DUP3 EQ DUP1 PUSH2 0x3F2 JUMPI POP PUSH1 0x0 DUP1 PUSH1 0x0 CALLER PUSH20 0xFFFFFFFFFFFFFFFFFFFFFFFFFFFFFFFFFFFFFFFF AND PUSH20 0xFFFFFFFFFFFFFFFFFFFFFFFFFFFFFFFFFFFFFFFF AND DUP2 MSTORE PUSH1 0x20 ADD SWAP1 DUP2 MSTORE PUSH1 0x20 ADD PUSH1 0x0 KECCAK256 PUSH1 0x0 DUP6 PUSH20 0xFFFFFFFFFFFFFFFFFFFFFFFFFFFFFFFFFFFFFFFF AND PUSH20 0xFFFFFFFFFFFFFFFFFFFFFFFFFFFFFFFFFFFFFFFF AND DUP2 MSTORE PUSH1 0x20 ADD SWAP1 DUP2 MSTORE PUSH1 0x20 ADD PUSH1 0x0 KECCAK256 SLOAD EQ JUMPDEST ISZERO ISZERO PUSH2 0x3FD JUMPI PUSH1 0x0 DUP1 REVERT JUMPDEST DUP2 PUSH1 0x0 DUP1 CALLER PUSH20 0xFFFFFFFFFFFFFFFFFFFFFFFFFFFFFFFFFFFFFFFF AND PUSH20 0xFFFFFFFFFFFFFFFFFFFFFFFFFFFFFFFFFFFFFFFF AND DUP2 MSTORE PUSH1 0x20 ADD SWAP1 DUP2 MSTORE PUSH1 0x20 ADD PUSH1 0x0 KECCAK256 PUSH1 0x0 DUP6 PUSH20 0xFFFFFFFFFFFFFFFFFFFFFFFFFFFFFFFFFFFFFFFF AND PUSH20 0xFFFFFFFFFFFFFFFFFFFFFFFFFFFFFFFFFFFFFFFF AND DUP2 MSTORE PUSH1 0x20 ADD SWAP1 DUP2 MSTORE PUSH1 0x20 ADD PUSH1 0x0 KECCAK256 DUP2 SWAP1 SSTORE POP DUP3 PUSH20 0xFFFFFFFFFFFFFFFFFFFFFFFFFFFFFFFFFFFFFFFF AND CALLER PUSH20 0xFFFFFFFFFFFFFFFFFFFFFFFFFFFFFFFFFFFFFFFF AND PUSH32 0x8C5BE1E5EBEC7D5BD14F71427D1E84F3DD0314C0F7B2291E5B200AC8C7C3B925 DUP5 PUSH1 0x40 MLOAD DUP1 DUP3 DUP2 MSTORE PUSH1 0x20 ADD SWAP2 POP POP PUSH1 0x40 MLOAD DUP1 SWAP2 SUB SWAP1 LOG3 PUSH1 0x1 SWAP1 POP SWAP3 SWAP2 POP POP JUMP JUMPDEST PUSH1 0x2 SLOAD DUP2 JUMP JUMPDEST PUSH1 0x0 DUP1 PUSH1 0x0 DUP1 DUP7 PUSH20 0xFFFFFFFFFFFFFFFFFFFFFFFFFFFFFFFFFFFFFFFF AND PUSH20 0xFFFFFFFFFFFFFFFFFFFFFFFFFFFFFFFFFFFFFFFF AND DUP2 MSTORE PUSH1 0x20 ADD SWAP1 DUP2 MSTORE PUSH1 0x20 ADD PUSH1 0x0 KECCAK256 PUSH1 0x0 CALLER PUSH20 0xFFFFFFFFFFFFFFFFFFFFFFFFFFFFFFFFFFFFFFFF AND PUSH20 0xFFFFFFFFFFFFFFFFFFFFFFFFFFFFFFFFFFFFFFFF AND DUP2 MSTORE PUSH1 0x20 ADD SWAP1 DUP2 MSTORE PUSH1 0x20 ADD PUSH1 0x0 KECCAK256 SLOAD SWAP1 POP PUSH2 0x5C5 DUP4 PUSH1 0x1 PUSH1 0x0 DUP8 PUSH20 0xFFFFFFFFFFFFFFFFFFFFFFFFFFFFFFFFFFFFFFFF AND PUSH20 0xFFFFFFFFFFFFFFFFFFFFFFFFFFFFFFFFFFFFFFFF AND DUP2 MSTORE PUSH1 0x20 ADD SWAP1 DUP2 MSTORE PUSH1 0x20 ADD PUSH1 0x0 KECCAK256 SLOAD PUSH2 0xA3C SWAP1 SWAP2 SWAP1 PUSH4 0xFFFFFFFF AND JUMP JUMPDEST PUSH1 0x1 PUSH1 0x0 DUP7 PUSH20 0xFFFFFFFFFFFFFFFFFFFFFFFFFFFFFFFFFFFFFFFF AND PUSH20 0xFFFFFFFFFFFFFFFFFFFFFFFFFFFFFFFFFFFFFFFF AND DUP2 MSTORE PUSH1 0x20 ADD SWAP1 DUP2 MSTORE PUSH1 0x20 ADD PUSH1 0x0 KECCAK256 DUP2 SWAP1 SSTORE POP PUSH2 0x65A DUP4 PUSH1 0x1 PUSH1 0x0 DUP9 PUSH20 0xFFFFFFFFFFFFFFFFFFFFFFFFFFFFFFFFFFFFFFFF AND PUSH20 0xFFFFFFFFFFFFFFFFFFFFFFFFFFFFFFFFFFFFFFFF AND DUP2 MSTORE PUSH1 0x20 ADD SWAP1 DUP2 MSTORE PUSH1 0x20 ADD PUSH1 0x0 KECCAK256 SLOAD PUSH2 0xA5A SWAP1 SWAP2 SWAP1 PUSH4 0xFFFFFFFF AND JUMP JUMPDEST PUSH1 0x1 PUSH1 0x0 DUP8 PUSH20 0xFFFFFFFFFFFFFFFFFFFFFFFFFFFFFFFFFFFFFFFF AND PUSH20 0xFFFFFFFFFFFFFFFFFFFFFFFFFFFFFFFFFFFFFFFF AND DUP2 MSTORE PUSH1 0x20 ADD SWAP1 DUP2 MSTORE PUSH1 0x20 ADD PUSH1 0x0 KECCAK256 DUP2 SWAP1 SSTORE POP PUSH2 0x6B0 DUP4 DUP3 PUSH2 0xA5A SWAP1 SWAP2 SWAP1 PUSH4 0xFFFFFFFF AND JUMP JUMPDEST PUSH1 0x0 DUP1 DUP8 PUSH20 0xFFFFFFFFFFFFFFFFFFFFFFFFFFFFFFFFFFFFFFFF AND PUSH20 0xFFFFFFFFFFFFFFFFFFFFFFFFFFFFFFFFFFFFFFFF AND DUP2 MSTORE PUSH1 0x20 ADD SWAP1 DUP2 MSTORE PUSH1 0x20 ADD PUSH1 0x0 KECCAK256 PUSH1 0x0 CALLER PUSH20 0xFFFFFFFFFFFFFFFFFFFFFFFFFFFFFFFFFFFFFFFF AND PUSH20 0xFFFFFFFFFFFFFFFFFFFFFFFFFFFFFFFFFFFFFFFF AND DUP2 MSTORE PUSH1 0x20 ADD SWAP1 DUP2 MSTORE PUSH1 0x20 ADD PUSH1 0x0 KECCAK256 DUP2 SWAP1 SSTORE POP DUP4 PUSH20 0xFFFFFFFFFFFFFFFFFFFFFFFFFFFFFFFFFFFFFFFF AND DUP6 PUSH20 0xFFFFFFFFFFFFFFFFFFFFFFFFFFFFFFFFFFFFFFFF AND PUSH32 0xDDF252AD1BE2C89B69C2B068FC378DAA952BA7F163C4A11628F55A4DF523B3EF DUP6 PUSH1 0x40 MLOAD DUP1 DUP3 DUP2 MSTORE PUSH1 0x20 ADD SWAP2 POP POP PUSH1 0x40 MLOAD DUP1 SWAP2 SUB SWAP1 LOG3 PUSH1 0x1 SWAP2 POP POP SWAP4 SWAP3 POP POP POP JUMP JUMPDEST PUSH1 0x3 SLOAD DUP2 JUMP JUMPDEST PUSH1 0x0 PUSH1 0x1 PUSH1 0x0 DUP4 PUSH20 0xFFFFFFFFFFFFFFFFFFFFFFFFFFFFFFFFFFFFFFFF AND PUSH20 0xFFFFFFFFFFFFFFFFFFFFFFFFFFFFFFFFFFFFFFFF AND DUP2 MSTORE PUSH1 0x20 ADD SWAP1 DUP2 MSTORE PUSH1 0x20 ADD PUSH1 0x0 KECCAK256 SLOAD SWAP1 POP SWAP2 SWAP1 POP JUMP JUMPDEST PUSH1 0x4 PUSH1 0x0 SWAP1 SLOAD SWAP1 PUSH2 0x100 EXP SWAP1 DIV PUSH20 0xFFFFFFFFFFFFFFFFFFFFFFFFFFFFFFFFFFFFFFFF AND DUP2 JUMP JUMPDEST PUSH1 0x5 SLOAD DUP2 JUMP JUMPDEST PUSH1 0x0 PUSH2 0x86F DUP3 PUSH1 0x1 PUSH1 0x0 CALLER PUSH20 0xFFFFFFFFFFFFFFFFFFFFFFFFFFFFFFFFFFFFFFFF AND PUSH20 0xFFFFFFFFFFFFFFFFFFFFFFFFFFFFFFFFFFFFFFFF AND DUP2 MSTORE PUSH1 0x20 ADD SWAP1 DUP2 MSTORE PUSH1 0x20 ADD PUSH1 0x0 KECCAK256 SLOAD PUSH2 0xA5A SWAP1 SWAP2 SWAP1 PUSH4 0xFFFFFFFF AND JUMP JUMPDEST PUSH1 0x1 PUSH1 0x0 CALLER PUSH20 0xFFFFFFFFFFFFFFFFFFFFFFFFFFFFFFFFFFFFFFFF AND PUSH20 0xFFFFFFFFFFFFFFFFFFFFFFFFFFFFFFFFFFFFFFFF AND DUP2 MSTORE PUSH1 0x20 ADD SWAP1 DUP2 MSTORE PUSH1 0x20 ADD PUSH1 0x0 KECCAK256 DUP2 SWAP1 SSTORE POP PUSH2 0x904 DUP3 PUSH1 0x1 PUSH1 0x0 DUP7 PUSH20 0xFFFFFFFFFFFFFFFFFFFFFFFFFFFFFFFFFFFFFFFF AND PUSH20 0xFFFFFFFFFFFFFFFFFFFFFFFFFFFFFFFFFFFFFFFF AND DUP2 MSTORE PUSH1 0x20 ADD SWAP1 DUP2 MSTORE PUSH1 0x20 ADD PUSH1 0x0 KECCAK256 SLOAD PUSH2 0xA3C SWAP1 SWAP2 SWAP1 PUSH4 0xFFFFFFFF AND JUMP JUMPDEST PUSH1 0x1 PUSH1 0x0 DUP6 PUSH20 0xFFFFFFFFFFFFFFFFFFFFFFFFFFFFFFFFFFFFFFFF AND PUSH20 0xFFFFFFFFFFFFFFFFFFFFFFFFFFFFFFFFFFFFFFFF AND DUP2 MSTORE PUSH1 0x20 ADD SWAP1 DUP2 MSTORE PUSH1 0x20 ADD PUSH1 0x0 KECCAK256 DUP2 SWAP1 SSTORE POP DUP3 PUSH20 0xFFFFFFFFFFFFFFFFFFFFFFFFFFFFFFFFFFFFFFFF AND CALLER PUSH20 0xFFFFFFFFFFFFFFFFFFFFFFFFFFFFFFFFFFFFFFFF AND PUSH32 0xDDF252AD1BE2C89B69C2B068FC378DAA952BA7F163C4A11628F55A4DF523B3EF DUP5 PUSH1 0x40 MLOAD DUP1 DUP3 DUP2 MSTORE PUSH1 0x20 ADD SWAP2 POP POP PUSH1 0x40 MLOAD DUP1 SWAP2 SUB SWAP1 LOG3 PUSH1 0x1 SWAP1 POP SWAP3 SWAP2 POP POP JUMP JUMPDEST PUSH1 0x0 DUP1 PUSH1 0x0 DUP5 PUSH20 0xFFFFFFFFFFFFFFFFFFFFFFFFFFFFFFFFFFFFFFFF AND PUSH20 0xFFFFFFFFFFFFFFFFFFFFFFFFFFFFFFFFFFFFFFFF AND DUP2 MSTORE PUSH1 0x20 ADD SWAP1 DUP2 MSTORE PUSH1 0x20 ADD PUSH1 0x0 KECCAK256 PUSH1 0x0 DUP4 PUSH20 0xFFFFFFFFFFFFFFFFFFFFFFFFFFFFFFFFFFFFFFFF AND PUSH20 0xFFFFFFFFFFFFFFFFFFFFFFFFFFFFFFFFFFFFFFFF AND DUP2 MSTORE PUSH1 0x20 ADD SWAP1 DUP2 MSTORE PUSH1 0x20 ADD PUSH1 0x0 KECCAK256 SLOAD SWAP1 POP SWAP3 SWAP2 POP POP JUMP JUMPDEST PUSH1 0x0 DUP1 DUP3 DUP5 ADD SWAP1 POP DUP4 DUP2 LT ISZERO ISZERO ISZERO PUSH2 0xA50 JUMPI INVALID JUMPDEST DUP1 SWAP2 POP POP SWAP3 SWAP2 POP POP JUMP JUMPDEST PUSH1 0x0 DUP3 DUP3 GT ISZERO ISZERO ISZERO PUSH2 0xA68 JUMPI INVALID JUMPDEST DUP2 DUP4 SUB SWAP1 POP SWAP3 SWAP2 POP POP JUMP STOP LOG1 PUSH6 0x627A7A723058 KECCAK256 0xb9 PUSH3 0x22E495 CALLCODE PUSH30 0xE767A41D921558C462BA9640A11B61851EADCBE3719340FF300029000000
1,PUSH1 0x60 PUSH1 0x40 MSTORE PUSH1 0x12 PUSH1 0x3 PUSH1 0x0 PUSH2 0x100 EXP DUP2 SLOAD DUP2 PUSH1 0xFF MUL NOT AND SWAP1 DUP4 PUSH1 0xFF AND MUL OR SWAP1 SSTORE POP CALLVALUE ISZERO PUSH3 0x2C JUMPI PUSH1 0x0 DUP1 REVERT JUMPDEST CALLER PUSH1 0x0 DUP1 PUSH2 0x100 EXP DUP2 SLOAD DUP2 PUSH20 0xFFFFFFFFFFFFFFFFFFFFFFFFFFFFFFFFFFFFFFFF MUL NOT AND SWAP1 DUP4 PUSH20 0xFFFFFFFFFFFFFFFFFFFFFFFFFFFFFFFFFFFFFFFF AND MUL OR SWAP1 SSTORE POP PUSH1 0x3 PUSH1 0x0 SWAP1 SLOAD SWAP1 PUSH2 0x100 EXP SWAP1 DIV PUSH1 0xFF AND PUSH1 0xFF AND PUSH1 0xA EXP PUSH1 0x0 MUL PUSH1 0x4 DUP2 SWAP1 SSTORE POP PUSH1 0x4 SLOAD PUSH1 0x5 PUSH1 0x0 CALLER PUSH20 0xFFFFFFFFFFFFFFFFFFFFFFFFFFFFFFFFFFFFFFFF AND PUSH20 0xFFFFFFFFFFFFFFFFFFFFFFFFFFFFFFFFFFFFFFFF AND DUP2 MSTORE PUSH1 0x20 ADD SWAP1 DUP2 MSTORE PUSH1 0x20 ADD PUSH1 0x0 KECCAK256 DUP2 SWAP1 SSTORE POP PUSH1 0x40 DUP1 MLOAD SWAP1 DUP2 ADD PUSH1 0x40 MSTORE DUP1 PUSH1 0xC DUP2 MSTORE PUSH1 0x20 ADD PUSH32 0x4D79546F6B656E45564320320000000000000000000000000000000000000000 DUP2 MSTORE POP PUSH1 0x1 SWAP1 DUP1 MLOAD SWAP1 PUSH1 0x20 ADD SWAP1 PUSH3 0x11E SWAP3 SWAP2 SWAP1 PUSH3 0x173 JUMP JUMPDEST POP PUSH1 0x40 DUP1 MLOAD SWAP1 DUP2 ADD PUSH1 0x40 MSTORE DUP1 PUSH1 0x5 DUP2 MSTORE PUSH1 0x20 ADD PUSH32 0x4D45564332000000000000000000000000000000000000000000000000000000 DUP2 MSTORE POP PUSH1 0x2 SWAP1 DUP1 MLOAD SWAP1 PUSH1 0x20 ADD SWAP1 PUSH3 0x16C SWAP3 SWAP2 SWAP1 PUSH3 0x173 JUMP JUMPDEST POP PUSH3 0x222 JUMP JUMPDEST DUP3 DUP1 SLOAD PUSH1 0x1 DUP2 PUSH1 0x1 AND ISZERO PUSH2 0x100 MUL SUB AND PUSH1 0x2 SWAP1 DIV SWAP1 PUSH1 0x0 MSTORE PUSH1 0x20 PUSH1 0x0 KECCAK256 SWAP1 PUSH1 0x1F ADD PUSH1 0x20 SWAP1 DIV DUP2 ADD SWAP3 DUP3 PUSH1 0x1F LT PUSH3 0x1B6 JUMPI DUP1 MLOAD PUSH1 0xFF NOT AND DUP4 DUP1 ADD OR DUP6 SSTORE PUSH3 0x1E7 JUMP JUMPDEST DUP3 DUP1 ADD PUSH1 0x1 ADD DUP6 SSTORE DUP3 ISZERO PUSH3 0x1E7 JUMPI SWAP2 DUP3 ADD JUMPDEST DUP3 DUP2 GT ISZERO PUSH3 0x1E6 JUMPI DUP3 MLOAD DUP3 SSTORE SWAP2 PUSH1 0x20 ADD SWAP2 SWAP1 PUSH1 0x1 ADD SWAP1 PUSH3 0x1C9 JUMP JUMPDEST JUMPDEST POP SWAP1 POP PUSH3 0x1F6 SWAP2 SWAP1 PUSH3 0x1FA JUMP JUMPDEST POP SWAP1 JUMP JUMPDEST PUSH3 0x21F SWAP2 SWAP1 JUMPDEST DUP1 DUP3 GT ISZERO PUSH3 0x21B JUMPI PUSH1 0x0 DUP2 PUSH1 0x0 SWAP1 SSTORE POP PUSH1 0x1 ADD PUSH3 0x201 JUMP JUMPDEST POP SWAP1 JUMP JUMPDEST SWAP1 JUMP JUMPDEST PUSH2 0x16CD DUP1 PUSH3 0x232 PUSH1 0x0 CODECOPY PUSH1 0x0 RETURN STOP PUSH1 0x60 PUSH1 0x40 MSTORE PUSH1 0x4 CALLDATASIZE LT PUSH2 0x107 JUMPI PUSH1 0x0 CALLDATALOAD PUSH29 0x100000000000000000000000000000000000000000000000000000000 SWAP1 DIV PUSH4 0xFFFFFFFF AND DUP1 PUSH4 0x6FDDE03 EQ PUSH2 0x10C JUMPI DUP1 PUSH4 0x95EA7B3 EQ PUSH2 0x19A JUMPI DUP1 PUSH4 0x18160DDD EQ PUSH2 0x1F4 JUMPI DUP1 PUSH4 0x23B872DD EQ PUSH2 0x21D JUMPI DUP1 PUSH4 0x313CE567 EQ PUSH2 0x296 JUMPI DUP1 PUSH4 0x3EAAF86B EQ PUSH2 0x2C5 JUMPI DUP1 PUSH4 0x42966C68 EQ PUSH2 0x2EE JUMPI DUP1 PUSH4 0x70A08231 EQ PUSH2 0x329 JUMPI DUP1 PUSH4 0x79CC6790 EQ PUSH2 0x376 JUMPI DUP1 PUSH4 0x8DA5CB5B EQ PUSH2 0x3D0 JUMPI DUP1 PUSH4 0x95D89B41 EQ PUSH2 0x425 JUMPI DUP1 PUSH4 0xA9059CBB EQ PUSH2 0x4B3 JUMPI DUP1 PUSH4 0xB414D4B6 EQ PUSH2 0x4F5 JUMPI DUP1 PUSH4 0xC634D032 EQ PUSH2 0x546 JUMPI DUP1 PUSH4 0xCAE9CA51 EQ PUSH2 0x569 JUMPI DUP1 PUSH4 0xCCA3E832 EQ PUSH2 0x606 JUMPI DUP1 PUSH4 0xDD62ED3E EQ PUSH2 0x653 JUMPI DUP1 PUSH4 0xE724529C EQ PUSH2 0x6BF JUMPI DUP1 PUSH4 0xF2FDE38B EQ PUSH2 0x703 JUMPI JUMPDEST PUSH1 0x0 DUP1 REVERT JUMPDEST CALLVALUE ISZERO PUSH2 0x117 JUMPI PUSH1 0x0 DUP1 REVERT JUMPDEST PUSH2 0x11F PUSH2 0x73C JUMP JUMPDEST PUSH1 0x40 MLOAD DUP1 DUP1 PUSH1 0x20 ADD DUP3 DUP2 SUB DUP3 MSTORE DUP4 DUP2 DUP2 MLOAD DUP2 MSTORE PUSH1 0x20 ADD SWAP2 POP DUP1 MLOAD SWAP1 PUSH1 0x20 ADD SWAP1 DUP1 DUP4 DUP4 PUSH1 0x0 JUMPDEST DUP4 DUP2 LT ISZERO PUSH2 0x15F JUMPI DUP1 DUP3 ADD MLOAD DUP2 DUP5 ADD MSTORE PUSH1 0x20 DUP2 ADD SWAP1 POP PUSH2 0x144 JUMP JUMPDEST POP POP POP POP SWAP1 POP SWAP1 DUP2 ADD SWAP1 PUSH1 0x1F AND DUP1 ISZERO PUSH2 0x18C JUMPI DUP1 DUP3 SUB DUP1 MLOAD PUSH1 0x1 DUP4 PUSH1 0x20 SUB PUSH2 0x100 EXP SUB NOT AND DUP2 MSTORE PUSH1 0x20 ADD SWAP2 POP JUMPDEST POP SWAP3 POP POP POP PUSH1 0x40 MLOAD DUP1 SWAP2 SUB SWAP1 RETURN JUMPDEST CALLVALUE ISZERO PUSH2 0x1A5 JUMPI PUSH1 0x0 DUP1 REVERT JUMPDEST PUSH2 0x1DA PUSH1 0x4 DUP1 DUP1 CALLDATALOAD PUSH20 0xFFFFFFFFFFFFFFFFFFFFFFFFFFFFFFFFFFFFFFFF AND SWAP1 PUSH1 0x20 ADD SWAP1 SWAP2 SWAP1 DUP1 CALLDATALOAD SWAP1 PUSH1 0x20 ADD SWAP1 SWAP2 SWAP1 POP POP PUSH2 0x7E4 JUMP JUMPDEST PUSH1 0x40 MLOAD DUP1 DUP3 ISZERO ISZERO ISZERO ISZERO DUP2 MSTORE PUSH1 0x20 ADD SWAP2 POP POP PUSH1 0x40 MLOAD DUP1 SWAP2 SUB SWAP1 RETURN JUMPDEST CALLVALUE ISZERO PUSH2 0x1FF JUMPI PUSH1 0x0 DUP1 REVERT JUMPDEST PUSH2 0x207 PUSH2 0x871 JUMP JUMPDEST PUSH1 0x40 MLOAD DUP1 DUP3 DUP2 MSTORE PUSH1 0x20 ADD SWAP2 POP POP PUSH1 0x40 MLOAD DUP1 SWAP2 SUB SWAP1 RETURN JUMPDEST CALLVALUE ISZERO PUSH2 0x228 JUMPI PUSH1 0x0 DUP1 REVERT JUMPDEST PUSH2 0x27C PUSH1 0x4 DUP1 DUP1 CALLDATALOAD PUSH20 0xFFFFFFFFFFFFFFFFFFFFFFFFFFFFFFFFFFFFFFFF AND SWAP1 PUSH1 0x20 ADD SWAP1 SWAP2 SWAP1 DUP1 CALLDATALOAD PUSH20 0xFFFFFFFFFFFFFFFFFFFFFFFFFFFFFFFFFFFFFFFF AND SWAP1 PUSH1 0x20 ADD SWAP1 SWAP2 SWAP1 DUP1 CALLDATALOAD SWAP1 PUSH1 0x20 ADD SWAP1 SWAP2 SWAP1 POP POP PUSH2 0x87B JUMP JUMPDEST PUSH1 0x40 MLOAD DUP1 DUP3 ISZERO ISZERO ISZERO ISZERO DUP2 MSTORE PUSH1 0x20 ADD SWAP2 POP POP PUSH1 0x40 MLOAD DUP1 SWAP2 SUB SWAP1 RETURN JUMPDEST CALLVALUE ISZERO PUSH2 0x2A1 JUMPI PUSH1 0x0 DUP1 REVERT JUMPDEST PUSH2 0x2A9 PUSH2 0x9A8 JUMP JUMPDEST PUSH1 0x40 MLOAD DUP1 DUP3 PUSH1 0xFF AND PUSH1 0xFF AND DUP2 MSTORE PUSH1 0x20 ADD SWAP2 POP POP PUSH1 0x40 MLOAD DUP1 SWAP2 SUB SWAP1 RETURN JUMPDEST CALLVALUE ISZERO PUSH2 0x2D0 JUMPI PUSH1 0x0 DUP1 REVERT JUMPDEST PUSH2 0x2D8 PUSH2 0x9BF JUMP JUMPDEST PUSH1 0x40 MLOAD DUP1 DUP3 DUP2 MSTORE PUSH1 0x20 ADD SWAP2 POP POP PUSH1 0x40 MLOAD DUP1 SWAP2 SUB SWAP1 RETURN JUMPDEST CALLVALUE ISZERO PUSH2 0x2F9 JUMPI PUSH1 0x0 DUP1 REVERT JUMPDEST PUSH2 0x30F PUSH1 0x4 DUP1 DUP1 CALLDATALOAD SWAP1 PUSH1 0x20 ADD SWAP1 SWAP2 SWAP1 POP POP PUSH2 0x9C5 JUMP JUMPDEST PUSH1 0x40 MLOAD DUP1 DUP3 ISZERO ISZERO ISZERO ISZERO DUP2 MSTORE PUSH1 0x20 ADD SWAP2 POP POP PUSH1 0x40 MLOAD DUP1 SWAP2 SUB SWAP1 RETURN JUMPDEST CALLVALUE ISZERO PUSH2 0x334 JUMPI PUSH1 0x0 DUP1 REVERT JUMPDEST PUSH2 0x360 PUSH1 0x4 DUP1 DUP1 CALLDATALOAD PUSH20 0xFFFFFFFFFFFFFFFFFFFFFFFFFFFFFFFFFFFFFFFF AND SWAP1 PUSH1 0x20 ADD SWAP1 SWAP2 SWAP1 POP POP PUSH2 0xB24 JUMP JUMPDEST PUSH1 0x40 MLOAD DUP1 DUP3 DUP2 MSTORE PUSH1 0x20 ADD SWAP2 POP POP PUSH1 0x40 MLOAD DUP1 SWAP2 SUB SWAP1 RETURN JUMPDEST CALLVALUE ISZERO PUSH2 0x381 JUMPI PUSH1 0x0 DUP1 REVERT JUMPDEST PUSH2 0x3B6 PUSH1 0x4 DUP1 DUP1 CALLDATALOAD PUSH20 0xFFFFFFFFFFFFFFFFFFFFFFFFFFFFFFFFFFFFFFFF AND SWAP1 PUSH1 0x20 ADD SWAP1 SWAP2 SWAP1 DUP1 CALLDATALOAD SWAP1 PUSH1 0x20 ADD SWAP1 SWAP2 SWAP1 POP POP PUSH2 0xB6D JUMP JUMPDEST PUSH1 0x40 MLOAD DUP1 DUP3 ISZERO ISZERO ISZERO ISZERO DUP2 MSTORE PUSH1 0x20 ADD SWAP2 POP POP PUSH1 0x40 MLOAD DUP1 SWAP2 SUB SWAP1 RETURN JUMPDEST CALLVALUE ISZERO PUSH2 0x3DB JUMPI PUSH1 0x0 DUP1 REVERT JUMPDEST PUSH2 0x3E3 PUSH2 0xD57 JUMP JUMPDEST PUSH1 0x40 MLOAD DUP1 DUP3 PUSH20 0xFFFFFFFFFFFFFFFFFFFFFFFFFFFFFFFFFFFFFFFF AND PUSH20 0xFFFFFFFFFFFFFFFFFFFFFFFFFFFFFFFFFFFFFFFF AND DUP2 MSTORE PUSH1 0x20 ADD SWAP2 POP POP PUSH1 0x40 MLOAD DUP1 SWAP2 SUB SWAP1 RETURN JUMPDEST CALLVALUE ISZERO PUSH2 0x430 JUMPI PUSH1 0x0 DUP1 REVERT JUMPDEST PUSH2 0x438 PUSH2 0xD7C JUMP JUMPDEST PUSH1 0x40 MLOAD DUP1 DUP1 PUSH1 0x20 ADD DUP3 DUP2 SUB DUP3 MSTORE DUP4 DUP2 DUP2 MLOAD DUP2 MSTORE PUSH1 0x20 ADD SWAP2 POP DUP1 MLOAD SWAP1 PUSH1 0x20 ADD SWAP1 DUP1 DUP4 DUP4 PUSH1 0x0 JUMPDEST DUP4 DUP2 LT ISZERO PUSH2 0x478 JUMPI DUP1 DUP3 ADD MLOAD DUP2 DUP5 ADD MSTORE PUSH1 0x20 DUP2 ADD SWAP1 POP PUSH2 0x45D JUMP JUMPDEST POP POP POP POP SWAP1 POP SWAP1 DUP2 ADD SWAP1 PUSH1 0x1F AND DUP1 ISZERO PUSH2 0x4A5 JUMPI DUP1 DUP3 SUB DUP1 MLOAD PUSH1 0x1 DUP4 PUSH1 0x20 SUB PUSH2 0x100 EXP SUB NOT AND DUP2 MSTORE PUSH1 0x20 ADD SWAP2 POP JUMPDEST POP SWAP3 POP POP POP PUSH1 0x40 MLOAD DUP1 SWAP2 SUB SWAP1 RETURN JUMPDEST CALLVALUE ISZERO PUSH2 0x4BE JUMPI PUSH1 0x0 DUP1 REVERT JUMPDEST PUSH2 0x4F3 PUSH1 0x4 DUP1 DUP1 CALLDATALOAD PUSH20 0xFFFFFFFFFFFFFFFFFFFFFFFFFFFFFFFFFFFFFFFF AND SWAP1 PUSH1 0x20 ADD SWAP1 SWAP2 SWAP1 DUP1 CALLDATALOAD SWAP1 PUSH1 0x20 ADD SWAP1 SWAP2 SWAP1 POP POP PUSH2 0xE24 JUMP JUMPDEST STOP JUMPDEST CALLVALUE ISZERO PUSH2 0x500 JUMPI PUSH1 0x0 DUP1 REVERT JUMPDEST PUSH2 0x52C PUSH1 0x4 DUP1 DUP1 CALLDATALOAD PUSH20 0xFFFFFFFFFFFFFFFFFFFFFFFFFFFFFFFFFFFFFFFF AND SWAP1 PUSH1 0x20 ADD SWAP1 SWAP2 SWAP1 POP POP PUSH2 0xE33 JUMP JUMPDEST PUSH1 0x40 MLOAD DUP1 DUP3 ISZERO ISZERO ISZERO ISZERO DUP2 MSTORE PUSH1 0x20 ADD SWAP2 POP POP PUSH1 0x40 MLOAD DUP1 SWAP2 SUB SWAP1 RETURN JUMPDEST CALLVALUE ISZERO PUSH2 0x551 JUMPI PUSH1 0x0 DUP1 REVERT JUMPDEST PUSH2 0x567 PUSH1 0x4 DUP1 DUP1 CALLDATALOAD SWAP1 PUSH1 0x20 ADD SWAP1 SWAP2 SWAP1 POP POP PUSH2 0xE53 JUMP JUMPDEST STOP JUMPDEST CALLVALUE ISZERO PUSH2 0x574 JUMPI PUSH1 0x0 DUP1 REVERT JUMPDEST PUSH2 0x5EC PUSH1 0x4 DUP1 DUP1 CALLDATALOAD PUSH20 0xFFFFFFFFFFFFFFFFFFFFFFFFFFFFFFFFFFFFFFFF AND SWAP1 PUSH1 0x20 ADD SWAP1 SWAP2 SWAP1 DUP1 CALLDATALOAD SWAP1 PUSH1 0x20 ADD SWAP1 SWAP2 SWAP1 DUP1 CALLDATALOAD SWAP1 PUSH1 0x20 ADD SWAP1 DUP3 ADD DUP1 CALLDATALOAD SWAP1 PUSH1 0x20 ADD SWAP1 DUP1 DUP1 PUSH1 0x1F ADD PUSH1 0x20 DUP1 SWAP2 DIV MUL PUSH1 0x20 ADD PUSH1 0x40 MLOAD SWAP1 DUP2 ADD PUSH1 0x40 MSTORE DUP1 SWAP4 SWAP3 SWAP2 SWAP1 DUP2 DUP2 MSTORE PUSH1 0x20 ADD DUP4 DUP4 DUP1 DUP3 DUP5 CALLDATACOPY DUP3 ADD SWAP2 POP POP POP POP POP POP SWAP2 SWAP1 POP POP PUSH2 0xFA0 JUMP JUMPDEST PUSH1 0x40 MLOAD DUP1 DUP3 ISZERO ISZERO ISZERO ISZERO DUP2 MSTORE PUSH1 0x20 ADD SWAP2 POP POP PUSH1 0x40 MLOAD DUP1 SWAP2 SUB SWAP1 RETURN JUMPDEST CALLVALUE ISZERO PUSH2 0x611 JUMPI PUSH1 0x0 DUP1 REVERT JUMPDEST PUSH2 0x63D PUSH1 0x4 DUP1 DUP1 CALLDATALOAD PUSH20 0xFFFFFFFFFFFFFFFFFFFFFFFFFFFFFFFFFFFFFFFF AND SWAP1 PUSH1 0x20 ADD SWAP1 SWAP2 SWAP1 POP POP PUSH2 0x111E JUMP JUMPDEST PUSH1 0x40 MLOAD DUP1 DUP3 DUP2 MSTORE PUSH1 0x20 ADD SWAP2 POP POP PUSH1 0x40 MLOAD DUP1 SWAP2 SUB SWAP1 RETURN JUMPDEST CALLVALUE ISZERO PUSH2 0x65E JUMPI PUSH1 0x0 DUP1 REVERT JUMPDEST PUSH2 0x6A9 PUSH1 0x4 DUP1 DUP1 CALLDATALOAD PUSH20 0xFFFFFFFFFFFFFFFFFFFFFFFFFFFFFFFFFFFFFFFF AND SWAP1 PUSH1 0x20 ADD SWAP1 SWAP2 SWAP1 DUP1 CALLDATALOAD PUSH20 0xFFFFFFFFFFFFFFFFFFFFFFFFFFFFFFFFFFFFFFFF AND SWAP1 PUSH1 0x20 ADD SWAP1 SWAP2 SWAP1 POP POP PUSH2 0x1136 JUMP JUMPDEST PUSH1 0x40 MLOAD DUP1 DUP3 DUP2 MSTORE PUSH1 0x20 ADD SWAP2 POP POP PUSH1 0x40 MLOAD DUP1 SWAP2 SUB SWAP1 RETURN JUMPDEST CALLVALUE ISZERO PUSH2 0x6CA JUMPI PUSH1 0x0 DUP1 REVERT JUMPDEST PUSH2 0x701 PUSH1 0x4 DUP1 DUP1 CALLDATALOAD PUSH20 0xFFFFFFFFFFFFFFFFFFFFFFFFFFFFFFFFFFFFFFFF AND SWAP1 PUSH1 0x20 ADD SWAP1 SWAP2 SWAP1 DUP1 CALLDATALOAD ISZERO ISZERO SWAP1 PUSH1 0x20 ADD SWAP1 SWAP2 SWAP1 POP POP PUSH2 0x115B JUMP JUMPDEST STOP JUMPDEST CALLVALUE ISZERO PUSH2 0x70E JUMPI PUSH1 0x0 DUP1 REVERT JUMPDEST PUSH2 0x73A PUSH1 0x4 DUP1 DUP1 CALLDATALOAD PUSH20 0xFFFFFFFFFFFFFFFFFFFFFFFFFFFFFFFFFFFFFFFF AND SWAP1 PUSH1 0x20 ADD SWAP1 SWAP2 SWAP1 POP POP PUSH2 0x1280 JUMP JUMPDEST STOP JUMPDEST PUSH2 0x744 PUSH2 0x168D JUMP JUMPDEST PUSH1 0x1 DUP1 SLOAD PUSH1 0x1 DUP2 PUSH1 0x1 AND ISZERO PUSH2 0x100 MUL SUB AND PUSH1 0x2 SWAP1 DIV DUP1 PUSH1 0x1F ADD PUSH1 0x20 DUP1 SWAP2 DIV MUL PUSH1 0x20 ADD PUSH1 0x40 MLOAD SWAP1 DUP2 ADD PUSH1 0x40 MSTORE DUP1 SWAP3 SWAP2 SWAP1 DUP2 DUP2 MSTORE PUSH1 0x20 ADD DUP3 DUP1 SLOAD PUSH1 0x1 DUP2 PUSH1 0x1 AND ISZERO PUSH2 0x100 MUL SUB AND PUSH1 0x2 SWAP1 DIV DUP1 ISZERO PUSH2 0x7DA JUMPI DUP1 PUSH1 0x1F LT PUSH2 0x7AF JUMPI PUSH2 0x100 DUP1 DUP4 SLOAD DIV MUL DUP4 MSTORE SWAP2 PUSH1 0x20 ADD SWAP2 PUSH2 0x7DA JUMP JUMPDEST DUP3 ADD SWAP2 SWAP1 PUSH1 0x0 MSTORE PUSH1 0x20 PUSH1 0x0 KECCAK256 SWAP1 JUMPDEST DUP2 SLOAD DUP2 MSTORE SWAP1 PUSH1 0x1 ADD SWAP1 PUSH1 0x20 ADD DUP1 DUP4 GT PUSH2 0x7BD JUMPI DUP3 SWAP1 SUB PUSH1 0x1F AND DUP3 ADD SWAP2 JUMPDEST POP POP POP POP POP SWAP1 POP SWAP1 JUMP JUMPDEST PUSH1 0x0 DUP2 PUSH1 0x6 PUSH1 0x0 CALLER PUSH20 0xFFFFFFFFFFFFFFFFFFFFFFFFFFFFFFFFFFFFFFFF AND PUSH20 0xFFFFFFFFFFFFFFFFFFFFFFFFFFFFFFFFFFFFFFFF AND DUP2 MSTORE PUSH1 0x20 ADD SWAP1 DUP2 MSTORE PUSH1 0x20 ADD PUSH1 0x0 KECCAK256 PUSH1 0x0 DUP6 PUSH20 0xFFFFFFFFFFFFFFFFFFFFFFFFFFFFFFFFFFFFFFFF AND PUSH20 0xFFFFFFFFFFFFFFFFFFFFFFFFFFFFFFFFFFFFFFFF AND DUP2 MSTORE PUSH1 0x20 ADD SWAP1 DUP2 MSTORE PUSH1 0x20 ADD PUSH1 0x0 KECCAK256 DUP2 SWAP1 SSTORE POP PUSH1 0x1 SWAP1 POP SWAP3 SWAP2 POP POP JUMP JUMPDEST PUSH1 0x0 PUSH1 0x4 SLOAD SWAP1 POP SWAP1 JUMP JUMPDEST PUSH1 0x0 PUSH1 0x6 PUSH1 0x0 DUP6 PUSH20 0xFFFFFFFFFFFFFFFFFFFFFFFFFFFFFFFFFFFFFFFF AND PUSH20 0xFFFFFFFFFFFFFFFFFFFFFFFFFFFFFFFFFFFFFFFF AND DUP2 MSTORE PUSH1 0x20 ADD SWAP1 DUP2 MSTORE PUSH1 0x20 ADD PUSH1 0x0 KECCAK256 PUSH1 0x0 CALLER PUSH20 0xFFFFFFFFFFFFFFFFFFFFFFFFFFFFFFFFFFFFFFFF AND PUSH20 0xFFFFFFFFFFFFFFFFFFFFFFFFFFFFFFFFFFFFFFFF AND DUP2 MSTORE PUSH1 0x20 ADD SWAP1 DUP2 MSTORE PUSH1 0x20 ADD PUSH1 0x0 KECCAK256 SLOAD DUP3 GT ISZERO ISZERO ISZERO PUSH2 0x908 JUMPI PUSH1 0x0 DUP1 REVERT JUMPDEST DUP2 PUSH1 0x6 PUSH1 0x0 DUP7 PUSH20 0xFFFFFFFFFFFFFFFFFFFFFFFFFFFFFFFFFFFFFFFF AND PUSH20 0xFFFFFFFFFFFFFFFFFFFFFFFFFFFFFFFFFFFFFFFF AND DUP2 MSTORE PUSH1 0x20 ADD SWAP1 DUP2 MSTORE PUSH1 0x20 ADD PUSH1 0x0 KECCAK256 PUSH1 0x0 CALLER PUSH20 0xFFFFFFFFFFFFFFFFFFFFFFFFFFFFFFFFFFFFFFFF AND PUSH20 0xFFFFFFFFFFFFFFFFFFFFFFFFFFFFFFFFFFFFFFFF AND DUP2 MSTORE PUSH1 0x20 ADD SWAP1 DUP2 MSTORE PUSH1 0x20 ADD PUSH1 0x0 KECCAK256 PUSH1 0x0 DUP3 DUP3 SLOAD SUB SWAP3 POP POP DUP2 SWAP1 SSTORE POP PUSH2 0x99D DUP5 DUP5 DUP5 PUSH2 0x131E JUMP JUMPDEST PUSH1 0x1 SWAP1 POP SWAP4 SWAP3 POP POP POP JUMP JUMPDEST PUSH1 0x0 PUSH1 0x3 PUSH1 0x0 SWAP1 SLOAD SWAP1 PUSH2 0x100 EXP SWAP1 DIV PUSH1 0xFF AND SWAP1 POP SWAP1 JUMP JUMPDEST PUSH1 0x4 SLOAD DUP2 JUMP JUMPDEST PUSH1 0x0 DUP1 PUSH1 0x0 SWAP1 SLOAD SWAP1 PUSH2 0x100 EXP SWAP1 DIV PUSH20 0xFFFFFFFFFFFFFFFFFFFFFFFFFFFFFFFFFFFFFFFF AND PUSH20 0xFFFFFFFFFFFFFFFFFFFFFFFFFFFFFFFFFFFFFFFF AND CALLER PUSH20 0xFFFFFFFFFFFFFFFFFFFFFFFFFFFFFFFFFFFFFFFF AND EQ ISZERO ISZERO PUSH2 0xA22 JUMPI PUSH1 0x0 DUP1 REVERT JUMPDEST DUP2 PUSH1 0x5 PUSH1 0x0 CALLER PUSH20 0xFFFFFFFFFFFFFFFFFFFFFFFFFFFFFFFFFFFFFFFF AND PUSH20 0xFFFFFFFFFFFFFFFFFFFFFFFFFFFFFFFFFFFFFFFF AND DUP2 MSTORE PUSH1 0x20 ADD SWAP1 DUP2 MSTORE PUSH1 0x20 ADD PUSH1 0x0 KECCAK256 SLOAD LT ISZERO ISZERO ISZERO PUSH2 0xA70 JUMPI PUSH1 0x0 DUP1 REVERT JUMPDEST DUP2 PUSH1 0x5 PUSH1 0x0 CALLER PUSH20 0xFFFFFFFFFFFFFFFFFFFFFFFFFFFFFFFFFFFFFFFF AND PUSH20 0xFFFFFFFFFFFFFFFFFFFFFFFFFFFFFFFFFFFFFFFF AND DUP2 MSTORE PUSH1 0x20 ADD SWAP1 DUP2 MSTORE PUSH1 0x20 ADD PUSH1 0x0 KECCAK256 PUSH1 0x0 DUP3 DUP3 SLOAD SUB SWAP3 POP POP DUP2 SWAP1 SSTORE POP DUP2 PUSH1 0x4 PUSH1 0x0 DUP3 DUP3 SLOAD SUB SWAP3 POP POP DUP2 SWAP1 SSTORE POP CALLER PUSH20 0xFFFFFFFFFFFFFFFFFFFFFFFFFFFFFFFFFFFFFFFF AND PUSH32 0xCC16F5DBB4873280815C1EE09DBD06736CFFCC184412CF7A71A0FDB75D397CA5 DUP4 PUSH1 0x40 MLOAD DUP1 DUP3 DUP2 MSTORE PUSH1 0x20 ADD SWAP2 POP POP PUSH1 0x40 MLOAD DUP1 SWAP2 SUB SWAP1 LOG2 PUSH1 0x1 SWAP1 POP SWAP2 SWAP1 POP JUMP JUMPDEST PUSH1 0x0 PUSH1 0x5 PUSH1 0x0 DUP4 PUSH20 0xFFFFFFFFFFFFFFFFFFFFFFFFFFFFFFFFFFFFFFFF AND PUSH20 0xFFFFFFFFFFFFFFFFFFFFFFFFFFFFFFFFFFFFFFFF AND DUP2 MSTORE PUSH1 0x20 ADD SWAP1 DUP2 MSTORE PUSH1 0x20 ADD PUSH1 0x0 KECCAK256 SLOAD SWAP1 POP SWAP2 SWAP1 POP JUMP JUMPDEST PUSH1 0x0 DUP1 PUSH1 0x0 SWAP1 SLOAD SWAP1 PUSH2 0x100 EXP SWAP1 DIV PUSH20 0xFFFFFFFFFFFFFFFFFFFFFFFFFFFFFFFFFFFFFFFF AND PUSH20 0xFFFFFFFFFFFFFFFFFFFFFFFFFFFFFFFFFFFFFFFF AND CALLER PUSH20 0xFFFFFFFFFFFFFFFFFFFFFFFFFFFFFFFFFFFFFFFF AND EQ ISZERO ISZERO PUSH2 0xBCA JUMPI PUSH1 0x0 DUP1 REVERT JUMPDEST DUP2 PUSH1 0x5 PUSH1 0x0 DUP6 PUSH20 0xFFFFFFFFFFFFFFFFFFFFFFFFFFFFFFFFFFFFFFFF AND PUSH20 0xFFFFFFFFFFFFFFFFFFFFFFFFFFFFFFFFFFFFFFFF AND DUP2 MSTORE PUSH1 0x20 ADD SWAP1 DUP2 MSTORE PUSH1 0x20 ADD PUSH1 0x0 KECCAK256 SLOAD LT ISZERO ISZERO ISZERO PUSH2 0xC18 JUMPI PUSH1 0x0 DUP1 REVERT JUMPDEST DUP2 PUSH1 0x5 PUSH1 0x0 DUP6 PUSH20 0xFFFFFFFFFFFFFFFFFFFFFFFFFFFFFFFFFFFFFFFF AND PUSH20 0xFFFFFFFFFFFFFFFFFFFFFFFFFFFFFFFFFFFFFFFF AND DUP2 MSTORE PUSH1 0x20 ADD SWAP1 DUP2 MSTORE PUSH1 0x20 ADD PUSH1 0x0 KECCAK256 PUSH1 0x0 DUP3 DUP3 SLOAD SUB SWAP3 POP POP DUP2 SWAP1 SSTORE POP DUP2 PUSH1 0x6 PUSH1 0x0 DUP6 PUSH20 0xFFFFFFFFFFFFFFFFFFFFFFFFFFFFFFFFFFFFFFFF AND PUSH20 0xFFFFFFFFFFFFFFFFFFFFFFFFFFFFFFFFFFFFFFFF AND DUP2 MSTORE PUSH1 0x20 ADD SWAP1 DUP2 MSTORE PUSH1 0x20 ADD PUSH1 0x0 KECCAK256 PUSH1 0x0 CALLER PUSH20 0xFFFFFFFFFFFFFFFFFFFFFFFFFFFFFFFFFFFFFFFF AND PUSH20 0xFFFFFFFFFFFFFFFFFFFFFFFFFFFFFFFFFFFFFFFF AND DUP2 MSTORE PUSH1 0x20 ADD SWAP1 DUP2 MSTORE PUSH1 0x20 ADD PUSH1 0x0 KECCAK256 PUSH1 0x0 DUP3 DUP3 SLOAD SUB SWAP3 POP POP DUP2 SWAP1 SSTORE POP DUP2 PUSH1 0x4 PUSH1 0x0 DUP3 DUP3 SLOAD SUB SWAP3 POP POP DUP2 SWAP1 SSTORE POP DUP3 PUSH20 0xFFFFFFFFFFFFFFFFFFFFFFFFFFFFFFFFFFFFFFFF AND PUSH32 0xCC16F5DBB4873280815C1EE09DBD06736CFFCC184412CF7A71A0FDB75D397CA5 DUP4 PUSH1 0x40 MLOAD DUP1 DUP3 DUP2 MSTORE PUSH1 0x20 ADD SWAP2 POP POP PUSH1 0x40 MLOAD DUP1 SWAP2 SUB SWAP1 LOG2 PUSH1 0x1 SWAP1 POP SWAP3 SWAP2 POP POP JUMP JUMPDEST PUSH1 0x0 DUP1 SWAP1 SLOAD SWAP1 PUSH2 0x100 EXP SWAP1 DIV PUSH20 0xFFFFFFFFFFFFFFFFFFFFFFFFFFFFFFFFFFFFFFFF AND DUP2 JUMP JUMPDEST PUSH2 0xD84 PUSH2 0x168D JUMP JUMPDEST PUSH1 0x2 DUP1 SLOAD PUSH1 0x1 DUP2 PUSH1 0x1 AND ISZERO PUSH2 0x100 MUL SUB AND PUSH1 0x2 SWAP1 DIV DUP1 PUSH1 0x1F ADD PUSH1 0x20 DUP1 SWAP2 DIV MUL PUSH1 0x20 ADD PUSH1 0x40 MLOAD SWAP1 DUP2 ADD PUSH1 0x40 MSTORE DUP1 SWAP3 SWAP2 SWAP1 DUP2 DUP2 MSTORE PUSH1 0x20 ADD DUP3 DUP1 SLOAD PUSH1 0x1 DUP2 PUSH1 0x1 AND ISZERO PUSH2 0x100 MUL SUB AND PUSH1 0x2 SWAP1 DIV DUP1 ISZERO PUSH2 0xE1A JUMPI DUP1 PUSH1 0x1F LT PUSH2 0xDEF JUMPI PUSH2 0x100 DUP1 DUP4 SLOAD DIV MUL DUP4 MSTORE SWAP2 PUSH1 0x20 ADD SWAP2 PUSH2 0xE1A JUMP JUMPDEST DUP3 ADD SWAP2 SWAP1 PUSH1 0x0 MSTORE PUSH1 0x20 PUSH1 0x0 KECCAK256 SWAP1 JUMPDEST DUP2 SLOAD DUP2 MSTORE SWAP1 PUSH1 0x1 ADD SWAP1 PUSH1 0x20 ADD DUP1 DUP4 GT PUSH2 0xDFD JUMPI DUP3 SWAP1 SUB PUSH1 0x1F AND DUP3 ADD SWAP2 JUMPDEST POP POP POP POP POP SWAP1 POP SWAP1 JUMP JUMPDEST PUSH2 0xE2F CALLER DUP4 DUP4 PUSH2 0x131E JUMP JUMPDEST POP POP JUMP JUMPDEST PUSH1 0x7 PUSH1 0x20 MSTORE DUP1 PUSH1 0x0 MSTORE PUSH1 0x40 PUSH1 0x0 KECCAK256 PUSH1 0x0 SWAP2 POP SLOAD SWAP1 PUSH2 0x100 EXP SWAP1 DIV PUSH1 0xFF AND DUP2 JUMP JUMPDEST PUSH1 0x0 DUP1 SWAP1 SLOAD SWAP1 PUSH2 0x100 EXP SWAP1 DIV PUSH20 0xFFFFFFFFFFFFFFFFFFFFFFFFFFFFFFFFFFFFFFFF AND PUSH20 0xFFFFFFFFFFFFFFFFFFFFFFFFFFFFFFFFFFFFFFFF AND CALLER PUSH20 0xFFFFFFFFFFFFFFFFFFFFFFFFFFFFFFFFFFFFFFFF AND EQ ISZERO ISZERO PUSH2 0xEAE JUMPI PUSH1 0x0 DUP1 REVERT JUMPDEST DUP1 PUSH1 0x5 PUSH1 0x0 DUP1 PUSH1 0x0 SWAP1 SLOAD SWAP1 PUSH2 0x100 EXP SWAP1 DIV PUSH20 0xFFFFFFFFFFFFFFFFFFFFFFFFFFFFFFFFFFFFFFFF AND PUSH20 0xFFFFFFFFFFFFFFFFFFFFFFFFFFFFFFFFFFFFFFFF AND PUSH20 0xFFFFFFFFFFFFFFFFFFFFFFFFFFFFFFFFFFFFFFFF AND DUP2 MSTORE PUSH1 0x20 ADD SWAP1 DUP2 MSTORE PUSH1 0x20 ADD PUSH1 0x0 KECCAK256 PUSH1 0x0 DUP3 DUP3 SLOAD ADD SWAP3 POP POP DUP2 SWAP1 SSTORE POP DUP1 PUSH1 0x4 PUSH1 0x0 DUP3 DUP3 SLOAD ADD SWAP3 POP POP DUP2 SWAP1 SSTORE POP PUSH1 0x0 DUP1 SWAP1 SLOAD SWAP1 PUSH2 0x100 EXP SWAP1 DIV PUSH20 0xFFFFFFFFFFFFFFFFFFFFFFFFFFFFFFFFFFFFFFFF AND PUSH20 0xFFFFFFFFFFFFFFFFFFFFFFFFFFFFFFFFFFFFFFFF AND PUSH1 0x0 PUSH32 0xDDF252AD1BE2C89B69C2B068FC378DAA952BA7F163C4A11628F55A4DF523B3EF DUP4 PUSH1 0x40 MLOAD DUP1 DUP3 DUP2 MSTORE PUSH1 0x20 ADD SWAP2 POP POP PUSH1 0x40 MLOAD DUP1 SWAP2 SUB SWAP1 LOG3 POP JUMP JUMPDEST PUSH1 0x0 DUP1 DUP5 SWAP1 POP PUSH2 0xFB0 DUP6 DUP6 PUSH2 0x7E4 JUMP JUMPDEST ISZERO PUSH2 0x1115 JUMPI DUP1 PUSH20 0xFFFFFFFFFFFFFFFFFFFFFFFFFFFFFFFFFFFFFFFF AND PUSH4 0x8F4FFCB1 CALLER DUP7 ADDRESS DUP8 PUSH1 0x40 MLOAD DUP6 PUSH4 0xFFFFFFFF AND PUSH29 0x100000000000000000000000000000000000000000000000000000000 MUL DUP2 MSTORE PUSH1 0x4 ADD DUP1 DUP6 PUSH20 0xFFFFFFFFFFFFFFFFFFFFFFFFFFFFFFFFFFFFFFFF AND PUSH20 0xFFFFFFFFFFFFFFFFFFFFFFFFFFFFFFFFFFFFFFFF AND DUP2 MSTORE PUSH1 0x20 ADD DUP5 DUP2 MSTORE PUSH1 0x20 ADD DUP4 PUSH20 0xFFFFFFFFFFFFFFFFFFFFFFFFFFFFFFFFFFFFFFFF AND PUSH20 0xFFFFFFFFFFFFFFFFFFFFFFFFFFFFFFFFFFFFFFFF AND DUP2 MSTORE PUSH1 0x20 ADD DUP1 PUSH1 0x20 ADD DUP3 DUP2 SUB DUP3 MSTORE DUP4 DUP2 DUP2 MLOAD DUP2 MSTORE PUSH1 0x20 ADD SWAP2 POP DUP1 MLOAD SWAP1 PUSH1 0x20 ADD SWAP1 DUP1 DUP4 DUP4 PUSH1 0x0 JUMPDEST DUP4 DUP2 LT ISZERO PUSH2 0x10AA JUMPI DUP1 DUP3 ADD MLOAD DUP2 DUP5 ADD MSTORE PUSH1 0x20 DUP2 ADD SWAP1 POP PUSH2 0x108F JUMP JUMPDEST POP POP POP POP SWAP1 POP SWAP1 DUP2 ADD SWAP1 PUSH1 0x1F AND DUP1 ISZERO PUSH2 0x10D7 JUMPI DUP1 DUP3 SUB DUP1 MLOAD PUSH1 0x1 DUP4 PUSH1 0x20 SUB PUSH2 0x100 EXP SUB NOT AND DUP2 MSTORE PUSH1 0x20 ADD SWAP2 POP JUMPDEST POP SWAP6 POP POP POP POP POP POP PUSH1 0x0 PUSH1 0x40 MLOAD DUP1 DUP4 SUB DUP2 PUSH1 0x0 DUP8 DUP1 EXTCODESIZE ISZERO ISZERO PUSH2 0x10F8 JUMPI PUSH1 0x0 DUP1 REVERT JUMPDEST PUSH2 0x2C6 GAS SUB CALL ISZERO ISZERO PUSH2 0x1109 JUMPI PUSH1 0x0 DUP1 REVERT JUMPDEST POP POP POP PUSH1 0x1 SWAP2 POP PUSH2 0x1116 JUMP JUMPDEST JUMPDEST POP SWAP4 SWAP3 POP POP POP JUMP JUMPDEST PUSH1 0x5 PUSH1 0x20 MSTORE DUP1 PUSH1 0x0 MSTORE PUSH1 0x40 PUSH1 0x0 KECCAK256 PUSH1 0x0 SWAP2 POP SWAP1 POP SLOAD DUP2 JUMP JUMPDEST PUSH1 0x6 PUSH1 0x20 MSTORE DUP2 PUSH1 0x0 MSTORE PUSH1 0x40 PUSH1 0x0 KECCAK256 PUSH1 0x20 MSTORE DUP1 PUSH1 0x0 MSTORE PUSH1 0x40 PUSH1 0x0 KECCAK256 PUSH1 0x0 SWAP2 POP SWAP2 POP POP SLOAD DUP2 JUMP JUMPDEST PUSH1 0x0 DUP1 SWAP1 SLOAD SWAP1 PUSH2 0x100 EXP SWAP1 DIV PUSH20 0xFFFFFFFFFFFFFFFFFFFFFFFFFFFFFFFFFFFFFFFF AND PUSH20 0xFFFFFFFFFFFFFFFFFFFFFFFFFFFFFFFFFFFFFFFF AND CALLER PUSH20 0xFFFFFFFFFFFFFFFFFFFFFFFFFFFFFFFFFFFFFFFF AND EQ ISZERO ISZERO PUSH2 0x11B6 JUMPI PUSH1 0x0 DUP1 REVERT JUMPDEST DUP1 PUSH1 0x7 PUSH1 0x0 DUP5 PUSH20 0xFFFFFFFFFFFFFFFFFFFFFFFFFFFFFFFFFFFFFFFF AND PUSH20 0xFFFFFFFFFFFFFFFFFFFFFFFFFFFFFFFFFFFFFFFF AND DUP2 MSTORE PUSH1 0x20 ADD SWAP1 DUP2 MSTORE PUSH1 0x20 ADD PUSH1 0x0 KECCAK256 PUSH1 0x0 PUSH2 0x100 EXP DUP2 SLOAD DUP2 PUSH1 0xFF MUL NOT AND SWAP1 DUP4 ISZERO ISZERO MUL OR SWAP1 SSTORE POP PUSH32 0x48335238B4855F35377ED80F164E8C6F3C366E54AC00B96A6402D4A9814A03A5 DUP3 DUP3 PUSH1 0x40 MLOAD DUP1 DUP4 PUSH20 0xFFFFFFFFFFFFFFFFFFFFFFFFFFFFFFFFFFFFFFFF AND PUSH20 0xFFFFFFFFFFFFFFFFFFFFFFFFFFFFFFFFFFFFFFFF AND DUP2 MSTORE PUSH1 0x20 ADD DUP3 ISZERO ISZERO ISZERO ISZERO DUP2 MSTORE PUSH1 0x20 ADD SWAP3 POP POP POP PUSH1 0x40 MLOAD DUP1 SWAP2 SUB SWAP1 LOG1 POP POP JUMP JUMPDEST PUSH1 0x0 DUP1 SWAP1 SLOAD SWAP1 PUSH2 0x100 EXP SWAP1 DIV PUSH20 0xFFFFFFFFFFFFFFFFFFFFFFFFFFFFFFFFFFFFFFFF AND PUSH20 0xFFFFFFFFFFFFFFFFFFFFFFFFFFFFFFFFFFFFFFFF AND CALLER PUSH20 0xFFFFFFFFFFFFFFFFFFFFFFFFFFFFFFFFFFFFFFFF AND EQ ISZERO ISZERO PUSH2 0x12DB JUMPI PUSH1 0x0 DUP1 REVERT JUMPDEST DUP1 PUSH1 0x0 DUP1 PUSH2 0x100 EXP DUP2 SLOAD DUP2 PUSH20 0xFFFFFFFFFFFFFFFFFFFFFFFFFFFFFFFFFFFFFFFF MUL NOT AND SWAP1 DUP4 PUSH20 0xFFFFFFFFFFFFFFFFFFFFFFFFFFFFFFFFFFFFFFFF AND MUL OR SWAP1 SSTORE POP POP JUMP JUMPDEST PUSH1 0x0 DUP1 DUP4 PUSH20 0xFFFFFFFFFFFFFFFFFFFFFFFFFFFFFFFFFFFFFFFF AND EQ ISZERO ISZERO ISZERO PUSH2 0x1345 JUMPI PUSH1 0x0 DUP1 REVERT JUMPDEST DUP2 PUSH1 0x5 PUSH1 0x0 DUP7 PUSH20 0xFFFFFFFFFFFFFFFFFFFFFFFFFFFFFFFFFFFFFFFF AND PUSH20 0xFFFFFFFFFFFFFFFFFFFFFFFFFFFFFFFFFFFFFFFF AND DUP2 MSTORE PUSH1 0x20 ADD SWAP1 DUP2 MSTORE PUSH1 0x20 ADD PUSH1 0x0 KECCAK256 SLOAD LT ISZERO ISZERO ISZERO PUSH2 0x1393 JUMPI PUSH1 0x0 DUP1 REVERT JUMPDEST PUSH1 0x5 PUSH1 0x0 DUP5 PUSH20 0xFFFFFFFFFFFFFFFFFFFFFFFFFFFFFFFFFFFFFFFF AND PUSH20 0xFFFFFFFFFFFFFFFFFFFFFFFFFFFFFFFFFFFFFFFF AND DUP2 MSTORE PUSH1 0x20 ADD SWAP1 DUP2 MSTORE PUSH1 0x20 ADD PUSH1 0x0 KECCAK256 SLOAD DUP3 PUSH1 0x5 PUSH1 0x0 DUP7 PUSH20 0xFFFFFFFFFFFFFFFFFFFFFFFFFFFFFFFFFFFFFFFF AND PUSH20 0xFFFFFFFFFFFFFFFFFFFFFFFFFFFFFFFFFFFFFFFF AND DUP2 MSTORE PUSH1 0x20 ADD SWAP1 DUP2 MSTORE PUSH1 0x20 ADD PUSH1 0x0 KECCAK256 SLOAD ADD GT ISZERO ISZERO PUSH2 0x1421 JUMPI PUSH1 0x0 DUP1 REVERT JUMPDEST PUSH1 0x7 PUSH1 0x0 CALLER PUSH20 0xFFFFFFFFFFFFFFFFFFFFFFFFFFFFFFFFFFFFFFFF AND PUSH20 0xFFFFFFFFFFFFFFFFFFFFFFFFFFFFFFFFFFFFFFFF AND DUP2 MSTORE PUSH1 0x20 ADD SWAP1 DUP2 MSTORE PUSH1 0x20 ADD PUSH1 0x0 KECCAK256 PUSH1 0x0 SWAP1 SLOAD SWAP1 PUSH2 0x100 EXP SWAP1 DIV PUSH1 0xFF AND ISZERO ISZERO ISZERO PUSH2 0x147A JUMPI PUSH1 0x0 DUP1 REVERT JUMPDEST PUSH1 0x5 PUSH1 0x0 DUP5 PUSH20 0xFFFFFFFFFFFFFFFFFFFFFFFFFFFFFFFFFFFFFFFF AND PUSH20 0xFFFFFFFFFFFFFFFFFFFFFFFFFFFFFFFFFFFFFFFF AND DUP2 MSTORE PUSH1 0x20 ADD SWAP1 DUP2 MSTORE PUSH1 0x20 ADD PUSH1 0x0 KECCAK256 SLOAD PUSH1 0x5 PUSH1 0x0 DUP7 PUSH20 0xFFFFFFFFFFFFFFFFFFFFFFFFFFFFFFFFFFFFFFFF AND PUSH20 0xFFFFFFFFFFFFFFFFFFFFFFFFFFFFFFFFFFFFFFFF AND DUP2 MSTORE PUSH1 0x20 ADD SWAP1 DUP2 MSTORE PUSH1 0x20 ADD PUSH1 0x0 KECCAK256 SLOAD ADD SWAP1 POP DUP2 PUSH1 0x5 PUSH1 0x0 DUP7 PUSH20 0xFFFFFFFFFFFFFFFFFFFFFFFFFFFFFFFFFFFFFFFF AND PUSH20 0xFFFFFFFFFFFFFFFFFFFFFFFFFFFFFFFFFFFFFFFF AND DUP2 MSTORE PUSH1 0x20 ADD SWAP1 DUP2 MSTORE PUSH1 0x20 ADD PUSH1 0x0 KECCAK256 PUSH1 0x0 DUP3 DUP3 SLOAD SUB SWAP3 POP POP DUP2 SWAP1 SSTORE POP DUP2 PUSH1 0x5 PUSH1 0x0 DUP6 PUSH20 0xFFFFFFFFFFFFFFFFFFFFFFFFFFFFFFFFFFFFFFFF AND PUSH20 0xFFFFFFFFFFFFFFFFFFFFFFFFFFFFFFFFFFFFFFFF AND DUP2 MSTORE PUSH1 0x20 ADD SWAP1 DUP2 MSTORE PUSH1 0x20 ADD PUSH1 0x0 KECCAK256 PUSH1 0x0 DUP3 DUP3 SLOAD ADD SWAP3 POP POP DUP2 SWAP1 SSTORE POP DUP3 PUSH20 0xFFFFFFFFFFFFFFFFFFFFFFFFFFFFFFFFFFFFFFFF AND DUP5 PUSH20 0xFFFFFFFFFFFFFFFFFFFFFFFFFFFFFFFFFFFFFFFF AND PUSH32 0xDDF252AD1BE2C89B69C2B068FC378DAA952BA7F163C4A11628F55A4DF523B3EF DUP5 PUSH1 0x40 MLOAD DUP1 DUP3 DUP2 MSTORE PUSH1 0x20 ADD SWAP2 POP POP PUSH1 0x40 MLOAD DUP1 SWAP2 SUB SWAP1 LOG3 DUP1 PUSH1 0x5 PUSH1 0x0 DUP6 PUSH20 0xFFFFFFFFFFFFFFFFFFFFFFFFFFFFFFFFFFFFFFFF AND PUSH20 0xFFFFFFFFFFFFFFFFFFFFFFFFFFFFFFFFFFFFFFFF AND DUP2 MSTORE PUSH1 0x20 ADD SWAP1 DUP2 MSTORE PUSH1 0x20 ADD PUSH1 0x0 KECCAK256 SLOAD PUSH1 0x5 PUSH1 0x0 DUP8 PUSH20 0xFFFFFFFFFFFFFFFFFFFFFFFFFFFFFFFFFFFFFFFF AND PUSH20 0xFFFFFFFFFFFFFFFFFFFFFFFFFFFFFFFFFFFFFFFF AND DUP2 MSTORE PUSH1 0x20 ADD SWAP1 DUP2 MSTORE PUSH1 0x20 ADD PUSH1 0x0 KECCAK256 SLOAD ADD EQ ISZERO ISZERO PUSH2 0x1687 JUMPI INVALID JUMPDEST POP POP POP POP JUMP JUMPDEST PUSH1 0x20 PUSH1 0x40 MLOAD SWAP1 DUP2 ADD PUSH1 0x40 MSTORE DUP1 PUSH1 0x0 DUP2 MSTORE POP SWAP1 JUMP STOP LOG1 PUSH6 0x627A7A723058 KECCAK256 0xd9 SGT 0xc0 RETURNDATASIZE 0xf5 0xec PUSH29 0x78292B104F59AA8633349464C87ADCEDADA50918F169DCABCF00290000
1,PUSH1 0x60 PUSH1 0x40 MSTORE CALLVALUE ISZERO PUSH2 0xF JUMPI PUSH1 0x0 DUP1 REVERT JUMPDEST CALLER PUSH1 0x3 PUSH1 0x0 PUSH2 0x100 EXP DUP2 SLOAD DUP2 PUSH20 0xFFFFFFFFFFFFFFFFFFFFFFFFFFFFFFFFFFFFFFFF MUL NOT AND SWAP1 DUP4 PUSH20 0xFFFFFFFFFFFFFFFFFFFFFFFFFFFFFFFFFFFFFFFF AND MUL OR SWAP1 SSTORE POP PUSH2 0xF8A DUP1 PUSH2 0x5F PUSH1 0x0 CODECOPY PUSH1 0x0 RETURN STOP PUSH1 0x60 PUSH1 0x40 MSTORE PUSH1 0x4 CALLDATASIZE LT PUSH2 0xA4 JUMPI PUSH1 0x0 CALLDATALOAD PUSH29 0x100000000000000000000000000000000000000000000000000000000 SWAP1 DIV PUSH4 0xFFFFFFFF AND DUP1 PUSH4 0x95EA7B3 EQ PUSH2 0xA9 JUMPI DUP1 PUSH4 0x18160DDD EQ PUSH2 0x103 JUMPI DUP1 PUSH4 0x23B872DD EQ PUSH2 0x12C JUMPI DUP1 PUSH4 0x42966C68 EQ PUSH2 0x1A5 JUMPI DUP1 PUSH4 0x70A08231 EQ PUSH2 0x1C8 JUMPI DUP1 PUSH4 0x8DA5CB5B EQ PUSH2 0x215 JUMPI DUP1 PUSH4 0xA0712D68 EQ PUSH2 0x26A JUMPI DUP1 PUSH4 0xA6F9DAE1 EQ PUSH2 0x28D JUMPI DUP1 PUSH4 0xA9059CBB EQ PUSH2 0x2C6 JUMPI DUP1 PUSH4 0xDD62ED3E EQ PUSH2 0x320 JUMPI JUMPDEST PUSH1 0x0 DUP1 REVERT JUMPDEST CALLVALUE ISZERO PUSH2 0xB4 JUMPI PUSH1 0x0 DUP1 REVERT JUMPDEST PUSH2 0xE9 PUSH1 0x4 DUP1 DUP1 CALLDATALOAD PUSH20 0xFFFFFFFFFFFFFFFFFFFFFFFFFFFFFFFFFFFFFFFF AND SWAP1 PUSH1 0x20 ADD SWAP1 SWAP2 SWAP1 DUP1 CALLDATALOAD SWAP1 PUSH1 0x20 ADD SWAP1 SWAP2 SWAP1 POP POP PUSH2 0x38C JUMP JUMPDEST PUSH1 0x40 MLOAD DUP1 DUP3 ISZERO ISZERO ISZERO ISZERO DUP2 MSTORE PUSH1 0x20 ADD SWAP2 POP POP PUSH1 0x40 MLOAD DUP1 SWAP2 SUB SWAP1 RETURN JUMPDEST CALLVALUE ISZERO PUSH2 0x10E JUMPI PUSH1 0x0 DUP1 REVERT JUMPDEST PUSH2 0x116 PUSH2 0x47E JUMP JUMPDEST PUSH1 0x40 MLOAD DUP1 DUP3 DUP2 MSTORE PUSH1 0x20 ADD SWAP2 POP POP PUSH1 0x40 MLOAD DUP1 SWAP2 SUB SWAP1 RETURN JUMPDEST CALLVALUE ISZERO PUSH2 0x137 JUMPI PUSH1 0x0 DUP1 REVERT JUMPDEST PUSH2 0x18B PUSH1 0x4 DUP1 DUP1 CALLDATALOAD PUSH20 0xFFFFFFFFFFFFFFFFFFFFFFFFFFFFFFFFFFFFFFFF AND SWAP1 PUSH1 0x20 ADD SWAP1 SWAP2 SWAP1 DUP1 CALLDATALOAD PUSH20 0xFFFFFFFFFFFFFFFFFFFFFFFFFFFFFFFFFFFFFFFF AND SWAP1 PUSH1 0x20 ADD SWAP1 SWAP2 SWAP1 DUP1 CALLDATALOAD SWAP1 PUSH1 0x20 ADD SWAP1 SWAP2 SWAP1 POP POP PUSH2 0x484 JUMP JUMPDEST PUSH1 0x40 MLOAD DUP1 DUP3 ISZERO ISZERO ISZERO ISZERO DUP2 MSTORE PUSH1 0x20 ADD SWAP2 POP POP PUSH1 0x40 MLOAD DUP1 SWAP2 SUB SWAP1 RETURN JUMPDEST CALLVALUE ISZERO PUSH2 0x1B0 JUMPI PUSH1 0x0 DUP1 REVERT JUMPDEST PUSH2 0x1C6 PUSH1 0x4 DUP1 DUP1 CALLDATALOAD SWAP1 PUSH1 0x20 ADD SWAP1 SWAP2 SWAP1 POP POP PUSH2 0x77A JUMP JUMPDEST STOP JUMPDEST CALLVALUE ISZERO PUSH2 0x1D3 JUMPI PUSH1 0x0 DUP1 REVERT JUMPDEST PUSH2 0x1FF PUSH1 0x4 DUP1 DUP1 CALLDATALOAD PUSH20 0xFFFFFFFFFFFFFFFFFFFFFFFFFFFFFFFFFFFFFFFF AND SWAP1 PUSH1 0x20 ADD SWAP1 SWAP2 SWAP1 POP POP PUSH2 0x940 JUMP JUMPDEST PUSH1 0x40 MLOAD DUP1 DUP3 DUP2 MSTORE PUSH1 0x20 ADD SWAP2 POP POP PUSH1 0x40 MLOAD DUP1 SWAP2 SUB SWAP1 RETURN JUMPDEST CALLVALUE ISZERO PUSH2 0x220 JUMPI PUSH1 0x0 DUP1 REVERT JUMPDEST PUSH2 0x228 PUSH2 0x988 JUMP JUMPDEST PUSH1 0x40 MLOAD DUP1 DUP3 PUSH20 0xFFFFFFFFFFFFFFFFFFFFFFFFFFFFFFFFFFFFFFFF AND PUSH20 0xFFFFFFFFFFFFFFFFFFFFFFFFFFFFFFFFFFFFFFFF AND DUP2 MSTORE PUSH1 0x20 ADD SWAP2 POP POP PUSH1 0x40 MLOAD DUP1 SWAP2 SUB SWAP1 RETURN JUMPDEST CALLVALUE ISZERO PUSH2 0x275 JUMPI PUSH1 0x0 DUP1 REVERT JUMPDEST PUSH2 0x28B PUSH1 0x4 DUP1 DUP1 CALLDATALOAD SWAP1 PUSH1 0x20 ADD SWAP1 SWAP2 SWAP1 POP POP PUSH2 0x9AE JUMP JUMPDEST STOP JUMPDEST CALLVALUE ISZERO PUSH2 0x298 JUMPI PUSH1 0x0 DUP1 REVERT JUMPDEST PUSH2 0x2C4 PUSH1 0x4 DUP1 DUP1 CALLDATALOAD PUSH20 0xFFFFFFFFFFFFFFFFFFFFFFFFFFFFFFFFFFFFFFFF AND SWAP1 PUSH1 0x20 ADD SWAP1 SWAP2 SWAP1 POP POP PUSH2 0xBD6 JUMP JUMPDEST STOP JUMPDEST CALLVALUE ISZERO PUSH2 0x2D1 JUMPI PUSH1 0x0 DUP1 REVERT JUMPDEST PUSH2 0x306 PUSH1 0x4 DUP1 DUP1 CALLDATALOAD PUSH20 0xFFFFFFFFFFFFFFFFFFFFFFFFFFFFFFFFFFFFFFFF AND SWAP1 PUSH1 0x20 ADD SWAP1 SWAP2 SWAP1 DUP1 CALLDATALOAD SWAP1 PUSH1 0x20 ADD SWAP1 SWAP2 SWAP1 POP POP PUSH2 0xCF4 JUMP JUMPDEST PUSH1 0x40 MLOAD DUP1 DUP3 ISZERO ISZERO ISZERO ISZERO DUP2 MSTORE PUSH1 0x20 ADD SWAP2 POP POP PUSH1 0x40 MLOAD DUP1 SWAP2 SUB SWAP1 RETURN JUMPDEST CALLVALUE ISZERO PUSH2 0x32B JUMPI PUSH1 0x0 DUP1 REVERT JUMPDEST PUSH2 0x376 PUSH1 0x4 DUP1 DUP1 CALLDATALOAD PUSH20 0xFFFFFFFFFFFFFFFFFFFFFFFFFFFFFFFFFFFFFFFF AND SWAP1 PUSH1 0x20 ADD SWAP1 SWAP2 SWAP1 DUP1 CALLDATALOAD PUSH20 0xFFFFFFFFFFFFFFFFFFFFFFFFFFFFFFFFFFFFFFFF AND SWAP1 PUSH1 0x20 ADD SWAP1 SWAP2 SWAP1 POP POP PUSH2 0xED7 JUMP JUMPDEST PUSH1 0x40 MLOAD DUP1 DUP3 DUP2 MSTORE PUSH1 0x20 ADD SWAP2 POP POP PUSH1 0x40 MLOAD DUP1 SWAP2 SUB SWAP1 RETURN JUMPDEST PUSH1 0x0 DUP2 PUSH1 0x1 PUSH1 0x0 CALLER PUSH20 0xFFFFFFFFFFFFFFFFFFFFFFFFFFFFFFFFFFFFFFFF AND PUSH20 0xFFFFFFFFFFFFFFFFFFFFFFFFFFFFFFFFFFFFFFFF AND DUP2 MSTORE PUSH1 0x20 ADD SWAP1 DUP2 MSTORE PUSH1 0x20 ADD PUSH1 0x0 KECCAK256 PUSH1 0x0 DUP6 PUSH20 0xFFFFFFFFFFFFFFFFFFFFFFFFFFFFFFFFFFFFFFFF AND PUSH20 0xFFFFFFFFFFFFFFFFFFFFFFFFFFFFFFFFFFFFFFFF AND DUP2 MSTORE PUSH1 0x20 ADD SWAP1 DUP2 MSTORE PUSH1 0x20 ADD PUSH1 0x0 KECCAK256 DUP2 SWAP1 SSTORE POP DUP3 PUSH20 0xFFFFFFFFFFFFFFFFFFFFFFFFFFFFFFFFFFFFFFFF AND CALLER PUSH20 0xFFFFFFFFFFFFFFFFFFFFFFFFFFFFFFFFFFFFFFFF AND PUSH32 0x8C5BE1E5EBEC7D5BD14F71427D1E84F3DD0314C0F7B2291E5B200AC8C7C3B925 DUP5 PUSH1 0x40 MLOAD DUP1 DUP3 DUP2 MSTORE PUSH1 0x20 ADD SWAP2 POP POP PUSH1 0x40 MLOAD DUP1 SWAP2 SUB SWAP1 LOG3 PUSH1 0x1 SWAP1 POP SWAP3 SWAP2 POP POP JUMP JUMPDEST PUSH1 0x2 SLOAD DUP2 JUMP JUMPDEST PUSH1 0x0 DUP2 PUSH1 0x0 DUP1 DUP7 PUSH20 0xFFFFFFFFFFFFFFFFFFFFFFFFFFFFFFFFFFFFFFFF AND PUSH20 0xFFFFFFFFFFFFFFFFFFFFFFFFFFFFFFFFFFFFFFFF AND DUP2 MSTORE PUSH1 0x20 ADD SWAP1 DUP2 MSTORE PUSH1 0x20 ADD PUSH1 0x0 KECCAK256 SLOAD LT ISZERO DUP1 ISZERO PUSH2 0x550 JUMPI POP DUP2 PUSH1 0x1 PUSH1 0x0 DUP7 PUSH20 0xFFFFFFFFFFFFFFFFFFFFFFFFFFFFFFFFFFFFFFFF AND PUSH20 0xFFFFFFFFFFFFFFFFFFFFFFFFFFFFFFFFFFFFFFFF AND DUP2 MSTORE PUSH1 0x20 ADD SWAP1 DUP2 MSTORE PUSH1 0x20 ADD PUSH1 0x0 KECCAK256 PUSH1 0x0 CALLER PUSH20 0xFFFFFFFFFFFFFFFFFFFFFFFFFFFFFFFFFFFFFFFF AND PUSH20 0xFFFFFFFFFFFFFFFFFFFFFFFFFFFFFFFFFFFFFFFF AND DUP2 MSTORE PUSH1 0x20 ADD SWAP1 DUP2 MSTORE PUSH1 0x20 ADD PUSH1 0x0 KECCAK256 SLOAD LT ISZERO JUMPDEST DUP1 ISZERO PUSH2 0x5D9 JUMPI POP PUSH1 0x0 DUP1 DUP5 PUSH20 0xFFFFFFFFFFFFFFFFFFFFFFFFFFFFFFFFFFFFFFFF AND PUSH20 0xFFFFFFFFFFFFFFFFFFFFFFFFFFFFFFFFFFFFFFFF AND DUP2 MSTORE PUSH1 0x20 ADD SWAP1 DUP2 MSTORE PUSH1 0x20 ADD PUSH1 0x0 KECCAK256 SLOAD DUP3 PUSH1 0x0 DUP1 DUP7 PUSH20 0xFFFFFFFFFFFFFFFFFFFFFFFFFFFFFFFFFFFFFFFF AND PUSH20 0xFFFFFFFFFFFFFFFFFFFFFFFFFFFFFFFFFFFFFFFF AND DUP2 MSTORE PUSH1 0x20 ADD SWAP1 DUP2 MSTORE PUSH1 0x20 ADD PUSH1 0x0 KECCAK256 SLOAD ADD GT JUMPDEST ISZERO PUSH2 0x76E JUMPI DUP2 PUSH1 0x0 DUP1 DUP6 PUSH20 0xFFFFFFFFFFFFFFFFFFFFFFFFFFFFFFFFFFFFFFFF AND PUSH20 0xFFFFFFFFFFFFFFFFFFFFFFFFFFFFFFFFFFFFFFFF AND DUP2 MSTORE PUSH1 0x20 ADD SWAP1 DUP2 MSTORE PUSH1 0x20 ADD PUSH1 0x0 KECCAK256 PUSH1 0x0 DUP3 DUP3 SLOAD ADD SWAP3 POP POP DUP2 SWAP1 SSTORE POP DUP2 PUSH1 0x0 DUP1 DUP7 PUSH20 0xFFFFFFFFFFFFFFFFFFFFFFFFFFFFFFFFFFFFFFFF AND PUSH20 0xFFFFFFFFFFFFFFFFFFFFFFFFFFFFFFFFFFFFFFFF AND DUP2 MSTORE PUSH1 0x20 ADD SWAP1 DUP2 MSTORE PUSH1 0x20 ADD PUSH1 0x0 KECCAK256 PUSH1 0x0 DUP3 DUP3 SLOAD SUB SWAP3 POP POP DUP2 SWAP1 SSTORE POP DUP2 PUSH1 0x1 PUSH1 0x0 DUP7 PUSH20 0xFFFFFFFFFFFFFFFFFFFFFFFFFFFFFFFFFFFFFFFF AND PUSH20 0xFFFFFFFFFFFFFFFFFFFFFFFFFFFFFFFFFFFFFFFF AND DUP2 MSTORE PUSH1 0x20 ADD SWAP1 DUP2 MSTORE PUSH1 0x20 ADD PUSH1 0x0 KECCAK256 PUSH1 0x0 CALLER PUSH20 0xFFFFFFFFFFFFFFFFFFFFFFFFFFFFFFFFFFFFFFFF AND PUSH20 0xFFFFFFFFFFFFFFFFFFFFFFFFFFFFFFFFFFFFFFFF AND DUP2 MSTORE PUSH1 0x20 ADD SWAP1 DUP2 MSTORE PUSH1 0x20 ADD PUSH1 0x0 KECCAK256 PUSH1 0x0 DUP3 DUP3 SLOAD SUB SWAP3 POP POP DUP2 SWAP1 SSTORE POP DUP3 PUSH20 0xFFFFFFFFFFFFFFFFFFFFFFFFFFFFFFFFFFFFFFFF AND DUP5 PUSH20 0xFFFFFFFFFFFFFFFFFFFFFFFFFFFFFFFFFFFFFFFF AND PUSH32 0xDDF252AD1BE2C89B69C2B068FC378DAA952BA7F163C4A11628F55A4DF523B3EF DUP5 PUSH1 0x40 MLOAD DUP1 DUP3 DUP2 MSTORE PUSH1 0x20 ADD SWAP2 POP POP PUSH1 0x40 MLOAD DUP1 SWAP2 SUB SWAP1 LOG3 PUSH1 0x1 SWAP1 POP PUSH2 0x773 JUMP JUMPDEST PUSH1 0x0 SWAP1 POP JUMPDEST SWAP4 SWAP3 POP POP POP JUMP JUMPDEST CALLER PUSH1 0x3 PUSH1 0x0 SWAP1 SLOAD SWAP1 PUSH2 0x100 EXP SWAP1 DIV PUSH20 0xFFFFFFFFFFFFFFFFFFFFFFFFFFFFFFFFFFFFFFFF AND PUSH20 0xFFFFFFFFFFFFFFFFFFFFFFFFFFFFFFFFFFFFFFFF AND DUP2 PUSH20 0xFFFFFFFFFFFFFFFFFFFFFFFFFFFFFFFFFFFFFFFF AND EQ ISZERO ISZERO PUSH2 0x7D7 JUMPI PUSH1 0x0 DUP1 REVERT JUMPDEST DUP2 PUSH1 0x0 DUP1 PUSH1 0x3 PUSH1 0x0 SWAP1 SLOAD SWAP1 PUSH2 0x100 EXP SWAP1 DIV PUSH20 0xFFFFFFFFFFFFFFFFFFFFFFFFFFFFFFFFFFFFFFFF AND PUSH20 0xFFFFFFFFFFFFFFFFFFFFFFFFFFFFFFFFFFFFFFFF AND PUSH20 0xFFFFFFFFFFFFFFFFFFFFFFFFFFFFFFFFFFFFFFFF AND DUP2 MSTORE PUSH1 0x20 ADD SWAP1 DUP2 MSTORE PUSH1 0x20 ADD PUSH1 0x0 KECCAK256 SLOAD LT ISZERO PUSH2 0x844 JUMPI PUSH1 0x0 DUP1 REVERT JUMPDEST DUP2 PUSH1 0x0 DUP1 PUSH1 0x3 PUSH1 0x0 SWAP1 SLOAD SWAP1 PUSH2 0x100 EXP SWAP1 DIV PUSH20 0xFFFFFFFFFFFFFFFFFFFFFFFFFFFFFFFFFFFFFFFF AND PUSH20 0xFFFFFFFFFFFFFFFFFFFFFFFFFFFFFFFFFFFFFFFF AND PUSH20 0xFFFFFFFFFFFFFFFFFFFFFFFFFFFFFFFFFFFFFFFF AND DUP2 MSTORE PUSH1 0x20 ADD SWAP1 DUP2 MSTORE PUSH1 0x20 ADD PUSH1 0x0 KECCAK256 PUSH1 0x0 DUP3 DUP3 SLOAD SUB SWAP3 POP POP DUP2 SWAP1 SSTORE POP DUP2 PUSH1 0x2 PUSH1 0x0 DUP3 DUP3 SLOAD SUB SWAP3 POP POP DUP2 SWAP1 SSTORE POP PUSH1 0x3 PUSH1 0x0 SWAP1 SLOAD SWAP1 PUSH2 0x100 EXP SWAP1 DIV PUSH20 0xFFFFFFFFFFFFFFFFFFFFFFFFFFFFFFFFFFFFFFFF AND PUSH20 0xFFFFFFFFFFFFFFFFFFFFFFFFFFFFFFFFFFFFFFFF AND PUSH32 0x49995E5DD6158CF69AD3E9777C46755A1A826A446C6416992167462DAD033B2A DUP4 PUSH1 0x2 SLOAD PUSH1 0x40 MLOAD DUP1 DUP4 DUP2 MSTORE PUSH1 0x20 ADD DUP3 DUP2 MSTORE PUSH1 0x20 ADD SWAP3 POP POP POP PUSH1 0x40 MLOAD DUP1 SWAP2 SUB SWAP1 LOG2 POP POP JUMP JUMPDEST PUSH1 0x0 DUP1 PUSH1 0x0 DUP4 PUSH20 0xFFFFFFFFFFFFFFFFFFFFFFFFFFFFFFFFFFFFFFFF AND PUSH20 0xFFFFFFFFFFFFFFFFFFFFFFFFFFFFFFFFFFFFFFFF AND DUP2 MSTORE PUSH1 0x20 ADD SWAP1 DUP2 MSTORE PUSH1 0x20 ADD PUSH1 0x0 KECCAK256 SLOAD SWAP1 POP SWAP2 SWAP1 POP JUMP JUMPDEST PUSH1 0x3 PUSH1 0x0 SWAP1 SLOAD SWAP1 PUSH2 0x100 EXP SWAP1 DIV PUSH20 0xFFFFFFFFFFFFFFFFFFFFFFFFFFFFFFFFFFFFFFFF AND DUP2 JUMP JUMPDEST CALLER PUSH1 0x3 PUSH1 0x0 SWAP1 SLOAD SWAP1 PUSH2 0x100 EXP SWAP1 DIV PUSH20 0xFFFFFFFFFFFFFFFFFFFFFFFFFFFFFFFFFFFFFFFF AND PUSH20 0xFFFFFFFFFFFFFFFFFFFFFFFFFFFFFFFFFFFFFFFF AND DUP2 PUSH20 0xFFFFFFFFFFFFFFFFFFFFFFFFFFFFFFFFFFFFFFFF AND EQ ISZERO ISZERO PUSH2 0xA0B JUMPI PUSH1 0x0 DUP1 REVERT JUMPDEST PUSH1 0x0 DUP1 PUSH1 0x3 PUSH1 0x0 SWAP1 SLOAD SWAP1 PUSH2 0x100 EXP SWAP1 DIV PUSH20 0xFFFFFFFFFFFFFFFFFFFFFFFFFFFFFFFFFFFFFFFF AND PUSH20 0xFFFFFFFFFFFFFFFFFFFFFFFFFFFFFFFFFFFFFFFF AND PUSH20 0xFFFFFFFFFFFFFFFFFFFFFFFFFFFFFFFFFFFFFFFF AND DUP2 MSTORE PUSH1 0x20 ADD SWAP1 DUP2 MSTORE PUSH1 0x20 ADD PUSH1 0x0 KECCAK256 SLOAD DUP3 PUSH1 0x0 DUP1 PUSH1 0x3 PUSH1 0x0 SWAP1 SLOAD SWAP1 PUSH2 0x100 EXP SWAP1 DIV PUSH20 0xFFFFFFFFFFFFFFFFFFFFFFFFFFFFFFFFFFFFFFFF AND PUSH20 0xFFFFFFFFFFFFFFFFFFFFFFFFFFFFFFFFFFFFFFFF AND PUSH20 0xFFFFFFFFFFFFFFFFFFFFFFFFFFFFFFFFFFFFFFFF AND DUP2 MSTORE PUSH1 0x20 ADD SWAP1 DUP2 MSTORE PUSH1 0x20 ADD PUSH1 0x0 KECCAK256 SLOAD ADD LT ISZERO PUSH2 0xADA JUMPI PUSH1 0x0 DUP1 REVERT JUMPDEST DUP2 PUSH1 0x0 DUP1 PUSH1 0x3 PUSH1 0x0 SWAP1 SLOAD SWAP1 PUSH2 0x100 EXP SWAP1 DIV PUSH20 0xFFFFFFFFFFFFFFFFFFFFFFFFFFFFFFFFFFFFFFFF AND PUSH20 0xFFFFFFFFFFFFFFFFFFFFFFFFFFFFFFFFFFFFFFFF AND PUSH20 0xFFFFFFFFFFFFFFFFFFFFFFFFFFFFFFFFFFFFFFFF AND DUP2 MSTORE PUSH1 0x20 ADD SWAP1 DUP2 MSTORE PUSH1 0x20 ADD PUSH1 0x0 KECCAK256 PUSH1 0x0 DUP3 DUP3 SLOAD ADD SWAP3 POP POP DUP2 SWAP1 SSTORE POP DUP2 PUSH1 0x2 PUSH1 0x0 DUP3 DUP3 SLOAD ADD SWAP3 POP POP DUP2 SWAP1 SSTORE POP PUSH1 0x3 PUSH1 0x0 SWAP1 SLOAD SWAP1 PUSH2 0x100 EXP SWAP1 DIV PUSH20 0xFFFFFFFFFFFFFFFFFFFFFFFFFFFFFFFFFFFFFFFF AND PUSH20 0xFFFFFFFFFFFFFFFFFFFFFFFFFFFFFFFFFFFFFFFF AND PUSH32 0x4C209B5FC8AD50758F13E2E1088BA56A560DFF690A1C6FEF26394F4C03821C4F DUP4 PUSH1 0x2 SLOAD PUSH1 0x40 MLOAD DUP1 DUP4 DUP2 MSTORE PUSH1 0x20 ADD DUP3 DUP2 MSTORE PUSH1 0x20 ADD SWAP3 POP POP POP PUSH1 0x40 MLOAD DUP1 SWAP2 SUB SWAP1 LOG2 POP POP JUMP JUMPDEST CALLER PUSH1 0x3 PUSH1 0x0 SWAP1 SLOAD SWAP1 PUSH2 0x100 EXP SWAP1 DIV PUSH20 0xFFFFFFFFFFFFFFFFFFFFFFFFFFFFFFFFFFFFFFFF AND PUSH20 0xFFFFFFFFFFFFFFFFFFFFFFFFFFFFFFFFFFFFFFFF AND DUP2 PUSH20 0xFFFFFFFFFFFFFFFFFFFFFFFFFFFFFFFFFFFFFFFF AND EQ ISZERO ISZERO PUSH2 0xC33 JUMPI PUSH1 0x0 DUP1 REVERT JUMPDEST DUP2 PUSH1 0x3 PUSH1 0x0 PUSH2 0x100 EXP DUP2 SLOAD DUP2 PUSH20 0xFFFFFFFFFFFFFFFFFFFFFFFFFFFFFFFFFFFFFFFF MUL NOT AND SWAP1 DUP4 PUSH20 0xFFFFFFFFFFFFFFFFFFFFFFFFFFFFFFFFFFFFFFFF AND MUL OR SWAP1 SSTORE POP PUSH1 0x3 PUSH1 0x0 SWAP1 SLOAD SWAP1 PUSH2 0x100 EXP SWAP1 DIV PUSH20 0xFFFFFFFFFFFFFFFFFFFFFFFFFFFFFFFFFFFFFFFF AND PUSH20 0xFFFFFFFFFFFFFFFFFFFFFFFFFFFFFFFFFFFFFFFF AND CALLER PUSH20 0xFFFFFFFFFFFFFFFFFFFFFFFFFFFFFFFFFFFFFFFF AND PUSH32 0x9AECF86140D81442289F667EB72E1202A8FBB3478A686659952E145E85319656 PUSH1 0x40 MLOAD PUSH1 0x40 MLOAD DUP1 SWAP2 SUB SWAP1 LOG3 POP POP JUMP JUMPDEST PUSH1 0x0 DUP2 PUSH1 0x0 DUP1 CALLER PUSH20 0xFFFFFFFFFFFFFFFFFFFFFFFFFFFFFFFFFFFFFFFF AND PUSH20 0xFFFFFFFFFFFFFFFFFFFFFFFFFFFFFFFFFFFFFFFF AND DUP2 MSTORE PUSH1 0x20 ADD SWAP1 DUP2 MSTORE PUSH1 0x20 ADD PUSH1 0x0 KECCAK256 SLOAD LT ISZERO DUP1 ISZERO PUSH2 0xDC1 JUMPI POP PUSH1 0x0 DUP1 DUP5 PUSH20 0xFFFFFFFFFFFFFFFFFFFFFFFFFFFFFFFFFFFFFFFF AND PUSH20 0xFFFFFFFFFFFFFFFFFFFFFFFFFFFFFFFFFFFFFFFF AND DUP2 MSTORE PUSH1 0x20 ADD SWAP1 DUP2 MSTORE PUSH1 0x20 ADD PUSH1 0x0 KECCAK256 SLOAD DUP3 PUSH1 0x0 DUP1 DUP7 PUSH20 0xFFFFFFFFFFFFFFFFFFFFFFFFFFFFFFFFFFFFFFFF AND PUSH20 0xFFFFFFFFFFFFFFFFFFFFFFFFFFFFFFFFFFFFFFFF AND DUP2 MSTORE PUSH1 0x20 ADD SWAP1 DUP2 MSTORE PUSH1 0x20 ADD PUSH1 0x0 KECCAK256 SLOAD ADD GT JUMPDEST ISZERO PUSH2 0xECC JUMPI DUP2 PUSH1 0x0 DUP1 CALLER PUSH20 0xFFFFFFFFFFFFFFFFFFFFFFFFFFFFFFFFFFFFFFFF AND PUSH20 0xFFFFFFFFFFFFFFFFFFFFFFFFFFFFFFFFFFFFFFFF AND DUP2 MSTORE PUSH1 0x20 ADD SWAP1 DUP2 MSTORE PUSH1 0x20 ADD PUSH1 0x0 KECCAK256 PUSH1 0x0 DUP3 DUP3 SLOAD SUB SWAP3 POP POP DUP2 SWAP1 SSTORE POP DUP2 PUSH1 0x0 DUP1 DUP6 PUSH20 0xFFFFFFFFFFFFFFFFFFFFFFFFFFFFFFFFFFFFFFFF AND PUSH20 0xFFFFFFFFFFFFFFFFFFFFFFFFFFFFFFFFFFFFFFFF AND DUP2 MSTORE PUSH1 0x20 ADD SWAP1 DUP2 MSTORE PUSH1 0x20 ADD PUSH1 0x0 KECCAK256 PUSH1 0x0 DUP3 DUP3 SLOAD ADD SWAP3 POP POP DUP2 SWAP1 SSTORE POP DUP3 PUSH20 0xFFFFFFFFFFFFFFFFFFFFFFFFFFFFFFFFFFFFFFFF AND CALLER PUSH20 0xFFFFFFFFFFFFFFFFFFFFFFFFFFFFFFFFFFFFFFFF AND PUSH32 0xDDF252AD1BE2C89B69C2B068FC378DAA952BA7F163C4A11628F55A4DF523B3EF DUP5 PUSH1 0x40 MLOAD DUP1 DUP3 DUP2 MSTORE PUSH1 0x20 ADD SWAP2 POP POP PUSH1 0x40 MLOAD DUP1 SWAP2 SUB SWAP1 LOG3 PUSH1 0x1 SWAP1 POP PUSH2 0xED1 JUMP JUMPDEST PUSH1 0x0 SWAP1 POP JUMPDEST SWAP3 SWAP2 POP POP JUMP JUMPDEST PUSH1 0x0 PUSH1 0x1 PUSH1 0x0 DUP5 PUSH20 0xFFFFFFFFFFFFFFFFFFFFFFFFFFFFFFFFFFFFFFFF AND PUSH20 0xFFFFFFFFFFFFFFFFFFFFFFFFFFFFFFFFFFFFFFFF AND DUP2 MSTORE PUSH1 0x20 ADD SWAP1 DUP2 MSTORE PUSH1 0x20 ADD PUSH1 0x0 KECCAK256 PUSH1 0x0 DUP4 PUSH20 0xFFFFFFFFFFFFFFFFFFFFFFFFFFFFFFFFFFFFFFFF AND PUSH20 0xFFFFFFFFFFFFFFFFFFFFFFFFFFFFFFFFFFFFFFFF AND DUP2 MSTORE PUSH1 0x20 ADD SWAP1 DUP2 MSTORE PUSH1 0x20 ADD PUSH1 0x0 KECCAK256 SLOAD SWAP1 POP SWAP3 SWAP2 POP POP JUMP STOP LOG1 PUSH6 0x627A7A723058 KECCAK256 RETURN 0xbf PUSH9 0xCD747D82060004DDED MULMOD 0x23 0xc5 ADD XOR 0xc9 SGT 0xe8 0xc9 0x4f KECCAK256 DUP4 STOP GT STOP 0xa8 ISZERO 0x26 DUP11 SWAP15 STOP 0x29
1,PUSH1 0x60 PUSH1 0x40 MSTORE CALLVALUE ISZERO PUSH2 0xF JUMPI PUSH1 0x0 DUP1 REVERT JUMPDEST PUSH1 0x40 MLOAD PUSH3 0x10F6 CODESIZE SUB DUP1 PUSH3 0x10F6 DUP4 CODECOPY DUP2 ADD PUSH1 0x40 MSTORE DUP1 DUP1 MLOAD SWAP1 PUSH1 0x20 ADD SWAP1 SWAP2 SWAP1 DUP1 MLOAD DUP3 ADD SWAP2 SWAP1 PUSH1 0x20 ADD DUP1 MLOAD SWAP1 PUSH1 0x20 ADD SWAP1 SWAP2 SWAP1 DUP1 MLOAD DUP3 ADD SWAP2 SWAP1 POP POP DUP4 PUSH1 0x4 PUSH1 0x0 CALLER PUSH20 0xFFFFFFFFFFFFFFFFFFFFFFFFFFFFFFFFFFFFFFFF AND PUSH20 0xFFFFFFFFFFFFFFFFFFFFFFFFFFFFFFFFFFFFFFFF AND DUP2 MSTORE PUSH1 0x20 ADD SWAP1 DUP2 MSTORE PUSH1 0x20 ADD PUSH1 0x0 KECCAK256 DUP2 SWAP1 SSTORE POP DUP4 PUSH1 0x3 DUP2 SWAP1 SSTORE POP DUP3 PUSH1 0x0 SWAP1 DUP1 MLOAD SWAP1 PUSH1 0x20 ADD SWAP1 PUSH2 0xA9 SWAP3 SWAP2 SWAP1 PUSH2 0xE5 JUMP JUMPDEST POP DUP1 PUSH1 0x1 SWAP1 DUP1 MLOAD SWAP1 PUSH1 0x20 ADD SWAP1 PUSH2 0xC0 SWAP3 SWAP2 SWAP1 PUSH2 0xE5 JUMP JUMPDEST POP DUP2 PUSH1 0x2 PUSH1 0x0 PUSH2 0x100 EXP DUP2 SLOAD DUP2 PUSH1 0xFF MUL NOT AND SWAP1 DUP4 PUSH1 0xFF AND MUL OR SWAP1 SSTORE POP POP POP POP POP PUSH2 0x18A JUMP JUMPDEST DUP3 DUP1 SLOAD PUSH1 0x1 DUP2 PUSH1 0x1 AND ISZERO PUSH2 0x100 MUL SUB AND PUSH1 0x2 SWAP1 DIV SWAP1 PUSH1 0x0 MSTORE PUSH1 0x20 PUSH1 0x0 KECCAK256 SWAP1 PUSH1 0x1F ADD PUSH1 0x20 SWAP1 DIV DUP2 ADD SWAP3 DUP3 PUSH1 0x1F LT PUSH2 0x126 JUMPI DUP1 MLOAD PUSH1 0xFF NOT AND DUP4 DUP1 ADD OR DUP6 SSTORE PUSH2 0x154 JUMP JUMPDEST DUP3 DUP1 ADD PUSH1 0x1 ADD DUP6 SSTORE DUP3 ISZERO PUSH2 0x154 JUMPI SWAP2 DUP3 ADD JUMPDEST DUP3 DUP2 GT ISZERO PUSH2 0x153 JUMPI DUP3 MLOAD DUP3 SSTORE SWAP2 PUSH1 0x20 ADD SWAP2 SWAP1 PUSH1 0x1 ADD SWAP1 PUSH2 0x138 JUMP JUMPDEST JUMPDEST POP SWAP1 POP PUSH2 0x161 SWAP2 SWAP1 PUSH2 0x165 JUMP JUMPDEST POP SWAP1 JUMP JUMPDEST PUSH2 0x187 SWAP2 SWAP1 JUMPDEST DUP1 DUP3 GT ISZERO PUSH2 0x183 JUMPI PUSH1 0x0 DUP2 PUSH1 0x0 SWAP1 SSTORE POP PUSH1 0x1 ADD PUSH2 0x16B JUMP JUMPDEST POP SWAP1 JUMP JUMPDEST SWAP1 JUMP JUMPDEST PUSH2 0xF5C DUP1 PUSH3 0x19A PUSH1 0x0 CODECOPY PUSH1 0x0 RETURN STOP PUSH1 0x60 PUSH1 0x40 MSTORE PUSH1 0x4 CALLDATASIZE LT PUSH2 0xBA JUMPI PUSH1 0x0 CALLDATALOAD PUSH29 0x100000000000000000000000000000000000000000000000000000000 SWAP1 DIV PUSH4 0xFFFFFFFF AND DUP1 PUSH4 0x6FDDE03 EQ PUSH2 0xBF JUMPI DUP1 PUSH4 0x95EA7B3 EQ PUSH2 0x14D JUMPI DUP1 PUSH4 0x18160DDD EQ PUSH2 0x1A7 JUMPI DUP1 PUSH4 0x23B872DD EQ PUSH2 0x1D0 JUMPI DUP1 PUSH4 0x313CE567 EQ PUSH2 0x249 JUMPI DUP1 PUSH4 0x42966C68 EQ PUSH2 0x278 JUMPI DUP1 PUSH4 0x70A08231 EQ PUSH2 0x2B3 JUMPI DUP1 PUSH4 0x79CC6790 EQ PUSH2 0x300 JUMPI DUP1 PUSH4 0x95D89B41 EQ PUSH2 0x35A JUMPI DUP1 PUSH4 0xA9059CBB EQ PUSH2 0x3E8 JUMPI DUP1 PUSH4 0xCAE9CA51 EQ PUSH2 0x42A JUMPI DUP1 PUSH4 0xDD62ED3E EQ PUSH2 0x4C7 JUMPI JUMPDEST PUSH1 0x0 DUP1 REVERT JUMPDEST CALLVALUE ISZERO PUSH2 0xCA JUMPI PUSH1 0x0 DUP1 REVERT JUMPDEST PUSH2 0xD2 PUSH2 0x533 JUMP JUMPDEST PUSH1 0x40 MLOAD DUP1 DUP1 PUSH1 0x20 ADD DUP3 DUP2 SUB DUP3 MSTORE DUP4 DUP2 DUP2 MLOAD DUP2 MSTORE PUSH1 0x20 ADD SWAP2 POP DUP1 MLOAD SWAP1 PUSH1 0x20 ADD SWAP1 DUP1 DUP4 DUP4 PUSH1 0x0 JUMPDEST DUP4 DUP2 LT ISZERO PUSH2 0x112 JUMPI DUP1 DUP3 ADD MLOAD DUP2 DUP5 ADD MSTORE PUSH1 0x20 DUP2 ADD SWAP1 POP PUSH2 0xF7 JUMP JUMPDEST POP POP POP POP SWAP1 POP SWAP1 DUP2 ADD SWAP1 PUSH1 0x1F AND DUP1 ISZERO PUSH2 0x13F JUMPI DUP1 DUP3 SUB DUP1 MLOAD PUSH1 0x1 DUP4 PUSH1 0x20 SUB PUSH2 0x100 EXP SUB NOT AND DUP2 MSTORE PUSH1 0x20 ADD SWAP2 POP JUMPDEST POP SWAP3 POP POP POP PUSH1 0x40 MLOAD DUP1 SWAP2 SUB SWAP1 RETURN JUMPDEST CALLVALUE ISZERO PUSH2 0x158 JUMPI PUSH1 0x0 DUP1 REVERT JUMPDEST PUSH2 0x18D PUSH1 0x4 DUP1 DUP1 CALLDATALOAD PUSH20 0xFFFFFFFFFFFFFFFFFFFFFFFFFFFFFFFFFFFFFFFF AND SWAP1 PUSH1 0x20 ADD SWAP1 SWAP2 SWAP1 DUP1 CALLDATALOAD SWAP1 PUSH1 0x20 ADD SWAP1 SWAP2 SWAP1 POP POP PUSH2 0x5D1 JUMP JUMPDEST PUSH1 0x40 MLOAD DUP1 DUP3 ISZERO ISZERO ISZERO ISZERO DUP2 MSTORE PUSH1 0x20 ADD SWAP2 POP POP PUSH1 0x40 MLOAD DUP1 SWAP2 SUB SWAP1 RETURN JUMPDEST CALLVALUE ISZERO PUSH2 0x1B2 JUMPI PUSH1 0x0 DUP1 REVERT JUMPDEST PUSH2 0x1BA PUSH2 0x65E JUMP JUMPDEST PUSH1 0x40 MLOAD DUP1 DUP3 DUP2 MSTORE PUSH1 0x20 ADD SWAP2 POP POP PUSH1 0x40 MLOAD DUP1 SWAP2 SUB SWAP1 RETURN JUMPDEST CALLVALUE ISZERO PUSH2 0x1DB JUMPI PUSH1 0x0 DUP1 REVERT JUMPDEST PUSH2 0x22F PUSH1 0x4 DUP1 DUP1 CALLDATALOAD PUSH20 0xFFFFFFFFFFFFFFFFFFFFFFFFFFFFFFFFFFFFFFFF AND SWAP1 PUSH1 0x20 ADD SWAP1 SWAP2 SWAP1 DUP1 CALLDATALOAD PUSH20 0xFFFFFFFFFFFFFFFFFFFFFFFFFFFFFFFFFFFFFFFF AND SWAP1 PUSH1 0x20 ADD SWAP1 SWAP2 SWAP1 DUP1 CALLDATALOAD SWAP1 PUSH1 0x20 ADD SWAP1 SWAP2 SWAP1 POP POP PUSH2 0x664 JUMP JUMPDEST PUSH1 0x40 MLOAD DUP1 DUP3 ISZERO ISZERO ISZERO ISZERO DUP2 MSTORE PUSH1 0x20 ADD SWAP2 POP POP PUSH1 0x40 MLOAD DUP1 SWAP2 SUB SWAP1 RETURN JUMPDEST CALLVALUE ISZERO PUSH2 0x254 JUMPI PUSH1 0x0 DUP1 REVERT JUMPDEST PUSH2 0x25C PUSH2 0x791 JUMP JUMPDEST PUSH1 0x40 MLOAD DUP1 DUP3 PUSH1 0xFF AND PUSH1 0xFF AND DUP2 MSTORE PUSH1 0x20 ADD SWAP2 POP POP PUSH1 0x40 MLOAD DUP1 SWAP2 SUB SWAP1 RETURN JUMPDEST CALLVALUE ISZERO PUSH2 0x283 JUMPI PUSH1 0x0 DUP1 REVERT JUMPDEST PUSH2 0x299 PUSH1 0x4 DUP1 DUP1 CALLDATALOAD SWAP1 PUSH1 0x20 ADD SWAP1 SWAP2 SWAP1 POP POP PUSH2 0x7A4 JUMP JUMPDEST PUSH1 0x40 MLOAD DUP1 DUP3 ISZERO ISZERO ISZERO ISZERO DUP2 MSTORE PUSH1 0x20 ADD SWAP2 POP POP PUSH1 0x40 MLOAD DUP1 SWAP2 SUB SWAP1 RETURN JUMPDEST CALLVALUE ISZERO PUSH2 0x2BE JUMPI PUSH1 0x0 DUP1 REVERT JUMPDEST PUSH2 0x2EA PUSH1 0x4 DUP1 DUP1 CALLDATALOAD PUSH20 0xFFFFFFFFFFFFFFFFFFFFFFFFFFFFFFFFFFFFFFFF AND SWAP1 PUSH1 0x20 ADD SWAP1 SWAP2 SWAP1 POP POP PUSH2 0x8A8 JUMP JUMPDEST PUSH1 0x40 MLOAD DUP1 DUP3 DUP2 MSTORE PUSH1 0x20 ADD SWAP2 POP POP PUSH1 0x40 MLOAD DUP1 SWAP2 SUB SWAP1 RETURN JUMPDEST CALLVALUE ISZERO PUSH2 0x30B JUMPI PUSH1 0x0 DUP1 REVERT JUMPDEST PUSH2 0x340 PUSH1 0x4 DUP1 DUP1 CALLDATALOAD PUSH20 0xFFFFFFFFFFFFFFFFFFFFFFFFFFFFFFFFFFFFFFFF AND SWAP1 PUSH1 0x20 ADD SWAP1 SWAP2 SWAP1 DUP1 CALLDATALOAD SWAP1 PUSH1 0x20 ADD SWAP1 SWAP2 SWAP1 POP POP PUSH2 0x8C0 JUMP JUMPDEST PUSH1 0x40 MLOAD DUP1 DUP3 ISZERO ISZERO ISZERO ISZERO DUP2 MSTORE PUSH1 0x20 ADD SWAP2 POP POP PUSH1 0x40 MLOAD DUP1 SWAP2 SUB SWAP1 RETURN JUMPDEST CALLVALUE ISZERO PUSH2 0x365 JUMPI PUSH1 0x0 DUP1 REVERT JUMPDEST PUSH2 0x36D PUSH2 0xADA JUMP JUMPDEST PUSH1 0x40 MLOAD DUP1 DUP1 PUSH1 0x20 ADD DUP3 DUP2 SUB DUP3 MSTORE DUP4 DUP2 DUP2 MLOAD DUP2 MSTORE PUSH1 0x20 ADD SWAP2 POP DUP1 MLOAD SWAP1 PUSH1 0x20 ADD SWAP1 DUP1 DUP4 DUP4 PUSH1 0x0 JUMPDEST DUP4 DUP2 LT ISZERO PUSH2 0x3AD JUMPI DUP1 DUP3 ADD MLOAD DUP2 DUP5 ADD MSTORE PUSH1 0x20 DUP2 ADD SWAP1 POP PUSH2 0x392 JUMP JUMPDEST POP POP POP POP SWAP1 POP SWAP1 DUP2 ADD SWAP1 PUSH1 0x1F AND DUP1 ISZERO PUSH2 0x3DA JUMPI DUP1 DUP3 SUB DUP1 MLOAD PUSH1 0x1 DUP4 PUSH1 0x20 SUB PUSH2 0x100 EXP SUB NOT AND DUP2 MSTORE PUSH1 0x20 ADD SWAP2 POP JUMPDEST POP SWAP3 POP POP POP PUSH1 0x40 MLOAD DUP1 SWAP2 SUB SWAP1 RETURN JUMPDEST CALLVALUE ISZERO PUSH2 0x3F3 JUMPI PUSH1 0x0 DUP1 REVERT JUMPDEST PUSH2 0x428 PUSH1 0x4 DUP1 DUP1 CALLDATALOAD PUSH20 0xFFFFFFFFFFFFFFFFFFFFFFFFFFFFFFFFFFFFFFFF AND SWAP1 PUSH1 0x20 ADD SWAP1 SWAP2 SWAP1 DUP1 CALLDATALOAD SWAP1 PUSH1 0x20 ADD SWAP1 SWAP2 SWAP1 POP POP PUSH2 0xB78 JUMP JUMPDEST STOP JUMPDEST CALLVALUE ISZERO PUSH2 0x435 JUMPI PUSH1 0x0 DUP1 REVERT JUMPDEST PUSH2 0x4AD PUSH1 0x4 DUP1 DUP1 CALLDATALOAD PUSH20 0xFFFFFFFFFFFFFFFFFFFFFFFFFFFFFFFFFFFFFFFF AND SWAP1 PUSH1 0x20 ADD SWAP1 SWAP2 SWAP1 DUP1 CALLDATALOAD SWAP1 PUSH1 0x20 ADD SWAP1 SWAP2 SWAP1 DUP1 CALLDATALOAD SWAP1 PUSH1 0x20 ADD SWAP1 DUP3 ADD DUP1 CALLDATALOAD SWAP1 PUSH1 0x20 ADD SWAP1 DUP1 DUP1 PUSH1 0x1F ADD PUSH1 0x20 DUP1 SWAP2 DIV MUL PUSH1 0x20 ADD PUSH1 0x40 MLOAD SWAP1 DUP2 ADD PUSH1 0x40 MSTORE DUP1 SWAP4 SWAP3 SWAP2 SWAP1 DUP2 DUP2 MSTORE PUSH1 0x20 ADD DUP4 DUP4 DUP1 DUP3 DUP5 CALLDATACOPY DUP3 ADD SWAP2 POP POP POP POP POP POP SWAP2 SWAP1 POP POP PUSH2 0xB87 JUMP JUMPDEST PUSH1 0x40 MLOAD DUP1 DUP3 ISZERO ISZERO ISZERO ISZERO DUP2 MSTORE PUSH1 0x20 ADD SWAP2 POP POP PUSH1 0x40 MLOAD DUP1 SWAP2 SUB SWAP1 RETURN JUMPDEST CALLVALUE ISZERO PUSH2 0x4D2 JUMPI PUSH1 0x0 DUP1 REVERT JUMPDEST PUSH2 0x51D PUSH1 0x4 DUP1 DUP1 CALLDATALOAD PUSH20 0xFFFFFFFFFFFFFFFFFFFFFFFFFFFFFFFFFFFFFFFF AND SWAP1 PUSH1 0x20 ADD SWAP1 SWAP2 SWAP1 DUP1 CALLDATALOAD PUSH20 0xFFFFFFFFFFFFFFFFFFFFFFFFFFFFFFFFFFFFFFFF AND SWAP1 PUSH1 0x20 ADD SWAP1 SWAP2 SWAP1 POP POP PUSH2 0xD05 JUMP JUMPDEST PUSH1 0x40 MLOAD DUP1 DUP3 DUP2 MSTORE PUSH1 0x20 ADD SWAP2 POP POP PUSH1 0x40 MLOAD DUP1 SWAP2 SUB SWAP1 RETURN JUMPDEST PUSH1 0x0 DUP1 SLOAD PUSH1 0x1 DUP2 PUSH1 0x1 AND ISZERO PUSH2 0x100 MUL SUB AND PUSH1 0x2 SWAP1 DIV DUP1 PUSH1 0x1F ADD PUSH1 0x20 DUP1 SWAP2 DIV MUL PUSH1 0x20 ADD PUSH1 0x40 MLOAD SWAP1 DUP2 ADD PUSH1 0x40 MSTORE DUP1 SWAP3 SWAP2 SWAP1 DUP2 DUP2 MSTORE PUSH1 0x20 ADD DUP3 DUP1 SLOAD PUSH1 0x1 DUP2 PUSH1 0x1 AND ISZERO PUSH2 0x100 MUL SUB AND PUSH1 0x2 SWAP1 DIV DUP1 ISZERO PUSH2 0x5C9 JUMPI DUP1 PUSH1 0x1F LT PUSH2 0x59E JUMPI PUSH2 0x100 DUP1 DUP4 SLOAD DIV MUL DUP4 MSTORE SWAP2 PUSH1 0x20 ADD SWAP2 PUSH2 0x5C9 JUMP JUMPDEST DUP3 ADD SWAP2 SWAP1 PUSH1 0x0 MSTORE PUSH1 0x20 PUSH1 0x0 KECCAK256 SWAP1 JUMPDEST DUP2 SLOAD DUP2 MSTORE SWAP1 PUSH1 0x1 ADD SWAP1 PUSH1 0x20 ADD DUP1 DUP4 GT PUSH2 0x5AC JUMPI DUP3 SWAP1 SUB PUSH1 0x1F AND DUP3 ADD SWAP2 JUMPDEST POP POP POP POP POP DUP2 JUMP JUMPDEST PUSH1 0x0 DUP2 PUSH1 0x5 PUSH1 0x0 CALLER PUSH20 0xFFFFFFFFFFFFFFFFFFFFFFFFFFFFFFFFFFFFFFFF AND PUSH20 0xFFFFFFFFFFFFFFFFFFFFFFFFFFFFFFFFFFFFFFFF AND DUP2 MSTORE PUSH1 0x20 ADD SWAP1 DUP2 MSTORE PUSH1 0x20 ADD PUSH1 0x0 KECCAK256 PUSH1 0x0 DUP6 PUSH20 0xFFFFFFFFFFFFFFFFFFFFFFFFFFFFFFFFFFFFFFFF AND PUSH20 0xFFFFFFFFFFFFFFFFFFFFFFFFFFFFFFFFFFFFFFFF AND DUP2 MSTORE PUSH1 0x20 ADD SWAP1 DUP2 MSTORE PUSH1 0x20 ADD PUSH1 0x0 KECCAK256 DUP2 SWAP1 SSTORE POP PUSH1 0x1 SWAP1 POP SWAP3 SWAP2 POP POP JUMP JUMPDEST PUSH1 0x3 SLOAD DUP2 JUMP JUMPDEST PUSH1 0x0 PUSH1 0x5 PUSH1 0x0 DUP6 PUSH20 0xFFFFFFFFFFFFFFFFFFFFFFFFFFFFFFFFFFFFFFFF AND PUSH20 0xFFFFFFFFFFFFFFFFFFFFFFFFFFFFFFFFFFFFFFFF AND DUP2 MSTORE PUSH1 0x20 ADD SWAP1 DUP2 MSTORE PUSH1 0x20 ADD PUSH1 0x0 KECCAK256 PUSH1 0x0 CALLER PUSH20 0xFFFFFFFFFFFFFFFFFFFFFFFFFFFFFFFFFFFFFFFF AND PUSH20 0xFFFFFFFFFFFFFFFFFFFFFFFFFFFFFFFFFFFFFFFF AND DUP2 MSTORE PUSH1 0x20 ADD SWAP1 DUP2 MSTORE PUSH1 0x20 ADD PUSH1 0x0 KECCAK256 SLOAD DUP3 GT ISZERO ISZERO ISZERO PUSH2 0x6F1 JUMPI PUSH1 0x0 DUP1 REVERT JUMPDEST DUP2 PUSH1 0x5 PUSH1 0x0 DUP7 PUSH20 0xFFFFFFFFFFFFFFFFFFFFFFFFFFFFFFFFFFFFFFFF AND PUSH20 0xFFFFFFFFFFFFFFFFFFFFFFFFFFFFFFFFFFFFFFFF AND DUP2 MSTORE PUSH1 0x20 ADD SWAP1 DUP2 MSTORE PUSH1 0x20 ADD PUSH1 0x0 KECCAK256 PUSH1 0x0 CALLER PUSH20 0xFFFFFFFFFFFFFFFFFFFFFFFFFFFFFFFFFFFFFFFF AND PUSH20 0xFFFFFFFFFFFFFFFFFFFFFFFFFFFFFFFFFFFFFFFF AND DUP2 MSTORE PUSH1 0x20 ADD SWAP1 DUP2 MSTORE PUSH1 0x20 ADD PUSH1 0x0 KECCAK256 PUSH1 0x0 DUP3 DUP3 SLOAD SUB SWAP3 POP POP DUP2 SWAP1 SSTORE POP PUSH2 0x786 DUP5 DUP5 DUP5 PUSH2 0xD2A JUMP JUMPDEST PUSH1 0x1 SWAP1 POP SWAP4 SWAP3 POP POP POP JUMP JUMPDEST PUSH1 0x2 PUSH1 0x0 SWAP1 SLOAD SWAP1 PUSH2 0x100 EXP SWAP1 DIV PUSH1 0xFF AND DUP2 JUMP JUMPDEST PUSH1 0x0 DUP2 PUSH1 0x4 PUSH1 0x0 CALLER PUSH20 0xFFFFFFFFFFFFFFFFFFFFFFFFFFFFFFFFFFFFFFFF AND PUSH20 0xFFFFFFFFFFFFFFFFFFFFFFFFFFFFFFFFFFFFFFFF AND DUP2 MSTORE PUSH1 0x20 ADD SWAP1 DUP2 MSTORE PUSH1 0x20 ADD PUSH1 0x0 KECCAK256 SLOAD LT ISZERO ISZERO ISZERO PUSH2 0x7F4 JUMPI PUSH1 0x0 DUP1 REVERT JUMPDEST DUP2 PUSH1 0x4 PUSH1 0x0 CALLER PUSH20 0xFFFFFFFFFFFFFFFFFFFFFFFFFFFFFFFFFFFFFFFF AND PUSH20 0xFFFFFFFFFFFFFFFFFFFFFFFFFFFFFFFFFFFFFFFF AND DUP2 MSTORE PUSH1 0x20 ADD SWAP1 DUP2 MSTORE PUSH1 0x20 ADD PUSH1 0x0 KECCAK256 PUSH1 0x0 DUP3 DUP3 SLOAD SUB SWAP3 POP POP DUP2 SWAP1 SSTORE POP DUP2 PUSH1 0x3 PUSH1 0x0 DUP3 DUP3 SLOAD SUB SWAP3 POP POP DUP2 SWAP1 SSTORE POP CALLER PUSH20 0xFFFFFFFFFFFFFFFFFFFFFFFFFFFFFFFFFFFFFFFF AND PUSH32 0xCC16F5DBB4873280815C1EE09DBD06736CFFCC184412CF7A71A0FDB75D397CA5 DUP4 PUSH1 0x40 MLOAD DUP1 DUP3 DUP2 MSTORE PUSH1 0x20 ADD SWAP2 POP POP PUSH1 0x40 MLOAD DUP1 SWAP2 SUB SWAP1 LOG2 PUSH1 0x1 SWAP1 POP SWAP2 SWAP1 POP JUMP JUMPDEST PUSH1 0x4 PUSH1 0x20 MSTORE DUP1 PUSH1 0x0 MSTORE PUSH1 0x40 PUSH1 0x0 KECCAK256 PUSH1 0x0 SWAP2 POP SWAP1 POP SLOAD DUP2 JUMP JUMPDEST PUSH1 0x0 DUP2 PUSH1 0x4 PUSH1 0x0 DUP6 PUSH20 0xFFFFFFFFFFFFFFFFFFFFFFFFFFFFFFFFFFFFFFFF AND PUSH20 0xFFFFFFFFFFFFFFFFFFFFFFFFFFFFFFFFFFFFFFFF AND DUP2 MSTORE PUSH1 0x20 ADD SWAP1 DUP2 MSTORE PUSH1 0x20 ADD PUSH1 0x0 KECCAK256 SLOAD LT ISZERO ISZERO ISZERO PUSH2 0x910 JUMPI PUSH1 0x0 DUP1 REVERT JUMPDEST PUSH1 0x5 PUSH1 0x0 DUP5 PUSH20 0xFFFFFFFFFFFFFFFFFFFFFFFFFFFFFFFFFFFFFFFF AND PUSH20 0xFFFFFFFFFFFFFFFFFFFFFFFFFFFFFFFFFFFFFFFF AND DUP2 MSTORE PUSH1 0x20 ADD SWAP1 DUP2 MSTORE PUSH1 0x20 ADD PUSH1 0x0 KECCAK256 PUSH1 0x0 CALLER PUSH20 0xFFFFFFFFFFFFFFFFFFFFFFFFFFFFFFFFFFFFFFFF AND PUSH20 0xFFFFFFFFFFFFFFFFFFFFFFFFFFFFFFFFFFFFFFFF AND DUP2 MSTORE PUSH1 0x20 ADD SWAP1 DUP2 MSTORE PUSH1 0x20 ADD PUSH1 0x0 KECCAK256 SLOAD DUP3 GT ISZERO ISZERO ISZERO PUSH2 0x99B JUMPI PUSH1 0x0 DUP1 REVERT JUMPDEST DUP2 PUSH1 0x4 PUSH1 0x0 DUP6 PUSH20 0xFFFFFFFFFFFFFFFFFFFFFFFFFFFFFFFFFFFFFFFF AND PUSH20 0xFFFFFFFFFFFFFFFFFFFFFFFFFFFFFFFFFFFFFFFF AND DUP2 MSTORE PUSH1 0x20 ADD SWAP1 DUP2 MSTORE PUSH1 0x20 ADD PUSH1 0x0 KECCAK256 PUSH1 0x0 DUP3 DUP3 SLOAD SUB SWAP3 POP POP DUP2 SWAP1 SSTORE POP DUP2 PUSH1 0x5 PUSH1 0x0 DUP6 PUSH20 0xFFFFFFFFFFFFFFFFFFFFFFFFFFFFFFFFFFFFFFFF AND PUSH20 0xFFFFFFFFFFFFFFFFFFFFFFFFFFFFFFFFFFFFFFFF AND DUP2 MSTORE PUSH1 0x20 ADD SWAP1 DUP2 MSTORE PUSH1 0x20 ADD PUSH1 0x0 KECCAK256 PUSH1 0x0 CALLER PUSH20 0xFFFFFFFFFFFFFFFFFFFFFFFFFFFFFFFFFFFFFFFF AND PUSH20 0xFFFFFFFFFFFFFFFFFFFFFFFFFFFFFFFFFFFFFFFF AND DUP2 MSTORE PUSH1 0x20 ADD SWAP1 DUP2 MSTORE PUSH1 0x20 ADD PUSH1 0x0 KECCAK256 PUSH1 0x0 DUP3 DUP3 SLOAD SUB SWAP3 POP POP DUP2 SWAP1 SSTORE POP DUP2 PUSH1 0x3 PUSH1 0x0 DUP3 DUP3 SLOAD SUB SWAP3 POP POP DUP2 SWAP1 SSTORE POP DUP3 PUSH20 0xFFFFFFFFFFFFFFFFFFFFFFFFFFFFFFFFFFFFFFFF AND PUSH32 0xCC16F5DBB4873280815C1EE09DBD06736CFFCC184412CF7A71A0FDB75D397CA5 DUP4 PUSH1 0x40 MLOAD DUP1 DUP3 DUP2 MSTORE PUSH1 0x20 ADD SWAP2 POP POP PUSH1 0x40 MLOAD DUP1 SWAP2 SUB SWAP1 LOG2 PUSH1 0x1 SWAP1 POP SWAP3 SWAP2 POP POP JUMP JUMPDEST PUSH1 0x1 DUP1 SLOAD PUSH1 0x1 DUP2 PUSH1 0x1 AND ISZERO PUSH2 0x100 MUL SUB AND PUSH1 0x2 SWAP1 DIV DUP1 PUSH1 0x1F ADD PUSH1 0x20 DUP1 SWAP2 DIV MUL PUSH1 0x20 ADD PUSH1 0x40 MLOAD SWAP1 DUP2 ADD PUSH1 0x40 MSTORE DUP1 SWAP3 SWAP2 SWAP1 DUP2 DUP2 MSTORE PUSH1 0x20 ADD DUP3 DUP1 SLOAD PUSH1 0x1 DUP2 PUSH1 0x1 AND ISZERO PUSH2 0x100 MUL SUB AND PUSH1 0x2 SWAP1 DIV DUP1 ISZERO PUSH2 0xB70 JUMPI DUP1 PUSH1 0x1F LT PUSH2 0xB45 JUMPI PUSH2 0x100 DUP1 DUP4 SLOAD DIV MUL DUP4 MSTORE SWAP2 PUSH1 0x20 ADD SWAP2 PUSH2 0xB70 JUMP JUMPDEST DUP3 ADD SWAP2 SWAP1 PUSH1 0x0 MSTORE PUSH1 0x20 PUSH1 0x0 KECCAK256 SWAP1 JUMPDEST DUP2 SLOAD DUP2 MSTORE SWAP1 PUSH1 0x1 ADD SWAP1 PUSH1 0x20 ADD DUP1 DUP4 GT PUSH2 0xB53 JUMPI DUP3 SWAP1 SUB PUSH1 0x1F AND DUP3 ADD SWAP2 JUMPDEST POP POP POP POP POP DUP2 JUMP JUMPDEST PUSH2 0xB83 CALLER DUP4 DUP4 PUSH2 0xD2A JUMP JUMPDEST POP POP JUMP JUMPDEST PUSH1 0x0 DUP1 DUP5 SWAP1 POP PUSH2 0xB97 DUP6 DUP6 PUSH2 0x5D1 JUMP JUMPDEST ISZERO PUSH2 0xCFC JUMPI DUP1 PUSH20 0xFFFFFFFFFFFFFFFFFFFFFFFFFFFFFFFFFFFFFFFF AND PUSH4 0x8F4FFCB1 CALLER DUP7 ADDRESS DUP8 PUSH1 0x40 MLOAD DUP6 PUSH4 0xFFFFFFFF AND PUSH29 0x100000000000000000000000000000000000000000000000000000000 MUL DUP2 MSTORE PUSH1 0x4 ADD DUP1 DUP6 PUSH20 0xFFFFFFFFFFFFFFFFFFFFFFFFFFFFFFFFFFFFFFFF AND PUSH20 0xFFFFFFFFFFFFFFFFFFFFFFFFFFFFFFFFFFFFFFFF AND DUP2 MSTORE PUSH1 0x20 ADD DUP5 DUP2 MSTORE PUSH1 0x20 ADD DUP4 PUSH20 0xFFFFFFFFFFFFFFFFFFFFFFFFFFFFFFFFFFFFFFFF AND PUSH20 0xFFFFFFFFFFFFFFFFFFFFFFFFFFFFFFFFFFFFFFFF AND DUP2 MSTORE PUSH1 0x20 ADD DUP1 PUSH1 0x20 ADD DUP3 DUP2 SUB DUP3 MSTORE DUP4 DUP2 DUP2 MLOAD DUP2 MSTORE PUSH1 0x20 ADD SWAP2 POP DUP1 MLOAD SWAP1 PUSH1 0x20 ADD SWAP1 DUP1 DUP4 DUP4 PUSH1 0x0 JUMPDEST DUP4 DUP2 LT ISZERO PUSH2 0xC91 JUMPI DUP1 DUP3 ADD MLOAD DUP2 DUP5 ADD MSTORE PUSH1 0x20 DUP2 ADD SWAP1 POP PUSH2 0xC76 JUMP JUMPDEST POP POP POP POP SWAP1 POP SWAP1 DUP2 ADD SWAP1 PUSH1 0x1F AND DUP1 ISZERO PUSH2 0xCBE JUMPI DUP1 DUP3 SUB DUP1 MLOAD PUSH1 0x1 DUP4 PUSH1 0x20 SUB PUSH2 0x100 EXP SUB NOT AND DUP2 MSTORE PUSH1 0x20 ADD SWAP2 POP JUMPDEST POP SWAP6 POP POP POP POP POP POP PUSH1 0x0 PUSH1 0x40 MLOAD DUP1 DUP4 SUB DUP2 PUSH1 0x0 DUP8 DUP1 EXTCODESIZE ISZERO ISZERO PUSH2 0xCDF JUMPI PUSH1 0x0 DUP1 REVERT JUMPDEST PUSH2 0x2C6 GAS SUB CALL ISZERO ISZERO PUSH2 0xCF0 JUMPI PUSH1 0x0 DUP1 REVERT JUMPDEST POP POP POP PUSH1 0x1 SWAP2 POP PUSH2 0xCFD JUMP JUMPDEST JUMPDEST POP SWAP4 SWAP3 POP POP POP JUMP JUMPDEST PUSH1 0x5 PUSH1 0x20 MSTORE DUP2 PUSH1 0x0 MSTORE PUSH1 0x40 PUSH1 0x0 KECCAK256 PUSH1 0x20 MSTORE DUP1 PUSH1 0x0 MSTORE PUSH1 0x40 PUSH1 0x0 KECCAK256 PUSH1 0x0 SWAP2 POP SWAP2 POP POP SLOAD DUP2 JUMP JUMPDEST PUSH1 0x0 DUP3 PUSH20 0xFFFFFFFFFFFFFFFFFFFFFFFFFFFFFFFFFFFFFFFF AND EQ ISZERO ISZERO ISZERO PUSH2 0xD50 JUMPI PUSH1 0x0 DUP1 REVERT JUMPDEST DUP1 PUSH1 0x4 PUSH1 0x0 DUP6 PUSH20 0xFFFFFFFFFFFFFFFFFFFFFFFFFFFFFFFFFFFFFFFF AND PUSH20 0xFFFFFFFFFFFFFFFFFFFFFFFFFFFFFFFFFFFFFFFF AND DUP2 MSTORE PUSH1 0x20 ADD SWAP1 DUP2 MSTORE PUSH1 0x20 ADD PUSH1 0x0 KECCAK256 SLOAD LT ISZERO ISZERO ISZERO PUSH2 0xD9E JUMPI PUSH1 0x0 DUP1 REVERT JUMPDEST PUSH1 0x4 PUSH1 0x0 DUP4 PUSH20 0xFFFFFFFFFFFFFFFFFFFFFFFFFFFFFFFFFFFFFFFF AND PUSH20 0xFFFFFFFFFFFFFFFFFFFFFFFFFFFFFFFFFFFFFFFF AND DUP2 MSTORE PUSH1 0x20 ADD SWAP1 DUP2 MSTORE PUSH1 0x20 ADD PUSH1 0x0 KECCAK256 SLOAD DUP2 PUSH1 0x4 PUSH1 0x0 DUP6 PUSH20 0xFFFFFFFFFFFFFFFFFFFFFFFFFFFFFFFFFFFFFFFF AND PUSH20 0xFFFFFFFFFFFFFFFFFFFFFFFFFFFFFFFFFFFFFFFF AND DUP2 MSTORE PUSH1 0x20 ADD SWAP1 DUP2 MSTORE PUSH1 0x20 ADD PUSH1 0x0 KECCAK256 SLOAD ADD GT ISZERO ISZERO PUSH2 0xE2C JUMPI PUSH1 0x0 DUP1 REVERT JUMPDEST DUP1 PUSH1 0x4 PUSH1 0x0 DUP6 PUSH20 0xFFFFFFFFFFFFFFFFFFFFFFFFFFFFFFFFFFFFFFFF AND PUSH20 0xFFFFFFFFFFFFFFFFFFFFFFFFFFFFFFFFFFFFFFFF AND DUP2 MSTORE PUSH1 0x20 ADD SWAP1 DUP2 MSTORE PUSH1 0x20 ADD PUSH1 0x0 KECCAK256 PUSH1 0x0 DUP3 DUP3 SLOAD SUB SWAP3 POP POP DUP2 SWAP1 SSTORE POP DUP1 PUSH1 0x4 PUSH1 0x0 DUP5 PUSH20 0xFFFFFFFFFFFFFFFFFFFFFFFFFFFFFFFFFFFFFFFF AND PUSH20 0xFFFFFFFFFFFFFFFFFFFFFFFFFFFFFFFFFFFFFFFF AND DUP2 MSTORE PUSH1 0x20 ADD SWAP1 DUP2 MSTORE PUSH1 0x20 ADD PUSH1 0x0 KECCAK256 PUSH1 0x0 DUP3 DUP3 SLOAD ADD SWAP3 POP POP DUP2 SWAP1 SSTORE POP DUP2 PUSH20 0xFFFFFFFFFFFFFFFFFFFFFFFFFFFFFFFFFFFFFFFF AND DUP4 PUSH20 0xFFFFFFFFFFFFFFFFFFFFFFFFFFFFFFFFFFFFFFFF AND PUSH32 0xDDF252AD1BE2C89B69C2B068FC378DAA952BA7F163C4A11628F55A4DF523B3EF DUP4 PUSH1 0x40 MLOAD DUP1 DUP3 DUP2 MSTORE PUSH1 0x20 ADD SWAP2 POP POP PUSH1 0x40 MLOAD DUP1 SWAP2 SUB SWAP1 LOG3 POP POP POP JUMP STOP LOG1 PUSH6 0x627A7A723058 KECCAK256 SELFDESTRUCT SLT 0xd8 0xd2 0x5d PUSH30 0x847D7E1875D3FD86356D1543AFDE5B419AE091A13464CAF4460200290000
1,PUSH1 0x60 PUSH1 0x40 MSTORE CALLVALUE ISZERO PUSH2 0xF JUMPI PUSH1 0x0 DUP1 REVERT JUMPDEST PUSH2 0x400 DUP1 PUSH2 0x1E PUSH1 0x0 CODECOPY PUSH1 0x0 RETURN STOP PUSH1 0x60 PUSH1 0x40 MSTORE PUSH1 0x4 CALLDATASIZE LT PUSH2 0x57 JUMPI PUSH1 0x0 CALLDATALOAD PUSH29 0x100000000000000000000000000000000000000000000000000000000 SWAP1 DIV PUSH4 0xFFFFFFFF AND DUP1 PUSH4 0x18160DDD EQ PUSH2 0x5C JUMPI DUP1 PUSH4 0x70A08231 EQ PUSH2 0x85 JUMPI DUP1 PUSH4 0xA9059CBB EQ PUSH2 0xD2 JUMPI JUMPDEST PUSH1 0x0 DUP1 REVERT JUMPDEST CALLVALUE ISZERO PUSH2 0x67 JUMPI PUSH1 0x0 DUP1 REVERT JUMPDEST PUSH2 0x6F PUSH2 0x12C JUMP JUMPDEST PUSH1 0x40 MLOAD DUP1 DUP3 DUP2 MSTORE PUSH1 0x20 ADD SWAP2 POP POP PUSH1 0x40 MLOAD DUP1 SWAP2 SUB SWAP1 RETURN JUMPDEST CALLVALUE ISZERO PUSH2 0x90 JUMPI PUSH1 0x0 DUP1 REVERT JUMPDEST PUSH2 0xBC PUSH1 0x4 DUP1 DUP1 CALLDATALOAD PUSH20 0xFFFFFFFFFFFFFFFFFFFFFFFFFFFFFFFFFFFFFFFF AND SWAP1 PUSH1 0x20 ADD SWAP1 SWAP2 SWAP1 POP POP PUSH2 0x136 JUMP JUMPDEST PUSH1 0x40 MLOAD DUP1 DUP3 DUP2 MSTORE PUSH1 0x20 ADD SWAP2 POP POP PUSH1 0x40 MLOAD DUP1 SWAP2 SUB SWAP1 RETURN JUMPDEST CALLVALUE ISZERO PUSH2 0xDD JUMPI PUSH1 0x0 DUP1 REVERT JUMPDEST PUSH2 0x112 PUSH1 0x4 DUP1 DUP1 CALLDATALOAD PUSH20 0xFFFFFFFFFFFFFFFFFFFFFFFFFFFFFFFFFFFFFFFF AND SWAP1 PUSH1 0x20 ADD SWAP1 SWAP2 SWAP1 DUP1 CALLDATALOAD SWAP1 PUSH1 0x20 ADD SWAP1 SWAP2 SWAP1 POP POP PUSH2 0x17E JUMP JUMPDEST PUSH1 0x40 MLOAD DUP1 DUP3 ISZERO ISZERO ISZERO ISZERO DUP2 MSTORE PUSH1 0x20 ADD SWAP2 POP POP PUSH1 0x40 MLOAD DUP1 SWAP2 SUB SWAP1 RETURN JUMPDEST PUSH1 0x0 PUSH1 0x1 SLOAD SWAP1 POP SWAP1 JUMP JUMPDEST PUSH1 0x0 DUP1 PUSH1 0x0 DUP4 PUSH20 0xFFFFFFFFFFFFFFFFFFFFFFFFFFFFFFFFFFFFFFFF AND PUSH20 0xFFFFFFFFFFFFFFFFFFFFFFFFFFFFFFFFFFFFFFFF AND DUP2 MSTORE PUSH1 0x20 ADD SWAP1 DUP2 MSTORE PUSH1 0x20 ADD PUSH1 0x0 KECCAK256 SLOAD SWAP1 POP SWAP2 SWAP1 POP JUMP JUMPDEST PUSH1 0x0 DUP1 PUSH20 0xFFFFFFFFFFFFFFFFFFFFFFFFFFFFFFFFFFFFFFFF AND DUP4 PUSH20 0xFFFFFFFFFFFFFFFFFFFFFFFFFFFFFFFFFFFFFFFF AND EQ ISZERO ISZERO ISZERO PUSH2 0x1BB JUMPI PUSH1 0x0 DUP1 REVERT JUMPDEST PUSH1 0x0 DUP1 CALLER PUSH20 0xFFFFFFFFFFFFFFFFFFFFFFFFFFFFFFFFFFFFFFFF AND PUSH20 0xFFFFFFFFFFFFFFFFFFFFFFFFFFFFFFFFFFFFFFFF AND DUP2 MSTORE PUSH1 0x20 ADD SWAP1 DUP2 MSTORE PUSH1 0x20 ADD PUSH1 0x0 KECCAK256 SLOAD DUP3 GT ISZERO ISZERO ISZERO PUSH2 0x208 JUMPI PUSH1 0x0 DUP1 REVERT JUMPDEST PUSH2 0x259 DUP3 PUSH1 0x0 DUP1 CALLER PUSH20 0xFFFFFFFFFFFFFFFFFFFFFFFFFFFFFFFFFFFFFFFF AND PUSH20 0xFFFFFFFFFFFFFFFFFFFFFFFFFFFFFFFFFFFFFFFF AND DUP2 MSTORE PUSH1 0x20 ADD SWAP1 DUP2 MSTORE PUSH1 0x20 ADD PUSH1 0x0 KECCAK256 SLOAD PUSH2 0x39D SWAP1 SWAP2 SWAP1 PUSH4 0xFFFFFFFF AND JUMP JUMPDEST PUSH1 0x0 DUP1 CALLER PUSH20 0xFFFFFFFFFFFFFFFFFFFFFFFFFFFFFFFFFFFFFFFF AND PUSH20 0xFFFFFFFFFFFFFFFFFFFFFFFFFFFFFFFFFFFFFFFF AND DUP2 MSTORE PUSH1 0x20 ADD SWAP1 DUP2 MSTORE PUSH1 0x20 ADD PUSH1 0x0 KECCAK256 DUP2 SWAP1 SSTORE POP PUSH2 0x2EC DUP3 PUSH1 0x0 DUP1 DUP7 PUSH20 0xFFFFFFFFFFFFFFFFFFFFFFFFFFFFFFFFFFFFFFFF AND PUSH20 0xFFFFFFFFFFFFFFFFFFFFFFFFFFFFFFFFFFFFFFFF AND DUP2 MSTORE PUSH1 0x20 ADD SWAP1 DUP2 MSTORE PUSH1 0x20 ADD PUSH1 0x0 KECCAK256 SLOAD PUSH2 0x3B6 SWAP1 SWAP2 SWAP1 PUSH4 0xFFFFFFFF AND JUMP JUMPDEST PUSH1 0x0 DUP1 DUP6 PUSH20 0xFFFFFFFFFFFFFFFFFFFFFFFFFFFFFFFFFFFFFFFF AND PUSH20 0xFFFFFFFFFFFFFFFFFFFFFFFFFFFFFFFFFFFFFFFF AND DUP2 MSTORE PUSH1 0x20 ADD SWAP1 DUP2 MSTORE PUSH1 0x20 ADD PUSH1 0x0 KECCAK256 DUP2 SWAP1 SSTORE POP DUP3 PUSH20 0xFFFFFFFFFFFFFFFFFFFFFFFFFFFFFFFFFFFFFFFF AND CALLER PUSH20 0xFFFFFFFFFFFFFFFFFFFFFFFFFFFFFFFFFFFFFFFF AND PUSH32 0xDDF252AD1BE2C89B69C2B068FC378DAA952BA7F163C4A11628F55A4DF523B3EF DUP5 PUSH1 0x40 MLOAD DUP1 DUP3 DUP2 MSTORE PUSH1 0x20 ADD SWAP2 POP POP PUSH1 0x40 MLOAD DUP1 SWAP2 SUB SWAP1 LOG3 PUSH1 0x1 SWAP1 POP SWAP3 SWAP2 POP POP JUMP JUMPDEST PUSH1 0x0 DUP3 DUP3 GT ISZERO ISZERO ISZERO PUSH2 0x3AB JUMPI INVALID JUMPDEST DUP2 DUP4 SUB SWAP1 POP SWAP3 SWAP2 POP POP JUMP JUMPDEST PUSH1 0x0 DUP1 DUP3 DUP5 ADD SWAP1 POP DUP4 DUP2 LT ISZERO ISZERO ISZERO PUSH2 0x3CA JUMPI INVALID JUMPDEST DUP1 SWAP2 POP POP SWAP3 SWAP2 POP POP JUMP STOP LOG1 PUSH6 0x627A7A723058 KECCAK256 PUSH6 0x528EB2BC7A7B 0x46 0xa8 0xd5 0xaf 0xda 0xb5 CALLDATASIZE PC DUP13 PUSH10 0xB7F7F424B650741B9CEA 0xea PUSH15 0x9998C7002900000000000000000000
1,PUSH1 0x60 PUSH1 0x40 MSTORE PUSH1 0xF PUSH1 0x3 PUSH1 0x0 PUSH2 0x100 EXP DUP2 SLOAD DUP2 PUSH1 0xFF MUL NOT AND SWAP1 DUP4 PUSH1 0xFF AND MUL OR SWAP1 SSTORE POP PUSH2 0x3E8 PUSH1 0x8 SSTORE PUSH2 0x3E8 PUSH1 0x9 SSTORE PUSH5 0x1FDADE7C0 PUSH1 0xA SSTORE PUSH1 0x40 DUP1 MLOAD SWAP1 DUP2 ADD PUSH1 0x40 MSTORE DUP1 PUSH1 0x8 DUP2 MSTORE PUSH1 0x20 ADD PUSH32 0x5265736F75726365000000000000000000000000000000000000000000000000 DUP2 MSTORE POP PUSH1 0xB SWAP1 DUP1 MLOAD SWAP1 PUSH1 0x20 ADD SWAP1 PUSH3 0x82 SWAP3 SWAP2 SWAP1 PUSH3 0x3B6 JUMP JUMPDEST POP PUSH1 0x40 DUP1 MLOAD SWAP1 DUP2 ADD PUSH1 0x40 MSTORE DUP1 PUSH1 0x3 DUP2 MSTORE PUSH1 0x20 ADD PUSH32 0x5245530000000000000000000000000000000000000000000000000000000000 DUP2 MSTORE POP PUSH1 0xC SWAP1 DUP1 MLOAD SWAP1 PUSH1 0x20 ADD SWAP1 PUSH3 0xD0 SWAP3 SWAP2 SWAP1 PUSH3 0x3B6 JUMP JUMPDEST POP CALLVALUE ISZERO PUSH3 0xDD JUMPI PUSH1 0x0 DUP1 REVERT JUMPDEST PUSH1 0xA SLOAD PUSH1 0xB DUP1 SLOAD PUSH1 0x1 DUP2 PUSH1 0x1 AND ISZERO PUSH2 0x100 MUL SUB AND PUSH1 0x2 SWAP1 DIV DUP1 PUSH1 0x1F ADD PUSH1 0x20 DUP1 SWAP2 DIV MUL PUSH1 0x20 ADD PUSH1 0x40 MLOAD SWAP1 DUP2 ADD PUSH1 0x40 MSTORE DUP1 SWAP3 SWAP2 SWAP1 DUP2 DUP2 MSTORE PUSH1 0x20 ADD DUP3 DUP1 SLOAD PUSH1 0x1 DUP2 PUSH1 0x1 AND ISZERO PUSH2 0x100 MUL SUB AND PUSH1 0x2 SWAP1 DIV DUP1 ISZERO PUSH3 0x17A JUMPI DUP1 PUSH1 0x1F LT PUSH3 0x14E JUMPI PUSH2 0x100 DUP1 DUP4 SLOAD DIV MUL DUP4 MSTORE SWAP2 PUSH1 0x20 ADD SWAP2 PUSH3 0x17A JUMP JUMPDEST DUP3 ADD SWAP2 SWAP1 PUSH1 0x0 MSTORE PUSH1 0x20 PUSH1 0x0 KECCAK256 SWAP1 JUMPDEST DUP2 SLOAD DUP2 MSTORE SWAP1 PUSH1 0x1 ADD SWAP1 PUSH1 0x20 ADD DUP1 DUP4 GT PUSH3 0x15C JUMPI DUP3 SWAP1 SUB PUSH1 0x1F AND DUP3 ADD SWAP2 JUMPDEST POP POP POP POP POP PUSH1 0xC DUP1 SLOAD PUSH1 0x1 DUP2 PUSH1 0x1 AND ISZERO PUSH2 0x100 MUL SUB AND PUSH1 0x2 SWAP1 DIV DUP1 PUSH1 0x1F ADD PUSH1 0x20 DUP1 SWAP2 DIV MUL PUSH1 0x20 ADD PUSH1 0x40 MLOAD SWAP1 DUP2 ADD PUSH1 0x40 MSTORE DUP1 SWAP3 SWAP2 SWAP1 DUP2 DUP2 MSTORE PUSH1 0x20 ADD DUP3 DUP1 SLOAD PUSH1 0x1 DUP2 PUSH1 0x1 AND ISZERO PUSH2 0x100 MUL SUB AND PUSH1 0x2 SWAP1 DIV DUP1 ISZERO PUSH3 0x219 JUMPI DUP1 PUSH1 0x1F LT PUSH3 0x1ED JUMPI PUSH2 0x100 DUP1 DUP4 SLOAD DIV MUL DUP4 MSTORE SWAP2 PUSH1 0x20 ADD SWAP2 PUSH3 0x219 JUMP JUMPDEST DUP3 ADD SWAP2 SWAP1 PUSH1 0x0 MSTORE PUSH1 0x20 PUSH1 0x0 KECCAK256 SWAP1 JUMPDEST DUP2 SLOAD DUP2 MSTORE SWAP1 PUSH1 0x1 ADD SWAP1 PUSH1 0x20 ADD DUP1 DUP4 GT PUSH3 0x1FB JUMPI DUP3 SWAP1 SUB PUSH1 0x1F AND DUP3 ADD SWAP2 JUMPDEST POP POP POP POP POP CALLER PUSH1 0x0 DUP1 PUSH2 0x100 EXP DUP2 SLOAD DUP2 PUSH20 0xFFFFFFFFFFFFFFFFFFFFFFFFFFFFFFFFFFFFFFFF MUL NOT AND SWAP1 DUP4 PUSH20 0xFFFFFFFFFFFFFFFFFFFFFFFFFFFFFFFFFFFFFFFF AND MUL OR SWAP1 SSTORE POP PUSH1 0x3 PUSH1 0x0 SWAP1 SLOAD SWAP1 PUSH2 0x100 EXP SWAP1 DIV PUSH1 0xFF AND PUSH1 0xFF AND PUSH1 0xA EXP DUP4 MUL PUSH1 0x4 DUP2 SWAP1 SSTORE POP PUSH1 0x4 SLOAD PUSH1 0x5 PUSH1 0x0 CALLER PUSH20 0xFFFFFFFFFFFFFFFFFFFFFFFFFFFFFFFFFFFFFFFF AND PUSH20 0xFFFFFFFFFFFFFFFFFFFFFFFFFFFFFFFFFFFFFFFF AND DUP2 MSTORE PUSH1 0x20 ADD SWAP1 DUP2 MSTORE PUSH1 0x20 ADD PUSH1 0x0 KECCAK256 DUP2 SWAP1 SSTORE POP DUP2 PUSH1 0x1 SWAP1 DUP1 MLOAD SWAP1 PUSH1 0x20 ADD SWAP1 PUSH3 0x2DA SWAP3 SWAP2 SWAP1 PUSH3 0x3B6 JUMP JUMPDEST POP DUP1 PUSH1 0x2 SWAP1 DUP1 MLOAD SWAP1 PUSH1 0x20 ADD SWAP1 PUSH3 0x2F3 SWAP3 SWAP2 SWAP1 PUSH3 0x3B6 JUMP JUMPDEST POP POP POP POP PUSH1 0x8 SLOAD PUSH1 0xD DUP2 SWAP1 SSTORE POP PUSH1 0x9 SLOAD PUSH1 0xE DUP2 SWAP1 SSTORE POP PUSH1 0x3 PUSH1 0x0 SWAP1 SLOAD SWAP1 PUSH2 0x100 EXP SWAP1 DIV PUSH1 0xFF AND PUSH1 0xFF AND PUSH1 0xA EXP PUSH1 0x2 PUSH1 0xA SLOAD DUP2 ISZERO ISZERO PUSH3 0x32E JUMPI INVALID JUMPDEST DIV MUL PUSH1 0x6 PUSH1 0x0 ADDRESS PUSH20 0xFFFFFFFFFFFFFFFFFFFFFFFFFFFFFFFFFFFFFFFF AND PUSH20 0xFFFFFFFFFFFFFFFFFFFFFFFFFFFFFFFFFFFFFFFF AND DUP2 MSTORE PUSH1 0x20 ADD SWAP1 DUP2 MSTORE PUSH1 0x20 ADD PUSH1 0x0 KECCAK256 PUSH1 0x0 CALLER PUSH20 0xFFFFFFFFFFFFFFFFFFFFFFFFFFFFFFFFFFFFFFFF AND PUSH20 0xFFFFFFFFFFFFFFFFFFFFFFFFFFFFFFFFFFFFFFFF AND DUP2 MSTORE PUSH1 0x20 ADD SWAP1 DUP2 MSTORE PUSH1 0x20 ADD PUSH1 0x0 KECCAK256 DUP2 SWAP1 SSTORE POP PUSH3 0x465 JUMP JUMPDEST DUP3 DUP1 SLOAD PUSH1 0x1 DUP2 PUSH1 0x1 AND ISZERO PUSH2 0x100 MUL SUB AND PUSH1 0x2 SWAP1 DIV SWAP1 PUSH1 0x0 MSTORE PUSH1 0x20 PUSH1 0x0 KECCAK256 SWAP1 PUSH1 0x1F ADD PUSH1 0x20 SWAP1 DIV DUP2 ADD SWAP3 DUP3 PUSH1 0x1F LT PUSH3 0x3F9 JUMPI DUP1 MLOAD PUSH1 0xFF NOT AND DUP4 DUP1 ADD OR DUP6 SSTORE PUSH3 0x42A JUMP JUMPDEST DUP3 DUP1 ADD PUSH1 0x1 ADD DUP6 SSTORE DUP3 ISZERO PUSH3 0x42A JUMPI SWAP2 DUP3 ADD JUMPDEST DUP3 DUP2 GT ISZERO PUSH3 0x429 JUMPI DUP3 MLOAD DUP3 SSTORE SWAP2 PUSH1 0x20 ADD SWAP2 SWAP1 PUSH1 0x1 ADD SWAP1 PUSH3 0x40C JUMP JUMPDEST JUMPDEST POP SWAP1 POP PUSH3 0x439 SWAP2 SWAP1 PUSH3 0x43D JUMP JUMPDEST POP SWAP1 JUMP JUMPDEST PUSH3 0x462 SWAP2 SWAP1 JUMPDEST DUP1 DUP3 GT ISZERO PUSH3 0x45E JUMPI PUSH1 0x0 DUP2 PUSH1 0x0 SWAP1 SSTORE POP PUSH1 0x1 ADD PUSH3 0x444 JUMP JUMPDEST POP SWAP1 JUMP JUMPDEST SWAP1 JUMP JUMPDEST PUSH2 0x1330 DUP1 PUSH3 0x475 PUSH1 0x0 CODECOPY PUSH1 0x0 RETURN STOP PUSH1 0x60 PUSH1 0x40 MSTORE PUSH1 0x4 CALLDATASIZE LT PUSH2 0x112 JUMPI PUSH1 0x0 CALLDATALOAD PUSH29 0x100000000000000000000000000000000000000000000000000000000 SWAP1 DIV PUSH4 0xFFFFFFFF AND DUP1 PUSH4 0x6FDDE03 EQ PUSH2 0x117 JUMPI DUP1 PUSH4 0xE07658B EQ PUSH2 0x1A5 JUMPI DUP1 PUSH4 0x18160DDD EQ PUSH2 0x1E0 JUMPI DUP1 PUSH4 0x23B872DD EQ PUSH2 0x209 JUMPI DUP1 PUSH4 0x23C105A2 EQ PUSH2 0x282 JUMPI DUP1 PUSH4 0x2D980646 EQ PUSH2 0x2DC JUMPI DUP1 PUSH4 0x313CE567 EQ PUSH2 0x348 JUMPI DUP1 PUSH4 0x4B750334 EQ PUSH2 0x377 JUMPI DUP1 PUSH4 0x673A7E28 EQ PUSH2 0x3A0 JUMPI DUP1 PUSH4 0x70A08231 EQ PUSH2 0x3B5 JUMPI DUP1 PUSH4 0x8620410B EQ PUSH2 0x402 JUMPI DUP1 PUSH4 0x8CC98BC3 EQ PUSH2 0x42B JUMPI DUP1 PUSH4 0x8DA5CB5B EQ PUSH2 0x485 JUMPI DUP1 PUSH4 0x95D89B41 EQ PUSH2 0x4DA JUMPI DUP1 PUSH4 0xA6F2AE3A EQ PUSH2 0x568 JUMPI DUP1 PUSH4 0xA9059CBB EQ PUSH2 0x572 JUMPI DUP1 PUSH4 0xB00A0DBF EQ PUSH2 0x5B4 JUMPI DUP1 PUSH4 0xE4849B32 EQ PUSH2 0x620 JUMPI DUP1 PUSH4 0xF2FDE38B EQ PUSH2 0x643 JUMPI DUP1 PUSH4 0xFA02C4B7 EQ PUSH2 0x67C JUMPI JUMPDEST PUSH1 0x0 DUP1 REVERT JUMPDEST CALLVALUE ISZERO PUSH2 0x122 JUMPI PUSH1 0x0 DUP1 REVERT JUMPDEST PUSH2 0x12A PUSH2 0x6D6 JUMP JUMPDEST PUSH1 0x40 MLOAD DUP1 DUP1 PUSH1 0x20 ADD DUP3 DUP2 SUB DUP3 MSTORE DUP4 DUP2 DUP2 MLOAD DUP2 MSTORE PUSH1 0x20 ADD SWAP2 POP DUP1 MLOAD SWAP1 PUSH1 0x20 ADD SWAP1 DUP1 DUP4 DUP4 PUSH1 0x0 JUMPDEST DUP4 DUP2 LT ISZERO PUSH2 0x16A JUMPI DUP1 DUP3 ADD MLOAD DUP2 DUP5 ADD MSTORE PUSH1 0x20 DUP2 ADD SWAP1 POP PUSH2 0x14F JUMP JUMPDEST POP POP POP POP SWAP1 POP SWAP1 DUP2 ADD SWAP1 PUSH1 0x1F AND DUP1 ISZERO PUSH2 0x197 JUMPI DUP1 DUP3 SUB DUP1 MLOAD PUSH1 0x1 DUP4 PUSH1 0x20 SUB PUSH2 0x100 EXP SUB NOT AND DUP2 MSTORE PUSH1 0x20 ADD SWAP2 POP JUMPDEST POP SWAP3 POP POP POP PUSH1 0x40 MLOAD DUP1 SWAP2 SUB SWAP1 RETURN JUMPDEST CALLVALUE ISZERO PUSH2 0x1B0 JUMPI PUSH1 0x0 DUP1 REVERT JUMPDEST PUSH2 0x1C6 PUSH1 0x4 DUP1 DUP1 CALLDATALOAD SWAP1 PUSH1 0x20 ADD SWAP1 SWAP2 SWAP1 POP POP PUSH2 0x774 JUMP JUMPDEST PUSH1 0x40 MLOAD DUP1 DUP3 ISZERO ISZERO ISZERO ISZERO DUP2 MSTORE PUSH1 0x20 ADD SWAP2 POP POP PUSH1 0x40 MLOAD DUP1 SWAP2 SUB SWAP1 RETURN JUMPDEST CALLVALUE ISZERO PUSH2 0x1EB JUMPI PUSH1 0x0 DUP1 REVERT JUMPDEST PUSH2 0x1F3 PUSH2 0x878 JUMP JUMPDEST PUSH1 0x40 MLOAD DUP1 DUP3 DUP2 MSTORE PUSH1 0x20 ADD SWAP2 POP POP PUSH1 0x40 MLOAD DUP1 SWAP2 SUB SWAP1 RETURN JUMPDEST CALLVALUE ISZERO PUSH2 0x214 JUMPI PUSH1 0x0 DUP1 REVERT JUMPDEST PUSH2 0x268 PUSH1 0x4 DUP1 DUP1 CALLDATALOAD PUSH20 0xFFFFFFFFFFFFFFFFFFFFFFFFFFFFFFFFFFFFFFFF AND SWAP1 PUSH1 0x20 ADD SWAP1 SWAP2 SWAP1 DUP1 CALLDATALOAD PUSH20 0xFFFFFFFFFFFFFFFFFFFFFFFFFFFFFFFFFFFFFFFF AND SWAP1 PUSH1 0x20 ADD SWAP1 SWAP2 SWAP1 DUP1 CALLDATALOAD SWAP1 PUSH1 0x20 ADD SWAP1 SWAP2 SWAP1 POP POP PUSH2 0x87E JUMP JUMPDEST PUSH1 0x40 MLOAD DUP1 DUP3 ISZERO ISZERO ISZERO ISZERO DUP2 MSTORE PUSH1 0x20 ADD SWAP2 POP POP PUSH1 0x40 MLOAD DUP1 SWAP2 SUB SWAP1 RETURN JUMPDEST CALLVALUE ISZERO PUSH2 0x28D JUMPI PUSH1 0x0 DUP1 REVERT JUMPDEST PUSH2 0x2C2 PUSH1 0x4 DUP1 DUP1 CALLDATALOAD PUSH20 0xFFFFFFFFFFFFFFFFFFFFFFFFFFFFFFFFFFFFFFFF AND SWAP1 PUSH1 0x20 ADD SWAP1 SWAP2 SWAP1 DUP1 CALLDATALOAD SWAP1 PUSH1 0x20 ADD SWAP1 SWAP2 SWAP1 POP POP PUSH2 0x9AB JUMP JUMPDEST PUSH1 0x40 MLOAD DUP1 DUP3 ISZERO ISZERO ISZERO ISZERO DUP2 MSTORE PUSH1 0x20 ADD SWAP2 POP POP PUSH1 0x40 MLOAD DUP1 SWAP2 SUB SWAP1 RETURN JUMPDEST CALLVALUE ISZERO PUSH2 0x2E7 JUMPI PUSH1 0x0 DUP1 REVERT JUMPDEST PUSH2 0x332 PUSH1 0x4 DUP1 DUP1 CALLDATALOAD PUSH20 0xFFFFFFFFFFFFFFFFFFFFFFFFFFFFFFFFFFFFFFFF AND SWAP1 PUSH1 0x20 ADD SWAP1 SWAP2 SWAP1 DUP1 CALLDATALOAD PUSH20 0xFFFFFFFFFFFFFFFFFFFFFFFFFFFFFFFFFFFFFFFF AND SWAP1 PUSH1 0x20 ADD SWAP1 SWAP2 SWAP1 POP POP PUSH2 0xBC5 JUMP JUMPDEST PUSH1 0x40 MLOAD DUP1 DUP3 DUP2 MSTORE PUSH1 0x20 ADD SWAP2 POP POP PUSH1 0x40 MLOAD DUP1 SWAP2 SUB SWAP1 RETURN JUMPDEST CALLVALUE ISZERO PUSH2 0x353 JUMPI PUSH1 0x0 DUP1 REVERT JUMPDEST PUSH2 0x35B PUSH2 0xBEA JUMP JUMPDEST PUSH1 0x40 MLOAD DUP1 DUP3 PUSH1 0xFF AND PUSH1 0xFF AND DUP2 MSTORE PUSH1 0x20 ADD SWAP2 POP POP PUSH1 0x40 MLOAD DUP1 SWAP2 SUB SWAP1 RETURN JUMPDEST CALLVALUE ISZERO PUSH2 0x382 JUMPI PUSH1 0x0 DUP1 REVERT JUMPDEST PUSH2 0x38A PUSH2 0xBFD JUMP JUMPDEST PUSH1 0x40 MLOAD DUP1 DUP3 DUP2 MSTORE PUSH1 0x20 ADD SWAP2 POP POP PUSH1 0x40 MLOAD DUP1 SWAP2 SUB SWAP1 RETURN JUMPDEST CALLVALUE ISZERO PUSH2 0x3AB JUMPI PUSH1 0x0 DUP1 REVERT JUMPDEST PUSH2 0x3B3 PUSH2 0xC03 JUMP JUMPDEST STOP JUMPDEST CALLVALUE ISZERO PUSH2 0x3C0 JUMPI PUSH1 0x0 DUP1 REVERT JUMPDEST PUSH2 0x3EC PUSH1 0x4 DUP1 DUP1 CALLDATALOAD PUSH20 0xFFFFFFFFFFFFFFFFFFFFFFFFFFFFFFFFFFFFFFFF AND SWAP1 PUSH1 0x20 ADD SWAP1 SWAP2 SWAP1 POP POP PUSH2 0xC67 JUMP JUMPDEST PUSH1 0x40 MLOAD DUP1 DUP3 DUP2 MSTORE PUSH1 0x20 ADD SWAP2 POP POP PUSH1 0x40 MLOAD DUP1 SWAP2 SUB SWAP1 RETURN JUMPDEST CALLVALUE ISZERO PUSH2 0x40D JUMPI PUSH1 0x0 DUP1 REVERT JUMPDEST PUSH2 0x415 PUSH2 0xC7F JUMP JUMPDEST PUSH1 0x40 MLOAD DUP1 DUP3 DUP2 MSTORE PUSH1 0x20 ADD SWAP2 POP POP PUSH1 0x40 MLOAD DUP1 SWAP2 SUB SWAP1 RETURN JUMPDEST CALLVALUE ISZERO PUSH2 0x436 JUMPI PUSH1 0x0 DUP1 REVERT JUMPDEST PUSH2 0x46B PUSH1 0x4 DUP1 DUP1 CALLDATALOAD PUSH20 0xFFFFFFFFFFFFFFFFFFFFFFFFFFFFFFFFFFFFFFFF AND SWAP1 PUSH1 0x20 ADD SWAP1 SWAP2 SWAP1 DUP1 CALLDATALOAD SWAP1 PUSH1 0x20 ADD SWAP1 SWAP2 SWAP1 POP POP PUSH2 0xC85 JUMP JUMPDEST PUSH1 0x40 MLOAD DUP1 DUP3 ISZERO ISZERO ISZERO ISZERO DUP2 MSTORE PUSH1 0x20 ADD SWAP2 POP POP PUSH1 0x40 MLOAD DUP1 SWAP2 SUB SWAP1 RETURN JUMPDEST CALLVALUE ISZERO PUSH2 0x490 JUMPI PUSH1 0x0 DUP1 REVERT JUMPDEST PUSH2 0x498 PUSH2 0xD12 JUMP JUMPDEST PUSH1 0x40 MLOAD DUP1 DUP3 PUSH20 0xFFFFFFFFFFFFFFFFFFFFFFFFFFFFFFFFFFFFFFFF AND PUSH20 0xFFFFFFFFFFFFFFFFFFFFFFFFFFFFFFFFFFFFFFFF AND DUP2 MSTORE PUSH1 0x20 ADD SWAP2 POP POP PUSH1 0x40 MLOAD DUP1 SWAP2 SUB SWAP1 RETURN JUMPDEST CALLVALUE ISZERO PUSH2 0x4E5 JUMPI PUSH1 0x0 DUP1 REVERT JUMPDEST PUSH2 0x4ED PUSH2 0xD37 JUMP JUMPDEST PUSH1 0x40 MLOAD DUP1 DUP1 PUSH1 0x20 ADD DUP3 DUP2 SUB DUP3 MSTORE DUP4 DUP2 DUP2 MLOAD DUP2 MSTORE PUSH1 0x20 ADD SWAP2 POP DUP1 MLOAD SWAP1 PUSH1 0x20 ADD SWAP1 DUP1 DUP4 DUP4 PUSH1 0x0 JUMPDEST DUP4 DUP2 LT ISZERO PUSH2 0x52D JUMPI DUP1 DUP3 ADD MLOAD DUP2 DUP5 ADD MSTORE PUSH1 0x20 DUP2 ADD SWAP1 POP PUSH2 0x512 JUMP JUMPDEST POP POP POP POP SWAP1 POP SWAP1 DUP2 ADD SWAP1 PUSH1 0x1F AND DUP1 ISZERO PUSH2 0x55A JUMPI DUP1 DUP3 SUB DUP1 MLOAD PUSH1 0x1 DUP4 PUSH1 0x20 SUB PUSH2 0x100 EXP SUB NOT AND DUP2 MSTORE PUSH1 0x20 ADD SWAP2 POP JUMPDEST POP SWAP3 POP POP POP PUSH1 0x40 MLOAD DUP1 SWAP2 SUB SWAP1 RETURN JUMPDEST PUSH2 0x570 PUSH2 0xDD5 JUMP JUMPDEST STOP JUMPDEST CALLVALUE ISZERO PUSH2 0x57D JUMPI PUSH1 0x0 DUP1 REVERT JUMPDEST PUSH2 0x5B2 PUSH1 0x4 DUP1 DUP1 CALLDATALOAD PUSH20 0xFFFFFFFFFFFFFFFFFFFFFFFFFFFFFFFFFFFFFFFF AND SWAP1 PUSH1 0x20 ADD SWAP1 SWAP2 SWAP1 DUP1 CALLDATALOAD SWAP1 PUSH1 0x20 ADD SWAP1 SWAP2 SWAP1 POP POP PUSH2 0xDF9 JUMP JUMPDEST STOP JUMPDEST CALLVALUE ISZERO PUSH2 0x5BF JUMPI PUSH1 0x0 DUP1 REVERT JUMPDEST PUSH2 0x60A PUSH1 0x4 DUP1 DUP1 CALLDATALOAD PUSH20 0xFFFFFFFFFFFFFFFFFFFFFFFFFFFFFFFFFFFFFFFF AND SWAP1 PUSH1 0x20 ADD SWAP1 SWAP2 SWAP1 DUP1 CALLDATALOAD PUSH20 0xFFFFFFFFFFFFFFFFFFFFFFFFFFFFFFFFFFFFFFFF AND SWAP1 PUSH1 0x20 ADD SWAP1 SWAP2 SWAP1 POP POP PUSH2 0xE08 JUMP JUMPDEST PUSH1 0x40 MLOAD DUP1 DUP3 DUP2 MSTORE PUSH1 0x20 ADD SWAP2 POP POP PUSH1 0x40 MLOAD DUP1 SWAP2 SUB SWAP1 RETURN JUMPDEST CALLVALUE ISZERO PUSH2 0x62B JUMPI PUSH1 0x0 DUP1 REVERT JUMPDEST PUSH2 0x641 PUSH1 0x4 DUP1 DUP1 CALLDATALOAD SWAP1 PUSH1 0x20 ADD SWAP1 SWAP2 SWAP1 POP POP PUSH2 0xE2D JUMP JUMPDEST STOP JUMPDEST CALLVALUE ISZERO PUSH2 0x64E JUMPI PUSH1 0x0 DUP1 REVERT JUMPDEST PUSH2 0x67A PUSH1 0x4 DUP1 DUP1 CALLDATALOAD PUSH20 0xFFFFFFFFFFFFFFFFFFFFFFFFFFFFFFFFFFFFFFFF AND SWAP1 PUSH1 0x20 ADD SWAP1 SWAP2 SWAP1 POP POP PUSH2 0xEC3 JUMP JUMPDEST STOP JUMPDEST CALLVALUE ISZERO PUSH2 0x687 JUMPI PUSH1 0x0 DUP1 REVERT JUMPDEST PUSH2 0x6BC PUSH1 0x4 DUP1 DUP1 CALLDATALOAD PUSH20 0xFFFFFFFFFFFFFFFFFFFFFFFFFFFFFFFFFFFFFFFF AND SWAP1 PUSH1 0x20 ADD SWAP1 SWAP2 SWAP1 DUP1 CALLDATALOAD SWAP1 PUSH1 0x20 ADD SWAP1 SWAP2 SWAP1 POP POP PUSH2 0xF61 JUMP JUMPDEST PUSH1 0x40 MLOAD DUP1 DUP3 ISZERO ISZERO ISZERO ISZERO DUP2 MSTORE PUSH1 0x20 ADD SWAP2 POP POP PUSH1 0x40 MLOAD DUP1 SWAP2 SUB SWAP1 RETURN JUMPDEST PUSH1 0x1 DUP1 SLOAD PUSH1 0x1 DUP2 PUSH1 0x1 AND ISZERO PUSH2 0x100 MUL SUB AND PUSH1 0x2 SWAP1 DIV DUP1 PUSH1 0x1F ADD PUSH1 0x20 DUP1 SWAP2 DIV MUL PUSH1 0x20 ADD PUSH1 0x40 MLOAD SWAP1 DUP2 ADD PUSH1 0x40 MSTORE DUP1 SWAP3 SWAP2 SWAP1 DUP2 DUP2 MSTORE PUSH1 0x20 ADD DUP3 DUP1 SLOAD PUSH1 0x1 DUP2 PUSH1 0x1 AND ISZERO PUSH2 0x100 MUL SUB AND PUSH1 0x2 SWAP1 DIV DUP1 ISZERO PUSH2 0x76C JUMPI DUP1 PUSH1 0x1F LT PUSH2 0x741 JUMPI PUSH2 0x100 DUP1 DUP4 SLOAD DIV MUL DUP4 MSTORE SWAP2 PUSH1 0x20 ADD SWAP2 PUSH2 0x76C JUMP JUMPDEST DUP3 ADD SWAP2 SWAP1 PUSH1 0x0 MSTORE PUSH1 0x20 PUSH1 0x0 KECCAK256 SWAP1 JUMPDEST DUP2 SLOAD DUP2 MSTORE SWAP1 PUSH1 0x1 ADD SWAP1 PUSH1 0x20 ADD DUP1 DUP4 GT PUSH2 0x74F JUMPI DUP3 SWAP1 SUB PUSH1 0x1F AND DUP3 ADD SWAP2 JUMPDEST POP POP POP POP POP DUP2 JUMP JUMPDEST PUSH1 0x0 DUP2 PUSH1 0x5 PUSH1 0x0 CALLER PUSH20 0xFFFFFFFFFFFFFFFFFFFFFFFFFFFFFFFFFFFFFFFF AND PUSH20 0xFFFFFFFFFFFFFFFFFFFFFFFFFFFFFFFFFFFFFFFF AND DUP2 MSTORE PUSH1 0x20 ADD SWAP1 DUP2 MSTORE PUSH1 0x20 ADD PUSH1 0x0 KECCAK256 SLOAD LT ISZERO ISZERO ISZERO PUSH2 0x7C4 JUMPI PUSH1 0x0 DUP1 REVERT JUMPDEST DUP2 PUSH1 0x5 PUSH1 0x0 CALLER PUSH20 0xFFFFFFFFFFFFFFFFFFFFFFFFFFFFFFFFFFFFFFFF AND PUSH20 0xFFFFFFFFFFFFFFFFFFFFFFFFFFFFFFFFFFFFFFFF AND DUP2 MSTORE PUSH1 0x20 ADD SWAP1 DUP2 MSTORE PUSH1 0x20 ADD PUSH1 0x0 KECCAK256 PUSH1 0x0 DUP3 DUP3 SLOAD SUB SWAP3 POP POP DUP2 SWAP1 SSTORE POP DUP2 PUSH1 0x4 PUSH1 0x0 DUP3 DUP3 SLOAD SUB SWAP3 POP POP DUP2 SWAP1 SSTORE POP CALLER PUSH20 0xFFFFFFFFFFFFFFFFFFFFFFFFFFFFFFFFFFFFFFFF AND PUSH32 0x9297AFA282FFFB3368E3A8CA9831E81409CB77AACB364658183DB97D53AE50AC DUP4 PUSH1 0x40 MLOAD DUP1 DUP3 DUP2 MSTORE PUSH1 0x20 ADD SWAP2 POP POP PUSH1 0x40 MLOAD DUP1 SWAP2 SUB SWAP1 LOG2 PUSH1 0x1 SWAP1 POP SWAP2 SWAP1 POP JUMP JUMPDEST PUSH1 0x4 SLOAD DUP2 JUMP JUMPDEST PUSH1 0x0 PUSH1 0x7 PUSH1 0x0 DUP6 PUSH20 0xFFFFFFFFFFFFFFFFFFFFFFFFFFFFFFFFFFFFFFFF AND PUSH20 0xFFFFFFFFFFFFFFFFFFFFFFFFFFFFFFFFFFFFFFFF AND DUP2 MSTORE PUSH1 0x20 ADD SWAP1 DUP2 MSTORE PUSH1 0x20 ADD PUSH1 0x0 KECCAK256 PUSH1 0x0 CALLER PUSH20 0xFFFFFFFFFFFFFFFFFFFFFFFFFFFFFFFFFFFFFFFF AND PUSH20 0xFFFFFFFFFFFFFFFFFFFFFFFFFFFFFFFFFFFFFFFF AND DUP2 MSTORE PUSH1 0x20 ADD SWAP1 DUP2 MSTORE PUSH1 0x20 ADD PUSH1 0x0 KECCAK256 SLOAD DUP3 GT ISZERO ISZERO ISZERO PUSH2 0x90B JUMPI PUSH1 0x0 DUP1 REVERT JUMPDEST DUP2 PUSH1 0x7 PUSH1 0x0 DUP7 PUSH20 0xFFFFFFFFFFFFFFFFFFFFFFFFFFFFFFFFFFFFFFFF AND PUSH20 0xFFFFFFFFFFFFFFFFFFFFFFFFFFFFFFFFFFFFFFFF AND DUP2 MSTORE PUSH1 0x20 ADD SWAP1 DUP2 MSTORE PUSH1 0x20 ADD PUSH1 0x0 KECCAK256 PUSH1 0x0 CALLER PUSH20 0xFFFFFFFFFFFFFFFFFFFFFFFFFFFFFFFFFFFFFFFF AND PUSH20 0xFFFFFFFFFFFFFFFFFFFFFFFFFFFFFFFFFFFFFFFF AND DUP2 MSTORE PUSH1 0x20 ADD SWAP1 DUP2 MSTORE PUSH1 0x20 ADD PUSH1 0x0 KECCAK256 PUSH1 0x0 DUP3 DUP3 SLOAD SUB SWAP3 POP POP DUP2 SWAP1 SSTORE POP PUSH2 0x9A0 DUP5 DUP5 DUP5 PUSH2 0xFEE JUMP JUMPDEST PUSH1 0x1 SWAP1 POP SWAP4 SWAP3 POP POP POP JUMP JUMPDEST PUSH1 0x0 DUP2 PUSH1 0x5 PUSH1 0x0 DUP6 PUSH20 0xFFFFFFFFFFFFFFFFFFFFFFFFFFFFFFFFFFFFFFFF AND PUSH20 0xFFFFFFFFFFFFFFFFFFFFFFFFFFFFFFFFFFFFFFFF AND DUP2 MSTORE PUSH1 0x20 ADD SWAP1 DUP2 MSTORE PUSH1 0x20 ADD PUSH1 0x0 KECCAK256 SLOAD LT ISZERO ISZERO ISZERO PUSH2 0x9FB JUMPI PUSH1 0x0 DUP1 REVERT JUMPDEST PUSH1 0x6 PUSH1 0x0 DUP5 PUSH20 0xFFFFFFFFFFFFFFFFFFFFFFFFFFFFFFFFFFFFFFFF AND PUSH20 0xFFFFFFFFFFFFFFFFFFFFFFFFFFFFFFFFFFFFFFFF AND DUP2 MSTORE PUSH1 0x20 ADD SWAP1 DUP2 MSTORE PUSH1 0x20 ADD PUSH1 0x0 KECCAK256 PUSH1 0x0 CALLER PUSH20 0xFFFFFFFFFFFFFFFFFFFFFFFFFFFFFFFFFFFFFFFF AND PUSH20 0xFFFFFFFFFFFFFFFFFFFFFFFFFFFFFFFFFFFFFFFF AND DUP2 MSTORE PUSH1 0x20 ADD SWAP1 DUP2 MSTORE PUSH1 0x20 ADD PUSH1 0x0 KECCAK256 SLOAD DUP3 GT ISZERO ISZERO ISZERO PUSH2 0xA86 JUMPI PUSH1 0x0 DUP1 REVERT JUMPDEST DUP2 PUSH1 0x5 PUSH1 0x0 DUP6 PUSH20 0xFFFFFFFFFFFFFFFFFFFFFFFFFFFFFFFFFFFFFFFF AND PUSH20 0xFFFFFFFFFFFFFFFFFFFFFFFFFFFFFFFFFFFFFFFF AND DUP2 MSTORE PUSH1 0x20 ADD SWAP1 DUP2 MSTORE PUSH1 0x20 ADD PUSH1 0x0 KECCAK256 PUSH1 0x0 DUP3 DUP3 SLOAD SUB SWAP3 POP POP DUP2 SWAP1 SSTORE POP DUP2 PUSH1 0x6 PUSH1 0x0 DUP6 PUSH20 0xFFFFFFFFFFFFFFFFFFFFFFFFFFFFFFFFFFFFFFFF AND PUSH20 0xFFFFFFFFFFFFFFFFFFFFFFFFFFFFFFFFFFFFFFFF AND DUP2 MSTORE PUSH1 0x20 ADD SWAP1 DUP2 MSTORE PUSH1 0x20 ADD PUSH1 0x0 KECCAK256 PUSH1 0x0 CALLER PUSH20 0xFFFFFFFFFFFFFFFFFFFFFFFFFFFFFFFFFFFFFFFF AND PUSH20 0xFFFFFFFFFFFFFFFFFFFFFFFFFFFFFFFFFFFFFFFF AND DUP2 MSTORE PUSH1 0x20 ADD SWAP1 DUP2 MSTORE PUSH1 0x20 ADD PUSH1 0x0 KECCAK256 PUSH1 0x0 DUP3 DUP3 SLOAD SUB SWAP3 POP POP DUP2 SWAP1 SSTORE POP DUP2 PUSH1 0x4 PUSH1 0x0 DUP3 DUP3 SLOAD SUB SWAP3 POP POP DUP2 SWAP1 SSTORE POP DUP3 PUSH20 0xFFFFFFFFFFFFFFFFFFFFFFFFFFFFFFFFFFFFFFFF AND PUSH32 0x9297AFA282FFFB3368E3A8CA9831E81409CB77AACB364658183DB97D53AE50AC DUP4 PUSH1 0x40 MLOAD DUP1 DUP3 DUP2 MSTORE PUSH1 0x20 ADD SWAP2 POP POP PUSH1 0x40 MLOAD DUP1 SWAP2 SUB SWAP1 LOG2 PUSH1 0x1 SWAP1 POP SWAP3 SWAP2 POP POP JUMP JUMPDEST PUSH1 0x6 PUSH1 0x20 MSTORE DUP2 PUSH1 0x0 MSTORE PUSH1 0x40 PUSH1 0x0 KECCAK256 PUSH1 0x20 MSTORE DUP1 PUSH1 0x0 MSTORE PUSH1 0x40 PUSH1 0x0 KECCAK256 PUSH1 0x0 SWAP2 POP SWAP2 POP POP SLOAD DUP2 JUMP JUMPDEST PUSH1 0x3 PUSH1 0x0 SWAP1 SLOAD SWAP1 PUSH2 0x100 EXP SWAP1 DIV PUSH1 0xFF AND DUP2 JUMP JUMPDEST PUSH1 0xD SLOAD DUP2 JUMP JUMPDEST PUSH1 0x4 SLOAD PUSH1 0x3 PUSH1 0x0 SWAP1 SLOAD SWAP1 PUSH2 0x100 EXP SWAP1 DIV PUSH1 0xFF AND PUSH1 0xFF AND PUSH1 0xA EXP PUSH1 0xA SLOAD PUSH1 0x8 SLOAD MUL MUL DUP2 ISZERO ISZERO PUSH2 0xC2D JUMPI INVALID JUMPDEST DIV PUSH1 0xD DUP2 SWAP1 SSTORE POP PUSH1 0x4 SLOAD PUSH1 0x3 PUSH1 0x0 SWAP1 SLOAD SWAP1 PUSH2 0x100 EXP SWAP1 DIV PUSH1 0xFF AND PUSH1 0xFF AND PUSH1 0xA EXP PUSH1 0xA SLOAD PUSH1 0x9 SLOAD MUL MUL DUP2 ISZERO ISZERO PUSH2 0xC5E JUMPI INVALID JUMPDEST DIV PUSH1 0xE DUP2 SWAP1 SSTORE POP JUMP JUMPDEST PUSH1 0x5 PUSH1 0x20 MSTORE DUP1 PUSH1 0x0 MSTORE PUSH1 0x40 PUSH1 0x0 KECCAK256 PUSH1 0x0 SWAP2 POP SWAP1 POP SLOAD DUP2 JUMP JUMPDEST PUSH1 0xE SLOAD DUP2 JUMP JUMPDEST PUSH1 0x0 DUP2 PUSH1 0x6 PUSH1 0x0 CALLER PUSH20 0xFFFFFFFFFFFFFFFFFFFFFFFFFFFFFFFFFFFFFFFF AND PUSH20 0xFFFFFFFFFFFFFFFFFFFFFFFFFFFFFFFFFFFFFFFF AND DUP2 MSTORE PUSH1 0x20 ADD SWAP1 DUP2 MSTORE PUSH1 0x20 ADD PUSH1 0x0 KECCAK256 PUSH1 0x0 DUP6 PUSH20 0xFFFFFFFFFFFFFFFFFFFFFFFFFFFFFFFFFFFFFFFF AND PUSH20 0xFFFFFFFFFFFFFFFFFFFFFFFFFFFFFFFFFFFFFFFF AND DUP2 MSTORE PUSH1 0x20 ADD SWAP1 DUP2 MSTORE PUSH1 0x20 ADD PUSH1 0x0 KECCAK256 DUP2 SWAP1 SSTORE POP PUSH1 0x1 SWAP1 POP SWAP3 SWAP2 POP POP JUMP JUMPDEST PUSH1 0x0 DUP1 SWAP1 SLOAD SWAP1 PUSH2 0x100 EXP SWAP1 DIV PUSH20 0xFFFFFFFFFFFFFFFFFFFFFFFFFFFFFFFFFFFFFFFF AND DUP2 JUMP JUMPDEST PUSH1 0x2 DUP1 SLOAD PUSH1 0x1 DUP2 PUSH1 0x1 AND ISZERO PUSH2 0x100 MUL SUB AND PUSH1 0x2 SWAP1 DIV DUP1 PUSH1 0x1F ADD PUSH1 0x20 DUP1 SWAP2 DIV MUL PUSH1 0x20 ADD PUSH1 0x40 MLOAD SWAP1 DUP2 ADD PUSH1 0x40 MSTORE DUP1 SWAP3 SWAP2 SWAP1 DUP2 DUP2 MSTORE PUSH1 0x20 ADD DUP3 DUP1 SLOAD PUSH1 0x1 DUP2 PUSH1 0x1 AND ISZERO PUSH2 0x100 MUL SUB AND PUSH1 0x2 SWAP1 DIV DUP1 ISZERO PUSH2 0xDCD JUMPI DUP1 PUSH1 0x1F LT PUSH2 0xDA2 JUMPI PUSH2 0x100 DUP1 DUP4 SLOAD DIV MUL DUP4 MSTORE SWAP2 PUSH1 0x20 ADD SWAP2 PUSH2 0xDCD JUMP JUMPDEST DUP3 ADD SWAP2 SWAP1 PUSH1 0x0 MSTORE PUSH1 0x20 PUSH1 0x0 KECCAK256 SWAP1 JUMPDEST DUP2 SLOAD DUP2 MSTORE SWAP1 PUSH1 0x1 ADD SWAP1 PUSH1 0x20 ADD DUP1 DUP4 GT PUSH2 0xDB0 JUMPI DUP3 SWAP1 SUB PUSH1 0x1F AND DUP3 ADD SWAP2 JUMPDEST POP POP POP POP POP DUP2 JUMP JUMPDEST PUSH1 0x0 PUSH1 0xE SLOAD PUSH2 0x3E8 CALLVALUE MUL DUP2 ISZERO ISZERO PUSH2 0xDE8 JUMPI INVALID JUMPDEST DIV SWAP1 POP PUSH2 0xDF6 ADDRESS CALLER DUP4 PUSH2 0xFEE JUMP JUMPDEST POP JUMP JUMPDEST PUSH2 0xE04 CALLER DUP4 DUP4 PUSH2 0xFEE JUMP JUMPDEST POP POP JUMP JUMPDEST PUSH1 0x7 PUSH1 0x20 MSTORE DUP2 PUSH1 0x0 MSTORE PUSH1 0x40 PUSH1 0x0 KECCAK256 PUSH1 0x20 MSTORE DUP1 PUSH1 0x0 MSTORE PUSH1 0x40 PUSH1 0x0 KECCAK256 PUSH1 0x0 SWAP2 POP SWAP2 POP POP SLOAD DUP2 JUMP JUMPDEST PUSH2 0x3E8 PUSH1 0xD SLOAD DUP3 MUL DUP2 ISZERO ISZERO PUSH2 0xE3E JUMPI INVALID JUMPDEST DIV ADDRESS PUSH20 0xFFFFFFFFFFFFFFFFFFFFFFFFFFFFFFFFFFFFFFFF AND BALANCE LT ISZERO ISZERO ISZERO PUSH2 0xE64 JUMPI PUSH1 0x0 DUP1 REVERT JUMPDEST PUSH2 0xE6F CALLER ADDRESS DUP4 PUSH2 0xFEE JUMP JUMPDEST CALLER PUSH20 0xFFFFFFFFFFFFFFFFFFFFFFFFFFFFFFFFFFFFFFFF AND PUSH2 0x8FC PUSH2 0x3E8 PUSH1 0xD SLOAD DUP5 MUL DUP2 ISZERO ISZERO PUSH2 0xE9A JUMPI INVALID JUMPDEST DIV SWAP1 DUP2 ISZERO MUL SWAP1 PUSH1 0x40 MLOAD PUSH1 0x0 PUSH1 0x40 MLOAD DUP1 DUP4 SUB DUP2 DUP6 DUP9 DUP9 CALL SWAP4 POP POP POP POP ISZERO ISZERO PUSH2 0xEC0 JUMPI PUSH1 0x0 DUP1 REVERT JUMPDEST POP JUMP JUMPDEST PUSH1 0x0 DUP1 SWAP1 SLOAD SWAP1 PUSH2 0x100 EXP SWAP1 DIV PUSH20 0xFFFFFFFFFFFFFFFFFFFFFFFFFFFFFFFFFFFFFFFF AND PUSH20 0xFFFFFFFFFFFFFFFFFFFFFFFFFFFFFFFFFFFFFFFF AND CALLER PUSH20 0xFFFFFFFFFFFFFFFFFFFFFFFFFFFFFFFFFFFFFFFF AND EQ ISZERO ISZERO PUSH2 0xF1E JUMPI PUSH1 0x0 DUP1 REVERT JUMPDEST DUP1 PUSH1 0x0 DUP1 PUSH2 0x100 EXP DUP2 SLOAD DUP2 PUSH20 0xFFFFFFFFFFFFFFFFFFFFFFFFFFFFFFFFFFFFFFFF MUL NOT AND SWAP1 DUP4 PUSH20 0xFFFFFFFFFFFFFFFFFFFFFFFFFFFFFFFFFFFFFFFF AND MUL OR SWAP1 SSTORE POP POP JUMP JUMPDEST PUSH1 0x0 DUP2 PUSH1 0x7 PUSH1 0x0 CALLER PUSH20 0xFFFFFFFFFFFFFFFFFFFFFFFFFFFFFFFFFFFFFFFF AND PUSH20 0xFFFFFFFFFFFFFFFFFFFFFFFFFFFFFFFFFFFFFFFF AND DUP2 MSTORE PUSH1 0x20 ADD SWAP1 DUP2 MSTORE PUSH1 0x20 ADD PUSH1 0x0 KECCAK256 PUSH1 0x0 DUP6 PUSH20 0xFFFFFFFFFFFFFFFFFFFFFFFFFFFFFFFFFFFFFFFF AND PUSH20 0xFFFFFFFFFFFFFFFFFFFFFFFFFFFFFFFFFFFFFFFF AND DUP2 MSTORE PUSH1 0x20 ADD SWAP1 DUP2 MSTORE PUSH1 0x20 ADD PUSH1 0x0 KECCAK256 DUP2 SWAP1 SSTORE POP PUSH1 0x1 SWAP1 POP SWAP3 SWAP2 POP POP JUMP JUMPDEST PUSH1 0x0 DUP1 DUP4 PUSH20 0xFFFFFFFFFFFFFFFFFFFFFFFFFFFFFFFFFFFFFFFF AND EQ ISZERO ISZERO ISZERO PUSH2 0x1015 JUMPI PUSH1 0x0 DUP1 REVERT JUMPDEST DUP2 PUSH1 0x5 PUSH1 0x0 DUP7 PUSH20 0xFFFFFFFFFFFFFFFFFFFFFFFFFFFFFFFFFFFFFFFF AND PUSH20 0xFFFFFFFFFFFFFFFFFFFFFFFFFFFFFFFFFFFFFFFF AND DUP2 MSTORE PUSH1 0x20 ADD SWAP1 DUP2 MSTORE PUSH1 0x20 ADD PUSH1 0x0 KECCAK256 SLOAD LT ISZERO ISZERO ISZERO PUSH2 0x1063 JUMPI PUSH1 0x0 DUP1 REVERT JUMPDEST PUSH1 0x5 PUSH1 0x0 DUP5 PUSH20 0xFFFFFFFFFFFFFFFFFFFFFFFFFFFFFFFFFFFFFFFF AND PUSH20 0xFFFFFFFFFFFFFFFFFFFFFFFFFFFFFFFFFFFFFFFF AND DUP2 MSTORE PUSH1 0x20 ADD SWAP1 DUP2 MSTORE PUSH1 0x20 ADD PUSH1 0x0 KECCAK256 SLOAD DUP3 PUSH1 0x5 PUSH1 0x0 DUP7 PUSH20 0xFFFFFFFFFFFFFFFFFFFFFFFFFFFFFFFFFFFFFFFF AND PUSH20 0xFFFFFFFFFFFFFFFFFFFFFFFFFFFFFFFFFFFFFFFF AND DUP2 MSTORE PUSH1 0x20 ADD SWAP1 DUP2 MSTORE PUSH1 0x20 ADD PUSH1 0x0 KECCAK256 SLOAD ADD GT ISZERO ISZERO PUSH2 0x10F1 JUMPI PUSH1 0x0 DUP1 REVERT JUMPDEST PUSH1 0x5 PUSH1 0x0 DUP5 PUSH20 0xFFFFFFFFFFFFFFFFFFFFFFFFFFFFFFFFFFFFFFFF AND PUSH20 0xFFFFFFFFFFFFFFFFFFFFFFFFFFFFFFFFFFFFFFFF AND DUP2 MSTORE PUSH1 0x20 ADD SWAP1 DUP2 MSTORE PUSH1 0x20 ADD PUSH1 0x0 KECCAK256 SLOAD PUSH1 0x5 PUSH1 0x0 DUP7 PUSH20 0xFFFFFFFFFFFFFFFFFFFFFFFFFFFFFFFFFFFFFFFF AND PUSH20 0xFFFFFFFFFFFFFFFFFFFFFFFFFFFFFFFFFFFFFFFF AND DUP2 MSTORE PUSH1 0x20 ADD SWAP1 DUP2 MSTORE PUSH1 0x20 ADD PUSH1 0x0 KECCAK256 SLOAD ADD SWAP1 POP DUP2 PUSH1 0x5 PUSH1 0x0 DUP7 PUSH20 0xFFFFFFFFFFFFFFFFFFFFFFFFFFFFFFFFFFFFFFFF AND PUSH20 0xFFFFFFFFFFFFFFFFFFFFFFFFFFFFFFFFFFFFFFFF AND DUP2 MSTORE PUSH1 0x20 ADD SWAP1 DUP2 MSTORE PUSH1 0x20 ADD PUSH1 0x0 KECCAK256 PUSH1 0x0 DUP3 DUP3 SLOAD SUB SWAP3 POP POP DUP2 SWAP1 SSTORE POP DUP2 PUSH1 0x5 PUSH1 0x0 DUP6 PUSH20 0xFFFFFFFFFFFFFFFFFFFFFFFFFFFFFFFFFFFFFFFF AND PUSH20 0xFFFFFFFFFFFFFFFFFFFFFFFFFFFFFFFFFFFFFFFF AND DUP2 MSTORE PUSH1 0x20 ADD SWAP1 DUP2 MSTORE PUSH1 0x20 ADD PUSH1 0x0 KECCAK256 PUSH1 0x0 DUP3 DUP3 SLOAD ADD SWAP3 POP POP DUP2 SWAP1 SSTORE POP DUP3 PUSH20 0xFFFFFFFFFFFFFFFFFFFFFFFFFFFFFFFFFFFFFFFF AND DUP5 PUSH20 0xFFFFFFFFFFFFFFFFFFFFFFFFFFFFFFFFFFFFFFFF AND PUSH32 0xDDF252AD1BE2C89B69C2B068FC378DAA952BA7F163C4A11628F55A4DF523B3EF DUP5 PUSH1 0x40 MLOAD DUP1 DUP3 DUP2 MSTORE PUSH1 0x20 ADD SWAP2 POP POP PUSH1 0x40 MLOAD DUP1 SWAP2 SUB SWAP1 LOG3 DUP1 PUSH1 0x5 PUSH1 0x0 DUP6 PUSH20 0xFFFFFFFFFFFFFFFFFFFFFFFFFFFFFFFFFFFFFFFF AND PUSH20 0xFFFFFFFFFFFFFFFFFFFFFFFFFFFFFFFFFFFFFFFF AND DUP2 MSTORE PUSH1 0x20 ADD SWAP1 DUP2 MSTORE PUSH1 0x20 ADD PUSH1 0x0 KECCAK256 SLOAD PUSH1 0x5 PUSH1 0x0 DUP8 PUSH20 0xFFFFFFFFFFFFFFFFFFFFFFFFFFFFFFFFFFFFFFFF AND PUSH20 0xFFFFFFFFFFFFFFFFFFFFFFFFFFFFFFFFFFFFFFFF AND DUP2 MSTORE PUSH1 0x20 ADD SWAP1 DUP2 MSTORE PUSH1 0x20 ADD PUSH1 0x0 KECCAK256 SLOAD ADD EQ ISZERO ISZERO PUSH2 0x12FE JUMPI INVALID JUMPDEST POP POP POP POP JUMP STOP LOG1 PUSH6 0x627A7A723058 KECCAK256 0xbd CREATE TIMESTAMP JUMP 0xbd 0x2c PUSH9 0xE55B3CEC4DFFF4944E 0x26 0x4a 0xe6 CALLDATASIZE 0xd2 0xb2 SMOD SWAP9 0xa6 ADDRESS 0xd4 0xbc TIMESTAMP 0xc8 0xe0 DUP8 STOP 0x29
1,PUSH1 0x60 PUSH1 0x40 MSTORE CALLVALUE ISZERO PUSH2 0xF JUMPI PUSH1 0x0 DUP1 REVERT JUMPDEST PUSH4 0x5F5E100 PUSH1 0x2 DUP2 SWAP1 SSTORE POP PUSH32 0x454C490000000000000000000000000000000000000000000000000000000000 PUSH1 0x5 DUP2 PUSH1 0x0 NOT AND SWAP1 SSTORE POP PUSH20 0x9428332E3504AB699CDB3A4425D1009727892494 PUSH1 0x4 PUSH1 0x0 PUSH2 0x100 EXP DUP2 SLOAD DUP2 PUSH20 0xFFFFFFFFFFFFFFFFFFFFFFFFFFFFFFFFFFFFFFFF MUL NOT AND SWAP1 DUP4 PUSH20 0xFFFFFFFFFFFFFFFFFFFFFFFFFFFFFFFFFFFFFFFF AND MUL OR SWAP1 SSTORE POP PUSH1 0x2 SLOAD PUSH1 0x1 PUSH1 0x0 PUSH1 0x4 PUSH1 0x0 SWAP1 SLOAD SWAP1 PUSH2 0x100 EXP SWAP1 DIV PUSH20 0xFFFFFFFFFFFFFFFFFFFFFFFFFFFFFFFFFFFFFFFF AND PUSH20 0xFFFFFFFFFFFFFFFFFFFFFFFFFFFFFFFFFFFFFFFF AND PUSH20 0xFFFFFFFFFFFFFFFFFFFFFFFFFFFFFFFFFFFFFFFF AND DUP2 MSTORE PUSH1 0x20 ADD SWAP1 DUP2 MSTORE PUSH1 0x20 ADD PUSH1 0x0 KECCAK256 DUP2 SWAP1 SSTORE POP PUSH1 0x0 PUSH1 0x3 DUP2 SWAP1 SSTORE POP PUSH2 0xA9F DUP1 PUSH2 0x119 PUSH1 0x0 CODECOPY PUSH1 0x0 RETURN STOP PUSH1 0x60 PUSH1 0x40 MSTORE PUSH1 0x4 CALLDATASIZE LT PUSH2 0x99 JUMPI PUSH1 0x0 CALLDATALOAD PUSH29 0x100000000000000000000000000000000000000000000000000000000 SWAP1 DIV PUSH4 0xFFFFFFFF AND DUP1 PUSH4 0x95EA7B3 EQ PUSH2 0xA9 JUMPI DUP1 PUSH4 0x18160DDD EQ PUSH2 0x103 JUMPI DUP1 PUSH4 0x23B872DD EQ PUSH2 0x12C JUMPI DUP1 PUSH4 0x313CE567 EQ PUSH2 0x1A5 JUMPI DUP1 PUSH4 0x70A08231 EQ PUSH2 0x1CE JUMPI DUP1 PUSH4 0x8DA5CB5B EQ PUSH2 0x21B JUMPI DUP1 PUSH4 0x95D89B41 EQ PUSH2 0x270 JUMPI DUP1 PUSH4 0xA9059CBB EQ PUSH2 0x2A1 JUMPI DUP1 PUSH4 0xDD62ED3E EQ PUSH2 0x2FB JUMPI JUMPDEST CALLVALUE ISZERO PUSH2 0xA4 JUMPI PUSH1 0x0 DUP1 REVERT JUMPDEST PUSH1 0x0 DUP1 REVERT JUMPDEST CALLVALUE ISZERO PUSH2 0xB4 JUMPI PUSH1 0x0 DUP1 REVERT JUMPDEST PUSH2 0xE9 PUSH1 0x4 DUP1 DUP1 CALLDATALOAD PUSH20 0xFFFFFFFFFFFFFFFFFFFFFFFFFFFFFFFFFFFFFFFF AND SWAP1 PUSH1 0x20 ADD SWAP1 SWAP2 SWAP1 DUP1 CALLDATALOAD SWAP1 PUSH1 0x20 ADD SWAP1 SWAP2 SWAP1 POP POP PUSH2 0x367 JUMP JUMPDEST PUSH1 0x40 MLOAD DUP1 DUP3 ISZERO ISZERO ISZERO ISZERO DUP2 MSTORE PUSH1 0x20 ADD SWAP2 POP POP PUSH1 0x40 MLOAD DUP1 SWAP2 SUB SWAP1 RETURN JUMPDEST CALLVALUE ISZERO PUSH2 0x10E JUMPI PUSH1 0x0 DUP1 REVERT JUMPDEST PUSH2 0x116 PUSH2 0x4EC JUMP JUMPDEST PUSH1 0x40 MLOAD DUP1 DUP3 DUP2 MSTORE PUSH1 0x20 ADD SWAP2 POP POP PUSH1 0x40 MLOAD DUP1 SWAP2 SUB SWAP1 RETURN JUMPDEST CALLVALUE ISZERO PUSH2 0x137 JUMPI PUSH1 0x0 DUP1 REVERT JUMPDEST PUSH2 0x18B PUSH1 0x4 DUP1 DUP1 CALLDATALOAD PUSH20 0xFFFFFFFFFFFFFFFFFFFFFFFFFFFFFFFFFFFFFFFF AND SWAP1 PUSH1 0x20 ADD SWAP1 SWAP2 SWAP1 DUP1 CALLDATALOAD PUSH20 0xFFFFFFFFFFFFFFFFFFFFFFFFFFFFFFFFFFFFFFFF AND SWAP1 PUSH1 0x20 ADD SWAP1 SWAP2 SWAP1 DUP1 CALLDATALOAD SWAP1 PUSH1 0x20 ADD SWAP1 SWAP2 SWAP1 POP POP PUSH2 0x4F2 JUMP JUMPDEST PUSH1 0x40 MLOAD DUP1 DUP3 ISZERO ISZERO ISZERO ISZERO DUP2 MSTORE PUSH1 0x20 ADD SWAP2 POP POP PUSH1 0x40 MLOAD DUP1 SWAP2 SUB SWAP1 RETURN JUMPDEST CALLVALUE ISZERO PUSH2 0x1B0 JUMPI PUSH1 0x0 DUP1 REVERT JUMPDEST PUSH2 0x1B8 PUSH2 0x7A0 JUMP JUMPDEST PUSH1 0x40 MLOAD DUP1 DUP3 DUP2 MSTORE PUSH1 0x20 ADD SWAP2 POP POP PUSH1 0x40 MLOAD DUP1 SWAP2 SUB SWAP1 RETURN JUMPDEST CALLVALUE ISZERO PUSH2 0x1D9 JUMPI PUSH1 0x0 DUP1 REVERT JUMPDEST PUSH2 0x205 PUSH1 0x4 DUP1 DUP1 CALLDATALOAD PUSH20 0xFFFFFFFFFFFFFFFFFFFFFFFFFFFFFFFFFFFFFFFF AND SWAP1 PUSH1 0x20 ADD SWAP1 SWAP2 SWAP1 POP POP PUSH2 0x7A6 JUMP JUMPDEST PUSH1 0x40 MLOAD DUP1 DUP3 DUP2 MSTORE PUSH1 0x20 ADD SWAP2 POP POP PUSH1 0x40 MLOAD DUP1 SWAP2 SUB SWAP1 RETURN JUMPDEST CALLVALUE ISZERO PUSH2 0x226 JUMPI PUSH1 0x0 DUP1 REVERT JUMPDEST PUSH2 0x22E PUSH2 0x7EF JUMP JUMPDEST PUSH1 0x40 MLOAD DUP1 DUP3 PUSH20 0xFFFFFFFFFFFFFFFFFFFFFFFFFFFFFFFFFFFFFFFF AND PUSH20 0xFFFFFFFFFFFFFFFFFFFFFFFFFFFFFFFFFFFFFFFF AND DUP2 MSTORE PUSH1 0x20 ADD SWAP2 POP POP PUSH1 0x40 MLOAD DUP1 SWAP2 SUB SWAP1 RETURN JUMPDEST CALLVALUE ISZERO PUSH2 0x27B JUMPI PUSH1 0x0 DUP1 REVERT JUMPDEST PUSH2 0x283 PUSH2 0x815 JUMP JUMPDEST PUSH1 0x40 MLOAD DUP1 DUP3 PUSH1 0x0 NOT AND PUSH1 0x0 NOT AND DUP2 MSTORE PUSH1 0x20 ADD SWAP2 POP POP PUSH1 0x40 MLOAD DUP1 SWAP2 SUB SWAP1 RETURN JUMPDEST CALLVALUE ISZERO PUSH2 0x2AC JUMPI PUSH1 0x0 DUP1 REVERT JUMPDEST PUSH2 0x2E1 PUSH1 0x4 DUP1 DUP1 CALLDATALOAD PUSH20 0xFFFFFFFFFFFFFFFFFFFFFFFFFFFFFFFFFFFFFFFF AND SWAP1 PUSH1 0x20 ADD SWAP1 SWAP2 SWAP1 DUP1 CALLDATALOAD SWAP1 PUSH1 0x20 ADD SWAP1 SWAP2 SWAP1 POP POP PUSH2 0x81B JUMP JUMPDEST PUSH1 0x40 MLOAD DUP1 DUP3 ISZERO ISZERO ISZERO ISZERO DUP2 MSTORE PUSH1 0x20 ADD SWAP2 POP POP PUSH1 0x40 MLOAD DUP1 SWAP2 SUB SWAP1 RETURN JUMPDEST CALLVALUE ISZERO PUSH2 0x306 JUMPI PUSH1 0x0 DUP1 REVERT JUMPDEST PUSH2 0x351 PUSH1 0x4 DUP1 DUP1 CALLDATALOAD PUSH20 0xFFFFFFFFFFFFFFFFFFFFFFFFFFFFFFFFFFFFFFFF AND SWAP1 PUSH1 0x20 ADD SWAP1 SWAP2 SWAP1 DUP1 CALLDATALOAD PUSH20 0xFFFFFFFFFFFFFFFFFFFFFFFFFFFFFFFFFFFFFFFF AND SWAP1 PUSH1 0x20 ADD SWAP1 SWAP2 SWAP1 POP POP PUSH2 0x9B6 JUMP JUMPDEST PUSH1 0x40 MLOAD DUP1 DUP3 DUP2 MSTORE PUSH1 0x20 ADD SWAP2 POP POP PUSH1 0x40 MLOAD DUP1 SWAP2 SUB SWAP1 RETURN JUMPDEST PUSH1 0x0 DUP1 DUP3 EQ DUP1 PUSH2 0x3F2 JUMPI POP PUSH1 0x0 DUP1 PUSH1 0x0 CALLER PUSH20 0xFFFFFFFFFFFFFFFFFFFFFFFFFFFFFFFFFFFFFFFF AND PUSH20 0xFFFFFFFFFFFFFFFFFFFFFFFFFFFFFFFFFFFFFFFF AND DUP2 MSTORE PUSH1 0x20 ADD SWAP1 DUP2 MSTORE PUSH1 0x20 ADD PUSH1 0x0 KECCAK256 PUSH1 0x0 DUP6 PUSH20 0xFFFFFFFFFFFFFFFFFFFFFFFFFFFFFFFFFFFFFFFF AND PUSH20 0xFFFFFFFFFFFFFFFFFFFFFFFFFFFFFFFFFFFFFFFF AND DUP2 MSTORE PUSH1 0x20 ADD SWAP1 DUP2 MSTORE PUSH1 0x20 ADD PUSH1 0x0 KECCAK256 SLOAD EQ JUMPDEST ISZERO ISZERO PUSH2 0x3FD JUMPI PUSH1 0x0 DUP1 REVERT JUMPDEST DUP2 PUSH1 0x0 DUP1 CALLER PUSH20 0xFFFFFFFFFFFFFFFFFFFFFFFFFFFFFFFFFFFFFFFF AND PUSH20 0xFFFFFFFFFFFFFFFFFFFFFFFFFFFFFFFFFFFFFFFF AND DUP2 MSTORE PUSH1 0x20 ADD SWAP1 DUP2 MSTORE PUSH1 0x20 ADD PUSH1 0x0 KECCAK256 PUSH1 0x0 DUP6 PUSH20 0xFFFFFFFFFFFFFFFFFFFFFFFFFFFFFFFFFFFFFFFF AND PUSH20 0xFFFFFFFFFFFFFFFFFFFFFFFFFFFFFFFFFFFFFFFF AND DUP2 MSTORE PUSH1 0x20 ADD SWAP1 DUP2 MSTORE PUSH1 0x20 ADD PUSH1 0x0 KECCAK256 DUP2 SWAP1 SSTORE POP DUP3 PUSH20 0xFFFFFFFFFFFFFFFFFFFFFFFFFFFFFFFFFFFFFFFF AND CALLER PUSH20 0xFFFFFFFFFFFFFFFFFFFFFFFFFFFFFFFFFFFFFFFF AND PUSH32 0x8C5BE1E5EBEC7D5BD14F71427D1E84F3DD0314C0F7B2291E5B200AC8C7C3B925 DUP5 PUSH1 0x40 MLOAD DUP1 DUP3 DUP2 MSTORE PUSH1 0x20 ADD SWAP2 POP POP PUSH1 0x40 MLOAD DUP1 SWAP2 SUB SWAP1 LOG3 PUSH1 0x1 SWAP1 POP SWAP3 SWAP2 POP POP JUMP JUMPDEST PUSH1 0x2 SLOAD DUP2 JUMP JUMPDEST PUSH1 0x0 DUP1 PUSH1 0x0 DUP1 DUP7 PUSH20 0xFFFFFFFFFFFFFFFFFFFFFFFFFFFFFFFFFFFFFFFF AND PUSH20 0xFFFFFFFFFFFFFFFFFFFFFFFFFFFFFFFFFFFFFFFF AND DUP2 MSTORE PUSH1 0x20 ADD SWAP1 DUP2 MSTORE PUSH1 0x20 ADD PUSH1 0x0 KECCAK256 PUSH1 0x0 CALLER PUSH20 0xFFFFFFFFFFFFFFFFFFFFFFFFFFFFFFFFFFFFFFFF AND PUSH20 0xFFFFFFFFFFFFFFFFFFFFFFFFFFFFFFFFFFFFFFFF AND DUP2 MSTORE PUSH1 0x20 ADD SWAP1 DUP2 MSTORE PUSH1 0x20 ADD PUSH1 0x0 KECCAK256 SLOAD SWAP1 POP PUSH2 0x5C5 DUP4 PUSH1 0x1 PUSH1 0x0 DUP8 PUSH20 0xFFFFFFFFFFFFFFFFFFFFFFFFFFFFFFFFFFFFFFFF AND PUSH20 0xFFFFFFFFFFFFFFFFFFFFFFFFFFFFFFFFFFFFFFFF AND DUP2 MSTORE PUSH1 0x20 ADD SWAP1 DUP2 MSTORE PUSH1 0x20 ADD PUSH1 0x0 KECCAK256 SLOAD PUSH2 0xA3C SWAP1 SWAP2 SWAP1 PUSH4 0xFFFFFFFF AND JUMP JUMPDEST PUSH1 0x1 PUSH1 0x0 DUP7 PUSH20 0xFFFFFFFFFFFFFFFFFFFFFFFFFFFFFFFFFFFFFFFF AND PUSH20 0xFFFFFFFFFFFFFFFFFFFFFFFFFFFFFFFFFFFFFFFF AND DUP2 MSTORE PUSH1 0x20 ADD SWAP1 DUP2 MSTORE PUSH1 0x20 ADD PUSH1 0x0 KECCAK256 DUP2 SWAP1 SSTORE POP PUSH2 0x65A DUP4 PUSH1 0x1 PUSH1 0x0 DUP9 PUSH20 0xFFFFFFFFFFFFFFFFFFFFFFFFFFFFFFFFFFFFFFFF AND PUSH20 0xFFFFFFFFFFFFFFFFFFFFFFFFFFFFFFFFFFFFFFFF AND DUP2 MSTORE PUSH1 0x20 ADD SWAP1 DUP2 MSTORE PUSH1 0x20 ADD PUSH1 0x0 KECCAK256 SLOAD PUSH2 0xA5A SWAP1 SWAP2 SWAP1 PUSH4 0xFFFFFFFF AND JUMP JUMPDEST PUSH1 0x1 PUSH1 0x0 DUP8 PUSH20 0xFFFFFFFFFFFFFFFFFFFFFFFFFFFFFFFFFFFFFFFF AND PUSH20 0xFFFFFFFFFFFFFFFFFFFFFFFFFFFFFFFFFFFFFFFF AND DUP2 MSTORE PUSH1 0x20 ADD SWAP1 DUP2 MSTORE PUSH1 0x20 ADD PUSH1 0x0 KECCAK256 DUP2 SWAP1 SSTORE POP PUSH2 0x6B0 DUP4 DUP3 PUSH2 0xA5A SWAP1 SWAP2 SWAP1 PUSH4 0xFFFFFFFF AND JUMP JUMPDEST PUSH1 0x0 DUP1 DUP8 PUSH20 0xFFFFFFFFFFFFFFFFFFFFFFFFFFFFFFFFFFFFFFFF AND PUSH20 0xFFFFFFFFFFFFFFFFFFFFFFFFFFFFFFFFFFFFFFFF AND DUP2 MSTORE PUSH1 0x20 ADD SWAP1 DUP2 MSTORE PUSH1 0x20 ADD PUSH1 0x0 KECCAK256 PUSH1 0x0 CALLER PUSH20 0xFFFFFFFFFFFFFFFFFFFFFFFFFFFFFFFFFFFFFFFF AND PUSH20 0xFFFFFFFFFFFFFFFFFFFFFFFFFFFFFFFFFFFFFFFF AND DUP2 MSTORE PUSH1 0x20 ADD SWAP1 DUP2 MSTORE PUSH1 0x20 ADD PUSH1 0x0 KECCAK256 DUP2 SWAP1 SSTORE POP DUP4 PUSH20 0xFFFFFFFFFFFFFFFFFFFFFFFFFFFFFFFFFFFFFFFF AND DUP6 PUSH20 0xFFFFFFFFFFFFFFFFFFFFFFFFFFFFFFFFFFFFFFFF AND PUSH32 0xDDF252AD1BE2C89B69C2B068FC378DAA952BA7F163C4A11628F55A4DF523B3EF DUP6 PUSH1 0x40 MLOAD DUP1 DUP3 DUP2 MSTORE PUSH1 0x20 ADD SWAP2 POP POP PUSH1 0x40 MLOAD DUP1 SWAP2 SUB SWAP1 LOG3 PUSH1 0x1 SWAP2 POP POP SWAP4 SWAP3 POP POP POP JUMP JUMPDEST PUSH1 0x3 SLOAD DUP2 JUMP JUMPDEST PUSH1 0x0 PUSH1 0x1 PUSH1 0x0 DUP4 PUSH20 0xFFFFFFFFFFFFFFFFFFFFFFFFFFFFFFFFFFFFFFFF AND PUSH20 0xFFFFFFFFFFFFFFFFFFFFFFFFFFFFFFFFFFFFFFFF AND DUP2 MSTORE PUSH1 0x20 ADD SWAP1 DUP2 MSTORE PUSH1 0x20 ADD PUSH1 0x0 KECCAK256 SLOAD SWAP1 POP SWAP2 SWAP1 POP JUMP JUMPDEST PUSH1 0x4 PUSH1 0x0 SWAP1 SLOAD SWAP1 PUSH2 0x100 EXP SWAP1 DIV PUSH20 0xFFFFFFFFFFFFFFFFFFFFFFFFFFFFFFFFFFFFFFFF AND DUP2 JUMP JUMPDEST PUSH1 0x5 SLOAD DUP2 JUMP JUMPDEST PUSH1 0x0 PUSH2 0x86F DUP3 PUSH1 0x1 PUSH1 0x0 CALLER PUSH20 0xFFFFFFFFFFFFFFFFFFFFFFFFFFFFFFFFFFFFFFFF AND PUSH20 0xFFFFFFFFFFFFFFFFFFFFFFFFFFFFFFFFFFFFFFFF AND DUP2 MSTORE PUSH1 0x20 ADD SWAP1 DUP2 MSTORE PUSH1 0x20 ADD PUSH1 0x0 KECCAK256 SLOAD PUSH2 0xA5A SWAP1 SWAP2 SWAP1 PUSH4 0xFFFFFFFF AND JUMP JUMPDEST PUSH1 0x1 PUSH1 0x0 CALLER PUSH20 0xFFFFFFFFFFFFFFFFFFFFFFFFFFFFFFFFFFFFFFFF AND PUSH20 0xFFFFFFFFFFFFFFFFFFFFFFFFFFFFFFFFFFFFFFFF AND DUP2 MSTORE PUSH1 0x20 ADD SWAP1 DUP2 MSTORE PUSH1 0x20 ADD PUSH1 0x0 KECCAK256 DUP2 SWAP1 SSTORE POP PUSH2 0x904 DUP3 PUSH1 0x1 PUSH1 0x0 DUP7 PUSH20 0xFFFFFFFFFFFFFFFFFFFFFFFFFFFFFFFFFFFFFFFF AND PUSH20 0xFFFFFFFFFFFFFFFFFFFFFFFFFFFFFFFFFFFFFFFF AND DUP2 MSTORE PUSH1 0x20 ADD SWAP1 DUP2 MSTORE PUSH1 0x20 ADD PUSH1 0x0 KECCAK256 SLOAD PUSH2 0xA3C SWAP1 SWAP2 SWAP1 PUSH4 0xFFFFFFFF AND JUMP JUMPDEST PUSH1 0x1 PUSH1 0x0 DUP6 PUSH20 0xFFFFFFFFFFFFFFFFFFFFFFFFFFFFFFFFFFFFFFFF AND PUSH20 0xFFFFFFFFFFFFFFFFFFFFFFFFFFFFFFFFFFFFFFFF AND DUP2 MSTORE PUSH1 0x20 ADD SWAP1 DUP2 MSTORE PUSH1 0x20 ADD PUSH1 0x0 KECCAK256 DUP2 SWAP1 SSTORE POP DUP3 PUSH20 0xFFFFFFFFFFFFFFFFFFFFFFFFFFFFFFFFFFFFFFFF AND CALLER PUSH20 0xFFFFFFFFFFFFFFFFFFFFFFFFFFFFFFFFFFFFFFFF AND PUSH32 0xDDF252AD1BE2C89B69C2B068FC378DAA952BA7F163C4A11628F55A4DF523B3EF DUP5 PUSH1 0x40 MLOAD DUP1 DUP3 DUP2 MSTORE PUSH1 0x20 ADD SWAP2 POP POP PUSH1 0x40 MLOAD DUP1 SWAP2 SUB SWAP1 LOG3 PUSH1 0x1 SWAP1 POP SWAP3 SWAP2 POP POP JUMP JUMPDEST PUSH1 0x0 DUP1 PUSH1 0x0 DUP5 PUSH20 0xFFFFFFFFFFFFFFFFFFFFFFFFFFFFFFFFFFFFFFFF AND PUSH20 0xFFFFFFFFFFFFFFFFFFFFFFFFFFFFFFFFFFFFFFFF AND DUP2 MSTORE PUSH1 0x20 ADD SWAP1 DUP2 MSTORE PUSH1 0x20 ADD PUSH1 0x0 KECCAK256 PUSH1 0x0 DUP4 PUSH20 0xFFFFFFFFFFFFFFFFFFFFFFFFFFFFFFFFFFFFFFFF AND PUSH20 0xFFFFFFFFFFFFFFFFFFFFFFFFFFFFFFFFFFFFFFFF AND DUP2 MSTORE PUSH1 0x20 ADD SWAP1 DUP2 MSTORE PUSH1 0x20 ADD PUSH1 0x0 KECCAK256 SLOAD SWAP1 POP SWAP3 SWAP2 POP POP JUMP JUMPDEST PUSH1 0x0 DUP1 DUP3 DUP5 ADD SWAP1 POP DUP4 DUP2 LT ISZERO ISZERO ISZERO PUSH2 0xA50 JUMPI INVALID JUMPDEST DUP1 SWAP2 POP POP SWAP3 SWAP2 POP POP JUMP JUMPDEST PUSH1 0x0 DUP3 DUP3 GT ISZERO ISZERO ISZERO PUSH2 0xA68 JUMPI INVALID JUMPDEST DUP2 DUP4 SUB SWAP1 POP SWAP3 SWAP2 POP POP JUMP STOP LOG1 PUSH6 0x627A7A723058 KECCAK256 CALLCODE 0xc7 MUL DUP14 DUP9 PUSH3 0x8D2292 LOG4 DUP2 COINBASE 0xcd 0x3f PUSH3 0xCF7867 SWAP4 EQ DUP12 DIFFICULTY PUSH14 0xC0BDAC1D0535680D420029000000
1,PUSH1 0x60 PUSH1 0x40 MSTORE PUSH1 0x40 DUP1 MLOAD SWAP1 DUP2 ADD PUSH1 0x40 MSTORE DUP1 PUSH1 0x9 DUP2 MSTORE PUSH1 0x20 ADD PUSH32 0x436F787878436F696E0000000000000000000000000000000000000000000000 DUP2 MSTORE POP PUSH1 0x0 SWAP1 DUP1 MLOAD SWAP1 PUSH1 0x20 ADD SWAP1 PUSH3 0x51 SWAP3 SWAP2 SWAP1 PUSH3 0x1DA JUMP JUMPDEST POP PUSH1 0x40 DUP1 MLOAD SWAP1 DUP2 ADD PUSH1 0x40 MSTORE DUP1 PUSH1 0x3 DUP2 MSTORE PUSH1 0x20 ADD PUSH32 0x4358430000000000000000000000000000000000000000000000000000000000 DUP2 MSTORE POP PUSH1 0x1 SWAP1 DUP1 MLOAD SWAP1 PUSH1 0x20 ADD SWAP1 PUSH3 0x9F SWAP3 SWAP2 SWAP1 PUSH3 0x1DA JUMP JUMPDEST POP PUSH1 0x12 PUSH1 0x2 PUSH1 0x0 PUSH2 0x100 EXP DUP2 SLOAD DUP2 PUSH1 0xFF MUL NOT AND SWAP1 DUP4 PUSH1 0xFF AND MUL OR SWAP1 SSTORE POP PUSH4 0x3B9ACA00 PUSH1 0x3 SSTORE CALLVALUE ISZERO PUSH3 0xD0 JUMPI PUSH1 0x0 DUP1 REVERT JUMPDEST PUSH1 0x2 PUSH1 0x0 SWAP1 SLOAD SWAP1 PUSH2 0x100 EXP SWAP1 DIV PUSH1 0xFF AND PUSH1 0xFF AND PUSH1 0xA EXP PUSH4 0x3B9ACA00 MUL PUSH1 0x3 DUP2 SWAP1 SSTORE POP PUSH1 0x3 SLOAD PUSH1 0x4 PUSH1 0x0 CALLER PUSH20 0xFFFFFFFFFFFFFFFFFFFFFFFFFFFFFFFFFFFFFFFF AND PUSH20 0xFFFFFFFFFFFFFFFFFFFFFFFFFFFFFFFFFFFFFFFF AND DUP2 MSTORE PUSH1 0x20 ADD SWAP1 DUP2 MSTORE PUSH1 0x20 ADD PUSH1 0x0 KECCAK256 DUP2 SWAP1 SSTORE POP PUSH1 0x40 DUP1 MLOAD SWAP1 DUP2 ADD PUSH1 0x40 MSTORE DUP1 PUSH1 0x9 DUP2 MSTORE PUSH1 0x20 ADD PUSH32 0x436F787878436F696E0000000000000000000000000000000000000000000000 DUP2 MSTORE POP PUSH1 0x0 SWAP1 DUP1 MLOAD SWAP1 PUSH1 0x20 ADD SWAP1 PUSH3 0x185 SWAP3 SWAP2 SWAP1 PUSH3 0x1DA JUMP JUMPDEST POP PUSH1 0x40 DUP1 MLOAD SWAP1 DUP2 ADD PUSH1 0x40 MSTORE DUP1 PUSH1 0x3 DUP2 MSTORE PUSH1 0x20 ADD PUSH32 0x4358430000000000000000000000000000000000000000000000000000000000 DUP2 MSTORE POP PUSH1 0x1 SWAP1 DUP1 MLOAD SWAP1 PUSH1 0x20 ADD SWAP1 PUSH3 0x1D3 SWAP3 SWAP2 SWAP1 PUSH3 0x1DA JUMP JUMPDEST POP PUSH3 0x289 JUMP JUMPDEST DUP3 DUP1 SLOAD PUSH1 0x1 DUP2 PUSH1 0x1 AND ISZERO PUSH2 0x100 MUL SUB AND PUSH1 0x2 SWAP1 DIV SWAP1 PUSH1 0x0 MSTORE PUSH1 0x20 PUSH1 0x0 KECCAK256 SWAP1 PUSH1 0x1F ADD PUSH1 0x20 SWAP1 DIV DUP2 ADD SWAP3 DUP3 PUSH1 0x1F LT PUSH3 0x21D JUMPI DUP1 MLOAD PUSH1 0xFF NOT AND DUP4 DUP1 ADD OR DUP6 SSTORE PUSH3 0x24E JUMP JUMPDEST DUP3 DUP1 ADD PUSH1 0x1 ADD DUP6 SSTORE DUP3 ISZERO PUSH3 0x24E JUMPI SWAP2 DUP3 ADD JUMPDEST DUP3 DUP2 GT ISZERO PUSH3 0x24D JUMPI DUP3 MLOAD DUP3 SSTORE SWAP2 PUSH1 0x20 ADD SWAP2 SWAP1 PUSH1 0x1 ADD SWAP1 PUSH3 0x230 JUMP JUMPDEST JUMPDEST POP SWAP1 POP PUSH3 0x25D SWAP2 SWAP1 PUSH3 0x261 JUMP JUMPDEST POP SWAP1 JUMP JUMPDEST PUSH3 0x286 SWAP2 SWAP1 JUMPDEST DUP1 DUP3 GT ISZERO PUSH3 0x282 JUMPI PUSH1 0x0 DUP2 PUSH1 0x0 SWAP1 SSTORE POP PUSH1 0x1 ADD PUSH3 0x268 JUMP JUMPDEST POP SWAP1 JUMP JUMPDEST SWAP1 JUMP JUMPDEST PUSH2 0x106C DUP1 PUSH3 0x299 PUSH1 0x0 CODECOPY PUSH1 0x0 RETURN STOP PUSH1 0x60 PUSH1 0x40 MSTORE PUSH1 0x4 CALLDATASIZE LT PUSH2 0xBA JUMPI PUSH1 0x0 CALLDATALOAD PUSH29 0x100000000000000000000000000000000000000000000000000000000 SWAP1 DIV PUSH4 0xFFFFFFFF AND DUP1 PUSH4 0x6FDDE03 EQ PUSH2 0xBF JUMPI DUP1 PUSH4 0x95EA7B3 EQ PUSH2 0x14D JUMPI DUP1 PUSH4 0x18160DDD EQ PUSH2 0x1A7 JUMPI DUP1 PUSH4 0x23B872DD EQ PUSH2 0x1D0 JUMPI DUP1 PUSH4 0x313CE567 EQ PUSH2 0x249 JUMPI DUP1 PUSH4 0x42966C68 EQ PUSH2 0x278 JUMPI DUP1 PUSH4 0x70A08231 EQ PUSH2 0x2B3 JUMPI DUP1 PUSH4 0x79CC6790 EQ PUSH2 0x300 JUMPI DUP1 PUSH4 0x95D89B41 EQ PUSH2 0x35A JUMPI DUP1 PUSH4 0xA9059CBB EQ PUSH2 0x3E8 JUMPI DUP1 PUSH4 0xCAE9CA51 EQ PUSH2 0x42A JUMPI DUP1 PUSH4 0xDD62ED3E EQ PUSH2 0x4C7 JUMPI JUMPDEST PUSH1 0x0 DUP1 REVERT JUMPDEST CALLVALUE ISZERO PUSH2 0xCA JUMPI PUSH1 0x0 DUP1 REVERT JUMPDEST PUSH2 0xD2 PUSH2 0x533 JUMP JUMPDEST PUSH1 0x40 MLOAD DUP1 DUP1 PUSH1 0x20 ADD DUP3 DUP2 SUB DUP3 MSTORE DUP4 DUP2 DUP2 MLOAD DUP2 MSTORE PUSH1 0x20 ADD SWAP2 POP DUP1 MLOAD SWAP1 PUSH1 0x20 ADD SWAP1 DUP1 DUP4 DUP4 PUSH1 0x0 JUMPDEST DUP4 DUP2 LT ISZERO PUSH2 0x112 JUMPI DUP1 DUP3 ADD MLOAD DUP2 DUP5 ADD MSTORE PUSH1 0x20 DUP2 ADD SWAP1 POP PUSH2 0xF7 JUMP JUMPDEST POP POP POP POP SWAP1 POP SWAP1 DUP2 ADD SWAP1 PUSH1 0x1F AND DUP1 ISZERO PUSH2 0x13F JUMPI DUP1 DUP3 SUB DUP1 MLOAD PUSH1 0x1 DUP4 PUSH1 0x20 SUB PUSH2 0x100 EXP SUB NOT AND DUP2 MSTORE PUSH1 0x20 ADD SWAP2 POP JUMPDEST POP SWAP3 POP POP POP PUSH1 0x40 MLOAD DUP1 SWAP2 SUB SWAP1 RETURN JUMPDEST CALLVALUE ISZERO PUSH2 0x158 JUMPI PUSH1 0x0 DUP1 REVERT JUMPDEST PUSH2 0x18D PUSH1 0x4 DUP1 DUP1 CALLDATALOAD PUSH20 0xFFFFFFFFFFFFFFFFFFFFFFFFFFFFFFFFFFFFFFFF AND SWAP1 PUSH1 0x20 ADD SWAP1 SWAP2 SWAP1 DUP1 CALLDATALOAD SWAP1 PUSH1 0x20 ADD SWAP1 SWAP2 SWAP1 POP POP PUSH2 0x5D1 JUMP JUMPDEST PUSH1 0x40 MLOAD DUP1 DUP3 ISZERO ISZERO ISZERO ISZERO DUP2 MSTORE PUSH1 0x20 ADD SWAP2 POP POP PUSH1 0x40 MLOAD DUP1 SWAP2 SUB SWAP1 RETURN JUMPDEST CALLVALUE ISZERO PUSH2 0x1B2 JUMPI PUSH1 0x0 DUP1 REVERT JUMPDEST PUSH2 0x1BA PUSH2 0x65E JUMP JUMPDEST PUSH1 0x40 MLOAD DUP1 DUP3 DUP2 MSTORE PUSH1 0x20 ADD SWAP2 POP POP PUSH1 0x40 MLOAD DUP1 SWAP2 SUB SWAP1 RETURN JUMPDEST CALLVALUE ISZERO PUSH2 0x1DB JUMPI PUSH1 0x0 DUP1 REVERT JUMPDEST PUSH2 0x22F PUSH1 0x4 DUP1 DUP1 CALLDATALOAD PUSH20 0xFFFFFFFFFFFFFFFFFFFFFFFFFFFFFFFFFFFFFFFF AND SWAP1 PUSH1 0x20 ADD SWAP1 SWAP2 SWAP1 DUP1 CALLDATALOAD PUSH20 0xFFFFFFFFFFFFFFFFFFFFFFFFFFFFFFFFFFFFFFFF AND SWAP1 PUSH1 0x20 ADD SWAP1 SWAP2 SWAP1 DUP1 CALLDATALOAD SWAP1 PUSH1 0x20 ADD SWAP1 SWAP2 SWAP1 POP POP PUSH2 0x664 JUMP JUMPDEST PUSH1 0x40 MLOAD DUP1 DUP3 ISZERO ISZERO ISZERO ISZERO DUP2 MSTORE PUSH1 0x20 ADD SWAP2 POP POP PUSH1 0x40 MLOAD DUP1 SWAP2 SUB SWAP1 RETURN JUMPDEST CALLVALUE ISZERO PUSH2 0x254 JUMPI PUSH1 0x0 DUP1 REVERT JUMPDEST PUSH2 0x25C PUSH2 0x791 JUMP JUMPDEST PUSH1 0x40 MLOAD DUP1 DUP3 PUSH1 0xFF AND PUSH1 0xFF AND DUP2 MSTORE PUSH1 0x20 ADD SWAP2 POP POP PUSH1 0x40 MLOAD DUP1 SWAP2 SUB SWAP1 RETURN JUMPDEST CALLVALUE ISZERO PUSH2 0x283 JUMPI PUSH1 0x0 DUP1 REVERT JUMPDEST PUSH2 0x299 PUSH1 0x4 DUP1 DUP1 CALLDATALOAD SWAP1 PUSH1 0x20 ADD SWAP1 SWAP2 SWAP1 POP POP PUSH2 0x7A4 JUMP JUMPDEST PUSH1 0x40 MLOAD DUP1 DUP3 ISZERO ISZERO ISZERO ISZERO DUP2 MSTORE PUSH1 0x20 ADD SWAP2 POP POP PUSH1 0x40 MLOAD DUP1 SWAP2 SUB SWAP1 RETURN JUMPDEST CALLVALUE ISZERO PUSH2 0x2BE JUMPI PUSH1 0x0 DUP1 REVERT JUMPDEST PUSH2 0x2EA PUSH1 0x4 DUP1 DUP1 CALLDATALOAD PUSH20 0xFFFFFFFFFFFFFFFFFFFFFFFFFFFFFFFFFFFFFFFF AND SWAP1 PUSH1 0x20 ADD SWAP1 SWAP2 SWAP1 POP POP PUSH2 0x8A8 JUMP JUMPDEST PUSH1 0x40 MLOAD DUP1 DUP3 DUP2 MSTORE PUSH1 0x20 ADD SWAP2 POP POP PUSH1 0x40 MLOAD DUP1 SWAP2 SUB SWAP1 RETURN JUMPDEST CALLVALUE ISZERO PUSH2 0x30B JUMPI PUSH1 0x0 DUP1 REVERT JUMPDEST PUSH2 0x340 PUSH1 0x4 DUP1 DUP1 CALLDATALOAD PUSH20 0xFFFFFFFFFFFFFFFFFFFFFFFFFFFFFFFFFFFFFFFF AND SWAP1 PUSH1 0x20 ADD SWAP1 SWAP2 SWAP1 DUP1 CALLDATALOAD SWAP1 PUSH1 0x20 ADD SWAP1 SWAP2 SWAP1 POP POP PUSH2 0x8C0 JUMP JUMPDEST PUSH1 0x40 MLOAD DUP1 DUP3 ISZERO ISZERO ISZERO ISZERO DUP2 MSTORE PUSH1 0x20 ADD SWAP2 POP POP PUSH1 0x40 MLOAD DUP1 SWAP2 SUB SWAP1 RETURN JUMPDEST CALLVALUE ISZERO PUSH2 0x365 JUMPI PUSH1 0x0 DUP1 REVERT JUMPDEST PUSH2 0x36D PUSH2 0xADA JUMP JUMPDEST PUSH1 0x40 MLOAD DUP1 DUP1 PUSH1 0x20 ADD DUP3 DUP2 SUB DUP3 MSTORE DUP4 DUP2 DUP2 MLOAD DUP2 MSTORE PUSH1 0x20 ADD SWAP2 POP DUP1 MLOAD SWAP1 PUSH1 0x20 ADD SWAP1 DUP1 DUP4 DUP4 PUSH1 0x0 JUMPDEST DUP4 DUP2 LT ISZERO PUSH2 0x3AD JUMPI DUP1 DUP3 ADD MLOAD DUP2 DUP5 ADD MSTORE PUSH1 0x20 DUP2 ADD SWAP1 POP PUSH2 0x392 JUMP JUMPDEST POP POP POP POP SWAP1 POP SWAP1 DUP2 ADD SWAP1 PUSH1 0x1F AND DUP1 ISZERO PUSH2 0x3DA JUMPI DUP1 DUP3 SUB DUP1 MLOAD PUSH1 0x1 DUP4 PUSH1 0x20 SUB PUSH2 0x100 EXP SUB NOT AND DUP2 MSTORE PUSH1 0x20 ADD SWAP2 POP JUMPDEST POP SWAP3 POP POP POP PUSH1 0x40 MLOAD DUP1 SWAP2 SUB SWAP1 RETURN JUMPDEST CALLVALUE ISZERO PUSH2 0x3F3 JUMPI PUSH1 0x0 DUP1 REVERT JUMPDEST PUSH2 0x428 PUSH1 0x4 DUP1 DUP1 CALLDATALOAD PUSH20 0xFFFFFFFFFFFFFFFFFFFFFFFFFFFFFFFFFFFFFFFF AND SWAP1 PUSH1 0x20 ADD SWAP1 SWAP2 SWAP1 DUP1 CALLDATALOAD SWAP1 PUSH1 0x20 ADD SWAP1 SWAP2 SWAP1 POP POP PUSH2 0xB78 JUMP JUMPDEST STOP JUMPDEST CALLVALUE ISZERO PUSH2 0x435 JUMPI PUSH1 0x0 DUP1 REVERT JUMPDEST PUSH2 0x4AD PUSH1 0x4 DUP1 DUP1 CALLDATALOAD PUSH20 0xFFFFFFFFFFFFFFFFFFFFFFFFFFFFFFFFFFFFFFFF AND SWAP1 PUSH1 0x20 ADD SWAP1 SWAP2 SWAP1 DUP1 CALLDATALOAD SWAP1 PUSH1 0x20 ADD SWAP1 SWAP2 SWAP1 DUP1 CALLDATALOAD SWAP1 PUSH1 0x20 ADD SWAP1 DUP3 ADD DUP1 CALLDATALOAD SWAP1 PUSH1 0x20 ADD SWAP1 DUP1 DUP1 PUSH1 0x1F ADD PUSH1 0x20 DUP1 SWAP2 DIV MUL PUSH1 0x20 ADD PUSH1 0x40 MLOAD SWAP1 DUP2 ADD PUSH1 0x40 MSTORE DUP1 SWAP4 SWAP3 SWAP2 SWAP1 DUP2 DUP2 MSTORE PUSH1 0x20 ADD DUP4 DUP4 DUP1 DUP3 DUP5 CALLDATACOPY DUP3 ADD SWAP2 POP POP POP POP POP POP SWAP2 SWAP1 POP POP PUSH2 0xB87 JUMP JUMPDEST PUSH1 0x40 MLOAD DUP1 DUP3 ISZERO ISZERO ISZERO ISZERO DUP2 MSTORE PUSH1 0x20 ADD SWAP2 POP POP PUSH1 0x40 MLOAD DUP1 SWAP2 SUB SWAP1 RETURN JUMPDEST CALLVALUE ISZERO PUSH2 0x4D2 JUMPI PUSH1 0x0 DUP1 REVERT JUMPDEST PUSH2 0x51D PUSH1 0x4 DUP1 DUP1 CALLDATALOAD PUSH20 0xFFFFFFFFFFFFFFFFFFFFFFFFFFFFFFFFFFFFFFFF AND SWAP1 PUSH1 0x20 ADD SWAP1 SWAP2 SWAP1 DUP1 CALLDATALOAD PUSH20 0xFFFFFFFFFFFFFFFFFFFFFFFFFFFFFFFFFFFFFFFF AND SWAP1 PUSH1 0x20 ADD SWAP1 SWAP2 SWAP1 POP POP PUSH2 0xD05 JUMP JUMPDEST PUSH1 0x40 MLOAD DUP1 DUP3 DUP2 MSTORE PUSH1 0x20 ADD SWAP2 POP POP PUSH1 0x40 MLOAD DUP1 SWAP2 SUB SWAP1 RETURN JUMPDEST PUSH1 0x0 DUP1 SLOAD PUSH1 0x1 DUP2 PUSH1 0x1 AND ISZERO PUSH2 0x100 MUL SUB AND PUSH1 0x2 SWAP1 DIV DUP1 PUSH1 0x1F ADD PUSH1 0x20 DUP1 SWAP2 DIV MUL PUSH1 0x20 ADD PUSH1 0x40 MLOAD SWAP1 DUP2 ADD PUSH1 0x40 MSTORE DUP1 SWAP3 SWAP2 SWAP1 DUP2 DUP2 MSTORE PUSH1 0x20 ADD DUP3 DUP1 SLOAD PUSH1 0x1 DUP2 PUSH1 0x1 AND ISZERO PUSH2 0x100 MUL SUB AND PUSH1 0x2 SWAP1 DIV DUP1 ISZERO PUSH2 0x5C9 JUMPI DUP1 PUSH1 0x1F LT PUSH2 0x59E JUMPI PUSH2 0x100 DUP1 DUP4 SLOAD DIV MUL DUP4 MSTORE SWAP2 PUSH1 0x20 ADD SWAP2 PUSH2 0x5C9 JUMP JUMPDEST DUP3 ADD SWAP2 SWAP1 PUSH1 0x0 MSTORE PUSH1 0x20 PUSH1 0x0 KECCAK256 SWAP1 JUMPDEST DUP2 SLOAD DUP2 MSTORE SWAP1 PUSH1 0x1 ADD SWAP1 PUSH1 0x20 ADD DUP1 DUP4 GT PUSH2 0x5AC JUMPI DUP3 SWAP1 SUB PUSH1 0x1F AND DUP3 ADD SWAP2 JUMPDEST POP POP POP POP POP DUP2 JUMP JUMPDEST PUSH1 0x0 DUP2 PUSH1 0x5 PUSH1 0x0 CALLER PUSH20 0xFFFFFFFFFFFFFFFFFFFFFFFFFFFFFFFFFFFFFFFF AND PUSH20 0xFFFFFFFFFFFFFFFFFFFFFFFFFFFFFFFFFFFFFFFF AND DUP2 MSTORE PUSH1 0x20 ADD SWAP1 DUP2 MSTORE PUSH1 0x20 ADD PUSH1 0x0 KECCAK256 PUSH1 0x0 DUP6 PUSH20 0xFFFFFFFFFFFFFFFFFFFFFFFFFFFFFFFFFFFFFFFF AND PUSH20 0xFFFFFFFFFFFFFFFFFFFFFFFFFFFFFFFFFFFFFFFF AND DUP2 MSTORE PUSH1 0x20 ADD SWAP1 DUP2 MSTORE PUSH1 0x20 ADD PUSH1 0x0 KECCAK256 DUP2 SWAP1 SSTORE POP PUSH1 0x1 SWAP1 POP SWAP3 SWAP2 POP POP JUMP JUMPDEST PUSH1 0x3 SLOAD DUP2 JUMP JUMPDEST PUSH1 0x0 PUSH1 0x5 PUSH1 0x0 DUP6 PUSH20 0xFFFFFFFFFFFFFFFFFFFFFFFFFFFFFFFFFFFFFFFF AND PUSH20 0xFFFFFFFFFFFFFFFFFFFFFFFFFFFFFFFFFFFFFFFF AND DUP2 MSTORE PUSH1 0x20 ADD SWAP1 DUP2 MSTORE PUSH1 0x20 ADD PUSH1 0x0 KECCAK256 PUSH1 0x0 CALLER PUSH20 0xFFFFFFFFFFFFFFFFFFFFFFFFFFFFFFFFFFFFFFFF AND PUSH20 0xFFFFFFFFFFFFFFFFFFFFFFFFFFFFFFFFFFFFFFFF AND DUP2 MSTORE PUSH1 0x20 ADD SWAP1 DUP2 MSTORE PUSH1 0x20 ADD PUSH1 0x0 KECCAK256 SLOAD DUP3 GT ISZERO ISZERO ISZERO PUSH2 0x6F1 JUMPI PUSH1 0x0 DUP1 REVERT JUMPDEST DUP2 PUSH1 0x5 PUSH1 0x0 DUP7 PUSH20 0xFFFFFFFFFFFFFFFFFFFFFFFFFFFFFFFFFFFFFFFF AND PUSH20 0xFFFFFFFFFFFFFFFFFFFFFFFFFFFFFFFFFFFFFFFF AND DUP2 MSTORE PUSH1 0x20 ADD SWAP1 DUP2 MSTORE PUSH1 0x20 ADD PUSH1 0x0 KECCAK256 PUSH1 0x0 CALLER PUSH20 0xFFFFFFFFFFFFFFFFFFFFFFFFFFFFFFFFFFFFFFFF AND PUSH20 0xFFFFFFFFFFFFFFFFFFFFFFFFFFFFFFFFFFFFFFFF AND DUP2 MSTORE PUSH1 0x20 ADD SWAP1 DUP2 MSTORE PUSH1 0x20 ADD PUSH1 0x0 KECCAK256 PUSH1 0x0 DUP3 DUP3 SLOAD SUB SWAP3 POP POP DUP2 SWAP1 SSTORE POP PUSH2 0x786 DUP5 DUP5 DUP5 PUSH2 0xD2A JUMP JUMPDEST PUSH1 0x1 SWAP1 POP SWAP4 SWAP3 POP POP POP JUMP JUMPDEST PUSH1 0x2 PUSH1 0x0 SWAP1 SLOAD SWAP1 PUSH2 0x100 EXP SWAP1 DIV PUSH1 0xFF AND DUP2 JUMP JUMPDEST PUSH1 0x0 DUP2 PUSH1 0x4 PUSH1 0x0 CALLER PUSH20 0xFFFFFFFFFFFFFFFFFFFFFFFFFFFFFFFFFFFFFFFF AND PUSH20 0xFFFFFFFFFFFFFFFFFFFFFFFFFFFFFFFFFFFFFFFF AND DUP2 MSTORE PUSH1 0x20 ADD SWAP1 DUP2 MSTORE PUSH1 0x20 ADD PUSH1 0x0 KECCAK256 SLOAD LT ISZERO ISZERO ISZERO PUSH2 0x7F4 JUMPI PUSH1 0x0 DUP1 REVERT JUMPDEST DUP2 PUSH1 0x4 PUSH1 0x0 CALLER PUSH20 0xFFFFFFFFFFFFFFFFFFFFFFFFFFFFFFFFFFFFFFFF AND PUSH20 0xFFFFFFFFFFFFFFFFFFFFFFFFFFFFFFFFFFFFFFFF AND DUP2 MSTORE PUSH1 0x20 ADD SWAP1 DUP2 MSTORE PUSH1 0x20 ADD PUSH1 0x0 KECCAK256 PUSH1 0x0 DUP3 DUP3 SLOAD SUB SWAP3 POP POP DUP2 SWAP1 SSTORE POP DUP2 PUSH1 0x3 PUSH1 0x0 DUP3 DUP3 SLOAD SUB SWAP3 POP POP DUP2 SWAP1 SSTORE POP CALLER PUSH20 0xFFFFFFFFFFFFFFFFFFFFFFFFFFFFFFFFFFFFFFFF AND PUSH32 0xCC16F5DBB4873280815C1EE09DBD06736CFFCC184412CF7A71A0FDB75D397CA5 DUP4 PUSH1 0x40 MLOAD DUP1 DUP3 DUP2 MSTORE PUSH1 0x20 ADD SWAP2 POP POP PUSH1 0x40 MLOAD DUP1 SWAP2 SUB SWAP1 LOG2 PUSH1 0x1 SWAP1 POP SWAP2 SWAP1 POP JUMP JUMPDEST PUSH1 0x4 PUSH1 0x20 MSTORE DUP1 PUSH1 0x0 MSTORE PUSH1 0x40 PUSH1 0x0 KECCAK256 PUSH1 0x0 SWAP2 POP SWAP1 POP SLOAD DUP2 JUMP JUMPDEST PUSH1 0x0 DUP2 PUSH1 0x4 PUSH1 0x0 DUP6 PUSH20 0xFFFFFFFFFFFFFFFFFFFFFFFFFFFFFFFFFFFFFFFF AND PUSH20 0xFFFFFFFFFFFFFFFFFFFFFFFFFFFFFFFFFFFFFFFF AND DUP2 MSTORE PUSH1 0x20 ADD SWAP1 DUP2 MSTORE PUSH1 0x20 ADD PUSH1 0x0 KECCAK256 SLOAD LT ISZERO ISZERO ISZERO PUSH2 0x910 JUMPI PUSH1 0x0 DUP1 REVERT JUMPDEST PUSH1 0x5 PUSH1 0x0 DUP5 PUSH20 0xFFFFFFFFFFFFFFFFFFFFFFFFFFFFFFFFFFFFFFFF AND PUSH20 0xFFFFFFFFFFFFFFFFFFFFFFFFFFFFFFFFFFFFFFFF AND DUP2 MSTORE PUSH1 0x20 ADD SWAP1 DUP2 MSTORE PUSH1 0x20 ADD PUSH1 0x0 KECCAK256 PUSH1 0x0 CALLER PUSH20 0xFFFFFFFFFFFFFFFFFFFFFFFFFFFFFFFFFFFFFFFF AND PUSH20 0xFFFFFFFFFFFFFFFFFFFFFFFFFFFFFFFFFFFFFFFF AND DUP2 MSTORE PUSH1 0x20 ADD SWAP1 DUP2 MSTORE PUSH1 0x20 ADD PUSH1 0x0 KECCAK256 SLOAD DUP3 GT ISZERO ISZERO ISZERO PUSH2 0x99B JUMPI PUSH1 0x0 DUP1 REVERT JUMPDEST DUP2 PUSH1 0x4 PUSH1 0x0 DUP6 PUSH20 0xFFFFFFFFFFFFFFFFFFFFFFFFFFFFFFFFFFFFFFFF AND PUSH20 0xFFFFFFFFFFFFFFFFFFFFFFFFFFFFFFFFFFFFFFFF AND DUP2 MSTORE PUSH1 0x20 ADD SWAP1 DUP2 MSTORE PUSH1 0x20 ADD PUSH1 0x0 KECCAK256 PUSH1 0x0 DUP3 DUP3 SLOAD SUB SWAP3 POP POP DUP2 SWAP1 SSTORE POP DUP2 PUSH1 0x5 PUSH1 0x0 DUP6 PUSH20 0xFFFFFFFFFFFFFFFFFFFFFFFFFFFFFFFFFFFFFFFF AND PUSH20 0xFFFFFFFFFFFFFFFFFFFFFFFFFFFFFFFFFFFFFFFF AND DUP2 MSTORE PUSH1 0x20 ADD SWAP1 DUP2 MSTORE PUSH1 0x20 ADD PUSH1 0x0 KECCAK256 PUSH1 0x0 CALLER PUSH20 0xFFFFFFFFFFFFFFFFFFFFFFFFFFFFFFFFFFFFFFFF AND PUSH20 0xFFFFFFFFFFFFFFFFFFFFFFFFFFFFFFFFFFFFFFFF AND DUP2 MSTORE PUSH1 0x20 ADD SWAP1 DUP2 MSTORE PUSH1 0x20 ADD PUSH1 0x0 KECCAK256 PUSH1 0x0 DUP3 DUP3 SLOAD SUB SWAP3 POP POP DUP2 SWAP1 SSTORE POP DUP2 PUSH1 0x3 PUSH1 0x0 DUP3 DUP3 SLOAD SUB SWAP3 POP POP DUP2 SWAP1 SSTORE POP DUP3 PUSH20 0xFFFFFFFFFFFFFFFFFFFFFFFFFFFFFFFFFFFFFFFF AND PUSH32 0xCC16F5DBB4873280815C1EE09DBD06736CFFCC184412CF7A71A0FDB75D397CA5 DUP4 PUSH1 0x40 MLOAD DUP1 DUP3 DUP2 MSTORE PUSH1 0x20 ADD SWAP2 POP POP PUSH1 0x40 MLOAD DUP1 SWAP2 SUB SWAP1 LOG2 PUSH1 0x1 SWAP1 POP SWAP3 SWAP2 POP POP JUMP JUMPDEST PUSH1 0x1 DUP1 SLOAD PUSH1 0x1 DUP2 PUSH1 0x1 AND ISZERO PUSH2 0x100 MUL SUB AND PUSH1 0x2 SWAP1 DIV DUP1 PUSH1 0x1F ADD PUSH1 0x20 DUP1 SWAP2 DIV MUL PUSH1 0x20 ADD PUSH1 0x40 MLOAD SWAP1 DUP2 ADD PUSH1 0x40 MSTORE DUP1 SWAP3 SWAP2 SWAP1 DUP2 DUP2 MSTORE PUSH1 0x20 ADD DUP3 DUP1 SLOAD PUSH1 0x1 DUP2 PUSH1 0x1 AND ISZERO PUSH2 0x100 MUL SUB AND PUSH1 0x2 SWAP1 DIV DUP1 ISZERO PUSH2 0xB70 JUMPI DUP1 PUSH1 0x1F LT PUSH2 0xB45 JUMPI PUSH2 0x100 DUP1 DUP4 SLOAD DIV MUL DUP4 MSTORE SWAP2 PUSH1 0x20 ADD SWAP2 PUSH2 0xB70 JUMP JUMPDEST DUP3 ADD SWAP2 SWAP1 PUSH1 0x0 MSTORE PUSH1 0x20 PUSH1 0x0 KECCAK256 SWAP1 JUMPDEST DUP2 SLOAD DUP2 MSTORE SWAP1 PUSH1 0x1 ADD SWAP1 PUSH1 0x20 ADD DUP1 DUP4 GT PUSH2 0xB53 JUMPI DUP3 SWAP1 SUB PUSH1 0x1F AND DUP3 ADD SWAP2 JUMPDEST POP POP POP POP POP DUP2 JUMP JUMPDEST PUSH2 0xB83 CALLER DUP4 DUP4 PUSH2 0xD2A JUMP JUMPDEST POP POP JUMP JUMPDEST PUSH1 0x0 DUP1 DUP5 SWAP1 POP PUSH2 0xB97 DUP6 DUP6 PUSH2 0x5D1 JUMP JUMPDEST ISZERO PUSH2 0xCFC JUMPI DUP1 PUSH20 0xFFFFFFFFFFFFFFFFFFFFFFFFFFFFFFFFFFFFFFFF AND PUSH4 0x8F4FFCB1 CALLER DUP7 ADDRESS DUP8 PUSH1 0x40 MLOAD DUP6 PUSH4 0xFFFFFFFF AND PUSH29 0x100000000000000000000000000000000000000000000000000000000 MUL DUP2 MSTORE PUSH1 0x4 ADD DUP1 DUP6 PUSH20 0xFFFFFFFFFFFFFFFFFFFFFFFFFFFFFFFFFFFFFFFF AND PUSH20 0xFFFFFFFFFFFFFFFFFFFFFFFFFFFFFFFFFFFFFFFF AND DUP2 MSTORE PUSH1 0x20 ADD DUP5 DUP2 MSTORE PUSH1 0x20 ADD DUP4 PUSH20 0xFFFFFFFFFFFFFFFFFFFFFFFFFFFFFFFFFFFFFFFF AND PUSH20 0xFFFFFFFFFFFFFFFFFFFFFFFFFFFFFFFFFFFFFFFF AND DUP2 MSTORE PUSH1 0x20 ADD DUP1 PUSH1 0x20 ADD DUP3 DUP2 SUB DUP3 MSTORE DUP4 DUP2 DUP2 MLOAD DUP2 MSTORE PUSH1 0x20 ADD SWAP2 POP DUP1 MLOAD SWAP1 PUSH1 0x20 ADD SWAP1 DUP1 DUP4 DUP4 PUSH1 0x0 JUMPDEST DUP4 DUP2 LT ISZERO PUSH2 0xC91 JUMPI DUP1 DUP3 ADD MLOAD DUP2 DUP5 ADD MSTORE PUSH1 0x20 DUP2 ADD SWAP1 POP PUSH2 0xC76 JUMP JUMPDEST POP POP POP POP SWAP1 POP SWAP1 DUP2 ADD SWAP1 PUSH1 0x1F AND DUP1 ISZERO PUSH2 0xCBE JUMPI DUP1 DUP3 SUB DUP1 MLOAD PUSH1 0x1 DUP4 PUSH1 0x20 SUB PUSH2 0x100 EXP SUB NOT AND DUP2 MSTORE PUSH1 0x20 ADD SWAP2 POP JUMPDEST POP SWAP6 POP POP POP POP POP POP PUSH1 0x0 PUSH1 0x40 MLOAD DUP1 DUP4 SUB DUP2 PUSH1 0x0 DUP8 DUP1 EXTCODESIZE ISZERO ISZERO PUSH2 0xCDF JUMPI PUSH1 0x0 DUP1 REVERT JUMPDEST PUSH2 0x2C6 GAS SUB CALL ISZERO ISZERO PUSH2 0xCF0 JUMPI PUSH1 0x0 DUP1 REVERT JUMPDEST POP POP POP PUSH1 0x1 SWAP2 POP PUSH2 0xCFD JUMP JUMPDEST JUMPDEST POP SWAP4 SWAP3 POP POP POP JUMP JUMPDEST PUSH1 0x5 PUSH1 0x20 MSTORE DUP2 PUSH1 0x0 MSTORE PUSH1 0x40 PUSH1 0x0 KECCAK256 PUSH1 0x20 MSTORE DUP1 PUSH1 0x0 MSTORE PUSH1 0x40 PUSH1 0x0 KECCAK256 PUSH1 0x0 SWAP2 POP SWAP2 POP POP SLOAD DUP2 JUMP JUMPDEST PUSH1 0x0 DUP1 DUP4 PUSH20 0xFFFFFFFFFFFFFFFFFFFFFFFFFFFFFFFFFFFFFFFF AND EQ ISZERO ISZERO ISZERO PUSH2 0xD51 JUMPI PUSH1 0x0 DUP1 REVERT JUMPDEST DUP2 PUSH1 0x4 PUSH1 0x0 DUP7 PUSH20 0xFFFFFFFFFFFFFFFFFFFFFFFFFFFFFFFFFFFFFFFF AND PUSH20 0xFFFFFFFFFFFFFFFFFFFFFFFFFFFFFFFFFFFFFFFF AND DUP2 MSTORE PUSH1 0x20 ADD SWAP1 DUP2 MSTORE PUSH1 0x20 ADD PUSH1 0x0 KECCAK256 SLOAD LT ISZERO ISZERO ISZERO PUSH2 0xD9F JUMPI PUSH1 0x0 DUP1 REVERT JUMPDEST PUSH1 0x4 PUSH1 0x0 DUP5 PUSH20 0xFFFFFFFFFFFFFFFFFFFFFFFFFFFFFFFFFFFFFFFF AND PUSH20 0xFFFFFFFFFFFFFFFFFFFFFFFFFFFFFFFFFFFFFFFF AND DUP2 MSTORE PUSH1 0x20 ADD SWAP1 DUP2 MSTORE PUSH1 0x20 ADD PUSH1 0x0 KECCAK256 SLOAD DUP3 PUSH1 0x4 PUSH1 0x0 DUP7 PUSH20 0xFFFFFFFFFFFFFFFFFFFFFFFFFFFFFFFFFFFFFFFF AND PUSH20 0xFFFFFFFFFFFFFFFFFFFFFFFFFFFFFFFFFFFFFFFF AND DUP2 MSTORE PUSH1 0x20 ADD SWAP1 DUP2 MSTORE PUSH1 0x20 ADD PUSH1 0x0 KECCAK256 SLOAD ADD GT ISZERO ISZERO PUSH2 0xE2D JUMPI PUSH1 0x0 DUP1 REVERT JUMPDEST PUSH1 0x4 PUSH1 0x0 DUP5 PUSH20 0xFFFFFFFFFFFFFFFFFFFFFFFFFFFFFFFFFFFFFFFF AND PUSH20 0xFFFFFFFFFFFFFFFFFFFFFFFFFFFFFFFFFFFFFFFF AND DUP2 MSTORE PUSH1 0x20 ADD SWAP1 DUP2 MSTORE PUSH1 0x20 ADD PUSH1 0x0 KECCAK256 SLOAD PUSH1 0x4 PUSH1 0x0 DUP7 PUSH20 0xFFFFFFFFFFFFFFFFFFFFFFFFFFFFFFFFFFFFFFFF AND PUSH20 0xFFFFFFFFFFFFFFFFFFFFFFFFFFFFFFFFFFFFFFFF AND DUP2 MSTORE PUSH1 0x20 ADD SWAP1 DUP2 MSTORE PUSH1 0x20 ADD PUSH1 0x0 KECCAK256 SLOAD ADD SWAP1 POP DUP2 PUSH1 0x4 PUSH1 0x0 DUP7 PUSH20 0xFFFFFFFFFFFFFFFFFFFFFFFFFFFFFFFFFFFFFFFF AND PUSH20 0xFFFFFFFFFFFFFFFFFFFFFFFFFFFFFFFFFFFFFFFF AND DUP2 MSTORE PUSH1 0x20 ADD SWAP1 DUP2 MSTORE PUSH1 0x20 ADD PUSH1 0x0 KECCAK256 PUSH1 0x0 DUP3 DUP3 SLOAD SUB SWAP3 POP POP DUP2 SWAP1 SSTORE POP DUP2 PUSH1 0x4 PUSH1 0x0 DUP6 PUSH20 0xFFFFFFFFFFFFFFFFFFFFFFFFFFFFFFFFFFFFFFFF AND PUSH20 0xFFFFFFFFFFFFFFFFFFFFFFFFFFFFFFFFFFFFFFFF AND DUP2 MSTORE PUSH1 0x20 ADD SWAP1 DUP2 MSTORE PUSH1 0x20 ADD PUSH1 0x0 KECCAK256 PUSH1 0x0 DUP3 DUP3 SLOAD ADD SWAP3 POP POP DUP2 SWAP1 SSTORE POP DUP3 PUSH20 0xFFFFFFFFFFFFFFFFFFFFFFFFFFFFFFFFFFFFFFFF AND DUP5 PUSH20 0xFFFFFFFFFFFFFFFFFFFFFFFFFFFFFFFFFFFFFFFF AND PUSH32 0xDDF252AD1BE2C89B69C2B068FC378DAA952BA7F163C4A11628F55A4DF523B3EF DUP5 PUSH1 0x40 MLOAD DUP1 DUP3 DUP2 MSTORE PUSH1 0x20 ADD SWAP2 POP POP PUSH1 0x40 MLOAD DUP1 SWAP2 SUB SWAP1 LOG3 DUP1 PUSH1 0x4 PUSH1 0x0 DUP6 PUSH20 0xFFFFFFFFFFFFFFFFFFFFFFFFFFFFFFFFFFFFFFFF AND PUSH20 0xFFFFFFFFFFFFFFFFFFFFFFFFFFFFFFFFFFFFFFFF AND DUP2 MSTORE PUSH1 0x20 ADD SWAP1 DUP2 MSTORE PUSH1 0x20 ADD PUSH1 0x0 KECCAK256 SLOAD PUSH1 0x4 PUSH1 0x0 DUP8 PUSH20 0xFFFFFFFFFFFFFFFFFFFFFFFFFFFFFFFFFFFFFFFF AND PUSH20 0xFFFFFFFFFFFFFFFFFFFFFFFFFFFFFFFFFFFFFFFF AND DUP2 MSTORE PUSH1 0x20 ADD SWAP1 DUP2 MSTORE PUSH1 0x20 ADD PUSH1 0x0 KECCAK256 SLOAD ADD EQ ISZERO ISZERO PUSH2 0x103A JUMPI INVALID JUMPDEST POP POP POP POP JUMP STOP LOG1 PUSH6 0x627A7A723058 KECCAK256 0xb6 PUSH5 0x6853D88DB7 LT 0xb2 0xcb DIV CREATE 0xa9 NOT BYTE 0x49 GASPRICE SELFDESTRUCT 0xd9 JUMPI 0xbc LOG1 PUSH9 0xDBACC03572B252269B STOP 0x29
1,PUSH1 0x60 PUSH1 0x40 MSTORE CALLVALUE ISZERO PUSH2 0xF JUMPI PUSH1 0x0 DUP1 REVERT JUMPDEST PUSH1 0x40 MLOAD PUSH1 0x60 DUP1 PUSH2 0x26F3 DUP4 CODECOPY DUP2 ADD PUSH1 0x40 MSTORE DUP1 DUP1 MLOAD SWAP1 PUSH1 0x20 ADD SWAP1 SWAP2 SWAP1 DUP1 MLOAD SWAP1 PUSH1 0x20 ADD SWAP1 SWAP2 SWAP1 DUP1 MLOAD SWAP1 PUSH1 0x20 ADD SWAP1 SWAP2 SWAP1 POP POP DUP3 PUSH1 0x2 PUSH1 0x0 PUSH2 0x100 EXP DUP2 SLOAD DUP2 PUSH20 0xFFFFFFFFFFFFFFFFFFFFFFFFFFFFFFFFFFFFFFFF MUL NOT AND SWAP1 DUP4 PUSH20 0xFFFFFFFFFFFFFFFFFFFFFFFFFFFFFFFFFFFFFFFF AND MUL OR SWAP1 SSTORE POP DUP2 PUSH1 0x3 DUP2 SWAP1 SSTORE POP DUP1 PUSH1 0x4 DUP2 SWAP1 SSTORE POP POP POP POP PUSH2 0x2655 DUP1 PUSH2 0x9E PUSH1 0x0 CODECOPY PUSH1 0x0 RETURN STOP PUSH1 0x60 PUSH1 0x40 MSTORE PUSH1 0x4 CALLDATASIZE LT PUSH2 0xC5 JUMPI PUSH1 0x0 CALLDATALOAD PUSH29 0x100000000000000000000000000000000000000000000000000000000 SWAP1 DIV PUSH4 0xFFFFFFFF AND DUP1 PUSH4 0xA19B14A EQ PUSH2 0xD5 JUMPI DUP1 PUSH4 0x2E1A7D4D EQ PUSH2 0x19F JUMPI DUP1 PUSH4 0x338B5DEA EQ PUSH2 0x1C2 JUMPI DUP1 PUSH4 0x57786394 EQ PUSH2 0x204 JUMPI DUP1 PUSH4 0x65E17C9D EQ PUSH2 0x22D JUMPI DUP1 PUSH4 0x6C86888B EQ PUSH2 0x282 JUMPI DUP1 PUSH4 0x74E60A48 EQ PUSH2 0x383 JUMPI DUP1 PUSH4 0x93F0BB51 EQ PUSH2 0x444 JUMPI DUP1 PUSH4 0x9E281A98 EQ PUSH2 0x4E6 JUMPI DUP1 PUSH4 0xC281309E EQ PUSH2 0x528 JUMPI DUP1 PUSH4 0xD0E30DB0 EQ PUSH2 0x551 JUMPI DUP1 PUSH4 0xF7888AEC EQ PUSH2 0x566 JUMPI DUP1 PUSH4 0xFB6E155F EQ PUSH2 0x5D2 JUMPI JUMPDEST CALLVALUE ISZERO PUSH2 0xD0 JUMPI PUSH1 0x0 DUP1 REVERT JUMPDEST PUSH1 0x0 DUP1 REVERT JUMPDEST CALLVALUE ISZERO PUSH2 0xE0 JUMPI PUSH1 0x0 DUP1 REVERT JUMPDEST PUSH2 0x19D PUSH1 0x4 DUP1 DUP1 CALLDATALOAD PUSH20 0xFFFFFFFFFFFFFFFFFFFFFFFFFFFFFFFFFFFFFFFF AND SWAP1 PUSH1 0x20 ADD SWAP1 SWAP2 SWAP1 DUP1 CALLDATALOAD SWAP1 PUSH1 0x20 ADD SWAP1 SWAP2 SWAP1 DUP1 CALLDATALOAD PUSH20 0xFFFFFFFFFFFFFFFFFFFFFFFFFFFFFFFFFFFFFFFF AND SWAP1 PUSH1 0x20 ADD SWAP1 SWAP2 SWAP1 DUP1 CALLDATALOAD SWAP1 PUSH1 0x20 ADD SWAP1 SWAP2 SWAP1 DUP1 CALLDATALOAD SWAP1 PUSH1 0x20 ADD SWAP1 SWAP2 SWAP1 DUP1 CALLDATALOAD SWAP1 PUSH1 0x20 ADD SWAP1 SWAP2 SWAP1 DUP1 CALLDATALOAD PUSH20 0xFFFFFFFFFFFFFFFFFFFFFFFFFFFFFFFFFFFFFFFF AND SWAP1 PUSH1 0x20 ADD SWAP1 SWAP2 SWAP1 DUP1 CALLDATALOAD PUSH1 0xFF AND SWAP1 PUSH1 0x20 ADD SWAP1 SWAP2 SWAP1 DUP1 CALLDATALOAD PUSH1 0x0 NOT AND SWAP1 PUSH1 0x20 ADD SWAP1 SWAP2 SWAP1 DUP1 CALLDATALOAD PUSH1 0x0 NOT AND SWAP1 PUSH1 0x20 ADD SWAP1 SWAP2 SWAP1 DUP1 CALLDATALOAD SWAP1 PUSH1 0x20 ADD SWAP1 SWAP2 SWAP1 POP POP PUSH2 0x6A7 JUMP JUMPDEST STOP JUMPDEST CALLVALUE ISZERO PUSH2 0x1AA JUMPI PUSH1 0x0 DUP1 REVERT JUMPDEST PUSH2 0x1C0 PUSH1 0x4 DUP1 DUP1 CALLDATALOAD SWAP1 PUSH1 0x20 ADD SWAP1 SWAP2 SWAP1 POP POP PUSH2 0x1289 JUMP JUMPDEST STOP JUMPDEST CALLVALUE ISZERO PUSH2 0x1CD JUMPI PUSH1 0x0 DUP1 REVERT JUMPDEST PUSH2 0x202 PUSH1 0x4 DUP1 DUP1 CALLDATALOAD PUSH20 0xFFFFFFFFFFFFFFFFFFFFFFFFFFFFFFFFFFFFFFFF AND SWAP1 PUSH1 0x20 ADD SWAP1 SWAP2 SWAP1 DUP1 CALLDATALOAD SWAP1 PUSH1 0x20 ADD SWAP1 SWAP2 SWAP1 POP POP PUSH2 0x1516 JUMP JUMPDEST STOP JUMPDEST CALLVALUE ISZERO PUSH2 0x20F JUMPI PUSH1 0x0 DUP1 REVERT JUMPDEST PUSH2 0x217 PUSH2 0x1874 JUMP JUMPDEST PUSH1 0x40 MLOAD DUP1 DUP3 DUP2 MSTORE PUSH1 0x20 ADD SWAP2 POP POP PUSH1 0x40 MLOAD DUP1 SWAP2 SUB SWAP1 RETURN JUMPDEST CALLVALUE ISZERO PUSH2 0x238 JUMPI PUSH1 0x0 DUP1 REVERT JUMPDEST PUSH2 0x240 PUSH2 0x187A JUMP JUMPDEST PUSH1 0x40 MLOAD DUP1 DUP3 PUSH20 0xFFFFFFFFFFFFFFFFFFFFFFFFFFFFFFFFFFFFFFFF AND PUSH20 0xFFFFFFFFFFFFFFFFFFFFFFFFFFFFFFFFFFFFFFFF AND DUP2 MSTORE PUSH1 0x20 ADD SWAP2 POP POP PUSH1 0x40 MLOAD DUP1 SWAP2 SUB SWAP1 RETURN JUMPDEST CALLVALUE ISZERO PUSH2 0x28D JUMPI PUSH1 0x0 DUP1 REVERT JUMPDEST PUSH2 0x369 PUSH1 0x4 DUP1 DUP1 CALLDATALOAD PUSH20 0xFFFFFFFFFFFFFFFFFFFFFFFFFFFFFFFFFFFFFFFF AND SWAP1 PUSH1 0x20 ADD SWAP1 SWAP2 SWAP1 DUP1 CALLDATALOAD SWAP1 PUSH1 0x20 ADD SWAP1 SWAP2 SWAP1 DUP1 CALLDATALOAD PUSH20 0xFFFFFFFFFFFFFFFFFFFFFFFFFFFFFFFFFFFFFFFF AND SWAP1 PUSH1 0x20 ADD SWAP1 SWAP2 SWAP1 DUP1 CALLDATALOAD SWAP1 PUSH1 0x20 ADD SWAP1 SWAP2 SWAP1 DUP1 CALLDATALOAD SWAP1 PUSH1 0x20 ADD SWAP1 SWAP2 SWAP1 DUP1 CALLDATALOAD SWAP1 PUSH1 0x20 ADD SWAP1 SWAP2 SWAP1 DUP1 CALLDATALOAD PUSH20 0xFFFFFFFFFFFFFFFFFFFFFFFFFFFFFFFFFFFFFFFF AND SWAP1 PUSH1 0x20 ADD SWAP1 SWAP2 SWAP1 DUP1 CALLDATALOAD PUSH1 0xFF AND SWAP1 PUSH1 0x20 ADD SWAP1 SWAP2 SWAP1 DUP1 CALLDATALOAD PUSH1 0x0 NOT AND SWAP1 PUSH1 0x20 ADD SWAP1 SWAP2 SWAP1 DUP1 CALLDATALOAD PUSH1 0x0 NOT AND SWAP1 PUSH1 0x20 ADD SWAP1 SWAP2 SWAP1 DUP1 CALLDATALOAD SWAP1 PUSH1 0x20 ADD SWAP1 SWAP2 SWAP1 DUP1 CALLDATALOAD PUSH20 0xFFFFFFFFFFFFFFFFFFFFFFFFFFFFFFFFFFFFFFFF AND SWAP1 PUSH1 0x20 ADD SWAP1 SWAP2 SWAP1 POP POP PUSH2 0x18A0 JUMP JUMPDEST PUSH1 0x40 MLOAD DUP1 DUP3 ISZERO ISZERO ISZERO ISZERO DUP2 MSTORE PUSH1 0x20 ADD SWAP2 POP POP PUSH1 0x40 MLOAD DUP1 SWAP2 SUB SWAP1 RETURN JUMPDEST CALLVALUE ISZERO PUSH2 0x38E JUMPI PUSH1 0x0 DUP1 REVERT JUMPDEST PUSH2 0x442 PUSH1 0x4 DUP1 DUP1 CALLDATALOAD PUSH20 0xFFFFFFFFFFFFFFFFFFFFFFFFFFFFFFFFFFFFFFFF AND SWAP1 PUSH1 0x20 ADD SWAP1 SWAP2 SWAP1 DUP1 CALLDATALOAD SWAP1 PUSH1 0x20 ADD SWAP1 SWAP2 SWAP1 DUP1 CALLDATALOAD PUSH20 0xFFFFFFFFFFFFFFFFFFFFFFFFFFFFFFFFFFFFFFFF AND SWAP1 PUSH1 0x20 ADD SWAP1 SWAP2 SWAP1 DUP1 CALLDATALOAD SWAP1 PUSH1 0x20 ADD SWAP1 SWAP2 SWAP1 DUP1 CALLDATALOAD SWAP1 PUSH1 0x20 ADD SWAP1 SWAP2 SWAP1 DUP1 CALLDATALOAD SWAP1 PUSH1 0x20 ADD SWAP1 SWAP2 SWAP1 DUP1 CALLDATALOAD PUSH20 0xFFFFFFFFFFFFFFFFFFFFFFFFFFFFFFFFFFFFFFFF AND SWAP1 PUSH1 0x20 ADD SWAP1 SWAP2 SWAP1 DUP1 CALLDATALOAD PUSH1 0xFF AND SWAP1 PUSH1 0x20 ADD SWAP1 SWAP2 SWAP1 DUP1 CALLDATALOAD PUSH1 0x0 NOT AND SWAP1 PUSH1 0x20 ADD SWAP1 SWAP2 SWAP1 DUP1 CALLDATALOAD PUSH1 0x0 NOT AND SWAP1 PUSH1 0x20 ADD SWAP1 SWAP2 SWAP1 POP POP PUSH2 0x1962 JUMP JUMPDEST STOP JUMPDEST CALLVALUE ISZERO PUSH2 0x44F JUMPI PUSH1 0x0 DUP1 REVERT JUMPDEST PUSH2 0x4E4 PUSH1 0x4 DUP1 DUP1 CALLDATALOAD PUSH20 0xFFFFFFFFFFFFFFFFFFFFFFFFFFFFFFFFFFFFFFFF AND SWAP1 PUSH1 0x20 ADD SWAP1 SWAP2 SWAP1 DUP1 CALLDATALOAD SWAP1 PUSH1 0x20 ADD SWAP1 SWAP2 SWAP1 DUP1 CALLDATALOAD PUSH20 0xFFFFFFFFFFFFFFFFFFFFFFFFFFFFFFFFFFFFFFFF AND SWAP1 PUSH1 0x20 ADD SWAP1 SWAP2 SWAP1 DUP1 CALLDATALOAD SWAP1 PUSH1 0x20 ADD SWAP1 SWAP2 SWAP1 DUP1 CALLDATALOAD SWAP1 PUSH1 0x20 ADD SWAP1 SWAP2 SWAP1 DUP1 CALLDATALOAD SWAP1 PUSH1 0x20 ADD SWAP1 SWAP2 SWAP1 DUP1 CALLDATALOAD PUSH1 0xFF AND SWAP1 PUSH1 0x20 ADD SWAP1 SWAP2 SWAP1 DUP1 CALLDATALOAD PUSH1 0x0 NOT AND SWAP1 PUSH1 0x20 ADD SWAP1 SWAP2 SWAP1 DUP1 CALLDATALOAD PUSH1 0x0 NOT AND SWAP1 PUSH1 0x20 ADD SWAP1 SWAP2 SWAP1 POP POP PUSH2 0x1BD0 JUMP JUMPDEST STOP JUMPDEST CALLVALUE ISZERO PUSH2 0x4F1 JUMPI PUSH1 0x0 DUP1 REVERT JUMPDEST PUSH2 0x526 PUSH1 0x4 DUP1 DUP1 CALLDATALOAD PUSH20 0xFFFFFFFFFFFFFFFFFFFFFFFFFFFFFFFFFFFFFFFF AND SWAP1 PUSH1 0x20 ADD SWAP1 SWAP2 SWAP1 DUP1 CALLDATALOAD SWAP1 PUSH1 0x20 ADD SWAP1 SWAP2 SWAP1 POP POP PUSH2 0x1D02 JUMP JUMPDEST STOP JUMPDEST CALLVALUE ISZERO PUSH2 0x533 JUMPI PUSH1 0x0 DUP1 REVERT JUMPDEST PUSH2 0x53B PUSH2 0x20B4 JUMP JUMPDEST PUSH1 0x40 MLOAD DUP1 DUP3 DUP2 MSTORE PUSH1 0x20 ADD SWAP2 POP POP PUSH1 0x40 MLOAD DUP1 SWAP2 SUB SWAP1 RETURN JUMPDEST CALLVALUE ISZERO PUSH2 0x55C JUMPI PUSH1 0x0 DUP1 REVERT JUMPDEST PUSH2 0x564 PUSH2 0x20BA JUMP JUMPDEST STOP JUMPDEST CALLVALUE ISZERO PUSH2 0x571 JUMPI PUSH1 0x0 DUP1 REVERT JUMPDEST PUSH2 0x5BC PUSH1 0x4 DUP1 DUP1 CALLDATALOAD PUSH20 0xFFFFFFFFFFFFFFFFFFFFFFFFFFFFFFFFFFFFFFFF AND SWAP1 PUSH1 0x20 ADD SWAP1 SWAP2 SWAP1 DUP1 CALLDATALOAD PUSH20 0xFFFFFFFFFFFFFFFFFFFFFFFFFFFFFFFFFFFFFFFF AND SWAP1 PUSH1 0x20 ADD SWAP1 SWAP2 SWAP1 POP POP PUSH2 0x228B JUMP JUMPDEST PUSH1 0x40 MLOAD DUP1 DUP3 DUP2 MSTORE PUSH1 0x20 ADD SWAP2 POP POP PUSH1 0x40 MLOAD DUP1 SWAP2 SUB SWAP1 RETURN JUMPDEST CALLVALUE ISZERO PUSH2 0x5DD JUMPI PUSH1 0x0 DUP1 REVERT JUMPDEST PUSH2 0x691 PUSH1 0x4 DUP1 DUP1 CALLDATALOAD PUSH20 0xFFFFFFFFFFFFFFFFFFFFFFFFFFFFFFFFFFFFFFFF AND SWAP1 PUSH1 0x20 ADD SWAP1 SWAP2 SWAP1 DUP1 CALLDATALOAD SWAP1 PUSH1 0x20 ADD SWAP1 SWAP2 SWAP1 DUP1 CALLDATALOAD PUSH20 0xFFFFFFFFFFFFFFFFFFFFFFFFFFFFFFFFFFFFFFFF AND SWAP1 PUSH1 0x20 ADD SWAP1 SWAP2 SWAP1 DUP1 CALLDATALOAD SWAP1 PUSH1 0x20 ADD SWAP1 SWAP2 SWAP1 DUP1 CALLDATALOAD SWAP1 PUSH1 0x20 ADD SWAP1 SWAP2 SWAP1 DUP1 CALLDATALOAD SWAP1 PUSH1 0x20 ADD SWAP1 SWAP2 SWAP1 DUP1 CALLDATALOAD PUSH20 0xFFFFFFFFFFFFFFFFFFFFFFFFFFFFFFFFFFFFFFFF AND SWAP1 PUSH1 0x20 ADD SWAP1 SWAP2 SWAP1 DUP1 CALLDATALOAD PUSH1 0xFF AND SWAP1 PUSH1 0x20 ADD SWAP1 SWAP2 SWAP1 DUP1 CALLDATALOAD PUSH1 0x0 NOT AND SWAP1 PUSH1 0x20 ADD SWAP1 SWAP2 SWAP1 DUP1 CALLDATALOAD PUSH1 0x0 NOT AND SWAP1 PUSH1 0x20 ADD SWAP1 SWAP2 SWAP1 POP POP PUSH2 0x2311 JUMP JUMPDEST PUSH1 0x40 MLOAD DUP1 DUP3 DUP2 MSTORE PUSH1 0x20 ADD SWAP2 POP POP PUSH1 0x40 MLOAD DUP1 SWAP2 SUB SWAP1 RETURN JUMPDEST PUSH1 0x0 DUP1 CALLVALUE GT ISZERO PUSH2 0x6B6 JUMPI PUSH1 0x0 DUP1 REVERT JUMPDEST PUSH1 0x2 DUP13 DUP13 DUP13 DUP13 DUP13 DUP13 PUSH1 0x0 PUSH1 0x40 MLOAD PUSH1 0x20 ADD MSTORE PUSH1 0x40 MLOAD DUP1 DUP8 PUSH20 0xFFFFFFFFFFFFFFFFFFFFFFFFFFFFFFFFFFFFFFFF AND PUSH20 0xFFFFFFFFFFFFFFFFFFFFFFFFFFFFFFFFFFFFFFFF AND PUSH13 0x1000000000000000000000000 MUL DUP2 MSTORE PUSH1 0x14 ADD DUP7 DUP2 MSTORE PUSH1 0x20 ADD DUP6 PUSH20 0xFFFFFFFFFFFFFFFFFFFFFFFFFFFFFFFFFFFFFFFF AND PUSH20 0xFFFFFFFFFFFFFFFFFFFFFFFFFFFFFFFFFFFFFFFF AND PUSH13 0x1000000000000000000000000 MUL DUP2 MSTORE PUSH1 0x14 ADD DUP5 DUP2 MSTORE PUSH1 0x20 ADD DUP4 DUP2 MSTORE PUSH1 0x20 ADD DUP3 DUP2 MSTORE PUSH1 0x20 ADD SWAP7 POP POP POP POP POP POP POP PUSH1 0x20 PUSH1 0x40 MLOAD DUP1 DUP4 SUB DUP2 PUSH1 0x0 DUP7 PUSH2 0x646E GAS SUB CALL ISZERO ISZERO PUSH2 0x78A JUMPI PUSH1 0x0 DUP1 REVERT JUMPDEST POP POP PUSH1 0x40 MLOAD DUP1 MLOAD SWAP1 POP SWAP1 POP DUP6 PUSH20 0xFFFFFFFFFFFFFFFFFFFFFFFFFFFFFFFFFFFFFFFF AND PUSH1 0x1 DUP3 DUP8 DUP8 DUP8 PUSH1 0x40 MLOAD PUSH1 0x0 DUP2 MSTORE PUSH1 0x20 ADD PUSH1 0x40 MSTORE PUSH1 0x0 PUSH1 0x40 MLOAD PUSH1 0x20 ADD MSTORE PUSH1 0x40 MLOAD DUP1 DUP6 PUSH1 0x0 NOT AND PUSH1 0x0 NOT AND DUP2 MSTORE PUSH1 0x20 ADD DUP5 PUSH1 0xFF AND PUSH1 0xFF AND DUP2 MSTORE PUSH1 0x20 ADD DUP4 PUSH1 0x0 NOT AND PUSH1 0x0 NOT AND DUP2 MSTORE PUSH1 0x20 ADD DUP3 PUSH1 0x0 NOT AND PUSH1 0x0 NOT AND DUP2 MSTORE PUSH1 0x20 ADD SWAP5 POP POP POP POP POP PUSH1 0x20 PUSH1 0x40 MLOAD PUSH1 0x20 DUP2 SUB SWAP1 DUP1 DUP5 SUB SWAP1 PUSH1 0x0 DUP7 PUSH2 0x646E GAS SUB CALL ISZERO ISZERO PUSH2 0x82A JUMPI PUSH1 0x0 DUP1 REVERT JUMPDEST POP POP PUSH1 0x20 PUSH1 0x40 MLOAD SUB MLOAD PUSH20 0xFFFFFFFFFFFFFFFFFFFFFFFFFFFFFFFFFFFFFFFF AND EQ DUP1 ISZERO PUSH2 0x856 JUMPI POP DUP8 NUMBER GT ISZERO JUMPDEST DUP1 ISZERO PUSH2 0x886 JUMPI POP DUP11 PUSH2 0x883 PUSH1 0x1 PUSH1 0x0 DUP5 PUSH1 0x0 NOT AND PUSH1 0x0 NOT AND DUP2 MSTORE PUSH1 0x20 ADD SWAP1 DUP2 MSTORE PUSH1 0x20 ADD PUSH1 0x0 KECCAK256 SLOAD DUP5 PUSH2 0x25A4 JUMP JUMPDEST GT ISZERO JUMPDEST DUP1 ISZERO PUSH2 0x90D JUMPI POP DUP2 PUSH1 0x0 DUP1 DUP15 PUSH20 0xFFFFFFFFFFFFFFFFFFFFFFFFFFFFFFFFFFFFFFFF AND PUSH20 0xFFFFFFFFFFFFFFFFFFFFFFFFFFFFFFFFFFFFFFFF AND DUP2 MSTORE PUSH1 0x20 ADD SWAP1 DUP2 MSTORE PUSH1 0x20 ADD PUSH1 0x0 KECCAK256 PUSH1 0x0 CALLER PUSH20 0xFFFFFFFFFFFFFFFFFFFFFFFFFFFFFFFFFFFFFFFF AND PUSH20 0xFFFFFFFFFFFFFFFFFFFFFFFFFFFFFFFFFFFFFFFF AND DUP2 MSTORE PUSH1 0x20 ADD SWAP1 DUP2 MSTORE PUSH1 0x20 ADD PUSH1 0x0 KECCAK256 SLOAD LT ISZERO JUMPDEST DUP1 ISZERO PUSH2 0x9A8 JUMPI POP DUP11 PUSH2 0x91F DUP11 DUP5 PUSH2 0x25CE JUMP JUMPDEST DUP2 ISZERO ISZERO PUSH2 0x928 JUMPI INVALID JUMPDEST DIV PUSH1 0x0 DUP1 DUP13 PUSH20 0xFFFFFFFFFFFFFFFFFFFFFFFFFFFFFFFFFFFFFFFF AND PUSH20 0xFFFFFFFFFFFFFFFFFFFFFFFFFFFFFFFFFFFFFFFF AND DUP2 MSTORE PUSH1 0x20 ADD SWAP1 DUP2 MSTORE PUSH1 0x20 ADD PUSH1 0x0 KECCAK256 PUSH1 0x0 DUP9 PUSH20 0xFFFFFFFFFFFFFFFFFFFFFFFFFFFFFFFFFFFFFFFF AND PUSH20 0xFFFFFFFFFFFFFFFFFFFFFFFFFFFFFFFFFFFFFFFF AND DUP2 MSTORE PUSH1 0x20 ADD SWAP1 DUP2 MSTORE PUSH1 0x20 ADD PUSH1 0x0 KECCAK256 SLOAD LT ISZERO JUMPDEST ISZERO ISZERO PUSH2 0x9B3 JUMPI PUSH1 0x0 DUP1 REVERT JUMPDEST PUSH2 0xA38 PUSH1 0x0 DUP1 DUP15 PUSH20 0xFFFFFFFFFFFFFFFFFFFFFFFFFFFFFFFFFFFFFFFF AND PUSH20 0xFFFFFFFFFFFFFFFFFFFFFFFFFFFFFFFFFFFFFFFF AND DUP2 MSTORE PUSH1 0x20 ADD SWAP1 DUP2 MSTORE PUSH1 0x20 ADD PUSH1 0x0 KECCAK256 PUSH1 0x0 CALLER PUSH20 0xFFFFFFFFFFFFFFFFFFFFFFFFFFFFFFFFFFFFFFFF AND PUSH20 0xFFFFFFFFFFFFFFFFFFFFFFFFFFFFFFFFFFFFFFFF AND DUP2 MSTORE PUSH1 0x20 ADD SWAP1 DUP2 MSTORE PUSH1 0x20 ADD PUSH1 0x0 KECCAK256 SLOAD DUP4 PUSH2 0x2601 JUMP JUMPDEST PUSH1 0x0 DUP1 DUP15 PUSH20 0xFFFFFFFFFFFFFFFFFFFFFFFFFFFFFFFFFFFFFFFF AND PUSH20 0xFFFFFFFFFFFFFFFFFFFFFFFFFFFFFFFFFFFFFFFF AND DUP2 MSTORE PUSH1 0x20 ADD SWAP1 DUP2 MSTORE PUSH1 0x20 ADD PUSH1 0x0 KECCAK256 PUSH1 0x0 CALLER PUSH20 0xFFFFFFFFFFFFFFFFFFFFFFFFFFFFFFFFFFFFFFFF AND PUSH20 0xFFFFFFFFFFFFFFFFFFFFFFFFFFFFFFFFFFFFFFFF AND DUP2 MSTORE PUSH1 0x20 ADD SWAP1 DUP2 MSTORE PUSH1 0x20 ADD PUSH1 0x0 KECCAK256 DUP2 SWAP1 SSTORE POP PUSH2 0xB64 PUSH1 0x0 DUP1 DUP15 PUSH20 0xFFFFFFFFFFFFFFFFFFFFFFFFFFFFFFFFFFFFFFFF AND PUSH20 0xFFFFFFFFFFFFFFFFFFFFFFFFFFFFFFFFFFFFFFFF AND DUP2 MSTORE PUSH1 0x20 ADD SWAP1 DUP2 MSTORE PUSH1 0x20 ADD PUSH1 0x0 KECCAK256 PUSH1 0x0 DUP9 PUSH20 0xFFFFFFFFFFFFFFFFFFFFFFFFFFFFFFFFFFFFFFFF AND PUSH20 0xFFFFFFFFFFFFFFFFFFFFFFFFFFFFFFFFFFFFFFFF AND DUP2 MSTORE PUSH1 0x20 ADD SWAP1 DUP2 MSTORE PUSH1 0x20 ADD PUSH1 0x0 KECCAK256 SLOAD PUSH8 0xDE0B6B3A7640000 PUSH2 0xB55 DUP6 PUSH1 0x3 SLOAD PUSH8 0xDE0B6B3A7640000 SUB PUSH2 0x25CE JUMP JUMPDEST DUP2 ISZERO ISZERO PUSH2 0xB5E JUMPI INVALID JUMPDEST DIV PUSH2 0x25A4 JUMP JUMPDEST PUSH1 0x0 DUP1 DUP15 PUSH20 0xFFFFFFFFFFFFFFFFFFFFFFFFFFFFFFFFFFFFFFFF AND PUSH20 0xFFFFFFFFFFFFFFFFFFFFFFFFFFFFFFFFFFFFFFFF AND DUP2 MSTORE PUSH1 0x20 ADD SWAP1 DUP2 MSTORE PUSH1 0x20 ADD PUSH1 0x0 KECCAK256 PUSH1 0x0 DUP9 PUSH20 0xFFFFFFFFFFFFFFFFFFFFFFFFFFFFFFFFFFFFFFFF AND PUSH20 0xFFFFFFFFFFFFFFFFFFFFFFFFFFFFFFFFFFFFFFFF AND DUP2 MSTORE PUSH1 0x20 ADD SWAP1 DUP2 MSTORE PUSH1 0x20 ADD PUSH1 0x0 KECCAK256 DUP2 SWAP1 SSTORE POP PUSH2 0xCA8 PUSH1 0x0 DUP1 DUP15 PUSH20 0xFFFFFFFFFFFFFFFFFFFFFFFFFFFFFFFFFFFFFFFF AND PUSH20 0xFFFFFFFFFFFFFFFFFFFFFFFFFFFFFFFFFFFFFFFF AND DUP2 MSTORE PUSH1 0x20 ADD SWAP1 DUP2 MSTORE PUSH1 0x20 ADD PUSH1 0x0 KECCAK256 PUSH1 0x0 PUSH1 0x2 PUSH1 0x0 SWAP1 SLOAD SWAP1 PUSH2 0x100 EXP SWAP1 DIV PUSH20 0xFFFFFFFFFFFFFFFFFFFFFFFFFFFFFFFFFFFFFFFF AND PUSH20 0xFFFFFFFFFFFFFFFFFFFFFFFFFFFFFFFFFFFFFFFF AND PUSH20 0xFFFFFFFFFFFFFFFFFFFFFFFFFFFFFFFFFFFFFFFF AND DUP2 MSTORE PUSH1 0x20 ADD SWAP1 DUP2 MSTORE PUSH1 0x20 ADD PUSH1 0x0 KECCAK256 SLOAD PUSH8 0xDE0B6B3A7640000 PUSH2 0xC99 DUP6 PUSH1 0x3 SLOAD PUSH2 0x25CE JUMP JUMPDEST DUP2 ISZERO ISZERO PUSH2 0xCA2 JUMPI INVALID JUMPDEST DIV PUSH2 0x25A4 JUMP JUMPDEST PUSH1 0x0 DUP1 DUP15 PUSH20 0xFFFFFFFFFFFFFFFFFFFFFFFFFFFFFFFFFFFFFFFF AND PUSH20 0xFFFFFFFFFFFFFFFFFFFFFFFFFFFFFFFFFFFFFFFF AND DUP2 MSTORE PUSH1 0x20 ADD SWAP1 DUP2 MSTORE PUSH1 0x20 ADD PUSH1 0x0 KECCAK256 PUSH1 0x0 PUSH1 0x2 PUSH1 0x0 SWAP1 SLOAD SWAP1 PUSH2 0x100 EXP SWAP1 DIV PUSH20 0xFFFFFFFFFFFFFFFFFFFFFFFFFFFFFFFFFFFFFFFF AND PUSH20 0xFFFFFFFFFFFFFFFFFFFFFFFFFFFFFFFFFFFFFFFF AND PUSH20 0xFFFFFFFFFFFFFFFFFFFFFFFFFFFFFFFFFFFFFFFF AND DUP2 MSTORE PUSH1 0x20 ADD SWAP1 DUP2 MSTORE PUSH1 0x20 ADD PUSH1 0x0 KECCAK256 DUP2 SWAP1 SSTORE POP PUSH2 0xDE2 PUSH1 0x0 DUP1 DUP13 PUSH20 0xFFFFFFFFFFFFFFFFFFFFFFFFFFFFFFFFFFFFFFFF AND PUSH20 0xFFFFFFFFFFFFFFFFFFFFFFFFFFFFFFFFFFFFFFFF AND DUP2 MSTORE PUSH1 0x20 ADD SWAP1 DUP2 MSTORE PUSH1 0x20 ADD PUSH1 0x0 KECCAK256 PUSH1 0x0 DUP9 PUSH20 0xFFFFFFFFFFFFFFFFFFFFFFFFFFFFFFFFFFFFFFFF AND PUSH20 0xFFFFFFFFFFFFFFFFFFFFFFFFFFFFFFFFFFFFFFFF AND DUP2 MSTORE PUSH1 0x20 ADD SWAP1 DUP2 MSTORE PUSH1 0x20 ADD PUSH1 0x0 KECCAK256 SLOAD DUP13 PUSH2 0xDD3 DUP13 DUP7 PUSH2 0x25CE JUMP JUMPDEST DUP2 ISZERO ISZERO PUSH2 0xDDC JUMPI INVALID JUMPDEST DIV PUSH2 0x2601 JUMP JUMPDEST PUSH1 0x0 DUP1 DUP13 PUSH20 0xFFFFFFFFFFFFFFFFFFFFFFFFFFFFFFFFFFFFFFFF AND PUSH20 0xFFFFFFFFFFFFFFFFFFFFFFFFFFFFFFFFFFFFFFFF AND DUP2 MSTORE PUSH1 0x20 ADD SWAP1 DUP2 MSTORE PUSH1 0x20 ADD PUSH1 0x0 KECCAK256 PUSH1 0x0 DUP9 PUSH20 0xFFFFFFFFFFFFFFFFFFFFFFFFFFFFFFFFFFFFFFFF AND PUSH20 0xFFFFFFFFFFFFFFFFFFFFFFFFFFFFFFFFFFFFFFFF AND DUP2 MSTORE PUSH1 0x20 ADD SWAP1 DUP2 MSTORE PUSH1 0x20 ADD PUSH1 0x0 KECCAK256 DUP2 SWAP1 SSTORE POP PUSH2 0xF22 PUSH1 0x0 DUP1 DUP13 PUSH20 0xFFFFFFFFFFFFFFFFFFFFFFFFFFFFFFFFFFFFFFFF AND PUSH20 0xFFFFFFFFFFFFFFFFFFFFFFFFFFFFFFFFFFFFFFFF AND DUP2 MSTORE PUSH1 0x20 ADD SWAP1 DUP2 MSTORE PUSH1 0x20 ADD PUSH1 0x0 KECCAK256 PUSH1 0x0 CALLER PUSH20 0xFFFFFFFFFFFFFFFFFFFFFFFFFFFFFFFFFFFFFFFF AND PUSH20 0xFFFFFFFFFFFFFFFFFFFFFFFFFFFFFFFFFFFFFFFF AND DUP2 MSTORE PUSH1 0x20 ADD SWAP1 DUP2 MSTORE PUSH1 0x20 ADD PUSH1 0x0 KECCAK256 SLOAD PUSH8 0xDE0B6B3A7640000 DUP14 PUSH2 0xF09 PUSH2 0xF03 PUSH1 0x4 SLOAD PUSH8 0xDE0B6B3A7640000 SUB DUP16 PUSH2 0x25CE JUMP JUMPDEST DUP8 PUSH2 0x25CE JUMP JUMPDEST DUP2 ISZERO ISZERO PUSH2 0xF12 JUMPI INVALID JUMPDEST DIV DUP2 ISZERO ISZERO PUSH2 0xF1C JUMPI INVALID JUMPDEST DIV PUSH2 0x25A4 JUMP JUMPDEST PUSH1 0x0 DUP1 DUP13 PUSH20 0xFFFFFFFFFFFFFFFFFFFFFFFFFFFFFFFFFFFFFFFF AND PUSH20 0xFFFFFFFFFFFFFFFFFFFFFFFFFFFFFFFFFFFFFFFF AND DUP2 MSTORE PUSH1 0x20 ADD SWAP1 DUP2 MSTORE PUSH1 0x20 ADD PUSH1 0x0 KECCAK256 PUSH1 0x0 CALLER PUSH20 0xFFFFFFFFFFFFFFFFFFFFFFFFFFFFFFFFFFFFFFFF AND PUSH20 0xFFFFFFFFFFFFFFFFFFFFFFFFFFFFFFFFFFFFFFFF AND DUP2 MSTORE PUSH1 0x20 ADD SWAP1 DUP2 MSTORE PUSH1 0x20 ADD PUSH1 0x0 KECCAK256 DUP2 SWAP1 SSTORE POP PUSH2 0x107A PUSH1 0x0 DUP1 DUP13 PUSH20 0xFFFFFFFFFFFFFFFFFFFFFFFFFFFFFFFFFFFFFFFF AND PUSH20 0xFFFFFFFFFFFFFFFFFFFFFFFFFFFFFFFFFFFFFFFF AND DUP2 MSTORE PUSH1 0x20 ADD SWAP1 DUP2 MSTORE PUSH1 0x20 ADD PUSH1 0x0 KECCAK256 PUSH1 0x0 PUSH1 0x2 PUSH1 0x0 SWAP1 SLOAD SWAP1 PUSH2 0x100 EXP SWAP1 DIV PUSH20 0xFFFFFFFFFFFFFFFFFFFFFFFFFFFFFFFFFFFFFFFF AND PUSH20 0xFFFFFFFFFFFFFFFFFFFFFFFFFFFFFFFFFFFFFFFF AND PUSH20 0xFFFFFFFFFFFFFFFFFFFFFFFFFFFFFFFFFFFFFFFF AND DUP2 MSTORE PUSH1 0x20 ADD SWAP1 DUP2 MSTORE PUSH1 0x20 ADD PUSH1 0x0 KECCAK256 SLOAD PUSH8 0xDE0B6B3A7640000 DUP14 PUSH2 0x1061 PUSH2 0x105B PUSH1 0x4 SLOAD DUP16 PUSH2 0x25CE JUMP JUMPDEST DUP8 PUSH2 0x25CE JUMP JUMPDEST DUP2 ISZERO ISZERO PUSH2 0x106A JUMPI INVALID JUMPDEST DIV DUP2 ISZERO ISZERO PUSH2 0x1074 JUMPI INVALID JUMPDEST DIV PUSH2 0x25A4 JUMP JUMPDEST PUSH1 0x0 DUP1 DUP13 PUSH20 0xFFFFFFFFFFFFFFFFFFFFFFFFFFFFFFFFFFFFFFFF AND PUSH20 0xFFFFFFFFFFFFFFFFFFFFFFFFFFFFFFFFFFFFFFFF AND DUP2 MSTORE PUSH1 0x20 ADD SWAP1 DUP2 MSTORE PUSH1 0x20 ADD PUSH1 0x0 KECCAK256 PUSH1 0x0 PUSH1 0x2 PUSH1 0x0 SWAP1 SLOAD SWAP1 PUSH2 0x100 EXP SWAP1 DIV PUSH20 0xFFFFFFFFFFFFFFFFFFFFFFFFFFFFFFFFFFFFFFFF AND PUSH20 0xFFFFFFFFFFFFFFFFFFFFFFFFFFFFFFFFFFFFFFFF AND PUSH20 0xFFFFFFFFFFFFFFFFFFFFFFFFFFFFFFFFFFFFFFFF AND DUP2 MSTORE PUSH1 0x20 ADD SWAP1 DUP2 MSTORE PUSH1 0x20 ADD PUSH1 0x0 KECCAK256 DUP2 SWAP1 SSTORE POP PUSH2 0x1140 PUSH1 0x1 PUSH1 0x0 DUP4 PUSH1 0x0 NOT AND PUSH1 0x0 NOT AND DUP2 MSTORE PUSH1 0x20 ADD SWAP1 DUP2 MSTORE PUSH1 0x20 ADD PUSH1 0x0 KECCAK256 SLOAD DUP4 PUSH2 0x25A4 JUMP JUMPDEST PUSH1 0x1 PUSH1 0x0 DUP4 PUSH1 0x0 NOT AND PUSH1 0x0 NOT AND DUP2 MSTORE PUSH1 0x20 ADD SWAP1 DUP2 MSTORE PUSH1 0x20 ADD PUSH1 0x0 KECCAK256 DUP2 SWAP1 SSTORE POP PUSH32 0x6EFFDDA786735D5033BFAD5F53E5131ABCCED9E52BE6C507B62D639685FBED6D DUP13 DUP4 DUP13 DUP15 DUP7 DUP15 MUL DUP2 ISZERO ISZERO PUSH2 0x1190 JUMPI INVALID JUMPDEST DIV DUP11 CALLER PUSH1 0x40 MLOAD DUP1 DUP8 PUSH20 0xFFFFFFFFFFFFFFFFFFFFFFFFFFFFFFFFFFFFFFFF AND PUSH20 0xFFFFFFFFFFFFFFFFFFFFFFFFFFFFFFFFFFFFFFFF AND DUP2 MSTORE PUSH1 0x20 ADD DUP7 DUP2 MSTORE PUSH1 0x20 ADD DUP6 PUSH20 0xFFFFFFFFFFFFFFFFFFFFFFFFFFFFFFFFFFFFFFFF AND PUSH20 0xFFFFFFFFFFFFFFFFFFFFFFFFFFFFFFFFFFFFFFFF AND DUP2 MSTORE PUSH1 0x20 ADD DUP5 DUP2 MSTORE PUSH1 0x20 ADD DUP4 PUSH20 0xFFFFFFFFFFFFFFFFFFFFFFFFFFFFFFFFFFFFFFFF AND PUSH20 0xFFFFFFFFFFFFFFFFFFFFFFFFFFFFFFFFFFFFFFFF AND DUP2 MSTORE PUSH1 0x20 ADD DUP3 PUSH20 0xFFFFFFFFFFFFFFFFFFFFFFFFFFFFFFFFFFFFFFFF AND PUSH20 0xFFFFFFFFFFFFFFFFFFFFFFFFFFFFFFFFFFFFFFFF AND DUP2 MSTORE PUSH1 0x20 ADD SWAP7 POP POP POP POP POP POP POP PUSH1 0x40 MLOAD DUP1 SWAP2 SUB SWAP1 LOG1 POP POP POP POP POP POP POP POP POP POP POP POP JUMP JUMPDEST PUSH1 0x0 CALLVALUE GT ISZERO PUSH2 0x1297 JUMPI PUSH1 0x0 DUP1 REVERT JUMPDEST DUP1 PUSH1 0x0 DUP1 DUP1 PUSH20 0xFFFFFFFFFFFFFFFFFFFFFFFFFFFFFFFFFFFFFFFF AND DUP2 MSTORE PUSH1 0x20 ADD SWAP1 DUP2 MSTORE PUSH1 0x20 ADD PUSH1 0x0 KECCAK256 PUSH1 0x0 CALLER PUSH20 0xFFFFFFFFFFFFFFFFFFFFFFFFFFFFFFFFFFFFFFFF AND PUSH20 0xFFFFFFFFFFFFFFFFFFFFFFFFFFFFFFFFFFFFFFFF AND DUP2 MSTORE PUSH1 0x20 ADD SWAP1 DUP2 MSTORE PUSH1 0x20 ADD PUSH1 0x0 KECCAK256 SLOAD LT ISZERO PUSH2 0x1309 JUMPI PUSH1 0x0 DUP1 REVERT JUMPDEST PUSH2 0x1378 PUSH1 0x0 DUP1 DUP1 PUSH20 0xFFFFFFFFFFFFFFFFFFFFFFFFFFFFFFFFFFFFFFFF AND DUP2 MSTORE PUSH1 0x20 ADD SWAP1 DUP2 MSTORE PUSH1 0x20 ADD PUSH1 0x0 KECCAK256 PUSH1 0x0 CALLER PUSH20 0xFFFFFFFFFFFFFFFFFFFFFFFFFFFFFFFFFFFFFFFF AND PUSH20 0xFFFFFFFFFFFFFFFFFFFFFFFFFFFFFFFFFFFFFFFF AND DUP2 MSTORE PUSH1 0x20 ADD SWAP1 DUP2 MSTORE PUSH1 0x20 ADD PUSH1 0x0 KECCAK256 SLOAD DUP3 PUSH2 0x2601 JUMP JUMPDEST PUSH1 0x0 DUP1 DUP1 PUSH20 0xFFFFFFFFFFFFFFFFFFFFFFFFFFFFFFFFFFFFFFFF AND DUP2 MSTORE PUSH1 0x20 ADD SWAP1 DUP2 MSTORE PUSH1 0x20 ADD PUSH1 0x0 KECCAK256 PUSH1 0x0 CALLER PUSH20 0xFFFFFFFFFFFFFFFFFFFFFFFFFFFFFFFFFFFFFFFF AND PUSH20 0xFFFFFFFFFFFFFFFFFFFFFFFFFFFFFFFFFFFFFFFF AND DUP2 MSTORE PUSH1 0x20 ADD SWAP1 DUP2 MSTORE PUSH1 0x20 ADD PUSH1 0x0 KECCAK256 DUP2 SWAP1 SSTORE POP CALLER PUSH20 0xFFFFFFFFFFFFFFFFFFFFFFFFFFFFFFFFFFFFFFFF AND DUP2 PUSH1 0x40 MLOAD PUSH1 0x0 PUSH1 0x40 MLOAD DUP1 DUP4 SUB DUP2 DUP6 DUP8 PUSH2 0x8796 GAS SUB CALL SWAP3 POP POP POP ISZERO ISZERO PUSH2 0x141C JUMPI PUSH1 0x0 DUP1 REVERT JUMPDEST PUSH32 0xF341246ADAAC6F497BC2A656F546AB9E182111D630394F0C57C710A59A2CB567 PUSH1 0x0 CALLER DUP4 PUSH1 0x0 DUP1 DUP1 PUSH20 0xFFFFFFFFFFFFFFFFFFFFFFFFFFFFFFFFFFFFFFFF AND DUP2 MSTORE PUSH1 0x20 ADD SWAP1 DUP2 MSTORE PUSH1 0x20 ADD PUSH1 0x0 KECCAK256 PUSH1 0x0 CALLER PUSH20 0xFFFFFFFFFFFFFFFFFFFFFFFFFFFFFFFFFFFFFFFF AND PUSH20 0xFFFFFFFFFFFFFFFFFFFFFFFFFFFFFFFFFFFFFFFF AND DUP2 MSTORE PUSH1 0x20 ADD SWAP1 DUP2 MSTORE PUSH1 0x20 ADD PUSH1 0x0 KECCAK256 SLOAD PUSH1 0x40 MLOAD DUP1 DUP6 PUSH20 0xFFFFFFFFFFFFFFFFFFFFFFFFFFFFFFFFFFFFFFFF AND DUP2 MSTORE PUSH1 0x20 ADD DUP5 PUSH20 0xFFFFFFFFFFFFFFFFFFFFFFFFFFFFFFFFFFFFFFFF AND PUSH20 0xFFFFFFFFFFFFFFFFFFFFFFFFFFFFFFFFFFFFFFFF AND DUP2 MSTORE PUSH1 0x20 ADD DUP4 DUP2 MSTORE PUSH1 0x20 ADD DUP3 DUP2 MSTORE PUSH1 0x20 ADD SWAP5 POP POP POP POP POP PUSH1 0x40 MLOAD DUP1 SWAP2 SUB SWAP1 LOG1 POP JUMP JUMPDEST PUSH1 0x0 CALLVALUE GT DUP1 PUSH2 0x153B JUMPI POP PUSH1 0x0 DUP3 PUSH20 0xFFFFFFFFFFFFFFFFFFFFFFFFFFFFFFFFFFFFFFFF AND EQ JUMPDEST ISZERO PUSH2 0x1545 JUMPI PUSH1 0x0 DUP1 REVERT JUMPDEST DUP2 PUSH20 0xFFFFFFFFFFFFFFFFFFFFFFFFFFFFFFFFFFFFFFFF AND PUSH4 0x23B872DD CALLER ADDRESS DUP5 PUSH1 0x0 PUSH1 0x40 MLOAD PUSH1 0x20 ADD MSTORE PUSH1 0x40 MLOAD DUP5 PUSH4 0xFFFFFFFF AND PUSH29 0x100000000000000000000000000000000000000000000000000000000 MUL DUP2 MSTORE PUSH1 0x4 ADD DUP1 DUP5 PUSH20 0xFFFFFFFFFFFFFFFFFFFFFFFFFFFFFFFFFFFFFFFF AND PUSH20 0xFFFFFFFFFFFFFFFFFFFFFFFFFFFFFFFFFFFFFFFF AND DUP2 MSTORE PUSH1 0x20 ADD DUP4 PUSH20 0xFFFFFFFFFFFFFFFFFFFFFFFFFFFFFFFFFFFFFFFF AND PUSH20 0xFFFFFFFFFFFFFFFFFFFFFFFFFFFFFFFFFFFFFFFF AND DUP2 MSTORE PUSH1 0x20 ADD DUP3 DUP2 MSTORE PUSH1 0x20 ADD SWAP4 POP POP POP POP PUSH1 0x20 PUSH1 0x40 MLOAD DUP1 DUP4 SUB DUP2 PUSH1 0x0 DUP8 DUP1 EXTCODESIZE ISZERO ISZERO PUSH2 0x1624 JUMPI PUSH1 0x0 DUP1 REVERT JUMPDEST PUSH2 0x2C6 GAS SUB CALL ISZERO ISZERO PUSH2 0x1635 JUMPI PUSH1 0x0 DUP1 REVERT JUMPDEST POP POP POP PUSH1 0x40 MLOAD DUP1 MLOAD SWAP1 POP ISZERO ISZERO PUSH2 0x164A JUMPI PUSH1 0x0 DUP1 REVERT JUMPDEST PUSH2 0x16CF PUSH1 0x0 DUP1 DUP5 PUSH20 0xFFFFFFFFFFFFFFFFFFFFFFFFFFFFFFFFFFFFFFFF AND PUSH20 0xFFFFFFFFFFFFFFFFFFFFFFFFFFFFFFFFFFFFFFFF AND DUP2 MSTORE PUSH1 0x20 ADD SWAP1 DUP2 MSTORE PUSH1 0x20 ADD PUSH1 0x0 KECCAK256 PUSH1 0x0 CALLER PUSH20 0xFFFFFFFFFFFFFFFFFFFFFFFFFFFFFFFFFFFFFFFF AND PUSH20 0xFFFFFFFFFFFFFFFFFFFFFFFFFFFFFFFFFFFFFFFF AND DUP2 MSTORE PUSH1 0x20 ADD SWAP1 DUP2 MSTORE PUSH1 0x20 ADD PUSH1 0x0 KECCAK256 SLOAD DUP3 PUSH2 0x25A4 JUMP JUMPDEST PUSH1 0x0 DUP1 DUP5 PUSH20 0xFFFFFFFFFFFFFFFFFFFFFFFFFFFFFFFFFFFFFFFF AND PUSH20 0xFFFFFFFFFFFFFFFFFFFFFFFFFFFFFFFFFFFFFFFF AND DUP2 MSTORE PUSH1 0x20 ADD SWAP1 DUP2 MSTORE PUSH1 0x20 ADD PUSH1 0x0 KECCAK256 PUSH1 0x0 CALLER PUSH20 0xFFFFFFFFFFFFFFFFFFFFFFFFFFFFFFFFFFFFFFFF AND PUSH20 0xFFFFFFFFFFFFFFFFFFFFFFFFFFFFFFFFFFFFFFFF AND DUP2 MSTORE PUSH1 0x20 ADD SWAP1 DUP2 MSTORE PUSH1 0x20 ADD PUSH1 0x0 KECCAK256 DUP2 SWAP1 SSTORE POP PUSH32 0xDCBC1C05240F31FF3AD067EF1EE35CE4997762752E3A095284754544F4C709D7 DUP3 CALLER DUP4 PUSH1 0x0 DUP1 DUP8 PUSH20 0xFFFFFFFFFFFFFFFFFFFFFFFFFFFFFFFFFFFFFFFF AND PUSH20 0xFFFFFFFFFFFFFFFFFFFFFFFFFFFFFFFFFFFFFFFF AND DUP2 MSTORE PUSH1 0x20 ADD SWAP1 DUP2 MSTORE PUSH1 0x20 ADD PUSH1 0x0 KECCAK256 PUSH1 0x0 CALLER PUSH20 0xFFFFFFFFFFFFFFFFFFFFFFFFFFFFFFFFFFFFFFFF AND PUSH20 0xFFFFFFFFFFFFFFFFFFFFFFFFFFFFFFFFFFFFFFFF AND DUP2 MSTORE PUSH1 0x20 ADD SWAP1 DUP2 MSTORE PUSH1 0x20 ADD PUSH1 0x0 KECCAK256 SLOAD PUSH1 0x40 MLOAD DUP1 DUP6 PUSH20 0xFFFFFFFFFFFFFFFFFFFFFFFFFFFFFFFFFFFFFFFF AND PUSH20 0xFFFFFFFFFFFFFFFFFFFFFFFFFFFFFFFFFFFFFFFF AND DUP2 MSTORE PUSH1 0x20 ADD DUP5 PUSH20 0xFFFFFFFFFFFFFFFFFFFFFFFFFFFFFFFFFFFFFFFF AND PUSH20 0xFFFFFFFFFFFFFFFFFFFFFFFFFFFFFFFFFFFFFFFF AND DUP2 MSTORE PUSH1 0x20 ADD DUP4 DUP2 MSTORE PUSH1 0x20 ADD DUP3 DUP2 MSTORE PUSH1 0x20 ADD SWAP5 POP POP POP POP POP PUSH1 0x40 MLOAD DUP1 SWAP2 SUB SWAP1 LOG1 POP POP JUMP JUMPDEST PUSH1 0x3 SLOAD DUP2 JUMP JUMPDEST PUSH1 0x2 PUSH1 0x0 SWAP1 SLOAD SWAP1 PUSH2 0x100 EXP SWAP1 DIV PUSH20 0xFFFFFFFFFFFFFFFFFFFFFFFFFFFFFFFFFFFFFFFF AND DUP2 JUMP JUMPDEST PUSH1 0x0 DUP3 PUSH1 0x0 DUP1 DUP16 PUSH20 0xFFFFFFFFFFFFFFFFFFFFFFFFFFFFFFFFFFFFFFFF AND PUSH20 0xFFFFFFFFFFFFFFFFFFFFFFFFFFFFFFFFFFFFFFFF AND DUP2 MSTORE PUSH1 0x20 ADD SWAP1 DUP2 MSTORE PUSH1 0x20 ADD PUSH1 0x0 KECCAK256 PUSH1 0x0 DUP5 PUSH20 0xFFFFFFFFFFFFFFFFFFFFFFFFFFFFFFFFFFFFFFFF AND PUSH20 0xFFFFFFFFFFFFFFFFFFFFFFFFFFFFFFFFFFFFFFFF AND DUP2 MSTORE PUSH1 0x20 ADD SWAP1 DUP2 MSTORE PUSH1 0x20 ADD PUSH1 0x0 KECCAK256 SLOAD LT ISZERO DUP1 ISZERO PUSH2 0x193E JUMPI POP DUP3 PUSH2 0x193B DUP15 DUP15 DUP15 DUP15 DUP15 DUP15 DUP15 DUP15 DUP15 DUP15 PUSH2 0x2311 JUMP JUMPDEST LT ISZERO JUMPDEST ISZERO ISZERO PUSH2 0x194D JUMPI PUSH1 0x0 SWAP1 POP PUSH2 0x1952 JUMP JUMPDEST PUSH1 0x1 SWAP1 POP JUMPDEST SWAP13 SWAP12 POP POP POP POP POP POP POP POP POP POP POP POP JUMP JUMPDEST PUSH1 0x0 DUP1 CALLVALUE GT ISZERO PUSH2 0x1971 JUMPI PUSH1 0x0 DUP1 REVERT JUMPDEST PUSH1 0x2 DUP12 DUP12 DUP12 DUP12 DUP12 DUP12 PUSH1 0x0 PUSH1 0x40 MLOAD PUSH1 0x20 ADD MSTORE PUSH1 0x40 MLOAD DUP1 DUP8 PUSH20 0xFFFFFFFFFFFFFFFFFFFFFFFFFFFFFFFFFFFFFFFF AND PUSH20 0xFFFFFFFFFFFFFFFFFFFFFFFFFFFFFFFFFFFFFFFF AND PUSH13 0x1000000000000000000000000 MUL DUP2 MSTORE PUSH1 0x14 ADD DUP7 DUP2 MSTORE PUSH1 0x20 ADD DUP6 PUSH20 0xFFFFFFFFFFFFFFFFFFFFFFFFFFFFFFFFFFFFFFFF AND PUSH20 0xFFFFFFFFFFFFFFFFFFFFFFFFFFFFFFFFFFFFFFFF AND PUSH13 0x1000000000000000000000000 MUL DUP2 MSTORE PUSH1 0x14 ADD DUP5 DUP2 MSTORE PUSH1 0x20 ADD DUP4 DUP2 MSTORE PUSH1 0x20 ADD DUP3 DUP2 MSTORE PUSH1 0x20 ADD SWAP7 POP POP POP POP POP POP POP PUSH1 0x20 PUSH1 0x40 MLOAD DUP1 DUP4 SUB DUP2 PUSH1 0x0 DUP7 PUSH2 0x646E GAS SUB CALL ISZERO ISZERO PUSH2 0x1A45 JUMPI PUSH1 0x0 DUP1 REVERT JUMPDEST POP POP PUSH1 0x40 MLOAD DUP1 MLOAD SWAP1 POP SWAP1 POP CALLER PUSH20 0xFFFFFFFFFFFFFFFFFFFFFFFFFFFFFFFFFFFFFFFF AND DUP6 PUSH20 0xFFFFFFFFFFFFFFFFFFFFFFFFFFFFFFFFFFFFFFFF AND EQ ISZERO ISZERO PUSH2 0x1A8A JUMPI PUSH1 0x0 DUP1 REVERT JUMPDEST DUP10 PUSH1 0x1 PUSH1 0x0 DUP4 PUSH1 0x0 NOT AND PUSH1 0x0 NOT AND DUP2 MSTORE PUSH1 0x20 ADD SWAP1 DUP2 MSTORE PUSH1 0x20 ADD PUSH1 0x0 KECCAK256 DUP2 SWAP1 SSTORE POP PUSH32 0x1E0B760C386003E9CB9BCF4FCF3997886042859D9B6ED6320E804597FCDB28B0 DUP12 DUP12 DUP12 DUP12 DUP12 DUP12 CALLER DUP12 DUP12 DUP12 PUSH1 0x40 MLOAD DUP1 DUP12 PUSH20 0xFFFFFFFFFFFFFFFFFFFFFFFFFFFFFFFFFFFFFFFF AND PUSH20 0xFFFFFFFFFFFFFFFFFFFFFFFFFFFFFFFFFFFFFFFF AND DUP2 MSTORE PUSH1 0x20 ADD DUP11 DUP2 MSTORE PUSH1 0x20 ADD DUP10 PUSH20 0xFFFFFFFFFFFFFFFFFFFFFFFFFFFFFFFFFFFFFFFF AND PUSH20 0xFFFFFFFFFFFFFFFFFFFFFFFFFFFFFFFFFFFFFFFF AND DUP2 MSTORE PUSH1 0x20 ADD DUP9 DUP2 MSTORE PUSH1 0x20 ADD DUP8 DUP2 MSTORE PUSH1 0x20 ADD DUP7 DUP2 MSTORE PUSH1 0x20 ADD DUP6 PUSH20 0xFFFFFFFFFFFFFFFFFFFFFFFFFFFFFFFFFFFFFFFF AND PUSH20 0xFFFFFFFFFFFFFFFFFFFFFFFFFFFFFFFFFFFFFFFF AND DUP2 MSTORE PUSH1 0x20 ADD DUP5 PUSH1 0xFF AND PUSH1 0xFF AND DUP2 MSTORE PUSH1 0x20 ADD DUP4 PUSH1 0x0 NOT AND PUSH1 0x0 NOT AND DUP2 MSTORE PUSH1 0x20 ADD DUP3 PUSH1 0x0 NOT AND PUSH1 0x0 NOT AND DUP2 MSTORE PUSH1 0x20 ADD SWAP11 POP POP POP POP POP POP POP POP POP POP POP PUSH1 0x40 MLOAD DUP1 SWAP2 SUB SWAP1 LOG1 POP POP POP POP POP POP POP POP POP POP POP JUMP JUMPDEST PUSH1 0x0 CALLVALUE GT ISZERO PUSH2 0x1BDE JUMPI PUSH1 0x0 DUP1 REVERT JUMPDEST PUSH32 0x91DAF02B6D1454ACD74C097A67E389A9D9371DA3FF51366947022DC36748CE4D DUP10 DUP10 DUP10 DUP10 DUP10 DUP10 CALLER DUP11 DUP11 DUP11 PUSH1 0x40 MLOAD DUP1 DUP12 PUSH20 0xFFFFFFFFFFFFFFFFFFFFFFFFFFFFFFFFFFFFFFFF AND PUSH20 0xFFFFFFFFFFFFFFFFFFFFFFFFFFFFFFFFFFFFFFFF AND DUP2 MSTORE PUSH1 0x20 ADD DUP11 DUP2 MSTORE PUSH1 0x20 ADD DUP10 PUSH20 0xFFFFFFFFFFFFFFFFFFFFFFFFFFFFFFFFFFFFFFFF AND PUSH20 0xFFFFFFFFFFFFFFFFFFFFFFFFFFFFFFFFFFFFFFFF AND DUP2 MSTORE PUSH1 0x20 ADD DUP9 DUP2 MSTORE PUSH1 0x20 ADD DUP8 DUP2 MSTORE PUSH1 0x20 ADD DUP7 DUP2 MSTORE PUSH1 0x20 ADD DUP6 PUSH20 0xFFFFFFFFFFFFFFFFFFFFFFFFFFFFFFFFFFFFFFFF AND PUSH20 0xFFFFFFFFFFFFFFFFFFFFFFFFFFFFFFFFFFFFFFFF AND DUP2 MSTORE PUSH1 0x20 ADD DUP5 PUSH1 0xFF AND PUSH1 0xFF AND DUP2 MSTORE PUSH1 0x20 ADD DUP4 PUSH1 0x0 NOT AND PUSH1 0x0 NOT AND DUP2 MSTORE PUSH1 0x20 ADD DUP3 PUSH1 0x0 NOT AND PUSH1 0x0 NOT AND DUP2 MSTORE PUSH1 0x20 ADD SWAP11 POP POP POP POP POP POP POP POP POP POP POP PUSH1 0x40 MLOAD DUP1 SWAP2 SUB SWAP1 LOG1 POP POP POP POP POP POP POP POP POP JUMP JUMPDEST PUSH1 0x0 CALLVALUE GT DUP1 PUSH2 0x1D27 JUMPI POP PUSH1 0x0 DUP3 PUSH20 0xFFFFFFFFFFFFFFFFFFFFFFFFFFFFFFFFFFFFFFFF AND EQ JUMPDEST ISZERO PUSH2 0x1D31 JUMPI PUSH1 0x0 DUP1 REVERT JUMPDEST DUP1 PUSH1 0x0 DUP1 DUP5 PUSH20 0xFFFFFFFFFFFFFFFFFFFFFFFFFFFFFFFFFFFFFFFF AND PUSH20 0xFFFFFFFFFFFFFFFFFFFFFFFFFFFFFFFFFFFFFFFF AND DUP2 MSTORE PUSH1 0x20 ADD SWAP1 DUP2 MSTORE PUSH1 0x20 ADD PUSH1 0x0 KECCAK256 PUSH1 0x0 CALLER PUSH20 0xFFFFFFFFFFFFFFFFFFFFFFFFFFFFFFFFFFFFFFFF AND PUSH20 0xFFFFFFFFFFFFFFFFFFFFFFFFFFFFFFFFFFFFFFFF AND DUP2 MSTORE PUSH1 0x20 ADD SWAP1 DUP2 MSTORE PUSH1 0x20 ADD PUSH1 0x0 KECCAK256 SLOAD LT ISZERO PUSH2 0x1DB9 JUMPI PUSH1 0x0 DUP1 REVERT JUMPDEST PUSH2 0x1E3E PUSH1 0x0 DUP1 DUP5 PUSH20 0xFFFFFFFFFFFFFFFFFFFFFFFFFFFFFFFFFFFFFFFF AND PUSH20 0xFFFFFFFFFFFFFFFFFFFFFFFFFFFFFFFFFFFFFFFF AND DUP2 MSTORE PUSH1 0x20 ADD SWAP1 DUP2 MSTORE PUSH1 0x20 ADD PUSH1 0x0 KECCAK256 PUSH1 0x0 CALLER PUSH20 0xFFFFFFFFFFFFFFFFFFFFFFFFFFFFFFFFFFFFFFFF AND PUSH20 0xFFFFFFFFFFFFFFFFFFFFFFFFFFFFFFFFFFFFFFFF AND DUP2 MSTORE PUSH1 0x20 ADD SWAP1 DUP2 MSTORE PUSH1 0x20 ADD PUSH1 0x0 KECCAK256 SLOAD DUP3 PUSH2 0x2601 JUMP JUMPDEST PUSH1 0x0 DUP1 DUP5 PUSH20 0xFFFFFFFFFFFFFFFFFFFFFFFFFFFFFFFFFFFFFFFF AND PUSH20 0xFFFFFFFFFFFFFFFFFFFFFFFFFFFFFFFFFFFFFFFF AND DUP2 MSTORE PUSH1 0x20 ADD SWAP1 DUP2 MSTORE PUSH1 0x20 ADD PUSH1 0x0 KECCAK256 PUSH1 0x0 CALLER PUSH20 0xFFFFFFFFFFFFFFFFFFFFFFFFFFFFFFFFFFFFFFFF AND PUSH20 0xFFFFFFFFFFFFFFFFFFFFFFFFFFFFFFFFFFFFFFFF AND DUP2 MSTORE PUSH1 0x20 ADD SWAP1 DUP2 MSTORE PUSH1 0x20 ADD PUSH1 0x0 KECCAK256 DUP2 SWAP1 SSTORE POP DUP2 PUSH20 0xFFFFFFFFFFFFFFFFFFFFFFFFFFFFFFFFFFFFFFFF AND PUSH4 0xA9059CBB CALLER DUP4 PUSH1 0x0 PUSH1 0x40 MLOAD PUSH1 0x20 ADD MSTORE PUSH1 0x40 MLOAD DUP4 PUSH4 0xFFFFFFFF AND PUSH29 0x100000000000000000000000000000000000000000000000000000000 MUL DUP2 MSTORE PUSH1 0x4 ADD DUP1 DUP4 PUSH20 0xFFFFFFFFFFFFFFFFFFFFFFFFFFFFFFFFFFFFFFFF AND PUSH20 0xFFFFFFFFFFFFFFFFFFFFFFFFFFFFFFFFFFFFFFFF AND DUP2 MSTORE PUSH1 0x20 ADD DUP3 DUP2 MSTORE PUSH1 0x20 ADD SWAP3 POP POP POP PUSH1 0x20 PUSH1 0x40 MLOAD DUP1 DUP4 SUB DUP2 PUSH1 0x0 DUP8 DUP1 EXTCODESIZE ISZERO ISZERO PUSH2 0x1F68 JUMPI PUSH1 0x0 DUP1 REVERT JUMPDEST PUSH2 0x2C6 GAS SUB CALL ISZERO ISZERO PUSH2 0x1F79 JUMPI PUSH1 0x0 DUP1 REVERT JUMPDEST POP POP POP PUSH1 0x40 MLOAD DUP1 MLOAD SWAP1 POP ISZERO ISZERO PUSH2 0x1F8E JUMPI PUSH1 0x0 DUP1 REVERT JUMPDEST PUSH32 0xF341246ADAAC6F497BC2A656F546AB9E182111D630394F0C57C710A59A2CB567 DUP3 CALLER DUP4 PUSH1 0x0 DUP1 DUP8 PUSH20 0xFFFFFFFFFFFFFFFFFFFFFFFFFFFFFFFFFFFFFFFF AND PUSH20 0xFFFFFFFFFFFFFFFFFFFFFFFFFFFFFFFFFFFFFFFF AND DUP2 MSTORE PUSH1 0x20 ADD SWAP1 DUP2 MSTORE PUSH1 0x20 ADD PUSH1 0x0 KECCAK256 PUSH1 0x0 CALLER PUSH20 0xFFFFFFFFFFFFFFFFFFFFFFFFFFFFFFFFFFFFFFFF AND PUSH20 0xFFFFFFFFFFFFFFFFFFFFFFFFFFFFFFFFFFFFFFFF AND DUP2 MSTORE PUSH1 0x20 ADD SWAP1 DUP2 MSTORE PUSH1 0x20 ADD PUSH1 0x0 KECCAK256 SLOAD PUSH1 0x40 MLOAD DUP1 DUP6 PUSH20 0xFFFFFFFFFFFFFFFFFFFFFFFFFFFFFFFFFFFFFFFF AND PUSH20 0xFFFFFFFFFFFFFFFFFFFFFFFFFFFFFFFFFFFFFFFF AND DUP2 MSTORE PUSH1 0x20 ADD DUP5 PUSH20 0xFFFFFFFFFFFFFFFFFFFFFFFFFFFFFFFFFFFFFFFF AND PUSH20 0xFFFFFFFFFFFFFFFFFFFFFFFFFFFFFFFFFFFFFFFF AND DUP2 MSTORE PUSH1 0x20 ADD DUP4 DUP2 MSTORE PUSH1 0x20 ADD DUP3 DUP2 MSTORE PUSH1 0x20 ADD SWAP5 POP POP POP POP POP PUSH1 0x40 MLOAD DUP1 SWAP2 SUB SWAP1 LOG1 POP POP JUMP JUMPDEST PUSH1 0x4 SLOAD DUP2 JUMP JUMPDEST PUSH2 0x2129 PUSH1 0x0 DUP1 DUP1 PUSH20 0xFFFFFFFFFFFFFFFFFFFFFFFFFFFFFFFFFFFFFFFF AND DUP2 MSTORE PUSH1 0x20 ADD SWAP1 DUP2 MSTORE PUSH1 0x20 ADD PUSH1 0x0 KECCAK256 PUSH1 0x0 CALLER PUSH20 0xFFFFFFFFFFFFFFFFFFFFFFFFFFFFFFFFFFFFFFFF AND PUSH20 0xFFFFFFFFFFFFFFFFFFFFFFFFFFFFFFFFFFFFFFFF AND DUP2 MSTORE PUSH1 0x20 ADD SWAP1 DUP2 MSTORE PUSH1 0x20 ADD PUSH1 0x0 KECCAK256 SLOAD CALLVALUE PUSH2 0x25A4 JUMP JUMPDEST PUSH1 0x0 DUP1 DUP1 PUSH20 0xFFFFFFFFFFFFFFFFFFFFFFFFFFFFFFFFFFFFFFFF AND DUP2 MSTORE PUSH1 0x20 ADD SWAP1 DUP2 MSTORE PUSH1 0x20 ADD PUSH1 0x0 KECCAK256 PUSH1 0x0 CALLER PUSH20 0xFFFFFFFFFFFFFFFFFFFFFFFFFFFFFFFFFFFFFFFF AND PUSH20 0xFFFFFFFFFFFFFFFFFFFFFFFFFFFFFFFFFFFFFFFF AND DUP2 MSTORE PUSH1 0x20 ADD SWAP1 DUP2 MSTORE PUSH1 0x20 ADD PUSH1 0x0 KECCAK256 DUP2 SWAP1 SSTORE POP PUSH32 0xDCBC1C05240F31FF3AD067EF1EE35CE4997762752E3A095284754544F4C709D7 PUSH1 0x0 CALLER CALLVALUE PUSH1 0x0 DUP1 DUP1 PUSH20 0xFFFFFFFFFFFFFFFFFFFFFFFFFFFFFFFFFFFFFFFF AND DUP2 MSTORE PUSH1 0x20 ADD SWAP1 DUP2 MSTORE PUSH1 0x20 ADD PUSH1 0x0 KECCAK256 PUSH1 0x0 CALLER PUSH20 0xFFFFFFFFFFFFFFFFFFFFFFFFFFFFFFFFFFFFFFFF AND PUSH20 0xFFFFFFFFFFFFFFFFFFFFFFFFFFFFFFFFFFFFFFFF AND DUP2 MSTORE PUSH1 0x20 ADD SWAP1 DUP2 MSTORE PUSH1 0x20 ADD PUSH1 0x0 KECCAK256 SLOAD PUSH1 0x40 MLOAD DUP1 DUP6 PUSH20 0xFFFFFFFFFFFFFFFFFFFFFFFFFFFFFFFFFFFFFFFF AND DUP2 MSTORE PUSH1 0x20 ADD DUP5 PUSH20 0xFFFFFFFFFFFFFFFFFFFFFFFFFFFFFFFFFFFFFFFF AND PUSH20 0xFFFFFFFFFFFFFFFFFFFFFFFFFFFFFFFFFFFFFFFF AND DUP2 MSTORE PUSH1 0x20 ADD DUP4 DUP2 MSTORE PUSH1 0x20 ADD DUP3 DUP2 MSTORE PUSH1 0x20 ADD SWAP5 POP POP POP POP POP PUSH1 0x40 MLOAD DUP1 SWAP2 SUB SWAP1 LOG1 JUMP JUMPDEST PUSH1 0x0 DUP1 PUSH1 0x0 DUP5 PUSH20 0xFFFFFFFFFFFFFFFFFFFFFFFFFFFFFFFFFFFFFFFF AND PUSH20 0xFFFFFFFFFFFFFFFFFFFFFFFFFFFFFFFFFFFFFFFF AND DUP2 MSTORE PUSH1 0x20 ADD SWAP1 DUP2 MSTORE PUSH1 0x20 ADD PUSH1 0x0 KECCAK256 PUSH1 0x0 DUP4 PUSH20 0xFFFFFFFFFFFFFFFFFFFFFFFFFFFFFFFFFFFFFFFF AND PUSH20 0xFFFFFFFFFFFFFFFFFFFFFFFFFFFFFFFFFFFFFFFF AND DUP2 MSTORE PUSH1 0x20 ADD SWAP1 DUP2 MSTORE PUSH1 0x20 ADD PUSH1 0x0 KECCAK256 SLOAD SWAP1 POP SWAP3 SWAP2 POP POP JUMP JUMPDEST PUSH1 0x0 DUP1 PUSH1 0x0 DUP1 PUSH1 0x2 DUP15 DUP15 DUP15 DUP15 DUP15 DUP15 PUSH1 0x0 PUSH1 0x40 MLOAD PUSH1 0x20 ADD MSTORE PUSH1 0x40 MLOAD DUP1 DUP8 PUSH20 0xFFFFFFFFFFFFFFFFFFFFFFFFFFFFFFFFFFFFFFFF AND PUSH20 0xFFFFFFFFFFFFFFFFFFFFFFFFFFFFFFFFFFFFFFFF AND PUSH13 0x1000000000000000000000000 MUL DUP2 MSTORE PUSH1 0x14 ADD DUP7 DUP2 MSTORE PUSH1 0x20 ADD DUP6 PUSH20 0xFFFFFFFFFFFFFFFFFFFFFFFFFFFFFFFFFFFFFFFF AND PUSH20 0xFFFFFFFFFFFFFFFFFFFFFFFFFFFFFFFFFFFFFFFF AND PUSH13 0x1000000000000000000000000 MUL DUP2 MSTORE PUSH1 0x14 ADD DUP5 DUP2 MSTORE PUSH1 0x20 ADD DUP4 DUP2 MSTORE PUSH1 0x20 ADD DUP3 DUP2 MSTORE PUSH1 0x20 ADD SWAP7 POP POP POP POP POP POP POP PUSH1 0x20 PUSH1 0x40 MLOAD DUP1 DUP4 SUB DUP2 PUSH1 0x0 DUP7 PUSH2 0x646E GAS SUB CALL ISZERO ISZERO PUSH2 0x23EB JUMPI PUSH1 0x0 DUP1 REVERT JUMPDEST POP POP PUSH1 0x40 MLOAD DUP1 MLOAD SWAP1 POP SWAP3 POP DUP8 PUSH20 0xFFFFFFFFFFFFFFFFFFFFFFFFFFFFFFFFFFFFFFFF AND PUSH1 0x1 DUP5 DUP10 DUP10 DUP10 PUSH1 0x40 MLOAD PUSH1 0x0 DUP2 MSTORE PUSH1 0x20 ADD PUSH1 0x40 MSTORE PUSH1 0x0 PUSH1 0x40 MLOAD PUSH1 0x20 ADD MSTORE PUSH1 0x40 MLOAD DUP1 DUP6 PUSH1 0x0 NOT AND PUSH1 0x0 NOT AND DUP2 MSTORE PUSH1 0x20 ADD DUP5 PUSH1 0xFF AND PUSH1 0xFF AND DUP2 MSTORE PUSH1 0x20 ADD DUP4 PUSH1 0x0 NOT AND PUSH1 0x0 NOT AND DUP2 MSTORE PUSH1 0x20 ADD DUP3 PUSH1 0x0 NOT AND PUSH1 0x0 NOT AND DUP2 MSTORE PUSH1 0x20 ADD SWAP5 POP POP POP POP POP PUSH1 0x20 PUSH1 0x40 MLOAD PUSH1 0x20 DUP2 SUB SWAP1 DUP1 DUP5 SUB SWAP1 PUSH1 0x0 DUP7 PUSH2 0x646E GAS SUB CALL ISZERO ISZERO PUSH2 0x248B JUMPI PUSH1 0x0 DUP1 REVERT JUMPDEST POP POP PUSH1 0x20 PUSH1 0x40 MLOAD SUB MLOAD PUSH20 0xFFFFFFFFFFFFFFFFFFFFFFFFFFFFFFFFFFFFFFFF AND EQ DUP1 ISZERO PUSH2 0x24B7 JUMPI POP DUP10 NUMBER GT ISZERO JUMPDEST ISZERO ISZERO PUSH2 0x24C6 JUMPI PUSH1 0x0 SWAP4 POP PUSH2 0x2593 JUMP JUMPDEST PUSH2 0x24EB DUP14 PUSH1 0x1 PUSH1 0x0 DUP7 PUSH1 0x0 NOT AND PUSH1 0x0 NOT AND DUP2 MSTORE PUSH1 0x20 ADD SWAP1 DUP2 MSTORE PUSH1 0x20 ADD PUSH1 0x0 KECCAK256 SLOAD PUSH2 0x2601 JUMP JUMPDEST SWAP2 POP DUP11 PUSH2 0x2573 PUSH1 0x0 DUP1 DUP16 PUSH20 0xFFFFFFFFFFFFFFFFFFFFFFFFFFFFFFFFFFFFFFFF AND PUSH20 0xFFFFFFFFFFFFFFFFFFFFFFFFFFFFFFFFFFFFFFFF AND DUP2 MSTORE PUSH1 0x20 ADD SWAP1 DUP2 MSTORE PUSH1 0x20 ADD PUSH1 0x0 KECCAK256 PUSH1 0x0 DUP12 PUSH20 0xFFFFFFFFFFFFFFFFFFFFFFFFFFFFFFFFFFFFFFFF AND PUSH20 0xFFFFFFFFFFFFFFFFFFFFFFFFFFFFFFFFFFFFFFFF AND DUP2 MSTORE PUSH1 0x20 ADD SWAP1 DUP2 MSTORE PUSH1 0x20 ADD PUSH1 0x0 KECCAK256 SLOAD DUP16 PUSH2 0x25CE JUMP JUMPDEST DUP2 ISZERO ISZERO PUSH2 0x257C JUMPI INVALID JUMPDEST DIV SWAP1 POP DUP1 DUP3 LT ISZERO PUSH2 0x258F JUMPI DUP2 SWAP4 POP PUSH2 0x2593 JUMP JUMPDEST DUP1 SWAP4 POP JUMPDEST POP POP POP SWAP11 SWAP10 POP POP POP POP POP POP POP POP POP POP JUMP JUMPDEST PUSH1 0x0 DUP1 DUP3 DUP5 ADD SWAP1 POP PUSH2 0x25C4 DUP5 DUP3 LT ISZERO DUP1 ISZERO PUSH2 0x25BF JUMPI POP DUP4 DUP3 LT ISZERO JUMPDEST PUSH2 0x261A JUMP JUMPDEST DUP1 SWAP2 POP POP SWAP3 SWAP2 POP POP JUMP JUMPDEST PUSH1 0x0 DUP1 DUP3 DUP5 MUL SWAP1 POP PUSH2 0x25F7 PUSH1 0x0 DUP6 EQ DUP1 PUSH2 0x25F2 JUMPI POP DUP4 DUP6 DUP4 DUP2 ISZERO ISZERO PUSH2 0x25EF JUMPI INVALID JUMPDEST DIV EQ JUMPDEST PUSH2 0x261A JUMP JUMPDEST DUP1 SWAP2 POP POP SWAP3 SWAP2 POP POP JUMP JUMPDEST PUSH1 0x0 PUSH2 0x260F DUP4 DUP4 GT ISZERO PUSH2 0x261A JUMP JUMPDEST DUP2 DUP4 SUB SWAP1 POP SWAP3 SWAP2 POP POP JUMP JUMPDEST DUP1 ISZERO ISZERO PUSH2 0x2626 JUMPI PUSH1 0x0 DUP1 REVERT JUMPDEST POP JUMP STOP LOG1 PUSH6 0x627A7A723058 KECCAK256 0x2c SWAP2 0xe2 NUMBER PUSH27 0x33A38121E4BDFEF22511BE989F736F88AAAA9CC8FF13205BC87C4C STOP 0x29
1,PUSH1 0x60 PUSH1 0x40 MSTORE CALLER PUSH1 0x0 DUP1 PUSH2 0x100 EXP DUP2 SLOAD DUP2 PUSH20 0xFFFFFFFFFFFFFFFFFFFFFFFFFFFFFFFFFFFFFFFF MUL NOT AND SWAP1 DUP4 PUSH20 0xFFFFFFFFFFFFFFFFFFFFFFFFFFFFFFFFFFFFFFFF AND MUL OR SWAP1 SSTORE POP PUSH1 0x0 DUP1 PUSH1 0x14 PUSH2 0x100 EXP DUP2 SLOAD DUP2 PUSH1 0xFF MUL NOT AND SWAP1 DUP4 ISZERO ISZERO MUL OR SWAP1 SSTORE POP PUSH1 0x0 PUSH1 0x3 SSTORE PUSH1 0x0 PUSH1 0x4 SSTORE NUMBER PUSH1 0x5 SSTORE CALLVALUE ISZERO PUSH2 0x77 JUMPI PUSH1 0x0 DUP1 REVERT JUMPDEST PUSH2 0x131E DUP1 PUSH2 0x86 PUSH1 0x0 CODECOPY PUSH1 0x0 RETURN STOP PUSH1 0x60 PUSH1 0x40 MSTORE PUSH1 0x4 CALLDATASIZE LT PUSH2 0xE6 JUMPI PUSH1 0x0 CALLDATALOAD PUSH29 0x100000000000000000000000000000000000000000000000000000000 SWAP1 DIV PUSH4 0xFFFFFFFF AND DUP1 PUSH4 0x6FDDE03 EQ PUSH2 0x2BD JUMPI DUP1 PUSH4 0x95EA7B3 EQ PUSH2 0x34B JUMPI DUP1 PUSH4 0xDCF4B8F EQ PUSH2 0x3A5 JUMPI DUP1 PUSH4 0x18160DDD EQ PUSH2 0x3CE JUMPI DUP1 PUSH4 0x23B872DD EQ PUSH2 0x3F7 JUMPI DUP1 PUSH4 0x313CE567 EQ PUSH2 0x470 JUMPI DUP1 PUSH4 0x64ACDB77 EQ PUSH2 0x49F JUMPI DUP1 PUSH4 0x70A08231 EQ PUSH2 0x4B4 JUMPI DUP1 PUSH4 0x8F580996 EQ PUSH2 0x501 JUMPI DUP1 PUSH4 0x95D89B41 EQ PUSH2 0x516 JUMPI DUP1 PUSH4 0xA9059CBB EQ PUSH2 0x5A4 JUMPI DUP1 PUSH4 0xC59D4847 EQ PUSH2 0x5FE JUMPI DUP1 PUSH4 0xD91C98D3 EQ PUSH2 0x639 JUMPI DUP1 PUSH4 0xDA040C0F EQ PUSH2 0x662 JUMPI DUP1 PUSH4 0xDD62ED3E EQ PUSH2 0x68F JUMPI DUP1 PUSH4 0xE58FC54C EQ PUSH2 0x6FB JUMPI JUMPDEST PUSH1 0x0 DUP1 PUSH1 0x0 PUSH1 0x14 SWAP1 SLOAD SWAP1 PUSH2 0x100 EXP SWAP1 DIV PUSH1 0xFF AND ISZERO ISZERO PUSH2 0x104 JUMPI PUSH1 0x0 DUP1 REVERT JUMPDEST PUSH1 0x0 CALLVALUE EQ ISZERO PUSH2 0x112 JUMPI PUSH2 0x2B9 JUMP JUMPDEST PUSH3 0x42AE50 NUMBER LT ISZERO ISZERO PUSH2 0x123 JUMPI PUSH1 0x0 DUP1 REVERT JUMPDEST PUSH2 0x3E8 SWAP2 POP PUSH3 0x13AD8 PUSH1 0x5 SLOAD ADD NUMBER LT ISZERO ISZERO PUSH2 0x13E JUMPI PUSH2 0x320 SWAP2 POP JUMPDEST PUSH3 0x275B0 PUSH1 0x5 SLOAD ADD NUMBER LT ISZERO ISZERO PUSH2 0x154 JUMPI PUSH2 0x280 SWAP2 POP JUMPDEST PUSH3 0x3B088 PUSH1 0x5 SLOAD ADD NUMBER LT ISZERO ISZERO PUSH2 0x16A JUMPI PUSH2 0x200 SWAP2 POP JUMPDEST PUSH3 0x4EB60 PUSH1 0x5 SLOAD ADD NUMBER LT ISZERO ISZERO PUSH2 0x180 JUMPI PUSH2 0x19A SWAP2 POP JUMPDEST PUSH1 0x0 DUP1 SWAP1 SLOAD SWAP1 PUSH2 0x100 EXP SWAP1 DIV PUSH20 0xFFFFFFFFFFFFFFFFFFFFFFFFFFFFFFFFFFFFFFFF AND PUSH20 0xFFFFFFFFFFFFFFFFFFFFFFFFFFFFFFFFFFFFFFFF AND PUSH2 0x8FC CALLVALUE SWAP1 DUP2 ISZERO MUL SWAP1 PUSH1 0x40 MLOAD PUSH1 0x0 PUSH1 0x40 MLOAD DUP1 DUP4 SUB DUP2 DUP6 DUP9 DUP9 CALL SWAP4 POP POP POP POP ISZERO ISZERO PUSH2 0x1E1 JUMPI PUSH1 0x0 DUP1 REVERT JUMPDEST CALLVALUE PUSH1 0x3 PUSH1 0x0 DUP3 DUP3 SLOAD ADD SWAP3 POP POP DUP2 SWAP1 SSTORE POP DUP2 CALLVALUE MUL SWAP1 POP DUP1 PUSH1 0x4 PUSH1 0x0 DUP3 DUP3 SLOAD ADD SWAP3 POP POP DUP2 SWAP1 SSTORE POP DUP1 PUSH1 0x1 PUSH1 0x0 CALLER PUSH20 0xFFFFFFFFFFFFFFFFFFFFFFFFFFFFFFFFFFFFFFFF AND PUSH20 0xFFFFFFFFFFFFFFFFFFFFFFFFFFFFFFFFFFFFFFFF AND DUP2 MSTORE PUSH1 0x20 ADD SWAP1 DUP2 MSTORE PUSH1 0x20 ADD PUSH1 0x0 KECCAK256 PUSH1 0x0 DUP3 DUP3 SLOAD ADD SWAP3 POP POP DUP2 SWAP1 SSTORE POP CALLER PUSH20 0xFFFFFFFFFFFFFFFFFFFFFFFFFFFFFFFFFFFFFFFF AND ADDRESS PUSH20 0xFFFFFFFFFFFFFFFFFFFFFFFFFFFFFFFFFFFFFFFF AND PUSH32 0xDDF252AD1BE2C89B69C2B068FC378DAA952BA7F163C4A11628F55A4DF523B3EF DUP4 PUSH1 0x40 MLOAD DUP1 DUP3 DUP2 MSTORE PUSH1 0x20 ADD SWAP2 POP POP PUSH1 0x40 MLOAD DUP1 SWAP2 SUB SWAP1 LOG3 JUMPDEST POP POP STOP JUMPDEST CALLVALUE ISZERO PUSH2 0x2C8 JUMPI PUSH1 0x0 DUP1 REVERT JUMPDEST PUSH2 0x2D0 PUSH2 0x74C JUMP JUMPDEST PUSH1 0x40 MLOAD DUP1 DUP1 PUSH1 0x20 ADD DUP3 DUP2 SUB DUP3 MSTORE DUP4 DUP2 DUP2 MLOAD DUP2 MSTORE PUSH1 0x20 ADD SWAP2 POP DUP1 MLOAD SWAP1 PUSH1 0x20 ADD SWAP1 DUP1 DUP4 DUP4 PUSH1 0x0 JUMPDEST DUP4 DUP2 LT ISZERO PUSH2 0x310 JUMPI DUP1 DUP3 ADD MLOAD DUP2 DUP5 ADD MSTORE PUSH1 0x20 DUP2 ADD SWAP1 POP PUSH2 0x2F5 JUMP JUMPDEST POP POP POP POP SWAP1 POP SWAP1 DUP2 ADD SWAP1 PUSH1 0x1F AND DUP1 ISZERO PUSH2 0x33D JUMPI DUP1 DUP3 SUB DUP1 MLOAD PUSH1 0x1 DUP4 PUSH1 0x20 SUB PUSH2 0x100 EXP SUB NOT AND DUP2 MSTORE PUSH1 0x20 ADD SWAP2 POP JUMPDEST POP SWAP3 POP POP POP PUSH1 0x40 MLOAD DUP1 SWAP2 SUB SWAP1 RETURN JUMPDEST CALLVALUE ISZERO PUSH2 0x356 JUMPI PUSH1 0x0 DUP1 REVERT JUMPDEST PUSH2 0x38B PUSH1 0x4 DUP1 DUP1 CALLDATALOAD PUSH20 0xFFFFFFFFFFFFFFFFFFFFFFFFFFFFFFFFFFFFFFFF AND SWAP1 PUSH1 0x20 ADD SWAP1 SWAP2 SWAP1 DUP1 CALLDATALOAD SWAP1 PUSH1 0x20 ADD SWAP1 SWAP2 SWAP1 POP POP PUSH2 0x78F JUMP JUMPDEST PUSH1 0x40 MLOAD DUP1 DUP3 ISZERO ISZERO ISZERO ISZERO DUP2 MSTORE PUSH1 0x20 ADD SWAP2 POP POP PUSH1 0x40 MLOAD DUP1 SWAP2 SUB SWAP1 RETURN JUMPDEST CALLVALUE ISZERO PUSH2 0x3B0 JUMPI PUSH1 0x0 DUP1 REVERT JUMPDEST PUSH2 0x3B8 PUSH2 0x91D JUMP JUMPDEST PUSH1 0x40 MLOAD DUP1 DUP3 DUP2 MSTORE PUSH1 0x20 ADD SWAP2 POP POP PUSH1 0x40 MLOAD DUP1 SWAP2 SUB SWAP1 RETURN JUMPDEST CALLVALUE ISZERO PUSH2 0x3D9 JUMPI PUSH1 0x0 DUP1 REVERT JUMPDEST PUSH2 0x3E1 PUSH2 0x923 JUMP JUMPDEST PUSH1 0x40 MLOAD DUP1 DUP3 DUP2 MSTORE PUSH1 0x20 ADD SWAP2 POP POP PUSH1 0x40 MLOAD DUP1 SWAP2 SUB SWAP1 RETURN JUMPDEST CALLVALUE ISZERO PUSH2 0x402 JUMPI PUSH1 0x0 DUP1 REVERT JUMPDEST PUSH2 0x456 PUSH1 0x4 DUP1 DUP1 CALLDATALOAD PUSH20 0xFFFFFFFFFFFFFFFFFFFFFFFFFFFFFFFFFFFFFFFF AND SWAP1 PUSH1 0x20 ADD SWAP1 SWAP2 SWAP1 DUP1 CALLDATALOAD PUSH20 0xFFFFFFFFFFFFFFFFFFFFFFFFFFFFFFFFFFFFFFFF AND SWAP1 PUSH1 0x20 ADD SWAP1 SWAP2 SWAP1 DUP1 CALLDATALOAD SWAP1 PUSH1 0x20 ADD SWAP1 SWAP2 SWAP1 POP POP PUSH2 0x929 JUMP JUMPDEST PUSH1 0x40 MLOAD DUP1 DUP3 ISZERO ISZERO ISZERO ISZERO DUP2 MSTORE PUSH1 0x20 ADD SWAP2 POP POP PUSH1 0x40 MLOAD DUP1 SWAP2 SUB SWAP1 RETURN JUMPDEST CALLVALUE ISZERO PUSH2 0x47B JUMPI PUSH1 0x0 DUP1 REVERT JUMPDEST PUSH2 0x483 PUSH2 0xC64 JUMP JUMPDEST PUSH1 0x40 MLOAD DUP1 DUP3 PUSH1 0xFF AND PUSH1 0xFF AND DUP2 MSTORE PUSH1 0x20 ADD SWAP2 POP POP PUSH1 0x40 MLOAD DUP1 SWAP2 SUB SWAP1 RETURN JUMPDEST CALLVALUE ISZERO PUSH2 0x4AA JUMPI PUSH1 0x0 DUP1 REVERT JUMPDEST PUSH2 0x4B2 PUSH2 0xC6D JUMP JUMPDEST STOP JUMPDEST CALLVALUE ISZERO PUSH2 0x4BF JUMPI PUSH1 0x0 DUP1 REVERT JUMPDEST PUSH2 0x4EB PUSH1 0x4 DUP1 DUP1 CALLDATALOAD PUSH20 0xFFFFFFFFFFFFFFFFFFFFFFFFFFFFFFFFFFFFFFFF AND SWAP1 PUSH1 0x20 ADD SWAP1 SWAP2 SWAP1 POP POP PUSH2 0xCE4 JUMP JUMPDEST PUSH1 0x40 MLOAD DUP1 DUP3 DUP2 MSTORE PUSH1 0x20 ADD SWAP2 POP POP PUSH1 0x40 MLOAD DUP1 SWAP2 SUB SWAP1 RETURN JUMPDEST CALLVALUE ISZERO PUSH2 0x50C JUMPI PUSH1 0x0 DUP1 REVERT JUMPDEST PUSH2 0x514 PUSH2 0xD2D JUMP JUMPDEST STOP JUMPDEST CALLVALUE ISZERO PUSH2 0x521 JUMPI PUSH1 0x0 DUP1 REVERT JUMPDEST PUSH2 0x529 PUSH2 0xDA5 JUMP JUMPDEST PUSH1 0x40 MLOAD DUP1 DUP1 PUSH1 0x20 ADD DUP3 DUP2 SUB DUP3 MSTORE DUP4 DUP2 DUP2 MLOAD DUP2 MSTORE PUSH1 0x20 ADD SWAP2 POP DUP1 MLOAD SWAP1 PUSH1 0x20 ADD SWAP1 DUP1 DUP4 DUP4 PUSH1 0x0 JUMPDEST DUP4 DUP2 LT ISZERO PUSH2 0x569 JUMPI DUP1 DUP3 ADD MLOAD DUP2 DUP5 ADD MSTORE PUSH1 0x20 DUP2 ADD SWAP1 POP PUSH2 0x54E JUMP JUMPDEST POP POP POP POP SWAP1 POP SWAP1 DUP2 ADD SWAP1 PUSH1 0x1F AND DUP1 ISZERO PUSH2 0x596 JUMPI DUP1 DUP3 SUB DUP1 MLOAD PUSH1 0x1 DUP4 PUSH1 0x20 SUB PUSH2 0x100 EXP SUB NOT AND DUP2 MSTORE PUSH1 0x20 ADD SWAP2 POP JUMPDEST POP SWAP3 POP POP POP PUSH1 0x40 MLOAD DUP1 SWAP2 SUB SWAP1 RETURN JUMPDEST CALLVALUE ISZERO PUSH2 0x5AF JUMPI PUSH1 0x0 DUP1 REVERT JUMPDEST PUSH2 0x5E4 PUSH1 0x4 DUP1 DUP1 CALLDATALOAD PUSH20 0xFFFFFFFFFFFFFFFFFFFFFFFFFFFFFFFFFFFFFFFF AND SWAP1 PUSH1 0x20 ADD SWAP1 SWAP2 SWAP1 DUP1 CALLDATALOAD SWAP1 PUSH1 0x20 ADD SWAP1 SWAP2 SWAP1 POP POP PUSH2 0xDE8 JUMP JUMPDEST PUSH1 0x40 MLOAD DUP1 DUP3 ISZERO ISZERO ISZERO ISZERO DUP2 MSTORE PUSH1 0x20 ADD SWAP2 POP POP PUSH1 0x40 MLOAD DUP1 SWAP2 SUB SWAP1 RETURN JUMPDEST CALLVALUE ISZERO PUSH2 0x609 JUMPI PUSH1 0x0 DUP1 REVERT JUMPDEST PUSH2 0x611 PUSH2 0x1005 JUMP JUMPDEST PUSH1 0x40 MLOAD DUP1 DUP5 DUP2 MSTORE PUSH1 0x20 ADD DUP4 DUP2 MSTORE PUSH1 0x20 ADD DUP3 ISZERO ISZERO ISZERO ISZERO DUP2 MSTORE PUSH1 0x20 ADD SWAP4 POP POP POP POP PUSH1 0x40 MLOAD DUP1 SWAP2 SUB SWAP1 RETURN JUMPDEST CALLVALUE ISZERO PUSH2 0x644 JUMPI PUSH1 0x0 DUP1 REVERT JUMPDEST PUSH2 0x64C PUSH2 0x102B JUMP JUMPDEST PUSH1 0x40 MLOAD DUP1 DUP3 DUP2 MSTORE PUSH1 0x20 ADD SWAP2 POP POP PUSH1 0x40 MLOAD DUP1 SWAP2 SUB SWAP1 RETURN JUMPDEST CALLVALUE ISZERO PUSH2 0x66D JUMPI PUSH1 0x0 DUP1 REVERT JUMPDEST PUSH2 0x675 PUSH2 0x1031 JUMP JUMPDEST PUSH1 0x40 MLOAD DUP1 DUP3 ISZERO ISZERO ISZERO ISZERO DUP2 MSTORE PUSH1 0x20 ADD SWAP2 POP POP PUSH1 0x40 MLOAD DUP1 SWAP2 SUB SWAP1 RETURN JUMPDEST CALLVALUE ISZERO PUSH2 0x69A JUMPI PUSH1 0x0 DUP1 REVERT JUMPDEST PUSH2 0x6E5 PUSH1 0x4 DUP1 DUP1 CALLDATALOAD PUSH20 0xFFFFFFFFFFFFFFFFFFFFFFFFFFFFFFFFFFFFFFFF AND SWAP1 PUSH1 0x20 ADD SWAP1 SWAP2 SWAP1 DUP1 CALLDATALOAD PUSH20 0xFFFFFFFFFFFFFFFFFFFFFFFFFFFFFFFFFFFFFFFF AND SWAP1 PUSH1 0x20 ADD SWAP1 SWAP2 SWAP1 POP POP PUSH2 0x1044 JUMP JUMPDEST PUSH1 0x40 MLOAD DUP1 DUP3 DUP2 MSTORE PUSH1 0x20 ADD SWAP2 POP POP PUSH1 0x40 MLOAD DUP1 SWAP2 SUB SWAP1 RETURN JUMPDEST CALLVALUE ISZERO PUSH2 0x706 JUMPI PUSH1 0x0 DUP1 REVERT JUMPDEST PUSH2 0x732 PUSH1 0x4 DUP1 DUP1 CALLDATALOAD PUSH20 0xFFFFFFFFFFFFFFFFFFFFFFFFFFFFFFFFFFFFFFFF AND SWAP1 PUSH1 0x20 ADD SWAP1 SWAP2 SWAP1 POP POP PUSH2 0x10CB JUMP JUMPDEST PUSH1 0x40 MLOAD DUP1 DUP3 ISZERO ISZERO ISZERO ISZERO DUP2 MSTORE PUSH1 0x20 ADD SWAP2 POP POP PUSH1 0x40 MLOAD DUP1 SWAP2 SUB SWAP1 RETURN JUMPDEST PUSH2 0x754 PUSH2 0x12DE JUMP JUMPDEST PUSH1 0x40 DUP1 MLOAD SWAP1 DUP2 ADD PUSH1 0x40 MSTORE DUP1 PUSH1 0xF DUP2 MSTORE PUSH1 0x20 ADD PUSH32 0x426C6F636B7061737320546F6B656E0000000000000000000000000000000000 DUP2 MSTORE POP SWAP1 POP SWAP1 JUMP JUMPDEST PUSH1 0x0 DUP1 DUP3 EQ ISZERO DUP1 ISZERO PUSH2 0x81E JUMPI POP PUSH1 0x0 PUSH1 0x2 PUSH1 0x0 CALLER PUSH20 0xFFFFFFFFFFFFFFFFFFFFFFFFFFFFFFFFFFFFFFFF AND PUSH20 0xFFFFFFFFFFFFFFFFFFFFFFFFFFFFFFFFFFFFFFFF AND DUP2 MSTORE PUSH1 0x20 ADD SWAP1 DUP2 MSTORE PUSH1 0x20 ADD PUSH1 0x0 KECCAK256 PUSH1 0x0 DUP6 PUSH20 0xFFFFFFFFFFFFFFFFFFFFFFFFFFFFFFFFFFFFFFFF AND PUSH20 0xFFFFFFFFFFFFFFFFFFFFFFFFFFFFFFFFFFFFFFFF AND DUP2 MSTORE PUSH1 0x20 ADD SWAP1 DUP2 MSTORE PUSH1 0x20 ADD PUSH1 0x0 KECCAK256 SLOAD EQ ISZERO JUMPDEST ISZERO PUSH2 0x82C JUMPI PUSH1 0x0 SWAP1 POP PUSH2 0x917 JUMP JUMPDEST DUP2 PUSH1 0x2 PUSH1 0x0 CALLER PUSH20 0xFFFFFFFFFFFFFFFFFFFFFFFFFFFFFFFFFFFFFFFF AND PUSH20 0xFFFFFFFFFFFFFFFFFFFFFFFFFFFFFFFFFFFFFFFF AND DUP2 MSTORE PUSH1 0x20 ADD SWAP1 DUP2 MSTORE PUSH1 0x20 ADD PUSH1 0x0 KECCAK256 PUSH1 0x0 DUP6 PUSH20 0xFFFFFFFFFFFFFFFFFFFFFFFFFFFFFFFFFFFFFFFF AND PUSH20 0xFFFFFFFFFFFFFFFFFFFFFFFFFFFFFFFFFFFFFFFF AND DUP2 MSTORE PUSH1 0x20 ADD SWAP1 DUP2 MSTORE PUSH1 0x20 ADD PUSH1 0x0 KECCAK256 DUP2 SWAP1 SSTORE POP DUP3 PUSH20 0xFFFFFFFFFFFFFFFFFFFFFFFFFFFFFFFFFFFFFFFF AND CALLER PUSH20 0xFFFFFFFFFFFFFFFFFFFFFFFFFFFFFFFFFFFFFFFF AND PUSH32 0x8C5BE1E5EBEC7D5BD14F71427D1E84F3DD0314C0F7B2291E5B200AC8C7C3B925 DUP5 PUSH1 0x40 MLOAD DUP1 DUP3 DUP2 MSTORE PUSH1 0x20 ADD SWAP2 POP POP PUSH1 0x40 MLOAD DUP1 SWAP2 SUB SWAP1 LOG3 PUSH1 0x1 SWAP1 POP JUMPDEST SWAP3 SWAP2 POP POP JUMP JUMPDEST PUSH1 0x3 SLOAD DUP2 JUMP JUMPDEST PUSH1 0x4 SLOAD DUP2 JUMP JUMPDEST PUSH1 0x0 DUP1 PUSH1 0x0 DUP1 PUSH1 0x0 DUP1 PUSH1 0x64 PUSH1 0x0 CALLDATASIZE SWAP1 POP LT ISZERO PUSH2 0x944 JUMPI PUSH1 0x0 DUP1 REVERT JUMPDEST PUSH1 0x0 DUP8 EQ ISZERO PUSH2 0x956 JUMPI PUSH1 0x0 SWAP6 POP PUSH2 0xC58 JUMP JUMPDEST PUSH1 0x1 PUSH1 0x0 DUP11 PUSH20 0xFFFFFFFFFFFFFFFFFFFFFFFFFFFFFFFFFFFFFFFF AND PUSH20 0xFFFFFFFFFFFFFFFFFFFFFFFFFFFFFFFFFFFFFFFF AND DUP2 MSTORE PUSH1 0x20 ADD SWAP1 DUP2 MSTORE PUSH1 0x20 ADD PUSH1 0x0 KECCAK256 SLOAD SWAP5 POP PUSH1 0x2 PUSH1 0x0 DUP11 PUSH20 0xFFFFFFFFFFFFFFFFFFFFFFFFFFFFFFFFFFFFFFFF AND PUSH20 0xFFFFFFFFFFFFFFFFFFFFFFFFFFFFFFFFFFFFFFFF AND DUP2 MSTORE PUSH1 0x20 ADD SWAP1 DUP2 MSTORE PUSH1 0x20 ADD PUSH1 0x0 KECCAK256 PUSH1 0x0 CALLER PUSH20 0xFFFFFFFFFFFFFFFFFFFFFFFFFFFFFFFFFFFFFFFF AND PUSH20 0xFFFFFFFFFFFFFFFFFFFFFFFFFFFFFFFFFFFFFFFF AND DUP2 MSTORE PUSH1 0x20 ADD SWAP1 DUP2 MSTORE PUSH1 0x20 ADD PUSH1 0x0 KECCAK256 SLOAD SWAP4 POP DUP7 DUP6 GT ISZERO SWAP3 POP DUP7 DUP5 GT ISZERO SWAP2 POP PUSH1 0x1 PUSH1 0x0 DUP10 PUSH20 0xFFFFFFFFFFFFFFFFFFFFFFFFFFFFFFFFFFFFFFFF AND PUSH20 0xFFFFFFFFFFFFFFFFFFFFFFFFFFFFFFFFFFFFFFFF AND DUP2 MSTORE PUSH1 0x20 ADD SWAP1 DUP2 MSTORE PUSH1 0x20 ADD PUSH1 0x0 KECCAK256 SLOAD DUP8 PUSH1 0x1 PUSH1 0x0 DUP12 PUSH20 0xFFFFFFFFFFFFFFFFFFFFFFFFFFFFFFFFFFFFFFFF AND PUSH20 0xFFFFFFFFFFFFFFFFFFFFFFFFFFFFFFFFFFFFFFFF AND DUP2 MSTORE PUSH1 0x20 ADD SWAP1 DUP2 MSTORE PUSH1 0x20 ADD PUSH1 0x0 KECCAK256 SLOAD ADD GT SWAP1 POP DUP3 DUP1 ISZERO PUSH2 0xAB2 JUMPI POP DUP2 JUMPDEST DUP1 ISZERO PUSH2 0xABC JUMPI POP DUP1 ISZERO JUMPDEST ISZERO PUSH2 0xC53 JUMPI DUP7 PUSH1 0x1 PUSH1 0x0 DUP11 PUSH20 0xFFFFFFFFFFFFFFFFFFFFFFFFFFFFFFFFFFFFFFFF AND PUSH20 0xFFFFFFFFFFFFFFFFFFFFFFFFFFFFFFFFFFFFFFFF AND DUP2 MSTORE PUSH1 0x20 ADD SWAP1 DUP2 MSTORE PUSH1 0x20 ADD PUSH1 0x0 KECCAK256 PUSH1 0x0 DUP3 DUP3 SLOAD ADD SWAP3 POP POP DUP2 SWAP1 SSTORE POP DUP7 PUSH1 0x1 PUSH1 0x0 DUP12 PUSH20 0xFFFFFFFFFFFFFFFFFFFFFFFFFFFFFFFFFFFFFFFF AND PUSH20 0xFFFFFFFFFFFFFFFFFFFFFFFFFFFFFFFFFFFFFFFF AND DUP2 MSTORE PUSH1 0x20 ADD SWAP1 DUP2 MSTORE PUSH1 0x20 ADD PUSH1 0x0 KECCAK256 PUSH1 0x0 DUP3 DUP3 SLOAD SUB SWAP3 POP POP DUP2 SWAP1 SSTORE POP DUP7 PUSH1 0x2 PUSH1 0x0 DUP12 PUSH20 0xFFFFFFFFFFFFFFFFFFFFFFFFFFFFFFFFFFFFFFFF AND PUSH20 0xFFFFFFFFFFFFFFFFFFFFFFFFFFFFFFFFFFFFFFFF AND DUP2 MSTORE PUSH1 0x20 ADD SWAP1 DUP2 MSTORE PUSH1 0x20 ADD PUSH1 0x0 KECCAK256 PUSH1 0x0 CALLER PUSH20 0xFFFFFFFFFFFFFFFFFFFFFFFFFFFFFFFFFFFFFFFF AND PUSH20 0xFFFFFFFFFFFFFFFFFFFFFFFFFFFFFFFFFFFFFFFF AND DUP2 MSTORE PUSH1 0x20 ADD SWAP1 DUP2 MSTORE PUSH1 0x20 ADD PUSH1 0x0 KECCAK256 PUSH1 0x0 DUP3 DUP3 SLOAD SUB SWAP3 POP POP DUP2 SWAP1 SSTORE POP DUP8 PUSH20 0xFFFFFFFFFFFFFFFFFFFFFFFFFFFFFFFFFFFFFFFF AND DUP10 PUSH20 0xFFFFFFFFFFFFFFFFFFFFFFFFFFFFFFFFFFFFFFFF AND PUSH32 0xDDF252AD1BE2C89B69C2B068FC378DAA952BA7F163C4A11628F55A4DF523B3EF DUP10 PUSH1 0x40 MLOAD DUP1 DUP3 DUP2 MSTORE PUSH1 0x20 ADD SWAP2 POP POP PUSH1 0x40 MLOAD DUP1 SWAP2 SUB SWAP1 LOG3 PUSH1 0x1 SWAP6 POP PUSH2 0xC58 JUMP JUMPDEST PUSH1 0x0 SWAP6 POP JUMPDEST POP POP POP POP POP SWAP4 SWAP3 POP POP POP JUMP JUMPDEST PUSH1 0x0 PUSH1 0x12 SWAP1 POP SWAP1 JUMP JUMPDEST PUSH1 0x0 DUP1 SWAP1 SLOAD SWAP1 PUSH2 0x100 EXP SWAP1 DIV PUSH20 0xFFFFFFFFFFFFFFFFFFFFFFFFFFFFFFFFFFFFFFFF AND PUSH20 0xFFFFFFFFFFFFFFFFFFFFFFFFFFFFFFFFFFFFFFFF AND CALLER PUSH20 0xFFFFFFFFFFFFFFFFFFFFFFFFFFFFFFFFFFFFFFFF AND EQ ISZERO ISZERO PUSH2 0xCC8 JUMPI PUSH1 0x0 DUP1 REVERT JUMPDEST PUSH1 0x0 DUP1 PUSH1 0x14 PUSH2 0x100 EXP DUP2 SLOAD DUP2 PUSH1 0xFF MUL NOT AND SWAP1 DUP4 ISZERO ISZERO MUL OR SWAP1 SSTORE POP JUMP JUMPDEST PUSH1 0x0 PUSH1 0x1 PUSH1 0x0 DUP4 PUSH20 0xFFFFFFFFFFFFFFFFFFFFFFFFFFFFFFFFFFFFFFFF AND PUSH20 0xFFFFFFFFFFFFFFFFFFFFFFFFFFFFFFFFFFFFFFFF AND DUP2 MSTORE PUSH1 0x20 ADD SWAP1 DUP2 MSTORE PUSH1 0x20 ADD PUSH1 0x0 KECCAK256 SLOAD SWAP1 POP SWAP2 SWAP1 POP JUMP JUMPDEST PUSH1 0x0 DUP1 SWAP1 SLOAD SWAP1 PUSH2 0x100 EXP SWAP1 DIV PUSH20 0xFFFFFFFFFFFFFFFFFFFFFFFFFFFFFFFFFFFFFFFF AND PUSH20 0xFFFFFFFFFFFFFFFFFFFFFFFFFFFFFFFFFFFFFFFF AND CALLER PUSH20 0xFFFFFFFFFFFFFFFFFFFFFFFFFFFFFFFFFFFFFFFF AND EQ ISZERO ISZERO PUSH2 0xD88 JUMPI PUSH1 0x0 DUP1 REVERT JUMPDEST PUSH1 0x1 PUSH1 0x0 PUSH1 0x14 PUSH2 0x100 EXP DUP2 SLOAD DUP2 PUSH1 0xFF MUL NOT AND SWAP1 DUP4 ISZERO ISZERO MUL OR SWAP1 SSTORE POP JUMP JUMPDEST PUSH2 0xDAD PUSH2 0x12DE JUMP JUMPDEST PUSH1 0x40 DUP1 MLOAD SWAP1 DUP2 ADD PUSH1 0x40 MSTORE DUP1 PUSH1 0x3 DUP2 MSTORE PUSH1 0x20 ADD PUSH32 0x4250540000000000000000000000000000000000000000000000000000000000 DUP2 MSTORE POP SWAP1 POP SWAP1 JUMP JUMPDEST PUSH1 0x0 DUP1 PUSH1 0x0 DUP1 PUSH1 0x44 PUSH1 0x0 CALLDATASIZE SWAP1 POP LT ISZERO PUSH2 0xE00 JUMPI PUSH1 0x0 DUP1 REVERT JUMPDEST PUSH1 0x0 DUP6 EQ ISZERO PUSH2 0xE12 JUMPI PUSH1 0x0 SWAP4 POP PUSH2 0xFFC JUMP JUMPDEST PUSH1 0x1 PUSH1 0x0 CALLER PUSH20 0xFFFFFFFFFFFFFFFFFFFFFFFFFFFFFFFFFFFFFFFF AND PUSH20 0xFFFFFFFFFFFFFFFFFFFFFFFFFFFFFFFFFFFFFFFF AND DUP2 MSTORE PUSH1 0x20 ADD SWAP1 DUP2 MSTORE PUSH1 0x20 ADD PUSH1 0x0 KECCAK256 SLOAD SWAP3 POP DUP5 DUP4 LT ISZERO SWAP2 POP PUSH1 0x1 PUSH1 0x0 DUP8 PUSH20 0xFFFFFFFFFFFFFFFFFFFFFFFFFFFFFFFFFFFFFFFF AND PUSH20 0xFFFFFFFFFFFFFFFFFFFFFFFFFFFFFFFFFFFFFFFF AND DUP2 MSTORE PUSH1 0x20 ADD SWAP1 DUP2 MSTORE PUSH1 0x20 ADD PUSH1 0x0 KECCAK256 SLOAD DUP6 PUSH1 0x1 PUSH1 0x0 DUP10 PUSH20 0xFFFFFFFFFFFFFFFFFFFFFFFFFFFFFFFFFFFFFFFF AND PUSH20 0xFFFFFFFFFFFFFFFFFFFFFFFFFFFFFFFFFFFFFFFF AND DUP2 MSTORE PUSH1 0x20 ADD SWAP1 DUP2 MSTORE PUSH1 0x20 ADD PUSH1 0x0 KECCAK256 SLOAD ADD LT SWAP1 POP DUP2 DUP1 ISZERO PUSH2 0xEEA JUMPI POP DUP1 ISZERO JUMPDEST ISZERO PUSH2 0xFF7 JUMPI DUP5 PUSH1 0x1 PUSH1 0x0 CALLER PUSH20 0xFFFFFFFFFFFFFFFFFFFFFFFFFFFFFFFFFFFFFFFF AND PUSH20 0xFFFFFFFFFFFFFFFFFFFFFFFFFFFFFFFFFFFFFFFF AND DUP2 MSTORE PUSH1 0x20 ADD SWAP1 DUP2 MSTORE PUSH1 0x20 ADD PUSH1 0x0 KECCAK256 PUSH1 0x0 DUP3 DUP3 SLOAD SUB SWAP3 POP POP DUP2 SWAP1 SSTORE POP DUP5 PUSH1 0x1 PUSH1 0x0 DUP9 PUSH20 0xFFFFFFFFFFFFFFFFFFFFFFFFFFFFFFFFFFFFFFFF AND PUSH20 0xFFFFFFFFFFFFFFFFFFFFFFFFFFFFFFFFFFFFFFFF AND DUP2 MSTORE PUSH1 0x20 ADD SWAP1 DUP2 MSTORE PUSH1 0x20 ADD PUSH1 0x0 KECCAK256 PUSH1 0x0 DUP3 DUP3 SLOAD ADD SWAP3 POP POP DUP2 SWAP1 SSTORE POP DUP6 PUSH20 0xFFFFFFFFFFFFFFFFFFFFFFFFFFFFFFFFFFFFFFFF AND CALLER PUSH20 0xFFFFFFFFFFFFFFFFFFFFFFFFFFFFFFFFFFFFFFFF AND PUSH32 0xDDF252AD1BE2C89B69C2B068FC378DAA952BA7F163C4A11628F55A4DF523B3EF DUP8 PUSH1 0x40 MLOAD DUP1 DUP3 DUP2 MSTORE PUSH1 0x20 ADD SWAP2 POP POP PUSH1 0x40 MLOAD DUP1 SWAP2 SUB SWAP1 LOG3 PUSH1 0x1 SWAP4 POP PUSH2 0xFFC JUMP JUMPDEST PUSH1 0x0 SWAP4 POP JUMPDEST POP POP POP SWAP3 SWAP2 POP POP JUMP JUMPDEST PUSH1 0x0 DUP1 PUSH1 0x0 PUSH1 0x3 SLOAD PUSH1 0x4 SLOAD PUSH1 0x0 PUSH1 0x14 SWAP1 SLOAD SWAP1 PUSH2 0x100 EXP SWAP1 DIV PUSH1 0xFF AND SWAP3 POP SWAP3 POP SWAP3 POP SWAP1 SWAP2 SWAP3 JUMP JUMPDEST PUSH1 0x5 SLOAD DUP2 JUMP JUMPDEST PUSH1 0x0 PUSH1 0x14 SWAP1 SLOAD SWAP1 PUSH2 0x100 EXP SWAP1 DIV PUSH1 0xFF AND DUP2 JUMP JUMPDEST PUSH1 0x0 PUSH1 0x2 PUSH1 0x0 DUP5 PUSH20 0xFFFFFFFFFFFFFFFFFFFFFFFFFFFFFFFFFFFFFFFF AND PUSH20 0xFFFFFFFFFFFFFFFFFFFFFFFFFFFFFFFFFFFFFFFF AND DUP2 MSTORE PUSH1 0x20 ADD SWAP1 DUP2 MSTORE PUSH1 0x20 ADD PUSH1 0x0 KECCAK256 PUSH1 0x0 DUP4 PUSH20 0xFFFFFFFFFFFFFFFFFFFFFFFFFFFFFFFFFFFFFFFF AND PUSH20 0xFFFFFFFFFFFFFFFFFFFFFFFFFFFFFFFFFFFFFFFF AND DUP2 MSTORE PUSH1 0x20 ADD SWAP1 DUP2 MSTORE PUSH1 0x20 ADD PUSH1 0x0 KECCAK256 SLOAD SWAP1 POP SWAP3 SWAP2 POP POP JUMP JUMPDEST PUSH1 0x0 DUP1 PUSH1 0x0 DUP1 PUSH1 0x0 SWAP1 SLOAD SWAP1 PUSH2 0x100 EXP SWAP1 DIV PUSH20 0xFFFFFFFFFFFFFFFFFFFFFFFFFFFFFFFFFFFFFFFF AND PUSH20 0xFFFFFFFFFFFFFFFFFFFFFFFFFFFFFFFFFFFFFFFF AND CALLER PUSH20 0xFFFFFFFFFFFFFFFFFFFFFFFFFFFFFFFFFFFFFFFF AND EQ ISZERO ISZERO PUSH2 0x112B JUMPI PUSH1 0x0 DUP1 REVERT JUMPDEST DUP4 SWAP2 POP DUP2 PUSH20 0xFFFFFFFFFFFFFFFFFFFFFFFFFFFFFFFFFFFFFFFF AND PUSH4 0x70A08231 ADDRESS PUSH1 0x0 PUSH1 0x40 MLOAD PUSH1 0x20 ADD MSTORE PUSH1 0x40 MLOAD DUP3 PUSH4 0xFFFFFFFF AND PUSH29 0x100000000000000000000000000000000000000000000000000000000 MUL DUP2 MSTORE PUSH1 0x4 ADD DUP1 DUP3 PUSH20 0xFFFFFFFFFFFFFFFFFFFFFFFFFFFFFFFFFFFFFFFF AND PUSH20 0xFFFFFFFFFFFFFFFFFFFFFFFFFFFFFFFFFFFFFFFF AND DUP2 MSTORE PUSH1 0x20 ADD SWAP2 POP POP PUSH1 0x20 PUSH1 0x40 MLOAD DUP1 DUP4 SUB DUP2 PUSH1 0x0 DUP8 DUP1 EXTCODESIZE ISZERO ISZERO PUSH2 0x11D1 JUMPI PUSH1 0x0 DUP1 REVERT JUMPDEST PUSH2 0x2C6 GAS SUB CALL ISZERO ISZERO PUSH2 0x11E2 JUMPI PUSH1 0x0 DUP1 REVERT JUMPDEST POP POP POP PUSH1 0x40 MLOAD DUP1 MLOAD SWAP1 POP SWAP1 POP DUP2 PUSH20 0xFFFFFFFFFFFFFFFFFFFFFFFFFFFFFFFFFFFFFFFF AND PUSH4 0xA9059CBB PUSH1 0x0 DUP1 SWAP1 SLOAD SWAP1 PUSH2 0x100 EXP SWAP1 DIV PUSH20 0xFFFFFFFFFFFFFFFFFFFFFFFFFFFFFFFFFFFFFFFF AND DUP4 PUSH1 0x0 PUSH1 0x40 MLOAD PUSH1 0x20 ADD MSTORE PUSH1 0x40 MLOAD DUP4 PUSH4 0xFFFFFFFF AND PUSH29 0x100000000000000000000000000000000000000000000000000000000 MUL DUP2 MSTORE PUSH1 0x4 ADD DUP1 DUP4 PUSH20 0xFFFFFFFFFFFFFFFFFFFFFFFFFFFFFFFFFFFFFFFF AND PUSH20 0xFFFFFFFFFFFFFFFFFFFFFFFFFFFFFFFFFFFFFFFF AND DUP2 MSTORE PUSH1 0x20 ADD DUP3 DUP2 MSTORE PUSH1 0x20 ADD SWAP3 POP POP POP PUSH1 0x20 PUSH1 0x40 MLOAD DUP1 DUP4 SUB DUP2 PUSH1 0x0 DUP8 DUP1 EXTCODESIZE ISZERO ISZERO PUSH2 0x12BA JUMPI PUSH1 0x0 DUP1 REVERT JUMPDEST PUSH2 0x2C6 GAS SUB CALL ISZERO ISZERO PUSH2 0x12CB JUMPI PUSH1 0x0 DUP1 REVERT JUMPDEST POP POP POP PUSH1 0x40 MLOAD DUP1 MLOAD SWAP1 POP SWAP3 POP POP POP SWAP2 SWAP1 POP JUMP JUMPDEST PUSH1 0x20 PUSH1 0x40 MLOAD SWAP1 DUP2 ADD PUSH1 0x40 MSTORE DUP1 PUSH1 0x0 DUP2 MSTORE POP SWAP1 JUMP STOP LOG1 PUSH6 0x627A7A723058 KECCAK256 0x2a PUSH21 0xAF3F2D4B2668C18FFDA9460F413F4B696CE971A60 PUSH25 0xEF212F0DE1145BFB0029000000000000000000000000000000
1,PUSH1 0x4C PUSH1 0x2C PUSH1 0xB DUP3 DUP3 DUP3 CODECOPY DUP1 MLOAD PUSH1 0x0 BYTE PUSH1 0x73 EQ PUSH1 0x0 DUP2 EQ PUSH1 0x1C JUMPI PUSH1 0x1E JUMP JUMPDEST INVALID JUMPDEST POP ADDRESS PUSH1 0x0 MSTORE PUSH1 0x73 DUP2 MSTORE8 DUP3 DUP2 RETURN STOP PUSH20 0x0 ADDRESS EQ PUSH1 0x60 PUSH1 0x40 MSTORE PUSH1 0x0 DUP1 REVERT STOP LOG1 PUSH6 0x627A7A723058 KECCAK256 0x4e SHL DUP9 JUMPI 0xeb ADD JUMP DUP2 LOG4 0x5f CALLCODE SIGNEXTEND DUP6 0xce 0xe9 0xc4 EQ PUSH15 0x8B2A46D706F426B3A86F07ADB7BF00 0x29
1,PUSH1 0x60 PUSH1 0x40 MSTORE CALLVALUE ISZERO PUSH2 0xF JUMPI PUSH1 0x0 DUP1 REVERT JUMPDEST PUSH2 0x37F DUP1 PUSH2 0x1E PUSH1 0x0 CODECOPY PUSH1 0x0 RETURN STOP PUSH1 0x60 PUSH1 0x40 MSTORE PUSH1 0x4 CALLDATASIZE LT PUSH2 0x57 JUMPI PUSH1 0x0 CALLDATALOAD PUSH29 0x100000000000000000000000000000000000000000000000000000000 SWAP1 DIV PUSH4 0xFFFFFFFF AND DUP1 PUSH4 0x18160DDD EQ PUSH2 0x5C JUMPI DUP1 PUSH4 0x70A08231 EQ PUSH2 0x85 JUMPI DUP1 PUSH4 0xA9059CBB EQ PUSH2 0xD2 JUMPI JUMPDEST PUSH1 0x0 DUP1 REVERT JUMPDEST CALLVALUE ISZERO PUSH2 0x67 JUMPI PUSH1 0x0 DUP1 REVERT JUMPDEST PUSH2 0x6F PUSH2 0x114 JUMP JUMPDEST PUSH1 0x40 MLOAD DUP1 DUP3 DUP2 MSTORE PUSH1 0x20 ADD SWAP2 POP POP PUSH1 0x40 MLOAD DUP1 SWAP2 SUB SWAP1 RETURN JUMPDEST CALLVALUE ISZERO PUSH2 0x90 JUMPI PUSH1 0x0 DUP1 REVERT JUMPDEST PUSH2 0xBC PUSH1 0x4 DUP1 DUP1 CALLDATALOAD PUSH20 0xFFFFFFFFFFFFFFFFFFFFFFFFFFFFFFFFFFFFFFFF AND SWAP1 PUSH1 0x20 ADD SWAP1 SWAP2 SWAP1 POP POP PUSH2 0x11A JUMP JUMPDEST PUSH1 0x40 MLOAD DUP1 DUP3 DUP2 MSTORE PUSH1 0x20 ADD SWAP2 POP POP PUSH1 0x40 MLOAD DUP1 SWAP2 SUB SWAP1 RETURN JUMPDEST CALLVALUE ISZERO PUSH2 0xDD JUMPI PUSH1 0x0 DUP1 REVERT JUMPDEST PUSH2 0x112 PUSH1 0x4 DUP1 DUP1 CALLDATALOAD PUSH20 0xFFFFFFFFFFFFFFFFFFFFFFFFFFFFFFFFFFFFFFFF AND SWAP1 PUSH1 0x20 ADD SWAP1 SWAP2 SWAP1 DUP1 CALLDATALOAD SWAP1 PUSH1 0x20 ADD SWAP1 SWAP2 SWAP1 POP POP PUSH2 0x163 JUMP JUMPDEST STOP JUMPDEST PUSH1 0x0 SLOAD DUP2 JUMP JUMPDEST PUSH1 0x0 PUSH1 0x1 PUSH1 0x0 DUP4 PUSH20 0xFFFFFFFFFFFFFFFFFFFFFFFFFFFFFFFFFFFFFFFF AND PUSH20 0xFFFFFFFFFFFFFFFFFFFFFFFFFFFFFFFFFFFFFFFF AND DUP2 MSTORE PUSH1 0x20 ADD SWAP1 DUP2 MSTORE PUSH1 0x20 ADD PUSH1 0x0 KECCAK256 SLOAD SWAP1 POP SWAP2 SWAP1 POP JUMP JUMPDEST PUSH1 0x40 PUSH1 0x4 DUP2 ADD PUSH1 0x0 CALLDATASIZE SWAP1 POP LT ISZERO PUSH2 0x179 JUMPI PUSH1 0x0 DUP1 REVERT JUMPDEST PUSH2 0x1CB DUP3 PUSH1 0x1 PUSH1 0x0 CALLER PUSH20 0xFFFFFFFFFFFFFFFFFFFFFFFFFFFFFFFFFFFFFFFF AND PUSH20 0xFFFFFFFFFFFFFFFFFFFFFFFFFFFFFFFFFFFFFFFF AND DUP2 MSTORE PUSH1 0x20 ADD SWAP1 DUP2 MSTORE PUSH1 0x20 ADD PUSH1 0x0 KECCAK256 SLOAD PUSH2 0x30D SWAP1 SWAP2 SWAP1 PUSH4 0xFFFFFFFF AND JUMP JUMPDEST PUSH1 0x1 PUSH1 0x0 CALLER PUSH20 0xFFFFFFFFFFFFFFFFFFFFFFFFFFFFFFFFFFFFFFFF AND PUSH20 0xFFFFFFFFFFFFFFFFFFFFFFFFFFFFFFFFFFFFFFFF AND DUP2 MSTORE PUSH1 0x20 ADD SWAP1 DUP2 MSTORE PUSH1 0x20 ADD PUSH1 0x0 KECCAK256 DUP2 SWAP1 SSTORE POP PUSH2 0x260 DUP3 PUSH1 0x1 PUSH1 0x0 DUP7 PUSH20 0xFFFFFFFFFFFFFFFFFFFFFFFFFFFFFFFFFFFFFFFF AND PUSH20 0xFFFFFFFFFFFFFFFFFFFFFFFFFFFFFFFFFFFFFFFF AND DUP2 MSTORE PUSH1 0x20 ADD SWAP1 DUP2 MSTORE PUSH1 0x20 ADD PUSH1 0x0 KECCAK256 SLOAD PUSH2 0x326 SWAP1 SWAP2 SWAP1 PUSH4 0xFFFFFFFF AND JUMP JUMPDEST PUSH1 0x1 PUSH1 0x0 DUP6 PUSH20 0xFFFFFFFFFFFFFFFFFFFFFFFFFFFFFFFFFFFFFFFF AND PUSH20 0xFFFFFFFFFFFFFFFFFFFFFFFFFFFFFFFFFFFFFFFF AND DUP2 MSTORE PUSH1 0x20 ADD SWAP1 DUP2 MSTORE PUSH1 0x20 ADD PUSH1 0x0 KECCAK256 DUP2 SWAP1 SSTORE POP DUP3 PUSH20 0xFFFFFFFFFFFFFFFFFFFFFFFFFFFFFFFFFFFFFFFF AND CALLER PUSH20 0xFFFFFFFFFFFFFFFFFFFFFFFFFFFFFFFFFFFFFFFF AND PUSH32 0xDDF252AD1BE2C89B69C2B068FC378DAA952BA7F163C4A11628F55A4DF523B3EF DUP5 PUSH1 0x40 MLOAD DUP1 DUP3 DUP2 MSTORE PUSH1 0x20 ADD SWAP2 POP POP PUSH1 0x40 MLOAD DUP1 SWAP2 SUB SWAP1 LOG3 POP POP POP JUMP JUMPDEST PUSH1 0x0 PUSH2 0x31B DUP4 DUP4 GT ISZERO PUSH2 0x344 JUMP JUMPDEST DUP2 DUP4 SUB SWAP1 POP SWAP3 SWAP2 POP POP JUMP JUMPDEST PUSH1 0x0 DUP1 DUP3 DUP5 ADD SWAP1 POP PUSH2 0x33A DUP5 DUP3 LT ISZERO PUSH2 0x344 JUMP JUMPDEST DUP1 SWAP2 POP POP SWAP3 SWAP2 POP POP JUMP JUMPDEST DUP1 ISZERO ISZERO PUSH2 0x350 JUMPI PUSH1 0x0 DUP1 REVERT JUMPDEST POP JUMP STOP LOG1 PUSH6 0x627A7A723058 KECCAK256 0xc 0x1f 0xc7 EXP MULMOD CREATE 0x2d CREATE PUSH29 0x689CD87782A96D5437B938C34D20AF832766011C44DBE4002900000000
1,PUSH1 0x60 PUSH1 0x40 MSTORE PUSH1 0x12 PUSH1 0x3 PUSH1 0x0 PUSH2 0x100 EXP DUP2 SLOAD DUP2 PUSH1 0xFF MUL NOT AND SWAP1 DUP4 PUSH1 0xFF AND MUL OR SWAP1 SSTORE POP CALLVALUE ISZERO PUSH3 0x2C JUMPI PUSH1 0x0 DUP1 REVERT JUMPDEST PUSH1 0x40 MLOAD PUSH3 0x1295 CODESIZE SUB DUP1 PUSH3 0x1295 DUP4 CODECOPY DUP2 ADD PUSH1 0x40 MSTORE DUP1 DUP1 MLOAD SWAP1 PUSH1 0x20 ADD SWAP1 SWAP2 SWAP1 DUP1 MLOAD DUP3 ADD SWAP2 SWAP1 PUSH1 0x20 ADD DUP1 MLOAD DUP3 ADD SWAP2 SWAP1 POP POP CALLER PUSH1 0x0 DUP1 PUSH2 0x100 EXP DUP2 SLOAD DUP2 PUSH20 0xFFFFFFFFFFFFFFFFFFFFFFFFFFFFFFFFFFFFFFFF MUL NOT AND SWAP1 DUP4 PUSH20 0xFFFFFFFFFFFFFFFFFFFFFFFFFFFFFFFFFFFFFFFF AND MUL OR SWAP1 SSTORE POP PUSH1 0x3 PUSH1 0x0 SWAP1 SLOAD SWAP1 PUSH2 0x100 EXP SWAP1 DIV PUSH1 0xFF AND PUSH1 0xFF AND PUSH1 0xA EXP DUP4 MUL PUSH1 0x4 DUP2 SWAP1 SSTORE POP PUSH1 0x4 SLOAD PUSH1 0x5 PUSH1 0x0 CALLER PUSH20 0xFFFFFFFFFFFFFFFFFFFFFFFFFFFFFFFFFFFFFFFF AND PUSH20 0xFFFFFFFFFFFFFFFFFFFFFFFFFFFFFFFFFFFFFFFF AND DUP2 MSTORE PUSH1 0x20 ADD SWAP1 DUP2 MSTORE PUSH1 0x20 ADD PUSH1 0x0 KECCAK256 DUP2 SWAP1 SSTORE POP DUP2 PUSH1 0x1 SWAP1 DUP1 MLOAD SWAP1 PUSH1 0x20 ADD SWAP1 PUSH3 0x118 SWAP3 SWAP2 SWAP1 PUSH3 0x13B JUMP JUMPDEST POP DUP1 PUSH1 0x2 SWAP1 DUP1 MLOAD SWAP1 PUSH1 0x20 ADD SWAP1 PUSH3 0x131 SWAP3 SWAP2 SWAP1 PUSH3 0x13B JUMP JUMPDEST POP POP POP POP PUSH3 0x1EA JUMP JUMPDEST DUP3 DUP1 SLOAD PUSH1 0x1 DUP2 PUSH1 0x1 AND ISZERO PUSH2 0x100 MUL SUB AND PUSH1 0x2 SWAP1 DIV SWAP1 PUSH1 0x0 MSTORE PUSH1 0x20 PUSH1 0x0 KECCAK256 SWAP1 PUSH1 0x1F ADD PUSH1 0x20 SWAP1 DIV DUP2 ADD SWAP3 DUP3 PUSH1 0x1F LT PUSH3 0x17E JUMPI DUP1 MLOAD PUSH1 0xFF NOT AND DUP4 DUP1 ADD OR DUP6 SSTORE PUSH3 0x1AF JUMP JUMPDEST DUP3 DUP1 ADD PUSH1 0x1 ADD DUP6 SSTORE DUP3 ISZERO PUSH3 0x1AF JUMPI SWAP2 DUP3 ADD JUMPDEST DUP3 DUP2 GT ISZERO PUSH3 0x1AE JUMPI DUP3 MLOAD DUP3 SSTORE SWAP2 PUSH1 0x20 ADD SWAP2 SWAP1 PUSH1 0x1 ADD SWAP1 PUSH3 0x191 JUMP JUMPDEST JUMPDEST POP SWAP1 POP PUSH3 0x1BE SWAP2 SWAP1 PUSH3 0x1C2 JUMP JUMPDEST POP SWAP1 JUMP JUMPDEST PUSH3 0x1E7 SWAP2 SWAP1 JUMPDEST DUP1 DUP3 GT ISZERO PUSH3 0x1E3 JUMPI PUSH1 0x0 DUP2 PUSH1 0x0 SWAP1 SSTORE POP PUSH1 0x1 ADD PUSH3 0x1C9 JUMP JUMPDEST POP SWAP1 JUMP JUMPDEST SWAP1 JUMP JUMPDEST PUSH2 0x109B DUP1 PUSH3 0x1FA PUSH1 0x0 CODECOPY PUSH1 0x0 RETURN STOP PUSH1 0x60 PUSH1 0x40 MSTORE PUSH1 0x4 CALLDATASIZE LT PUSH2 0xD0 JUMPI PUSH1 0x0 CALLDATALOAD PUSH29 0x100000000000000000000000000000000000000000000000000000000 SWAP1 DIV PUSH4 0xFFFFFFFF AND DUP1 PUSH4 0x6FDDE03 EQ PUSH2 0xD5 JUMPI DUP1 PUSH4 0x95EA7B3 EQ PUSH2 0x163 JUMPI DUP1 PUSH4 0x17FAA66F EQ PUSH2 0x1BD JUMPI DUP1 PUSH4 0x18160DDD EQ PUSH2 0x1F6 JUMPI DUP1 PUSH4 0x23B872DD EQ PUSH2 0x21F JUMPI DUP1 PUSH4 0x313CE567 EQ PUSH2 0x298 JUMPI DUP1 PUSH4 0x41C0E1B5 EQ PUSH2 0x2C7 JUMPI DUP1 PUSH4 0x70A08231 EQ PUSH2 0x2DC JUMPI DUP1 PUSH4 0x8DA5CB5B EQ PUSH2 0x329 JUMPI DUP1 PUSH4 0x95D89B41 EQ PUSH2 0x37E JUMPI DUP1 PUSH4 0xA9059CBB EQ PUSH2 0x40C JUMPI DUP1 PUSH4 0xCAE9CA51 EQ PUSH2 0x44E JUMPI DUP1 PUSH4 0xDD62ED3E EQ PUSH2 0x4EB JUMPI DUP1 PUSH4 0xF2FDE38B EQ PUSH2 0x557 JUMPI JUMPDEST PUSH1 0x0 DUP1 REVERT JUMPDEST CALLVALUE ISZERO PUSH2 0xE0 JUMPI PUSH1 0x0 DUP1 REVERT JUMPDEST PUSH2 0xE8 PUSH2 0x590 JUMP JUMPDEST PUSH1 0x40 MLOAD DUP1 DUP1 PUSH1 0x20 ADD DUP3 DUP2 SUB DUP3 MSTORE DUP4 DUP2 DUP2 MLOAD DUP2 MSTORE PUSH1 0x20 ADD SWAP2 POP DUP1 MLOAD SWAP1 PUSH1 0x20 ADD SWAP1 DUP1 DUP4 DUP4 PUSH1 0x0 JUMPDEST DUP4 DUP2 LT ISZERO PUSH2 0x128 JUMPI DUP1 DUP3 ADD MLOAD DUP2 DUP5 ADD MSTORE PUSH1 0x20 DUP2 ADD SWAP1 POP PUSH2 0x10D JUMP JUMPDEST POP POP POP POP SWAP1 POP SWAP1 DUP2 ADD SWAP1 PUSH1 0x1F AND DUP1 ISZERO PUSH2 0x155 JUMPI DUP1 DUP3 SUB DUP1 MLOAD PUSH1 0x1 DUP4 PUSH1 0x20 SUB PUSH2 0x100 EXP SUB NOT AND DUP2 MSTORE PUSH1 0x20 ADD SWAP2 POP JUMPDEST POP SWAP3 POP POP POP PUSH1 0x40 MLOAD DUP1 SWAP2 SUB SWAP1 RETURN JUMPDEST CALLVALUE ISZERO PUSH2 0x16E JUMPI PUSH1 0x0 DUP1 REVERT JUMPDEST PUSH2 0x1A3 PUSH1 0x4 DUP1 DUP1 CALLDATALOAD PUSH20 0xFFFFFFFFFFFFFFFFFFFFFFFFFFFFFFFFFFFFFFFF AND SWAP1 PUSH1 0x20 ADD SWAP1 SWAP2 SWAP1 DUP1 CALLDATALOAD SWAP1 PUSH1 0x20 ADD SWAP1 SWAP2 SWAP1 POP POP PUSH2 0x62E JUMP JUMPDEST PUSH1 0x40 MLOAD DUP1 DUP3 ISZERO ISZERO ISZERO ISZERO DUP2 MSTORE PUSH1 0x20 ADD SWAP2 POP POP PUSH1 0x40 MLOAD DUP1 SWAP2 SUB SWAP1 RETURN JUMPDEST CALLVALUE ISZERO PUSH2 0x1C8 JUMPI PUSH1 0x0 DUP1 REVERT JUMPDEST PUSH2 0x1F4 PUSH1 0x4 DUP1 DUP1 CALLDATALOAD PUSH20 0xFFFFFFFFFFFFFFFFFFFFFFFFFFFFFFFFFFFFFFFF AND SWAP1 PUSH1 0x20 ADD SWAP1 SWAP2 SWAP1 POP POP PUSH2 0x6BB JUMP JUMPDEST STOP JUMPDEST CALLVALUE ISZERO PUSH2 0x201 JUMPI PUSH1 0x0 DUP1 REVERT JUMPDEST PUSH2 0x209 PUSH2 0x81C JUMP JUMPDEST PUSH1 0x40 MLOAD DUP1 DUP3 DUP2 MSTORE PUSH1 0x20 ADD SWAP2 POP POP PUSH1 0x40 MLOAD DUP1 SWAP2 SUB SWAP1 RETURN JUMPDEST CALLVALUE ISZERO PUSH2 0x22A JUMPI PUSH1 0x0 DUP1 REVERT JUMPDEST PUSH2 0x27E PUSH1 0x4 DUP1 DUP1 CALLDATALOAD PUSH20 0xFFFFFFFFFFFFFFFFFFFFFFFFFFFFFFFFFFFFFFFF AND SWAP1 PUSH1 0x20 ADD SWAP1 SWAP2 SWAP1 DUP1 CALLDATALOAD PUSH20 0xFFFFFFFFFFFFFFFFFFFFFFFFFFFFFFFFFFFFFFFF AND SWAP1 PUSH1 0x20 ADD SWAP1 SWAP2 SWAP1 DUP1 CALLDATALOAD SWAP1 PUSH1 0x20 ADD SWAP1 SWAP2 SWAP1 POP POP PUSH2 0x822 JUMP JUMPDEST PUSH1 0x40 MLOAD DUP1 DUP3 ISZERO ISZERO ISZERO ISZERO DUP2 MSTORE PUSH1 0x20 ADD SWAP2 POP POP PUSH1 0x40 MLOAD DUP1 SWAP2 SUB SWAP1 RETURN JUMPDEST CALLVALUE ISZERO PUSH2 0x2A3 JUMPI PUSH1 0x0 DUP1 REVERT JUMPDEST PUSH2 0x2AB PUSH2 0x94F JUMP JUMPDEST PUSH1 0x40 MLOAD DUP1 DUP3 PUSH1 0xFF AND PUSH1 0xFF AND DUP2 MSTORE PUSH1 0x20 ADD SWAP2 POP POP PUSH1 0x40 MLOAD DUP1 SWAP2 SUB SWAP1 RETURN JUMPDEST CALLVALUE ISZERO PUSH2 0x2D2 JUMPI PUSH1 0x0 DUP1 REVERT JUMPDEST PUSH2 0x2DA PUSH2 0x962 JUMP JUMPDEST STOP JUMPDEST CALLVALUE ISZERO PUSH2 0x2E7 JUMPI PUSH1 0x0 DUP1 REVERT JUMPDEST PUSH2 0x313 PUSH1 0x4 DUP1 DUP1 CALLDATALOAD PUSH20 0xFFFFFFFFFFFFFFFFFFFFFFFFFFFFFFFFFFFFFFFF AND SWAP1 PUSH1 0x20 ADD SWAP1 SWAP2 SWAP1 POP POP PUSH2 0x9F7 JUMP JUMPDEST PUSH1 0x40 MLOAD DUP1 DUP3 DUP2 MSTORE PUSH1 0x20 ADD SWAP2 POP POP PUSH1 0x40 MLOAD DUP1 SWAP2 SUB SWAP1 RETURN JUMPDEST CALLVALUE ISZERO PUSH2 0x334 JUMPI PUSH1 0x0 DUP1 REVERT JUMPDEST PUSH2 0x33C PUSH2 0xA0F JUMP JUMPDEST PUSH1 0x40 MLOAD DUP1 DUP3 PUSH20 0xFFFFFFFFFFFFFFFFFFFFFFFFFFFFFFFFFFFFFFFF AND PUSH20 0xFFFFFFFFFFFFFFFFFFFFFFFFFFFFFFFFFFFFFFFF AND DUP2 MSTORE PUSH1 0x20 ADD SWAP2 POP POP PUSH1 0x40 MLOAD DUP1 SWAP2 SUB SWAP1 RETURN JUMPDEST CALLVALUE ISZERO PUSH2 0x389 JUMPI PUSH1 0x0 DUP1 REVERT JUMPDEST PUSH2 0x391 PUSH2 0xA34 JUMP JUMPDEST PUSH1 0x40 MLOAD DUP1 DUP1 PUSH1 0x20 ADD DUP3 DUP2 SUB DUP3 MSTORE DUP4 DUP2 DUP2 MLOAD DUP2 MSTORE PUSH1 0x20 ADD SWAP2 POP DUP1 MLOAD SWAP1 PUSH1 0x20 ADD SWAP1 DUP1 DUP4 DUP4 PUSH1 0x0 JUMPDEST DUP4 DUP2 LT ISZERO PUSH2 0x3D1 JUMPI DUP1 DUP3 ADD MLOAD DUP2 DUP5 ADD MSTORE PUSH1 0x20 DUP2 ADD SWAP1 POP PUSH2 0x3B6 JUMP JUMPDEST POP POP POP POP SWAP1 POP SWAP1 DUP2 ADD SWAP1 PUSH1 0x1F AND DUP1 ISZERO PUSH2 0x3FE JUMPI DUP1 DUP3 SUB DUP1 MLOAD PUSH1 0x1 DUP4 PUSH1 0x20 SUB PUSH2 0x100 EXP SUB NOT AND DUP2 MSTORE PUSH1 0x20 ADD SWAP2 POP JUMPDEST POP SWAP3 POP POP POP PUSH1 0x40 MLOAD DUP1 SWAP2 SUB SWAP1 RETURN JUMPDEST CALLVALUE ISZERO PUSH2 0x417 JUMPI PUSH1 0x0 DUP1 REVERT JUMPDEST PUSH2 0x44C PUSH1 0x4 DUP1 DUP1 CALLDATALOAD PUSH20 0xFFFFFFFFFFFFFFFFFFFFFFFFFFFFFFFFFFFFFFFF AND SWAP1 PUSH1 0x20 ADD SWAP1 SWAP2 SWAP1 DUP1 CALLDATALOAD SWAP1 PUSH1 0x20 ADD SWAP1 SWAP2 SWAP1 POP POP PUSH2 0xAD2 JUMP JUMPDEST STOP JUMPDEST CALLVALUE ISZERO PUSH2 0x459 JUMPI PUSH1 0x0 DUP1 REVERT JUMPDEST PUSH2 0x4D1 PUSH1 0x4 DUP1 DUP1 CALLDATALOAD PUSH20 0xFFFFFFFFFFFFFFFFFFFFFFFFFFFFFFFFFFFFFFFF AND SWAP1 PUSH1 0x20 ADD SWAP1 SWAP2 SWAP1 DUP1 CALLDATALOAD SWAP1 PUSH1 0x20 ADD SWAP1 SWAP2 SWAP1 DUP1 CALLDATALOAD SWAP1 PUSH1 0x20 ADD SWAP1 DUP3 ADD DUP1 CALLDATALOAD SWAP1 PUSH1 0x20 ADD SWAP1 DUP1 DUP1 PUSH1 0x1F ADD PUSH1 0x20 DUP1 SWAP2 DIV MUL PUSH1 0x20 ADD PUSH1 0x40 MLOAD SWAP1 DUP2 ADD PUSH1 0x40 MSTORE DUP1 SWAP4 SWAP3 SWAP2 SWAP1 DUP2 DUP2 MSTORE PUSH1 0x20 ADD DUP4 DUP4 DUP1 DUP3 DUP5 CALLDATACOPY DUP3 ADD SWAP2 POP POP POP POP POP POP SWAP2 SWAP1 POP POP PUSH2 0xAE1 JUMP JUMPDEST PUSH1 0x40 MLOAD DUP1 DUP3 ISZERO ISZERO ISZERO ISZERO DUP2 MSTORE PUSH1 0x20 ADD SWAP2 POP POP PUSH1 0x40 MLOAD DUP1 SWAP2 SUB SWAP1 RETURN JUMPDEST CALLVALUE ISZERO PUSH2 0x4F6 JUMPI PUSH1 0x0 DUP1 REVERT JUMPDEST PUSH2 0x541 PUSH1 0x4 DUP1 DUP1 CALLDATALOAD PUSH20 0xFFFFFFFFFFFFFFFFFFFFFFFFFFFFFFFFFFFFFFFF AND SWAP1 PUSH1 0x20 ADD SWAP1 SWAP2 SWAP1 DUP1 CALLDATALOAD PUSH20 0xFFFFFFFFFFFFFFFFFFFFFFFFFFFFFFFFFFFFFFFF AND SWAP1 PUSH1 0x20 ADD SWAP1 SWAP2 SWAP1 POP POP PUSH2 0xC5F JUMP JUMPDEST PUSH1 0x40 MLOAD DUP1 DUP3 DUP2 MSTORE PUSH1 0x20 ADD SWAP2 POP POP PUSH1 0x40 MLOAD DUP1 SWAP2 SUB SWAP1 RETURN JUMPDEST CALLVALUE ISZERO PUSH2 0x562 JUMPI PUSH1 0x0 DUP1 REVERT JUMPDEST PUSH2 0x58E PUSH1 0x4 DUP1 DUP1 CALLDATALOAD PUSH20 0xFFFFFFFFFFFFFFFFFFFFFFFFFFFFFFFFFFFFFFFF AND SWAP1 PUSH1 0x20 ADD SWAP1 SWAP2 SWAP1 POP POP PUSH2 0xC84 JUMP JUMPDEST STOP JUMPDEST PUSH1 0x1 DUP1 SLOAD PUSH1 0x1 DUP2 PUSH1 0x1 AND ISZERO PUSH2 0x100 MUL SUB AND PUSH1 0x2 SWAP1 DIV DUP1 PUSH1 0x1F ADD PUSH1 0x20 DUP1 SWAP2 DIV MUL PUSH1 0x20 ADD PUSH1 0x40 MLOAD SWAP1 DUP2 ADD PUSH1 0x40 MSTORE DUP1 SWAP3 SWAP2 SWAP1 DUP2 DUP2 MSTORE PUSH1 0x20 ADD DUP3 DUP1 SLOAD PUSH1 0x1 DUP2 PUSH1 0x1 AND ISZERO PUSH2 0x100 MUL SUB AND PUSH1 0x2 SWAP1 DIV DUP1 ISZERO PUSH2 0x626 JUMPI DUP1 PUSH1 0x1F LT PUSH2 0x5FB JUMPI PUSH2 0x100 DUP1 DUP4 SLOAD DIV MUL DUP4 MSTORE SWAP2 PUSH1 0x20 ADD SWAP2 PUSH2 0x626 JUMP JUMPDEST DUP3 ADD SWAP2 SWAP1 PUSH1 0x0 MSTORE PUSH1 0x20 PUSH1 0x0 KECCAK256 SWAP1 JUMPDEST DUP2 SLOAD DUP2 MSTORE SWAP1 PUSH1 0x1 ADD SWAP1 PUSH1 0x20 ADD DUP1 DUP4 GT PUSH2 0x609 JUMPI DUP3 SWAP1 SUB PUSH1 0x1F AND DUP3 ADD SWAP2 JUMPDEST POP POP POP POP POP DUP2 JUMP JUMPDEST PUSH1 0x0 DUP2 PUSH1 0x6 PUSH1 0x0 CALLER PUSH20 0xFFFFFFFFFFFFFFFFFFFFFFFFFFFFFFFFFFFFFFFF AND PUSH20 0xFFFFFFFFFFFFFFFFFFFFFFFFFFFFFFFFFFFFFFFF AND DUP2 MSTORE PUSH1 0x20 ADD SWAP1 DUP2 MSTORE PUSH1 0x20 ADD PUSH1 0x0 KECCAK256 PUSH1 0x0 DUP6 PUSH20 0xFFFFFFFFFFFFFFFFFFFFFFFFFFFFFFFFFFFFFFFF AND PUSH20 0xFFFFFFFFFFFFFFFFFFFFFFFFFFFFFFFFFFFFFFFF AND DUP2 MSTORE PUSH1 0x20 ADD SWAP1 DUP2 MSTORE PUSH1 0x20 ADD PUSH1 0x0 KECCAK256 DUP2 SWAP1 SSTORE POP PUSH1 0x1 SWAP1 POP SWAP3 SWAP2 POP POP JUMP JUMPDEST PUSH1 0x0 DUP1 SWAP1 SLOAD SWAP1 PUSH2 0x100 EXP SWAP1 DIV PUSH20 0xFFFFFFFFFFFFFFFFFFFFFFFFFFFFFFFFFFFFFFFF AND PUSH20 0xFFFFFFFFFFFFFFFFFFFFFFFFFFFFFFFFFFFFFFFF AND CALLER PUSH20 0xFFFFFFFFFFFFFFFFFFFFFFFFFFFFFFFFFFFFFFFF AND EQ ISZERO ISZERO PUSH2 0x716 JUMPI PUSH1 0x0 DUP1 REVERT JUMPDEST PUSH1 0x0 PUSH20 0xFFFFFFFFFFFFFFFFFFFFFFFFFFFFFFFFFFFFFFFF AND DUP2 PUSH20 0xFFFFFFFFFFFFFFFFFFFFFFFFFFFFFFFFFFFFFFFF AND EQ ISZERO ISZERO PUSH2 0x819 JUMPI PUSH2 0x7D8 PUSH1 0x0 DUP1 SWAP1 SLOAD SWAP1 PUSH2 0x100 EXP SWAP1 DIV PUSH20 0xFFFFFFFFFFFFFFFFFFFFFFFFFFFFFFFFFFFFFFFF AND DUP3 PUSH1 0x5 PUSH1 0x0 DUP1 PUSH1 0x0 SWAP1 SLOAD SWAP1 PUSH2 0x100 EXP SWAP1 DIV PUSH20 0xFFFFFFFFFFFFFFFFFFFFFFFFFFFFFFFFFFFFFFFF AND PUSH20 0xFFFFFFFFFFFFFFFFFFFFFFFFFFFFFFFFFFFFFFFF AND PUSH20 0xFFFFFFFFFFFFFFFFFFFFFFFFFFFFFFFFFFFFFFFF AND DUP2 MSTORE PUSH1 0x20 ADD SWAP1 DUP2 MSTORE PUSH1 0x20 ADD PUSH1 0x0 KECCAK256 SLOAD PUSH2 0xD59 JUMP JUMPDEST DUP1 PUSH1 0x0 DUP1 PUSH2 0x100 EXP DUP2 SLOAD DUP2 PUSH20 0xFFFFFFFFFFFFFFFFFFFFFFFFFFFFFFFFFFFFFFFF MUL NOT AND SWAP1 DUP4 PUSH20 0xFFFFFFFFFFFFFFFFFFFFFFFFFFFFFFFFFFFFFFFF AND MUL OR SWAP1 SSTORE POP JUMPDEST POP JUMP JUMPDEST PUSH1 0x4 SLOAD DUP2 JUMP JUMPDEST PUSH1 0x0 PUSH1 0x6 PUSH1 0x0 DUP6 PUSH20 0xFFFFFFFFFFFFFFFFFFFFFFFFFFFFFFFFFFFFFFFF AND PUSH20 0xFFFFFFFFFFFFFFFFFFFFFFFFFFFFFFFFFFFFFFFF AND DUP2 MSTORE PUSH1 0x20 ADD SWAP1 DUP2 MSTORE PUSH1 0x20 ADD PUSH1 0x0 KECCAK256 PUSH1 0x0 CALLER PUSH20 0xFFFFFFFFFFFFFFFFFFFFFFFFFFFFFFFFFFFFFFFF AND PUSH20 0xFFFFFFFFFFFFFFFFFFFFFFFFFFFFFFFFFFFFFFFF AND DUP2 MSTORE PUSH1 0x20 ADD SWAP1 DUP2 MSTORE PUSH1 0x20 ADD PUSH1 0x0 KECCAK256 SLOAD DUP3 GT ISZERO ISZERO ISZERO PUSH2 0x8AF JUMPI PUSH1 0x0 DUP1 REVERT JUMPDEST DUP2 PUSH1 0x6 PUSH1 0x0 DUP7 PUSH20 0xFFFFFFFFFFFFFFFFFFFFFFFFFFFFFFFFFFFFFFFF AND PUSH20 0xFFFFFFFFFFFFFFFFFFFFFFFFFFFFFFFFFFFFFFFF AND DUP2 MSTORE PUSH1 0x20 ADD SWAP1 DUP2 MSTORE PUSH1 0x20 ADD PUSH1 0x0 KECCAK256 PUSH1 0x0 CALLER PUSH20 0xFFFFFFFFFFFFFFFFFFFFFFFFFFFFFFFFFFFFFFFF AND PUSH20 0xFFFFFFFFFFFFFFFFFFFFFFFFFFFFFFFFFFFFFFFF AND DUP2 MSTORE PUSH1 0x20 ADD SWAP1 DUP2 MSTORE PUSH1 0x20 ADD PUSH1 0x0 KECCAK256 PUSH1 0x0 DUP3 DUP3 SLOAD SUB SWAP3 POP POP DUP2 SWAP1 SSTORE POP PUSH2 0x944 DUP5 DUP5 DUP5 PUSH2 0xD59 JUMP JUMPDEST PUSH1 0x1 SWAP1 POP SWAP4 SWAP3 POP POP POP JUMP JUMPDEST PUSH1 0x3 PUSH1 0x0 SWAP1 SLOAD SWAP1 PUSH2 0x100 EXP SWAP1 DIV PUSH1 0xFF AND DUP2 JUMP JUMPDEST PUSH1 0x0 DUP1 SWAP1 SLOAD SWAP1 PUSH2 0x100 EXP SWAP1 DIV PUSH20 0xFFFFFFFFFFFFFFFFFFFFFFFFFFFFFFFFFFFFFFFF AND PUSH20 0xFFFFFFFFFFFFFFFFFFFFFFFFFFFFFFFFFFFFFFFF AND CALLER PUSH20 0xFFFFFFFFFFFFFFFFFFFFFFFFFFFFFFFFFFFFFFFF AND EQ ISZERO ISZERO PUSH2 0x9BD JUMPI PUSH1 0x0 DUP1 REVERT JUMPDEST PUSH1 0x0 DUP1 SWAP1 SLOAD SWAP1 PUSH2 0x100 EXP SWAP1 DIV PUSH20 0xFFFFFFFFFFFFFFFFFFFFFFFFFFFFFFFFFFFFFFFF AND PUSH20 0xFFFFFFFFFFFFFFFFFFFFFFFFFFFFFFFFFFFFFFFF AND SELFDESTRUCT JUMPDEST PUSH1 0x5 PUSH1 0x20 MSTORE DUP1 PUSH1 0x0 MSTORE PUSH1 0x40 PUSH1 0x0 KECCAK256 PUSH1 0x0 SWAP2 POP SWAP1 POP SLOAD DUP2 JUMP JUMPDEST PUSH1 0x0 DUP1 SWAP1 SLOAD SWAP1 PUSH2 0x100 EXP SWAP1 DIV PUSH20 0xFFFFFFFFFFFFFFFFFFFFFFFFFFFFFFFFFFFFFFFF AND DUP2 JUMP JUMPDEST PUSH1 0x2 DUP1 SLOAD PUSH1 0x1 DUP2 PUSH1 0x1 AND ISZERO PUSH2 0x100 MUL SUB AND PUSH1 0x2 SWAP1 DIV DUP1 PUSH1 0x1F ADD PUSH1 0x20 DUP1 SWAP2 DIV MUL PUSH1 0x20 ADD PUSH1 0x40 MLOAD SWAP1 DUP2 ADD PUSH1 0x40 MSTORE DUP1 SWAP3 SWAP2 SWAP1 DUP2 DUP2 MSTORE PUSH1 0x20 ADD DUP3 DUP1 SLOAD PUSH1 0x1 DUP2 PUSH1 0x1 AND ISZERO PUSH2 0x100 MUL SUB AND PUSH1 0x2 SWAP1 DIV DUP1 ISZERO PUSH2 0xACA JUMPI DUP1 PUSH1 0x1F LT PUSH2 0xA9F JUMPI PUSH2 0x100 DUP1 DUP4 SLOAD DIV MUL DUP4 MSTORE SWAP2 PUSH1 0x20 ADD SWAP2 PUSH2 0xACA JUMP JUMPDEST DUP3 ADD SWAP2 SWAP1 PUSH1 0x0 MSTORE PUSH1 0x20 PUSH1 0x0 KECCAK256 SWAP1 JUMPDEST DUP2 SLOAD DUP2 MSTORE SWAP1 PUSH1 0x1 ADD SWAP1 PUSH1 0x20 ADD DUP1 DUP4 GT PUSH2 0xAAD JUMPI DUP3 SWAP1 SUB PUSH1 0x1F AND DUP3 ADD SWAP2 JUMPDEST POP POP POP POP POP DUP2 JUMP JUMPDEST PUSH2 0xADD CALLER DUP4 DUP4 PUSH2 0xD59 JUMP JUMPDEST POP POP JUMP JUMPDEST PUSH1 0x0 DUP1 DUP5 SWAP1 POP PUSH2 0xAF1 DUP6 DUP6 PUSH2 0x62E JUMP JUMPDEST ISZERO PUSH2 0xC56 JUMPI DUP1 PUSH20 0xFFFFFFFFFFFFFFFFFFFFFFFFFFFFFFFFFFFFFFFF AND PUSH4 0x8F4FFCB1 CALLER DUP7 ADDRESS DUP8 PUSH1 0x40 MLOAD DUP6 PUSH4 0xFFFFFFFF AND PUSH29 0x100000000000000000000000000000000000000000000000000000000 MUL DUP2 MSTORE PUSH1 0x4 ADD DUP1 DUP6 PUSH20 0xFFFFFFFFFFFFFFFFFFFFFFFFFFFFFFFFFFFFFFFF AND PUSH20 0xFFFFFFFFFFFFFFFFFFFFFFFFFFFFFFFFFFFFFFFF AND DUP2 MSTORE PUSH1 0x20 ADD DUP5 DUP2 MSTORE PUSH1 0x20 ADD DUP4 PUSH20 0xFFFFFFFFFFFFFFFFFFFFFFFFFFFFFFFFFFFFFFFF AND PUSH20 0xFFFFFFFFFFFFFFFFFFFFFFFFFFFFFFFFFFFFFFFF AND DUP2 MSTORE PUSH1 0x20 ADD DUP1 PUSH1 0x20 ADD DUP3 DUP2 SUB DUP3 MSTORE DUP4 DUP2 DUP2 MLOAD DUP2 MSTORE PUSH1 0x20 ADD SWAP2 POP DUP1 MLOAD SWAP1 PUSH1 0x20 ADD SWAP1 DUP1 DUP4 DUP4 PUSH1 0x0 JUMPDEST DUP4 DUP2 LT ISZERO PUSH2 0xBEB JUMPI DUP1 DUP3 ADD MLOAD DUP2 DUP5 ADD MSTORE PUSH1 0x20 DUP2 ADD SWAP1 POP PUSH2 0xBD0 JUMP JUMPDEST POP POP POP POP SWAP1 POP SWAP1 DUP2 ADD SWAP1 PUSH1 0x1F AND DUP1 ISZERO PUSH2 0xC18 JUMPI DUP1 DUP3 SUB DUP1 MLOAD PUSH1 0x1 DUP4 PUSH1 0x20 SUB PUSH2 0x100 EXP SUB NOT AND DUP2 MSTORE PUSH1 0x20 ADD SWAP2 POP JUMPDEST POP SWAP6 POP POP POP POP POP POP PUSH1 0x0 PUSH1 0x40 MLOAD DUP1 DUP4 SUB DUP2 PUSH1 0x0 DUP8 DUP1 EXTCODESIZE ISZERO ISZERO PUSH2 0xC39 JUMPI PUSH1 0x0 DUP1 REVERT JUMPDEST PUSH2 0x2C6 GAS SUB CALL ISZERO ISZERO PUSH2 0xC4A JUMPI PUSH1 0x0 DUP1 REVERT JUMPDEST POP POP POP PUSH1 0x1 SWAP2 POP PUSH2 0xC57 JUMP JUMPDEST JUMPDEST POP SWAP4 SWAP3 POP POP POP JUMP JUMPDEST PUSH1 0x6 PUSH1 0x20 MSTORE DUP2 PUSH1 0x0 MSTORE PUSH1 0x40 PUSH1 0x0 KECCAK256 PUSH1 0x20 MSTORE DUP1 PUSH1 0x0 MSTORE PUSH1 0x40 PUSH1 0x0 KECCAK256 PUSH1 0x0 SWAP2 POP SWAP2 POP POP SLOAD DUP2 JUMP JUMPDEST PUSH1 0x0 DUP1 SWAP1 SLOAD SWAP1 PUSH2 0x100 EXP SWAP1 DIV PUSH20 0xFFFFFFFFFFFFFFFFFFFFFFFFFFFFFFFFFFFFFFFF AND PUSH20 0xFFFFFFFFFFFFFFFFFFFFFFFFFFFFFFFFFFFFFFFF AND CALLER PUSH20 0xFFFFFFFFFFFFFFFFFFFFFFFFFFFFFFFFFFFFFFFF AND EQ ISZERO ISZERO PUSH2 0xCDF JUMPI PUSH1 0x0 DUP1 REVERT JUMPDEST PUSH1 0x0 PUSH20 0xFFFFFFFFFFFFFFFFFFFFFFFFFFFFFFFFFFFFFFFF AND DUP2 PUSH20 0xFFFFFFFFFFFFFFFFFFFFFFFFFFFFFFFFFFFFFFFF AND EQ ISZERO ISZERO PUSH2 0xD56 JUMPI DUP1 PUSH1 0x0 DUP1 PUSH2 0x100 EXP DUP2 SLOAD DUP2 PUSH20 0xFFFFFFFFFFFFFFFFFFFFFFFFFFFFFFFFFFFFFFFF MUL NOT AND SWAP1 DUP4 PUSH20 0xFFFFFFFFFFFFFFFFFFFFFFFFFFFFFFFFFFFFFFFF AND MUL OR SWAP1 SSTORE POP JUMPDEST POP JUMP JUMPDEST PUSH1 0x0 DUP1 DUP4 PUSH20 0xFFFFFFFFFFFFFFFFFFFFFFFFFFFFFFFFFFFFFFFF AND EQ ISZERO ISZERO ISZERO PUSH2 0xD80 JUMPI PUSH1 0x0 DUP1 REVERT JUMPDEST DUP2 PUSH1 0x5 PUSH1 0x0 DUP7 PUSH20 0xFFFFFFFFFFFFFFFFFFFFFFFFFFFFFFFFFFFFFFFF AND PUSH20 0xFFFFFFFFFFFFFFFFFFFFFFFFFFFFFFFFFFFFFFFF AND DUP2 MSTORE PUSH1 0x20 ADD SWAP1 DUP2 MSTORE PUSH1 0x20 ADD PUSH1 0x0 KECCAK256 SLOAD LT ISZERO ISZERO ISZERO PUSH2 0xDCE JUMPI PUSH1 0x0 DUP1 REVERT JUMPDEST PUSH1 0x5 PUSH1 0x0 DUP5 PUSH20 0xFFFFFFFFFFFFFFFFFFFFFFFFFFFFFFFFFFFFFFFF AND PUSH20 0xFFFFFFFFFFFFFFFFFFFFFFFFFFFFFFFFFFFFFFFF AND DUP2 MSTORE PUSH1 0x20 ADD SWAP1 DUP2 MSTORE PUSH1 0x20 ADD PUSH1 0x0 KECCAK256 SLOAD DUP3 PUSH1 0x5 PUSH1 0x0 DUP7 PUSH20 0xFFFFFFFFFFFFFFFFFFFFFFFFFFFFFFFFFFFFFFFF AND PUSH20 0xFFFFFFFFFFFFFFFFFFFFFFFFFFFFFFFFFFFFFFFF AND DUP2 MSTORE PUSH1 0x20 ADD SWAP1 DUP2 MSTORE PUSH1 0x20 ADD PUSH1 0x0 KECCAK256 SLOAD ADD GT ISZERO ISZERO PUSH2 0xE5C JUMPI PUSH1 0x0 DUP1 REVERT JUMPDEST PUSH1 0x5 PUSH1 0x0 DUP5 PUSH20 0xFFFFFFFFFFFFFFFFFFFFFFFFFFFFFFFFFFFFFFFF AND PUSH20 0xFFFFFFFFFFFFFFFFFFFFFFFFFFFFFFFFFFFFFFFF AND DUP2 MSTORE PUSH1 0x20 ADD SWAP1 DUP2 MSTORE PUSH1 0x20 ADD PUSH1 0x0 KECCAK256 SLOAD PUSH1 0x5 PUSH1 0x0 DUP7 PUSH20 0xFFFFFFFFFFFFFFFFFFFFFFFFFFFFFFFFFFFFFFFF AND PUSH20 0xFFFFFFFFFFFFFFFFFFFFFFFFFFFFFFFFFFFFFFFF AND DUP2 MSTORE PUSH1 0x20 ADD SWAP1 DUP2 MSTORE PUSH1 0x20 ADD PUSH1 0x0 KECCAK256 SLOAD ADD SWAP1 POP DUP2 PUSH1 0x5 PUSH1 0x0 DUP7 PUSH20 0xFFFFFFFFFFFFFFFFFFFFFFFFFFFFFFFFFFFFFFFF AND PUSH20 0xFFFFFFFFFFFFFFFFFFFFFFFFFFFFFFFFFFFFFFFF AND DUP2 MSTORE PUSH1 0x20 ADD SWAP1 DUP2 MSTORE PUSH1 0x20 ADD PUSH1 0x0 KECCAK256 PUSH1 0x0 DUP3 DUP3 SLOAD SUB SWAP3 POP POP DUP2 SWAP1 SSTORE POP DUP2 PUSH1 0x5 PUSH1 0x0 DUP6 PUSH20 0xFFFFFFFFFFFFFFFFFFFFFFFFFFFFFFFFFFFFFFFF AND PUSH20 0xFFFFFFFFFFFFFFFFFFFFFFFFFFFFFFFFFFFFFFFF AND DUP2 MSTORE PUSH1 0x20 ADD SWAP1 DUP2 MSTORE PUSH1 0x20 ADD PUSH1 0x0 KECCAK256 PUSH1 0x0 DUP3 DUP3 SLOAD ADD SWAP3 POP POP DUP2 SWAP1 SSTORE POP DUP3 PUSH20 0xFFFFFFFFFFFFFFFFFFFFFFFFFFFFFFFFFFFFFFFF AND DUP5 PUSH20 0xFFFFFFFFFFFFFFFFFFFFFFFFFFFFFFFFFFFFFFFF AND PUSH32 0xDDF252AD1BE2C89B69C2B068FC378DAA952BA7F163C4A11628F55A4DF523B3EF DUP5 PUSH1 0x40 MLOAD DUP1 DUP3 DUP2 MSTORE PUSH1 0x20 ADD SWAP2 POP POP PUSH1 0x40 MLOAD DUP1 SWAP2 SUB SWAP1 LOG3 DUP1 PUSH1 0x5 PUSH1 0x0 DUP6 PUSH20 0xFFFFFFFFFFFFFFFFFFFFFFFFFFFFFFFFFFFFFFFF AND PUSH20 0xFFFFFFFFFFFFFFFFFFFFFFFFFFFFFFFFFFFFFFFF AND DUP2 MSTORE PUSH1 0x20 ADD SWAP1 DUP2 MSTORE PUSH1 0x20 ADD PUSH1 0x0 KECCAK256 SLOAD PUSH1 0x5 PUSH1 0x0 DUP8 PUSH20 0xFFFFFFFFFFFFFFFFFFFFFFFFFFFFFFFFFFFFFFFF AND PUSH20 0xFFFFFFFFFFFFFFFFFFFFFFFFFFFFFFFFFFFFFFFF AND DUP2 MSTORE PUSH1 0x20 ADD SWAP1 DUP2 MSTORE PUSH1 0x20 ADD PUSH1 0x0 KECCAK256 SLOAD ADD EQ ISZERO ISZERO PUSH2 0x1069 JUMPI INVALID JUMPDEST POP POP POP POP JUMP STOP LOG1 PUSH6 0x627A7A723058 KECCAK256 RETURNDATACOPY 0xd7 SSTORE PUSH3 0xDD4036 0x1e 0xe8 PUSH17 0x14E92E3E99407DA2E1BF5D0185AC3C40C4 SWAP10 0xec 0xed DUP11 0xec STOP 0x29
1,PUSH1 0x60 PUSH1 0x40 MSTORE PUSH1 0x1 PUSH1 0x7 PUSH1 0x2 PUSH2 0x100 EXP DUP2 SLOAD DUP2 PUSH1 0xFF MUL NOT AND SWAP1 DUP4 ISZERO ISZERO MUL OR SWAP1 SSTORE POP PUSH2 0x260 PUSH1 0x13 SSTORE PUSH2 0x2F8 PUSH1 0x14 SSTORE CALLVALUE ISZERO PUSH3 0x37 JUMPI PUSH1 0x0 DUP1 REVERT JUMPDEST PUSH1 0x0 CALLER PUSH1 0x0 DUP1 PUSH2 0x100 EXP DUP2 SLOAD DUP2 PUSH20 0xFFFFFFFFFFFFFFFFFFFFFFFFFFFFFFFFFFFFFFFF MUL NOT AND SWAP1 DUP4 PUSH20 0xFFFFFFFFFFFFFFFFFFFFFFFFFFFFFFFFFFFFFFFF AND MUL OR SWAP1 SSTORE POP PUSH1 0x1 DUP1 PUSH1 0x0 CALLER PUSH20 0xFFFFFFFFFFFFFFFFFFFFFFFFFFFFFFFFFFFFFFFF AND PUSH20 0xFFFFFFFFFFFFFFFFFFFFFFFFFFFFFFFFFFFFFFFF AND DUP2 MSTORE PUSH1 0x20 ADD SWAP1 DUP2 MSTORE PUSH1 0x20 ADD PUSH1 0x0 KECCAK256 PUSH1 0x0 PUSH2 0x100 EXP DUP2 SLOAD DUP2 PUSH1 0xFF MUL NOT AND SWAP1 DUP4 ISZERO ISZERO MUL OR SWAP1 SSTORE POP PUSH11 0x108B2A2C28029094000000 SWAP1 POP DUP1 PUSH1 0x9 PUSH1 0x0 CALLER PUSH20 0xFFFFFFFFFFFFFFFFFFFFFFFFFFFFFFFFFFFFFFFF AND PUSH20 0xFFFFFFFFFFFFFFFFFFFFFFFFFFFFFFFFFFFFFFFF AND DUP2 MSTORE PUSH1 0x20 ADD SWAP1 DUP2 MSTORE PUSH1 0x20 ADD PUSH1 0x0 KECCAK256 DUP2 SWAP1 SSTORE POP DUP1 PUSH1 0x5 DUP2 SWAP1 SSTORE POP PUSH1 0x40 DUP1 MLOAD SWAP1 DUP2 ADD PUSH1 0x40 MSTORE DUP1 PUSH1 0x11 DUP2 MSTORE PUSH1 0x20 ADD PUSH32 0x476F6C642052657761726420546F6B656E000000000000000000000000000000 DUP2 MSTORE POP PUSH1 0x2 SWAP1 DUP1 MLOAD SWAP1 PUSH1 0x20 ADD SWAP1 PUSH3 0x176 SWAP3 SWAP2 SWAP1 PUSH3 0x2DC JUMP JUMPDEST POP PUSH1 0x40 DUP1 MLOAD SWAP1 DUP2 ADD PUSH1 0x40 MSTORE DUP1 PUSH1 0x3 DUP2 MSTORE PUSH1 0x20 ADD PUSH32 0x4752580000000000000000000000000000000000000000000000000000000000 DUP2 MSTORE POP PUSH1 0x3 SWAP1 DUP1 MLOAD SWAP1 PUSH1 0x20 ADD SWAP1 PUSH3 0x1C4 SWAP3 SWAP2 SWAP1 PUSH3 0x2DC JUMP JUMPDEST POP PUSH1 0x12 PUSH1 0x4 PUSH1 0x0 PUSH2 0x100 EXP DUP2 SLOAD DUP2 PUSH1 0xFF MUL NOT AND SWAP1 DUP4 PUSH1 0xFF AND MUL OR SWAP1 SSTORE POP PUSH7 0x38D7EA4C68000 PUSH1 0x6 DUP2 SWAP1 SSTORE POP PUSH1 0x0 PUSH1 0x7 PUSH1 0x0 PUSH2 0x100 EXP DUP2 SLOAD DUP2 PUSH1 0xFF MUL NOT AND SWAP1 DUP4 ISZERO ISZERO MUL OR SWAP1 SSTORE POP PUSH1 0x0 PUSH1 0x7 PUSH1 0x1 PUSH2 0x100 EXP DUP2 SLOAD DUP2 PUSH1 0xFF MUL NOT AND SWAP1 DUP4 ISZERO ISZERO MUL OR SWAP1 SSTORE POP PUSH1 0x1 PUSH1 0x8 PUSH1 0x0 CALLER PUSH20 0xFFFFFFFFFFFFFFFFFFFFFFFFFFFFFFFFFFFFFFFF AND PUSH20 0xFFFFFFFFFFFFFFFFFFFFFFFFFFFFFFFFFFFFFFFF AND DUP2 MSTORE PUSH1 0x20 ADD SWAP1 DUP2 MSTORE PUSH1 0x20 ADD PUSH1 0x0 KECCAK256 PUSH1 0x0 PUSH2 0x100 EXP DUP2 SLOAD DUP2 PUSH1 0xFF MUL NOT AND SWAP1 DUP4 ISZERO ISZERO MUL OR SWAP1 SSTORE POP PUSH1 0x1 PUSH1 0xC PUSH1 0x0 CALLER PUSH20 0xFFFFFFFFFFFFFFFFFFFFFFFFFFFFFFFFFFFFFFFF AND PUSH20 0xFFFFFFFFFFFFFFFFFFFFFFFFFFFFFFFFFFFFFFFF AND DUP2 MSTORE PUSH1 0x20 ADD SWAP1 DUP2 MSTORE PUSH1 0x20 ADD PUSH1 0x0 KECCAK256 PUSH1 0x0 PUSH2 0x100 EXP DUP2 SLOAD DUP2 PUSH1 0xFF MUL NOT AND SWAP1 DUP4 ISZERO ISZERO MUL OR SWAP1 SSTORE POP POP PUSH3 0x38B JUMP JUMPDEST DUP3 DUP1 SLOAD PUSH1 0x1 DUP2 PUSH1 0x1 AND ISZERO PUSH2 0x100 MUL SUB AND PUSH1 0x2 SWAP1 DIV SWAP1 PUSH1 0x0 MSTORE PUSH1 0x20 PUSH1 0x0 KECCAK256 SWAP1 PUSH1 0x1F ADD PUSH1 0x20 SWAP1 DIV DUP2 ADD SWAP3 DUP3 PUSH1 0x1F LT PUSH3 0x31F JUMPI DUP1 MLOAD PUSH1 0xFF NOT AND DUP4 DUP1 ADD OR DUP6 SSTORE PUSH3 0x350 JUMP JUMPDEST DUP3 DUP1 ADD PUSH1 0x1 ADD DUP6 SSTORE DUP3 ISZERO PUSH3 0x350 JUMPI SWAP2 DUP3 ADD JUMPDEST DUP3 DUP2 GT ISZERO PUSH3 0x34F JUMPI DUP3 MLOAD DUP3 SSTORE SWAP2 PUSH1 0x20 ADD SWAP2 SWAP1 PUSH1 0x1 ADD SWAP1 PUSH3 0x332 JUMP JUMPDEST JUMPDEST POP SWAP1 POP PUSH3 0x35F SWAP2 SWAP1 PUSH3 0x363 JUMP JUMPDEST POP SWAP1 JUMP JUMPDEST PUSH3 0x388 SWAP2 SWAP1 JUMPDEST DUP1 DUP3 GT ISZERO PUSH3 0x384 JUMPI PUSH1 0x0 DUP2 PUSH1 0x0 SWAP1 SSTORE POP PUSH1 0x1 ADD PUSH3 0x36A JUMP JUMPDEST POP SWAP1 JUMP JUMPDEST SWAP1 JUMP JUMPDEST PUSH2 0x392C DUP1 PUSH3 0x39B PUSH1 0x0 CODECOPY PUSH1 0x0 RETURN STOP PUSH1 0x60 PUSH1 0x40 MSTORE PUSH1 0x4 CALLDATASIZE LT PUSH2 0x230 JUMPI PUSH1 0x0 CALLDATALOAD PUSH29 0x100000000000000000000000000000000000000000000000000000000 SWAP1 DIV PUSH4 0xFFFFFFFF AND DUP1 PUSH4 0x5FEFDA7 EQ PUSH2 0x232 JUMPI DUP1 PUSH4 0x6FDDE03 EQ PUSH2 0x25E JUMPI DUP1 PUSH4 0x95EA7B3 EQ PUSH2 0x2EC JUMPI DUP1 PUSH4 0x15490EBB EQ PUSH2 0x346 JUMPI DUP1 PUSH4 0x15C32297 EQ PUSH2 0x388 JUMPI DUP1 PUSH4 0x1631EB07 EQ PUSH2 0x3CC JUMPI DUP1 PUSH4 0x18160DDD EQ PUSH2 0x40E JUMPI DUP1 PUSH4 0x23B872DD EQ PUSH2 0x437 JUMPI DUP1 PUSH4 0x313CE567 EQ PUSH2 0x4B0 JUMPI DUP1 PUSH4 0x40A57CB8 EQ PUSH2 0x4DF JUMPI DUP1 PUSH4 0x41282FE0 EQ PUSH2 0x523 JUMPI DUP1 PUSH4 0x42966C68 EQ PUSH2 0x550 JUMPI DUP1 PUSH4 0x429B62E5 EQ PUSH2 0x58B JUMPI DUP1 PUSH4 0x4B0BDDD2 EQ PUSH2 0x5DC JUMPI DUP1 PUSH4 0x4B750334 EQ PUSH2 0x620 JUMPI DUP1 PUSH4 0x559F05DC EQ PUSH2 0x649 JUMPI DUP1 PUSH4 0x5D452201 EQ PUSH2 0x69A JUMPI DUP1 PUSH4 0x5DD4599A EQ PUSH2 0x6C7 JUMPI DUP1 PUSH4 0x63A846F8 EQ PUSH2 0x6F4 JUMPI DUP1 PUSH4 0x6F58659B EQ PUSH2 0x745 JUMPI DUP1 PUSH4 0x70A08231 EQ PUSH2 0x792 JUMPI DUP1 PUSH4 0x79CC6790 EQ PUSH2 0x7DF JUMPI DUP1 PUSH4 0x8620410B EQ PUSH2 0x839 JUMPI DUP1 PUSH4 0x8D60E30B EQ PUSH2 0x862 JUMPI DUP1 PUSH4 0x8D995F94 EQ PUSH2 0x8F2 JUMPI DUP1 PUSH4 0x8DA5CB5B EQ PUSH2 0x934 JUMPI DUP1 PUSH4 0x95D89B41 EQ PUSH2 0x989 JUMPI DUP1 PUSH4 0xA5FB929A EQ PUSH2 0xA17 JUMPI DUP1 PUSH4 0xA6F2AE3A EQ PUSH2 0xA70 JUMPI DUP1 PUSH4 0xA9059CBB EQ PUSH2 0xA8E JUMPI DUP1 PUSH4 0xAAB60EBC EQ PUSH2 0xAD0 JUMPI DUP1 PUSH4 0xB2AA9F0F EQ PUSH2 0xB1D JUMPI DUP1 PUSH4 0xB5A1A64B EQ PUSH2 0xB5F JUMPI DUP1 PUSH4 0xBF120AE5 EQ PUSH2 0xBCB JUMPI DUP1 PUSH4 0xC91D956C EQ PUSH2 0xC0F JUMPI DUP1 PUSH4 0xCAE9CA51 EQ PUSH2 0xC32 JUMPI DUP1 PUSH4 0xCC5CAB33 EQ PUSH2 0xCCF JUMPI DUP1 PUSH4 0xD0516650 EQ PUSH2 0xD57 JUMPI DUP1 PUSH4 0xD15EE9FF EQ PUSH2 0xDA8 JUMPI DUP1 PUSH4 0xD75B363F EQ PUSH2 0xDCD JUMPI DUP1 PUSH4 0xDD62ED3E EQ PUSH2 0xE45 JUMPI DUP1 PUSH4 0xE4849B32 EQ PUSH2 0xEB1 JUMPI DUP1 PUSH4 0xED9BEB05 EQ PUSH2 0xEE8 JUMPI DUP1 PUSH4 0xF2FDE38B EQ PUSH2 0xF0D JUMPI DUP1 PUSH4 0xF3FEF3A3 EQ PUSH2 0xF46 JUMPI DUP1 PUSH4 0xF58D3321 EQ PUSH2 0xF88 JUMPI JUMPDEST STOP JUMPDEST CALLVALUE ISZERO PUSH2 0x23D JUMPI PUSH1 0x0 DUP1 REVERT JUMPDEST PUSH2 0x25C PUSH1 0x4 DUP1 DUP1 CALLDATALOAD SWAP1 PUSH1 0x20 ADD SWAP1 SWAP2 SWAP1 DUP1 CALLDATALOAD SWAP1 PUSH1 0x20 ADD SWAP1 SWAP2 SWAP1 POP POP PUSH2 0xFAD JUMP JUMPDEST STOP JUMPDEST CALLVALUE ISZERO PUSH2 0x269 JUMPI PUSH1 0x0 DUP1 REVERT JUMPDEST PUSH2 0x271 PUSH2 0x101A JUMP JUMPDEST PUSH1 0x40 MLOAD DUP1 DUP1 PUSH1 0x20 ADD DUP3 DUP2 SUB DUP3 MSTORE DUP4 DUP2 DUP2 MLOAD DUP2 MSTORE PUSH1 0x20 ADD SWAP2 POP DUP1 MLOAD SWAP1 PUSH1 0x20 ADD SWAP1 DUP1 DUP4 DUP4 PUSH1 0x0 JUMPDEST DUP4 DUP2 LT ISZERO PUSH2 0x2B1 JUMPI DUP1 DUP3 ADD MLOAD DUP2 DUP5 ADD MSTORE PUSH1 0x20 DUP2 ADD SWAP1 POP PUSH2 0x296 JUMP JUMPDEST POP POP POP POP SWAP1 POP SWAP1 DUP2 ADD SWAP1 PUSH1 0x1F AND DUP1 ISZERO PUSH2 0x2DE JUMPI DUP1 DUP3 SUB DUP1 MLOAD PUSH1 0x1 DUP4 PUSH1 0x20 SUB PUSH2 0x100 EXP SUB NOT AND DUP2 MSTORE PUSH1 0x20 ADD SWAP2 POP JUMPDEST POP SWAP3 POP POP POP PUSH1 0x40 MLOAD DUP1 SWAP2 SUB SWAP1 RETURN JUMPDEST CALLVALUE ISZERO PUSH2 0x2F7 JUMPI PUSH1 0x0 DUP1 REVERT JUMPDEST PUSH2 0x32C PUSH1 0x4 DUP1 DUP1 CALLDATALOAD PUSH20 0xFFFFFFFFFFFFFFFFFFFFFFFFFFFFFFFFFFFFFFFF AND SWAP1 PUSH1 0x20 ADD SWAP1 SWAP2 SWAP1 DUP1 CALLDATALOAD SWAP1 PUSH1 0x20 ADD SWAP1 SWAP2 SWAP1 POP POP PUSH2 0x10B8 JUMP JUMPDEST PUSH1 0x40 MLOAD DUP1 DUP3 ISZERO ISZERO ISZERO ISZERO DUP2 MSTORE PUSH1 0x20 ADD SWAP2 POP POP PUSH1 0x40 MLOAD DUP1 SWAP2 SUB SWAP1 RETURN JUMPDEST CALLVALUE ISZERO PUSH2 0x351 JUMPI PUSH1 0x0 DUP1 REVERT JUMPDEST PUSH2 0x386 PUSH1 0x4 DUP1 DUP1 CALLDATALOAD PUSH20 0xFFFFFFFFFFFFFFFFFFFFFFFFFFFFFFFFFFFFFFFF AND SWAP1 PUSH1 0x20 ADD SWAP1 SWAP2 SWAP1 DUP1 CALLDATALOAD SWAP1 PUSH1 0x20 ADD SWAP1 SWAP2 SWAP1 POP POP PUSH2 0x1145 JUMP JUMPDEST STOP JUMPDEST CALLVALUE ISZERO PUSH2 0x393 JUMPI PUSH1 0x0 DUP1 REVERT JUMPDEST PUSH2 0x3CA PUSH1 0x4 DUP1 DUP1 CALLDATALOAD PUSH20 0xFFFFFFFFFFFFFFFFFFFFFFFFFFFFFFFFFFFFFFFF AND SWAP1 PUSH1 0x20 ADD SWAP1 SWAP2 SWAP1 DUP1 CALLDATALOAD ISZERO ISZERO SWAP1 PUSH1 0x20 ADD SWAP1 SWAP2 SWAP1 POP POP PUSH2 0x144F JUMP JUMPDEST STOP JUMPDEST CALLVALUE ISZERO PUSH2 0x3D7 JUMPI PUSH1 0x0 DUP1 REVERT JUMPDEST PUSH2 0x40C PUSH1 0x4 DUP1 DUP1 CALLDATALOAD PUSH20 0xFFFFFFFFFFFFFFFFFFFFFFFFFFFFFFFFFFFFFFFF AND SWAP1 PUSH1 0x20 ADD SWAP1 SWAP2 SWAP1 DUP1 CALLDATALOAD SWAP1 PUSH1 0x20 ADD SWAP1 SWAP2 SWAP1 POP POP PUSH2 0x1505 JUMP JUMPDEST STOP JUMPDEST CALLVALUE ISZERO PUSH2 0x419 JUMPI PUSH1 0x0 DUP1 REVERT JUMPDEST PUSH2 0x421 PUSH2 0x185B JUMP JUMPDEST PUSH1 0x40 MLOAD DUP1 DUP3 DUP2 MSTORE PUSH1 0x20 ADD SWAP2 POP POP PUSH1 0x40 MLOAD DUP1 SWAP2 SUB SWAP1 RETURN JUMPDEST CALLVALUE ISZERO PUSH2 0x442 JUMPI PUSH1 0x0 DUP1 REVERT JUMPDEST PUSH2 0x496 PUSH1 0x4 DUP1 DUP1 CALLDATALOAD PUSH20 0xFFFFFFFFFFFFFFFFFFFFFFFFFFFFFFFFFFFFFFFF AND SWAP1 PUSH1 0x20 ADD SWAP1 SWAP2 SWAP1 DUP1 CALLDATALOAD PUSH20 0xFFFFFFFFFFFFFFFFFFFFFFFFFFFFFFFFFFFFFFFF AND SWAP1 PUSH1 0x20 ADD SWAP1 SWAP2 SWAP1 DUP1 CALLDATALOAD SWAP1 PUSH1 0x20 ADD SWAP1 SWAP2 SWAP1 POP POP PUSH2 0x1861 JUMP JUMPDEST PUSH1 0x40 MLOAD DUP1 DUP3 ISZERO ISZERO ISZERO ISZERO DUP2 MSTORE PUSH1 0x20 ADD SWAP2 POP POP PUSH1 0x40 MLOAD DUP1 SWAP2 SUB SWAP1 RETURN JUMPDEST CALLVALUE ISZERO PUSH2 0x4BB JUMPI PUSH1 0x0 DUP1 REVERT JUMPDEST PUSH2 0x4C3 PUSH2 0x19E7 JUMP JUMPDEST PUSH1 0x40 MLOAD DUP1 DUP3 PUSH1 0xFF AND PUSH1 0xFF AND DUP2 MSTORE PUSH1 0x20 ADD SWAP2 POP POP PUSH1 0x40 MLOAD DUP1 SWAP2 SUB SWAP1 RETURN JUMPDEST CALLVALUE ISZERO PUSH2 0x4EA JUMPI PUSH1 0x0 DUP1 REVERT JUMPDEST PUSH2 0x521 PUSH1 0x4 DUP1 DUP1 CALLDATALOAD PUSH20 0xFFFFFFFFFFFFFFFFFFFFFFFFFFFFFFFFFFFFFFFF AND SWAP1 PUSH1 0x20 ADD SWAP1 SWAP2 SWAP1 DUP1 CALLDATALOAD ISZERO ISZERO SWAP1 PUSH1 0x20 ADD SWAP1 SWAP2 SWAP1 POP POP PUSH2 0x19FA JUMP JUMPDEST STOP JUMPDEST CALLVALUE ISZERO PUSH2 0x52E JUMPI PUSH1 0x0 DUP1 REVERT JUMPDEST PUSH2 0x536 PUSH2 0x1AB0 JUMP JUMPDEST PUSH1 0x40 MLOAD DUP1 DUP3 ISZERO ISZERO ISZERO ISZERO DUP2 MSTORE PUSH1 0x20 ADD SWAP2 POP POP PUSH1 0x40 MLOAD DUP1 SWAP2 SUB SWAP1 RETURN JUMPDEST CALLVALUE ISZERO PUSH2 0x55B JUMPI PUSH1 0x0 DUP1 REVERT JUMPDEST PUSH2 0x571 PUSH1 0x4 DUP1 DUP1 CALLDATALOAD SWAP1 PUSH1 0x20 ADD SWAP1 SWAP2 SWAP1 POP POP PUSH2 0x1AC3 JUMP JUMPDEST PUSH1 0x40 MLOAD DUP1 DUP3 ISZERO ISZERO ISZERO ISZERO DUP2 MSTORE PUSH1 0x20 ADD SWAP2 POP POP PUSH1 0x40 MLOAD DUP1 SWAP2 SUB SWAP1 RETURN JUMPDEST CALLVALUE ISZERO PUSH2 0x596 JUMPI PUSH1 0x0 DUP1 REVERT JUMPDEST PUSH2 0x5C2 PUSH1 0x4 DUP1 DUP1 CALLDATALOAD PUSH20 0xFFFFFFFFFFFFFFFFFFFFFFFFFFFFFFFFFFFFFFFF AND SWAP1 PUSH1 0x20 ADD SWAP1 SWAP2 SWAP1 POP POP PUSH2 0x1C22 JUMP JUMPDEST PUSH1 0x40 MLOAD DUP1 DUP3 ISZERO ISZERO ISZERO ISZERO DUP2 MSTORE PUSH1 0x20 ADD SWAP2 POP POP PUSH1 0x40 MLOAD DUP1 SWAP2 SUB SWAP1 RETURN JUMPDEST CALLVALUE ISZERO PUSH2 0x5E7 JUMPI PUSH1 0x0 DUP1 REVERT JUMPDEST PUSH2 0x61E PUSH1 0x4 DUP1 DUP1 CALLDATALOAD PUSH20 0xFFFFFFFFFFFFFFFFFFFFFFFFFFFFFFFFFFFFFFFF AND SWAP1 PUSH1 0x20 ADD SWAP1 SWAP2 SWAP1 DUP1 CALLDATALOAD ISZERO ISZERO SWAP1 PUSH1 0x20 ADD SWAP1 SWAP2 SWAP1 POP POP PUSH2 0x1C42 JUMP JUMPDEST STOP JUMPDEST CALLVALUE ISZERO PUSH2 0x62B JUMPI PUSH1 0x0 DUP1 REVERT JUMPDEST PUSH2 0x633 PUSH2 0x1CF8 JUMP JUMPDEST PUSH1 0x40 MLOAD DUP1 DUP3 DUP2 MSTORE PUSH1 0x20 ADD SWAP2 POP POP PUSH1 0x40 MLOAD DUP1 SWAP2 SUB SWAP1 RETURN JUMPDEST CALLVALUE ISZERO PUSH2 0x654 JUMPI PUSH1 0x0 DUP1 REVERT JUMPDEST PUSH2 0x680 PUSH1 0x4 DUP1 DUP1 CALLDATALOAD PUSH20 0xFFFFFFFFFFFFFFFFFFFFFFFFFFFFFFFFFFFFFFFF AND SWAP1 PUSH1 0x20 ADD SWAP1 SWAP2 SWAP1 POP POP PUSH2 0x1CFE JUMP JUMPDEST PUSH1 0x40 MLOAD DUP1 DUP3 ISZERO ISZERO ISZERO ISZERO DUP2 MSTORE PUSH1 0x20 ADD SWAP2 POP POP PUSH1 0x40 MLOAD DUP1 SWAP2 SUB SWAP1 RETURN JUMPDEST CALLVALUE ISZERO PUSH2 0x6A5 JUMPI PUSH1 0x0 DUP1 REVERT JUMPDEST PUSH2 0x6AD PUSH2 0x1D1E JUMP JUMPDEST PUSH1 0x40 MLOAD DUP1 DUP3 ISZERO ISZERO ISZERO ISZERO DUP2 MSTORE PUSH1 0x20 ADD SWAP2 POP POP PUSH1 0x40 MLOAD DUP1 SWAP2 SUB SWAP1 RETURN JUMPDEST CALLVALUE ISZERO PUSH2 0x6D2 JUMPI PUSH1 0x0 DUP1 REVERT JUMPDEST PUSH2 0x6DA PUSH2 0x1D31 JUMP JUMPDEST PUSH1 0x40 MLOAD DUP1 DUP3 ISZERO ISZERO ISZERO ISZERO DUP2 MSTORE PUSH1 0x20 ADD SWAP2 POP POP PUSH1 0x40 MLOAD DUP1 SWAP2 SUB SWAP1 RETURN JUMPDEST CALLVALUE ISZERO PUSH2 0x6FF JUMPI PUSH1 0x0 DUP1 REVERT JUMPDEST PUSH2 0x72B PUSH1 0x4 DUP1 DUP1 CALLDATALOAD PUSH20 0xFFFFFFFFFFFFFFFFFFFFFFFFFFFFFFFFFFFFFFFF AND SWAP1 PUSH1 0x20 ADD SWAP1 SWAP2 SWAP1 POP POP PUSH2 0x1D44 JUMP JUMPDEST PUSH1 0x40 MLOAD DUP1 DUP3 ISZERO ISZERO ISZERO ISZERO DUP2 MSTORE PUSH1 0x20 ADD SWAP2 POP POP PUSH1 0x40 MLOAD DUP1 SWAP2 SUB SWAP1 RETURN JUMPDEST CALLVALUE ISZERO PUSH2 0x750 JUMPI PUSH1 0x0 DUP1 REVERT JUMPDEST PUSH2 0x77C PUSH1 0x4 DUP1 DUP1 CALLDATALOAD PUSH20 0xFFFFFFFFFFFFFFFFFFFFFFFFFFFFFFFFFFFFFFFF AND SWAP1 PUSH1 0x20 ADD SWAP1 SWAP2 SWAP1 POP POP PUSH2 0x1D64 JUMP JUMPDEST PUSH1 0x40 MLOAD DUP1 DUP3 DUP2 MSTORE PUSH1 0x20 ADD SWAP2 POP POP PUSH1 0x40 MLOAD DUP1 SWAP2 SUB SWAP1 RETURN JUMPDEST CALLVALUE ISZERO PUSH2 0x79D JUMPI PUSH1 0x0 DUP1 REVERT JUMPDEST PUSH2 0x7C9 PUSH1 0x4 DUP1 DUP1 CALLDATALOAD PUSH20 0xFFFFFFFFFFFFFFFFFFFFFFFFFFFFFFFFFFFFFFFF AND SWAP1 PUSH1 0x20 ADD SWAP1 SWAP2 SWAP1 POP POP PUSH2 0x1D7C JUMP JUMPDEST PUSH1 0x40 MLOAD DUP1 DUP3 DUP2 MSTORE PUSH1 0x20 ADD SWAP2 POP POP PUSH1 0x40 MLOAD DUP1 SWAP2 SUB SWAP1 RETURN JUMPDEST CALLVALUE ISZERO PUSH2 0x7EA JUMPI PUSH1 0x0 DUP1 REVERT JUMPDEST PUSH2 0x81F PUSH1 0x4 DUP1 DUP1 CALLDATALOAD PUSH20 0xFFFFFFFFFFFFFFFFFFFFFFFFFFFFFFFFFFFFFFFF AND SWAP1 PUSH1 0x20 ADD SWAP1 SWAP2 SWAP1 DUP1 CALLDATALOAD SWAP1 PUSH1 0x20 ADD SWAP1 SWAP2 SWAP1 POP POP PUSH2 0x1D94 JUMP JUMPDEST PUSH1 0x40 MLOAD DUP1 DUP3 ISZERO ISZERO ISZERO ISZERO DUP2 MSTORE PUSH1 0x20 ADD SWAP2 POP POP PUSH1 0x40 MLOAD DUP1 SWAP2 SUB SWAP1 RETURN JUMPDEST CALLVALUE ISZERO PUSH2 0x844 JUMPI PUSH1 0x0 DUP1 REVERT JUMPDEST PUSH2 0x84C PUSH2 0x1FAE JUMP JUMPDEST PUSH1 0x40 MLOAD DUP1 DUP3 DUP2 MSTORE PUSH1 0x20 ADD SWAP2 POP POP PUSH1 0x40 MLOAD DUP1 SWAP2 SUB SWAP1 RETURN JUMPDEST CALLVALUE ISZERO PUSH2 0x86D JUMPI PUSH1 0x0 DUP1 REVERT JUMPDEST PUSH2 0x8F0 PUSH1 0x4 DUP1 DUP1 CALLDATALOAD PUSH20 0xFFFFFFFFFFFFFFFFFFFFFFFFFFFFFFFFFFFFFFFF AND SWAP1 PUSH1 0x20 ADD SWAP1 SWAP2 SWAP1 DUP1 CALLDATALOAD SWAP1 PUSH1 0x20 ADD SWAP1 SWAP2 SWAP1 DUP1 CALLDATALOAD ISZERO ISZERO SWAP1 PUSH1 0x20 ADD SWAP1 SWAP2 SWAP1 DUP1 CALLDATALOAD SWAP1 PUSH1 0x20 ADD SWAP1 DUP3 ADD DUP1 CALLDATALOAD SWAP1 PUSH1 0x20 ADD SWAP1 DUP1 DUP1 PUSH1 0x1F ADD PUSH1 0x20 DUP1 SWAP2 DIV MUL PUSH1 0x20 ADD PUSH1 0x40 MLOAD SWAP1 DUP2 ADD PUSH1 0x40 MSTORE DUP1 SWAP4 SWAP3 SWAP2 SWAP1 DUP2 DUP2 MSTORE PUSH1 0x20 ADD DUP4 DUP4 DUP1 DUP3 DUP5 CALLDATACOPY DUP3 ADD SWAP2 POP POP POP POP POP POP SWAP2 SWAP1 POP POP PUSH2 0x1FB4 JUMP JUMPDEST STOP JUMPDEST CALLVALUE ISZERO PUSH2 0x8FD JUMPI PUSH1 0x0 DUP1 REVERT JUMPDEST PUSH2 0x932 PUSH1 0x4 DUP1 DUP1 CALLDATALOAD PUSH20 0xFFFFFFFFFFFFFFFFFFFFFFFFFFFFFFFFFFFFFFFF AND SWAP1 PUSH1 0x20 ADD SWAP1 SWAP2 SWAP1 DUP1 CALLDATALOAD SWAP1 PUSH1 0x20 ADD SWAP1 SWAP2 SWAP1 POP POP PUSH2 0x270D JUMP JUMPDEST STOP JUMPDEST CALLVALUE ISZERO PUSH2 0x93F JUMPI PUSH1 0x0 DUP1 REVERT JUMPDEST PUSH2 0x947 PUSH2 0x2786 JUMP JUMPDEST PUSH1 0x40 MLOAD DUP1 DUP3 PUSH20 0xFFFFFFFFFFFFFFFFFFFFFFFFFFFFFFFFFFFFFFFF AND PUSH20 0xFFFFFFFFFFFFFFFFFFFFFFFFFFFFFFFFFFFFFFFF AND DUP2 MSTORE PUSH1 0x20 ADD SWAP2 POP POP PUSH1 0x40 MLOAD DUP1 SWAP2 SUB SWAP1 RETURN JUMPDEST CALLVALUE ISZERO PUSH2 0x994 JUMPI PUSH1 0x0 DUP1 REVERT JUMPDEST PUSH2 0x99C PUSH2 0x27AB JUMP JUMPDEST PUSH1 0x40 MLOAD DUP1 DUP1 PUSH1 0x20 ADD DUP3 DUP2 SUB DUP3 MSTORE DUP4 DUP2 DUP2 MLOAD DUP2 MSTORE PUSH1 0x20 ADD SWAP2 POP DUP1 MLOAD SWAP1 PUSH1 0x20 ADD SWAP1 DUP1 DUP4 DUP4 PUSH1 0x0 JUMPDEST DUP4 DUP2 LT ISZERO PUSH2 0x9DC JUMPI DUP1 DUP3 ADD MLOAD DUP2 DUP5 ADD MSTORE PUSH1 0x20 DUP2 ADD SWAP1 POP PUSH2 0x9C1 JUMP JUMPDEST POP POP POP POP SWAP1 POP SWAP1 DUP2 ADD SWAP1 PUSH1 0x1F AND DUP1 ISZERO PUSH2 0xA09 JUMPI DUP1 DUP3 SUB DUP1 MLOAD PUSH1 0x1 DUP4 PUSH1 0x20 SUB PUSH2 0x100 EXP SUB NOT AND DUP2 MSTORE PUSH1 0x20 ADD SWAP2 POP JUMPDEST POP SWAP3 POP POP POP PUSH1 0x40 MLOAD DUP1 SWAP2 SUB SWAP1 RETURN JUMPDEST CALLVALUE ISZERO PUSH2 0xA22 JUMPI PUSH1 0x0 DUP1 REVERT JUMPDEST PUSH2 0xA4E PUSH1 0x4 DUP1 DUP1 CALLDATALOAD PUSH20 0xFFFFFFFFFFFFFFFFFFFFFFFFFFFFFFFFFFFFFFFF AND SWAP1 PUSH1 0x20 ADD SWAP1 SWAP2 SWAP1 POP POP PUSH2 0x2849 JUMP JUMPDEST PUSH1 0x40 MLOAD DUP1 DUP3 PUSH4 0xFFFFFFFF AND PUSH4 0xFFFFFFFF AND DUP2 MSTORE PUSH1 0x20 ADD SWAP2 POP POP PUSH1 0x40 MLOAD DUP1 SWAP2 SUB SWAP1 RETURN JUMPDEST PUSH2 0xA78 PUSH2 0x286C JUMP JUMPDEST PUSH1 0x40 MLOAD DUP1 DUP3 DUP2 MSTORE PUSH1 0x20 ADD SWAP2 POP POP PUSH1 0x40 MLOAD DUP1 SWAP2 SUB SWAP1 RETURN JUMPDEST CALLVALUE ISZERO PUSH2 0xA99 JUMPI PUSH1 0x0 DUP1 REVERT JUMPDEST PUSH2 0xACE PUSH1 0x4 DUP1 DUP1 CALLDATALOAD PUSH20 0xFFFFFFFFFFFFFFFFFFFFFFFFFFFFFFFFFFFFFFFF AND SWAP1 PUSH1 0x20 ADD SWAP1 SWAP2 SWAP1 DUP1 CALLDATALOAD SWAP1 PUSH1 0x20 ADD SWAP1 SWAP2 SWAP1 POP POP PUSH2 0x2A39 JUMP JUMPDEST STOP JUMPDEST CALLVALUE ISZERO PUSH2 0xADB JUMPI PUSH1 0x0 DUP1 REVERT JUMPDEST PUSH2 0xB07 PUSH1 0x4 DUP1 DUP1 CALLDATALOAD PUSH20 0xFFFFFFFFFFFFFFFFFFFFFFFFFFFFFFFFFFFFFFFF AND SWAP1 PUSH1 0x20 ADD SWAP1 SWAP2 SWAP1 POP POP PUSH2 0x2B5C JUMP JUMPDEST PUSH1 0x40 MLOAD DUP1 DUP3 DUP2 MSTORE PUSH1 0x20 ADD SWAP2 POP POP PUSH1 0x40 MLOAD DUP1 SWAP2 SUB SWAP1 RETURN JUMPDEST CALLVALUE ISZERO PUSH2 0xB28 JUMPI PUSH1 0x0 DUP1 REVERT JUMPDEST PUSH2 0xB5D PUSH1 0x4 DUP1 DUP1 CALLDATALOAD PUSH20 0xFFFFFFFFFFFFFFFFFFFFFFFFFFFFFFFFFFFFFFFF AND SWAP1 PUSH1 0x20 ADD SWAP1 SWAP2 SWAP1 DUP1 CALLDATALOAD SWAP1 PUSH1 0x20 ADD SWAP1 SWAP2 SWAP1 POP POP PUSH2 0x2B74 JUMP JUMPDEST STOP JUMPDEST CALLVALUE ISZERO PUSH2 0xB6A JUMPI PUSH1 0x0 DUP1 REVERT JUMPDEST PUSH2 0xBB5 PUSH1 0x4 DUP1 DUP1 CALLDATALOAD PUSH20 0xFFFFFFFFFFFFFFFFFFFFFFFFFFFFFFFFFFFFFFFF AND SWAP1 PUSH1 0x20 ADD SWAP1 SWAP2 SWAP1 DUP1 CALLDATALOAD PUSH20 0xFFFFFFFFFFFFFFFFFFFFFFFFFFFFFFFFFFFFFFFF AND SWAP1 PUSH1 0x20 ADD SWAP1 SWAP2 SWAP1 POP POP PUSH2 0x2D27 JUMP JUMPDEST PUSH1 0x40 MLOAD DUP1 DUP3 DUP2 MSTORE PUSH1 0x20 ADD SWAP2 POP POP PUSH1 0x40 MLOAD DUP1 SWAP2 SUB SWAP1 RETURN JUMPDEST CALLVALUE ISZERO PUSH2 0xBD6 JUMPI PUSH1 0x0 DUP1 REVERT JUMPDEST PUSH2 0xC0D PUSH1 0x4 DUP1 DUP1 CALLDATALOAD PUSH20 0xFFFFFFFFFFFFFFFFFFFFFFFFFFFFFFFFFFFFFFFF AND SWAP1 PUSH1 0x20 ADD SWAP1 SWAP2 SWAP1 DUP1 CALLDATALOAD ISZERO ISZERO SWAP1 PUSH1 0x20 ADD SWAP1 SWAP2 SWAP1 POP POP PUSH2 0x2D4C JUMP JUMPDEST STOP JUMPDEST CALLVALUE ISZERO PUSH2 0xC1A JUMPI PUSH1 0x0 DUP1 REVERT JUMPDEST PUSH2 0xC30 PUSH1 0x4 DUP1 DUP1 CALLDATALOAD SWAP1 PUSH1 0x20 ADD SWAP1 SWAP2 SWAP1 POP POP PUSH2 0x2DDB JUMP JUMPDEST STOP JUMPDEST CALLVALUE ISZERO PUSH2 0xC3D JUMPI PUSH1 0x0 DUP1 REVERT JUMPDEST PUSH2 0xCB5 PUSH1 0x4 DUP1 DUP1 CALLDATALOAD PUSH20 0xFFFFFFFFFFFFFFFFFFFFFFFFFFFFFFFFFFFFFFFF AND SWAP1 PUSH1 0x20 ADD SWAP1 SWAP2 SWAP1 DUP1 CALLDATALOAD SWAP1 PUSH1 0x20 ADD SWAP1 SWAP2 SWAP1 DUP1 CALLDATALOAD SWAP1 PUSH1 0x20 ADD SWAP1 DUP3 ADD DUP1 CALLDATALOAD SWAP1 PUSH1 0x20 ADD SWAP1 DUP1 DUP1 PUSH1 0x1F ADD PUSH1 0x20 DUP1 SWAP2 DIV MUL PUSH1 0x20 ADD PUSH1 0x40 MLOAD SWAP1 DUP2 ADD PUSH1 0x40 MSTORE DUP1 SWAP4 SWAP3 SWAP2 SWAP1 DUP2 DUP2 MSTORE PUSH1 0x20 ADD DUP4 DUP4 DUP1 DUP3 DUP5 CALLDATACOPY DUP3 ADD SWAP2 POP POP POP POP POP POP SWAP2 SWAP1 POP POP PUSH2 0x2E40 JUMP JUMPDEST PUSH1 0x40 MLOAD DUP1 DUP3 ISZERO ISZERO ISZERO ISZERO DUP2 MSTORE PUSH1 0x20 ADD SWAP2 POP POP PUSH1 0x40 MLOAD DUP1 SWAP2 SUB SWAP1 RETURN JUMPDEST CALLVALUE ISZERO PUSH2 0xCDA JUMPI PUSH1 0x0 DUP1 REVERT JUMPDEST PUSH2 0xD15 PUSH1 0x4 DUP1 DUP1 CALLDATALOAD PUSH20 0xFFFFFFFFFFFFFFFFFFFFFFFFFFFFFFFFFFFFFFFF AND SWAP1 PUSH1 0x20 ADD SWAP1 SWAP2 SWAP1 DUP1 CALLDATALOAD PUSH4 0xFFFFFFFF AND SWAP1 PUSH1 0x20 ADD SWAP1 SWAP2 SWAP1 POP POP PUSH2 0x3019 JUMP JUMPDEST PUSH1 0x40 MLOAD DUP1 DUP3 PUSH20 0xFFFFFFFFFFFFFFFFFFFFFFFFFFFFFFFFFFFFFFFF AND PUSH20 0xFFFFFFFFFFFFFFFFFFFFFFFFFFFFFFFFFFFFFFFF AND DUP2 MSTORE PUSH1 0x20 ADD SWAP2 POP POP PUSH1 0x40 MLOAD DUP1 SWAP2 SUB SWAP1 RETURN JUMPDEST CALLVALUE ISZERO PUSH2 0xD62 JUMPI PUSH1 0x0 DUP1 REVERT JUMPDEST PUSH2 0xD8E PUSH1 0x4 DUP1 DUP1 CALLDATALOAD PUSH20 0xFFFFFFFFFFFFFFFFFFFFFFFFFFFFFFFFFFFFFFFF AND SWAP1 PUSH1 0x20 ADD SWAP1 SWAP2 SWAP1 POP POP PUSH2 0x305B JUMP JUMPDEST PUSH1 0x40 MLOAD DUP1 DUP3 ISZERO ISZERO ISZERO ISZERO DUP2 MSTORE PUSH1 0x20 ADD SWAP2 POP POP PUSH1 0x40 MLOAD DUP1 SWAP2 SUB SWAP1 RETURN JUMPDEST CALLVALUE ISZERO PUSH2 0xDB3 JUMPI PUSH1 0x0 DUP1 REVERT JUMPDEST PUSH2 0xDCB PUSH1 0x4 DUP1 DUP1 CALLDATALOAD ISZERO ISZERO SWAP1 PUSH1 0x20 ADD SWAP1 SWAP2 SWAP1 POP POP PUSH2 0x307B JUMP JUMPDEST STOP JUMPDEST CALLVALUE ISZERO PUSH2 0xDD8 JUMPI PUSH1 0x0 DUP1 REVERT JUMPDEST PUSH2 0xE23 PUSH1 0x4 DUP1 DUP1 CALLDATALOAD PUSH20 0xFFFFFFFFFFFFFFFFFFFFFFFFFFFFFFFFFFFFFFFF AND SWAP1 PUSH1 0x20 ADD SWAP1 SWAP2 SWAP1 DUP1 CALLDATALOAD PUSH20 0xFFFFFFFFFFFFFFFFFFFFFFFFFFFFFFFFFFFFFFFF AND SWAP1 PUSH1 0x20 ADD SWAP1 SWAP2 SWAP1 POP POP PUSH2 0x30F3 JUMP JUMPDEST PUSH1 0x40 MLOAD DUP1 DUP3 PUSH4 0xFFFFFFFF AND PUSH4 0xFFFFFFFF AND DUP2 MSTORE PUSH1 0x20 ADD SWAP2 POP POP PUSH1 0x40 MLOAD DUP1 SWAP2 SUB SWAP1 RETURN JUMPDEST CALLVALUE ISZERO PUSH2 0xE50 JUMPI PUSH1 0x0 DUP1 REVERT JUMPDEST PUSH2 0xE9B PUSH1 0x4 DUP1 DUP1 CALLDATALOAD PUSH20 0xFFFFFFFFFFFFFFFFFFFFFFFFFFFFFFFFFFFFFFFF AND SWAP1 PUSH1 0x20 ADD SWAP1 SWAP2 SWAP1 DUP1 CALLDATALOAD PUSH20 0xFFFFFFFFFFFFFFFFFFFFFFFFFFFFFFFFFFFFFFFF AND SWAP1 PUSH1 0x20 ADD SWAP1 SWAP2 SWAP1 POP POP PUSH2 0x3125 JUMP JUMPDEST PUSH1 0x40 MLOAD DUP1 DUP3 DUP2 MSTORE PUSH1 0x20 ADD SWAP2 POP POP PUSH1 0x40 MLOAD DUP1 SWAP2 SUB SWAP1 RETURN JUMPDEST CALLVALUE ISZERO PUSH2 0xEBC JUMPI PUSH1 0x0 DUP1 REVERT JUMPDEST PUSH2 0xED2 PUSH1 0x4 DUP1 DUP1 CALLDATALOAD SWAP1 PUSH1 0x20 ADD SWAP1 SWAP2 SWAP1 POP POP PUSH2 0x314A JUMP JUMPDEST PUSH1 0x40 MLOAD DUP1 DUP3 DUP2 MSTORE PUSH1 0x20 ADD SWAP2 POP POP PUSH1 0x40 MLOAD DUP1 SWAP2 SUB SWAP1 RETURN JUMPDEST CALLVALUE ISZERO PUSH2 0xEF3 JUMPI PUSH1 0x0 DUP1 REVERT JUMPDEST PUSH2 0xF0B PUSH1 0x4 DUP1 DUP1 CALLDATALOAD ISZERO ISZERO SWAP1 PUSH1 0x20 ADD SWAP1 SWAP2 SWAP1 POP POP PUSH2 0x33D4 JUMP JUMPDEST STOP JUMPDEST CALLVALUE ISZERO PUSH2 0xF18 JUMPI PUSH1 0x0 DUP1 REVERT JUMPDEST PUSH2 0xF44 PUSH1 0x4 DUP1 DUP1 CALLDATALOAD PUSH20 0xFFFFFFFFFFFFFFFFFFFFFFFFFFFFFFFFFFFFFFFF AND SWAP1 PUSH1 0x20 ADD SWAP1 SWAP2 SWAP1 POP POP PUSH2 0x344C JUMP JUMPDEST STOP JUMPDEST CALLVALUE ISZERO PUSH2 0xF51 JUMPI PUSH1 0x0 DUP1 REVERT JUMPDEST PUSH2 0xF86 PUSH1 0x4 DUP1 DUP1 CALLDATALOAD PUSH20 0xFFFFFFFFFFFFFFFFFFFFFFFFFFFFFFFFFFFFFFFF AND SWAP1 PUSH1 0x20 ADD SWAP1 SWAP2 SWAP1 DUP1 CALLDATALOAD SWAP1 PUSH1 0x20 ADD SWAP1 SWAP2 SWAP1 POP POP PUSH2 0x34EA JUMP JUMPDEST STOP JUMPDEST CALLVALUE ISZERO PUSH2 0xF93 JUMPI PUSH1 0x0 DUP1 REVERT JUMPDEST PUSH2 0xFAB PUSH1 0x4 DUP1 DUP1 CALLDATALOAD ISZERO ISZERO SWAP1 PUSH1 0x20 ADD SWAP1 SWAP2 SWAP1 POP POP PUSH2 0x35D7 JUMP JUMPDEST STOP JUMPDEST PUSH1 0x0 DUP1 SWAP1 SLOAD SWAP1 PUSH2 0x100 EXP SWAP1 DIV PUSH20 0xFFFFFFFFFFFFFFFFFFFFFFFFFFFFFFFFFFFFFFFF AND PUSH20 0xFFFFFFFFFFFFFFFFFFFFFFFFFFFFFFFFFFFFFFFF AND CALLER PUSH20 0xFFFFFFFFFFFFFFFFFFFFFFFFFFFFFFFFFFFFFFFF AND EQ ISZERO ISZERO PUSH2 0x1008 JUMPI PUSH1 0x0 DUP1 REVERT JUMPDEST DUP2 PUSH1 0x13 DUP2 SWAP1 SSTORE POP DUP1 PUSH1 0x14 DUP2 SWAP1 SSTORE POP POP POP JUMP JUMPDEST PUSH1 0x2 DUP1 SLOAD PUSH1 0x1 DUP2 PUSH1 0x1 AND ISZERO PUSH2 0x100 MUL SUB AND PUSH1 0x2 SWAP1 DIV DUP1 PUSH1 0x1F ADD PUSH1 0x20 DUP1 SWAP2 DIV MUL PUSH1 0x20 ADD PUSH1 0x40 MLOAD SWAP1 DUP2 ADD PUSH1 0x40 MSTORE DUP1 SWAP3 SWAP2 SWAP1 DUP2 DUP2 MSTORE PUSH1 0x20 ADD DUP3 DUP1 SLOAD PUSH1 0x1 DUP2 PUSH1 0x1 AND ISZERO PUSH2 0x100 MUL SUB AND PUSH1 0x2 SWAP1 DIV DUP1 ISZERO PUSH2 0x10B0 JUMPI DUP1 PUSH1 0x1F LT PUSH2 0x1085 JUMPI PUSH2 0x100 DUP1 DUP4 SLOAD DIV MUL DUP4 MSTORE SWAP2 PUSH1 0x20 ADD SWAP2 PUSH2 0x10B0 JUMP JUMPDEST DUP3 ADD SWAP2 SWAP1 PUSH1 0x0 MSTORE PUSH1 0x20 PUSH1 0x0 KECCAK256 SWAP1 JUMPDEST DUP2 SLOAD DUP2 MSTORE SWAP1 PUSH1 0x1 ADD SWAP1 PUSH1 0x20 ADD DUP1 DUP4 GT PUSH2 0x1093 JUMPI DUP3 SWAP1 SUB PUSH1 0x1F AND DUP3 ADD SWAP2 JUMPDEST POP POP POP POP POP DUP2 JUMP JUMPDEST PUSH1 0x0 DUP2 PUSH1 0xA PUSH1 0x0 CALLER PUSH20 0xFFFFFFFFFFFFFFFFFFFFFFFFFFFFFFFFFFFFFFFF AND PUSH20 0xFFFFFFFFFFFFFFFFFFFFFFFFFFFFFFFFFFFFFFFF AND DUP2 MSTORE PUSH1 0x20 ADD SWAP1 DUP2 MSTORE PUSH1 0x20 ADD PUSH1 0x0 KECCAK256 PUSH1 0x0 DUP6 PUSH20 0xFFFFFFFFFFFFFFFFFFFFFFFFFFFFFFFFFFFFFFFF AND PUSH20 0xFFFFFFFFFFFFFFFFFFFFFFFFFFFFFFFFFFFFFFFF AND DUP2 MSTORE PUSH1 0x20 ADD SWAP1 DUP2 MSTORE PUSH1 0x20 ADD PUSH1 0x0 KECCAK256 DUP2 SWAP1 SSTORE POP PUSH1 0x1 SWAP1 POP SWAP3 SWAP2 POP POP JUMP JUMPDEST PUSH1 0xB PUSH1 0x0 CALLER PUSH20 0xFFFFFFFFFFFFFFFFFFFFFFFFFFFFFFFFFFFFFFFF AND PUSH20 0xFFFFFFFFFFFFFFFFFFFFFFFFFFFFFFFFFFFFFFFF AND DUP2 MSTORE PUSH1 0x20 ADD SWAP1 DUP2 MSTORE PUSH1 0x20 ADD PUSH1 0x0 KECCAK256 PUSH1 0x0 SWAP1 SLOAD SWAP1 PUSH2 0x100 EXP SWAP1 DIV PUSH1 0xFF AND ISZERO ISZERO ISZERO PUSH2 0x119E JUMPI PUSH1 0x0 DUP1 REVERT JUMPDEST DUP1 PUSH1 0xE PUSH1 0x0 CALLER PUSH20 0xFFFFFFFFFFFFFFFFFFFFFFFFFFFFFFFFFFFFFFFF AND PUSH20 0xFFFFFFFFFFFFFFFFFFFFFFFFFFFFFFFFFFFFFFFF AND DUP2 MSTORE PUSH1 0x20 ADD SWAP1 DUP2 MSTORE PUSH1 0x20 ADD PUSH1 0x0 KECCAK256 PUSH1 0x0 DUP5 PUSH20 0xFFFFFFFFFFFFFFFFFFFFFFFFFFFFFFFFFFFFFFFF AND PUSH20 0xFFFFFFFFFFFFFFFFFFFFFFFFFFFFFFFFFFFFFFFF AND DUP2 MSTORE PUSH1 0x20 ADD SWAP1 DUP2 MSTORE PUSH1 0x20 ADD PUSH1 0x0 KECCAK256 SLOAD LT ISZERO ISZERO ISZERO PUSH2 0x1229 JUMPI PUSH1 0x0 DUP1 REVERT JUMPDEST DUP1 PUSH1 0xD PUSH1 0x0 CALLER PUSH20 0xFFFFFFFFFFFFFFFFFFFFFFFFFFFFFFFFFFFFFFFF AND PUSH20 0xFFFFFFFFFFFFFFFFFFFFFFFFFFFFFFFFFFFFFFFF AND DUP2 MSTORE PUSH1 0x20 ADD SWAP1 DUP2 MSTORE PUSH1 0x20 ADD PUSH1 0x0 KECCAK256 SLOAD LT ISZERO ISZERO ISZERO PUSH2 0x1277 JUMPI PUSH1 0x0 DUP1 REVERT JUMPDEST PUSH1 0x6 SLOAD CALLER PUSH20 0xFFFFFFFFFFFFFFFFFFFFFFFFFFFFFFFFFFFFFFFF AND BALANCE LT ISZERO PUSH2 0x12C2 JUMPI PUSH2 0x12C0 PUSH1 0x13 SLOAD CALLER PUSH20 0xFFFFFFFFFFFFFFFFFFFFFFFFFFFFFFFFFFFFFFFF AND BALANCE PUSH1 0x6 SLOAD SUB MUL PUSH2 0x314A JUMP JUMPDEST POP JUMPDEST DUP1 PUSH1 0xD PUSH1 0x0 CALLER PUSH20 0xFFFFFFFFFFFFFFFFFFFFFFFFFFFFFFFFFFFFFFFF AND PUSH20 0xFFFFFFFFFFFFFFFFFFFFFFFFFFFFFFFFFFFFFFFF AND DUP2 MSTORE PUSH1 0x20 ADD SWAP1 DUP2 MSTORE PUSH1 0x20 ADD PUSH1 0x0 KECCAK256 PUSH1 0x0 DUP3 DUP3 SLOAD SUB SWAP3 POP POP DUP2 SWAP1 SSTORE POP DUP1 PUSH1 0xE PUSH1 0x0 CALLER PUSH20 0xFFFFFFFFFFFFFFFFFFFFFFFFFFFFFFFFFFFFFFFF AND PUSH20 0xFFFFFFFFFFFFFFFFFFFFFFFFFFFFFFFFFFFFFFFF AND DUP2 MSTORE PUSH1 0x20 ADD SWAP1 DUP2 MSTORE PUSH1 0x20 ADD PUSH1 0x0 KECCAK256 PUSH1 0x0 DUP5 PUSH20 0xFFFFFFFFFFFFFFFFFFFFFFFFFFFFFFFFFFFFFFFF AND PUSH20 0xFFFFFFFFFFFFFFFFFFFFFFFFFFFFFFFFFFFFFFFF AND DUP2 MSTORE PUSH1 0x20 ADD SWAP1 DUP2 MSTORE PUSH1 0x20 ADD PUSH1 0x0 KECCAK256 PUSH1 0x0 DUP3 DUP3 SLOAD SUB SWAP3 POP POP DUP2 SWAP1 SSTORE POP DUP1 PUSH1 0x9 PUSH1 0x0 DUP5 PUSH20 0xFFFFFFFFFFFFFFFFFFFFFFFFFFFFFFFFFFFFFFFF AND PUSH20 0xFFFFFFFFFFFFFFFFFFFFFFFFFFFFFFFFFFFFFFFF AND DUP2 MSTORE PUSH1 0x20 ADD SWAP1 DUP2 MSTORE PUSH1 0x20 ADD PUSH1 0x0 KECCAK256 PUSH1 0x0 DUP3 DUP3 SLOAD ADD SWAP3 POP POP DUP2 SWAP1 SSTORE POP DUP2 PUSH20 0xFFFFFFFFFFFFFFFFFFFFFFFFFFFFFFFFFFFFFFFF AND CALLER PUSH20 0xFFFFFFFFFFFFFFFFFFFFFFFFFFFFFFFFFFFFFFFF AND PUSH32 0xDDF252AD1BE2C89B69C2B068FC378DAA952BA7F163C4A11628F55A4DF523B3EF DUP4 PUSH1 0x40 MLOAD DUP1 DUP3 DUP2 MSTORE PUSH1 0x20 ADD SWAP2 POP POP PUSH1 0x40 MLOAD DUP1 SWAP2 SUB SWAP1 LOG3 POP POP JUMP JUMPDEST PUSH1 0x0 DUP1 SWAP1 SLOAD SWAP1 PUSH2 0x100 EXP SWAP1 DIV PUSH20 0xFFFFFFFFFFFFFFFFFFFFFFFFFFFFFFFFFFFFFFFF AND PUSH20 0xFFFFFFFFFFFFFFFFFFFFFFFFFFFFFFFFFFFFFFFF AND CALLER PUSH20 0xFFFFFFFFFFFFFFFFFFFFFFFFFFFFFFFFFFFFFFFF AND EQ ISZERO ISZERO PUSH2 0x14AA JUMPI PUSH1 0x0 DUP1 REVERT JUMPDEST DUP1 PUSH1 0xC PUSH1 0x0 DUP5 PUSH20 0xFFFFFFFFFFFFFFFFFFFFFFFFFFFFFFFFFFFFFFFF AND PUSH20 0xFFFFFFFFFFFFFFFFFFFFFFFFFFFFFFFFFFFFFFFF AND DUP2 MSTORE PUSH1 0x20 ADD SWAP1 DUP2 MSTORE PUSH1 0x20 ADD PUSH1 0x0 KECCAK256 PUSH1 0x0 PUSH2 0x100 EXP DUP2 SLOAD DUP2 PUSH1 0xFF MUL NOT AND SWAP1 DUP4 ISZERO ISZERO MUL OR SWAP1 SSTORE POP POP POP JUMP JUMPDEST DUP1 PUSH1 0xD PUSH1 0x0 DUP5 PUSH20 0xFFFFFFFFFFFFFFFFFFFFFFFFFFFFFFFFFFFFFFFF AND PUSH20 0xFFFFFFFFFFFFFFFFFFFFFFFFFFFFFFFFFFFFFFFF AND DUP2 MSTORE PUSH1 0x20 ADD SWAP1 DUP2 MSTORE PUSH1 0x20 ADD PUSH1 0x0 KECCAK256 SLOAD GT ISZERO ISZERO PUSH2 0x1552 JUMPI PUSH1 0x0 DUP1 REVERT JUMPDEST DUP1 PUSH1 0xE PUSH1 0x0 DUP5 PUSH20 0xFFFFFFFFFFFFFFFFFFFFFFFFFFFFFFFFFFFFFFFF AND PUSH20 0xFFFFFFFFFFFFFFFFFFFFFFFFFFFFFFFFFFFFFFFF AND DUP2 MSTORE PUSH1 0x20 ADD SWAP1 DUP2 MSTORE PUSH1 0x20 ADD PUSH1 0x0 KECCAK256 PUSH1 0x0 CALLER PUSH20 0xFFFFFFFFFFFFFFFFFFFFFFFFFFFFFFFFFFFFFFFF AND PUSH20 0xFFFFFFFFFFFFFFFFFFFFFFFFFFFFFFFFFFFFFFFF AND DUP2 MSTORE PUSH1 0x20 ADD SWAP1 DUP2 MSTORE PUSH1 0x20 ADD PUSH1 0x0 KECCAK256 SLOAD LT ISZERO ISZERO ISZERO PUSH2 0x15DD JUMPI PUSH1 0x0 DUP1 REVERT JUMPDEST PUSH1 0x0 DUP2 EQ ISZERO PUSH2 0x1666 JUMPI PUSH1 0xE PUSH1 0x0 DUP4 PUSH20 0xFFFFFFFFFFFFFFFFFFFFFFFFFFFFFFFFFFFFFFFF AND PUSH20 0xFFFFFFFFFFFFFFFFFFFFFFFFFFFFFFFFFFFFFFFF AND DUP2 MSTORE PUSH1 0x20 ADD SWAP1 DUP2 MSTORE PUSH1 0x20 ADD PUSH1 0x0 KECCAK256 PUSH1 0x0 CALLER PUSH20 0xFFFFFFFFFFFFFFFFFFFFFFFFFFFFFFFFFFFFFFFF AND PUSH20 0xFFFFFFFFFFFFFFFFFFFFFFFFFFFFFFFFFFFFFFFF AND DUP2 MSTORE PUSH1 0x20 ADD SWAP1 DUP2 MSTORE PUSH1 0x20 ADD PUSH1 0x0 KECCAK256 SLOAD SWAP1 POP JUMPDEST PUSH1 0x6 SLOAD CALLER PUSH20 0xFFFFFFFFFFFFFFFFFFFFFFFFFFFFFFFFFFFFFFFF AND BALANCE LT ISZERO PUSH2 0x16B1 JUMPI PUSH2 0x16AF PUSH1 0x13 SLOAD CALLER PUSH20 0xFFFFFFFFFFFFFFFFFFFFFFFFFFFFFFFFFFFFFFFF AND BALANCE PUSH1 0x6 SLOAD SUB MUL PUSH2 0x314A JUMP JUMPDEST POP JUMPDEST DUP1 PUSH1 0xD PUSH1 0x0 DUP5 PUSH20 0xFFFFFFFFFFFFFFFFFFFFFFFFFFFFFFFFFFFFFFFF AND PUSH20 0xFFFFFFFFFFFFFFFFFFFFFFFFFFFFFFFFFFFFFFFF AND DUP2 MSTORE PUSH1 0x20 ADD SWAP1 DUP2 MSTORE PUSH1 0x20 ADD PUSH1 0x0 KECCAK256 PUSH1 0x0 DUP3 DUP3 SLOAD SUB SWAP3 POP POP DUP2 SWAP1 SSTORE POP DUP1 PUSH1 0xE PUSH1 0x0 DUP5 PUSH20 0xFFFFFFFFFFFFFFFFFFFFFFFFFFFFFFFFFFFFFFFF AND PUSH20 0xFFFFFFFFFFFFFFFFFFFFFFFFFFFFFFFFFFFFFFFF AND DUP2 MSTORE PUSH1 0x20 ADD SWAP1 DUP2 MSTORE PUSH1 0x20 ADD PUSH1 0x0 KECCAK256 PUSH1 0x0 CALLER PUSH20 0xFFFFFFFFFFFFFFFFFFFFFFFFFFFFFFFFFFFFFFFF AND PUSH20 0xFFFFFFFFFFFFFFFFFFFFFFFFFFFFFFFFFFFFFFFF AND DUP2 MSTORE PUSH1 0x20 ADD SWAP1 DUP2 MSTORE PUSH1 0x20 ADD PUSH1 0x0 KECCAK256 PUSH1 0x0 DUP3 DUP3 SLOAD SUB SWAP3 POP POP DUP2 SWAP1 SSTORE POP DUP1 PUSH1 0x9 PUSH1 0x0 DUP5 PUSH20 0xFFFFFFFFFFFFFFFFFFFFFFFFFFFFFFFFFFFFFFFF AND PUSH20 0xFFFFFFFFFFFFFFFFFFFFFFFFFFFFFFFFFFFFFFFF AND DUP2 MSTORE PUSH1 0x20 ADD SWAP1 DUP2 MSTORE PUSH1 0x20 ADD PUSH1 0x0 KECCAK256 PUSH1 0x0 DUP3 DUP3 SLOAD ADD SWAP3 POP POP DUP2 SWAP1 SSTORE POP DUP2 PUSH20 0xFFFFFFFFFFFFFFFFFFFFFFFFFFFFFFFFFFFFFFFF AND PUSH32 0xC1C90B8E0705B212262C0DBD7580EFE1862C2F185BF96899226F7596BEB2DB09 CALLER DUP4 PUSH1 0x40 MLOAD DUP1 DUP4 PUSH20 0xFFFFFFFFFFFFFFFFFFFFFFFFFFFFFFFFFFFFFFFF AND PUSH20 0xFFFFFFFFFFFFFFFFFFFFFFFFFFFFFFFFFFFFFFFF AND DUP2 MSTORE PUSH1 0x20 ADD DUP3 DUP2 MSTORE PUSH1 0x20 ADD SWAP3 POP POP POP PUSH1 0x40 MLOAD DUP1 SWAP2 SUB SWAP1 LOG2 POP POP JUMP JUMPDEST PUSH1 0x5 SLOAD DUP2 JUMP JUMPDEST PUSH1 0x0 PUSH1 0xB PUSH1 0x0 DUP6 PUSH20 0xFFFFFFFFFFFFFFFFFFFFFFFFFFFFFFFFFFFFFFFF AND PUSH20 0xFFFFFFFFFFFFFFFFFFFFFFFFFFFFFFFFFFFFFFFF AND DUP2 MSTORE PUSH1 0x20 ADD SWAP1 DUP2 MSTORE PUSH1 0x20 ADD PUSH1 0x0 KECCAK256 PUSH1 0x0 SWAP1 SLOAD SWAP1 PUSH2 0x100 EXP SWAP1 DIV PUSH1 0xFF AND ISZERO ISZERO ISZERO PUSH2 0x18BC JUMPI PUSH1 0x0 DUP1 REVERT JUMPDEST PUSH1 0xA PUSH1 0x0 DUP6 PUSH20 0xFFFFFFFFFFFFFFFFFFFFFFFFFFFFFFFFFFFFFFFF AND PUSH20 0xFFFFFFFFFFFFFFFFFFFFFFFFFFFFFFFFFFFFFFFF AND DUP2 MSTORE PUSH1 0x20 ADD SWAP1 DUP2 MSTORE PUSH1 0x20 ADD PUSH1 0x0 KECCAK256 PUSH1 0x0 CALLER PUSH20 0xFFFFFFFFFFFFFFFFFFFFFFFFFFFFFFFFFFFFFFFF AND PUSH20 0xFFFFFFFFFFFFFFFFFFFFFFFFFFFFFFFFFFFFFFFF AND DUP2 MSTORE PUSH1 0x20 ADD SWAP1 DUP2 MSTORE PUSH1 0x20 ADD PUSH1 0x0 KECCAK256 SLOAD DUP3 GT ISZERO ISZERO ISZERO PUSH2 0x1947 JUMPI PUSH1 0x0 DUP1 REVERT JUMPDEST DUP2 PUSH1 0xA PUSH1 0x0 DUP7 PUSH20 0xFFFFFFFFFFFFFFFFFFFFFFFFFFFFFFFFFFFFFFFF AND PUSH20 0xFFFFFFFFFFFFFFFFFFFFFFFFFFFFFFFFFFFFFFFF AND DUP2 MSTORE PUSH1 0x20 ADD SWAP1 DUP2 MSTORE PUSH1 0x20 ADD PUSH1 0x0 KECCAK256 PUSH1 0x0 CALLER PUSH20 0xFFFFFFFFFFFFFFFFFFFFFFFFFFFFFFFFFFFFFFFF AND PUSH20 0xFFFFFFFFFFFFFFFFFFFFFFFFFFFFFFFFFFFFFFFF AND DUP2 MSTORE PUSH1 0x20 ADD SWAP1 DUP2 MSTORE PUSH1 0x20 ADD PUSH1 0x0 KECCAK256 PUSH1 0x0 DUP3 DUP3 SLOAD SUB SWAP3 POP POP DUP2 SWAP1 SSTORE POP PUSH2 0x19DC DUP5 DUP5 DUP5 PUSH2 0x35F4 JUMP JUMPDEST PUSH1 0x1 SWAP1 POP SWAP4 SWAP3 POP POP POP JUMP JUMPDEST PUSH1 0x4 PUSH1 0x0 SWAP1 SLOAD SWAP1 PUSH2 0x100 EXP SWAP1 DIV PUSH1 0xFF AND DUP2 JUMP JUMPDEST PUSH1 0x0 DUP1 SWAP1 SLOAD SWAP1 PUSH2 0x100 EXP SWAP1 DIV PUSH20 0xFFFFFFFFFFFFFFFFFFFFFFFFFFFFFFFFFFFFFFFF AND PUSH20 0xFFFFFFFFFFFFFFFFFFFFFFFFFFFFFFFFFFFFFFFF AND CALLER PUSH20 0xFFFFFFFFFFFFFFFFFFFFFFFFFFFFFFFFFFFFFFFF AND EQ ISZERO ISZERO PUSH2 0x1A55 JUMPI PUSH1 0x0 DUP1 REVERT JUMPDEST DUP1 PUSH1 0x1 PUSH1 0x0 DUP5 PUSH20 0xFFFFFFFFFFFFFFFFFFFFFFFFFFFFFFFFFFFFFFFF AND PUSH20 0xFFFFFFFFFFFFFFFFFFFFFFFFFFFFFFFFFFFFFFFF AND DUP2 MSTORE PUSH1 0x20 ADD SWAP1 DUP2 MSTORE PUSH1 0x20 ADD PUSH1 0x0 KECCAK256 PUSH1 0x0 PUSH2 0x100 EXP DUP2 SLOAD DUP2 PUSH1 0xFF MUL NOT AND SWAP1 DUP4 ISZERO ISZERO MUL OR SWAP1 SSTORE POP POP POP JUMP JUMPDEST PUSH1 0x7 PUSH1 0x1 SWAP1 SLOAD SWAP1 PUSH2 0x100 EXP SWAP1 DIV PUSH1 0xFF AND DUP2 JUMP JUMPDEST PUSH1 0x0 DUP1 PUSH1 0x0 SWAP1 SLOAD SWAP1 PUSH2 0x100 EXP SWAP1 DIV PUSH20 0xFFFFFFFFFFFFFFFFFFFFFFFFFFFFFFFFFFFFFFFF AND PUSH20 0xFFFFFFFFFFFFFFFFFFFFFFFFFFFFFFFFFFFFFFFF AND CALLER PUSH20 0xFFFFFFFFFFFFFFFFFFFFFFFFFFFFFFFFFFFFFFFF AND EQ ISZERO ISZERO PUSH2 0x1B20 JUMPI PUSH1 0x0 DUP1 REVERT JUMPDEST DUP2 PUSH1 0x9 PUSH1 0x0 CALLER PUSH20 0xFFFFFFFFFFFFFFFFFFFFFFFFFFFFFFFFFFFFFFFF AND PUSH20 0xFFFFFFFFFFFFFFFFFFFFFFFFFFFFFFFFFFFFFFFF AND DUP2 MSTORE PUSH1 0x20 ADD SWAP1 DUP2 MSTORE PUSH1 0x20 ADD PUSH1 0x0 KECCAK256 SLOAD LT ISZERO ISZERO ISZERO PUSH2 0x1B6E JUMPI PUSH1 0x0 DUP1 REVERT JUMPDEST DUP2 PUSH1 0x9 PUSH1 0x0 CALLER PUSH20 0xFFFFFFFFFFFFFFFFFFFFFFFFFFFFFFFFFFFFFFFF AND PUSH20 0xFFFFFFFFFFFFFFFFFFFFFFFFFFFFFFFFFFFFFFFF AND DUP2 MSTORE PUSH1 0x20 ADD SWAP1 DUP2 MSTORE PUSH1 0x20 ADD PUSH1 0x0 KECCAK256 PUSH1 0x0 DUP3 DUP3 SLOAD SUB SWAP3 POP POP DUP2 SWAP1 SSTORE POP DUP2 PUSH1 0x5 PUSH1 0x0 DUP3 DUP3 SLOAD SUB SWAP3 POP POP DUP2 SWAP1 SSTORE POP CALLER PUSH20 0xFFFFFFFFFFFFFFFFFFFFFFFFFFFFFFFFFFFFFFFF AND PUSH32 0xCC16F5DBB4873280815C1EE09DBD06736CFFCC184412CF7A71A0FDB75D397CA5 DUP4 PUSH1 0x40 MLOAD DUP1 DUP3 DUP2 MSTORE PUSH1 0x20 ADD SWAP2 POP POP PUSH1 0x40 MLOAD DUP1 SWAP2 SUB SWAP1 LOG2 PUSH1 0x1 SWAP1 POP SWAP2 SWAP1 POP JUMP JUMPDEST PUSH1 0x1 PUSH1 0x20 MSTORE DUP1 PUSH1 0x0 MSTORE PUSH1 0x40 PUSH1 0x0 KECCAK256 PUSH1 0x0 SWAP2 POP SLOAD SWAP1 PUSH2 0x100 EXP SWAP1 DIV PUSH1 0xFF AND DUP2 JUMP JUMPDEST PUSH1 0x0 DUP1 SWAP1 SLOAD SWAP1 PUSH2 0x100 EXP SWAP1 DIV PUSH20 0xFFFFFFFFFFFFFFFFFFFFFFFFFFFFFFFFFFFFFFFF AND PUSH20 0xFFFFFFFFFFFFFFFFFFFFFFFFFFFFFFFFFFFFFFFF AND CALLER PUSH20 0xFFFFFFFFFFFFFFFFFFFFFFFFFFFFFFFFFFFFFFFF AND EQ ISZERO ISZERO PUSH2 0x1C9D JUMPI PUSH1 0x0 DUP1 REVERT JUMPDEST DUP1 PUSH1 0x8 PUSH1 0x0 DUP5 PUSH20 0xFFFFFFFFFFFFFFFFFFFFFFFFFFFFFFFFFFFFFFFF AND PUSH20 0xFFFFFFFFFFFFFFFFFFFFFFFFFFFFFFFFFFFFFFFF AND DUP2 MSTORE PUSH1 0x20 ADD SWAP1 DUP2 MSTORE PUSH1 0x20 ADD PUSH1 0x0 KECCAK256 PUSH1 0x0 PUSH2 0x100 EXP DUP2 SLOAD DUP2 PUSH1 0xFF MUL NOT AND SWAP1 DUP4 ISZERO ISZERO MUL OR SWAP1 SSTORE POP POP POP JUMP JUMPDEST PUSH1 0x13 SLOAD DUP2 JUMP JUMPDEST PUSH1 0xC PUSH1 0x20 MSTORE DUP1 PUSH1 0x0 MSTORE PUSH1 0x40 PUSH1 0x0 KECCAK256 PUSH1 0x0 SWAP2 POP SLOAD SWAP1 PUSH2 0x100 EXP SWAP1 DIV PUSH1 0xFF AND DUP2 JUMP JUMPDEST PUSH1 0x7 PUSH1 0x2 SWAP1 SLOAD SWAP1 PUSH2 0x100 EXP SWAP1 DIV PUSH1 0xFF AND DUP2 JUMP JUMPDEST PUSH1 0x7 PUSH1 0x0 SWAP1 SLOAD SWAP1 PUSH2 0x100 EXP SWAP1 DIV PUSH1 0xFF AND DUP2 JUMP JUMPDEST PUSH1 0x8 PUSH1 0x20 MSTORE DUP1 PUSH1 0x0 MSTORE PUSH1 0x40 PUSH1 0x0 KECCAK256 PUSH1 0x0 SWAP2 POP SLOAD SWAP1 PUSH2 0x100 EXP SWAP1 DIV PUSH1 0xFF AND DUP2 JUMP JUMPDEST PUSH1 0x12 PUSH1 0x20 MSTORE DUP1 PUSH1 0x0 MSTORE PUSH1 0x40 PUSH1 0x0 KECCAK256 PUSH1 0x0 SWAP2 POP SWAP1 POP SLOAD DUP2 JUMP JUMPDEST PUSH1 0x9 PUSH1 0x20 MSTORE DUP1 PUSH1 0x0 MSTORE PUSH1 0x40 PUSH1 0x0 KECCAK256 PUSH1 0x0 SWAP2 POP SWAP1 POP SLOAD DUP2 JUMP JUMPDEST PUSH1 0x0 DUP2 PUSH1 0x9 PUSH1 0x0 DUP6 PUSH20 0xFFFFFFFFFFFFFFFFFFFFFFFFFFFFFFFFFFFFFFFF AND PUSH20 0xFFFFFFFFFFFFFFFFFFFFFFFFFFFFFFFFFFFFFFFF AND DUP2 MSTORE PUSH1 0x20 ADD SWAP1 DUP2 MSTORE PUSH1 0x20 ADD PUSH1 0x0 KECCAK256 SLOAD LT ISZERO ISZERO ISZERO PUSH2 0x1DE4 JUMPI PUSH1 0x0 DUP1 REVERT JUMPDEST PUSH1 0xA PUSH1 0x0 DUP5 PUSH20 0xFFFFFFFFFFFFFFFFFFFFFFFFFFFFFFFFFFFFFFFF AND PUSH20 0xFFFFFFFFFFFFFFFFFFFFFFFFFFFFFFFFFFFFFFFF AND DUP2 MSTORE PUSH1 0x20 ADD SWAP1 DUP2 MSTORE PUSH1 0x20 ADD PUSH1 0x0 KECCAK256 PUSH1 0x0 CALLER PUSH20 0xFFFFFFFFFFFFFFFFFFFFFFFFFFFFFFFFFFFFFFFF AND PUSH20 0xFFFFFFFFFFFFFFFFFFFFFFFFFFFFFFFFFFFFFFFF AND DUP2 MSTORE PUSH1 0x20 ADD SWAP1 DUP2 MSTORE PUSH1 0x20 ADD PUSH1 0x0 KECCAK256 SLOAD DUP3 GT ISZERO ISZERO ISZERO PUSH2 0x1E6F JUMPI PUSH1 0x0 DUP1 REVERT JUMPDEST DUP2 PUSH1 0x9 PUSH1 0x0 DUP6 PUSH20 0xFFFFFFFFFFFFFFFFFFFFFFFFFFFFFFFFFFFFFFFF AND PUSH20 0xFFFFFFFFFFFFFFFFFFFFFFFFFFFFFFFFFFFFFFFF AND DUP2 MSTORE PUSH1 0x20 ADD SWAP1 DUP2 MSTORE PUSH1 0x20 ADD PUSH1 0x0 KECCAK256 PUSH1 0x0 DUP3 DUP3 SLOAD SUB SWAP3 POP POP DUP2 SWAP1 SSTORE POP DUP2 PUSH1 0xA PUSH1 0x0 DUP6 PUSH20 0xFFFFFFFFFFFFFFFFFFFFFFFFFFFFFFFFFFFFFFFF AND PUSH20 0xFFFFFFFFFFFFFFFFFFFFFFFFFFFFFFFFFFFFFFFF AND DUP2 MSTORE PUSH1 0x20 ADD SWAP1 DUP2 MSTORE PUSH1 0x20 ADD PUSH1 0x0 KECCAK256 PUSH1 0x0 CALLER PUSH20 0xFFFFFFFFFFFFFFFFFFFFFFFFFFFFFFFFFFFFFFFF AND PUSH20 0xFFFFFFFFFFFFFFFFFFFFFFFFFFFFFFFFFFFFFFFF AND DUP2 MSTORE PUSH1 0x20 ADD SWAP1 DUP2 MSTORE PUSH1 0x20 ADD PUSH1 0x0 KECCAK256 PUSH1 0x0 DUP3 DUP3 SLOAD SUB SWAP3 POP POP DUP2 SWAP1 SSTORE POP DUP2 PUSH1 0x5 PUSH1 0x0 DUP3 DUP3 SLOAD SUB SWAP3 POP POP DUP2 SWAP1 SSTORE POP DUP3 PUSH20 0xFFFFFFFFFFFFFFFFFFFFFFFFFFFFFFFFFFFFFFFF AND PUSH32 0xCC16F5DBB4873280815C1EE09DBD06736CFFCC184412CF7A71A0FDB75D397CA5 DUP4 PUSH1 0x40 MLOAD DUP1 DUP3 DUP2 MSTORE PUSH1 0x20 ADD SWAP2 POP POP PUSH1 0x40 MLOAD DUP1 SWAP2 SUB SWAP1 LOG2 PUSH1 0x1 SWAP1 POP SWAP3 SWAP2 POP POP JUMP JUMPDEST PUSH1 0x14 SLOAD DUP2 JUMP JUMPDEST PUSH1 0x0 DUP5 PUSH20 0xFFFFFFFFFFFFFFFFFFFFFFFFFFFFFFFFFFFFFFFF AND EQ ISZERO ISZERO ISZERO PUSH2 0x1FDA JUMPI PUSH1 0x0 DUP1 REVERT JUMPDEST PUSH1 0xB PUSH1 0x0 CALLER PUSH20 0xFFFFFFFFFFFFFFFFFFFFFFFFFFFFFFFFFFFFFFFF AND PUSH20 0xFFFFFFFFFFFFFFFFFFFFFFFFFFFFFFFFFFFFFFFF AND DUP2 MSTORE PUSH1 0x20 ADD SWAP1 DUP2 MSTORE PUSH1 0x20 ADD PUSH1 0x0 KECCAK256 PUSH1 0x0 SWAP1 SLOAD SWAP1 PUSH2 0x100 EXP SWAP1 DIV PUSH1 0xFF AND ISZERO ISZERO ISZERO PUSH2 0x2033 JUMPI PUSH1 0x0 DUP1 REVERT JUMPDEST PUSH1 0x6 SLOAD CALLER PUSH20 0xFFFFFFFFFFFFFFFFFFFFFFFFFFFFFFFFFFFFFFFF AND BALANCE LT ISZERO PUSH2 0x207E JUMPI PUSH2 0x207C PUSH1 0x13 SLOAD CALLER PUSH20 0xFFFFFFFFFFFFFFFFFFFFFFFFFFFFFFFFFFFFFFFF AND BALANCE PUSH1 0x6 SLOAD SUB MUL PUSH2 0x314A JUMP JUMPDEST POP JUMPDEST DUP2 ISZERO ISZERO PUSH2 0x2095 JUMPI PUSH2 0x2090 CALLER DUP6 DUP6 PUSH2 0x35F4 JUMP JUMPDEST PUSH2 0x25F3 JUMP JUMPDEST DUP3 PUSH1 0x9 PUSH1 0x0 CALLER PUSH20 0xFFFFFFFFFFFFFFFFFFFFFFFFFFFFFFFFFFFFFFFF AND PUSH20 0xFFFFFFFFFFFFFFFFFFFFFFFFFFFFFFFFFFFFFFFF AND DUP2 MSTORE PUSH1 0x20 ADD SWAP1 DUP2 MSTORE PUSH1 0x20 ADD PUSH1 0x0 KECCAK256 SLOAD LT ISZERO ISZERO ISZERO PUSH2 0x20E3 JUMPI PUSH1 0x0 DUP1 REVERT JUMPDEST PUSH1 0xD PUSH1 0x0 DUP6 PUSH20 0xFFFFFFFFFFFFFFFFFFFFFFFFFFFFFFFFFFFFFFFF AND PUSH20 0xFFFFFFFFFFFFFFFFFFFFFFFFFFFFFFFFFFFFFFFF AND DUP2 MSTORE PUSH1 0x20 ADD SWAP1 DUP2 MSTORE PUSH1 0x20 ADD PUSH1 0x0 KECCAK256 SLOAD DUP4 PUSH1 0xD PUSH1 0x0 DUP8 PUSH20 0xFFFFFFFFFFFFFFFFFFFFFFFFFFFFFFFFFFFFFFFF AND PUSH20 0xFFFFFFFFFFFFFFFFFFFFFFFFFFFFFFFFFFFFFFFF AND DUP2 MSTORE PUSH1 0x20 ADD SWAP1 DUP2 MSTORE PUSH1 0x20 ADD PUSH1 0x0 KECCAK256 SLOAD ADD GT ISZERO ISZERO PUSH2 0x2171 JUMPI PUSH1 0x0 DUP1 REVERT JUMPDEST DUP3 PUSH1 0x9 PUSH1 0x0 CALLER PUSH20 0xFFFFFFFFFFFFFFFFFFFFFFFFFFFFFFFFFFFFFFFF AND PUSH20 0xFFFFFFFFFFFFFFFFFFFFFFFFFFFFFFFFFFFFFFFF AND DUP2 MSTORE PUSH1 0x20 ADD SWAP1 DUP2 MSTORE PUSH1 0x20 ADD PUSH1 0x0 KECCAK256 PUSH1 0x0 DUP3 DUP3 SLOAD SUB SWAP3 POP POP DUP2 SWAP1 SSTORE POP DUP3 PUSH1 0xD PUSH1 0x0 DUP7 PUSH20 0xFFFFFFFFFFFFFFFFFFFFFFFFFFFFFFFFFFFFFFFF AND PUSH20 0xFFFFFFFFFFFFFFFFFFFFFFFFFFFFFFFFFFFFFFFF AND DUP2 MSTORE PUSH1 0x20 ADD SWAP1 DUP2 MSTORE PUSH1 0x20 ADD PUSH1 0x0 KECCAK256 PUSH1 0x0 DUP3 DUP3 SLOAD ADD SWAP3 POP POP DUP2 SWAP1 SSTORE POP DUP3 PUSH1 0xE PUSH1 0x0 DUP7 PUSH20 0xFFFFFFFFFFFFFFFFFFFFFFFFFFFFFFFFFFFFFFFF AND PUSH20 0xFFFFFFFFFFFFFFFFFFFFFFFFFFFFFFFFFFFFFFFF AND DUP2 MSTORE PUSH1 0x20 ADD SWAP1 DUP2 MSTORE PUSH1 0x20 ADD PUSH1 0x0 KECCAK256 PUSH1 0x0 CALLER PUSH20 0xFFFFFFFFFFFFFFFFFFFFFFFFFFFFFFFFFFFFFFFF AND PUSH20 0xFFFFFFFFFFFFFFFFFFFFFFFFFFFFFFFFFFFFFFFF AND DUP2 MSTORE PUSH1 0x20 ADD SWAP1 DUP2 MSTORE PUSH1 0x20 ADD PUSH1 0x0 KECCAK256 PUSH1 0x0 DUP3 DUP3 SLOAD ADD SWAP3 POP POP DUP2 SWAP1 SSTORE POP PUSH1 0x0 PUSH1 0x10 PUSH1 0x0 DUP7 PUSH20 0xFFFFFFFFFFFFFFFFFFFFFFFFFFFFFFFFFFFFFFFF AND PUSH20 0xFFFFFFFFFFFFFFFFFFFFFFFFFFFFFFFFFFFFFFFF AND DUP2 MSTORE PUSH1 0x20 ADD SWAP1 DUP2 MSTORE PUSH1 0x20 ADD PUSH1 0x0 KECCAK256 PUSH1 0x0 CALLER PUSH20 0xFFFFFFFFFFFFFFFFFFFFFFFFFFFFFFFFFFFFFFFF AND PUSH20 0xFFFFFFFFFFFFFFFFFFFFFFFFFFFFFFFFFFFFFFFF AND DUP2 MSTORE PUSH1 0x20 ADD SWAP1 DUP2 MSTORE PUSH1 0x20 ADD PUSH1 0x0 KECCAK256 PUSH1 0x0 SWAP1 SLOAD SWAP1 PUSH2 0x100 EXP SWAP1 DIV PUSH4 0xFFFFFFFF AND PUSH4 0xFFFFFFFF AND EQ ISZERO PUSH2 0x248F JUMPI PUSH1 0x1 PUSH1 0x11 PUSH1 0x0 DUP7 PUSH20 0xFFFFFFFFFFFFFFFFFFFFFFFFFFFFFFFFFFFFFFFF AND PUSH20 0xFFFFFFFFFFFFFFFFFFFFFFFFFFFFFFFFFFFFFFFF AND DUP2 MSTORE PUSH1 0x20 ADD SWAP1 DUP2 MSTORE PUSH1 0x20 ADD PUSH1 0x0 KECCAK256 PUSH1 0x0 DUP3 DUP3 DUP3 SWAP1 SLOAD SWAP1 PUSH2 0x100 EXP SWAP1 DIV PUSH4 0xFFFFFFFF AND ADD SWAP3 POP PUSH2 0x100 EXP DUP2 SLOAD DUP2 PUSH4 0xFFFFFFFF MUL NOT AND SWAP1 DUP4 PUSH4 0xFFFFFFFF AND MUL OR SWAP1 SSTORE POP CALLER PUSH1 0xF PUSH1 0x0 DUP7 PUSH20 0xFFFFFFFFFFFFFFFFFFFFFFFFFFFFFFFFFFFFFFFF AND PUSH20 0xFFFFFFFFFFFFFFFFFFFFFFFFFFFFFFFFFFFFFFFF AND DUP2 MSTORE PUSH1 0x20 ADD SWAP1 DUP2 MSTORE PUSH1 0x20 ADD PUSH1 0x0 KECCAK256 PUSH1 0x0 PUSH1 0x11 PUSH1 0x0 DUP9 PUSH20 0xFFFFFFFFFFFFFFFFFFFFFFFFFFFFFFFFFFFFFFFF AND PUSH20 0xFFFFFFFFFFFFFFFFFFFFFFFFFFFFFFFFFFFFFFFF AND DUP2 MSTORE PUSH1 0x20 ADD SWAP1 DUP2 MSTORE PUSH1 0x20 ADD PUSH1 0x0 KECCAK256 PUSH1 0x0 SWAP1 SLOAD SWAP1 PUSH2 0x100 EXP SWAP1 DIV PUSH4 0xFFFFFFFF AND PUSH4 0xFFFFFFFF AND PUSH4 0xFFFFFFFF AND DUP2 MSTORE PUSH1 0x20 ADD SWAP1 DUP2 MSTORE PUSH1 0x20 ADD PUSH1 0x0 KECCAK256 PUSH1 0x0 PUSH2 0x100 EXP DUP2 SLOAD DUP2 PUSH20 0xFFFFFFFFFFFFFFFFFFFFFFFFFFFFFFFFFFFFFFFF MUL NOT AND SWAP1 DUP4 PUSH20 0xFFFFFFFFFFFFFFFFFFFFFFFFFFFFFFFFFFFFFFFF AND MUL OR SWAP1 SSTORE POP JUMPDEST PUSH1 0x1 PUSH1 0x10 PUSH1 0x0 DUP7 PUSH20 0xFFFFFFFFFFFFFFFFFFFFFFFFFFFFFFFFFFFFFFFF AND PUSH20 0xFFFFFFFFFFFFFFFFFFFFFFFFFFFFFFFFFFFFFFFF AND DUP2 MSTORE PUSH1 0x20 ADD SWAP1 DUP2 MSTORE PUSH1 0x20 ADD PUSH1 0x0 KECCAK256 PUSH1 0x0 CALLER PUSH20 0xFFFFFFFFFFFFFFFFFFFFFFFFFFFFFFFFFFFFFFFF AND PUSH20 0xFFFFFFFFFFFFFFFFFFFFFFFFFFFFFFFFFFFFFFFF AND DUP2 MSTORE PUSH1 0x20 ADD SWAP1 DUP2 MSTORE PUSH1 0x20 ADD PUSH1 0x0 KECCAK256 PUSH1 0x0 DUP3 DUP3 DUP3 SWAP1 SLOAD SWAP1 PUSH2 0x100 EXP SWAP1 DIV PUSH4 0xFFFFFFFF AND ADD SWAP3 POP PUSH2 0x100 EXP DUP2 SLOAD DUP2 PUSH4 0xFFFFFFFF MUL NOT AND SWAP1 DUP4 PUSH4 0xFFFFFFFF AND MUL OR SWAP1 SSTORE POP DUP3 PUSH1 0x12 PUSH1 0x0 CALLER PUSH20 0xFFFFFFFFFFFFFFFFFFFFFFFFFFFFFFFFFFFFFFFF AND PUSH20 0xFFFFFFFFFFFFFFFFFFFFFFFFFFFFFFFFFFFFFFFF AND DUP2 MSTORE PUSH1 0x20 ADD SWAP1 DUP2 MSTORE PUSH1 0x20 ADD PUSH1 0x0 KECCAK256 PUSH1 0x0 DUP3 DUP3 SLOAD ADD SWAP3 POP POP DUP2 SWAP1 SSTORE POP DUP4 PUSH20 0xFFFFFFFFFFFFFFFFFFFFFFFFFFFFFFFFFFFFFFFF AND CALLER PUSH20 0xFFFFFFFFFFFFFFFFFFFFFFFFFFFFFFFFFFFFFFFF AND PUSH32 0xDDF252AD1BE2C89B69C2B068FC378DAA952BA7F163C4A11628F55A4DF523B3EF DUP6 PUSH1 0x40 MLOAD DUP1 DUP3 DUP2 MSTORE PUSH1 0x20 ADD SWAP2 POP POP PUSH1 0x40 MLOAD DUP1 SWAP2 SUB SWAP1 LOG3 JUMPDEST PUSH32 0xD598D2AB0F8DC422D6FF36B5ABB83E68CCAE75175E479DA60AC86433E0C1B1CE CALLER DUP6 DUP6 DUP5 TIMESTAMP PUSH1 0x40 MLOAD DUP1 DUP7 PUSH20 0xFFFFFFFFFFFFFFFFFFFFFFFFFFFFFFFFFFFFFFFF AND PUSH20 0xFFFFFFFFFFFFFFFFFFFFFFFFFFFFFFFFFFFFFFFF AND DUP2 MSTORE PUSH1 0x20 ADD DUP6 PUSH20 0xFFFFFFFFFFFFFFFFFFFFFFFFFFFFFFFFFFFFFFFF AND PUSH20 0xFFFFFFFFFFFFFFFFFFFFFFFFFFFFFFFFFFFFFFFF AND DUP2 MSTORE PUSH1 0x20 ADD DUP5 DUP2 MSTORE PUSH1 0x20 ADD DUP1 PUSH1 0x20 ADD DUP4 DUP2 MSTORE PUSH1 0x20 ADD DUP3 DUP2 SUB DUP3 MSTORE DUP5 DUP2 DUP2 MLOAD DUP2 MSTORE PUSH1 0x20 ADD SWAP2 POP DUP1 MLOAD SWAP1 PUSH1 0x20 ADD SWAP1 DUP1 DUP4 DUP4 PUSH1 0x0 JUMPDEST DUP4 DUP2 LT ISZERO PUSH2 0x26C9 JUMPI DUP1 DUP3 ADD MLOAD DUP2 DUP5 ADD MSTORE PUSH1 0x20 DUP2 ADD SWAP1 POP PUSH2 0x26AE JUMP JUMPDEST POP POP POP POP SWAP1 POP SWAP1 DUP2 ADD SWAP1 PUSH1 0x1F AND DUP1 ISZERO PUSH2 0x26F6 JUMPI DUP1 DUP3 SUB DUP1 MLOAD PUSH1 0x1 DUP4 PUSH1 0x20 SUB PUSH2 0x100 EXP SUB NOT AND DUP2 MSTORE PUSH1 0x20 ADD SWAP2 POP JUMPDEST POP SWAP7 POP POP POP POP POP POP POP PUSH1 0x40 MLOAD DUP1 SWAP2 SUB SWAP1 LOG1 POP POP POP POP JUMP JUMPDEST PUSH1 0x1 ISZERO ISZERO PUSH1 0x1 PUSH1 0x0 CALLER PUSH20 0xFFFFFFFFFFFFFFFFFFFFFFFFFFFFFFFFFFFFFFFF AND PUSH20 0xFFFFFFFFFFFFFFFFFFFFFFFFFFFFFFFFFFFFFFFF AND DUP2 MSTORE PUSH1 0x20 ADD SWAP1 DUP2 MSTORE PUSH1 0x20 ADD PUSH1 0x0 KECCAK256 PUSH1 0x0 SWAP1 SLOAD SWAP1 PUSH2 0x100 EXP SWAP1 DIV PUSH1 0xFF AND ISZERO ISZERO EQ ISZERO ISZERO PUSH2 0x276C JUMPI PUSH1 0x0 DUP1 REVERT JUMPDEST PUSH2 0x2777 CALLER DUP4 DUP4 PUSH2 0x35F4 JUMP JUMPDEST PUSH2 0x2782 DUP3 PUSH1 0x1 PUSH2 0x2D4C JUMP JUMPDEST POP POP JUMP JUMPDEST PUSH1 0x0 DUP1 SWAP1 SLOAD SWAP1 PUSH2 0x100 EXP SWAP1 DIV PUSH20 0xFFFFFFFFFFFFFFFFFFFFFFFFFFFFFFFFFFFFFFFF AND DUP2 JUMP JUMPDEST PUSH1 0x3 DUP1 SLOAD PUSH1 0x1 DUP2 PUSH1 0x1 AND ISZERO PUSH2 0x100 MUL SUB AND PUSH1 0x2 SWAP1 DIV DUP1 PUSH1 0x1F ADD PUSH1 0x20 DUP1 SWAP2 DIV MUL PUSH1 0x20 ADD PUSH1 0x40 MLOAD SWAP1 DUP2 ADD PUSH1 0x40 MSTORE DUP1 SWAP3 SWAP2 SWAP1 DUP2 DUP2 MSTORE PUSH1 0x20 ADD DUP3 DUP1 SLOAD PUSH1 0x1 DUP2 PUSH1 0x1 AND ISZERO PUSH2 0x100 MUL SUB AND PUSH1 0x2 SWAP1 DIV DUP1 ISZERO PUSH2 0x2841 JUMPI DUP1 PUSH1 0x1F LT PUSH2 0x2816 JUMPI PUSH2 0x100 DUP1 DUP4 SLOAD DIV MUL DUP4 MSTORE SWAP2 PUSH1 0x20 ADD SWAP2 PUSH2 0x2841 JUMP JUMPDEST DUP3 ADD SWAP2 SWAP1 PUSH1 0x0 MSTORE PUSH1 0x20 PUSH1 0x0 KECCAK256 SWAP1 JUMPDEST DUP2 SLOAD DUP2 MSTORE SWAP1 PUSH1 0x1 ADD SWAP1 PUSH1 0x20 ADD DUP1 DUP4 GT PUSH2 0x2824 JUMPI DUP3 SWAP1 SUB PUSH1 0x1F AND DUP3 ADD SWAP2 JUMPDEST POP POP POP POP POP DUP2 JUMP JUMPDEST PUSH1 0x11 PUSH1 0x20 MSTORE DUP1 PUSH1 0x0 MSTORE PUSH1 0x40 PUSH1 0x0 KECCAK256 PUSH1 0x0 SWAP2 POP SLOAD SWAP1 PUSH2 0x100 EXP SWAP1 DIV PUSH4 0xFFFFFFFF AND DUP2 JUMP JUMPDEST PUSH1 0x0 PUSH1 0x7 PUSH1 0x0 SWAP1 SLOAD SWAP1 PUSH2 0x100 EXP SWAP1 DIV PUSH1 0xFF AND ISZERO DUP1 ISZERO PUSH2 0x28D5 JUMPI POP PUSH1 0xC PUSH1 0x0 CALLER PUSH20 0xFFFFFFFFFFFFFFFFFFFFFFFFFFFFFFFFFFFFFFFF AND PUSH20 0xFFFFFFFFFFFFFFFFFFFFFFFFFFFFFFFFFFFFFFFF AND DUP2 MSTORE PUSH1 0x20 ADD SWAP1 DUP2 MSTORE PUSH1 0x20 ADD PUSH1 0x0 KECCAK256 PUSH1 0x0 SWAP1 SLOAD SWAP1 PUSH2 0x100 EXP SWAP1 DIV PUSH1 0xFF AND ISZERO JUMPDEST ISZERO PUSH2 0x28DF JUMPI PUSH1 0x0 DUP1 REVERT JUMPDEST PUSH1 0x14 SLOAD CALLVALUE MUL SWAP1 POP DUP1 PUSH1 0x9 PUSH1 0x0 ADDRESS PUSH20 0xFFFFFFFFFFFFFFFFFFFFFFFFFFFFFFFFFFFFFFFF AND PUSH20 0xFFFFFFFFFFFFFFFFFFFFFFFFFFFFFFFFFFFFFFFF AND DUP2 MSTORE PUSH1 0x20 ADD SWAP1 DUP2 MSTORE PUSH1 0x20 ADD PUSH1 0x0 KECCAK256 SLOAD LT ISZERO ISZERO ISZERO PUSH2 0x2934 JUMPI PUSH1 0x0 DUP1 REVERT JUMPDEST DUP1 PUSH1 0x9 PUSH1 0x0 CALLER PUSH20 0xFFFFFFFFFFFFFFFFFFFFFFFFFFFFFFFFFFFFFFFF AND PUSH20 0xFFFFFFFFFFFFFFFFFFFFFFFFFFFFFFFFFFFFFFFF AND DUP2 MSTORE PUSH1 0x20 ADD SWAP1 DUP2 MSTORE PUSH1 0x20 ADD PUSH1 0x0 KECCAK256 PUSH1 0x0 DUP3 DUP3 SLOAD ADD SWAP3 POP POP DUP2 SWAP1 SSTORE POP DUP1 PUSH1 0x9 PUSH1 0x0 ADDRESS PUSH20 0xFFFFFFFFFFFFFFFFFFFFFFFFFFFFFFFFFFFFFFFF AND PUSH20 0xFFFFFFFFFFFFFFFFFFFFFFFFFFFFFFFFFFFFFFFF AND DUP2 MSTORE PUSH1 0x20 ADD SWAP1 DUP2 MSTORE PUSH1 0x20 ADD PUSH1 0x0 KECCAK256 PUSH1 0x0 DUP3 DUP3 SLOAD SUB SWAP3 POP POP DUP2 SWAP1 SSTORE POP CALLER PUSH20 0xFFFFFFFFFFFFFFFFFFFFFFFFFFFFFFFFFFFFFFFF AND ADDRESS PUSH20 0xFFFFFFFFFFFFFFFFFFFFFFFFFFFFFFFFFFFFFFFF AND PUSH32 0xDDF252AD1BE2C89B69C2B068FC378DAA952BA7F163C4A11628F55A4DF523B3EF DUP4 PUSH1 0x40 MLOAD DUP1 DUP3 DUP2 MSTORE PUSH1 0x20 ADD SWAP2 POP POP PUSH1 0x40 MLOAD DUP1 SWAP2 SUB SWAP1 LOG3 DUP1 SWAP1 POP SWAP1 JUMP JUMPDEST PUSH1 0x8 PUSH1 0x0 CALLER PUSH20 0xFFFFFFFFFFFFFFFFFFFFFFFFFFFFFFFFFFFFFFFF AND PUSH20 0xFFFFFFFFFFFFFFFFFFFFFFFFFFFFFFFFFFFFFFFF AND DUP2 MSTORE PUSH1 0x20 ADD SWAP1 DUP2 MSTORE PUSH1 0x20 ADD PUSH1 0x0 KECCAK256 PUSH1 0x0 SWAP1 SLOAD SWAP1 PUSH2 0x100 EXP SWAP1 DIV PUSH1 0xFF AND DUP1 PUSH2 0x2A9E JUMPI POP PUSH1 0x7 PUSH1 0x2 SWAP1 SLOAD SWAP1 PUSH2 0x100 EXP SWAP1 DIV PUSH1 0xFF AND ISZERO JUMPDEST ISZERO ISZERO PUSH2 0x2AA9 JUMPI PUSH1 0x0 DUP1 REVERT JUMPDEST PUSH1 0xB PUSH1 0x0 CALLER PUSH20 0xFFFFFFFFFFFFFFFFFFFFFFFFFFFFFFFFFFFFFFFF AND PUSH20 0xFFFFFFFFFFFFFFFFFFFFFFFFFFFFFFFFFFFFFFFF AND DUP2 MSTORE PUSH1 0x20 ADD SWAP1 DUP2 MSTORE PUSH1 0x20 ADD PUSH1 0x0 KECCAK256 PUSH1 0x0 SWAP1 SLOAD SWAP1 PUSH2 0x100 EXP SWAP1 DIV PUSH1 0xFF AND ISZERO ISZERO ISZERO PUSH2 0x2B02 JUMPI PUSH1 0x0 DUP1 REVERT JUMPDEST PUSH1 0x6 SLOAD CALLER PUSH20 0xFFFFFFFFFFFFFFFFFFFFFFFFFFFFFFFFFFFFFFFF AND BALANCE LT ISZERO PUSH2 0x2B4D JUMPI PUSH2 0x2B4B PUSH1 0x13 SLOAD CALLER PUSH20 0xFFFFFFFFFFFFFFFFFFFFFFFFFFFFFFFFFFFFFFFF AND BALANCE PUSH1 0x6 SLOAD SUB MUL PUSH2 0x314A JUMP JUMPDEST POP JUMPDEST PUSH2 0x2B58 CALLER DUP4 DUP4 PUSH2 0x35F4 JUMP JUMPDEST POP POP JUMP JUMPDEST PUSH1 0xD PUSH1 0x20 MSTORE DUP1 PUSH1 0x0 MSTORE PUSH1 0x40 PUSH1 0x0 KECCAK256 PUSH1 0x0 SWAP2 POP SWAP1 POP SLOAD DUP2 JUMP JUMPDEST PUSH1 0x0 DUP1 SWAP1 SLOAD SWAP1 PUSH2 0x100 EXP SWAP1 DIV PUSH20 0xFFFFFFFFFFFFFFFFFFFFFFFFFFFFFFFFFFFFFFFF AND PUSH20 0xFFFFFFFFFFFFFFFFFFFFFFFFFFFFFFFFFFFFFFFF AND CALLER PUSH20 0xFFFFFFFFFFFFFFFFFFFFFFFFFFFFFFFFFFFFFFFF AND EQ ISZERO ISZERO PUSH2 0x2BCF JUMPI PUSH1 0x0 DUP1 REVERT JUMPDEST DUP1 PUSH1 0x9 PUSH1 0x0 DUP5 PUSH20 0xFFFFFFFFFFFFFFFFFFFFFFFFFFFFFFFFFFFFFFFF AND PUSH20 0xFFFFFFFFFFFFFFFFFFFFFFFFFFFFFFFFFFFFFFFF AND DUP2 MSTORE PUSH1 0x20 ADD SWAP1 DUP2 MSTORE PUSH1 0x20 ADD PUSH1 0x0 KECCAK256 PUSH1 0x0 DUP3 DUP3 SLOAD ADD SWAP3 POP POP DUP2 SWAP1 SSTORE POP DUP1 PUSH1 0x5 PUSH1 0x0 DUP3 DUP3 SLOAD ADD SWAP3 POP POP DUP2 SWAP1 SSTORE POP PUSH1 0x0 DUP1 SWAP1 SLOAD SWAP1 PUSH2 0x100 EXP SWAP1 DIV PUSH20 0xFFFFFFFFFFFFFFFFFFFFFFFFFFFFFFFFFFFFFFFF AND PUSH20 0xFFFFFFFFFFFFFFFFFFFFFFFFFFFFFFFFFFFFFFFF AND PUSH1 0x0 PUSH32 0xDDF252AD1BE2C89B69C2B068FC378DAA952BA7F163C4A11628F55A4DF523B3EF DUP4 PUSH1 0x40 MLOAD DUP1 DUP3 DUP2 MSTORE PUSH1 0x20 ADD SWAP2 POP POP PUSH1 0x40 MLOAD DUP1 SWAP2 SUB SWAP1 LOG3 DUP2 PUSH20 0xFFFFFFFFFFFFFFFFFFFFFFFFFFFFFFFFFFFFFFFF AND PUSH1 0x0 DUP1 SWAP1 SLOAD SWAP1 PUSH2 0x100 EXP SWAP1 DIV PUSH20 0xFFFFFFFFFFFFFFFFFFFFFFFFFFFFFFFFFFFFFFFF AND PUSH20 0xFFFFFFFFFFFFFFFFFFFFFFFFFFFFFFFFFFFFFFFF AND PUSH32 0xDDF252AD1BE2C89B69C2B068FC378DAA952BA7F163C4A11628F55A4DF523B3EF DUP4 PUSH1 0x40 MLOAD DUP1 DUP3 DUP2 MSTORE PUSH1 0x20 ADD SWAP2 POP POP PUSH1 0x40 MLOAD DUP1 SWAP2 SUB SWAP1 LOG3 POP POP JUMP JUMPDEST PUSH1 0xE PUSH1 0x20 MSTORE DUP2 PUSH1 0x0 MSTORE PUSH1 0x40 PUSH1 0x0 KECCAK256 PUSH1 0x20 MSTORE DUP1 PUSH1 0x0 MSTORE PUSH1 0x40 PUSH1 0x0 KECCAK256 PUSH1 0x0 SWAP2 POP SWAP2 POP POP SLOAD DUP2 JUMP JUMPDEST DUP1 DUP1 PUSH2 0x2D6F JUMPI POP DUP1 ISZERO DUP1 ISZERO PUSH2 0x2D6E JUMPI POP PUSH1 0x7 PUSH1 0x1 SWAP1 SLOAD SWAP1 PUSH2 0x100 EXP SWAP1 DIV PUSH1 0xFF AND ISZERO JUMPDEST JUMPDEST ISZERO PUSH2 0x2DCD JUMPI PUSH1 0x8 PUSH1 0x0 CALLER PUSH20 0xFFFFFFFFFFFFFFFFFFFFFFFFFFFFFFFFFFFFFFFF AND PUSH20 0xFFFFFFFFFFFFFFFFFFFFFFFFFFFFFFFFFFFFFFFF AND DUP2 MSTORE PUSH1 0x20 ADD SWAP1 DUP2 MSTORE PUSH1 0x20 ADD PUSH1 0x0 KECCAK256 PUSH1 0x0 SWAP1 SLOAD SWAP1 PUSH2 0x100 EXP SWAP1 DIV PUSH1 0xFF AND ISZERO ISZERO PUSH2 0x2DCC JUMPI PUSH1 0x0 DUP1 REVERT JUMPDEST JUMPDEST PUSH2 0x2DD7 DUP3 DUP3 PUSH2 0x3853 JUMP JUMPDEST POP POP JUMP JUMPDEST PUSH1 0x0 DUP1 SWAP1 SLOAD SWAP1 PUSH2 0x100 EXP SWAP1 DIV PUSH20 0xFFFFFFFFFFFFFFFFFFFFFFFFFFFFFFFFFFFFFFFF AND PUSH20 0xFFFFFFFFFFFFFFFFFFFFFFFFFFFFFFFFFFFFFFFF AND CALLER PUSH20 0xFFFFFFFFFFFFFFFFFFFFFFFFFFFFFFFFFFFFFFFF AND EQ ISZERO ISZERO PUSH2 0x2E36 JUMPI PUSH1 0x0 DUP1 REVERT JUMPDEST DUP1 PUSH1 0x6 DUP2 SWAP1 SSTORE POP POP JUMP JUMPDEST PUSH1 0x0 DUP1 PUSH1 0x0 DUP1 SWAP1 SLOAD SWAP1 PUSH2 0x100 EXP SWAP1 DIV PUSH20 0xFFFFFFFFFFFFFFFFFFFFFFFFFFFFFFFFFFFFFFFF AND PUSH20 0xFFFFFFFFFFFFFFFFFFFFFFFFFFFFFFFFFFFFFFFF AND CALLER PUSH20 0xFFFFFFFFFFFFFFFFFFFFFFFFFFFFFFFFFFFFFFFF AND EQ ISZERO ISZERO PUSH2 0x2E9E JUMPI PUSH1 0x0 DUP1 REVERT JUMPDEST DUP5 SWAP1 POP PUSH2 0x2EAB DUP6 DUP6 PUSH2 0x10B8 JUMP JUMPDEST ISZERO PUSH2 0x3010 JUMPI DUP1 PUSH20 0xFFFFFFFFFFFFFFFFFFFFFFFFFFFFFFFFFFFFFFFF AND PUSH4 0x8F4FFCB1 CALLER DUP7 ADDRESS DUP8 PUSH1 0x40 MLOAD DUP6 PUSH4 0xFFFFFFFF AND PUSH29 0x100000000000000000000000000000000000000000000000000000000 MUL DUP2 MSTORE PUSH1 0x4 ADD DUP1 DUP6 PUSH20 0xFFFFFFFFFFFFFFFFFFFFFFFFFFFFFFFFFFFFFFFF AND PUSH20 0xFFFFFFFFFFFFFFFFFFFFFFFFFFFFFFFFFFFFFFFF AND DUP2 MSTORE PUSH1 0x20 ADD DUP5 DUP2 MSTORE PUSH1 0x20 ADD DUP4 PUSH20 0xFFFFFFFFFFFFFFFFFFFFFFFFFFFFFFFFFFFFFFFF AND PUSH20 0xFFFFFFFFFFFFFFFFFFFFFFFFFFFFFFFFFFFFFFFF AND DUP2 MSTORE PUSH1 0x20 ADD DUP1 PUSH1 0x20 ADD DUP3 DUP2 SUB DUP3 MSTORE DUP4 DUP2 DUP2 MLOAD DUP2 MSTORE PUSH1 0x20 ADD SWAP2 POP DUP1 MLOAD SWAP1 PUSH1 0x20 ADD SWAP1 DUP1 DUP4 DUP4 PUSH1 0x0 JUMPDEST DUP4 DUP2 LT ISZERO PUSH2 0x2FA5 JUMPI DUP1 DUP3 ADD MLOAD DUP2 DUP5 ADD MSTORE PUSH1 0x20 DUP2 ADD SWAP1 POP PUSH2 0x2F8A JUMP JUMPDEST POP POP POP POP SWAP1 POP SWAP1 DUP2 ADD SWAP1 PUSH1 0x1F AND DUP1 ISZERO PUSH2 0x2FD2 JUMPI DUP1 DUP3 SUB DUP1 MLOAD PUSH1 0x1 DUP4 PUSH1 0x20 SUB PUSH2 0x100 EXP SUB NOT AND DUP2 MSTORE PUSH1 0x20 ADD SWAP2 POP JUMPDEST POP SWAP6 POP POP POP POP POP POP PUSH1 0x0 PUSH1 0x40 MLOAD DUP1 DUP4 SUB DUP2 PUSH1 0x0 DUP8 DUP1 EXTCODESIZE ISZERO ISZERO PUSH2 0x2FF3 JUMPI PUSH1 0x0 DUP1 REVERT JUMPDEST PUSH2 0x2C6 GAS SUB CALL ISZERO ISZERO PUSH2 0x3004 JUMPI PUSH1 0x0 DUP1 REVERT JUMPDEST POP POP POP PUSH1 0x1 SWAP2 POP PUSH2 0x3011 JUMP JUMPDEST JUMPDEST POP SWAP4 SWAP3 POP POP POP JUMP JUMPDEST PUSH1 0xF PUSH1 0x20 MSTORE DUP2 PUSH1 0x0 MSTORE PUSH1 0x40 PUSH1 0x0 KECCAK256 PUSH1 0x20 MSTORE DUP1 PUSH1 0x0 MSTORE PUSH1 0x40 PUSH1 0x0 KECCAK256 PUSH1 0x0 SWAP2 POP SWAP2 POP SWAP1 SLOAD SWAP1 PUSH2 0x100 EXP SWAP1 DIV PUSH20 0xFFFFFFFFFFFFFFFFFFFFFFFFFFFFFFFFFFFFFFFF AND DUP2 JUMP JUMPDEST PUSH1 0xB PUSH1 0x20 MSTORE DUP1 PUSH1 0x0 MSTORE PUSH1 0x40 PUSH1 0x0 KECCAK256 PUSH1 0x0 SWAP2 POP SLOAD SWAP1 PUSH2 0x100 EXP SWAP1 DIV PUSH1 0xFF AND DUP2 JUMP JUMPDEST PUSH1 0x0 DUP1 SWAP1 SLOAD SWAP1 PUSH2 0x100 EXP SWAP1 DIV PUSH20 0xFFFFFFFFFFFFFFFFFFFFFFFFFFFFFFFFFFFFFFFF AND PUSH20 0xFFFFFFFFFFFFFFFFFFFFFFFFFFFFFFFFFFFFFFFF AND CALLER PUSH20 0xFFFFFFFFFFFFFFFFFFFFFFFFFFFFFFFFFFFFFFFF AND EQ ISZERO ISZERO PUSH2 0x30D6 JUMPI PUSH1 0x0 DUP1 REVERT JUMPDEST DUP1 PUSH1 0x7 PUSH1 0x0 PUSH2 0x100 EXP DUP2 SLOAD DUP2 PUSH1 0xFF MUL NOT AND SWAP1 DUP4 ISZERO ISZERO MUL OR SWAP1 SSTORE POP POP JUMP JUMPDEST PUSH1 0x10 PUSH1 0x20 MSTORE DUP2 PUSH1 0x0 MSTORE PUSH1 0x40 PUSH1 0x0 KECCAK256 PUSH1 0x20 MSTORE DUP1 PUSH1 0x0 MSTORE PUSH1 0x40 PUSH1 0x0 KECCAK256 PUSH1 0x0 SWAP2 POP SWAP2 POP SWAP1 SLOAD SWAP1 PUSH2 0x100 EXP SWAP1 DIV PUSH4 0xFFFFFFFF AND DUP2 JUMP JUMPDEST PUSH1 0xA PUSH1 0x20 MSTORE DUP2 PUSH1 0x0 MSTORE PUSH1 0x40 PUSH1 0x0 KECCAK256 PUSH1 0x20 MSTORE DUP1 PUSH1 0x0 MSTORE PUSH1 0x40 PUSH1 0x0 KECCAK256 PUSH1 0x0 SWAP2 POP SWAP2 POP POP SLOAD DUP2 JUMP JUMPDEST PUSH1 0x0 PUSH1 0xB PUSH1 0x0 CALLER PUSH20 0xFFFFFFFFFFFFFFFFFFFFFFFFFFFFFFFFFFFFFFFF AND PUSH20 0xFFFFFFFFFFFFFFFFFFFFFFFFFFFFFFFFFFFFFFFF AND DUP2 MSTORE PUSH1 0x20 ADD SWAP1 DUP2 MSTORE PUSH1 0x20 ADD PUSH1 0x0 KECCAK256 PUSH1 0x0 SWAP1 SLOAD SWAP1 PUSH2 0x100 EXP SWAP1 DIV PUSH1 0xFF AND ISZERO ISZERO ISZERO PUSH2 0x31A5 JUMPI PUSH1 0x0 DUP1 REVERT JUMPDEST PUSH1 0x7 PUSH1 0x0 SWAP1 SLOAD SWAP1 PUSH2 0x100 EXP SWAP1 DIV PUSH1 0xFF AND ISZERO DUP1 ISZERO PUSH2 0x320C JUMPI POP PUSH1 0xC PUSH1 0x0 CALLER PUSH20 0xFFFFFFFFFFFFFFFFFFFFFFFFFFFFFFFFFFFFFFFF AND PUSH20 0xFFFFFFFFFFFFFFFFFFFFFFFFFFFFFFFFFFFFFFFF AND DUP2 MSTORE PUSH1 0x20 ADD SWAP1 DUP2 MSTORE PUSH1 0x20 ADD PUSH1 0x0 KECCAK256 PUSH1 0x0 SWAP1 SLOAD SWAP1 PUSH2 0x100 EXP SWAP1 DIV PUSH1 0xFF AND ISZERO JUMPDEST ISZERO PUSH2 0x322F JUMPI PUSH1 0x13 SLOAD DUP3 DUP2 ISZERO ISZERO PUSH2 0x321E JUMPI INVALID JUMPDEST DIV PUSH1 0x6 SLOAD GT ISZERO ISZERO PUSH2 0x322E JUMPI PUSH1 0x0 DUP1 REVERT JUMPDEST JUMPDEST DUP2 PUSH1 0x9 PUSH1 0x0 CALLER PUSH20 0xFFFFFFFFFFFFFFFFFFFFFFFFFFFFFFFFFFFFFFFF AND PUSH20 0xFFFFFFFFFFFFFFFFFFFFFFFFFFFFFFFFFFFFFFFF AND DUP2 MSTORE PUSH1 0x20 ADD SWAP1 DUP2 MSTORE PUSH1 0x20 ADD PUSH1 0x0 KECCAK256 SLOAD LT ISZERO ISZERO ISZERO PUSH2 0x327D JUMPI PUSH1 0x0 DUP1 REVERT JUMPDEST DUP2 PUSH1 0x9 PUSH1 0x0 ADDRESS PUSH20 0xFFFFFFFFFFFFFFFFFFFFFFFFFFFFFFFFFFFFFFFF AND PUSH20 0xFFFFFFFFFFFFFFFFFFFFFFFFFFFFFFFFFFFFFFFF AND DUP2 MSTORE PUSH1 0x20 ADD SWAP1 DUP2 MSTORE PUSH1 0x20 ADD PUSH1 0x0 KECCAK256 PUSH1 0x0 DUP3 DUP3 SLOAD ADD SWAP3 POP POP DUP2 SWAP1 SSTORE POP DUP2 PUSH1 0x9 PUSH1 0x0 CALLER PUSH20 0xFFFFFFFFFFFFFFFFFFFFFFFFFFFFFFFFFFFFFFFF AND PUSH20 0xFFFFFFFFFFFFFFFFFFFFFFFFFFFFFFFFFFFFFFFF AND DUP2 MSTORE PUSH1 0x20 ADD SWAP1 DUP2 MSTORE PUSH1 0x20 ADD PUSH1 0x0 KECCAK256 PUSH1 0x0 DUP3 DUP3 SLOAD SUB SWAP3 POP POP DUP2 SWAP1 SSTORE POP PUSH1 0x13 SLOAD DUP3 DUP2 ISZERO ISZERO PUSH2 0x3324 JUMPI INVALID JUMPDEST DIV SWAP1 POP CALLER PUSH20 0xFFFFFFFFFFFFFFFFFFFFFFFFFFFFFFFFFFFFFFFF AND PUSH2 0x8FC DUP3 SWAP1 DUP2 ISZERO MUL SWAP1 PUSH1 0x40 MLOAD PUSH1 0x0 PUSH1 0x40 MLOAD DUP1 DUP4 SUB DUP2 DUP6 DUP9 DUP9 CALL SWAP4 POP POP POP POP ISZERO ISZERO PUSH2 0x3367 JUMPI PUSH1 0x0 DUP1 REVERT JUMPDEST ADDRESS PUSH20 0xFFFFFFFFFFFFFFFFFFFFFFFFFFFFFFFFFFFFFFFF AND CALLER PUSH20 0xFFFFFFFFFFFFFFFFFFFFFFFFFFFFFFFFFFFFFFFF AND PUSH32 0xDDF252AD1BE2C89B69C2B068FC378DAA952BA7F163C4A11628F55A4DF523B3EF DUP5 PUSH1 0x40 MLOAD DUP1 DUP3 DUP2 MSTORE PUSH1 0x20 ADD SWAP2 POP POP PUSH1 0x40 MLOAD DUP1 SWAP2 SUB SWAP1 LOG3 DUP1 SWAP1 POP SWAP2 SWAP1 POP JUMP JUMPDEST PUSH1 0x0 DUP1 SWAP1 SLOAD SWAP1 PUSH2 0x100 EXP SWAP1 DIV PUSH20 0xFFFFFFFFFFFFFFFFFFFFFFFFFFFFFFFFFFFFFFFF AND PUSH20 0xFFFFFFFFFFFFFFFFFFFFFFFFFFFFFFFFFFFFFFFF AND CALLER PUSH20 0xFFFFFFFFFFFFFFFFFFFFFFFFFFFFFFFFFFFFFFFF AND EQ ISZERO ISZERO PUSH2 0x342F JUMPI PUSH1 0x0 DUP1 REVERT JUMPDEST DUP1 PUSH1 0x7 PUSH1 0x2 PUSH2 0x100 EXP DUP2 SLOAD DUP2 PUSH1 0xFF MUL NOT AND SWAP1 DUP4 ISZERO ISZERO MUL OR SWAP1 SSTORE POP POP JUMP JUMPDEST PUSH1 0x0 DUP1 SWAP1 SLOAD SWAP1 PUSH2 0x100 EXP SWAP1 DIV PUSH20 0xFFFFFFFFFFFFFFFFFFFFFFFFFFFFFFFFFFFFFFFF AND PUSH20 0xFFFFFFFFFFFFFFFFFFFFFFFFFFFFFFFFFFFFFFFF AND CALLER PUSH20 0xFFFFFFFFFFFFFFFFFFFFFFFFFFFFFFFFFFFFFFFF AND EQ ISZERO ISZERO PUSH2 0x34A7 JUMPI PUSH1 0x0 DUP1 REVERT JUMPDEST DUP1 PUSH1 0x0 DUP1 PUSH2 0x100 EXP DUP2 SLOAD DUP2 PUSH20 0xFFFFFFFFFFFFFFFFFFFFFFFFFFFFFFFFFFFFFFFF MUL NOT AND SWAP1 DUP4 PUSH20 0xFFFFFFFFFFFFFFFFFFFFFFFFFFFFFFFFFFFFFFFF AND MUL OR SWAP1 SSTORE POP POP JUMP JUMPDEST PUSH1 0x0 DUP1 SWAP1 SLOAD SWAP1 PUSH2 0x100 EXP SWAP1 DIV PUSH20 0xFFFFFFFFFFFFFFFFFFFFFFFFFFFFFFFFFFFFFFFF AND PUSH20 0xFFFFFFFFFFFFFFFFFFFFFFFFFFFFFFFFFFFFFFFF AND CALLER PUSH20 0xFFFFFFFFFFFFFFFFFFFFFFFFFFFFFFFFFFFFFFFF AND EQ ISZERO ISZERO PUSH2 0x3545 JUMPI PUSH1 0x0 DUP1 REVERT JUMPDEST DUP2 PUSH20 0xFFFFFFFFFFFFFFFFFFFFFFFFFFFFFFFFFFFFFFFF AND PUSH2 0x8FC DUP3 SWAP1 DUP2 ISZERO MUL SWAP1 PUSH1 0x40 MLOAD PUSH1 0x0 PUSH1 0x40 MLOAD DUP1 DUP4 SUB DUP2 DUP6 DUP9 DUP9 CALL SWAP4 POP POP POP POP ISZERO ISZERO PUSH2 0x3585 JUMPI PUSH1 0x0 DUP1 REVERT JUMPDEST DUP2 PUSH20 0xFFFFFFFFFFFFFFFFFFFFFFFFFFFFFFFFFFFFFFFF AND PUSH32 0x7084F5476618D8E60B11EF0D7D3F06914655ADB8793E28FF7F018D4C76D505D5 DUP3 PUSH1 0x40 MLOAD DUP1 DUP3 DUP2 MSTORE PUSH1 0x20 ADD SWAP2 POP POP PUSH1 0x40 MLOAD DUP1 SWAP2 SUB SWAP1 LOG2 POP POP JUMP JUMPDEST DUP1 PUSH1 0x7 PUSH1 0x1 PUSH2 0x100 EXP DUP2 SLOAD DUP2 PUSH1 0xFF MUL NOT AND SWAP1 DUP4 ISZERO ISZERO MUL OR SWAP1 SSTORE POP POP JUMP JUMPDEST PUSH1 0x0 DUP3 PUSH20 0xFFFFFFFFFFFFFFFFFFFFFFFFFFFFFFFFFFFFFFFF AND EQ ISZERO ISZERO ISZERO PUSH2 0x361A JUMPI PUSH1 0x0 DUP1 REVERT JUMPDEST PUSH1 0xB PUSH1 0x0 DUP5 PUSH20 0xFFFFFFFFFFFFFFFFFFFFFFFFFFFFFFFFFFFFFFFF AND PUSH20 0xFFFFFFFFFFFFFFFFFFFFFFFFFFFFFFFFFFFFFFFF AND DUP2 MSTORE PUSH1 0x20 ADD SWAP1 DUP2 MSTORE PUSH1 0x20 ADD PUSH1 0x0 KECCAK256 PUSH1 0x0 SWAP1 SLOAD SWAP1 PUSH2 0x100 EXP SWAP1 DIV PUSH1 0xFF AND ISZERO ISZERO ISZERO PUSH2 0x3673 JUMPI PUSH1 0x0 DUP1 REVERT JUMPDEST DUP1 PUSH1 0x9 PUSH1 0x0 DUP6 PUSH20 0xFFFFFFFFFFFFFFFFFFFFFFFFFFFFFFFFFFFFFFFF AND PUSH20 0xFFFFFFFFFFFFFFFFFFFFFFFFFFFFFFFFFFFFFFFF AND DUP2 MSTORE PUSH1 0x20 ADD SWAP1 DUP2 MSTORE PUSH1 0x20 ADD PUSH1 0x0 KECCAK256 SLOAD LT ISZERO ISZERO ISZERO PUSH2 0x36C1 JUMPI PUSH1 0x0 DUP1 REVERT JUMPDEST PUSH1 0x9 PUSH1 0x0 DUP4 PUSH20 0xFFFFFFFFFFFFFFFFFFFFFFFFFFFFFFFFFFFFFFFF AND PUSH20 0xFFFFFFFFFFFFFFFFFFFFFFFFFFFFFFFFFFFFFFFF AND DUP2 MSTORE PUSH1 0x20 ADD SWAP1 DUP2 MSTORE PUSH1 0x20 ADD PUSH1 0x0 KECCAK256 SLOAD DUP2 PUSH1 0x9 PUSH1 0x0 DUP6 PUSH20 0xFFFFFFFFFFFFFFFFFFFFFFFFFFFFFFFFFFFFFFFF AND PUSH20 0xFFFFFFFFFFFFFFFFFFFFFFFFFFFFFFFFFFFFFFFF AND DUP2 MSTORE PUSH1 0x20 ADD SWAP1 DUP2 MSTORE PUSH1 0x20 ADD PUSH1 0x0 KECCAK256 SLOAD ADD GT ISZERO ISZERO PUSH2 0x374F JUMPI PUSH1 0x0 DUP1 REVERT JUMPDEST DUP1 PUSH1 0x9 PUSH1 0x0 DUP6 PUSH20 0xFFFFFFFFFFFFFFFFFFFFFFFFFFFFFFFFFFFFFFFF AND PUSH20 0xFFFFFFFFFFFFFFFFFFFFFFFFFFFFFFFFFFFFFFFF AND DUP2 MSTORE PUSH1 0x20 ADD SWAP1 DUP2 MSTORE PUSH1 0x20 ADD PUSH1 0x0 KECCAK256 PUSH1 0x0 DUP3 DUP3 SLOAD SUB SWAP3 POP POP DUP2 SWAP1 SSTORE POP DUP1 PUSH1 0x9 PUSH1 0x0 DUP5 PUSH20 0xFFFFFFFFFFFFFFFFFFFFFFFFFFFFFFFFFFFFFFFF AND PUSH20 0xFFFFFFFFFFFFFFFFFFFFFFFFFFFFFFFFFFFFFFFF AND DUP2 MSTORE PUSH1 0x20 ADD SWAP1 DUP2 MSTORE PUSH1 0x20 ADD PUSH1 0x0 KECCAK256 PUSH1 0x0 DUP3 DUP3 SLOAD ADD SWAP3 POP POP DUP2 SWAP1 SSTORE POP DUP2 PUSH20 0xFFFFFFFFFFFFFFFFFFFFFFFFFFFFFFFFFFFFFFFF AND DUP4 PUSH20 0xFFFFFFFFFFFFFFFFFFFFFFFFFFFFFFFFFFFFFFFF AND PUSH32 0xDDF252AD1BE2C89B69C2B068FC378DAA952BA7F163C4A11628F55A4DF523B3EF DUP4 PUSH1 0x40 MLOAD DUP1 DUP3 DUP2 MSTORE PUSH1 0x20 ADD SWAP2 POP POP PUSH1 0x40 MLOAD DUP1 SWAP2 SUB SWAP1 LOG3 POP POP POP JUMP JUMPDEST DUP1 PUSH1 0xB PUSH1 0x0 DUP5 PUSH20 0xFFFFFFFFFFFFFFFFFFFFFFFFFFFFFFFFFFFFFFFF AND PUSH20 0xFFFFFFFFFFFFFFFFFFFFFFFFFFFFFFFFFFFFFFFF AND DUP2 MSTORE PUSH1 0x20 ADD SWAP1 DUP2 MSTORE PUSH1 0x20 ADD PUSH1 0x0 KECCAK256 PUSH1 0x0 PUSH2 0x100 EXP DUP2 SLOAD DUP2 PUSH1 0xFF MUL NOT AND SWAP1 DUP4 ISZERO ISZERO MUL OR SWAP1 SSTORE POP DUP2 PUSH20 0xFFFFFFFFFFFFFFFFFFFFFFFFFFFFFFFFFFFFFFFF AND PUSH32 0x713EB400302CEBAC61F82EB8DE5051D38458517FFAC43AE45F4A9FD5D09EE698 DUP3 PUSH1 0x40 MLOAD DUP1 DUP3 ISZERO ISZERO ISZERO ISZERO DUP2 MSTORE PUSH1 0x20 ADD SWAP2 POP POP PUSH1 0x40 MLOAD DUP1 SWAP2 SUB SWAP1 LOG2 POP POP JUMP STOP LOG1 PUSH6 0x627A7A723058 KECCAK256 MUL SHL 0xd5 0xc7 SWAP6 0xeb PUSH6 0xCEDAD853549B 0x5e JUMPDEST 0xc0 PUSH31 0x1A24A332E226D4337DE3DD43ED49D500290000000000000000000000000000
1,PUSH1 0x60 PUSH1 0x40 MSTORE PUSH1 0x12 PUSH1 0x2 PUSH1 0x0 PUSH2 0x100 EXP DUP2 SLOAD DUP2 PUSH1 0xFF MUL NOT AND SWAP1 DUP4 PUSH1 0xFF AND MUL OR SWAP1 SSTORE POP CALLVALUE ISZERO PUSH2 0x2B JUMPI PUSH1 0x0 DUP1 REVERT JUMPDEST PUSH1 0x2 PUSH1 0x0 SWAP1 SLOAD SWAP1 PUSH2 0x100 EXP SWAP1 DIV PUSH1 0xFF AND PUSH1 0xFF AND PUSH1 0xA EXP PUSH4 0x1DCD6500 MUL PUSH1 0x3 DUP2 SWAP1 SSTORE POP PUSH1 0x3 SLOAD PUSH1 0x4 PUSH1 0x0 CALLER PUSH20 0xFFFFFFFFFFFFFFFFFFFFFFFFFFFFFFFFFFFFFFFF AND PUSH20 0xFFFFFFFFFFFFFFFFFFFFFFFFFFFFFFFFFFFFFFFF AND DUP2 MSTORE PUSH1 0x20 ADD SWAP1 DUP2 MSTORE PUSH1 0x20 ADD PUSH1 0x0 KECCAK256 DUP2 SWAP1 SSTORE POP PUSH1 0x40 DUP1 MLOAD SWAP1 DUP2 ADD PUSH1 0x40 MSTORE DUP1 PUSH1 0x16 DUP2 MSTORE PUSH1 0x20 ADD PUSH32 0x457468657265756D2046756E64696E6720546F6B656E00000000000000000000 DUP2 MSTORE POP PUSH1 0x0 SWAP1 DUP1 MLOAD SWAP1 PUSH1 0x20 ADD SWAP1 PUSH2 0xDE SWAP3 SWAP2 SWAP1 PUSH2 0x130 JUMP JUMPDEST POP PUSH1 0x40 DUP1 MLOAD SWAP1 DUP2 ADD PUSH1 0x40 MSTORE DUP1 PUSH1 0x3 DUP2 MSTORE PUSH1 0x20 ADD PUSH32 0x4546540000000000000000000000000000000000000000000000000000000000 DUP2 MSTORE POP PUSH1 0x1 SWAP1 DUP1 MLOAD SWAP1 PUSH1 0x20 ADD SWAP1 PUSH2 0x12A SWAP3 SWAP2 SWAP1 PUSH2 0x130 JUMP JUMPDEST POP PUSH2 0x1D5 JUMP JUMPDEST DUP3 DUP1 SLOAD PUSH1 0x1 DUP2 PUSH1 0x1 AND ISZERO PUSH2 0x100 MUL SUB AND PUSH1 0x2 SWAP1 DIV SWAP1 PUSH1 0x0 MSTORE PUSH1 0x20 PUSH1 0x0 KECCAK256 SWAP1 PUSH1 0x1F ADD PUSH1 0x20 SWAP1 DIV DUP2 ADD SWAP3 DUP3 PUSH1 0x1F LT PUSH2 0x171 JUMPI DUP1 MLOAD PUSH1 0xFF NOT AND DUP4 DUP1 ADD OR DUP6 SSTORE PUSH2 0x19F JUMP JUMPDEST DUP3 DUP1 ADD PUSH1 0x1 ADD DUP6 SSTORE DUP3 ISZERO PUSH2 0x19F JUMPI SWAP2 DUP3 ADD JUMPDEST DUP3 DUP2 GT ISZERO PUSH2 0x19E JUMPI DUP3 MLOAD DUP3 SSTORE SWAP2 PUSH1 0x20 ADD SWAP2 SWAP1 PUSH1 0x1 ADD SWAP1 PUSH2 0x183 JUMP JUMPDEST JUMPDEST POP SWAP1 POP PUSH2 0x1AC SWAP2 SWAP1 PUSH2 0x1B0 JUMP JUMPDEST POP SWAP1 JUMP JUMPDEST PUSH2 0x1D2 SWAP2 SWAP1 JUMPDEST DUP1 DUP3 GT ISZERO PUSH2 0x1CE JUMPI PUSH1 0x0 DUP2 PUSH1 0x0 SWAP1 SSTORE POP PUSH1 0x1 ADD PUSH2 0x1B6 JUMP JUMPDEST POP SWAP1 JUMP JUMPDEST SWAP1 JUMP JUMPDEST PUSH2 0xE46 DUP1 PUSH2 0x1E4 PUSH1 0x0 CODECOPY PUSH1 0x0 RETURN STOP PUSH1 0x60 PUSH1 0x40 MSTORE PUSH1 0x4 CALLDATASIZE LT PUSH2 0xAF JUMPI PUSH1 0x0 CALLDATALOAD PUSH29 0x100000000000000000000000000000000000000000000000000000000 SWAP1 DIV PUSH4 0xFFFFFFFF AND DUP1 PUSH4 0x6FDDE03 EQ PUSH2 0xB4 JUMPI DUP1 PUSH4 0x95EA7B3 EQ PUSH2 0x142 JUMPI DUP1 PUSH4 0x18160DDD EQ PUSH2 0x19C JUMPI DUP1 PUSH4 0x23B872DD EQ PUSH2 0x1C5 JUMPI DUP1 PUSH4 0x313CE567 EQ PUSH2 0x23E JUMPI DUP1 PUSH4 0x42966C68 EQ PUSH2 0x26D JUMPI DUP1 PUSH4 0x70A08231 EQ PUSH2 0x2A8 JUMPI DUP1 PUSH4 0x79CC6790 EQ PUSH2 0x2F5 JUMPI DUP1 PUSH4 0x95D89B41 EQ PUSH2 0x34F JUMPI DUP1 PUSH4 0xA9059CBB EQ PUSH2 0x3DD JUMPI DUP1 PUSH4 0xDD62ED3E EQ PUSH2 0x41F JUMPI JUMPDEST PUSH1 0x0 DUP1 REVERT JUMPDEST CALLVALUE ISZERO PUSH2 0xBF JUMPI PUSH1 0x0 DUP1 REVERT JUMPDEST PUSH2 0xC7 PUSH2 0x48B JUMP JUMPDEST PUSH1 0x40 MLOAD DUP1 DUP1 PUSH1 0x20 ADD DUP3 DUP2 SUB DUP3 MSTORE DUP4 DUP2 DUP2 MLOAD DUP2 MSTORE PUSH1 0x20 ADD SWAP2 POP DUP1 MLOAD SWAP1 PUSH1 0x20 ADD SWAP1 DUP1 DUP4 DUP4 PUSH1 0x0 JUMPDEST DUP4 DUP2 LT ISZERO PUSH2 0x107 JUMPI DUP1 DUP3 ADD MLOAD DUP2 DUP5 ADD MSTORE PUSH1 0x20 DUP2 ADD SWAP1 POP PUSH2 0xEC JUMP JUMPDEST POP POP POP POP SWAP1 POP SWAP1 DUP2 ADD SWAP1 PUSH1 0x1F AND DUP1 ISZERO PUSH2 0x134 JUMPI DUP1 DUP3 SUB DUP1 MLOAD PUSH1 0x1 DUP4 PUSH1 0x20 SUB PUSH2 0x100 EXP SUB NOT AND DUP2 MSTORE PUSH1 0x20 ADD SWAP2 POP JUMPDEST POP SWAP3 POP POP POP PUSH1 0x40 MLOAD DUP1 SWAP2 SUB SWAP1 RETURN JUMPDEST CALLVALUE ISZERO PUSH2 0x14D JUMPI PUSH1 0x0 DUP1 REVERT JUMPDEST PUSH2 0x182 PUSH1 0x4 DUP1 DUP1 CALLDATALOAD PUSH20 0xFFFFFFFFFFFFFFFFFFFFFFFFFFFFFFFFFFFFFFFF AND SWAP1 PUSH1 0x20 ADD SWAP1 SWAP2 SWAP1 DUP1 CALLDATALOAD SWAP1 PUSH1 0x20 ADD SWAP1 SWAP2 SWAP1 POP POP PUSH2 0x529 JUMP JUMPDEST PUSH1 0x40 MLOAD DUP1 DUP3 ISZERO ISZERO ISZERO ISZERO DUP2 MSTORE PUSH1 0x20 ADD SWAP2 POP POP PUSH1 0x40 MLOAD DUP1 SWAP2 SUB SWAP1 RETURN JUMPDEST CALLVALUE ISZERO PUSH2 0x1A7 JUMPI PUSH1 0x0 DUP1 REVERT JUMPDEST PUSH2 0x1AF PUSH2 0x5B6 JUMP JUMPDEST PUSH1 0x40 MLOAD DUP1 DUP3 DUP2 MSTORE PUSH1 0x20 ADD SWAP2 POP POP PUSH1 0x40 MLOAD DUP1 SWAP2 SUB SWAP1 RETURN JUMPDEST CALLVALUE ISZERO PUSH2 0x1D0 JUMPI PUSH1 0x0 DUP1 REVERT JUMPDEST PUSH2 0x224 PUSH1 0x4 DUP1 DUP1 CALLDATALOAD PUSH20 0xFFFFFFFFFFFFFFFFFFFFFFFFFFFFFFFFFFFFFFFF AND SWAP1 PUSH1 0x20 ADD SWAP1 SWAP2 SWAP1 DUP1 CALLDATALOAD PUSH20 0xFFFFFFFFFFFFFFFFFFFFFFFFFFFFFFFFFFFFFFFF AND SWAP1 PUSH1 0x20 ADD SWAP1 SWAP2 SWAP1 DUP1 CALLDATALOAD SWAP1 PUSH1 0x20 ADD SWAP1 SWAP2 SWAP1 POP POP PUSH2 0x5BC JUMP JUMPDEST PUSH1 0x40 MLOAD DUP1 DUP3 ISZERO ISZERO ISZERO ISZERO DUP2 MSTORE PUSH1 0x20 ADD SWAP2 POP POP PUSH1 0x40 MLOAD DUP1 SWAP2 SUB SWAP1 RETURN JUMPDEST CALLVALUE ISZERO PUSH2 0x249 JUMPI PUSH1 0x0 DUP1 REVERT JUMPDEST PUSH2 0x251 PUSH2 0x6E9 JUMP JUMPDEST PUSH1 0x40 MLOAD DUP1 DUP3 PUSH1 0xFF AND PUSH1 0xFF AND DUP2 MSTORE PUSH1 0x20 ADD SWAP2 POP POP PUSH1 0x40 MLOAD DUP1 SWAP2 SUB SWAP1 RETURN JUMPDEST CALLVALUE ISZERO PUSH2 0x278 JUMPI PUSH1 0x0 DUP1 REVERT JUMPDEST PUSH2 0x28E PUSH1 0x4 DUP1 DUP1 CALLDATALOAD SWAP1 PUSH1 0x20 ADD SWAP1 SWAP2 SWAP1 POP POP PUSH2 0x6FC JUMP JUMPDEST PUSH1 0x40 MLOAD DUP1 DUP3 ISZERO ISZERO ISZERO ISZERO DUP2 MSTORE PUSH1 0x20 ADD SWAP2 POP POP PUSH1 0x40 MLOAD DUP1 SWAP2 SUB SWAP1 RETURN JUMPDEST CALLVALUE ISZERO PUSH2 0x2B3 JUMPI PUSH1 0x0 DUP1 REVERT JUMPDEST PUSH2 0x2DF PUSH1 0x4 DUP1 DUP1 CALLDATALOAD PUSH20 0xFFFFFFFFFFFFFFFFFFFFFFFFFFFFFFFFFFFFFFFF AND SWAP1 PUSH1 0x20 ADD SWAP1 SWAP2 SWAP1 POP POP PUSH2 0x800 JUMP JUMPDEST PUSH1 0x40 MLOAD DUP1 DUP3 DUP2 MSTORE PUSH1 0x20 ADD SWAP2 POP POP PUSH1 0x40 MLOAD DUP1 SWAP2 SUB SWAP1 RETURN JUMPDEST CALLVALUE ISZERO PUSH2 0x300 JUMPI PUSH1 0x0 DUP1 REVERT JUMPDEST PUSH2 0x335 PUSH1 0x4 DUP1 DUP1 CALLDATALOAD PUSH20 0xFFFFFFFFFFFFFFFFFFFFFFFFFFFFFFFFFFFFFFFF AND SWAP1 PUSH1 0x20 ADD SWAP1 SWAP2 SWAP1 DUP1 CALLDATALOAD SWAP1 PUSH1 0x20 ADD SWAP1 SWAP2 SWAP1 POP POP PUSH2 0x818 JUMP JUMPDEST PUSH1 0x40 MLOAD DUP1 DUP3 ISZERO ISZERO ISZERO ISZERO DUP2 MSTORE PUSH1 0x20 ADD SWAP2 POP POP PUSH1 0x40 MLOAD DUP1 SWAP2 SUB SWAP1 RETURN JUMPDEST CALLVALUE ISZERO PUSH2 0x35A JUMPI PUSH1 0x0 DUP1 REVERT JUMPDEST PUSH2 0x362 PUSH2 0xA32 JUMP JUMPDEST PUSH1 0x40 MLOAD DUP1 DUP1 PUSH1 0x20 ADD DUP3 DUP2 SUB DUP3 MSTORE DUP4 DUP2 DUP2 MLOAD DUP2 MSTORE PUSH1 0x20 ADD SWAP2 POP DUP1 MLOAD SWAP1 PUSH1 0x20 ADD SWAP1 DUP1 DUP4 DUP4 PUSH1 0x0 JUMPDEST DUP4 DUP2 LT ISZERO PUSH2 0x3A2 JUMPI DUP1 DUP3 ADD MLOAD DUP2 DUP5 ADD MSTORE PUSH1 0x20 DUP2 ADD SWAP1 POP PUSH2 0x387 JUMP JUMPDEST POP POP POP POP SWAP1 POP SWAP1 DUP2 ADD SWAP1 PUSH1 0x1F AND DUP1 ISZERO PUSH2 0x3CF JUMPI DUP1 DUP3 SUB DUP1 MLOAD PUSH1 0x1 DUP4 PUSH1 0x20 SUB PUSH2 0x100 EXP SUB NOT AND DUP2 MSTORE PUSH1 0x20 ADD SWAP2 POP JUMPDEST POP SWAP3 POP POP POP PUSH1 0x40 MLOAD DUP1 SWAP2 SUB SWAP1 RETURN JUMPDEST CALLVALUE ISZERO PUSH2 0x3E8 JUMPI PUSH1 0x0 DUP1 REVERT JUMPDEST PUSH2 0x41D PUSH1 0x4 DUP1 DUP1 CALLDATALOAD PUSH20 0xFFFFFFFFFFFFFFFFFFFFFFFFFFFFFFFFFFFFFFFF AND SWAP1 PUSH1 0x20 ADD SWAP1 SWAP2 SWAP1 DUP1 CALLDATALOAD SWAP1 PUSH1 0x20 ADD SWAP1 SWAP2 SWAP1 POP POP PUSH2 0xAD0 JUMP JUMPDEST STOP JUMPDEST CALLVALUE ISZERO PUSH2 0x42A JUMPI PUSH1 0x0 DUP1 REVERT JUMPDEST PUSH2 0x475 PUSH1 0x4 DUP1 DUP1 CALLDATALOAD PUSH20 0xFFFFFFFFFFFFFFFFFFFFFFFFFFFFFFFFFFFFFFFF AND SWAP1 PUSH1 0x20 ADD SWAP1 SWAP2 SWAP1 DUP1 CALLDATALOAD PUSH20 0xFFFFFFFFFFFFFFFFFFFFFFFFFFFFFFFFFFFFFFFF AND SWAP1 PUSH1 0x20 ADD SWAP1 SWAP2 SWAP1 POP POP PUSH2 0xADF JUMP JUMPDEST PUSH1 0x40 MLOAD DUP1 DUP3 DUP2 MSTORE PUSH1 0x20 ADD SWAP2 POP POP PUSH1 0x40 MLOAD DUP1 SWAP2 SUB SWAP1 RETURN JUMPDEST PUSH1 0x0 DUP1 SLOAD PUSH1 0x1 DUP2 PUSH1 0x1 AND ISZERO PUSH2 0x100 MUL SUB AND PUSH1 0x2 SWAP1 DIV DUP1 PUSH1 0x1F ADD PUSH1 0x20 DUP1 SWAP2 DIV MUL PUSH1 0x20 ADD PUSH1 0x40 MLOAD SWAP1 DUP2 ADD PUSH1 0x40 MSTORE DUP1 SWAP3 SWAP2 SWAP1 DUP2 DUP2 MSTORE PUSH1 0x20 ADD DUP3 DUP1 SLOAD PUSH1 0x1 DUP2 PUSH1 0x1 AND ISZERO PUSH2 0x100 MUL SUB AND PUSH1 0x2 SWAP1 DIV DUP1 ISZERO PUSH2 0x521 JUMPI DUP1 PUSH1 0x1F LT PUSH2 0x4F6 JUMPI PUSH2 0x100 DUP1 DUP4 SLOAD DIV MUL DUP4 MSTORE SWAP2 PUSH1 0x20 ADD SWAP2 PUSH2 0x521 JUMP JUMPDEST DUP3 ADD SWAP2 SWAP1 PUSH1 0x0 MSTORE PUSH1 0x20 PUSH1 0x0 KECCAK256 SWAP1 JUMPDEST DUP2 SLOAD DUP2 MSTORE SWAP1 PUSH1 0x1 ADD SWAP1 PUSH1 0x20 ADD DUP1 DUP4 GT PUSH2 0x504 JUMPI DUP3 SWAP1 SUB PUSH1 0x1F AND DUP3 ADD SWAP2 JUMPDEST POP POP POP POP POP DUP2 JUMP JUMPDEST PUSH1 0x0 DUP2 PUSH1 0x5 PUSH1 0x0 CALLER PUSH20 0xFFFFFFFFFFFFFFFFFFFFFFFFFFFFFFFFFFFFFFFF AND PUSH20 0xFFFFFFFFFFFFFFFFFFFFFFFFFFFFFFFFFFFFFFFF AND DUP2 MSTORE PUSH1 0x20 ADD SWAP1 DUP2 MSTORE PUSH1 0x20 ADD PUSH1 0x0 KECCAK256 PUSH1 0x0 DUP6 PUSH20 0xFFFFFFFFFFFFFFFFFFFFFFFFFFFFFFFFFFFFFFFF AND PUSH20 0xFFFFFFFFFFFFFFFFFFFFFFFFFFFFFFFFFFFFFFFF AND DUP2 MSTORE PUSH1 0x20 ADD SWAP1 DUP2 MSTORE PUSH1 0x20 ADD PUSH1 0x0 KECCAK256 DUP2 SWAP1 SSTORE POP PUSH1 0x1 SWAP1 POP SWAP3 SWAP2 POP POP JUMP JUMPDEST PUSH1 0x3 SLOAD DUP2 JUMP JUMPDEST PUSH1 0x0 PUSH1 0x5 PUSH1 0x0 DUP6 PUSH20 0xFFFFFFFFFFFFFFFFFFFFFFFFFFFFFFFFFFFFFFFF AND PUSH20 0xFFFFFFFFFFFFFFFFFFFFFFFFFFFFFFFFFFFFFFFF AND DUP2 MSTORE PUSH1 0x20 ADD SWAP1 DUP2 MSTORE PUSH1 0x20 ADD PUSH1 0x0 KECCAK256 PUSH1 0x0 CALLER PUSH20 0xFFFFFFFFFFFFFFFFFFFFFFFFFFFFFFFFFFFFFFFF AND PUSH20 0xFFFFFFFFFFFFFFFFFFFFFFFFFFFFFFFFFFFFFFFF AND DUP2 MSTORE PUSH1 0x20 ADD SWAP1 DUP2 MSTORE PUSH1 0x20 ADD PUSH1 0x0 KECCAK256 SLOAD DUP3 GT ISZERO ISZERO ISZERO PUSH2 0x649 JUMPI PUSH1 0x0 DUP1 REVERT JUMPDEST DUP2 PUSH1 0x5 PUSH1 0x0 DUP7 PUSH20 0xFFFFFFFFFFFFFFFFFFFFFFFFFFFFFFFFFFFFFFFF AND PUSH20 0xFFFFFFFFFFFFFFFFFFFFFFFFFFFFFFFFFFFFFFFF AND DUP2 MSTORE PUSH1 0x20 ADD SWAP1 DUP2 MSTORE PUSH1 0x20 ADD PUSH1 0x0 KECCAK256 PUSH1 0x0 CALLER PUSH20 0xFFFFFFFFFFFFFFFFFFFFFFFFFFFFFFFFFFFFFFFF AND PUSH20 0xFFFFFFFFFFFFFFFFFFFFFFFFFFFFFFFFFFFFFFFF AND DUP2 MSTORE PUSH1 0x20 ADD SWAP1 DUP2 MSTORE PUSH1 0x20 ADD PUSH1 0x0 KECCAK256 PUSH1 0x0 DUP3 DUP3 SLOAD SUB SWAP3 POP POP DUP2 SWAP1 SSTORE POP PUSH2 0x6DE DUP5 DUP5 DUP5 PUSH2 0xB04 JUMP JUMPDEST PUSH1 0x1 SWAP1 POP SWAP4 SWAP3 POP POP POP JUMP JUMPDEST PUSH1 0x2 PUSH1 0x0 SWAP1 SLOAD SWAP1 PUSH2 0x100 EXP SWAP1 DIV PUSH1 0xFF AND DUP2 JUMP JUMPDEST PUSH1 0x0 DUP2 PUSH1 0x4 PUSH1 0x0 CALLER PUSH20 0xFFFFFFFFFFFFFFFFFFFFFFFFFFFFFFFFFFFFFFFF AND PUSH20 0xFFFFFFFFFFFFFFFFFFFFFFFFFFFFFFFFFFFFFFFF AND DUP2 MSTORE PUSH1 0x20 ADD SWAP1 DUP2 MSTORE PUSH1 0x20 ADD PUSH1 0x0 KECCAK256 SLOAD LT ISZERO ISZERO ISZERO PUSH2 0x74C JUMPI PUSH1 0x0 DUP1 REVERT JUMPDEST DUP2 PUSH1 0x4 PUSH1 0x0 CALLER PUSH20 0xFFFFFFFFFFFFFFFFFFFFFFFFFFFFFFFFFFFFFFFF AND PUSH20 0xFFFFFFFFFFFFFFFFFFFFFFFFFFFFFFFFFFFFFFFF AND DUP2 MSTORE PUSH1 0x20 ADD SWAP1 DUP2 MSTORE PUSH1 0x20 ADD PUSH1 0x0 KECCAK256 PUSH1 0x0 DUP3 DUP3 SLOAD SUB SWAP3 POP POP DUP2 SWAP1 SSTORE POP DUP2 PUSH1 0x3 PUSH1 0x0 DUP3 DUP3 SLOAD SUB SWAP3 POP POP DUP2 SWAP1 SSTORE POP CALLER PUSH20 0xFFFFFFFFFFFFFFFFFFFFFFFFFFFFFFFFFFFFFFFF AND PUSH32 0xCC16F5DBB4873280815C1EE09DBD06736CFFCC184412CF7A71A0FDB75D397CA5 DUP4 PUSH1 0x40 MLOAD DUP1 DUP3 DUP2 MSTORE PUSH1 0x20 ADD SWAP2 POP POP PUSH1 0x40 MLOAD DUP1 SWAP2 SUB SWAP1 LOG2 PUSH1 0x1 SWAP1 POP SWAP2 SWAP1 POP JUMP JUMPDEST PUSH1 0x4 PUSH1 0x20 MSTORE DUP1 PUSH1 0x0 MSTORE PUSH1 0x40 PUSH1 0x0 KECCAK256 PUSH1 0x0 SWAP2 POP SWAP1 POP SLOAD DUP2 JUMP JUMPDEST PUSH1 0x0 DUP2 PUSH1 0x4 PUSH1 0x0 DUP6 PUSH20 0xFFFFFFFFFFFFFFFFFFFFFFFFFFFFFFFFFFFFFFFF AND PUSH20 0xFFFFFFFFFFFFFFFFFFFFFFFFFFFFFFFFFFFFFFFF AND DUP2 MSTORE PUSH1 0x20 ADD SWAP1 DUP2 MSTORE PUSH1 0x20 ADD PUSH1 0x0 KECCAK256 SLOAD LT ISZERO ISZERO ISZERO PUSH2 0x868 JUMPI PUSH1 0x0 DUP1 REVERT JUMPDEST PUSH1 0x5 PUSH1 0x0 DUP5 PUSH20 0xFFFFFFFFFFFFFFFFFFFFFFFFFFFFFFFFFFFFFFFF AND PUSH20 0xFFFFFFFFFFFFFFFFFFFFFFFFFFFFFFFFFFFFFFFF AND DUP2 MSTORE PUSH1 0x20 ADD SWAP1 DUP2 MSTORE PUSH1 0x20 ADD PUSH1 0x0 KECCAK256 PUSH1 0x0 CALLER PUSH20 0xFFFFFFFFFFFFFFFFFFFFFFFFFFFFFFFFFFFFFFFF AND PUSH20 0xFFFFFFFFFFFFFFFFFFFFFFFFFFFFFFFFFFFFFFFF AND DUP2 MSTORE PUSH1 0x20 ADD SWAP1 DUP2 MSTORE PUSH1 0x20 ADD PUSH1 0x0 KECCAK256 SLOAD DUP3 GT ISZERO ISZERO ISZERO PUSH2 0x8F3 JUMPI PUSH1 0x0 DUP1 REVERT JUMPDEST DUP2 PUSH1 0x4 PUSH1 0x0 DUP6 PUSH20 0xFFFFFFFFFFFFFFFFFFFFFFFFFFFFFFFFFFFFFFFF AND PUSH20 0xFFFFFFFFFFFFFFFFFFFFFFFFFFFFFFFFFFFFFFFF AND DUP2 MSTORE PUSH1 0x20 ADD SWAP1 DUP2 MSTORE PUSH1 0x20 ADD PUSH1 0x0 KECCAK256 PUSH1 0x0 DUP3 DUP3 SLOAD SUB SWAP3 POP POP DUP2 SWAP1 SSTORE POP DUP2 PUSH1 0x5 PUSH1 0x0 DUP6 PUSH20 0xFFFFFFFFFFFFFFFFFFFFFFFFFFFFFFFFFFFFFFFF AND PUSH20 0xFFFFFFFFFFFFFFFFFFFFFFFFFFFFFFFFFFFFFFFF AND DUP2 MSTORE PUSH1 0x20 ADD SWAP1 DUP2 MSTORE PUSH1 0x20 ADD PUSH1 0x0 KECCAK256 PUSH1 0x0 CALLER PUSH20 0xFFFFFFFFFFFFFFFFFFFFFFFFFFFFFFFFFFFFFFFF AND PUSH20 0xFFFFFFFFFFFFFFFFFFFFFFFFFFFFFFFFFFFFFFFF AND DUP2 MSTORE PUSH1 0x20 ADD SWAP1 DUP2 MSTORE PUSH1 0x20 ADD PUSH1 0x0 KECCAK256 PUSH1 0x0 DUP3 DUP3 SLOAD SUB SWAP3 POP POP DUP2 SWAP1 SSTORE POP DUP2 PUSH1 0x3 PUSH1 0x0 DUP3 DUP3 SLOAD SUB SWAP3 POP POP DUP2 SWAP1 SSTORE POP DUP3 PUSH20 0xFFFFFFFFFFFFFFFFFFFFFFFFFFFFFFFFFFFFFFFF AND PUSH32 0xCC16F5DBB4873280815C1EE09DBD06736CFFCC184412CF7A71A0FDB75D397CA5 DUP4 PUSH1 0x40 MLOAD DUP1 DUP3 DUP2 MSTORE PUSH1 0x20 ADD SWAP2 POP POP PUSH1 0x40 MLOAD DUP1 SWAP2 SUB SWAP1 LOG2 PUSH1 0x1 SWAP1 POP SWAP3 SWAP2 POP POP JUMP JUMPDEST PUSH1 0x1 DUP1 SLOAD PUSH1 0x1 DUP2 PUSH1 0x1 AND ISZERO PUSH2 0x100 MUL SUB AND PUSH1 0x2 SWAP1 DIV DUP1 PUSH1 0x1F ADD PUSH1 0x20 DUP1 SWAP2 DIV MUL PUSH1 0x20 ADD PUSH1 0x40 MLOAD SWAP1 DUP2 ADD PUSH1 0x40 MSTORE DUP1 SWAP3 SWAP2 SWAP1 DUP2 DUP2 MSTORE PUSH1 0x20 ADD DUP3 DUP1 SLOAD PUSH1 0x1 DUP2 PUSH1 0x1 AND ISZERO PUSH2 0x100 MUL SUB AND PUSH1 0x2 SWAP1 DIV DUP1 ISZERO PUSH2 0xAC8 JUMPI DUP1 PUSH1 0x1F LT PUSH2 0xA9D JUMPI PUSH2 0x100 DUP1 DUP4 SLOAD DIV MUL DUP4 MSTORE SWAP2 PUSH1 0x20 ADD SWAP2 PUSH2 0xAC8 JUMP JUMPDEST DUP3 ADD SWAP2 SWAP1 PUSH1 0x0 MSTORE PUSH1 0x20 PUSH1 0x0 KECCAK256 SWAP1 JUMPDEST DUP2 SLOAD DUP2 MSTORE SWAP1 PUSH1 0x1 ADD SWAP1 PUSH1 0x20 ADD DUP1 DUP4 GT PUSH2 0xAAB JUMPI DUP3 SWAP1 SUB PUSH1 0x1F AND DUP3 ADD SWAP2 JUMPDEST POP POP POP POP POP DUP2 JUMP JUMPDEST PUSH2 0xADB CALLER DUP4 DUP4 PUSH2 0xB04 JUMP JUMPDEST POP POP JUMP JUMPDEST PUSH1 0x5 PUSH1 0x20 MSTORE DUP2 PUSH1 0x0 MSTORE PUSH1 0x40 PUSH1 0x0 KECCAK256 PUSH1 0x20 MSTORE DUP1 PUSH1 0x0 MSTORE PUSH1 0x40 PUSH1 0x0 KECCAK256 PUSH1 0x0 SWAP2 POP SWAP2 POP POP SLOAD DUP2 JUMP JUMPDEST PUSH1 0x0 DUP1 DUP4 PUSH20 0xFFFFFFFFFFFFFFFFFFFFFFFFFFFFFFFFFFFFFFFF AND EQ ISZERO ISZERO ISZERO PUSH2 0xB2B JUMPI PUSH1 0x0 DUP1 REVERT JUMPDEST DUP2 PUSH1 0x4 PUSH1 0x0 DUP7 PUSH20 0xFFFFFFFFFFFFFFFFFFFFFFFFFFFFFFFFFFFFFFFF AND PUSH20 0xFFFFFFFFFFFFFFFFFFFFFFFFFFFFFFFFFFFFFFFF AND DUP2 MSTORE PUSH1 0x20 ADD SWAP1 DUP2 MSTORE PUSH1 0x20 ADD PUSH1 0x0 KECCAK256 SLOAD LT ISZERO ISZERO ISZERO PUSH2 0xB79 JUMPI PUSH1 0x0 DUP1 REVERT JUMPDEST PUSH1 0x4 PUSH1 0x0 DUP5 PUSH20 0xFFFFFFFFFFFFFFFFFFFFFFFFFFFFFFFFFFFFFFFF AND PUSH20 0xFFFFFFFFFFFFFFFFFFFFFFFFFFFFFFFFFFFFFFFF AND DUP2 MSTORE PUSH1 0x20 ADD SWAP1 DUP2 MSTORE PUSH1 0x20 ADD PUSH1 0x0 KECCAK256 SLOAD DUP3 PUSH1 0x4 PUSH1 0x0 DUP7 PUSH20 0xFFFFFFFFFFFFFFFFFFFFFFFFFFFFFFFFFFFFFFFF AND PUSH20 0xFFFFFFFFFFFFFFFFFFFFFFFFFFFFFFFFFFFFFFFF AND DUP2 MSTORE PUSH1 0x20 ADD SWAP1 DUP2 MSTORE PUSH1 0x20 ADD PUSH1 0x0 KECCAK256 SLOAD ADD GT ISZERO ISZERO PUSH2 0xC07 JUMPI PUSH1 0x0 DUP1 REVERT JUMPDEST PUSH1 0x4 PUSH1 0x0 DUP5 PUSH20 0xFFFFFFFFFFFFFFFFFFFFFFFFFFFFFFFFFFFFFFFF AND PUSH20 0xFFFFFFFFFFFFFFFFFFFFFFFFFFFFFFFFFFFFFFFF AND DUP2 MSTORE PUSH1 0x20 ADD SWAP1 DUP2 MSTORE PUSH1 0x20 ADD PUSH1 0x0 KECCAK256 SLOAD PUSH1 0x4 PUSH1 0x0 DUP7 PUSH20 0xFFFFFFFFFFFFFFFFFFFFFFFFFFFFFFFFFFFFFFFF AND PUSH20 0xFFFFFFFFFFFFFFFFFFFFFFFFFFFFFFFFFFFFFFFF AND DUP2 MSTORE PUSH1 0x20 ADD SWAP1 DUP2 MSTORE PUSH1 0x20 ADD PUSH1 0x0 KECCAK256 SLOAD ADD SWAP1 POP DUP2 PUSH1 0x4 PUSH1 0x0 DUP7 PUSH20 0xFFFFFFFFFFFFFFFFFFFFFFFFFFFFFFFFFFFFFFFF AND PUSH20 0xFFFFFFFFFFFFFFFFFFFFFFFFFFFFFFFFFFFFFFFF AND DUP2 MSTORE PUSH1 0x20 ADD SWAP1 DUP2 MSTORE PUSH1 0x20 ADD PUSH1 0x0 KECCAK256 PUSH1 0x0 DUP3 DUP3 SLOAD SUB SWAP3 POP POP DUP2 SWAP1 SSTORE POP DUP2 PUSH1 0x4 PUSH1 0x0 DUP6 PUSH20 0xFFFFFFFFFFFFFFFFFFFFFFFFFFFFFFFFFFFFFFFF AND PUSH20 0xFFFFFFFFFFFFFFFFFFFFFFFFFFFFFFFFFFFFFFFF AND DUP2 MSTORE PUSH1 0x20 ADD SWAP1 DUP2 MSTORE PUSH1 0x20 ADD PUSH1 0x0 KECCAK256 PUSH1 0x0 DUP3 DUP3 SLOAD ADD SWAP3 POP POP DUP2 SWAP1 SSTORE POP DUP3 PUSH20 0xFFFFFFFFFFFFFFFFFFFFFFFFFFFFFFFFFFFFFFFF AND DUP5 PUSH20 0xFFFFFFFFFFFFFFFFFFFFFFFFFFFFFFFFFFFFFFFF AND PUSH32 0xDDF252AD1BE2C89B69C2B068FC378DAA952BA7F163C4A11628F55A4DF523B3EF DUP5 PUSH1 0x40 MLOAD DUP1 DUP3 DUP2 MSTORE PUSH1 0x20 ADD SWAP2 POP POP PUSH1 0x40 MLOAD DUP1 SWAP2 SUB SWAP1 LOG3 DUP1 PUSH1 0x4 PUSH1 0x0 DUP6 PUSH20 0xFFFFFFFFFFFFFFFFFFFFFFFFFFFFFFFFFFFFFFFF AND PUSH20 0xFFFFFFFFFFFFFFFFFFFFFFFFFFFFFFFFFFFFFFFF AND DUP2 MSTORE PUSH1 0x20 ADD SWAP1 DUP2 MSTORE PUSH1 0x20 ADD PUSH1 0x0 KECCAK256 SLOAD PUSH1 0x4 PUSH1 0x0 DUP8 PUSH20 0xFFFFFFFFFFFFFFFFFFFFFFFFFFFFFFFFFFFFFFFF AND PUSH20 0xFFFFFFFFFFFFFFFFFFFFFFFFFFFFFFFFFFFFFFFF AND DUP2 MSTORE PUSH1 0x20 ADD SWAP1 DUP2 MSTORE PUSH1 0x20 ADD PUSH1 0x0 KECCAK256 SLOAD ADD EQ ISZERO ISZERO PUSH2 0xE14 JUMPI INVALID JUMPDEST POP POP POP POP JUMP STOP LOG1 PUSH6 0x627A7A723058 KECCAK256 0x4d DUP8 CALLCODE DUP5 GAS 0xe PUSH6 0xF455052739E9 SIGNEXTEND MOD 0x2b 0x1f 0xeb 0xe8 SWAP15 0x4b 0xdf SDIV 0x5e ADD 0xda SUB 0xb3 CALLER NOT 0xaa 0xd4 STOP 0x29
1,PUSH1 0x60 PUSH1 0x40 MSTORE CALLVALUE ISZERO PUSH3 0x10 JUMPI PUSH1 0x0 DUP1 REVERT JUMPDEST PUSH1 0x8 PUSH1 0xFF AND PUSH1 0xA EXP PUSH1 0xA MUL PUSH1 0x3 DUP2 SWAP1 SSTORE POP PUSH1 0x3 SLOAD PUSH1 0x4 PUSH1 0x0 CALLER PUSH20 0xFFFFFFFFFFFFFFFFFFFFFFFFFFFFFFFFFFFFFFFF AND PUSH20 0xFFFFFFFFFFFFFFFFFFFFFFFFFFFFFFFFFFFFFFFF AND DUP2 MSTORE PUSH1 0x20 ADD SWAP1 DUP2 MSTORE PUSH1 0x20 ADD PUSH1 0x0 KECCAK256 DUP2 SWAP1 SSTORE POP PUSH1 0x40 DUP1 MLOAD SWAP1 DUP2 ADD PUSH1 0x40 MSTORE DUP1 PUSH1 0xB DUP2 MSTORE PUSH1 0x20 ADD PUSH32 0x4A65616E7320546F6B656E000000000000000000000000000000000000000000 DUP2 MSTORE POP PUSH1 0x0 SWAP1 DUP1 MLOAD SWAP1 PUSH1 0x20 ADD SWAP1 PUSH3 0xB4 SWAP3 SWAP2 SWAP1 PUSH3 0x109 JUMP JUMPDEST POP PUSH1 0x40 DUP1 MLOAD SWAP1 DUP2 ADD PUSH1 0x40 MSTORE DUP1 PUSH1 0x5 DUP2 MSTORE PUSH1 0x20 ADD PUSH32 0x4A45414E53000000000000000000000000000000000000000000000000000000 DUP2 MSTORE POP PUSH1 0x1 SWAP1 DUP1 MLOAD SWAP1 PUSH1 0x20 ADD SWAP1 PUSH3 0x102 SWAP3 SWAP2 SWAP1 PUSH3 0x109 JUMP JUMPDEST POP PUSH3 0x1B8 JUMP JUMPDEST DUP3 DUP1 SLOAD PUSH1 0x1 DUP2 PUSH1 0x1 AND ISZERO PUSH2 0x100 MUL SUB AND PUSH1 0x2 SWAP1 DIV SWAP1 PUSH1 0x0 MSTORE PUSH1 0x20 PUSH1 0x0 KECCAK256 SWAP1 PUSH1 0x1F ADD PUSH1 0x20 SWAP1 DIV DUP2 ADD SWAP3 DUP3 PUSH1 0x1F LT PUSH3 0x14C JUMPI DUP1 MLOAD PUSH1 0xFF NOT AND DUP4 DUP1 ADD OR DUP6 SSTORE PUSH3 0x17D JUMP JUMPDEST DUP3 DUP1 ADD PUSH1 0x1 ADD DUP6 SSTORE DUP3 ISZERO PUSH3 0x17D JUMPI SWAP2 DUP3 ADD JUMPDEST DUP3 DUP2 GT ISZERO PUSH3 0x17C JUMPI DUP3 MLOAD DUP3 SSTORE SWAP2 PUSH1 0x20 ADD SWAP2 SWAP1 PUSH1 0x1 ADD SWAP1 PUSH3 0x15F JUMP JUMPDEST JUMPDEST POP SWAP1 POP PUSH3 0x18C SWAP2 SWAP1 PUSH3 0x190 JUMP JUMPDEST POP SWAP1 JUMP JUMPDEST PUSH3 0x1B5 SWAP2 SWAP1 JUMPDEST DUP1 DUP3 GT ISZERO PUSH3 0x1B1 JUMPI PUSH1 0x0 DUP2 PUSH1 0x0 SWAP1 SSTORE POP PUSH1 0x1 ADD PUSH3 0x197 JUMP JUMPDEST POP SWAP1 JUMP JUMPDEST SWAP1 JUMP JUMPDEST PUSH2 0x1288 DUP1 PUSH3 0x1C8 PUSH1 0x0 CODECOPY PUSH1 0x0 RETURN STOP PUSH1 0x60 PUSH1 0x40 MSTORE PUSH1 0x4 CALLDATASIZE LT PUSH2 0xE6 JUMPI PUSH1 0x0 CALLDATALOAD PUSH29 0x100000000000000000000000000000000000000000000000000000000 SWAP1 DIV PUSH4 0xFFFFFFFF AND DUP1 PUSH4 0x6FDDE03 EQ PUSH2 0xEB JUMPI DUP1 PUSH4 0x95EA7B3 EQ PUSH2 0x179 JUMPI DUP1 PUSH4 0x18160DDD EQ PUSH2 0x1D3 JUMPI DUP1 PUSH4 0x23B872DD EQ PUSH2 0x1FC JUMPI DUP1 PUSH4 0x313CE567 EQ PUSH2 0x275 JUMPI DUP1 PUSH4 0x42966C68 EQ PUSH2 0x2A4 JUMPI DUP1 PUSH4 0x65CE47FB EQ PUSH2 0x2DF JUMPI DUP1 PUSH4 0x70A08231 EQ PUSH2 0x30E JUMPI DUP1 PUSH4 0x79CC6790 EQ PUSH2 0x35B JUMPI DUP1 PUSH4 0x8A3DB05F EQ PUSH2 0x3B5 JUMPI DUP1 PUSH4 0x95D89B41 EQ PUSH2 0x443 JUMPI DUP1 PUSH4 0xA9059CBB EQ PUSH2 0x4D1 JUMPI DUP1 PUSH4 0xBC77B919 EQ PUSH2 0x513 JUMPI DUP1 PUSH4 0xCAE9CA51 EQ PUSH2 0x5A1 JUMPI DUP1 PUSH4 0xDC9C6E15 EQ PUSH2 0x63E JUMPI DUP1 PUSH4 0xDD62ED3E EQ PUSH2 0x667 JUMPI JUMPDEST PUSH1 0x0 DUP1 REVERT JUMPDEST CALLVALUE ISZERO PUSH2 0xF6 JUMPI PUSH1 0x0 DUP1 REVERT JUMPDEST PUSH2 0xFE PUSH2 0x6D3 JUMP JUMPDEST PUSH1 0x40 MLOAD DUP1 DUP1 PUSH1 0x20 ADD DUP3 DUP2 SUB DUP3 MSTORE DUP4 DUP2 DUP2 MLOAD DUP2 MSTORE PUSH1 0x20 ADD SWAP2 POP DUP1 MLOAD SWAP1 PUSH1 0x20 ADD SWAP1 DUP1 DUP4 DUP4 PUSH1 0x0 JUMPDEST DUP4 DUP2 LT ISZERO PUSH2 0x13E JUMPI DUP1 DUP3 ADD MLOAD DUP2 DUP5 ADD MSTORE PUSH1 0x20 DUP2 ADD SWAP1 POP PUSH2 0x123 JUMP JUMPDEST POP POP POP POP SWAP1 POP SWAP1 DUP2 ADD SWAP1 PUSH1 0x1F AND DUP1 ISZERO PUSH2 0x16B JUMPI DUP1 DUP3 SUB DUP1 MLOAD PUSH1 0x1 DUP4 PUSH1 0x20 SUB PUSH2 0x100 EXP SUB NOT AND DUP2 MSTORE PUSH1 0x20 ADD SWAP2 POP JUMPDEST POP SWAP3 POP POP POP PUSH1 0x40 MLOAD DUP1 SWAP2 SUB SWAP1 RETURN JUMPDEST CALLVALUE ISZERO PUSH2 0x184 JUMPI PUSH1 0x0 DUP1 REVERT JUMPDEST PUSH2 0x1B9 PUSH1 0x4 DUP1 DUP1 CALLDATALOAD PUSH20 0xFFFFFFFFFFFFFFFFFFFFFFFFFFFFFFFFFFFFFFFF AND SWAP1 PUSH1 0x20 ADD SWAP1 SWAP2 SWAP1 DUP1 CALLDATALOAD SWAP1 PUSH1 0x20 ADD SWAP1 SWAP2 SWAP1 POP POP PUSH2 0x771 JUMP JUMPDEST PUSH1 0x40 MLOAD DUP1 DUP3 ISZERO ISZERO ISZERO ISZERO DUP2 MSTORE PUSH1 0x20 ADD SWAP2 POP POP PUSH1 0x40 MLOAD DUP1 SWAP2 SUB SWAP1 RETURN JUMPDEST CALLVALUE ISZERO PUSH2 0x1DE JUMPI PUSH1 0x0 DUP1 REVERT JUMPDEST PUSH2 0x1E6 PUSH2 0x7FE JUMP JUMPDEST PUSH1 0x40 MLOAD DUP1 DUP3 DUP2 MSTORE PUSH1 0x20 ADD SWAP2 POP POP PUSH1 0x40 MLOAD DUP1 SWAP2 SUB SWAP1 RETURN JUMPDEST CALLVALUE ISZERO PUSH2 0x207 JUMPI PUSH1 0x0 DUP1 REVERT JUMPDEST PUSH2 0x25B PUSH1 0x4 DUP1 DUP1 CALLDATALOAD PUSH20 0xFFFFFFFFFFFFFFFFFFFFFFFFFFFFFFFFFFFFFFFF AND SWAP1 PUSH1 0x20 ADD SWAP1 SWAP2 SWAP1 DUP1 CALLDATALOAD PUSH20 0xFFFFFFFFFFFFFFFFFFFFFFFFFFFFFFFFFFFFFFFF AND SWAP1 PUSH1 0x20 ADD SWAP1 SWAP2 SWAP1 DUP1 CALLDATALOAD SWAP1 PUSH1 0x20 ADD SWAP1 SWAP2 SWAP1 POP POP PUSH2 0x804 JUMP JUMPDEST PUSH1 0x40 MLOAD DUP1 DUP3 ISZERO ISZERO ISZERO ISZERO DUP2 MSTORE PUSH1 0x20 ADD SWAP2 POP POP PUSH1 0x40 MLOAD DUP1 SWAP2 SUB SWAP1 RETURN JUMPDEST CALLVALUE ISZERO PUSH2 0x280 JUMPI PUSH1 0x0 DUP1 REVERT JUMPDEST PUSH2 0x288 PUSH2 0x931 JUMP JUMPDEST PUSH1 0x40 MLOAD DUP1 DUP3 PUSH1 0xFF AND PUSH1 0xFF AND DUP2 MSTORE PUSH1 0x20 ADD SWAP2 POP POP PUSH1 0x40 MLOAD DUP1 SWAP2 SUB SWAP1 RETURN JUMPDEST CALLVALUE ISZERO PUSH2 0x2AF JUMPI PUSH1 0x0 DUP1 REVERT JUMPDEST PUSH2 0x2C5 PUSH1 0x4 DUP1 DUP1 CALLDATALOAD SWAP1 PUSH1 0x20 ADD SWAP1 SWAP2 SWAP1 POP POP PUSH2 0x944 JUMP JUMPDEST PUSH1 0x40 MLOAD DUP1 DUP3 ISZERO ISZERO ISZERO ISZERO DUP2 MSTORE PUSH1 0x20 ADD SWAP2 POP POP PUSH1 0x40 MLOAD DUP1 SWAP2 SUB SWAP1 RETURN JUMPDEST CALLVALUE ISZERO PUSH2 0x2EA JUMPI PUSH1 0x0 DUP1 REVERT JUMPDEST PUSH2 0x2F2 PUSH2 0xA48 JUMP JUMPDEST PUSH1 0x40 MLOAD DUP1 DUP3 PUSH1 0xFF AND PUSH1 0xFF AND DUP2 MSTORE PUSH1 0x20 ADD SWAP2 POP POP PUSH1 0x40 MLOAD DUP1 SWAP2 SUB SWAP1 RETURN JUMPDEST CALLVALUE ISZERO PUSH2 0x319 JUMPI PUSH1 0x0 DUP1 REVERT JUMPDEST PUSH2 0x345 PUSH1 0x4 DUP1 DUP1 CALLDATALOAD PUSH20 0xFFFFFFFFFFFFFFFFFFFFFFFFFFFFFFFFFFFFFFFF AND SWAP1 PUSH1 0x20 ADD SWAP1 SWAP2 SWAP1 POP POP PUSH2 0xA4D JUMP JUMPDEST PUSH1 0x40 MLOAD DUP1 DUP3 DUP2 MSTORE PUSH1 0x20 ADD SWAP2 POP POP PUSH1 0x40 MLOAD DUP1 SWAP2 SUB SWAP1 RETURN JUMPDEST CALLVALUE ISZERO PUSH2 0x366 JUMPI PUSH1 0x0 DUP1 REVERT JUMPDEST PUSH2 0x39B PUSH1 0x4 DUP1 DUP1 CALLDATALOAD PUSH20 0xFFFFFFFFFFFFFFFFFFFFFFFFFFFFFFFFFFFFFFFF AND SWAP1 PUSH1 0x20 ADD SWAP1 SWAP2 SWAP1 DUP1 CALLDATALOAD SWAP1 PUSH1 0x20 ADD SWAP1 SWAP2 SWAP1 POP POP PUSH2 0xA65 JUMP JUMPDEST PUSH1 0x40 MLOAD DUP1 DUP3 ISZERO ISZERO ISZERO ISZERO DUP2 MSTORE PUSH1 0x20 ADD SWAP2 POP POP PUSH1 0x40 MLOAD DUP1 SWAP2 SUB SWAP1 RETURN JUMPDEST CALLVALUE ISZERO PUSH2 0x3C0 JUMPI PUSH1 0x0 DUP1 REVERT JUMPDEST PUSH2 0x3C8 PUSH2 0xC7F JUMP JUMPDEST PUSH1 0x40 MLOAD DUP1 DUP1 PUSH1 0x20 ADD DUP3 DUP2 SUB DUP3 MSTORE DUP4 DUP2 DUP2 MLOAD DUP2 MSTORE PUSH1 0x20 ADD SWAP2 POP DUP1 MLOAD SWAP1 PUSH1 0x20 ADD SWAP1 DUP1 DUP4 DUP4 PUSH1 0x0 JUMPDEST DUP4 DUP2 LT ISZERO PUSH2 0x408 JUMPI DUP1 DUP3 ADD MLOAD DUP2 DUP5 ADD MSTORE PUSH1 0x20 DUP2 ADD SWAP1 POP PUSH2 0x3ED JUMP JUMPDEST POP POP POP POP SWAP1 POP SWAP1 DUP2 ADD SWAP1 PUSH1 0x1F AND DUP1 ISZERO PUSH2 0x435 JUMPI DUP1 DUP3 SUB DUP1 MLOAD PUSH1 0x1 DUP4 PUSH1 0x20 SUB PUSH2 0x100 EXP SUB NOT AND DUP2 MSTORE PUSH1 0x20 ADD SWAP2 POP JUMPDEST POP SWAP3 POP POP POP PUSH1 0x40 MLOAD DUP1 SWAP2 SUB SWAP1 RETURN JUMPDEST CALLVALUE ISZERO PUSH2 0x44E JUMPI PUSH1 0x0 DUP1 REVERT JUMPDEST PUSH2 0x456 PUSH2 0xCB8 JUMP JUMPDEST PUSH1 0x40 MLOAD DUP1 DUP1 PUSH1 0x20 ADD DUP3 DUP2 SUB DUP3 MSTORE DUP4 DUP2 DUP2 MLOAD DUP2 MSTORE PUSH1 0x20 ADD SWAP2 POP DUP1 MLOAD SWAP1 PUSH1 0x20 ADD SWAP1 DUP1 DUP4 DUP4 PUSH1 0x0 JUMPDEST DUP4 DUP2 LT ISZERO PUSH2 0x496 JUMPI DUP1 DUP3 ADD MLOAD DUP2 DUP5 ADD MSTORE PUSH1 0x20 DUP2 ADD SWAP1 POP PUSH2 0x47B JUMP JUMPDEST POP POP POP POP SWAP1 POP SWAP1 DUP2 ADD SWAP1 PUSH1 0x1F AND DUP1 ISZERO PUSH2 0x4C3 JUMPI DUP1 DUP3 SUB DUP1 MLOAD PUSH1 0x1 DUP4 PUSH1 0x20 SUB PUSH2 0x100 EXP SUB NOT AND DUP2 MSTORE PUSH1 0x20 ADD SWAP2 POP JUMPDEST POP SWAP3 POP POP POP PUSH1 0x40 MLOAD DUP1 SWAP2 SUB SWAP1 RETURN JUMPDEST CALLVALUE ISZERO PUSH2 0x4DC JUMPI PUSH1 0x0 DUP1 REVERT JUMPDEST PUSH2 0x511 PUSH1 0x4 DUP1 DUP1 CALLDATALOAD PUSH20 0xFFFFFFFFFFFFFFFFFFFFFFFFFFFFFFFFFFFFFFFF AND SWAP1 PUSH1 0x20 ADD SWAP1 SWAP2 SWAP1 DUP1 CALLDATALOAD SWAP1 PUSH1 0x20 ADD SWAP1 SWAP2 SWAP1 POP POP PUSH2 0xD56 JUMP JUMPDEST STOP JUMPDEST CALLVALUE ISZERO PUSH2 0x51E JUMPI PUSH1 0x0 DUP1 REVERT JUMPDEST PUSH2 0x526 PUSH2 0xD65 JUMP JUMPDEST PUSH1 0x40 MLOAD DUP1 DUP1 PUSH1 0x20 ADD DUP3 DUP2 SUB DUP3 MSTORE DUP4 DUP2 DUP2 MLOAD DUP2 MSTORE PUSH1 0x20 ADD SWAP2 POP DUP1 MLOAD SWAP1 PUSH1 0x20 ADD SWAP1 DUP1 DUP4 DUP4 PUSH1 0x0 JUMPDEST DUP4 DUP2 LT ISZERO PUSH2 0x566 JUMPI DUP1 DUP3 ADD MLOAD DUP2 DUP5 ADD MSTORE PUSH1 0x20 DUP2 ADD SWAP1 POP PUSH2 0x54B JUMP JUMPDEST POP POP POP POP SWAP1 POP SWAP1 DUP2 ADD SWAP1 PUSH1 0x1F AND DUP1 ISZERO PUSH2 0x593 JUMPI DUP1 DUP3 SUB DUP1 MLOAD PUSH1 0x1 DUP4 PUSH1 0x20 SUB PUSH2 0x100 EXP SUB NOT AND DUP2 MSTORE PUSH1 0x20 ADD SWAP2 POP JUMPDEST POP SWAP3 POP POP POP PUSH1 0x40 MLOAD DUP1 SWAP2 SUB SWAP1 RETURN JUMPDEST CALLVALUE ISZERO PUSH2 0x5AC JUMPI PUSH1 0x0 DUP1 REVERT JUMPDEST PUSH2 0x624 PUSH1 0x4 DUP1 DUP1 CALLDATALOAD PUSH20 0xFFFFFFFFFFFFFFFFFFFFFFFFFFFFFFFFFFFFFFFF AND SWAP1 PUSH1 0x20 ADD SWAP1 SWAP2 SWAP1 DUP1 CALLDATALOAD SWAP1 PUSH1 0x20 ADD SWAP1 SWAP2 SWAP1 DUP1 CALLDATALOAD SWAP1 PUSH1 0x20 ADD SWAP1 DUP3 ADD DUP1 CALLDATALOAD SWAP1 PUSH1 0x20 ADD SWAP1 DUP1 DUP1 PUSH1 0x1F ADD PUSH1 0x20 DUP1 SWAP2 DIV MUL PUSH1 0x20 ADD PUSH1 0x40 MLOAD SWAP1 DUP2 ADD PUSH1 0x40 MSTORE DUP1 SWAP4 SWAP3 SWAP2 SWAP1 DUP2 DUP2 MSTORE PUSH1 0x20 ADD DUP4 DUP4 DUP1 DUP3 DUP5 CALLDATACOPY DUP3 ADD SWAP2 POP POP POP POP POP POP SWAP2 SWAP1 POP POP PUSH2 0xD9E JUMP JUMPDEST PUSH1 0x40 MLOAD DUP1 DUP3 ISZERO ISZERO ISZERO ISZERO DUP2 MSTORE PUSH1 0x20 ADD SWAP2 POP POP PUSH1 0x40 MLOAD DUP1 SWAP2 SUB SWAP1 RETURN JUMPDEST CALLVALUE ISZERO PUSH2 0x649 JUMPI PUSH1 0x0 DUP1 REVERT JUMPDEST PUSH2 0x651 PUSH2 0xF1C JUMP JUMPDEST PUSH1 0x40 MLOAD DUP1 DUP3 DUP2 MSTORE PUSH1 0x20 ADD SWAP2 POP POP PUSH1 0x40 MLOAD DUP1 SWAP2 SUB SWAP1 RETURN JUMPDEST CALLVALUE ISZERO PUSH2 0x672 JUMPI PUSH1 0x0 DUP1 REVERT JUMPDEST PUSH2 0x6BD PUSH1 0x4 DUP1 DUP1 CALLDATALOAD PUSH20 0xFFFFFFFFFFFFFFFFFFFFFFFFFFFFFFFFFFFFFFFF AND SWAP1 PUSH1 0x20 ADD SWAP1 SWAP2 SWAP1 DUP1 CALLDATALOAD PUSH20 0xFFFFFFFFFFFFFFFFFFFFFFFFFFFFFFFFFFFFFFFF AND SWAP1 PUSH1 0x20 ADD SWAP1 SWAP2 SWAP1 POP POP PUSH2 0xF21 JUMP JUMPDEST PUSH1 0x40 MLOAD DUP1 DUP3 DUP2 MSTORE PUSH1 0x20 ADD SWAP2 POP POP PUSH1 0x40 MLOAD DUP1 SWAP2 SUB SWAP1 RETURN JUMPDEST PUSH1 0x0 DUP1 SLOAD PUSH1 0x1 DUP2 PUSH1 0x1 AND ISZERO PUSH2 0x100 MUL SUB AND PUSH1 0x2 SWAP1 DIV DUP1 PUSH1 0x1F ADD PUSH1 0x20 DUP1 SWAP2 DIV MUL PUSH1 0x20 ADD PUSH1 0x40 MLOAD SWAP1 DUP2 ADD PUSH1 0x40 MSTORE DUP1 SWAP3 SWAP2 SWAP1 DUP2 DUP2 MSTORE PUSH1 0x20 ADD DUP3 DUP1 SLOAD PUSH1 0x1 DUP2 PUSH1 0x1 AND ISZERO PUSH2 0x100 MUL SUB AND PUSH1 0x2 SWAP1 DIV DUP1 ISZERO PUSH2 0x769 JUMPI DUP1 PUSH1 0x1F LT PUSH2 0x73E JUMPI PUSH2 0x100 DUP1 DUP4 SLOAD DIV MUL DUP4 MSTORE SWAP2 PUSH1 0x20 ADD SWAP2 PUSH2 0x769 JUMP JUMPDEST DUP3 ADD SWAP2 SWAP1 PUSH1 0x0 MSTORE PUSH1 0x20 PUSH1 0x0 KECCAK256 SWAP1 JUMPDEST DUP2 SLOAD DUP2 MSTORE SWAP1 PUSH1 0x1 ADD SWAP1 PUSH1 0x20 ADD DUP1 DUP4 GT PUSH2 0x74C JUMPI DUP3 SWAP1 SUB PUSH1 0x1F AND DUP3 ADD SWAP2 JUMPDEST POP POP POP POP POP DUP2 JUMP JUMPDEST PUSH1 0x0 DUP2 PUSH1 0x5 PUSH1 0x0 CALLER PUSH20 0xFFFFFFFFFFFFFFFFFFFFFFFFFFFFFFFFFFFFFFFF AND PUSH20 0xFFFFFFFFFFFFFFFFFFFFFFFFFFFFFFFFFFFFFFFF AND DUP2 MSTORE PUSH1 0x20 ADD SWAP1 DUP2 MSTORE PUSH1 0x20 ADD PUSH1 0x0 KECCAK256 PUSH1 0x0 DUP6 PUSH20 0xFFFFFFFFFFFFFFFFFFFFFFFFFFFFFFFFFFFFFFFF AND PUSH20 0xFFFFFFFFFFFFFFFFFFFFFFFFFFFFFFFFFFFFFFFF AND DUP2 MSTORE PUSH1 0x20 ADD SWAP1 DUP2 MSTORE PUSH1 0x20 ADD PUSH1 0x0 KECCAK256 DUP2 SWAP1 SSTORE POP PUSH1 0x1 SWAP1 POP SWAP3 SWAP2 POP POP JUMP JUMPDEST PUSH1 0x3 SLOAD DUP2 JUMP JUMPDEST PUSH1 0x0 PUSH1 0x5 PUSH1 0x0 DUP6 PUSH20 0xFFFFFFFFFFFFFFFFFFFFFFFFFFFFFFFFFFFFFFFF AND PUSH20 0xFFFFFFFFFFFFFFFFFFFFFFFFFFFFFFFFFFFFFFFF AND DUP2 MSTORE PUSH1 0x20 ADD SWAP1 DUP2 MSTORE PUSH1 0x20 ADD PUSH1 0x0 KECCAK256 PUSH1 0x0 CALLER PUSH20 0xFFFFFFFFFFFFFFFFFFFFFFFFFFFFFFFFFFFFFFFF AND PUSH20 0xFFFFFFFFFFFFFFFFFFFFFFFFFFFFFFFFFFFFFFFF AND DUP2 MSTORE PUSH1 0x20 ADD SWAP1 DUP2 MSTORE PUSH1 0x20 ADD PUSH1 0x0 KECCAK256 SLOAD DUP3 GT ISZERO ISZERO ISZERO PUSH2 0x891 JUMPI PUSH1 0x0 DUP1 REVERT JUMPDEST DUP2 PUSH1 0x5 PUSH1 0x0 DUP7 PUSH20 0xFFFFFFFFFFFFFFFFFFFFFFFFFFFFFFFFFFFFFFFF AND PUSH20 0xFFFFFFFFFFFFFFFFFFFFFFFFFFFFFFFFFFFFFFFF AND DUP2 MSTORE PUSH1 0x20 ADD SWAP1 DUP2 MSTORE PUSH1 0x20 ADD PUSH1 0x0 KECCAK256 PUSH1 0x0 CALLER PUSH20 0xFFFFFFFFFFFFFFFFFFFFFFFFFFFFFFFFFFFFFFFF AND PUSH20 0xFFFFFFFFFFFFFFFFFFFFFFFFFFFFFFFFFFFFFFFF AND DUP2 MSTORE PUSH1 0x20 ADD SWAP1 DUP2 MSTORE PUSH1 0x20 ADD PUSH1 0x0 KECCAK256 PUSH1 0x0 DUP3 DUP3 SLOAD SUB SWAP3 POP POP DUP2 SWAP1 SSTORE POP PUSH2 0x926 DUP5 DUP5 DUP5 PUSH2 0xF46 JUMP JUMPDEST PUSH1 0x1 SWAP1 POP SWAP4 SWAP3 POP POP POP JUMP JUMPDEST PUSH1 0x2 PUSH1 0x0 SWAP1 SLOAD SWAP1 PUSH2 0x100 EXP SWAP1 DIV PUSH1 0xFF AND DUP2 JUMP JUMPDEST PUSH1 0x0 DUP2 PUSH1 0x4 PUSH1 0x0 CALLER PUSH20 0xFFFFFFFFFFFFFFFFFFFFFFFFFFFFFFFFFFFFFFFF AND PUSH20 0xFFFFFFFFFFFFFFFFFFFFFFFFFFFFFFFFFFFFFFFF AND DUP2 MSTORE PUSH1 0x20 ADD SWAP1 DUP2 MSTORE PUSH1 0x20 ADD PUSH1 0x0 KECCAK256 SLOAD LT ISZERO ISZERO ISZERO PUSH2 0x994 JUMPI PUSH1 0x0 DUP1 REVERT JUMPDEST DUP2 PUSH1 0x4 PUSH1 0x0 CALLER PUSH20 0xFFFFFFFFFFFFFFFFFFFFFFFFFFFFFFFFFFFFFFFF AND PUSH20 0xFFFFFFFFFFFFFFFFFFFFFFFFFFFFFFFFFFFFFFFF AND DUP2 MSTORE PUSH1 0x20 ADD SWAP1 DUP2 MSTORE PUSH1 0x20 ADD PUSH1 0x0 KECCAK256 PUSH1 0x0 DUP3 DUP3 SLOAD SUB SWAP3 POP POP DUP2 SWAP1 SSTORE POP DUP2 PUSH1 0x3 PUSH1 0x0 DUP3 DUP3 SLOAD SUB SWAP3 POP POP DUP2 SWAP1 SSTORE POP CALLER PUSH20 0xFFFFFFFFFFFFFFFFFFFFFFFFFFFFFFFFFFFFFFFF AND PUSH32 0xCC16F5DBB4873280815C1EE09DBD06736CFFCC184412CF7A71A0FDB75D397CA5 DUP4 PUSH1 0x40 MLOAD DUP1 DUP3 DUP2 MSTORE PUSH1 0x20 ADD SWAP2 POP POP PUSH1 0x40 MLOAD DUP1 SWAP2 SUB SWAP1 LOG2 PUSH1 0x1 SWAP1 POP SWAP2 SWAP1 POP JUMP JUMPDEST PUSH1 0x8 DUP2 JUMP JUMPDEST PUSH1 0x4 PUSH1 0x20 MSTORE DUP1 PUSH1 0x0 MSTORE PUSH1 0x40 PUSH1 0x0 KECCAK256 PUSH1 0x0 SWAP2 POP SWAP1 POP SLOAD DUP2 JUMP JUMPDEST PUSH1 0x0 DUP2 PUSH1 0x4 PUSH1 0x0 DUP6 PUSH20 0xFFFFFFFFFFFFFFFFFFFFFFFFFFFFFFFFFFFFFFFF AND PUSH20 0xFFFFFFFFFFFFFFFFFFFFFFFFFFFFFFFFFFFFFFFF AND DUP2 MSTORE PUSH1 0x20 ADD SWAP1 DUP2 MSTORE PUSH1 0x20 ADD PUSH1 0x0 KECCAK256 SLOAD LT ISZERO ISZERO ISZERO PUSH2 0xAB5 JUMPI PUSH1 0x0 DUP1 REVERT JUMPDEST PUSH1 0x5 PUSH1 0x0 DUP5 PUSH20 0xFFFFFFFFFFFFFFFFFFFFFFFFFFFFFFFFFFFFFFFF AND PUSH20 0xFFFFFFFFFFFFFFFFFFFFFFFFFFFFFFFFFFFFFFFF AND DUP2 MSTORE PUSH1 0x20 ADD SWAP1 DUP2 MSTORE PUSH1 0x20 ADD PUSH1 0x0 KECCAK256 PUSH1 0x0 CALLER PUSH20 0xFFFFFFFFFFFFFFFFFFFFFFFFFFFFFFFFFFFFFFFF AND PUSH20 0xFFFFFFFFFFFFFFFFFFFFFFFFFFFFFFFFFFFFFFFF AND DUP2 MSTORE PUSH1 0x20 ADD SWAP1 DUP2 MSTORE PUSH1 0x20 ADD PUSH1 0x0 KECCAK256 SLOAD DUP3 GT ISZERO ISZERO ISZERO PUSH2 0xB40 JUMPI PUSH1 0x0 DUP1 REVERT JUMPDEST DUP2 PUSH1 0x4 PUSH1 0x0 DUP6 PUSH20 0xFFFFFFFFFFFFFFFFFFFFFFFFFFFFFFFFFFFFFFFF AND PUSH20 0xFFFFFFFFFFFFFFFFFFFFFFFFFFFFFFFFFFFFFFFF AND DUP2 MSTORE PUSH1 0x20 ADD SWAP1 DUP2 MSTORE PUSH1 0x20 ADD PUSH1 0x0 KECCAK256 PUSH1 0x0 DUP3 DUP3 SLOAD SUB SWAP3 POP POP DUP2 SWAP1 SSTORE POP DUP2 PUSH1 0x5 PUSH1 0x0 DUP6 PUSH20 0xFFFFFFFFFFFFFFFFFFFFFFFFFFFFFFFFFFFFFFFF AND PUSH20 0xFFFFFFFFFFFFFFFFFFFFFFFFFFFFFFFFFFFFFFFF AND DUP2 MSTORE PUSH1 0x20 ADD SWAP1 DUP2 MSTORE PUSH1 0x20 ADD PUSH1 0x0 KECCAK256 PUSH1 0x0 CALLER PUSH20 0xFFFFFFFFFFFFFFFFFFFFFFFFFFFFFFFFFFFFFFFF AND PUSH20 0xFFFFFFFFFFFFFFFFFFFFFFFFFFFFFFFFFFFFFFFF AND DUP2 MSTORE PUSH1 0x20 ADD SWAP1 DUP2 MSTORE PUSH1 0x20 ADD PUSH1 0x0 KECCAK256 PUSH1 0x0 DUP3 DUP3 SLOAD SUB SWAP3 POP POP DUP2 SWAP1 SSTORE POP DUP2 PUSH1 0x3 PUSH1 0x0 DUP3 DUP3 SLOAD SUB SWAP3 POP POP DUP2 SWAP1 SSTORE POP DUP3 PUSH20 0xFFFFFFFFFFFFFFFFFFFFFFFFFFFFFFFFFFFFFFFF AND PUSH32 0xCC16F5DBB4873280815C1EE09DBD06736CFFCC184412CF7A71A0FDB75D397CA5 DUP4 PUSH1 0x40 MLOAD DUP1 DUP3 DUP2 MSTORE PUSH1 0x20 ADD SWAP2 POP POP PUSH1 0x40 MLOAD DUP1 SWAP2 SUB SWAP1 LOG2 PUSH1 0x1 SWAP1 POP SWAP3 SWAP2 POP POP JUMP JUMPDEST PUSH1 0x40 DUP1 MLOAD SWAP1 DUP2 ADD PUSH1 0x40 MSTORE DUP1 PUSH1 0xB DUP2 MSTORE PUSH1 0x20 ADD PUSH32 0x4A65616E7320546F6B656E000000000000000000000000000000000000000000 DUP2 MSTORE POP DUP2 JUMP JUMPDEST PUSH1 0x1 DUP1 SLOAD PUSH1 0x1 DUP2 PUSH1 0x1 AND ISZERO PUSH2 0x100 MUL SUB AND PUSH1 0x2 SWAP1 DIV DUP1 PUSH1 0x1F ADD PUSH1 0x20 DUP1 SWAP2 DIV MUL PUSH1 0x20 ADD PUSH1 0x40 MLOAD SWAP1 DUP2 ADD PUSH1 0x40 MSTORE DUP1 SWAP3 SWAP2 SWAP1 DUP2 DUP2 MSTORE PUSH1 0x20 ADD DUP3 DUP1 SLOAD PUSH1 0x1 DUP2 PUSH1 0x1 AND ISZERO PUSH2 0x100 MUL SUB AND PUSH1 0x2 SWAP1 DIV DUP1 ISZERO PUSH2 0xD4E JUMPI DUP1 PUSH1 0x1F LT PUSH2 0xD23 JUMPI PUSH2 0x100 DUP1 DUP4 SLOAD DIV MUL DUP4 MSTORE SWAP2 PUSH1 0x20 ADD SWAP2 PUSH2 0xD4E JUMP JUMPDEST DUP3 ADD SWAP2 SWAP1 PUSH1 0x0 MSTORE PUSH1 0x20 PUSH1 0x0 KECCAK256 SWAP1 JUMPDEST DUP2 SLOAD DUP2 MSTORE SWAP1 PUSH1 0x1 ADD SWAP1 PUSH1 0x20 ADD DUP1 DUP4 GT PUSH2 0xD31 JUMPI DUP3 SWAP1 SUB PUSH1 0x1F AND DUP3 ADD SWAP2 JUMPDEST POP POP POP POP POP DUP2 JUMP JUMPDEST PUSH2 0xD61 CALLER DUP4 DUP4 PUSH2 0xF46 JUMP JUMPDEST POP POP JUMP JUMPDEST PUSH1 0x40 DUP1 MLOAD SWAP1 DUP2 ADD PUSH1 0x40 MSTORE DUP1 PUSH1 0x5 DUP2 MSTORE PUSH1 0x20 ADD PUSH32 0x4A45414E53000000000000000000000000000000000000000000000000000000 DUP2 MSTORE POP DUP2 JUMP JUMPDEST PUSH1 0x0 DUP1 DUP5 SWAP1 POP PUSH2 0xDAE DUP6 DUP6 PUSH2 0x771 JUMP JUMPDEST ISZERO PUSH2 0xF13 JUMPI DUP1 PUSH20 0xFFFFFFFFFFFFFFFFFFFFFFFFFFFFFFFFFFFFFFFF AND PUSH4 0x8F4FFCB1 CALLER DUP7 ADDRESS DUP8 PUSH1 0x40 MLOAD DUP6 PUSH4 0xFFFFFFFF AND PUSH29 0x100000000000000000000000000000000000000000000000000000000 MUL DUP2 MSTORE PUSH1 0x4 ADD DUP1 DUP6 PUSH20 0xFFFFFFFFFFFFFFFFFFFFFFFFFFFFFFFFFFFFFFFF AND PUSH20 0xFFFFFFFFFFFFFFFFFFFFFFFFFFFFFFFFFFFFFFFF AND DUP2 MSTORE PUSH1 0x20 ADD DUP5 DUP2 MSTORE PUSH1 0x20 ADD DUP4 PUSH20 0xFFFFFFFFFFFFFFFFFFFFFFFFFFFFFFFFFFFFFFFF AND PUSH20 0xFFFFFFFFFFFFFFFFFFFFFFFFFFFFFFFFFFFFFFFF AND DUP2 MSTORE PUSH1 0x20 ADD DUP1 PUSH1 0x20 ADD DUP3 DUP2 SUB DUP3 MSTORE DUP4 DUP2 DUP2 MLOAD DUP2 MSTORE PUSH1 0x20 ADD SWAP2 POP DUP1 MLOAD SWAP1 PUSH1 0x20 ADD SWAP1 DUP1 DUP4 DUP4 PUSH1 0x0 JUMPDEST DUP4 DUP2 LT ISZERO PUSH2 0xEA8 JUMPI DUP1 DUP3 ADD MLOAD DUP2 DUP5 ADD MSTORE PUSH1 0x20 DUP2 ADD SWAP1 POP PUSH2 0xE8D JUMP JUMPDEST POP POP POP POP SWAP1 POP SWAP1 DUP2 ADD SWAP1 PUSH1 0x1F AND DUP1 ISZERO PUSH2 0xED5 JUMPI DUP1 DUP3 SUB DUP1 MLOAD PUSH1 0x1 DUP4 PUSH1 0x20 SUB PUSH2 0x100 EXP SUB NOT AND DUP2 MSTORE PUSH1 0x20 ADD SWAP2 POP JUMPDEST POP SWAP6 POP POP POP POP POP POP PUSH1 0x0 PUSH1 0x40 MLOAD DUP1 DUP4 SUB DUP2 PUSH1 0x0 DUP8 DUP1 EXTCODESIZE ISZERO ISZERO PUSH2 0xEF6 JUMPI PUSH1 0x0 DUP1 REVERT JUMPDEST PUSH2 0x2C6 GAS SUB CALL ISZERO ISZERO PUSH2 0xF07 JUMPI PUSH1 0x0 DUP1 REVERT JUMPDEST POP POP POP PUSH1 0x1 SWAP2 POP PUSH2 0xF14 JUMP JUMPDEST JUMPDEST POP SWAP4 SWAP3 POP POP POP JUMP JUMPDEST PUSH1 0xA DUP2 JUMP JUMPDEST PUSH1 0x5 PUSH1 0x20 MSTORE DUP2 PUSH1 0x0 MSTORE PUSH1 0x40 PUSH1 0x0 KECCAK256 PUSH1 0x20 MSTORE DUP1 PUSH1 0x0 MSTORE PUSH1 0x40 PUSH1 0x0 KECCAK256 PUSH1 0x0 SWAP2 POP SWAP2 POP POP SLOAD DUP2 JUMP JUMPDEST PUSH1 0x0 DUP1 DUP4 PUSH20 0xFFFFFFFFFFFFFFFFFFFFFFFFFFFFFFFFFFFFFFFF AND EQ ISZERO ISZERO ISZERO PUSH2 0xF6D JUMPI PUSH1 0x0 DUP1 REVERT JUMPDEST DUP2 PUSH1 0x4 PUSH1 0x0 DUP7 PUSH20 0xFFFFFFFFFFFFFFFFFFFFFFFFFFFFFFFFFFFFFFFF AND PUSH20 0xFFFFFFFFFFFFFFFFFFFFFFFFFFFFFFFFFFFFFFFF AND DUP2 MSTORE PUSH1 0x20 ADD SWAP1 DUP2 MSTORE PUSH1 0x20 ADD PUSH1 0x0 KECCAK256 SLOAD LT ISZERO ISZERO ISZERO PUSH2 0xFBB JUMPI PUSH1 0x0 DUP1 REVERT JUMPDEST PUSH1 0x4 PUSH1 0x0 DUP5 PUSH20 0xFFFFFFFFFFFFFFFFFFFFFFFFFFFFFFFFFFFFFFFF AND PUSH20 0xFFFFFFFFFFFFFFFFFFFFFFFFFFFFFFFFFFFFFFFF AND DUP2 MSTORE PUSH1 0x20 ADD SWAP1 DUP2 MSTORE PUSH1 0x20 ADD PUSH1 0x0 KECCAK256 SLOAD DUP3 PUSH1 0x4 PUSH1 0x0 DUP7 PUSH20 0xFFFFFFFFFFFFFFFFFFFFFFFFFFFFFFFFFFFFFFFF AND PUSH20 0xFFFFFFFFFFFFFFFFFFFFFFFFFFFFFFFFFFFFFFFF AND DUP2 MSTORE PUSH1 0x20 ADD SWAP1 DUP2 MSTORE PUSH1 0x20 ADD PUSH1 0x0 KECCAK256 SLOAD ADD GT ISZERO ISZERO PUSH2 0x1049 JUMPI PUSH1 0x0 DUP1 REVERT JUMPDEST PUSH1 0x4 PUSH1 0x0 DUP5 PUSH20 0xFFFFFFFFFFFFFFFFFFFFFFFFFFFFFFFFFFFFFFFF AND PUSH20 0xFFFFFFFFFFFFFFFFFFFFFFFFFFFFFFFFFFFFFFFF AND DUP2 MSTORE PUSH1 0x20 ADD SWAP1 DUP2 MSTORE PUSH1 0x20 ADD PUSH1 0x0 KECCAK256 SLOAD PUSH1 0x4 PUSH1 0x0 DUP7 PUSH20 0xFFFFFFFFFFFFFFFFFFFFFFFFFFFFFFFFFFFFFFFF AND PUSH20 0xFFFFFFFFFFFFFFFFFFFFFFFFFFFFFFFFFFFFFFFF AND DUP2 MSTORE PUSH1 0x20 ADD SWAP1 DUP2 MSTORE PUSH1 0x20 ADD PUSH1 0x0 KECCAK256 SLOAD ADD SWAP1 POP DUP2 PUSH1 0x4 PUSH1 0x0 DUP7 PUSH20 0xFFFFFFFFFFFFFFFFFFFFFFFFFFFFFFFFFFFFFFFF AND PUSH20 0xFFFFFFFFFFFFFFFFFFFFFFFFFFFFFFFFFFFFFFFF AND DUP2 MSTORE PUSH1 0x20 ADD SWAP1 DUP2 MSTORE PUSH1 0x20 ADD PUSH1 0x0 KECCAK256 PUSH1 0x0 DUP3 DUP3 SLOAD SUB SWAP3 POP POP DUP2 SWAP1 SSTORE POP DUP2 PUSH1 0x4 PUSH1 0x0 DUP6 PUSH20 0xFFFFFFFFFFFFFFFFFFFFFFFFFFFFFFFFFFFFFFFF AND PUSH20 0xFFFFFFFFFFFFFFFFFFFFFFFFFFFFFFFFFFFFFFFF AND DUP2 MSTORE PUSH1 0x20 ADD SWAP1 DUP2 MSTORE PUSH1 0x20 ADD PUSH1 0x0 KECCAK256 PUSH1 0x0 DUP3 DUP3 SLOAD ADD SWAP3 POP POP DUP2 SWAP1 SSTORE POP DUP3 PUSH20 0xFFFFFFFFFFFFFFFFFFFFFFFFFFFFFFFFFFFFFFFF AND DUP5 PUSH20 0xFFFFFFFFFFFFFFFFFFFFFFFFFFFFFFFFFFFFFFFF AND PUSH32 0xDDF252AD1BE2C89B69C2B068FC378DAA952BA7F163C4A11628F55A4DF523B3EF DUP5 PUSH1 0x40 MLOAD DUP1 DUP3 DUP2 MSTORE PUSH1 0x20 ADD SWAP2 POP POP PUSH1 0x40 MLOAD DUP1 SWAP2 SUB SWAP1 LOG3 DUP1 PUSH1 0x4 PUSH1 0x0 DUP6 PUSH20 0xFFFFFFFFFFFFFFFFFFFFFFFFFFFFFFFFFFFFFFFF AND PUSH20 0xFFFFFFFFFFFFFFFFFFFFFFFFFFFFFFFFFFFFFFFF AND DUP2 MSTORE PUSH1 0x20 ADD SWAP1 DUP2 MSTORE PUSH1 0x20 ADD PUSH1 0x0 KECCAK256 SLOAD PUSH1 0x4 PUSH1 0x0 DUP8 PUSH20 0xFFFFFFFFFFFFFFFFFFFFFFFFFFFFFFFFFFFFFFFF AND PUSH20 0xFFFFFFFFFFFFFFFFFFFFFFFFFFFFFFFFFFFFFFFF AND DUP2 MSTORE PUSH1 0x20 ADD SWAP1 DUP2 MSTORE PUSH1 0x20 ADD PUSH1 0x0 KECCAK256 SLOAD ADD EQ ISZERO ISZERO PUSH2 0x1256 JUMPI INVALID JUMPDEST POP POP POP POP JUMP STOP LOG1 PUSH6 0x627A7A723058 KECCAK256 PUSH12 0x536EE63C48262577B01BFA1 DUP11 0xe4 NUMBER 0xb0 0x47 SWAP10 0xbb AND 0xea PUSH16 0xF8FE91562C6B9CD7A100290000000000
1,PUSH1 0x60 PUSH1 0x40 MSTORE PUSH1 0x40 DUP1 MLOAD SWAP1 DUP2 ADD PUSH1 0x40 MSTORE DUP1 PUSH1 0x15 DUP2 MSTORE PUSH1 0x20 ADD PUSH32 0x65586368616E6765205175616C69747920436F696E0000000000000000000000 DUP2 MSTORE POP PUSH1 0x0 SWAP1 DUP1 MLOAD SWAP1 PUSH1 0x20 ADD SWAP1 PUSH2 0x4F SWAP3 SWAP2 SWAP1 PUSH2 0x12E JUMP JUMPDEST POP PUSH1 0x40 DUP1 MLOAD SWAP1 DUP2 ADD PUSH1 0x40 MSTORE DUP1 PUSH1 0x3 DUP2 MSTORE PUSH1 0x20 ADD PUSH32 0x5851430000000000000000000000000000000000000000000000000000000000 DUP2 MSTORE POP PUSH1 0x1 SWAP1 DUP1 MLOAD SWAP1 PUSH1 0x20 ADD SWAP1 PUSH2 0x9B SWAP3 SWAP2 SWAP1 PUSH2 0x12E JUMP JUMPDEST POP PUSH1 0x12 PUSH1 0x2 PUSH1 0x0 PUSH2 0x100 EXP DUP2 SLOAD DUP2 PUSH1 0xFF MUL NOT AND SWAP1 DUP4 PUSH1 0xFF AND MUL OR SWAP1 SSTORE POP PUSH1 0x2 PUSH1 0x0 SWAP1 SLOAD SWAP1 PUSH2 0x100 EXP SWAP1 DIV PUSH1 0xFF AND PUSH1 0xFF AND PUSH1 0xA EXP PUSH5 0x174876E800 MUL PUSH1 0x3 SSTORE CALLVALUE ISZERO PUSH2 0xE3 JUMPI PUSH1 0x0 DUP1 REVERT JUMPDEST PUSH1 0x3 SLOAD PUSH1 0x4 PUSH1 0x0 CALLER PUSH20 0xFFFFFFFFFFFFFFFFFFFFFFFFFFFFFFFFFFFFFFFF AND PUSH20 0xFFFFFFFFFFFFFFFFFFFFFFFFFFFFFFFFFFFFFFFF AND DUP2 MSTORE PUSH1 0x20 ADD SWAP1 DUP2 MSTORE PUSH1 0x20 ADD PUSH1 0x0 KECCAK256 DUP2 SWAP1 SSTORE POP PUSH2 0x1D3 JUMP JUMPDEST DUP3 DUP1 SLOAD PUSH1 0x1 DUP2 PUSH1 0x1 AND ISZERO PUSH2 0x100 MUL SUB AND PUSH1 0x2 SWAP1 DIV SWAP1 PUSH1 0x0 MSTORE PUSH1 0x20 PUSH1 0x0 KECCAK256 SWAP1 PUSH1 0x1F ADD PUSH1 0x20 SWAP1 DIV DUP2 ADD SWAP3 DUP3 PUSH1 0x1F LT PUSH2 0x16F JUMPI DUP1 MLOAD PUSH1 0xFF NOT AND DUP4 DUP1 ADD OR DUP6 SSTORE PUSH2 0x19D JUMP JUMPDEST DUP3 DUP1 ADD PUSH1 0x1 ADD DUP6 SSTORE DUP3 ISZERO PUSH2 0x19D JUMPI SWAP2 DUP3 ADD JUMPDEST DUP3 DUP2 GT ISZERO PUSH2 0x19C JUMPI DUP3 MLOAD DUP3 SSTORE SWAP2 PUSH1 0x20 ADD SWAP2 SWAP1 PUSH1 0x1 ADD SWAP1 PUSH2 0x181 JUMP JUMPDEST JUMPDEST POP SWAP1 POP PUSH2 0x1AA SWAP2 SWAP1 PUSH2 0x1AE JUMP JUMPDEST POP SWAP1 JUMP JUMPDEST PUSH2 0x1D0 SWAP2 SWAP1 JUMPDEST DUP1 DUP3 GT ISZERO PUSH2 0x1CC JUMPI PUSH1 0x0 DUP2 PUSH1 0x0 SWAP1 SSTORE POP PUSH1 0x1 ADD PUSH2 0x1B4 JUMP JUMPDEST POP SWAP1 JUMP JUMPDEST SWAP1 JUMP JUMPDEST PUSH2 0xAE2 DUP1 PUSH2 0x1E2 PUSH1 0x0 CODECOPY PUSH1 0x0 RETURN STOP PUSH1 0x60 PUSH1 0x40 MSTORE PUSH1 0x4 CALLDATASIZE LT PUSH2 0x99 JUMPI PUSH1 0x0 CALLDATALOAD PUSH29 0x100000000000000000000000000000000000000000000000000000000 SWAP1 DIV PUSH4 0xFFFFFFFF AND DUP1 PUSH4 0x6FDDE03 EQ PUSH2 0x9E JUMPI DUP1 PUSH4 0x95EA7B3 EQ PUSH2 0x12C JUMPI DUP1 PUSH4 0x18160DDD EQ PUSH2 0x186 JUMPI DUP1 PUSH4 0x23B872DD EQ PUSH2 0x1AF JUMPI DUP1 PUSH4 0x313CE567 EQ PUSH2 0x228 JUMPI DUP1 PUSH4 0x70A08231 EQ PUSH2 0x257 JUMPI DUP1 PUSH4 0x95D89B41 EQ PUSH2 0x2A4 JUMPI DUP1 PUSH4 0xA9059CBB EQ PUSH2 0x332 JUMPI DUP1 PUSH4 0xDD62ED3E EQ PUSH2 0x374 JUMPI JUMPDEST PUSH1 0x0 DUP1 REVERT JUMPDEST CALLVALUE ISZERO PUSH2 0xA9 JUMPI PUSH1 0x0 DUP1 REVERT JUMPDEST PUSH2 0xB1 PUSH2 0x3E0 JUMP JUMPDEST PUSH1 0x40 MLOAD DUP1 DUP1 PUSH1 0x20 ADD DUP3 DUP2 SUB DUP3 MSTORE DUP4 DUP2 DUP2 MLOAD DUP2 MSTORE PUSH1 0x20 ADD SWAP2 POP DUP1 MLOAD SWAP1 PUSH1 0x20 ADD SWAP1 DUP1 DUP4 DUP4 PUSH1 0x0 JUMPDEST DUP4 DUP2 LT ISZERO PUSH2 0xF1 JUMPI DUP1 DUP3 ADD MLOAD DUP2 DUP5 ADD MSTORE PUSH1 0x20 DUP2 ADD SWAP1 POP PUSH2 0xD6 JUMP JUMPDEST POP POP POP POP SWAP1 POP SWAP1 DUP2 ADD SWAP1 PUSH1 0x1F AND DUP1 ISZERO PUSH2 0x11E JUMPI DUP1 DUP3 SUB DUP1 MLOAD PUSH1 0x1 DUP4 PUSH1 0x20 SUB PUSH2 0x100 EXP SUB NOT AND DUP2 MSTORE PUSH1 0x20 ADD SWAP2 POP JUMPDEST POP SWAP3 POP POP POP PUSH1 0x40 MLOAD DUP1 SWAP2 SUB SWAP1 RETURN JUMPDEST CALLVALUE ISZERO PUSH2 0x137 JUMPI PUSH1 0x0 DUP1 REVERT JUMPDEST PUSH2 0x16C PUSH1 0x4 DUP1 DUP1 CALLDATALOAD PUSH20 0xFFFFFFFFFFFFFFFFFFFFFFFFFFFFFFFFFFFFFFFF AND SWAP1 PUSH1 0x20 ADD SWAP1 SWAP2 SWAP1 DUP1 CALLDATALOAD SWAP1 PUSH1 0x20 ADD SWAP1 SWAP2 SWAP1 POP POP PUSH2 0x47E JUMP JUMPDEST PUSH1 0x40 MLOAD DUP1 DUP3 ISZERO ISZERO ISZERO ISZERO DUP2 MSTORE PUSH1 0x20 ADD SWAP2 POP POP PUSH1 0x40 MLOAD DUP1 SWAP2 SUB SWAP1 RETURN JUMPDEST CALLVALUE ISZERO PUSH2 0x191 JUMPI PUSH1 0x0 DUP1 REVERT JUMPDEST PUSH2 0x199 PUSH2 0x570 JUMP JUMPDEST PUSH1 0x40 MLOAD DUP1 DUP3 DUP2 MSTORE PUSH1 0x20 ADD SWAP2 POP POP PUSH1 0x40 MLOAD DUP1 SWAP2 SUB SWAP1 RETURN JUMPDEST CALLVALUE ISZERO PUSH2 0x1BA JUMPI PUSH1 0x0 DUP1 REVERT JUMPDEST PUSH2 0x20E PUSH1 0x4 DUP1 DUP1 CALLDATALOAD PUSH20 0xFFFFFFFFFFFFFFFFFFFFFFFFFFFFFFFFFFFFFFFF AND SWAP1 PUSH1 0x20 ADD SWAP1 SWAP2 SWAP1 DUP1 CALLDATALOAD PUSH20 0xFFFFFFFFFFFFFFFFFFFFFFFFFFFFFFFFFFFFFFFF AND SWAP1 PUSH1 0x20 ADD SWAP1 SWAP2 SWAP1 DUP1 CALLDATALOAD SWAP1 PUSH1 0x20 ADD SWAP1 SWAP2 SWAP1 POP POP PUSH2 0x576 JUMP JUMPDEST PUSH1 0x40 MLOAD DUP1 DUP3 ISZERO ISZERO ISZERO ISZERO DUP2 MSTORE PUSH1 0x20 ADD SWAP2 POP POP PUSH1 0x40 MLOAD DUP1 SWAP2 SUB SWAP1 RETURN JUMPDEST CALLVALUE ISZERO PUSH2 0x233 JUMPI PUSH1 0x0 DUP1 REVERT JUMPDEST PUSH2 0x23B PUSH2 0x6A3 JUMP JUMPDEST PUSH1 0x40 MLOAD DUP1 DUP3 PUSH1 0xFF AND PUSH1 0xFF AND DUP2 MSTORE PUSH1 0x20 ADD SWAP2 POP POP PUSH1 0x40 MLOAD DUP1 SWAP2 SUB SWAP1 RETURN JUMPDEST CALLVALUE ISZERO PUSH2 0x262 JUMPI PUSH1 0x0 DUP1 REVERT JUMPDEST PUSH2 0x28E PUSH1 0x4 DUP1 DUP1 CALLDATALOAD PUSH20 0xFFFFFFFFFFFFFFFFFFFFFFFFFFFFFFFFFFFFFFFF AND SWAP1 PUSH1 0x20 ADD SWAP1 SWAP2 SWAP1 POP POP PUSH2 0x6B6 JUMP JUMPDEST PUSH1 0x40 MLOAD DUP1 DUP3 DUP2 MSTORE PUSH1 0x20 ADD SWAP2 POP POP PUSH1 0x40 MLOAD DUP1 SWAP2 SUB SWAP1 RETURN JUMPDEST CALLVALUE ISZERO PUSH2 0x2AF JUMPI PUSH1 0x0 DUP1 REVERT JUMPDEST PUSH2 0x2B7 PUSH2 0x6CE JUMP JUMPDEST PUSH1 0x40 MLOAD DUP1 DUP1 PUSH1 0x20 ADD DUP3 DUP2 SUB DUP3 MSTORE DUP4 DUP2 DUP2 MLOAD DUP2 MSTORE PUSH1 0x20 ADD SWAP2 POP DUP1 MLOAD SWAP1 PUSH1 0x20 ADD SWAP1 DUP1 DUP4 DUP4 PUSH1 0x0 JUMPDEST DUP4 DUP2 LT ISZERO PUSH2 0x2F7 JUMPI DUP1 DUP3 ADD MLOAD DUP2 DUP5 ADD MSTORE PUSH1 0x20 DUP2 ADD SWAP1 POP PUSH2 0x2DC JUMP JUMPDEST POP POP POP POP SWAP1 POP SWAP1 DUP2 ADD SWAP1 PUSH1 0x1F AND DUP1 ISZERO PUSH2 0x324 JUMPI DUP1 DUP3 SUB DUP1 MLOAD PUSH1 0x1 DUP4 PUSH1 0x20 SUB PUSH2 0x100 EXP SUB NOT AND DUP2 MSTORE PUSH1 0x20 ADD SWAP2 POP JUMPDEST POP SWAP3 POP POP POP PUSH1 0x40 MLOAD DUP1 SWAP2 SUB SWAP1 RETURN JUMPDEST CALLVALUE ISZERO PUSH2 0x33D JUMPI PUSH1 0x0 DUP1 REVERT JUMPDEST PUSH2 0x372 PUSH1 0x4 DUP1 DUP1 CALLDATALOAD PUSH20 0xFFFFFFFFFFFFFFFFFFFFFFFFFFFFFFFFFFFFFFFF AND SWAP1 PUSH1 0x20 ADD SWAP1 SWAP2 SWAP1 DUP1 CALLDATALOAD SWAP1 PUSH1 0x20 ADD SWAP1 SWAP2 SWAP1 POP POP PUSH2 0x76C JUMP JUMPDEST STOP JUMPDEST CALLVALUE ISZERO PUSH2 0x37F JUMPI PUSH1 0x0 DUP1 REVERT JUMPDEST PUSH2 0x3CA PUSH1 0x4 DUP1 DUP1 CALLDATALOAD PUSH20 0xFFFFFFFFFFFFFFFFFFFFFFFFFFFFFFFFFFFFFFFF AND SWAP1 PUSH1 0x20 ADD SWAP1 SWAP2 SWAP1 DUP1 CALLDATALOAD PUSH20 0xFFFFFFFFFFFFFFFFFFFFFFFFFFFFFFFFFFFFFFFF AND SWAP1 PUSH1 0x20 ADD SWAP1 SWAP2 SWAP1 POP POP PUSH2 0x77B JUMP JUMPDEST PUSH1 0x40 MLOAD DUP1 DUP3 DUP2 MSTORE PUSH1 0x20 ADD SWAP2 POP POP PUSH1 0x40 MLOAD DUP1 SWAP2 SUB SWAP1 RETURN JUMPDEST PUSH1 0x0 DUP1 SLOAD PUSH1 0x1 DUP2 PUSH1 0x1 AND ISZERO PUSH2 0x100 MUL SUB AND PUSH1 0x2 SWAP1 DIV DUP1 PUSH1 0x1F ADD PUSH1 0x20 DUP1 SWAP2 DIV MUL PUSH1 0x20 ADD PUSH1 0x40 MLOAD SWAP1 DUP2 ADD PUSH1 0x40 MSTORE DUP1 SWAP3 SWAP2 SWAP1 DUP2 DUP2 MSTORE PUSH1 0x20 ADD DUP3 DUP1 SLOAD PUSH1 0x1 DUP2 PUSH1 0x1 AND ISZERO PUSH2 0x100 MUL SUB AND PUSH1 0x2 SWAP1 DIV DUP1 ISZERO PUSH2 0x476 JUMPI DUP1 PUSH1 0x1F LT PUSH2 0x44B JUMPI PUSH2 0x100 DUP1 DUP4 SLOAD DIV MUL DUP4 MSTORE SWAP2 PUSH1 0x20 ADD SWAP2 PUSH2 0x476 JUMP JUMPDEST DUP3 ADD SWAP2 SWAP1 PUSH1 0x0 MSTORE PUSH1 0x20 PUSH1 0x0 KECCAK256 SWAP1 JUMPDEST DUP2 SLOAD DUP2 MSTORE SWAP1 PUSH1 0x1 ADD SWAP1 PUSH1 0x20 ADD DUP1 DUP4 GT PUSH2 0x459 JUMPI DUP3 SWAP1 SUB PUSH1 0x1F AND DUP3 ADD SWAP2 JUMPDEST POP POP POP POP POP DUP2 JUMP JUMPDEST PUSH1 0x0 DUP2 PUSH1 0x5 PUSH1 0x0 CALLER PUSH20 0xFFFFFFFFFFFFFFFFFFFFFFFFFFFFFFFFFFFFFFFF AND PUSH20 0xFFFFFFFFFFFFFFFFFFFFFFFFFFFFFFFFFFFFFFFF AND DUP2 MSTORE PUSH1 0x20 ADD SWAP1 DUP2 MSTORE PUSH1 0x20 ADD PUSH1 0x0 KECCAK256 PUSH1 0x0 DUP6 PUSH20 0xFFFFFFFFFFFFFFFFFFFFFFFFFFFFFFFFFFFFFFFF AND PUSH20 0xFFFFFFFFFFFFFFFFFFFFFFFFFFFFFFFFFFFFFFFF AND DUP2 MSTORE PUSH1 0x20 ADD SWAP1 DUP2 MSTORE PUSH1 0x20 ADD PUSH1 0x0 KECCAK256 DUP2 SWAP1 SSTORE POP DUP3 PUSH20 0xFFFFFFFFFFFFFFFFFFFFFFFFFFFFFFFFFFFFFFFF AND CALLER PUSH20 0xFFFFFFFFFFFFFFFFFFFFFFFFFFFFFFFFFFFFFFFF AND PUSH32 0x8C5BE1E5EBEC7D5BD14F71427D1E84F3DD0314C0F7B2291E5B200AC8C7C3B925 DUP5 PUSH1 0x40 MLOAD DUP1 DUP3 DUP2 MSTORE PUSH1 0x20 ADD SWAP2 POP POP PUSH1 0x40 MLOAD DUP1 SWAP2 SUB SWAP1 LOG3 PUSH1 0x1 SWAP1 POP SWAP3 SWAP2 POP POP JUMP JUMPDEST PUSH1 0x3 SLOAD DUP2 JUMP JUMPDEST PUSH1 0x0 PUSH1 0x5 PUSH1 0x0 DUP6 PUSH20 0xFFFFFFFFFFFFFFFFFFFFFFFFFFFFFFFFFFFFFFFF AND PUSH20 0xFFFFFFFFFFFFFFFFFFFFFFFFFFFFFFFFFFFFFFFF AND DUP2 MSTORE PUSH1 0x20 ADD SWAP1 DUP2 MSTORE PUSH1 0x20 ADD PUSH1 0x0 KECCAK256 PUSH1 0x0 CALLER PUSH20 0xFFFFFFFFFFFFFFFFFFFFFFFFFFFFFFFFFFFFFFFF AND PUSH20 0xFFFFFFFFFFFFFFFFFFFFFFFFFFFFFFFFFFFFFFFF AND DUP2 MSTORE PUSH1 0x20 ADD SWAP1 DUP2 MSTORE PUSH1 0x20 ADD PUSH1 0x0 KECCAK256 SLOAD DUP3 GT ISZERO ISZERO ISZERO PUSH2 0x603 JUMPI PUSH1 0x0 DUP1 REVERT JUMPDEST DUP2 PUSH1 0x5 PUSH1 0x0 DUP7 PUSH20 0xFFFFFFFFFFFFFFFFFFFFFFFFFFFFFFFFFFFFFFFF AND PUSH20 0xFFFFFFFFFFFFFFFFFFFFFFFFFFFFFFFFFFFFFFFF AND DUP2 MSTORE PUSH1 0x20 ADD SWAP1 DUP2 MSTORE PUSH1 0x20 ADD PUSH1 0x0 KECCAK256 PUSH1 0x0 CALLER PUSH20 0xFFFFFFFFFFFFFFFFFFFFFFFFFFFFFFFFFFFFFFFF AND PUSH20 0xFFFFFFFFFFFFFFFFFFFFFFFFFFFFFFFFFFFFFFFF AND DUP2 MSTORE PUSH1 0x20 ADD SWAP1 DUP2 MSTORE PUSH1 0x20 ADD PUSH1 0x0 KECCAK256 PUSH1 0x0 DUP3 DUP3 SLOAD SUB SWAP3 POP POP DUP2 SWAP1 SSTORE POP PUSH2 0x698 DUP5 DUP5 DUP5 PUSH2 0x7A0 JUMP JUMPDEST PUSH1 0x1 SWAP1 POP SWAP4 SWAP3 POP POP POP JUMP JUMPDEST PUSH1 0x2 PUSH1 0x0 SWAP1 SLOAD SWAP1 PUSH2 0x100 EXP SWAP1 DIV PUSH1 0xFF AND DUP2 JUMP JUMPDEST PUSH1 0x4 PUSH1 0x20 MSTORE DUP1 PUSH1 0x0 MSTORE PUSH1 0x40 PUSH1 0x0 KECCAK256 PUSH1 0x0 SWAP2 POP SWAP1 POP SLOAD DUP2 JUMP JUMPDEST PUSH1 0x1 DUP1 SLOAD PUSH1 0x1 DUP2 PUSH1 0x1 AND ISZERO PUSH2 0x100 MUL SUB AND PUSH1 0x2 SWAP1 DIV DUP1 PUSH1 0x1F ADD PUSH1 0x20 DUP1 SWAP2 DIV MUL PUSH1 0x20 ADD PUSH1 0x40 MLOAD SWAP1 DUP2 ADD PUSH1 0x40 MSTORE DUP1 SWAP3 SWAP2 SWAP1 DUP2 DUP2 MSTORE PUSH1 0x20 ADD DUP3 DUP1 SLOAD PUSH1 0x1 DUP2 PUSH1 0x1 AND ISZERO PUSH2 0x100 MUL SUB AND PUSH1 0x2 SWAP1 DIV DUP1 ISZERO PUSH2 0x764 JUMPI DUP1 PUSH1 0x1F LT PUSH2 0x739 JUMPI PUSH2 0x100 DUP1 DUP4 SLOAD DIV MUL DUP4 MSTORE SWAP2 PUSH1 0x20 ADD SWAP2 PUSH2 0x764 JUMP JUMPDEST DUP3 ADD SWAP2 SWAP1 PUSH1 0x0 MSTORE PUSH1 0x20 PUSH1 0x0 KECCAK256 SWAP1 JUMPDEST DUP2 SLOAD DUP2 MSTORE SWAP1 PUSH1 0x1 ADD SWAP1 PUSH1 0x20 ADD DUP1 DUP4 GT PUSH2 0x747 JUMPI DUP3 SWAP1 SUB PUSH1 0x1F AND DUP3 ADD SWAP2 JUMPDEST POP POP POP POP POP DUP2 JUMP JUMPDEST PUSH2 0x777 CALLER DUP4 DUP4 PUSH2 0x7A0 JUMP JUMPDEST POP POP JUMP JUMPDEST PUSH1 0x5 PUSH1 0x20 MSTORE DUP2 PUSH1 0x0 MSTORE PUSH1 0x40 PUSH1 0x0 KECCAK256 PUSH1 0x20 MSTORE DUP1 PUSH1 0x0 MSTORE PUSH1 0x40 PUSH1 0x0 KECCAK256 PUSH1 0x0 SWAP2 POP SWAP2 POP POP SLOAD DUP2 JUMP JUMPDEST PUSH1 0x0 DUP1 DUP4 PUSH20 0xFFFFFFFFFFFFFFFFFFFFFFFFFFFFFFFFFFFFFFFF AND EQ ISZERO ISZERO ISZERO PUSH2 0x7C7 JUMPI PUSH1 0x0 DUP1 REVERT JUMPDEST DUP2 PUSH1 0x4 PUSH1 0x0 DUP7 PUSH20 0xFFFFFFFFFFFFFFFFFFFFFFFFFFFFFFFFFFFFFFFF AND PUSH20 0xFFFFFFFFFFFFFFFFFFFFFFFFFFFFFFFFFFFFFFFF AND DUP2 MSTORE PUSH1 0x20 ADD SWAP1 DUP2 MSTORE PUSH1 0x20 ADD PUSH1 0x0 KECCAK256 SLOAD LT ISZERO ISZERO ISZERO PUSH2 0x815 JUMPI PUSH1 0x0 DUP1 REVERT JUMPDEST PUSH1 0x4 PUSH1 0x0 DUP5 PUSH20 0xFFFFFFFFFFFFFFFFFFFFFFFFFFFFFFFFFFFFFFFF AND PUSH20 0xFFFFFFFFFFFFFFFFFFFFFFFFFFFFFFFFFFFFFFFF AND DUP2 MSTORE PUSH1 0x20 ADD SWAP1 DUP2 MSTORE PUSH1 0x20 ADD PUSH1 0x0 KECCAK256 SLOAD DUP3 PUSH1 0x4 PUSH1 0x0 DUP7 PUSH20 0xFFFFFFFFFFFFFFFFFFFFFFFFFFFFFFFFFFFFFFFF AND PUSH20 0xFFFFFFFFFFFFFFFFFFFFFFFFFFFFFFFFFFFFFFFF AND DUP2 MSTORE PUSH1 0x20 ADD SWAP1 DUP2 MSTORE PUSH1 0x20 ADD PUSH1 0x0 KECCAK256 SLOAD ADD GT ISZERO ISZERO PUSH2 0x8A3 JUMPI PUSH1 0x0 DUP1 REVERT JUMPDEST PUSH1 0x4 PUSH1 0x0 DUP5 PUSH20 0xFFFFFFFFFFFFFFFFFFFFFFFFFFFFFFFFFFFFFFFF AND PUSH20 0xFFFFFFFFFFFFFFFFFFFFFFFFFFFFFFFFFFFFFFFF AND DUP2 MSTORE PUSH1 0x20 ADD SWAP1 DUP2 MSTORE PUSH1 0x20 ADD PUSH1 0x0 KECCAK256 SLOAD PUSH1 0x4 PUSH1 0x0 DUP7 PUSH20 0xFFFFFFFFFFFFFFFFFFFFFFFFFFFFFFFFFFFFFFFF AND PUSH20 0xFFFFFFFFFFFFFFFFFFFFFFFFFFFFFFFFFFFFFFFF AND DUP2 MSTORE PUSH1 0x20 ADD SWAP1 DUP2 MSTORE PUSH1 0x20 ADD PUSH1 0x0 KECCAK256 SLOAD ADD SWAP1 POP DUP2 PUSH1 0x4 PUSH1 0x0 DUP7 PUSH20 0xFFFFFFFFFFFFFFFFFFFFFFFFFFFFFFFFFFFFFFFF AND PUSH20 0xFFFFFFFFFFFFFFFFFFFFFFFFFFFFFFFFFFFFFFFF AND DUP2 MSTORE PUSH1 0x20 ADD SWAP1 DUP2 MSTORE PUSH1 0x20 ADD PUSH1 0x0 KECCAK256 PUSH1 0x0 DUP3 DUP3 SLOAD SUB SWAP3 POP POP DUP2 SWAP1 SSTORE POP DUP2 PUSH1 0x4 PUSH1 0x0 DUP6 PUSH20 0xFFFFFFFFFFFFFFFFFFFFFFFFFFFFFFFFFFFFFFFF AND PUSH20 0xFFFFFFFFFFFFFFFFFFFFFFFFFFFFFFFFFFFFFFFF AND DUP2 MSTORE PUSH1 0x20 ADD SWAP1 DUP2 MSTORE PUSH1 0x20 ADD PUSH1 0x0 KECCAK256 PUSH1 0x0 DUP3 DUP3 SLOAD ADD SWAP3 POP POP DUP2 SWAP1 SSTORE POP DUP3 PUSH20 0xFFFFFFFFFFFFFFFFFFFFFFFFFFFFFFFFFFFFFFFF AND DUP5 PUSH20 0xFFFFFFFFFFFFFFFFFFFFFFFFFFFFFFFFFFFFFFFF AND PUSH32 0xDDF252AD1BE2C89B69C2B068FC378DAA952BA7F163C4A11628F55A4DF523B3EF DUP5 PUSH1 0x40 MLOAD DUP1 DUP3 DUP2 MSTORE PUSH1 0x20 ADD SWAP2 POP POP PUSH1 0x40 MLOAD DUP1 SWAP2 SUB SWAP1 LOG3 DUP1 PUSH1 0x4 PUSH1 0x0 DUP6 PUSH20 0xFFFFFFFFFFFFFFFFFFFFFFFFFFFFFFFFFFFFFFFF AND PUSH20 0xFFFFFFFFFFFFFFFFFFFFFFFFFFFFFFFFFFFFFFFF AND DUP2 MSTORE PUSH1 0x20 ADD SWAP1 DUP2 MSTORE PUSH1 0x20 ADD PUSH1 0x0 KECCAK256 SLOAD PUSH1 0x4 PUSH1 0x0 DUP8 PUSH20 0xFFFFFFFFFFFFFFFFFFFFFFFFFFFFFFFFFFFFFFFF AND PUSH20 0xFFFFFFFFFFFFFFFFFFFFFFFFFFFFFFFFFFFFFFFF AND DUP2 MSTORE PUSH1 0x20 ADD SWAP1 DUP2 MSTORE PUSH1 0x20 ADD PUSH1 0x0 KECCAK256 SLOAD ADD EQ ISZERO ISZERO PUSH2 0xAB0 JUMPI INVALID JUMPDEST POP POP POP POP JUMP STOP LOG1 PUSH6 0x627A7A723058 KECCAK256 XOR SWAP5 0xb9 EXP 0xec 0xd6 SWAP7 0x22 0xd0 0xc5 CREATE 0xe7 SSTORE 0xa8 SDIV DUP12 0xc3 DUP15 DUP4 0x4d STOP PUSH1 0x34 0x4c 0x48 DELEGATECALL 0xb6 0x2b RETURNDATASIZE LOG0 CALLDATACOPY 0x47 STOP 0x29
1,PUSH1 0x60 PUSH1 0x40 MSTORE PUSH7 0x38D7EA4C68000 PUSH1 0x0 SSTORE PUSH7 0xBE78BD4C57D000 PUSH1 0x1 SSTORE PUSH8 0x7D72165F25ED000 PUSH1 0x2 SSTORE CALLVALUE ISZERO PUSH2 0x31 JUMPI PUSH1 0x0 DUP1 REVERT JUMPDEST CALLER PUSH1 0x7 PUSH1 0x0 PUSH2 0x100 EXP DUP2 SLOAD DUP2 PUSH20 0xFFFFFFFFFFFFFFFFFFFFFFFFFFFFFFFFFFFFFFFF MUL NOT AND SWAP1 DUP4 PUSH20 0xFFFFFFFFFFFFFFFFFFFFFFFFFFFFFFFFFFFFFFFF AND MUL OR SWAP1 SSTORE POP CALLER PUSH1 0x8 PUSH1 0x0 PUSH2 0x100 EXP DUP2 SLOAD DUP2 PUSH20 0xFFFFFFFFFFFFFFFFFFFFFFFFFFFFFFFFFFFFFFFF MUL NOT AND SWAP1 DUP4 PUSH20 0xFFFFFFFFFFFFFFFFFFFFFFFFFFFFFFFFFFFFFFFF AND MUL OR SWAP1 SSTORE POP PUSH2 0x1F31 DUP1 PUSH2 0xC2 PUSH1 0x0 CODECOPY PUSH1 0x0 RETURN STOP PUSH1 0x60 PUSH1 0x40 MSTORE PUSH1 0x4 CALLDATASIZE LT PUSH2 0x13E JUMPI PUSH1 0x0 CALLDATALOAD PUSH29 0x100000000000000000000000000000000000000000000000000000000 SWAP1 DIV PUSH4 0xFFFFFFFF AND DUP1 PUSH4 0x6FDDE03 EQ PUSH2 0x143 JUMPI DUP1 PUSH4 0x95EA7B3 EQ PUSH2 0x1D1 JUMPI DUP1 PUSH4 0xA0F8168 EQ PUSH2 0x213 JUMPI DUP1 PUSH4 0xB7E9C44 EQ PUSH2 0x268 JUMPI DUP1 PUSH4 0x1051DB34 EQ PUSH2 0x2A1 JUMPI DUP1 PUSH4 0x18160DDD EQ PUSH2 0x2CE JUMPI DUP1 PUSH4 0x23B872DD EQ PUSH2 0x2F7 JUMPI DUP1 PUSH4 0x27D7874C EQ PUSH2 0x358 JUMPI DUP1 PUSH4 0x2BA73C15 EQ PUSH2 0x391 JUMPI DUP1 PUSH4 0x6352211E EQ PUSH2 0x3CA JUMPI DUP1 PUSH4 0x6D891F63 EQ PUSH2 0x42D JUMPI DUP1 PUSH4 0x70A08231 EQ PUSH2 0x490 JUMPI DUP1 PUSH4 0x8462151C EQ PUSH2 0x4DD JUMPI DUP1 PUSH4 0x8995E69B EQ PUSH2 0x56B JUMPI DUP1 PUSH4 0x95D89B41 EQ PUSH2 0x641 JUMPI DUP1 PUSH4 0xA3F4DF7E EQ PUSH2 0x6CF JUMPI DUP1 PUSH4 0xA9059CBB EQ PUSH2 0x75D JUMPI DUP1 PUSH4 0xB047FB50 EQ PUSH2 0x79F JUMPI DUP1 PUSH4 0xB2E6CEEB EQ PUSH2 0x7F4 JUMPI DUP1 PUSH4 0xB9186D7D EQ PUSH2 0x817 JUMPI DUP1 PUSH4 0xDE16C1B6 EQ PUSH2 0x84E JUMPI DUP1 PUSH4 0xDFBC2CD3 EQ PUSH2 0x8AB JUMPI DUP1 PUSH4 0xEFEF39A1 EQ PUSH2 0x90E JUMPI DUP1 PUSH4 0xF76F8D78 EQ PUSH2 0x926 JUMPI JUMPDEST PUSH1 0x0 DUP1 REVERT JUMPDEST CALLVALUE ISZERO PUSH2 0x14E JUMPI PUSH1 0x0 DUP1 REVERT JUMPDEST PUSH2 0x156 PUSH2 0x9B4 JUMP JUMPDEST PUSH1 0x40 MLOAD DUP1 DUP1 PUSH1 0x20 ADD DUP3 DUP2 SUB DUP3 MSTORE DUP4 DUP2 DUP2 MLOAD DUP2 MSTORE PUSH1 0x20 ADD SWAP2 POP DUP1 MLOAD SWAP1 PUSH1 0x20 ADD SWAP1 DUP1 DUP4 DUP4 PUSH1 0x0 JUMPDEST DUP4 DUP2 LT ISZERO PUSH2 0x196 JUMPI DUP1 DUP3 ADD MLOAD DUP2 DUP5 ADD MSTORE PUSH1 0x20 DUP2 ADD SWAP1 POP PUSH2 0x17B JUMP JUMPDEST POP POP POP POP SWAP1 POP SWAP1 DUP2 ADD SWAP1 PUSH1 0x1F AND DUP1 ISZERO PUSH2 0x1C3 JUMPI DUP1 DUP3 SUB DUP1 MLOAD PUSH1 0x1 DUP4 PUSH1 0x20 SUB PUSH2 0x100 EXP SUB NOT AND DUP2 MSTORE PUSH1 0x20 ADD SWAP2 POP JUMPDEST POP SWAP3 POP POP POP PUSH1 0x40 MLOAD DUP1 SWAP2 SUB SWAP1 RETURN JUMPDEST CALLVALUE ISZERO PUSH2 0x1DC JUMPI PUSH1 0x0 DUP1 REVERT JUMPDEST PUSH2 0x211 PUSH1 0x4 DUP1 DUP1 CALLDATALOAD PUSH20 0xFFFFFFFFFFFFFFFFFFFFFFFFFFFFFFFFFFFFFFFF AND SWAP1 PUSH1 0x20 ADD SWAP1 SWAP2 SWAP1 DUP1 CALLDATALOAD SWAP1 PUSH1 0x20 ADD SWAP1 SWAP2 SWAP1 POP POP PUSH2 0x9F7 JUMP JUMPDEST STOP JUMPDEST CALLVALUE ISZERO PUSH2 0x21E JUMPI PUSH1 0x0 DUP1 REVERT JUMPDEST PUSH2 0x226 PUSH2 0xAC7 JUMP JUMPDEST PUSH1 0x40 MLOAD DUP1 DUP3 PUSH20 0xFFFFFFFFFFFFFFFFFFFFFFFFFFFFFFFFFFFFFFFF AND PUSH20 0xFFFFFFFFFFFFFFFFFFFFFFFFFFFFFFFFFFFFFFFF AND DUP2 MSTORE PUSH1 0x20 ADD SWAP2 POP POP PUSH1 0x40 MLOAD DUP1 SWAP2 SUB SWAP1 RETURN JUMPDEST CALLVALUE ISZERO PUSH2 0x273 JUMPI PUSH1 0x0 DUP1 REVERT JUMPDEST PUSH2 0x29F PUSH1 0x4 DUP1 DUP1 CALLDATALOAD PUSH20 0xFFFFFFFFFFFFFFFFFFFFFFFFFFFFFFFFFFFFFFFF AND SWAP1 PUSH1 0x20 ADD SWAP1 SWAP2 SWAP1 POP POP PUSH2 0xAED JUMP JUMPDEST STOP JUMPDEST CALLVALUE ISZERO PUSH2 0x2AC JUMPI PUSH1 0x0 DUP1 REVERT JUMPDEST PUSH2 0x2B4 PUSH2 0xBAD JUMP JUMPDEST PUSH1 0x40 MLOAD DUP1 DUP3 ISZERO ISZERO ISZERO ISZERO DUP2 MSTORE PUSH1 0x20 ADD SWAP2 POP POP PUSH1 0x40 MLOAD DUP1 SWAP2 SUB SWAP1 RETURN JUMPDEST CALLVALUE ISZERO PUSH2 0x2D9 JUMPI PUSH1 0x0 DUP1 REVERT JUMPDEST PUSH2 0x2E1 PUSH2 0xBB6 JUMP JUMPDEST PUSH1 0x40 MLOAD DUP1 DUP3 DUP2 MSTORE PUSH1 0x20 ADD SWAP2 POP POP PUSH1 0x40 MLOAD DUP1 SWAP2 SUB SWAP1 RETURN JUMPDEST CALLVALUE ISZERO PUSH2 0x302 JUMPI PUSH1 0x0 DUP1 REVERT JUMPDEST PUSH2 0x356 PUSH1 0x4 DUP1 DUP1 CALLDATALOAD PUSH20 0xFFFFFFFFFFFFFFFFFFFFFFFFFFFFFFFFFFFFFFFF AND SWAP1 PUSH1 0x20 ADD SWAP1 SWAP2 SWAP1 DUP1 CALLDATALOAD PUSH20 0xFFFFFFFFFFFFFFFFFFFFFFFFFFFFFFFFFFFFFFFF AND SWAP1 PUSH1 0x20 ADD SWAP1 SWAP2 SWAP1 DUP1 CALLDATALOAD SWAP1 PUSH1 0x20 ADD SWAP1 SWAP2 SWAP1 POP POP PUSH2 0xBC3 JUMP JUMPDEST STOP JUMPDEST CALLVALUE ISZERO PUSH2 0x363 JUMPI PUSH1 0x0 DUP1 REVERT JUMPDEST PUSH2 0x38F PUSH1 0x4 DUP1 DUP1 CALLDATALOAD PUSH20 0xFFFFFFFFFFFFFFFFFFFFFFFFFFFFFFFFFFFFFFFF AND SWAP1 PUSH1 0x20 ADD SWAP1 SWAP2 SWAP1 POP POP PUSH2 0xC11 JUMP JUMPDEST STOP JUMPDEST CALLVALUE ISZERO PUSH2 0x39C JUMPI PUSH1 0x0 DUP1 REVERT JUMPDEST PUSH2 0x3C8 PUSH1 0x4 DUP1 DUP1 CALLDATALOAD PUSH20 0xFFFFFFFFFFFFFFFFFFFFFFFFFFFFFFFFFFFFFFFF AND SWAP1 PUSH1 0x20 ADD SWAP1 SWAP2 SWAP1 POP POP PUSH2 0xCED JUMP JUMPDEST STOP JUMPDEST CALLVALUE ISZERO PUSH2 0x3D5 JUMPI PUSH1 0x0 DUP1 REVERT JUMPDEST PUSH2 0x3EB PUSH1 0x4 DUP1 DUP1 CALLDATALOAD SWAP1 PUSH1 0x20 ADD SWAP1 SWAP2 SWAP1 POP POP PUSH2 0xDC9 JUMP JUMPDEST PUSH1 0x40 MLOAD DUP1 DUP3 PUSH20 0xFFFFFFFFFFFFFFFFFFFFFFFFFFFFFFFFFFFFFFFF AND PUSH20 0xFFFFFFFFFFFFFFFFFFFFFFFFFFFFFFFFFFFFFFFF AND DUP2 MSTORE PUSH1 0x20 ADD SWAP2 POP POP PUSH1 0x40 MLOAD DUP1 SWAP2 SUB SWAP1 RETURN JUMPDEST CALLVALUE ISZERO PUSH2 0x438 JUMPI PUSH1 0x0 DUP1 REVERT JUMPDEST PUSH2 0x44E PUSH1 0x4 DUP1 DUP1 CALLDATALOAD SWAP1 PUSH1 0x20 ADD SWAP1 SWAP2 SWAP1 POP POP PUSH2 0xE42 JUMP JUMPDEST PUSH1 0x40 MLOAD DUP1 DUP3 PUSH20 0xFFFFFFFFFFFFFFFFFFFFFFFFFFFFFFFFFFFFFFFF AND PUSH20 0xFFFFFFFFFFFFFFFFFFFFFFFFFFFFFFFFFFFFFFFF AND DUP2 MSTORE PUSH1 0x20 ADD SWAP2 POP POP PUSH1 0x40 MLOAD DUP1 SWAP2 SUB SWAP1 RETURN JUMPDEST CALLVALUE ISZERO PUSH2 0x49B JUMPI PUSH1 0x0 DUP1 REVERT JUMPDEST PUSH2 0x4C7 PUSH1 0x4 DUP1 DUP1 CALLDATALOAD PUSH20 0xFFFFFFFFFFFFFFFFFFFFFFFFFFFFFFFFFFFFFFFF AND SWAP1 PUSH1 0x20 ADD SWAP1 SWAP2 SWAP1 POP POP PUSH2 0xE75 JUMP JUMPDEST PUSH1 0x40 MLOAD DUP1 DUP3 DUP2 MSTORE PUSH1 0x20 ADD SWAP2 POP POP PUSH1 0x40 MLOAD DUP1 SWAP2 SUB SWAP1 RETURN JUMPDEST CALLVALUE ISZERO PUSH2 0x4E8 JUMPI PUSH1 0x0 DUP1 REVERT JUMPDEST PUSH2 0x514 PUSH1 0x4 DUP1 DUP1 CALLDATALOAD PUSH20 0xFFFFFFFFFFFFFFFFFFFFFFFFFFFFFFFFFFFFFFFF AND SWAP1 PUSH1 0x20 ADD SWAP1 SWAP2 SWAP1 POP POP PUSH2 0xEBE JUMP JUMPDEST PUSH1 0x40 MLOAD DUP1 DUP1 PUSH1 0x20 ADD DUP3 DUP2 SUB DUP3 MSTORE DUP4 DUP2 DUP2 MLOAD DUP2 MSTORE PUSH1 0x20 ADD SWAP2 POP DUP1 MLOAD SWAP1 PUSH1 0x20 ADD SWAP1 PUSH1 0x20 MUL DUP1 DUP4 DUP4 PUSH1 0x0 JUMPDEST DUP4 DUP2 LT ISZERO PUSH2 0x557 JUMPI DUP1 DUP3 ADD MLOAD DUP2 DUP5 ADD MSTORE PUSH1 0x20 DUP2 ADD SWAP1 POP PUSH2 0x53C JUMP JUMPDEST POP POP POP POP SWAP1 POP ADD SWAP3 POP POP POP PUSH1 0x40 MLOAD DUP1 SWAP2 SUB SWAP1 RETURN JUMPDEST CALLVALUE ISZERO PUSH2 0x576 JUMPI PUSH1 0x0 DUP1 REVERT JUMPDEST PUSH2 0x58C PUSH1 0x4 DUP1 DUP1 CALLDATALOAD SWAP1 PUSH1 0x20 ADD SWAP1 SWAP2 SWAP1 POP POP PUSH2 0xFF5 JUMP JUMPDEST PUSH1 0x40 MLOAD DUP1 DUP1 PUSH1 0x20 ADD DUP5 DUP2 MSTORE PUSH1 0x20 ADD DUP4 PUSH20 0xFFFFFFFFFFFFFFFFFFFFFFFFFFFFFFFFFFFFFFFF AND PUSH20 0xFFFFFFFFFFFFFFFFFFFFFFFFFFFFFFFFFFFFFFFF AND DUP2 MSTORE PUSH1 0x20 ADD DUP3 DUP2 SUB DUP3 MSTORE DUP6 DUP2 DUP2 MLOAD DUP2 MSTORE PUSH1 0x20 ADD SWAP2 POP DUP1 MLOAD SWAP1 PUSH1 0x20 ADD SWAP1 DUP1 DUP4 DUP4 PUSH1 0x0 JUMPDEST DUP4 DUP2 LT ISZERO PUSH2 0x604 JUMPI DUP1 DUP3 ADD MLOAD DUP2 DUP5 ADD MSTORE PUSH1 0x20 DUP2 ADD SWAP1 POP PUSH2 0x5E9 JUMP JUMPDEST POP POP POP POP SWAP1 POP SWAP1 DUP2 ADD SWAP1 PUSH1 0x1F AND DUP1 ISZERO PUSH2 0x631 JUMPI DUP1 DUP3 SUB DUP1 MLOAD PUSH1 0x1 DUP4 PUSH1 0x20 SUB PUSH2 0x100 EXP SUB NOT AND DUP2 MSTORE PUSH1 0x20 ADD SWAP2 POP JUMPDEST POP SWAP5 POP POP POP POP POP PUSH1 0x40 MLOAD DUP1 SWAP2 SUB SWAP1 RETURN JUMPDEST CALLVALUE ISZERO PUSH2 0x64C JUMPI PUSH1 0x0 DUP1 REVERT JUMPDEST PUSH2 0x654 PUSH2 0x1111 JUMP JUMPDEST PUSH1 0x40 MLOAD DUP1 DUP1 PUSH1 0x20 ADD DUP3 DUP2 SUB DUP3 MSTORE DUP4 DUP2 DUP2 MLOAD DUP2 MSTORE PUSH1 0x20 ADD SWAP2 POP DUP1 MLOAD SWAP1 PUSH1 0x20 ADD SWAP1 DUP1 DUP4 DUP4 PUSH1 0x0 JUMPDEST DUP4 DUP2 LT ISZERO PUSH2 0x694 JUMPI DUP1 DUP3 ADD MLOAD DUP2 DUP5 ADD MSTORE PUSH1 0x20 DUP2 ADD SWAP1 POP PUSH2 0x679 JUMP JUMPDEST POP POP POP POP SWAP1 POP SWAP1 DUP2 ADD SWAP1 PUSH1 0x1F AND DUP1 ISZERO PUSH2 0x6C1 JUMPI DUP1 DUP3 SUB DUP1 MLOAD PUSH1 0x1 DUP4 PUSH1 0x20 SUB PUSH2 0x100 EXP SUB NOT AND DUP2 MSTORE PUSH1 0x20 ADD SWAP2 POP JUMPDEST POP SWAP3 POP POP POP PUSH1 0x40 MLOAD DUP1 SWAP2 SUB SWAP1 RETURN JUMPDEST CALLVALUE ISZERO PUSH2 0x6DA JUMPI PUSH1 0x0 DUP1 REVERT JUMPDEST PUSH2 0x6E2 PUSH2 0x1154 JUMP JUMPDEST PUSH1 0x40 MLOAD DUP1 DUP1 PUSH1 0x20 ADD DUP3 DUP2 SUB DUP3 MSTORE DUP4 DUP2 DUP2 MLOAD DUP2 MSTORE PUSH1 0x20 ADD SWAP2 POP DUP1 MLOAD SWAP1 PUSH1 0x20 ADD SWAP1 DUP1 DUP4 DUP4 PUSH1 0x0 JUMPDEST DUP4 DUP2 LT ISZERO PUSH2 0x722 JUMPI DUP1 DUP3 ADD MLOAD DUP2 DUP5 ADD MSTORE PUSH1 0x20 DUP2 ADD SWAP1 POP PUSH2 0x707 JUMP JUMPDEST POP POP POP POP SWAP1 POP SWAP1 DUP2 ADD SWAP1 PUSH1 0x1F AND DUP1 ISZERO PUSH2 0x74F JUMPI DUP1 DUP3 SUB DUP1 MLOAD PUSH1 0x1 DUP4 PUSH1 0x20 SUB PUSH2 0x100 EXP SUB NOT AND DUP2 MSTORE PUSH1 0x20 ADD SWAP2 POP JUMPDEST POP SWAP3 POP POP POP PUSH1 0x40 MLOAD DUP1 SWAP2 SUB SWAP1 RETURN JUMPDEST CALLVALUE ISZERO PUSH2 0x768 JUMPI PUSH1 0x0 DUP1 REVERT JUMPDEST PUSH2 0x79D PUSH1 0x4 DUP1 DUP1 CALLDATALOAD PUSH20 0xFFFFFFFFFFFFFFFFFFFFFFFFFFFFFFFFFFFFFFFF AND SWAP1 PUSH1 0x20 ADD SWAP1 SWAP2 SWAP1 DUP1 CALLDATALOAD SWAP1 PUSH1 0x20 ADD SWAP1 SWAP2 SWAP1 POP POP PUSH2 0x118D JUMP JUMPDEST STOP JUMPDEST CALLVALUE ISZERO PUSH2 0x7AA JUMPI PUSH1 0x0 DUP1 REVERT JUMPDEST PUSH2 0x7B2 PUSH2 0x11C5 JUMP JUMPDEST PUSH1 0x40 MLOAD DUP1 DUP3 PUSH20 0xFFFFFFFFFFFFFFFFFFFFFFFFFFFFFFFFFFFFFFFF AND PUSH20 0xFFFFFFFFFFFFFFFFFFFFFFFFFFFFFFFFFFFFFFFF AND DUP2 MSTORE PUSH1 0x20 ADD SWAP2 POP POP PUSH1 0x40 MLOAD DUP1 SWAP2 SUB SWAP1 RETURN JUMPDEST CALLVALUE ISZERO PUSH2 0x7FF JUMPI PUSH1 0x0 DUP1 REVERT JUMPDEST PUSH2 0x815 PUSH1 0x4 DUP1 DUP1 CALLDATALOAD SWAP1 PUSH1 0x20 ADD SWAP1 SWAP2 SWAP1 POP POP PUSH2 0x11EB JUMP JUMPDEST STOP JUMPDEST CALLVALUE ISZERO PUSH2 0x822 JUMPI PUSH1 0x0 DUP1 REVERT JUMPDEST PUSH2 0x838 PUSH1 0x4 DUP1 DUP1 CALLDATALOAD SWAP1 PUSH1 0x20 ADD SWAP1 SWAP2 SWAP1 POP POP PUSH2 0x1260 JUMP JUMPDEST PUSH1 0x40 MLOAD DUP1 DUP3 DUP2 MSTORE PUSH1 0x20 ADD SWAP2 POP POP PUSH1 0x40 MLOAD DUP1 SWAP2 SUB SWAP1 RETURN JUMPDEST CALLVALUE ISZERO PUSH2 0x859 JUMPI PUSH1 0x0 DUP1 REVERT JUMPDEST PUSH2 0x8A9 PUSH1 0x4 DUP1 DUP1 CALLDATALOAD SWAP1 PUSH1 0x20 ADD SWAP1 DUP3 ADD DUP1 CALLDATALOAD SWAP1 PUSH1 0x20 ADD SWAP1 DUP1 DUP1 PUSH1 0x1F ADD PUSH1 0x20 DUP1 SWAP2 DIV MUL PUSH1 0x20 ADD PUSH1 0x40 MLOAD SWAP1 DUP2 ADD PUSH1 0x40 MSTORE DUP1 SWAP4 SWAP3 SWAP2 SWAP1 DUP2 DUP2 MSTORE PUSH1 0x20 ADD DUP4 DUP4 DUP1 DUP3 DUP5 CALLDATACOPY DUP3 ADD SWAP2 POP POP POP POP POP POP SWAP2 SWAP1 POP POP PUSH2 0x127D JUMP JUMPDEST STOP JUMPDEST CALLVALUE ISZERO PUSH2 0x8B6 JUMPI PUSH1 0x0 DUP1 REVERT JUMPDEST PUSH2 0x8CC PUSH1 0x4 DUP1 DUP1 CALLDATALOAD SWAP1 PUSH1 0x20 ADD SWAP1 SWAP2 SWAP1 POP POP PUSH2 0x1341 JUMP JUMPDEST PUSH1 0x40 MLOAD DUP1 DUP3 PUSH20 0xFFFFFFFFFFFFFFFFFFFFFFFFFFFFFFFFFFFFFFFF AND PUSH20 0xFFFFFFFFFFFFFFFFFFFFFFFFFFFFFFFFFFFFFFFF AND DUP2 MSTORE PUSH1 0x20 ADD SWAP2 POP POP PUSH1 0x40 MLOAD DUP1 SWAP2 SUB SWAP1 RETURN JUMPDEST PUSH2 0x924 PUSH1 0x4 DUP1 DUP1 CALLDATALOAD SWAP1 PUSH1 0x20 ADD SWAP1 SWAP2 SWAP1 POP POP PUSH2 0x1374 JUMP JUMPDEST STOP JUMPDEST CALLVALUE ISZERO PUSH2 0x931 JUMPI PUSH1 0x0 DUP1 REVERT JUMPDEST PUSH2 0x939 PUSH2 0x1720 JUMP JUMPDEST PUSH1 0x40 MLOAD DUP1 DUP1 PUSH1 0x20 ADD DUP3 DUP2 SUB DUP3 MSTORE DUP4 DUP2 DUP2 MLOAD DUP2 MSTORE PUSH1 0x20 ADD SWAP2 POP DUP1 MLOAD SWAP1 PUSH1 0x20 ADD SWAP1 DUP1 DUP4 DUP4 PUSH1 0x0 JUMPDEST DUP4 DUP2 LT ISZERO PUSH2 0x979 JUMPI DUP1 DUP3 ADD MLOAD DUP2 DUP5 ADD MSTORE PUSH1 0x20 DUP2 ADD SWAP1 POP PUSH2 0x95E JUMP JUMPDEST POP POP POP POP SWAP1 POP SWAP1 DUP2 ADD SWAP1 PUSH1 0x1F AND DUP1 ISZERO PUSH2 0x9A6 JUMPI DUP1 DUP3 SUB DUP1 MLOAD PUSH1 0x1 DUP4 PUSH1 0x20 SUB PUSH2 0x100 EXP SUB NOT AND DUP2 MSTORE PUSH1 0x20 ADD SWAP2 POP JUMPDEST POP SWAP3 POP POP POP PUSH1 0x40 MLOAD DUP1 SWAP2 SUB SWAP1 RETURN JUMPDEST PUSH2 0x9BC PUSH2 0x1D67 JUMP JUMPDEST PUSH1 0x40 DUP1 MLOAD SWAP1 DUP2 ADD PUSH1 0x40 MSTORE DUP1 PUSH1 0xC DUP2 MSTORE PUSH1 0x20 ADD PUSH32 0x43727970746F5475626572730000000000000000000000000000000000000000 DUP2 MSTORE POP SWAP1 POP SWAP1 JUMP JUMPDEST PUSH2 0xA01 CALLER DUP3 PUSH2 0x1759 JUMP JUMPDEST ISZERO ISZERO PUSH2 0xA0C JUMPI PUSH1 0x0 DUP1 REVERT JUMPDEST DUP2 PUSH1 0x5 PUSH1 0x0 DUP4 DUP2 MSTORE PUSH1 0x20 ADD SWAP1 DUP2 MSTORE PUSH1 0x20 ADD PUSH1 0x0 KECCAK256 PUSH1 0x0 PUSH2 0x100 EXP DUP2 SLOAD DUP2 PUSH20 0xFFFFFFFFFFFFFFFFFFFFFFFFFFFFFFFFFFFFFFFF MUL NOT AND SWAP1 DUP4 PUSH20 0xFFFFFFFFFFFFFFFFFFFFFFFFFFFFFFFFFFFFFFFF AND MUL OR SWAP1 SSTORE POP DUP2 PUSH20 0xFFFFFFFFFFFFFFFFFFFFFFFFFFFFFFFFFFFFFFFF AND CALLER PUSH20 0xFFFFFFFFFFFFFFFFFFFFFFFFFFFFFFFFFFFFFFFF AND PUSH32 0x8C5BE1E5EBEC7D5BD14F71427D1E84F3DD0314C0F7B2291E5B200AC8C7C3B925 DUP4 PUSH1 0x40 MLOAD DUP1 DUP3 DUP2 MSTORE PUSH1 0x20 ADD SWAP2 POP POP PUSH1 0x40 MLOAD DUP1 SWAP2 SUB SWAP1 LOG3 POP POP JUMP JUMPDEST PUSH1 0x7 PUSH1 0x0 SWAP1 SLOAD SWAP1 PUSH2 0x100 EXP SWAP1 DIV PUSH20 0xFFFFFFFFFFFFFFFFFFFFFFFFFFFFFFFFFFFFFFFF AND DUP2 JUMP JUMPDEST PUSH1 0x7 PUSH1 0x0 SWAP1 SLOAD SWAP1 PUSH2 0x100 EXP SWAP1 DIV PUSH20 0xFFFFFFFFFFFFFFFFFFFFFFFFFFFFFFFFFFFFFFFF AND PUSH20 0xFFFFFFFFFFFFFFFFFFFFFFFFFFFFFFFFFFFFFFFF AND CALLER PUSH20 0xFFFFFFFFFFFFFFFFFFFFFFFFFFFFFFFFFFFFFFFF AND EQ DUP1 PUSH2 0xB96 JUMPI POP PUSH1 0x8 PUSH1 0x0 SWAP1 SLOAD SWAP1 PUSH2 0x100 EXP SWAP1 DIV PUSH20 0xFFFFFFFFFFFFFFFFFFFFFFFFFFFFFFFFFFFFFFFF AND PUSH20 0xFFFFFFFFFFFFFFFFFFFFFFFFFFFFFFFFFFFFFFFF AND CALLER PUSH20 0xFFFFFFFFFFFFFFFFFFFFFFFFFFFFFFFFFFFFFFFF AND EQ JUMPDEST ISZERO ISZERO PUSH2 0xBA1 JUMPI PUSH1 0x0 DUP1 REVERT JUMPDEST PUSH2 0xBAA DUP2 PUSH2 0x17C5 JUMP JUMPDEST POP JUMP JUMPDEST PUSH1 0x0 PUSH1 0x1 SWAP1 POP SWAP1 JUMP JUMPDEST PUSH1 0x0 PUSH1 0x9 DUP1 SLOAD SWAP1 POP SWAP1 POP SWAP1 JUMP JUMPDEST PUSH2 0xBCD DUP4 DUP3 PUSH2 0x1759 JUMP JUMPDEST ISZERO ISZERO PUSH2 0xBD8 JUMPI PUSH1 0x0 DUP1 REVERT JUMPDEST PUSH2 0xBE2 DUP3 DUP3 PUSH2 0x18D3 JUMP JUMPDEST ISZERO ISZERO PUSH2 0xBED JUMPI PUSH1 0x0 DUP1 REVERT JUMPDEST PUSH2 0xBF6 DUP3 PUSH2 0x193F JUMP JUMPDEST ISZERO ISZERO PUSH2 0xC01 JUMPI PUSH1 0x0 DUP1 REVERT JUMPDEST PUSH2 0xC0C DUP4 DUP4 DUP4 PUSH2 0x1978 JUMP JUMPDEST POP POP POP JUMP JUMPDEST PUSH1 0x7 PUSH1 0x0 SWAP1 SLOAD SWAP1 PUSH2 0x100 EXP SWAP1 DIV PUSH20 0xFFFFFFFFFFFFFFFFFFFFFFFFFFFFFFFFFFFFFFFF AND PUSH20 0xFFFFFFFFFFFFFFFFFFFFFFFFFFFFFFFFFFFFFFFF AND CALLER PUSH20 0xFFFFFFFFFFFFFFFFFFFFFFFFFFFFFFFFFFFFFFFF AND EQ ISZERO ISZERO PUSH2 0xC6D JUMPI PUSH1 0x0 DUP1 REVERT JUMPDEST PUSH1 0x0 PUSH20 0xFFFFFFFFFFFFFFFFFFFFFFFFFFFFFFFFFFFFFFFF AND DUP2 PUSH20 0xFFFFFFFFFFFFFFFFFFFFFFFFFFFFFFFFFFFFFFFF AND EQ ISZERO ISZERO ISZERO PUSH2 0xCA9 JUMPI PUSH1 0x0 DUP1 REVERT JUMPDEST DUP1 PUSH1 0x7 PUSH1 0x0 PUSH2 0x100 EXP DUP2 SLOAD DUP2 PUSH20 0xFFFFFFFFFFFFFFFFFFFFFFFFFFFFFFFFFFFFFFFF MUL NOT AND SWAP1 DUP4 PUSH20 0xFFFFFFFFFFFFFFFFFFFFFFFFFFFFFFFFFFFFFFFF AND MUL OR SWAP1 SSTORE POP POP JUMP JUMPDEST PUSH1 0x7 PUSH1 0x0 SWAP1 SLOAD SWAP1 PUSH2 0x100 EXP SWAP1 DIV PUSH20 0xFFFFFFFFFFFFFFFFFFFFFFFFFFFFFFFFFFFFFFFF AND PUSH20 0xFFFFFFFFFFFFFFFFFFFFFFFFFFFFFFFFFFFFFFFF AND CALLER PUSH20 0xFFFFFFFFFFFFFFFFFFFFFFFFFFFFFFFFFFFFFFFF AND EQ ISZERO ISZERO PUSH2 0xD49 JUMPI PUSH1 0x0 DUP1 REVERT JUMPDEST PUSH1 0x0 PUSH20 0xFFFFFFFFFFFFFFFFFFFFFFFFFFFFFFFFFFFFFFFF AND DUP2 PUSH20 0xFFFFFFFFFFFFFFFFFFFFFFFFFFFFFFFFFFFFFFFF AND EQ ISZERO ISZERO ISZERO PUSH2 0xD85 JUMPI PUSH1 0x0 DUP1 REVERT JUMPDEST DUP1 PUSH1 0x8 PUSH1 0x0 PUSH2 0x100 EXP DUP2 SLOAD DUP2 PUSH20 0xFFFFFFFFFFFFFFFFFFFFFFFFFFFFFFFFFFFFFFFF MUL NOT AND SWAP1 DUP4 PUSH20 0xFFFFFFFFFFFFFFFFFFFFFFFFFFFFFFFFFFFFFFFF AND MUL OR SWAP1 SSTORE POP POP JUMP JUMPDEST PUSH1 0x0 PUSH1 0x3 PUSH1 0x0 DUP4 DUP2 MSTORE PUSH1 0x20 ADD SWAP1 DUP2 MSTORE PUSH1 0x20 ADD PUSH1 0x0 KECCAK256 PUSH1 0x0 SWAP1 SLOAD SWAP1 PUSH2 0x100 EXP SWAP1 DIV PUSH20 0xFFFFFFFFFFFFFFFFFFFFFFFFFFFFFFFFFFFFFFFF AND SWAP1 POP PUSH1 0x0 PUSH20 0xFFFFFFFFFFFFFFFFFFFFFFFFFFFFFFFFFFFFFFFF AND DUP2 PUSH20 0xFFFFFFFFFFFFFFFFFFFFFFFFFFFFFFFFFFFFFFFF AND EQ ISZERO ISZERO ISZERO PUSH2 0xE3D JUMPI PUSH1 0x0 DUP1 REVERT JUMPDEST SWAP2 SWAP1 POP JUMP JUMPDEST PUSH1 0x3 PUSH1 0x20 MSTORE DUP1 PUSH1 0x0 MSTORE PUSH1 0x40 PUSH1 0x0 KECCAK256 PUSH1 0x0 SWAP2 POP SLOAD SWAP1 PUSH2 0x100 EXP SWAP1 DIV PUSH20 0xFFFFFFFFFFFFFFFFFFFFFFFFFFFFFFFFFFFFFFFF AND DUP2 JUMP JUMPDEST PUSH1 0x0 PUSH1 0x4 PUSH1 0x0 DUP4 PUSH20 0xFFFFFFFFFFFFFFFFFFFFFFFFFFFFFFFFFFFFFFFF AND PUSH20 0xFFFFFFFFFFFFFFFFFFFFFFFFFFFFFFFFFFFFFFFF AND DUP2 MSTORE PUSH1 0x20 ADD SWAP1 DUP2 MSTORE PUSH1 0x20 ADD PUSH1 0x0 KECCAK256 SLOAD SWAP1 POP SWAP2 SWAP1 POP JUMP JUMPDEST PUSH2 0xEC6 PUSH2 0x1D7B JUMP JUMPDEST PUSH1 0x0 PUSH2 0xED0 PUSH2 0x1D7B JUMP JUMPDEST PUSH1 0x0 DUP1 PUSH1 0x0 PUSH2 0xEDE DUP8 PUSH2 0xE75 JUMP JUMPDEST SWAP5 POP PUSH1 0x0 DUP6 EQ ISZERO PUSH2 0xF10 JUMPI PUSH1 0x0 PUSH1 0x40 MLOAD DUP1 MSIZE LT PUSH2 0xEF8 JUMPI POP MSIZE JUMPDEST SWAP1 DUP1 DUP3 MSTORE DUP1 PUSH1 0x20 MUL PUSH1 0x20 ADD DUP3 ADD PUSH1 0x40 MSTORE POP SWAP6 POP PUSH2 0xFEB JUMP JUMPDEST DUP5 PUSH1 0x40 MLOAD DUP1 MSIZE LT PUSH2 0xF1E JUMPI POP MSIZE JUMPDEST SWAP1 DUP1 DUP3 MSTORE DUP1 PUSH1 0x20 MUL PUSH1 0x20 ADD DUP3 ADD PUSH1 0x40 MSTORE POP SWAP4 POP PUSH2 0xF39 PUSH2 0xBB6 JUMP JUMPDEST SWAP3 POP PUSH1 0x0 SWAP2 POP PUSH1 0x0 SWAP1 POP JUMPDEST DUP3 DUP2 GT ISZERO ISZERO PUSH2 0xFE7 JUMPI DUP7 PUSH20 0xFFFFFFFFFFFFFFFFFFFFFFFFFFFFFFFFFFFFFFFF AND PUSH1 0x3 PUSH1 0x0 DUP4 DUP2 MSTORE PUSH1 0x20 ADD SWAP1 DUP2 MSTORE PUSH1 0x20 ADD PUSH1 0x0 KECCAK256 PUSH1 0x0 SWAP1 SLOAD SWAP1 PUSH2 0x100 EXP SWAP1 DIV PUSH20 0xFFFFFFFFFFFFFFFFFFFFFFFFFFFFFFFFFFFFFFFF AND PUSH20 0xFFFFFFFFFFFFFFFFFFFFFFFFFFFFFFFFFFFFFFFF AND EQ ISZERO PUSH2 0xFDA JUMPI DUP1 DUP5 DUP4 DUP2 MLOAD DUP2 LT ISZERO ISZERO PUSH2 0xFC3 JUMPI INVALID JUMPDEST SWAP1 PUSH1 0x20 ADD SWAP1 PUSH1 0x20 MUL ADD DUP2 DUP2 MSTORE POP POP DUP2 DUP1 PUSH1 0x1 ADD SWAP3 POP POP JUMPDEST DUP1 DUP1 PUSH1 0x1 ADD SWAP2 POP POP PUSH2 0xF44 JUMP JUMPDEST DUP4 SWAP6 POP JUMPDEST POP POP POP POP POP SWAP2 SWAP1 POP JUMP JUMPDEST PUSH2 0xFFD PUSH2 0x1D67 JUMP JUMPDEST PUSH1 0x0 DUP1 PUSH1 0x0 PUSH1 0x9 DUP6 DUP2 SLOAD DUP2 LT ISZERO ISZERO PUSH2 0x1011 JUMPI INVALID JUMPDEST SWAP1 PUSH1 0x0 MSTORE PUSH1 0x20 PUSH1 0x0 KECCAK256 SWAP1 ADD SWAP1 POP DUP1 PUSH1 0x0 ADD DUP1 SLOAD PUSH1 0x1 DUP2 PUSH1 0x1 AND ISZERO PUSH2 0x100 MUL SUB AND PUSH1 0x2 SWAP1 DIV DUP1 PUSH1 0x1F ADD PUSH1 0x20 DUP1 SWAP2 DIV MUL PUSH1 0x20 ADD PUSH1 0x40 MLOAD SWAP1 DUP2 ADD PUSH1 0x40 MSTORE DUP1 SWAP3 SWAP2 SWAP1 DUP2 DUP2 MSTORE PUSH1 0x20 ADD DUP3 DUP1 SLOAD PUSH1 0x1 DUP2 PUSH1 0x1 AND ISZERO PUSH2 0x100 MUL SUB AND PUSH1 0x2 SWAP1 DIV DUP1 ISZERO PUSH2 0x10B6 JUMPI DUP1 PUSH1 0x1F LT PUSH2 0x108B JUMPI PUSH2 0x100 DUP1 DUP4 SLOAD DIV MUL DUP4 MSTORE SWAP2 PUSH1 0x20 ADD SWAP2 PUSH2 0x10B6 JUMP JUMPDEST DUP3 ADD SWAP2 SWAP1 PUSH1 0x0 MSTORE PUSH1 0x20 PUSH1 0x0 KECCAK256 SWAP1 JUMPDEST DUP2 SLOAD DUP2 MSTORE SWAP1 PUSH1 0x1 ADD SWAP1 PUSH1 0x20 ADD DUP1 DUP4 GT PUSH2 0x1099 JUMPI DUP3 SWAP1 SUB PUSH1 0x1F AND DUP3 ADD SWAP2 JUMPDEST POP POP POP POP POP SWAP4 POP PUSH1 0x6 PUSH1 0x0 DUP7 DUP2 MSTORE PUSH1 0x20 ADD SWAP1 DUP2 MSTORE PUSH1 0x20 ADD PUSH1 0x0 KECCAK256 SLOAD SWAP3 POP PUSH1 0x3 PUSH1 0x0 DUP7 DUP2 MSTORE PUSH1 0x20 ADD SWAP1 DUP2 MSTORE PUSH1 0x20 ADD PUSH1 0x0 KECCAK256 PUSH1 0x0 SWAP1 SLOAD SWAP1 PUSH2 0x100 EXP SWAP1 DIV PUSH20 0xFFFFFFFFFFFFFFFFFFFFFFFFFFFFFFFFFFFFFFFF AND SWAP2 POP POP SWAP2 SWAP4 SWAP1 SWAP3 POP JUMP JUMPDEST PUSH2 0x1119 PUSH2 0x1D67 JUMP JUMPDEST PUSH1 0x40 DUP1 MLOAD SWAP1 DUP2 ADD PUSH1 0x40 MSTORE DUP1 PUSH1 0x5 DUP2 MSTORE PUSH1 0x20 ADD PUSH32 0x4354554245000000000000000000000000000000000000000000000000000000 DUP2 MSTORE POP SWAP1 POP SWAP1 JUMP JUMPDEST PUSH1 0x40 DUP1 MLOAD SWAP1 DUP2 ADD PUSH1 0x40 MSTORE DUP1 PUSH1 0xC DUP2 MSTORE PUSH1 0x20 ADD PUSH32 0x43727970746F5475626572730000000000000000000000000000000000000000 DUP2 MSTORE POP DUP2 JUMP JUMPDEST PUSH2 0x1197 CALLER DUP3 PUSH2 0x1759 JUMP JUMPDEST ISZERO ISZERO PUSH2 0x11A2 JUMPI PUSH1 0x0 DUP1 REVERT JUMPDEST PUSH2 0x11AB DUP3 PUSH2 0x193F JUMP JUMPDEST ISZERO ISZERO PUSH2 0x11B6 JUMPI PUSH1 0x0 DUP1 REVERT JUMPDEST PUSH2 0x11C1 CALLER DUP4 DUP4 PUSH2 0x1978 JUMP JUMPDEST POP POP JUMP JUMPDEST PUSH1 0x8 PUSH1 0x0 SWAP1 SLOAD SWAP1 PUSH2 0x100 EXP SWAP1 DIV PUSH20 0xFFFFFFFFFFFFFFFFFFFFFFFFFFFFFFFFFFFFFFFF AND DUP2 JUMP JUMPDEST PUSH1 0x0 DUP1 CALLER SWAP2 POP PUSH1 0x3 PUSH1 0x0 DUP5 DUP2 MSTORE PUSH1 0x20 ADD SWAP1 DUP2 MSTORE PUSH1 0x20 ADD PUSH1 0x0 KECCAK256 PUSH1 0x0 SWAP1 SLOAD SWAP1 PUSH2 0x100 EXP SWAP1 DIV PUSH20 0xFFFFFFFFFFFFFFFFFFFFFFFFFFFFFFFFFFFFFFFF AND SWAP1 POP PUSH2 0x1230 DUP3 PUSH2 0x193F JUMP JUMPDEST ISZERO ISZERO PUSH2 0x123B JUMPI PUSH1 0x0 DUP1 REVERT JUMPDEST PUSH2 0x1245 DUP3 DUP5 PUSH2 0x18D3 JUMP JUMPDEST ISZERO ISZERO PUSH2 0x1250 JUMPI PUSH1 0x0 DUP1 REVERT JUMPDEST PUSH2 0x125B DUP2 DUP4 DUP6 PUSH2 0x1978 JUMP JUMPDEST POP POP POP JUMP JUMPDEST PUSH1 0x0 PUSH1 0x6 PUSH1 0x0 DUP4 DUP2 MSTORE PUSH1 0x20 ADD SWAP1 DUP2 MSTORE PUSH1 0x20 ADD PUSH1 0x0 KECCAK256 SLOAD SWAP1 POP SWAP2 SWAP1 POP JUMP JUMPDEST PUSH1 0x7 PUSH1 0x0 SWAP1 SLOAD SWAP1 PUSH2 0x100 EXP SWAP1 DIV PUSH20 0xFFFFFFFFFFFFFFFFFFFFFFFFFFFFFFFFFFFFFFFF AND PUSH20 0xFFFFFFFFFFFFFFFFFFFFFFFFFFFFFFFFFFFFFFFF AND CALLER PUSH20 0xFFFFFFFFFFFFFFFFFFFFFFFFFFFFFFFFFFFFFFFF AND EQ DUP1 PUSH2 0x1326 JUMPI POP PUSH1 0x8 PUSH1 0x0 SWAP1 SLOAD SWAP1 PUSH2 0x100 EXP SWAP1 DIV PUSH20 0xFFFFFFFFFFFFFFFFFFFFFFFFFFFFFFFFFFFFFFFF AND PUSH20 0xFFFFFFFFFFFFFFFFFFFFFFFFFFFFFFFFFFFFFFFF AND CALLER PUSH20 0xFFFFFFFFFFFFFFFFFFFFFFFFFFFFFFFFFFFFFFFF AND EQ JUMPDEST ISZERO ISZERO PUSH2 0x1331 JUMPI PUSH1 0x0 DUP1 REVERT JUMPDEST PUSH2 0x133E DUP2 ADDRESS PUSH1 0x0 SLOAD PUSH2 0x1B7A JUMP JUMPDEST POP JUMP JUMPDEST PUSH1 0x5 PUSH1 0x20 MSTORE DUP1 PUSH1 0x0 MSTORE PUSH1 0x40 PUSH1 0x0 KECCAK256 PUSH1 0x0 SWAP2 POP SLOAD SWAP1 PUSH2 0x100 EXP SWAP1 DIV PUSH20 0xFFFFFFFFFFFFFFFFFFFFFFFFFFFFFFFFFFFFFFFF AND DUP2 JUMP JUMPDEST PUSH1 0x0 DUP1 PUSH1 0x0 DUP1 PUSH1 0x0 PUSH1 0x3 PUSH1 0x0 DUP8 DUP2 MSTORE PUSH1 0x20 ADD SWAP1 DUP2 MSTORE PUSH1 0x20 ADD PUSH1 0x0 KECCAK256 PUSH1 0x0 SWAP1 SLOAD SWAP1 PUSH2 0x100 EXP SWAP1 DIV PUSH20 0xFFFFFFFFFFFFFFFFFFFFFFFFFFFFFFFFFFFFFFFF AND SWAP5 POP CALLER SWAP4 POP PUSH1 0x6 PUSH1 0x0 DUP8 DUP2 MSTORE PUSH1 0x20 ADD SWAP1 DUP2 MSTORE PUSH1 0x20 ADD PUSH1 0x0 KECCAK256 SLOAD SWAP3 POP DUP4 PUSH20 0xFFFFFFFFFFFFFFFFFFFFFFFFFFFFFFFFFFFFFFFF AND DUP6 PUSH20 0xFFFFFFFFFFFFFFFFFFFFFFFFFFFFFFFFFFFFFFFF AND EQ ISZERO ISZERO ISZERO PUSH2 0x1406 JUMPI PUSH1 0x0 DUP1 REVERT JUMPDEST PUSH2 0x140F DUP5 PUSH2 0x193F JUMP JUMPDEST ISZERO ISZERO PUSH2 0x141A JUMPI PUSH1 0x0 DUP1 REVERT JUMPDEST DUP3 CALLVALUE LT ISZERO ISZERO ISZERO PUSH2 0x1429 JUMPI PUSH1 0x0 DUP1 REVERT JUMPDEST PUSH2 0x143E PUSH2 0x1437 DUP5 PUSH1 0x5C PUSH2 0x1CF8 JUMP JUMPDEST PUSH1 0x64 PUSH2 0x1D33 JUMP JUMPDEST SWAP2 POP PUSH2 0x144A CALLVALUE DUP5 PUSH2 0x1D4E JUMP JUMPDEST SWAP1 POP PUSH1 0x1 SLOAD DUP4 LT ISZERO PUSH2 0x1487 JUMPI PUSH2 0x146B PUSH2 0x1464 DUP5 PUSH1 0xC8 PUSH2 0x1CF8 JUMP JUMPDEST PUSH1 0x5A PUSH2 0x1D33 JUMP JUMPDEST PUSH1 0x6 PUSH1 0x0 DUP9 DUP2 MSTORE PUSH1 0x20 ADD SWAP1 DUP2 MSTORE PUSH1 0x20 ADD PUSH1 0x0 KECCAK256 DUP2 SWAP1 SSTORE POP PUSH2 0x14F0 JUMP JUMPDEST PUSH1 0x2 SLOAD DUP4 LT ISZERO PUSH2 0x14C2 JUMPI PUSH2 0x14A6 PUSH2 0x149F DUP5 PUSH1 0x78 PUSH2 0x1CF8 JUMP JUMPDEST PUSH1 0x5A PUSH2 0x1D33 JUMP JUMPDEST PUSH1 0x6 PUSH1 0x0 DUP9 DUP2 MSTORE PUSH1 0x20 ADD SWAP1 DUP2 MSTORE PUSH1 0x20 ADD PUSH1 0x0 KECCAK256 DUP2 SWAP1 SSTORE POP PUSH2 0x14EF JUMP JUMPDEST PUSH2 0x14D7 PUSH2 0x14D0 DUP5 PUSH1 0x73 PUSH2 0x1CF8 JUMP JUMPDEST PUSH1 0x5A PUSH2 0x1D33 JUMP JUMPDEST PUSH1 0x6 PUSH1 0x0 DUP9 DUP2 MSTORE PUSH1 0x20 ADD SWAP1 DUP2 MSTORE PUSH1 0x20 ADD PUSH1 0x0 KECCAK256 DUP2 SWAP1 SSTORE POP JUMPDEST JUMPDEST PUSH2 0x14FB DUP6 DUP6 DUP9 PUSH2 0x1978 JUMP JUMPDEST ADDRESS PUSH20 0xFFFFFFFFFFFFFFFFFFFFFFFFFFFFFFFFFFFFFFFF AND DUP6 PUSH20 0xFFFFFFFFFFFFFFFFFFFFFFFFFFFFFFFFFFFFFFFF AND EQ ISZERO ISZERO PUSH2 0x1571 JUMPI DUP5 PUSH20 0xFFFFFFFFFFFFFFFFFFFFFFFFFFFFFFFFFFFFFFFF AND PUSH2 0x8FC DUP4 SWAP1 DUP2 ISZERO MUL SWAP1 PUSH1 0x40 MLOAD PUSH1 0x0 PUSH1 0x40 MLOAD DUP1 DUP4 SUB DUP2 DUP6 DUP9 DUP9 CALL SWAP4 POP POP POP POP ISZERO ISZERO PUSH2 0x1570 JUMPI PUSH1 0x0 DUP1 REVERT JUMPDEST JUMPDEST PUSH31 0x8201E7BCBF010C2C07DE59D6E97CB7E3CF67A46125C49CBC89B9D2CDE1F48F DUP7 DUP5 PUSH1 0x6 PUSH1 0x0 DUP11 DUP2 MSTORE PUSH1 0x20 ADD SWAP1 DUP2 MSTORE PUSH1 0x20 ADD PUSH1 0x0 KECCAK256 SLOAD DUP9 DUP9 PUSH1 0x9 DUP13 DUP2 SLOAD DUP2 LT ISZERO ISZERO PUSH2 0x15B8 JUMPI INVALID JUMPDEST SWAP1 PUSH1 0x0 MSTORE PUSH1 0x20 PUSH1 0x0 KECCAK256 SWAP1 ADD PUSH1 0x0 ADD PUSH1 0x40 MLOAD DUP1 DUP8 DUP2 MSTORE PUSH1 0x20 ADD DUP7 DUP2 MSTORE PUSH1 0x20 ADD DUP6 DUP2 MSTORE PUSH1 0x20 ADD DUP5 PUSH20 0xFFFFFFFFFFFFFFFFFFFFFFFFFFFFFFFFFFFFFFFF AND PUSH20 0xFFFFFFFFFFFFFFFFFFFFFFFFFFFFFFFFFFFFFFFF AND DUP2 MSTORE PUSH1 0x20 ADD DUP4 PUSH20 0xFFFFFFFFFFFFFFFFFFFFFFFFFFFFFFFFFFFFFFFF AND PUSH20 0xFFFFFFFFFFFFFFFFFFFFFFFFFFFFFFFFFFFFFFFF AND DUP2 MSTORE PUSH1 0x20 ADD DUP1 PUSH1 0x20 ADD DUP3 DUP2 SUB DUP3 MSTORE DUP4 DUP2 DUP2 SLOAD PUSH1 0x1 DUP2 PUSH1 0x1 AND ISZERO PUSH2 0x100 MUL SUB AND PUSH1 0x2 SWAP1 DIV DUP2 MSTORE PUSH1 0x20 ADD SWAP2 POP DUP1 SLOAD PUSH1 0x1 DUP2 PUSH1 0x1 AND ISZERO PUSH2 0x100 MUL SUB AND PUSH1 0x2 SWAP1 DIV DUP1 ISZERO PUSH2 0x16C5 JUMPI DUP1 PUSH1 0x1F LT PUSH2 0x169A JUMPI PUSH2 0x100 DUP1 DUP4 SLOAD DIV MUL DUP4 MSTORE SWAP2 PUSH1 0x20 ADD SWAP2 PUSH2 0x16C5 JUMP JUMPDEST DUP3 ADD SWAP2 SWAP1 PUSH1 0x0 MSTORE PUSH1 0x20 PUSH1 0x0 KECCAK256 SWAP1 JUMPDEST DUP2 SLOAD DUP2 MSTORE SWAP1 PUSH1 0x1 ADD SWAP1 PUSH1 0x20 ADD DUP1 DUP4 GT PUSH2 0x16A8 JUMPI DUP3 SWAP1 SUB PUSH1 0x1F AND DUP3 ADD SWAP2 JUMPDEST POP POP SWAP8 POP POP POP POP POP POP POP POP PUSH1 0x40 MLOAD DUP1 SWAP2 SUB SWAP1 LOG1 CALLER PUSH20 0xFFFFFFFFFFFFFFFFFFFFFFFFFFFFFFFFFFFFFFFF AND PUSH2 0x8FC DUP3 SWAP1 DUP2 ISZERO MUL SWAP1 PUSH1 0x40 MLOAD PUSH1 0x0 PUSH1 0x40 MLOAD DUP1 DUP4 SUB DUP2 DUP6 DUP9 DUP9 CALL SWAP4 POP POP POP POP ISZERO ISZERO PUSH2 0x1718 JUMPI PUSH1 0x0 DUP1 REVERT JUMPDEST POP POP POP POP POP POP JUMP JUMPDEST PUSH1 0x40 DUP1 MLOAD SWAP1 DUP2 ADD PUSH1 0x40 MSTORE DUP1 PUSH1 0x5 DUP2 MSTORE PUSH1 0x20 ADD PUSH32 0x4354554245000000000000000000000000000000000000000000000000000000 DUP2 MSTORE POP DUP2 JUMP JUMPDEST PUSH1 0x0 PUSH1 0x3 PUSH1 0x0 DUP4 DUP2 MSTORE PUSH1 0x20 ADD SWAP1 DUP2 MSTORE PUSH1 0x20 ADD PUSH1 0x0 KECCAK256 PUSH1 0x0 SWAP1 SLOAD SWAP1 PUSH2 0x100 EXP SWAP1 DIV PUSH20 0xFFFFFFFFFFFFFFFFFFFFFFFFFFFFFFFFFFFFFFFF AND PUSH20 0xFFFFFFFFFFFFFFFFFFFFFFFFFFFFFFFFFFFFFFFF AND DUP4 PUSH20 0xFFFFFFFFFFFFFFFFFFFFFFFFFFFFFFFFFFFFFFFF AND EQ SWAP1 POP SWAP3 SWAP2 POP POP JUMP JUMPDEST PUSH1 0x0 PUSH20 0xFFFFFFFFFFFFFFFFFFFFFFFFFFFFFFFFFFFFFFFF AND DUP2 PUSH20 0xFFFFFFFFFFFFFFFFFFFFFFFFFFFFFFFFFFFFFFFF AND EQ ISZERO PUSH2 0x1878 JUMPI PUSH1 0x7 PUSH1 0x0 SWAP1 SLOAD SWAP1 PUSH2 0x100 EXP SWAP1 DIV PUSH20 0xFFFFFFFFFFFFFFFFFFFFFFFFFFFFFFFFFFFFFFFF AND PUSH20 0xFFFFFFFFFFFFFFFFFFFFFFFFFFFFFFFFFFFFFFFF AND PUSH2 0x8FC ADDRESS PUSH20 0xFFFFFFFFFFFFFFFFFFFFFFFFFFFFFFFFFFFFFFFF AND BALANCE SWAP1 DUP2 ISZERO MUL SWAP1 PUSH1 0x40 MLOAD PUSH1 0x0 PUSH1 0x40 MLOAD DUP1 DUP4 SUB DUP2 DUP6 DUP9 DUP9 CALL SWAP4 POP POP POP POP ISZERO ISZERO PUSH2 0x1873 JUMPI PUSH1 0x0 DUP1 REVERT JUMPDEST PUSH2 0x18D0 JUMP JUMPDEST DUP1 PUSH20 0xFFFFFFFFFFFFFFFFFFFFFFFFFFFFFFFFFFFFFFFF AND PUSH2 0x8FC ADDRESS PUSH20 0xFFFFFFFFFFFFFFFFFFFFFFFFFFFFFFFFFFFFFFFF AND BALANCE SWAP1 DUP2 ISZERO MUL SWAP1 PUSH1 0x40 MLOAD PUSH1 0x0 PUSH1 0x40 MLOAD DUP1 DUP4 SUB DUP2 DUP6 DUP9 DUP9 CALL SWAP4 POP POP POP POP ISZERO ISZERO PUSH2 0x18CF JUMPI PUSH1 0x0 DUP1 REVERT JUMPDEST JUMPDEST POP JUMP JUMPDEST PUSH1 0x0 DUP3 PUSH20 0xFFFFFFFFFFFFFFFFFFFFFFFFFFFFFFFFFFFFFFFF AND PUSH1 0x5 PUSH1 0x0 DUP5 DUP2 MSTORE PUSH1 0x20 ADD SWAP1 DUP2 MSTORE PUSH1 0x20 ADD PUSH1 0x0 KECCAK256 PUSH1 0x0 SWAP1 SLOAD SWAP1 PUSH2 0x100 EXP SWAP1 DIV PUSH20 0xFFFFFFFFFFFFFFFFFFFFFFFFFFFFFFFFFFFFFFFF AND PUSH20 0xFFFFFFFFFFFFFFFFFFFFFFFFFFFFFFFFFFFFFFFF AND EQ SWAP1 POP SWAP3 SWAP2 POP POP JUMP JUMPDEST PUSH1 0x0 DUP1 PUSH20 0xFFFFFFFFFFFFFFFFFFFFFFFFFFFFFFFFFFFFFFFF AND DUP3 PUSH20 0xFFFFFFFFFFFFFFFFFFFFFFFFFFFFFFFFFFFFFFFF AND EQ ISZERO SWAP1 POP SWAP2 SWAP1 POP JUMP JUMPDEST PUSH1 0x4 PUSH1 0x0 DUP4 PUSH20 0xFFFFFFFFFFFFFFFFFFFFFFFFFFFFFFFFFFFFFFFF AND PUSH20 0xFFFFFFFFFFFFFFFFFFFFFFFFFFFFFFFFFFFFFFFF AND DUP2 MSTORE PUSH1 0x20 ADD SWAP1 DUP2 MSTORE PUSH1 0x20 ADD PUSH1 0x0 KECCAK256 PUSH1 0x0 DUP2 SLOAD DUP1 SWAP3 SWAP2 SWAP1 PUSH1 0x1 ADD SWAP2 SWAP1 POP SSTORE POP DUP2 PUSH1 0x3 PUSH1 0x0 DUP4 DUP2 MSTORE PUSH1 0x20 ADD SWAP1 DUP2 MSTORE PUSH1 0x20 ADD PUSH1 0x0 KECCAK256 PUSH1 0x0 PUSH2 0x100 EXP DUP2 SLOAD DUP2 PUSH20 0xFFFFFFFFFFFFFFFFFFFFFFFFFFFFFFFFFFFFFFFF MUL NOT AND SWAP1 DUP4 PUSH20 0xFFFFFFFFFFFFFFFFFFFFFFFFFFFFFFFFFFFFFFFF AND MUL OR SWAP1 SSTORE POP PUSH1 0x0 PUSH20 0xFFFFFFFFFFFFFFFFFFFFFFFFFFFFFFFFFFFFFFFF AND DUP4 PUSH20 0xFFFFFFFFFFFFFFFFFFFFFFFFFFFFFFFFFFFFFFFF AND EQ ISZERO ISZERO PUSH2 0x1AD6 JUMPI PUSH1 0x4 PUSH1 0x0 DUP5 PUSH20 0xFFFFFFFFFFFFFFFFFFFFFFFFFFFFFFFFFFFFFFFF AND PUSH20 0xFFFFFFFFFFFFFFFFFFFFFFFFFFFFFFFFFFFFFFFF AND DUP2 MSTORE PUSH1 0x20 ADD SWAP1 DUP2 MSTORE PUSH1 0x20 ADD PUSH1 0x0 KECCAK256 PUSH1 0x0 DUP2 SLOAD DUP1 SWAP3 SWAP2 SWAP1 PUSH1 0x1 SWAP1 SUB SWAP2 SWAP1 POP SSTORE POP PUSH1 0x5 PUSH1 0x0 DUP3 DUP2 MSTORE PUSH1 0x20 ADD SWAP1 DUP2 MSTORE PUSH1 0x20 ADD PUSH1 0x0 KECCAK256 PUSH1 0x0 PUSH2 0x100 EXP DUP2 SLOAD SWAP1 PUSH20 0xFFFFFFFFFFFFFFFFFFFFFFFFFFFFFFFFFFFFFFFF MUL NOT AND SWAP1 SSTORE JUMPDEST PUSH32 0xDDF252AD1BE2C89B69C2B068FC378DAA952BA7F163C4A11628F55A4DF523B3EF DUP4 DUP4 DUP4 PUSH1 0x40 MLOAD DUP1 DUP5 PUSH20 0xFFFFFFFFFFFFFFFFFFFFFFFFFFFFFFFFFFFFFFFF AND PUSH20 0xFFFFFFFFFFFFFFFFFFFFFFFFFFFFFFFFFFFFFFFF AND DUP2 MSTORE PUSH1 0x20 ADD DUP4 PUSH20 0xFFFFFFFFFFFFFFFFFFFFFFFFFFFFFFFFFFFFFFFF AND PUSH20 0xFFFFFFFFFFFFFFFFFFFFFFFFFFFFFFFFFFFFFFFF AND DUP2 MSTORE PUSH1 0x20 ADD DUP3 DUP2 MSTORE PUSH1 0x20 ADD SWAP4 POP POP POP POP PUSH1 0x40 MLOAD DUP1 SWAP2 SUB SWAP1 LOG1 POP POP POP JUMP JUMPDEST PUSH2 0x1B82 PUSH2 0x1D8F JUMP JUMPDEST PUSH1 0x0 PUSH1 0x20 PUSH1 0x40 MLOAD SWAP1 DUP2 ADD PUSH1 0x40 MSTORE DUP1 DUP7 DUP2 MSTORE POP SWAP2 POP PUSH1 0x1 PUSH1 0x9 DUP1 SLOAD DUP1 PUSH1 0x1 ADD DUP3 DUP2 PUSH2 0x1BAC SWAP2 SWAP1 PUSH2 0x1DA9 JUMP JUMPDEST SWAP2 PUSH1 0x0 MSTORE PUSH1 0x20 PUSH1 0x0 KECCAK256 SWAP1 ADD PUSH1 0x0 DUP6 SWAP1 SWAP2 SWAP1 SWAP2 POP PUSH1 0x0 DUP3 ADD MLOAD DUP2 PUSH1 0x0 ADD SWAP1 DUP1 MLOAD SWAP1 PUSH1 0x20 ADD SWAP1 PUSH2 0x1BDB SWAP3 SWAP2 SWAP1 PUSH2 0x1DD5 JUMP JUMPDEST POP POP POP SUB SWAP1 POP DUP1 PUSH4 0xFFFFFFFF AND DUP2 EQ ISZERO ISZERO PUSH2 0x1BF5 JUMPI PUSH1 0x0 DUP1 REVERT JUMPDEST PUSH32 0xB3B0CF861F168BCDB275C69DA97B2543631552BA562628AA3C7317D4A6089EF2 DUP2 DUP7 DUP7 PUSH1 0x40 MLOAD DUP1 DUP5 DUP2 MSTORE PUSH1 0x20 ADD DUP1 PUSH1 0x20 ADD DUP4 PUSH20 0xFFFFFFFFFFFFFFFFFFFFFFFFFFFFFFFFFFFFFFFF AND PUSH20 0xFFFFFFFFFFFFFFFFFFFFFFFFFFFFFFFFFFFFFFFF AND DUP2 MSTORE PUSH1 0x20 ADD DUP3 DUP2 SUB DUP3 MSTORE DUP5 DUP2 DUP2 MLOAD DUP2 MSTORE PUSH1 0x20 ADD SWAP2 POP DUP1 MLOAD SWAP1 PUSH1 0x20 ADD SWAP1 DUP1 DUP4 DUP4 PUSH1 0x0 JUMPDEST DUP4 DUP2 LT ISZERO PUSH2 0x1C91 JUMPI DUP1 DUP3 ADD MLOAD DUP2 DUP5 ADD MSTORE PUSH1 0x20 DUP2 ADD SWAP1 POP PUSH2 0x1C76 JUMP JUMPDEST POP POP POP POP SWAP1 POP SWAP1 DUP2 ADD SWAP1 PUSH1 0x1F AND DUP1 ISZERO PUSH2 0x1CBE JUMPI DUP1 DUP3 SUB DUP1 MLOAD PUSH1 0x1 DUP4 PUSH1 0x20 SUB PUSH2 0x100 EXP SUB NOT AND DUP2 MSTORE PUSH1 0x20 ADD SWAP2 POP JUMPDEST POP SWAP5 POP POP POP POP POP PUSH1 0x40 MLOAD DUP1 SWAP2 SUB SWAP1 LOG1 DUP3 PUSH1 0x6 PUSH1 0x0 DUP4 DUP2 MSTORE PUSH1 0x20 ADD SWAP1 DUP2 MSTORE PUSH1 0x20 ADD PUSH1 0x0 KECCAK256 DUP2 SWAP1 SSTORE POP PUSH2 0x1CF1 PUSH1 0x0 DUP6 DUP4 PUSH2 0x1978 JUMP JUMPDEST POP POP POP POP POP JUMP JUMPDEST PUSH1 0x0 DUP1 PUSH1 0x0 DUP5 EQ ISZERO PUSH2 0x1D0D JUMPI PUSH1 0x0 SWAP2 POP PUSH2 0x1D2C JUMP JUMPDEST DUP3 DUP5 MUL SWAP1 POP DUP3 DUP5 DUP3 DUP2 ISZERO ISZERO PUSH2 0x1D1E JUMPI INVALID JUMPDEST DIV EQ ISZERO ISZERO PUSH2 0x1D28 JUMPI INVALID JUMPDEST DUP1 SWAP2 POP JUMPDEST POP SWAP3 SWAP2 POP POP JUMP JUMPDEST PUSH1 0x0 DUP1 DUP3 DUP5 DUP2 ISZERO ISZERO PUSH2 0x1D41 JUMPI INVALID JUMPDEST DIV SWAP1 POP DUP1 SWAP2 POP POP SWAP3 SWAP2 POP POP JUMP JUMPDEST PUSH1 0x0 DUP3 DUP3 GT ISZERO ISZERO ISZERO PUSH2 0x1D5C JUMPI INVALID JUMPDEST DUP2 DUP4 SUB SWAP1 POP SWAP3 SWAP2 POP POP JUMP JUMPDEST PUSH1 0x20 PUSH1 0x40 MLOAD SWAP1 DUP2 ADD PUSH1 0x40 MSTORE DUP1 PUSH1 0x0 DUP2 MSTORE POP SWAP1 JUMP JUMPDEST PUSH1 0x20 PUSH1 0x40 MLOAD SWAP1 DUP2 ADD PUSH1 0x40 MSTORE DUP1 PUSH1 0x0 DUP2 MSTORE POP SWAP1 JUMP JUMPDEST PUSH1 0x20 PUSH1 0x40 MLOAD SWAP1 DUP2 ADD PUSH1 0x40 MSTORE DUP1 PUSH2 0x1DA3 PUSH2 0x1E55 JUMP JUMPDEST DUP2 MSTORE POP SWAP1 JUMP JUMPDEST DUP2 SLOAD DUP2 DUP4 SSTORE DUP2 DUP2 ISZERO GT PUSH2 0x1DD0 JUMPI DUP2 DUP4 PUSH1 0x0 MSTORE PUSH1 0x20 PUSH1 0x0 KECCAK256 SWAP2 DUP3 ADD SWAP2 ADD PUSH2 0x1DCF SWAP2 SWAP1 PUSH2 0x1E69 JUMP JUMPDEST JUMPDEST POP POP POP JUMP JUMPDEST DUP3 DUP1 SLOAD PUSH1 0x1 DUP2 PUSH1 0x1 AND ISZERO PUSH2 0x100 MUL SUB AND PUSH1 0x2 SWAP1 DIV SWAP1 PUSH1 0x0 MSTORE PUSH1 0x20 PUSH1 0x0 KECCAK256 SWAP1 PUSH1 0x1F ADD PUSH1 0x20 SWAP1 DIV DUP2 ADD SWAP3 DUP3 PUSH1 0x1F LT PUSH2 0x1E16 JUMPI DUP1 MLOAD PUSH1 0xFF NOT AND DUP4 DUP1 ADD OR DUP6 SSTORE PUSH2 0x1E44 JUMP JUMPDEST DUP3 DUP1 ADD PUSH1 0x1 ADD DUP6 SSTORE DUP3 ISZERO PUSH2 0x1E44 JUMPI SWAP2 DUP3 ADD JUMPDEST DUP3 DUP2 GT ISZERO PUSH2 0x1E43 JUMPI DUP3 MLOAD DUP3 SSTORE SWAP2 PUSH1 0x20 ADD SWAP2 SWAP1 PUSH1 0x1 ADD SWAP1 PUSH2 0x1E28 JUMP JUMPDEST JUMPDEST POP SWAP1 POP PUSH2 0x1E51 SWAP2 SWAP1 PUSH2 0x1E98 JUMP JUMPDEST POP SWAP1 JUMP JUMPDEST PUSH1 0x20 PUSH1 0x40 MLOAD SWAP1 DUP2 ADD PUSH1 0x40 MSTORE DUP1 PUSH1 0x0 DUP2 MSTORE POP SWAP1 JUMP JUMPDEST PUSH2 0x1E95 SWAP2 SWAP1 JUMPDEST DUP1 DUP3 GT ISZERO PUSH2 0x1E91 JUMPI PUSH1 0x0 DUP1 DUP3 ADD PUSH1 0x0 PUSH2 0x1E88 SWAP2 SWAP1 PUSH2 0x1EBD JUMP JUMPDEST POP PUSH1 0x1 ADD PUSH2 0x1E6F JUMP JUMPDEST POP SWAP1 JUMP JUMPDEST SWAP1 JUMP JUMPDEST PUSH2 0x1EBA SWAP2 SWAP1 JUMPDEST DUP1 DUP3 GT ISZERO PUSH2 0x1EB6 JUMPI PUSH1 0x0 DUP2 PUSH1 0x0 SWAP1 SSTORE POP PUSH1 0x1 ADD PUSH2 0x1E9E JUMP JUMPDEST POP SWAP1 JUMP JUMPDEST SWAP1 JUMP JUMPDEST POP DUP1 SLOAD PUSH1 0x1 DUP2 PUSH1 0x1 AND ISZERO PUSH2 0x100 MUL SUB AND PUSH1 0x2 SWAP1 DIV PUSH1 0x0 DUP3 SSTORE DUP1 PUSH1 0x1F LT PUSH2 0x1EE3 JUMPI POP PUSH2 0x1F02 JUMP JUMPDEST PUSH1 0x1F ADD PUSH1 0x20 SWAP1 DIV SWAP1 PUSH1 0x0 MSTORE PUSH1 0x20 PUSH1 0x0 KECCAK256 SWAP1 DUP2 ADD SWAP1 PUSH2 0x1F01 SWAP2 SWAP1 PUSH2 0x1E98 JUMP JUMPDEST JUMPDEST POP JUMP STOP LOG1 PUSH6 0x627A7A723058 KECCAK256 SDIV 0xea DUP8 PUSH2 0xF132 0xc3 0xab 0xbd JUMPI 0xd2 CALLDATACOPY PUSH27 0x59EDAE3109FBB63C6B92958AE0691C6174F0350029000000000000
1,PUSH1 0x60 PUSH1 0x40 MSTORE CALLVALUE ISZERO PUSH2 0xF JUMPI PUSH1 0x0 DUP1 REVERT JUMPDEST PUSH2 0x379 DUP1 PUSH2 0x1E PUSH1 0x0 CODECOPY PUSH1 0x0 RETURN STOP PUSH1 0x60 PUSH1 0x40 MSTORE PUSH1 0x4 CALLDATASIZE LT PUSH2 0x57 JUMPI PUSH1 0x0 CALLDATALOAD PUSH29 0x100000000000000000000000000000000000000000000000000000000 SWAP1 DIV PUSH4 0xFFFFFFFF AND DUP1 PUSH4 0x18160DDD EQ PUSH2 0x5C JUMPI DUP1 PUSH4 0x70A08231 EQ PUSH2 0x85 JUMPI DUP1 PUSH4 0xA9059CBB EQ PUSH2 0xD2 JUMPI JUMPDEST PUSH1 0x0 DUP1 REVERT JUMPDEST CALLVALUE ISZERO PUSH2 0x67 JUMPI PUSH1 0x0 DUP1 REVERT JUMPDEST PUSH2 0x6F PUSH2 0x12C JUMP JUMPDEST PUSH1 0x40 MLOAD DUP1 DUP3 DUP2 MSTORE PUSH1 0x20 ADD SWAP2 POP POP PUSH1 0x40 MLOAD DUP1 SWAP2 SUB SWAP1 RETURN JUMPDEST CALLVALUE ISZERO PUSH2 0x90 JUMPI PUSH1 0x0 DUP1 REVERT JUMPDEST PUSH2 0xBC PUSH1 0x4 DUP1 DUP1 CALLDATALOAD PUSH20 0xFFFFFFFFFFFFFFFFFFFFFFFFFFFFFFFFFFFFFFFF AND SWAP1 PUSH1 0x20 ADD SWAP1 SWAP2 SWAP1 POP POP PUSH2 0x132 JUMP JUMPDEST PUSH1 0x40 MLOAD DUP1 DUP3 DUP2 MSTORE PUSH1 0x20 ADD SWAP2 POP POP PUSH1 0x40 MLOAD DUP1 SWAP2 SUB SWAP1 RETURN JUMPDEST CALLVALUE ISZERO PUSH2 0xDD JUMPI PUSH1 0x0 DUP1 REVERT JUMPDEST PUSH2 0x112 PUSH1 0x4 DUP1 DUP1 CALLDATALOAD PUSH20 0xFFFFFFFFFFFFFFFFFFFFFFFFFFFFFFFFFFFFFFFF AND SWAP1 PUSH1 0x20 ADD SWAP1 SWAP2 SWAP1 DUP1 CALLDATALOAD SWAP1 PUSH1 0x20 ADD SWAP1 SWAP2 SWAP1 POP POP PUSH2 0x17B JUMP JUMPDEST PUSH1 0x40 MLOAD DUP1 DUP3 ISZERO ISZERO ISZERO ISZERO DUP2 MSTORE PUSH1 0x20 ADD SWAP2 POP POP PUSH1 0x40 MLOAD DUP1 SWAP2 SUB SWAP1 RETURN JUMPDEST PUSH1 0x0 SLOAD DUP2 JUMP JUMPDEST PUSH1 0x0 PUSH1 0x1 PUSH1 0x0 DUP4 PUSH20 0xFFFFFFFFFFFFFFFFFFFFFFFFFFFFFFFFFFFFFFFF AND PUSH20 0xFFFFFFFFFFFFFFFFFFFFFFFFFFFFFFFFFFFFFFFF AND DUP2 MSTORE PUSH1 0x20 ADD SWAP1 DUP2 MSTORE PUSH1 0x20 ADD PUSH1 0x0 KECCAK256 SLOAD SWAP1 POP SWAP2 SWAP1 POP JUMP JUMPDEST PUSH1 0x0 PUSH2 0x1CF DUP3 PUSH1 0x1 PUSH1 0x0 CALLER PUSH20 0xFFFFFFFFFFFFFFFFFFFFFFFFFFFFFFFFFFFFFFFF AND PUSH20 0xFFFFFFFFFFFFFFFFFFFFFFFFFFFFFFFFFFFFFFFF AND DUP2 MSTORE PUSH1 0x20 ADD SWAP1 DUP2 MSTORE PUSH1 0x20 ADD PUSH1 0x0 KECCAK256 SLOAD PUSH2 0x316 SWAP1 SWAP2 SWAP1 PUSH4 0xFFFFFFFF AND JUMP JUMPDEST PUSH1 0x1 PUSH1 0x0 CALLER PUSH20 0xFFFFFFFFFFFFFFFFFFFFFFFFFFFFFFFFFFFFFFFF AND PUSH20 0xFFFFFFFFFFFFFFFFFFFFFFFFFFFFFFFFFFFFFFFF AND DUP2 MSTORE PUSH1 0x20 ADD SWAP1 DUP2 MSTORE PUSH1 0x20 ADD PUSH1 0x0 KECCAK256 DUP2 SWAP1 SSTORE POP PUSH2 0x264 DUP3 PUSH1 0x1 PUSH1 0x0 DUP7 PUSH20 0xFFFFFFFFFFFFFFFFFFFFFFFFFFFFFFFFFFFFFFFF AND PUSH20 0xFFFFFFFFFFFFFFFFFFFFFFFFFFFFFFFFFFFFFFFF AND DUP2 MSTORE PUSH1 0x20 ADD SWAP1 DUP2 MSTORE PUSH1 0x20 ADD PUSH1 0x0 KECCAK256 SLOAD PUSH2 0x32F SWAP1 SWAP2 SWAP1 PUSH4 0xFFFFFFFF AND JUMP JUMPDEST PUSH1 0x1 PUSH1 0x0 DUP6 PUSH20 0xFFFFFFFFFFFFFFFFFFFFFFFFFFFFFFFFFFFFFFFF AND PUSH20 0xFFFFFFFFFFFFFFFFFFFFFFFFFFFFFFFFFFFFFFFF AND DUP2 MSTORE PUSH1 0x20 ADD SWAP1 DUP2 MSTORE PUSH1 0x20 ADD PUSH1 0x0 KECCAK256 DUP2 SWAP1 SSTORE POP DUP3 PUSH20 0xFFFFFFFFFFFFFFFFFFFFFFFFFFFFFFFFFFFFFFFF AND CALLER PUSH20 0xFFFFFFFFFFFFFFFFFFFFFFFFFFFFFFFFFFFFFFFF AND PUSH32 0xDDF252AD1BE2C89B69C2B068FC378DAA952BA7F163C4A11628F55A4DF523B3EF DUP5 PUSH1 0x40 MLOAD DUP1 DUP3 DUP2 MSTORE PUSH1 0x20 ADD SWAP2 POP POP PUSH1 0x40 MLOAD DUP1 SWAP2 SUB SWAP1 LOG3 PUSH1 0x1 SWAP1 POP SWAP3 SWAP2 POP POP JUMP JUMPDEST PUSH1 0x0 DUP3 DUP3 GT ISZERO ISZERO ISZERO PUSH2 0x324 JUMPI INVALID JUMPDEST DUP2 DUP4 SUB SWAP1 POP SWAP3 SWAP2 POP POP JUMP JUMPDEST PUSH1 0x0 DUP1 DUP3 DUP5 ADD SWAP1 POP DUP4 DUP2 LT ISZERO ISZERO ISZERO PUSH2 0x343 JUMPI INVALID JUMPDEST DUP1 SWAP2 POP POP SWAP3 SWAP2 POP POP JUMP STOP LOG1 PUSH6 0x627A7A723058 KECCAK256 0xc POP 0x24 0xee POP 0xc8 0xbf 0xab 0xe1 SWAP5 0xe PUSH3 0x7A9D12 0xad SAR BYTE SHR BLOCKHASH 0x1e SGT OR LOG2 ISZERO CALLER PUSH15 0xEB2468352C00290000000000000000
1,PUSH1 0x60 PUSH1 0x40 MSTORE PUSH1 0x40 DUP1 MLOAD SWAP1 DUP2 ADD PUSH1 0x40 MSTORE DUP1 PUSH1 0x9 DUP2 MSTORE PUSH1 0x20 ADD PUSH32 0x546F6B656E20302E310000000000000000000000000000000000000000000000 DUP2 MSTORE POP PUSH1 0x0 SWAP1 DUP1 MLOAD SWAP1 PUSH1 0x20 ADD SWAP1 PUSH3 0x51 SWAP3 SWAP2 SWAP1 PUSH3 0x173 JUMP JUMPDEST POP CALLVALUE ISZERO PUSH3 0x5E JUMPI PUSH1 0x0 DUP1 REVERT JUMPDEST PUSH6 0x746A5288000 PUSH1 0x5 PUSH1 0x0 CALLER PUSH20 0xFFFFFFFFFFFFFFFFFFFFFFFFFFFFFFFFFFFFFFFF AND PUSH20 0xFFFFFFFFFFFFFFFFFFFFFFFFFFFFFFFFFFFFFFFF AND DUP2 MSTORE PUSH1 0x20 ADD SWAP1 DUP2 MSTORE PUSH1 0x20 ADD PUSH1 0x0 KECCAK256 DUP2 SWAP1 SSTORE POP PUSH6 0x746A5288000 PUSH1 0x4 DUP2 SWAP1 SSTORE POP PUSH1 0x40 DUP1 MLOAD SWAP1 DUP2 ADD PUSH1 0x40 MSTORE DUP1 PUSH1 0x7 DUP2 MSTORE PUSH1 0x20 ADD PUSH32 0x707265596F686F00000000000000000000000000000000000000000000000000 DUP2 MSTORE POP PUSH1 0x1 SWAP1 DUP1 MLOAD SWAP1 PUSH1 0x20 ADD SWAP1 PUSH3 0x102 SWAP3 SWAP2 SWAP1 PUSH3 0x173 JUMP JUMPDEST POP PUSH1 0x40 DUP1 MLOAD SWAP1 DUP2 ADD PUSH1 0x40 MSTORE DUP1 PUSH1 0x6 DUP2 MSTORE PUSH1 0x20 ADD PUSH32 0x70726559434E0000000000000000000000000000000000000000000000000000 DUP2 MSTORE POP PUSH1 0x2 SWAP1 DUP1 MLOAD SWAP1 PUSH1 0x20 ADD SWAP1 PUSH3 0x150 SWAP3 SWAP2 SWAP1 PUSH3 0x173 JUMP JUMPDEST POP PUSH1 0x6 PUSH1 0x3 PUSH1 0x0 PUSH2 0x100 EXP DUP2 SLOAD DUP2 PUSH1 0xFF MUL NOT AND SWAP1 DUP4 PUSH1 0xFF AND MUL OR SWAP1 SSTORE POP PUSH3 0x222 JUMP JUMPDEST DUP3 DUP1 SLOAD PUSH1 0x1 DUP2 PUSH1 0x1 AND ISZERO PUSH2 0x100 MUL SUB AND PUSH1 0x2 SWAP1 DIV SWAP1 PUSH1 0x0 MSTORE PUSH1 0x20 PUSH1 0x0 KECCAK256 SWAP1 PUSH1 0x1F ADD PUSH1 0x20 SWAP1 DIV DUP2 ADD SWAP3 DUP3 PUSH1 0x1F LT PUSH3 0x1B6 JUMPI DUP1 MLOAD PUSH1 0xFF NOT AND DUP4 DUP1 ADD OR DUP6 SSTORE PUSH3 0x1E7 JUMP JUMPDEST DUP3 DUP1 ADD PUSH1 0x1 ADD DUP6 SSTORE DUP3 ISZERO PUSH3 0x1E7 JUMPI SWAP2 DUP3 ADD JUMPDEST DUP3 DUP2 GT ISZERO PUSH3 0x1E6 JUMPI DUP3 MLOAD DUP3 SSTORE SWAP2 PUSH1 0x20 ADD SWAP2 SWAP1 PUSH1 0x1 ADD SWAP1 PUSH3 0x1C9 JUMP JUMPDEST JUMPDEST POP SWAP1 POP PUSH3 0x1F6 SWAP2 SWAP1 PUSH3 0x1FA JUMP JUMPDEST POP SWAP1 JUMP JUMPDEST PUSH3 0x21F SWAP2 SWAP1 JUMPDEST DUP1 DUP3 GT ISZERO PUSH3 0x21B JUMPI PUSH1 0x0 DUP2 PUSH1 0x0 SWAP1 SSTORE POP PUSH1 0x1 ADD PUSH3 0x201 JUMP JUMPDEST POP SWAP1 JUMP JUMPDEST SWAP1 JUMP JUMPDEST PUSH2 0x11E8 DUP1 PUSH3 0x232 PUSH1 0x0 CODECOPY PUSH1 0x0 RETURN STOP PUSH1 0x60 PUSH1 0x40 MSTORE PUSH1 0x4 CALLDATASIZE LT PUSH2 0xC5 JUMPI PUSH1 0x0 CALLDATALOAD PUSH29 0x100000000000000000000000000000000000000000000000000000000 SWAP1 DIV PUSH4 0xFFFFFFFF AND DUP1 PUSH4 0x6FDDE03 EQ PUSH2 0xCA JUMPI DUP1 PUSH4 0x95EA7B3 EQ PUSH2 0x158 JUMPI DUP1 PUSH4 0x18160DDD EQ PUSH2 0x1B2 JUMPI DUP1 PUSH4 0x23B872DD EQ PUSH2 0x1DB JUMPI DUP1 PUSH4 0x313CE567 EQ PUSH2 0x254 JUMPI DUP1 PUSH4 0x42966C68 EQ PUSH2 0x283 JUMPI DUP1 PUSH4 0x5A3B7E42 EQ PUSH2 0x2BE JUMPI DUP1 PUSH4 0x70A08231 EQ PUSH2 0x34C JUMPI DUP1 PUSH4 0x79CC6790 EQ PUSH2 0x399 JUMPI DUP1 PUSH4 0x95D89B41 EQ PUSH2 0x3F3 JUMPI DUP1 PUSH4 0xA9059CBB EQ PUSH2 0x481 JUMPI DUP1 PUSH4 0xCAE9CA51 EQ PUSH2 0x4C3 JUMPI DUP1 PUSH4 0xDD62ED3E EQ PUSH2 0x560 JUMPI JUMPDEST PUSH1 0x0 DUP1 REVERT JUMPDEST CALLVALUE ISZERO PUSH2 0xD5 JUMPI PUSH1 0x0 DUP1 REVERT JUMPDEST PUSH2 0xDD PUSH2 0x5CC JUMP JUMPDEST PUSH1 0x40 MLOAD DUP1 DUP1 PUSH1 0x20 ADD DUP3 DUP2 SUB DUP3 MSTORE DUP4 DUP2 DUP2 MLOAD DUP2 MSTORE PUSH1 0x20 ADD SWAP2 POP DUP1 MLOAD SWAP1 PUSH1 0x20 ADD SWAP1 DUP1 DUP4 DUP4 PUSH1 0x0 JUMPDEST DUP4 DUP2 LT ISZERO PUSH2 0x11D JUMPI DUP1 DUP3 ADD MLOAD DUP2 DUP5 ADD MSTORE PUSH1 0x20 DUP2 ADD SWAP1 POP PUSH2 0x102 JUMP JUMPDEST POP POP POP POP SWAP1 POP SWAP1 DUP2 ADD SWAP1 PUSH1 0x1F AND DUP1 ISZERO PUSH2 0x14A JUMPI DUP1 DUP3 SUB DUP1 MLOAD PUSH1 0x1 DUP4 PUSH1 0x20 SUB PUSH2 0x100 EXP SUB NOT AND DUP2 MSTORE PUSH1 0x20 ADD SWAP2 POP JUMPDEST POP SWAP3 POP POP POP PUSH1 0x40 MLOAD DUP1 SWAP2 SUB SWAP1 RETURN JUMPDEST CALLVALUE ISZERO PUSH2 0x163 JUMPI PUSH1 0x0 DUP1 REVERT JUMPDEST PUSH2 0x198 PUSH1 0x4 DUP1 DUP1 CALLDATALOAD PUSH20 0xFFFFFFFFFFFFFFFFFFFFFFFFFFFFFFFFFFFFFFFF AND SWAP1 PUSH1 0x20 ADD SWAP1 SWAP2 SWAP1 DUP1 CALLDATALOAD SWAP1 PUSH1 0x20 ADD SWAP1 SWAP2 SWAP1 POP POP PUSH2 0x66A JUMP JUMPDEST PUSH1 0x40 MLOAD DUP1 DUP3 ISZERO ISZERO ISZERO ISZERO DUP2 MSTORE PUSH1 0x20 ADD SWAP2 POP POP PUSH1 0x40 MLOAD DUP1 SWAP2 SUB SWAP1 RETURN JUMPDEST CALLVALUE ISZERO PUSH2 0x1BD JUMPI PUSH1 0x0 DUP1 REVERT JUMPDEST PUSH2 0x1C5 PUSH2 0x6F7 JUMP JUMPDEST PUSH1 0x40 MLOAD DUP1 DUP3 DUP2 MSTORE PUSH1 0x20 ADD SWAP2 POP POP PUSH1 0x40 MLOAD DUP1 SWAP2 SUB SWAP1 RETURN JUMPDEST CALLVALUE ISZERO PUSH2 0x1E6 JUMPI PUSH1 0x0 DUP1 REVERT JUMPDEST PUSH2 0x23A PUSH1 0x4 DUP1 DUP1 CALLDATALOAD PUSH20 0xFFFFFFFFFFFFFFFFFFFFFFFFFFFFFFFFFFFFFFFF AND SWAP1 PUSH1 0x20 ADD SWAP1 SWAP2 SWAP1 DUP1 CALLDATALOAD PUSH20 0xFFFFFFFFFFFFFFFFFFFFFFFFFFFFFFFFFFFFFFFF AND SWAP1 PUSH1 0x20 ADD SWAP1 SWAP2 SWAP1 DUP1 CALLDATALOAD SWAP1 PUSH1 0x20 ADD SWAP1 SWAP2 SWAP1 POP POP PUSH2 0x6FD JUMP JUMPDEST PUSH1 0x40 MLOAD DUP1 DUP3 ISZERO ISZERO ISZERO ISZERO DUP2 MSTORE PUSH1 0x20 ADD SWAP2 POP POP PUSH1 0x40 MLOAD DUP1 SWAP2 SUB SWAP1 RETURN JUMPDEST CALLVALUE ISZERO PUSH2 0x25F JUMPI PUSH1 0x0 DUP1 REVERT JUMPDEST PUSH2 0x267 PUSH2 0xA1D JUMP JUMPDEST PUSH1 0x40 MLOAD DUP1 DUP3 PUSH1 0xFF AND PUSH1 0xFF AND DUP2 MSTORE PUSH1 0x20 ADD SWAP2 POP POP PUSH1 0x40 MLOAD DUP1 SWAP2 SUB SWAP1 RETURN JUMPDEST CALLVALUE ISZERO PUSH2 0x28E JUMPI PUSH1 0x0 DUP1 REVERT JUMPDEST PUSH2 0x2A4 PUSH1 0x4 DUP1 DUP1 CALLDATALOAD SWAP1 PUSH1 0x20 ADD SWAP1 SWAP2 SWAP1 POP POP PUSH2 0xA30 JUMP JUMPDEST PUSH1 0x40 MLOAD DUP1 DUP3 ISZERO ISZERO ISZERO ISZERO DUP2 MSTORE PUSH1 0x20 ADD SWAP2 POP POP PUSH1 0x40 MLOAD DUP1 SWAP2 SUB SWAP1 RETURN JUMPDEST CALLVALUE ISZERO PUSH2 0x2C9 JUMPI PUSH1 0x0 DUP1 REVERT JUMPDEST PUSH2 0x2D1 PUSH2 0xB33 JUMP JUMPDEST PUSH1 0x40 MLOAD DUP1 DUP1 PUSH1 0x20 ADD DUP3 DUP2 SUB DUP3 MSTORE DUP4 DUP2 DUP2 MLOAD DUP2 MSTORE PUSH1 0x20 ADD SWAP2 POP DUP1 MLOAD SWAP1 PUSH1 0x20 ADD SWAP1 DUP1 DUP4 DUP4 PUSH1 0x0 JUMPDEST DUP4 DUP2 LT ISZERO PUSH2 0x311 JUMPI DUP1 DUP3 ADD MLOAD DUP2 DUP5 ADD MSTORE PUSH1 0x20 DUP2 ADD SWAP1 POP PUSH2 0x2F6 JUMP JUMPDEST POP POP POP POP SWAP1 POP SWAP1 DUP2 ADD SWAP1 PUSH1 0x1F AND DUP1 ISZERO PUSH2 0x33E JUMPI DUP1 DUP3 SUB DUP1 MLOAD PUSH1 0x1 DUP4 PUSH1 0x20 SUB PUSH2 0x100 EXP SUB NOT AND DUP2 MSTORE PUSH1 0x20 ADD SWAP2 POP JUMPDEST POP SWAP3 POP POP POP PUSH1 0x40 MLOAD DUP1 SWAP2 SUB SWAP1 RETURN JUMPDEST CALLVALUE ISZERO PUSH2 0x357 JUMPI PUSH1 0x0 DUP1 REVERT JUMPDEST PUSH2 0x383 PUSH1 0x4 DUP1 DUP1 CALLDATALOAD PUSH20 0xFFFFFFFFFFFFFFFFFFFFFFFFFFFFFFFFFFFFFFFF AND SWAP1 PUSH1 0x20 ADD SWAP1 SWAP2 SWAP1 POP POP PUSH2 0xBD1 JUMP JUMPDEST PUSH1 0x40 MLOAD DUP1 DUP3 DUP2 MSTORE PUSH1 0x20 ADD SWAP2 POP POP PUSH1 0x40 MLOAD DUP1 SWAP2 SUB SWAP1 RETURN JUMPDEST CALLVALUE ISZERO PUSH2 0x3A4 JUMPI PUSH1 0x0 DUP1 REVERT JUMPDEST PUSH2 0x3D9 PUSH1 0x4 DUP1 DUP1 CALLDATALOAD PUSH20 0xFFFFFFFFFFFFFFFFFFFFFFFFFFFFFFFFFFFFFFFF AND SWAP1 PUSH1 0x20 ADD SWAP1 SWAP2 SWAP1 DUP1 CALLDATALOAD SWAP1 PUSH1 0x20 ADD SWAP1 SWAP2 SWAP1 POP POP PUSH2 0xBE9 JUMP JUMPDEST PUSH1 0x40 MLOAD DUP1 DUP3 ISZERO ISZERO ISZERO ISZERO DUP2 MSTORE PUSH1 0x20 ADD SWAP2 POP POP PUSH1 0x40 MLOAD DUP1 SWAP2 SUB SWAP1 RETURN JUMPDEST CALLVALUE ISZERO PUSH2 0x3FE JUMPI PUSH1 0x0 DUP1 REVERT JUMPDEST PUSH2 0x406 PUSH2 0xD77 JUMP JUMPDEST PUSH1 0x40 MLOAD DUP1 DUP1 PUSH1 0x20 ADD DUP3 DUP2 SUB DUP3 MSTORE DUP4 DUP2 DUP2 MLOAD DUP2 MSTORE PUSH1 0x20 ADD SWAP2 POP DUP1 MLOAD SWAP1 PUSH1 0x20 ADD SWAP1 DUP1 DUP4 DUP4 PUSH1 0x0 JUMPDEST DUP4 DUP2 LT ISZERO PUSH2 0x446 JUMPI DUP1 DUP3 ADD MLOAD DUP2 DUP5 ADD MSTORE PUSH1 0x20 DUP2 ADD SWAP1 POP PUSH2 0x42B JUMP JUMPDEST POP POP POP POP SWAP1 POP SWAP1 DUP2 ADD SWAP1 PUSH1 0x1F AND DUP1 ISZERO PUSH2 0x473 JUMPI DUP1 DUP3 SUB DUP1 MLOAD PUSH1 0x1 DUP4 PUSH1 0x20 SUB PUSH2 0x100 EXP SUB NOT AND DUP2 MSTORE PUSH1 0x20 ADD SWAP2 POP JUMPDEST POP SWAP3 POP POP POP PUSH1 0x40 MLOAD DUP1 SWAP2 SUB SWAP1 RETURN JUMPDEST CALLVALUE ISZERO PUSH2 0x48C JUMPI PUSH1 0x0 DUP1 REVERT JUMPDEST PUSH2 0x4C1 PUSH1 0x4 DUP1 DUP1 CALLDATALOAD PUSH20 0xFFFFFFFFFFFFFFFFFFFFFFFFFFFFFFFFFFFFFFFF AND SWAP1 PUSH1 0x20 ADD SWAP1 SWAP2 SWAP1 DUP1 CALLDATALOAD SWAP1 PUSH1 0x20 ADD SWAP1 SWAP2 SWAP1 POP POP PUSH2 0xE15 JUMP JUMPDEST STOP JUMPDEST CALLVALUE ISZERO PUSH2 0x4CE JUMPI PUSH1 0x0 DUP1 REVERT JUMPDEST PUSH2 0x546 PUSH1 0x4 DUP1 DUP1 CALLDATALOAD PUSH20 0xFFFFFFFFFFFFFFFFFFFFFFFFFFFFFFFFFFFFFFFF AND SWAP1 PUSH1 0x20 ADD SWAP1 SWAP2 SWAP1 DUP1 CALLDATALOAD SWAP1 PUSH1 0x20 ADD SWAP1 SWAP2 SWAP1 DUP1 CALLDATALOAD SWAP1 PUSH1 0x20 ADD SWAP1 DUP3 ADD DUP1 CALLDATALOAD SWAP1 PUSH1 0x20 ADD SWAP1 DUP1 DUP1 PUSH1 0x1F ADD PUSH1 0x20 DUP1 SWAP2 DIV MUL PUSH1 0x20 ADD PUSH1 0x40 MLOAD SWAP1 DUP2 ADD PUSH1 0x40 MSTORE DUP1 SWAP4 SWAP3 SWAP2 SWAP1 DUP2 DUP2 MSTORE PUSH1 0x20 ADD DUP4 DUP4 DUP1 DUP3 DUP5 CALLDATACOPY DUP3 ADD SWAP2 POP POP POP POP POP POP SWAP2 SWAP1 POP POP PUSH2 0x1019 JUMP JUMPDEST PUSH1 0x40 MLOAD DUP1 DUP3 ISZERO ISZERO ISZERO ISZERO DUP2 MSTORE PUSH1 0x20 ADD SWAP2 POP POP PUSH1 0x40 MLOAD DUP1 SWAP2 SUB SWAP1 RETURN JUMPDEST CALLVALUE ISZERO PUSH2 0x56B JUMPI PUSH1 0x0 DUP1 REVERT JUMPDEST PUSH2 0x5B6 PUSH1 0x4 DUP1 DUP1 CALLDATALOAD PUSH20 0xFFFFFFFFFFFFFFFFFFFFFFFFFFFFFFFFFFFFFFFF AND SWAP1 PUSH1 0x20 ADD SWAP1 SWAP2 SWAP1 DUP1 CALLDATALOAD PUSH20 0xFFFFFFFFFFFFFFFFFFFFFFFFFFFFFFFFFFFFFFFF AND SWAP1 PUSH1 0x20 ADD SWAP1 SWAP2 SWAP1 POP POP PUSH2 0x1197 JUMP JUMPDEST PUSH1 0x40 MLOAD DUP1 DUP3 DUP2 MSTORE PUSH1 0x20 ADD SWAP2 POP POP PUSH1 0x40 MLOAD DUP1 SWAP2 SUB SWAP1 RETURN JUMPDEST PUSH1 0x1 DUP1 SLOAD PUSH1 0x1 DUP2 PUSH1 0x1 AND ISZERO PUSH2 0x100 MUL SUB AND PUSH1 0x2 SWAP1 DIV DUP1 PUSH1 0x1F ADD PUSH1 0x20 DUP1 SWAP2 DIV MUL PUSH1 0x20 ADD PUSH1 0x40 MLOAD SWAP1 DUP2 ADD PUSH1 0x40 MSTORE DUP1 SWAP3 SWAP2 SWAP1 DUP2 DUP2 MSTORE PUSH1 0x20 ADD DUP3 DUP1 SLOAD PUSH1 0x1 DUP2 PUSH1 0x1 AND ISZERO PUSH2 0x100 MUL SUB AND PUSH1 0x2 SWAP1 DIV DUP1 ISZERO PUSH2 0x662 JUMPI DUP1 PUSH1 0x1F LT PUSH2 0x637 JUMPI PUSH2 0x100 DUP1 DUP4 SLOAD DIV MUL DUP4 MSTORE SWAP2 PUSH1 0x20 ADD SWAP2 PUSH2 0x662 JUMP JUMPDEST DUP3 ADD SWAP2 SWAP1 PUSH1 0x0 MSTORE PUSH1 0x20 PUSH1 0x0 KECCAK256 SWAP1 JUMPDEST DUP2 SLOAD DUP2 MSTORE SWAP1 PUSH1 0x1 ADD SWAP1 PUSH1 0x20 ADD DUP1 DUP4 GT PUSH2 0x645 JUMPI DUP3 SWAP1 SUB PUSH1 0x1F AND DUP3 ADD SWAP2 JUMPDEST POP POP POP POP POP DUP2 JUMP JUMPDEST PUSH1 0x0 DUP2 PUSH1 0x6 PUSH1 0x0 CALLER PUSH20 0xFFFFFFFFFFFFFFFFFFFFFFFFFFFFFFFFFFFFFFFF AND PUSH20 0xFFFFFFFFFFFFFFFFFFFFFFFFFFFFFFFFFFFFFFFF AND DUP2 MSTORE PUSH1 0x20 ADD SWAP1 DUP2 MSTORE PUSH1 0x20 ADD PUSH1 0x0 KECCAK256 PUSH1 0x0 DUP6 PUSH20 0xFFFFFFFFFFFFFFFFFFFFFFFFFFFFFFFFFFFFFFFF AND PUSH20 0xFFFFFFFFFFFFFFFFFFFFFFFFFFFFFFFFFFFFFFFF AND DUP2 MSTORE PUSH1 0x20 ADD SWAP1 DUP2 MSTORE PUSH1 0x20 ADD PUSH1 0x0 KECCAK256 DUP2 SWAP1 SSTORE POP PUSH1 0x1 SWAP1 POP SWAP3 SWAP2 POP POP JUMP JUMPDEST PUSH1 0x4 SLOAD DUP2 JUMP JUMPDEST PUSH1 0x0 DUP1 DUP4 PUSH20 0xFFFFFFFFFFFFFFFFFFFFFFFFFFFFFFFFFFFFFFFF AND EQ ISZERO ISZERO ISZERO PUSH2 0x724 JUMPI PUSH1 0x0 DUP1 REVERT JUMPDEST DUP2 PUSH1 0x5 PUSH1 0x0 DUP7 PUSH20 0xFFFFFFFFFFFFFFFFFFFFFFFFFFFFFFFFFFFFFFFF AND PUSH20 0xFFFFFFFFFFFFFFFFFFFFFFFFFFFFFFFFFFFFFFFF AND DUP2 MSTORE PUSH1 0x20 ADD SWAP1 DUP2 MSTORE PUSH1 0x20 ADD PUSH1 0x0 KECCAK256 SLOAD GT ISZERO ISZERO PUSH2 0x771 JUMPI PUSH1 0x0 DUP1 REVERT JUMPDEST PUSH1 0x5 PUSH1 0x0 DUP5 PUSH20 0xFFFFFFFFFFFFFFFFFFFFFFFFFFFFFFFFFFFFFFFF AND PUSH20 0xFFFFFFFFFFFFFFFFFFFFFFFFFFFFFFFFFFFFFFFF AND DUP2 MSTORE PUSH1 0x20 ADD SWAP1 DUP2 MSTORE PUSH1 0x20 ADD PUSH1 0x0 KECCAK256 SLOAD DUP3 PUSH1 0x5 PUSH1 0x0 DUP7 PUSH20 0xFFFFFFFFFFFFFFFFFFFFFFFFFFFFFFFFFFFFFFFF AND PUSH20 0xFFFFFFFFFFFFFFFFFFFFFFFFFFFFFFFFFFFFFFFF AND DUP2 MSTORE PUSH1 0x20 ADD SWAP1 DUP2 MSTORE PUSH1 0x20 ADD PUSH1 0x0 KECCAK256 SLOAD ADD GT ISZERO ISZERO PUSH2 0x7FF JUMPI PUSH1 0x0 DUP1 REVERT JUMPDEST PUSH1 0x6 PUSH1 0x0 DUP6 PUSH20 0xFFFFFFFFFFFFFFFFFFFFFFFFFFFFFFFFFFFFFFFF AND PUSH20 0xFFFFFFFFFFFFFFFFFFFFFFFFFFFFFFFFFFFFFFFF AND DUP2 MSTORE PUSH1 0x20 ADD SWAP1 DUP2 MSTORE PUSH1 0x20 ADD PUSH1 0x0 KECCAK256 PUSH1 0x0 CALLER PUSH20 0xFFFFFFFFFFFFFFFFFFFFFFFFFFFFFFFFFFFFFFFF AND PUSH20 0xFFFFFFFFFFFFFFFFFFFFFFFFFFFFFFFFFFFFFFFF AND DUP2 MSTORE PUSH1 0x20 ADD SWAP1 DUP2 MSTORE PUSH1 0x20 ADD PUSH1 0x0 KECCAK256 SLOAD DUP3 LT ISZERO ISZERO PUSH2 0x889 JUMPI PUSH1 0x0 DUP1 REVERT JUMPDEST DUP2 PUSH1 0x5 PUSH1 0x0 DUP7 PUSH20 0xFFFFFFFFFFFFFFFFFFFFFFFFFFFFFFFFFFFFFFFF AND PUSH20 0xFFFFFFFFFFFFFFFFFFFFFFFFFFFFFFFFFFFFFFFF AND DUP2 MSTORE PUSH1 0x20 ADD SWAP1 DUP2 MSTORE PUSH1 0x20 ADD PUSH1 0x0 KECCAK256 PUSH1 0x0 DUP3 DUP3 SLOAD SUB SWAP3 POP POP DUP2 SWAP1 SSTORE POP DUP2 PUSH1 0x5 PUSH1 0x0 DUP6 PUSH20 0xFFFFFFFFFFFFFFFFFFFFFFFFFFFFFFFFFFFFFFFF AND PUSH20 0xFFFFFFFFFFFFFFFFFFFFFFFFFFFFFFFFFFFFFFFF AND DUP2 MSTORE PUSH1 0x20 ADD SWAP1 DUP2 MSTORE PUSH1 0x20 ADD PUSH1 0x0 KECCAK256 PUSH1 0x0 DUP3 DUP3 SLOAD ADD SWAP3 POP POP DUP2 SWAP1 SSTORE POP DUP2 PUSH1 0x6 PUSH1 0x0 DUP7 PUSH20 0xFFFFFFFFFFFFFFFFFFFFFFFFFFFFFFFFFFFFFFFF AND PUSH20 0xFFFFFFFFFFFFFFFFFFFFFFFFFFFFFFFFFFFFFFFF AND DUP2 MSTORE PUSH1 0x20 ADD SWAP1 DUP2 MSTORE PUSH1 0x20 ADD PUSH1 0x0 KECCAK256 PUSH1 0x0 CALLER PUSH20 0xFFFFFFFFFFFFFFFFFFFFFFFFFFFFFFFFFFFFFFFF AND PUSH20 0xFFFFFFFFFFFFFFFFFFFFFFFFFFFFFFFFFFFFFFFF AND DUP2 MSTORE PUSH1 0x20 ADD SWAP1 DUP2 MSTORE PUSH1 0x20 ADD PUSH1 0x0 KECCAK256 PUSH1 0x0 DUP3 DUP3 SLOAD SUB SWAP3 POP POP DUP2 SWAP1 SSTORE POP DUP3 PUSH20 0xFFFFFFFFFFFFFFFFFFFFFFFFFFFFFFFFFFFFFFFF AND DUP5 PUSH20 0xFFFFFFFFFFFFFFFFFFFFFFFFFFFFFFFFFFFFFFFF AND PUSH32 0xDDF252AD1BE2C89B69C2B068FC378DAA952BA7F163C4A11628F55A4DF523B3EF DUP5 PUSH1 0x40 MLOAD DUP1 DUP3 DUP2 MSTORE PUSH1 0x20 ADD SWAP2 POP POP PUSH1 0x40 MLOAD DUP1 SWAP2 SUB SWAP1 LOG3 PUSH1 0x1 SWAP1 POP SWAP4 SWAP3 POP POP POP JUMP JUMPDEST PUSH1 0x3 PUSH1 0x0 SWAP1 SLOAD SWAP1 PUSH2 0x100 EXP SWAP1 DIV PUSH1 0xFF AND DUP2 JUMP JUMPDEST PUSH1 0x0 DUP2 PUSH1 0x5 PUSH1 0x0 CALLER PUSH20 0xFFFFFFFFFFFFFFFFFFFFFFFFFFFFFFFFFFFFFFFF AND PUSH20 0xFFFFFFFFFFFFFFFFFFFFFFFFFFFFFFFFFFFFFFFF AND DUP2 MSTORE PUSH1 0x20 ADD SWAP1 DUP2 MSTORE PUSH1 0x20 ADD PUSH1 0x0 KECCAK256 SLOAD GT ISZERO ISZERO PUSH2 0xA7F JUMPI PUSH1 0x0 DUP1 REVERT JUMPDEST DUP2 PUSH1 0x5 PUSH1 0x0 CALLER PUSH20 0xFFFFFFFFFFFFFFFFFFFFFFFFFFFFFFFFFFFFFFFF AND PUSH20 0xFFFFFFFFFFFFFFFFFFFFFFFFFFFFFFFFFFFFFFFF AND DUP2 MSTORE PUSH1 0x20 ADD SWAP1 DUP2 MSTORE PUSH1 0x20 ADD PUSH1 0x0 KECCAK256 PUSH1 0x0 DUP3 DUP3 SLOAD SUB SWAP3 POP POP DUP2 SWAP1 SSTORE POP DUP2 PUSH1 0x4 PUSH1 0x0 DUP3 DUP3 SLOAD SUB SWAP3 POP POP DUP2 SWAP1 SSTORE POP CALLER PUSH20 0xFFFFFFFFFFFFFFFFFFFFFFFFFFFFFFFFFFFFFFFF AND PUSH32 0xCC16F5DBB4873280815C1EE09DBD06736CFFCC184412CF7A71A0FDB75D397CA5 DUP4 PUSH1 0x40 MLOAD DUP1 DUP3 DUP2 MSTORE PUSH1 0x20 ADD SWAP2 POP POP PUSH1 0x40 MLOAD DUP1 SWAP2 SUB SWAP1 LOG2 PUSH1 0x1 SWAP1 POP SWAP2 SWAP1 POP JUMP JUMPDEST PUSH1 0x0 DUP1 SLOAD PUSH1 0x1 DUP2 PUSH1 0x1 AND ISZERO PUSH2 0x100 MUL SUB AND PUSH1 0x2 SWAP1 DIV DUP1 PUSH1 0x1F ADD PUSH1 0x20 DUP1 SWAP2 DIV MUL PUSH1 0x20 ADD PUSH1 0x40 MLOAD SWAP1 DUP2 ADD PUSH1 0x40 MSTORE DUP1 SWAP3 SWAP2 SWAP1 DUP2 DUP2 MSTORE PUSH1 0x20 ADD DUP3 DUP1 SLOAD PUSH1 0x1 DUP2 PUSH1 0x1 AND ISZERO PUSH2 0x100 MUL SUB AND PUSH1 0x2 SWAP1 DIV DUP1 ISZERO PUSH2 0xBC9 JUMPI DUP1 PUSH1 0x1F LT PUSH2 0xB9E JUMPI PUSH2 0x100 DUP1 DUP4 SLOAD DIV MUL DUP4 MSTORE SWAP2 PUSH1 0x20 ADD SWAP2 PUSH2 0xBC9 JUMP JUMPDEST DUP3 ADD SWAP2 SWAP1 PUSH1 0x0 MSTORE PUSH1 0x20 PUSH1 0x0 KECCAK256 SWAP1 JUMPDEST DUP2 SLOAD DUP2 MSTORE SWAP1 PUSH1 0x1 ADD SWAP1 PUSH1 0x20 ADD DUP1 DUP4 GT PUSH2 0xBAC JUMPI DUP3 SWAP1 SUB PUSH1 0x1F AND DUP3 ADD SWAP2 JUMPDEST POP POP POP POP POP DUP2 JUMP JUMPDEST PUSH1 0x5 PUSH1 0x20 MSTORE DUP1 PUSH1 0x0 MSTORE PUSH1 0x40 PUSH1 0x0 KECCAK256 PUSH1 0x0 SWAP2 POP SWAP1 POP SLOAD DUP2 JUMP JUMPDEST PUSH1 0x0 DUP2 PUSH1 0x5 PUSH1 0x0 DUP6 PUSH20 0xFFFFFFFFFFFFFFFFFFFFFFFFFFFFFFFFFFFFFFFF AND PUSH20 0xFFFFFFFFFFFFFFFFFFFFFFFFFFFFFFFFFFFFFFFF AND DUP2 MSTORE PUSH1 0x20 ADD SWAP1 DUP2 MSTORE PUSH1 0x20 ADD PUSH1 0x0 KECCAK256 SLOAD GT ISZERO ISZERO PUSH2 0xC38 JUMPI PUSH1 0x0 DUP1 REVERT JUMPDEST PUSH1 0x6 PUSH1 0x0 DUP5 PUSH20 0xFFFFFFFFFFFFFFFFFFFFFFFFFFFFFFFFFFFFFFFF AND PUSH20 0xFFFFFFFFFFFFFFFFFFFFFFFFFFFFFFFFFFFFFFFF AND DUP2 MSTORE PUSH1 0x20 ADD SWAP1 DUP2 MSTORE PUSH1 0x20 ADD PUSH1 0x0 KECCAK256 PUSH1 0x0 CALLER PUSH20 0xFFFFFFFFFFFFFFFFFFFFFFFFFFFFFFFFFFFFFFFF AND PUSH20 0xFFFFFFFFFFFFFFFFFFFFFFFFFFFFFFFFFFFFFFFF AND DUP2 MSTORE PUSH1 0x20 ADD SWAP1 DUP2 MSTORE PUSH1 0x20 ADD PUSH1 0x0 KECCAK256 SLOAD DUP3 LT ISZERO ISZERO PUSH2 0xCC2 JUMPI PUSH1 0x0 DUP1 REVERT JUMPDEST DUP2 PUSH1 0x5 PUSH1 0x0 DUP6 PUSH20 0xFFFFFFFFFFFFFFFFFFFFFFFFFFFFFFFFFFFFFFFF AND PUSH20 0xFFFFFFFFFFFFFFFFFFFFFFFFFFFFFFFFFFFFFFFF AND DUP2 MSTORE PUSH1 0x20 ADD SWAP1 DUP2 MSTORE PUSH1 0x20 ADD PUSH1 0x0 KECCAK256 PUSH1 0x0 DUP3 DUP3 SLOAD SUB SWAP3 POP POP DUP2 SWAP1 SSTORE POP DUP2 PUSH1 0x4 PUSH1 0x0 DUP3 DUP3 SLOAD SUB SWAP3 POP POP DUP2 SWAP1 SSTORE POP DUP3 PUSH20 0xFFFFFFFFFFFFFFFFFFFFFFFFFFFFFFFFFFFFFFFF AND PUSH32 0xCC16F5DBB4873280815C1EE09DBD06736CFFCC184412CF7A71A0FDB75D397CA5 DUP4 PUSH1 0x40 MLOAD DUP1 DUP3 DUP2 MSTORE PUSH1 0x20 ADD SWAP2 POP POP PUSH1 0x40 MLOAD DUP1 SWAP2 SUB SWAP1 LOG2 PUSH1 0x1 SWAP1 POP SWAP3 SWAP2 POP POP JUMP JUMPDEST PUSH1 0x2 DUP1 SLOAD PUSH1 0x1 DUP2 PUSH1 0x1 AND ISZERO PUSH2 0x100 MUL SUB AND PUSH1 0x2 SWAP1 DIV DUP1 PUSH1 0x1F ADD PUSH1 0x20 DUP1 SWAP2 DIV MUL PUSH1 0x20 ADD PUSH1 0x40 MLOAD SWAP1 DUP2 ADD PUSH1 0x40 MSTORE DUP1 SWAP3 SWAP2 SWAP1 DUP2 DUP2 MSTORE PUSH1 0x20 ADD DUP3 DUP1 SLOAD PUSH1 0x1 DUP2 PUSH1 0x1 AND ISZERO PUSH2 0x100 MUL SUB AND PUSH1 0x2 SWAP1 DIV DUP1 ISZERO PUSH2 0xE0D JUMPI DUP1 PUSH1 0x1F LT PUSH2 0xDE2 JUMPI PUSH2 0x100 DUP1 DUP4 SLOAD DIV MUL DUP4 MSTORE SWAP2 PUSH1 0x20 ADD SWAP2 PUSH2 0xE0D JUMP JUMPDEST DUP3 ADD SWAP2 SWAP1 PUSH1 0x0 MSTORE PUSH1 0x20 PUSH1 0x0 KECCAK256 SWAP1 JUMPDEST DUP2 SLOAD DUP2 MSTORE SWAP1 PUSH1 0x1 ADD SWAP1 PUSH1 0x20 ADD DUP1 DUP4 GT PUSH2 0xDF0 JUMPI DUP3 SWAP1 SUB PUSH1 0x1F AND DUP3 ADD SWAP2 JUMPDEST POP POP POP POP POP DUP2 JUMP JUMPDEST PUSH1 0x0 DUP3 PUSH20 0xFFFFFFFFFFFFFFFFFFFFFFFFFFFFFFFFFFFFFFFF AND EQ ISZERO ISZERO ISZERO PUSH2 0xE3B JUMPI PUSH1 0x0 DUP1 REVERT JUMPDEST DUP1 PUSH1 0x5 PUSH1 0x0 CALLER PUSH20 0xFFFFFFFFFFFFFFFFFFFFFFFFFFFFFFFFFFFFFFFF AND PUSH20 0xFFFFFFFFFFFFFFFFFFFFFFFFFFFFFFFFFFFFFFFF AND DUP2 MSTORE PUSH1 0x20 ADD SWAP1 DUP2 MSTORE PUSH1 0x20 ADD PUSH1 0x0 KECCAK256 SLOAD GT ISZERO ISZERO PUSH2 0xE88 JUMPI PUSH1 0x0 DUP1 REVERT JUMPDEST PUSH1 0x5 PUSH1 0x0 DUP4 PUSH20 0xFFFFFFFFFFFFFFFFFFFFFFFFFFFFFFFFFFFFFFFF AND PUSH20 0xFFFFFFFFFFFFFFFFFFFFFFFFFFFFFFFFFFFFFFFF AND DUP2 MSTORE PUSH1 0x20 ADD SWAP1 DUP2 MSTORE PUSH1 0x20 ADD PUSH1 0x0 KECCAK256 SLOAD DUP2 PUSH1 0x5 PUSH1 0x0 DUP6 PUSH20 0xFFFFFFFFFFFFFFFFFFFFFFFFFFFFFFFFFFFFFFFF AND PUSH20 0xFFFFFFFFFFFFFFFFFFFFFFFFFFFFFFFFFFFFFFFF AND DUP2 MSTORE PUSH1 0x20 ADD SWAP1 DUP2 MSTORE PUSH1 0x20 ADD PUSH1 0x0 KECCAK256 SLOAD ADD GT ISZERO ISZERO PUSH2 0xF16 JUMPI PUSH1 0x0 DUP1 REVERT JUMPDEST DUP1 PUSH1 0x5 PUSH1 0x0 CALLER PUSH20 0xFFFFFFFFFFFFFFFFFFFFFFFFFFFFFFFFFFFFFFFF AND PUSH20 0xFFFFFFFFFFFFFFFFFFFFFFFFFFFFFFFFFFFFFFFF AND DUP2 MSTORE PUSH1 0x20 ADD SWAP1 DUP2 MSTORE PUSH1 0x20 ADD PUSH1 0x0 KECCAK256 PUSH1 0x0 DUP3 DUP3 SLOAD SUB SWAP3 POP POP DUP2 SWAP1 SSTORE POP DUP1 PUSH1 0x5 PUSH1 0x0 DUP5 PUSH20 0xFFFFFFFFFFFFFFFFFFFFFFFFFFFFFFFFFFFFFFFF AND PUSH20 0xFFFFFFFFFFFFFFFFFFFFFFFFFFFFFFFFFFFFFFFF AND DUP2 MSTORE PUSH1 0x20 ADD SWAP1 DUP2 MSTORE PUSH1 0x20 ADD PUSH1 0x0 KECCAK256 PUSH1 0x0 DUP3 DUP3 SLOAD ADD SWAP3 POP POP DUP2 SWAP1 SSTORE POP DUP2 PUSH20 0xFFFFFFFFFFFFFFFFFFFFFFFFFFFFFFFFFFFFFFFF AND CALLER PUSH20 0xFFFFFFFFFFFFFFFFFFFFFFFFFFFFFFFFFFFFFFFF AND PUSH32 0xDDF252AD1BE2C89B69C2B068FC378DAA952BA7F163C4A11628F55A4DF523B3EF DUP4 PUSH1 0x40 MLOAD DUP1 DUP3 DUP2 MSTORE PUSH1 0x20 ADD SWAP2 POP POP PUSH1 0x40 MLOAD DUP1 SWAP2 SUB SWAP1 LOG3 POP POP JUMP JUMPDEST PUSH1 0x0 DUP1 DUP5 SWAP1 POP PUSH2 0x1029 DUP6 DUP6 PUSH2 0x66A JUMP JUMPDEST ISZERO PUSH2 0x118E JUMPI DUP1 PUSH20 0xFFFFFFFFFFFFFFFFFFFFFFFFFFFFFFFFFFFFFFFF AND PUSH4 0x8F4FFCB1 CALLER DUP7 ADDRESS DUP8 PUSH1 0x40 MLOAD DUP6 PUSH4 0xFFFFFFFF AND PUSH29 0x100000000000000000000000000000000000000000000000000000000 MUL DUP2 MSTORE PUSH1 0x4 ADD DUP1 DUP6 PUSH20 0xFFFFFFFFFFFFFFFFFFFFFFFFFFFFFFFFFFFFFFFF AND PUSH20 0xFFFFFFFFFFFFFFFFFFFFFFFFFFFFFFFFFFFFFFFF AND DUP2 MSTORE PUSH1 0x20 ADD DUP5 DUP2 MSTORE PUSH1 0x20 ADD DUP4 PUSH20 0xFFFFFFFFFFFFFFFFFFFFFFFFFFFFFFFFFFFFFFFF AND PUSH20 0xFFFFFFFFFFFFFFFFFFFFFFFFFFFFFFFFFFFFFFFF AND DUP2 MSTORE PUSH1 0x20 ADD DUP1 PUSH1 0x20 ADD DUP3 DUP2 SUB DUP3 MSTORE DUP4 DUP2 DUP2 MLOAD DUP2 MSTORE PUSH1 0x20 ADD SWAP2 POP DUP1 MLOAD SWAP1 PUSH1 0x20 ADD SWAP1 DUP1 DUP4 DUP4 PUSH1 0x0 JUMPDEST DUP4 DUP2 LT ISZERO PUSH2 0x1123 JUMPI DUP1 DUP3 ADD MLOAD DUP2 DUP5 ADD MSTORE PUSH1 0x20 DUP2 ADD SWAP1 POP PUSH2 0x1108 JUMP JUMPDEST POP POP POP POP SWAP1 POP SWAP1 DUP2 ADD SWAP1 PUSH1 0x1F AND DUP1 ISZERO PUSH2 0x1150 JUMPI DUP1 DUP3 SUB DUP1 MLOAD PUSH1 0x1 DUP4 PUSH1 0x20 SUB PUSH2 0x100 EXP SUB NOT AND DUP2 MSTORE PUSH1 0x20 ADD SWAP2 POP JUMPDEST POP SWAP6 POP POP POP POP POP POP PUSH1 0x0 PUSH1 0x40 MLOAD DUP1 DUP4 SUB DUP2 PUSH1 0x0 DUP8 DUP1 EXTCODESIZE ISZERO ISZERO PUSH2 0x1171 JUMPI PUSH1 0x0 DUP1 REVERT JUMPDEST PUSH2 0x2C6 GAS SUB CALL ISZERO ISZERO PUSH2 0x1182 JUMPI PUSH1 0x0 DUP1 REVERT JUMPDEST POP POP POP PUSH1 0x1 SWAP2 POP PUSH2 0x118F JUMP JUMPDEST JUMPDEST POP SWAP4 SWAP3 POP POP POP JUMP JUMPDEST PUSH1 0x6 PUSH1 0x20 MSTORE DUP2 PUSH1 0x0 MSTORE PUSH1 0x40 PUSH1 0x0 KECCAK256 PUSH1 0x20 MSTORE DUP1 PUSH1 0x0 MSTORE PUSH1 0x40 PUSH1 0x0 KECCAK256 PUSH1 0x0 SWAP2 POP SWAP2 POP POP SLOAD DUP2 JUMP STOP LOG1 PUSH6 0x627A7A723058 KECCAK256 PUSH1 0xCE PUSH23 0x2F91BFAABB3A3B52ED5F8BE2F271AB0D50A05A26CD8AFF GAS LOG4 PUSH21 0x19CCDA002900000000000000000000000000000000
1,PUSH1 0x60 PUSH1 0x40 MSTORE PUSH20 0xAD3E7D2788126250D48598E1DB6A2D3E19B89738 PUSH1 0x14 PUSH1 0x0 PUSH2 0x100 EXP DUP2 SLOAD DUP2 PUSH20 0xFFFFFFFFFFFFFFFFFFFFFFFFFFFFFFFFFFFFFFFF MUL NOT AND SWAP1 DUP4 PUSH20 0xFFFFFFFFFFFFFFFFFFFFFFFFFFFFFFFFFFFFFFFF AND MUL OR SWAP1 SSTORE POP CALLVALUE ISZERO PUSH3 0x65 JUMPI PUSH1 0x0 DUP1 REVERT JUMPDEST PUSH1 0x40 MLOAD PUSH3 0x32A5 CODESIZE SUB DUP1 PUSH3 0x32A5 DUP4 CODECOPY DUP2 ADD PUSH1 0x40 MSTORE DUP1 DUP1 MLOAD SWAP1 PUSH1 0x20 ADD SWAP1 SWAP2 SWAP1 DUP1 MLOAD SWAP1 PUSH1 0x20 ADD SWAP1 SWAP2 SWAP1 DUP1 MLOAD DUP3 ADD SWAP2 SWAP1 PUSH1 0x20 ADD DUP1 MLOAD DUP3 ADD SWAP2 SWAP1 PUSH1 0x20 ADD DUP1 MLOAD DUP3 ADD SWAP2 SWAP1 PUSH1 0x20 ADD DUP1 MLOAD SWAP1 PUSH1 0x20 ADD SWAP1 SWAP2 SWAP1 DUP1 MLOAD SWAP1 PUSH1 0x20 ADD SWAP1 SWAP2 SWAP1 POP POP PUSH2 0x2616 DUP3 GT DUP1 PUSH3 0xCD JUMPI POP PUSH1 0x0 DUP3 LT JUMPDEST ISZERO PUSH3 0xD8 JUMPI PUSH1 0x0 DUP1 REVERT JUMPDEST DUP1 PUSH1 0x0 DUP1 PUSH2 0x100 EXP DUP2 SLOAD DUP2 PUSH20 0xFFFFFFFFFFFFFFFFFFFFFFFFFFFFFFFFFFFFFFFF MUL NOT AND SWAP1 DUP4 PUSH20 0xFFFFFFFFFFFFFFFFFFFFFFFFFFFFFFFFFFFFFFFF AND MUL OR SWAP1 SSTORE POP DUP7 PUSH1 0x1 DUP2 PUSH1 0x0 NOT AND SWAP1 SSTORE POP DUP6 PUSH1 0x2 DUP2 SWAP1 SSTORE POP DUP5 PUSH1 0x3 SWAP1 DUP1 MLOAD SWAP1 PUSH1 0x20 ADD SWAP1 PUSH3 0x142 SWAP3 SWAP2 SWAP1 PUSH3 0x190 JUMP JUMPDEST POP DUP4 PUSH1 0x4 SWAP1 DUP1 MLOAD SWAP1 PUSH1 0x20 ADD SWAP1 PUSH3 0x15B SWAP3 SWAP2 SWAP1 PUSH3 0x190 JUMP JUMPDEST POP DUP3 PUSH1 0x6 SWAP1 DUP1 MLOAD SWAP1 PUSH1 0x20 ADD SWAP1 PUSH3 0x174 SWAP3 SWAP2 SWAP1 PUSH3 0x190 JUMP JUMPDEST POP DUP2 PUSH1 0x7 DUP2 SWAP1 SSTORE POP TIMESTAMP PUSH1 0xF DUP2 SWAP1 SSTORE POP POP POP POP POP POP POP POP PUSH3 0x23F JUMP JUMPDEST DUP3 DUP1 SLOAD PUSH1 0x1 DUP2 PUSH1 0x1 AND ISZERO PUSH2 0x100 MUL SUB AND PUSH1 0x2 SWAP1 DIV SWAP1 PUSH1 0x0 MSTORE PUSH1 0x20 PUSH1 0x0 KECCAK256 SWAP1 PUSH1 0x1F ADD PUSH1 0x20 SWAP1 DIV DUP2 ADD SWAP3 DUP3 PUSH1 0x1F LT PUSH3 0x1D3 JUMPI DUP1 MLOAD PUSH1 0xFF NOT AND DUP4 DUP1 ADD OR DUP6 SSTORE PUSH3 0x204 JUMP JUMPDEST DUP3 DUP1 ADD PUSH1 0x1 ADD DUP6 SSTORE DUP3 ISZERO PUSH3 0x204 JUMPI SWAP2 DUP3 ADD JUMPDEST DUP3 DUP2 GT ISZERO PUSH3 0x203 JUMPI DUP3 MLOAD DUP3 SSTORE SWAP2 PUSH1 0x20 ADD SWAP2 SWAP1 PUSH1 0x1 ADD SWAP1 PUSH3 0x1E6 JUMP JUMPDEST JUMPDEST POP SWAP1 POP PUSH3 0x213 SWAP2 SWAP1 PUSH3 0x217 JUMP JUMPDEST POP SWAP1 JUMP JUMPDEST PUSH3 0x23C SWAP2 SWAP1 JUMPDEST DUP1 DUP3 GT ISZERO PUSH3 0x238 JUMPI PUSH1 0x0 DUP2 PUSH1 0x0 SWAP1 SSTORE POP PUSH1 0x1 ADD PUSH3 0x21E JUMP JUMPDEST POP SWAP1 JUMP JUMPDEST SWAP1 JUMP JUMPDEST PUSH2 0x3056 DUP1 PUSH3 0x24F PUSH1 0x0 CODECOPY PUSH1 0x0 RETURN STOP PUSH1 0x60 PUSH1 0x40 MSTORE PUSH1 0x4 CALLDATASIZE LT PUSH2 0x1B6 JUMPI PUSH1 0x0 CALLDATALOAD PUSH29 0x100000000000000000000000000000000000000000000000000000000 SWAP1 DIV PUSH4 0xFFFFFFFF AND DUP1 PUSH3 0xF733E9 EQ PUSH2 0x1BB JUMPI DUP1 PUSH4 0x79172DA EQ PUSH2 0x1E8 JUMPI DUP1 PUSH4 0x95EA7B3 EQ PUSH2 0x215 JUMPI DUP1 PUSH4 0x118934CC EQ PUSH2 0x26F JUMPI DUP1 PUSH4 0x15336F80 EQ PUSH2 0x298 JUMPI DUP1 PUSH4 0x16915743 EQ PUSH2 0x2F5 JUMPI DUP1 PUSH4 0x18160DDD EQ PUSH2 0x383 JUMPI DUP1 PUSH4 0x220F1202 EQ PUSH2 0x3AC JUMPI DUP1 PUSH4 0x23B872DD EQ PUSH2 0x401 JUMPI DUP1 PUSH4 0x28171882 EQ PUSH2 0x47A JUMPI DUP1 PUSH4 0x418939C0 EQ PUSH2 0x508 JUMPI DUP1 PUSH4 0x42966C68 EQ PUSH2 0x51D JUMPI DUP1 PUSH4 0x45CB3F4D EQ PUSH2 0x558 JUMPI DUP1 PUSH4 0x4A79D50C EQ PUSH2 0x581 JUMPI DUP1 PUSH4 0x521B20EC EQ PUSH2 0x60F JUMPI DUP1 PUSH4 0x52FFEB30 EQ PUSH2 0x664 JUMPI DUP1 PUSH4 0x70A08231 EQ PUSH2 0x68D JUMPI DUP1 PUSH4 0x79CC6790 EQ PUSH2 0x6DA JUMPI DUP1 PUSH4 0x7CC4E55F EQ PUSH2 0x734 JUMPI DUP1 PUSH4 0x8DA5CB5B EQ PUSH2 0x75D JUMPI DUP1 PUSH4 0x9435C887 EQ PUSH2 0x7B2 JUMPI DUP1 PUSH4 0xA6F9DAE1 EQ PUSH2 0x7C7 JUMPI DUP1 PUSH4 0xA9059CBB EQ PUSH2 0x800 JUMPI DUP1 PUSH4 0xB682C019 EQ PUSH2 0x85A JUMPI DUP1 PUSH4 0xB686E44C EQ PUSH2 0x887 JUMPI DUP1 PUSH4 0xBF36C5B0 EQ PUSH2 0x8B8 JUMPI DUP1 PUSH4 0xC01569F9 EQ PUSH2 0x8DB JUMPI DUP1 PUSH4 0xDA4493F6 EQ PUSH2 0x8E5 JUMPI DUP1 PUSH4 0xDD62ED3E EQ PUSH2 0x90E JUMPI DUP1 PUSH4 0xE3224AC3 EQ PUSH2 0x97A JUMPI DUP1 PUSH4 0xE7E10490 EQ PUSH2 0x9C7 JUMPI DUP1 PUSH4 0xE9E972D9 EQ PUSH2 0x9DC JUMPI DUP1 PUSH4 0xECFC7ECC EQ PUSH2 0xA6A JUMPI DUP1 PUSH4 0xF4ED0F46 EQ PUSH2 0xA74 JUMPI DUP1 PUSH4 0xFBC5DB95 EQ PUSH2 0xA9D JUMPI JUMPDEST PUSH1 0x0 DUP1 REVERT JUMPDEST CALLVALUE ISZERO PUSH2 0x1C6 JUMPI PUSH1 0x0 DUP1 REVERT JUMPDEST PUSH2 0x1CE PUSH2 0xAC6 JUMP JUMPDEST PUSH1 0x40 MLOAD DUP1 DUP3 ISZERO ISZERO ISZERO ISZERO DUP2 MSTORE PUSH1 0x20 ADD SWAP2 POP POP PUSH1 0x40 MLOAD DUP1 SWAP2 SUB SWAP1 RETURN JUMPDEST CALLVALUE ISZERO PUSH2 0x1F3 JUMPI PUSH1 0x0 DUP1 REVERT JUMPDEST PUSH2 0x1FB PUSH2 0xAD9 JUMP JUMPDEST PUSH1 0x40 MLOAD DUP1 DUP3 ISZERO ISZERO ISZERO ISZERO DUP2 MSTORE PUSH1 0x20 ADD SWAP2 POP POP PUSH1 0x40 MLOAD DUP1 SWAP2 SUB SWAP1 RETURN JUMPDEST CALLVALUE ISZERO PUSH2 0x220 JUMPI PUSH1 0x0 DUP1 REVERT JUMPDEST PUSH2 0x255 PUSH1 0x4 DUP1 DUP1 CALLDATALOAD PUSH20 0xFFFFFFFFFFFFFFFFFFFFFFFFFFFFFFFFFFFFFFFF AND SWAP1 PUSH1 0x20 ADD SWAP1 SWAP2 SWAP1 DUP1 CALLDATALOAD SWAP1 PUSH1 0x20 ADD SWAP1 SWAP2 SWAP1 POP POP PUSH2 0xAEC JUMP JUMPDEST PUSH1 0x40 MLOAD DUP1 DUP3 ISZERO ISZERO ISZERO ISZERO DUP2 MSTORE PUSH1 0x20 ADD SWAP2 POP POP PUSH1 0x40 MLOAD DUP1 SWAP2 SUB SWAP1 RETURN JUMPDEST CALLVALUE ISZERO PUSH2 0x27A JUMPI PUSH1 0x0 DUP1 REVERT JUMPDEST PUSH2 0x282 PUSH2 0xBDE JUMP JUMPDEST PUSH1 0x40 MLOAD DUP1 DUP3 DUP2 MSTORE PUSH1 0x20 ADD SWAP2 POP POP PUSH1 0x40 MLOAD DUP1 SWAP2 SUB SWAP1 RETURN JUMPDEST CALLVALUE ISZERO PUSH2 0x2A3 JUMPI PUSH1 0x0 DUP1 REVERT JUMPDEST PUSH2 0x2F3 PUSH1 0x4 DUP1 DUP1 CALLDATALOAD SWAP1 PUSH1 0x20 ADD SWAP1 DUP3 ADD DUP1 CALLDATALOAD SWAP1 PUSH1 0x20 ADD SWAP1 DUP1 DUP1 PUSH1 0x1F ADD PUSH1 0x20 DUP1 SWAP2 DIV MUL PUSH1 0x20 ADD PUSH1 0x40 MLOAD SWAP1 DUP2 ADD PUSH1 0x40 MSTORE DUP1 SWAP4 SWAP3 SWAP2 SWAP1 DUP2 DUP2 MSTORE PUSH1 0x20 ADD DUP4 DUP4 DUP1 DUP3 DUP5 CALLDATACOPY DUP3 ADD SWAP2 POP POP POP POP POP POP SWAP2 SWAP1 POP POP PUSH2 0xBE4 JUMP JUMPDEST STOP JUMPDEST CALLVALUE ISZERO PUSH2 0x300 JUMPI PUSH1 0x0 DUP1 REVERT JUMPDEST PUSH2 0x308 PUSH2 0xDC8 JUMP JUMPDEST PUSH1 0x40 MLOAD DUP1 DUP1 PUSH1 0x20 ADD DUP3 DUP2 SUB DUP3 MSTORE DUP4 DUP2 DUP2 MLOAD DUP2 MSTORE PUSH1 0x20 ADD SWAP2 POP DUP1 MLOAD SWAP1 PUSH1 0x20 ADD SWAP1 DUP1 DUP4 DUP4 PUSH1 0x0 JUMPDEST DUP4 DUP2 LT ISZERO PUSH2 0x348 JUMPI DUP1 DUP3 ADD MLOAD DUP2 DUP5 ADD MSTORE PUSH1 0x20 DUP2 ADD SWAP1 POP PUSH2 0x32D JUMP JUMPDEST POP POP POP POP SWAP1 POP SWAP1 DUP2 ADD SWAP1 PUSH1 0x1F AND DUP1 ISZERO PUSH2 0x375 JUMPI DUP1 DUP3 SUB DUP1 MLOAD PUSH1 0x1 DUP4 PUSH1 0x20 SUB PUSH2 0x100 EXP SUB NOT AND DUP2 MSTORE PUSH1 0x20 ADD SWAP2 POP JUMPDEST POP SWAP3 POP POP POP PUSH1 0x40 MLOAD DUP1 SWAP2 SUB SWAP1 RETURN JUMPDEST CALLVALUE ISZERO PUSH2 0x38E JUMPI PUSH1 0x0 DUP1 REVERT JUMPDEST PUSH2 0x396 PUSH2 0xE66 JUMP JUMPDEST PUSH1 0x40 MLOAD DUP1 DUP3 DUP2 MSTORE PUSH1 0x20 ADD SWAP2 POP POP PUSH1 0x40 MLOAD DUP1 SWAP2 SUB SWAP1 RETURN JUMPDEST CALLVALUE ISZERO PUSH2 0x3B7 JUMPI PUSH1 0x0 DUP1 REVERT JUMPDEST PUSH2 0x3BF PUSH2 0xE70 JUMP JUMPDEST PUSH1 0x40 MLOAD DUP1 DUP3 PUSH20 0xFFFFFFFFFFFFFFFFFFFFFFFFFFFFFFFFFFFFFFFF AND PUSH20 0xFFFFFFFFFFFFFFFFFFFFFFFFFFFFFFFFFFFFFFFF AND DUP2 MSTORE PUSH1 0x20 ADD SWAP2 POP POP PUSH1 0x40 MLOAD DUP1 SWAP2 SUB SWAP1 RETURN JUMPDEST CALLVALUE ISZERO PUSH2 0x40C JUMPI PUSH1 0x0 DUP1 REVERT JUMPDEST PUSH2 0x460 PUSH1 0x4 DUP1 DUP1 CALLDATALOAD PUSH20 0xFFFFFFFFFFFFFFFFFFFFFFFFFFFFFFFFFFFFFFFF AND SWAP1 PUSH1 0x20 ADD SWAP1 SWAP2 SWAP1 DUP1 CALLDATALOAD PUSH20 0xFFFFFFFFFFFFFFFFFFFFFFFFFFFFFFFFFFFFFFFF AND SWAP1 PUSH1 0x20 ADD SWAP1 SWAP2 SWAP1 DUP1 CALLDATALOAD SWAP1 PUSH1 0x20 ADD SWAP1 SWAP2 SWAP1 POP POP PUSH2 0xE96 JUMP JUMPDEST PUSH1 0x40 MLOAD DUP1 DUP3 ISZERO ISZERO ISZERO ISZERO DUP2 MSTORE PUSH1 0x20 ADD SWAP2 POP POP PUSH1 0x40 MLOAD DUP1 SWAP2 SUB SWAP1 RETURN JUMPDEST CALLVALUE ISZERO PUSH2 0x485 JUMPI PUSH1 0x0 DUP1 REVERT JUMPDEST PUSH2 0x48D PUSH2 0x130D JUMP JUMPDEST PUSH1 0x40 MLOAD DUP1 DUP1 PUSH1 0x20 ADD DUP3 DUP2 SUB DUP3 MSTORE DUP4 DUP2 DUP2 MLOAD DUP2 MSTORE PUSH1 0x20 ADD SWAP2 POP DUP1 MLOAD SWAP1 PUSH1 0x20 ADD SWAP1 DUP1 DUP4 DUP4 PUSH1 0x0 JUMPDEST DUP4 DUP2 LT ISZERO PUSH2 0x4CD JUMPI DUP1 DUP3 ADD MLOAD DUP2 DUP5 ADD MSTORE PUSH1 0x20 DUP2 ADD SWAP1 POP PUSH2 0x4B2 JUMP JUMPDEST POP POP POP POP SWAP1 POP SWAP1 DUP2 ADD SWAP1 PUSH1 0x1F AND DUP1 ISZERO PUSH2 0x4FA JUMPI DUP1 DUP3 SUB DUP1 MLOAD PUSH1 0x1 DUP4 PUSH1 0x20 SUB PUSH2 0x100 EXP SUB NOT AND DUP2 MSTORE PUSH1 0x20 ADD SWAP2 POP JUMPDEST POP SWAP3 POP POP POP PUSH1 0x40 MLOAD DUP1 SWAP2 SUB SWAP1 RETURN JUMPDEST CALLVALUE ISZERO PUSH2 0x513 JUMPI PUSH1 0x0 DUP1 REVERT JUMPDEST PUSH2 0x51B PUSH2 0x13AB JUMP JUMPDEST STOP JUMPDEST CALLVALUE ISZERO PUSH2 0x528 JUMPI PUSH1 0x0 DUP1 REVERT JUMPDEST PUSH2 0x53E PUSH1 0x4 DUP1 DUP1 CALLDATALOAD SWAP1 PUSH1 0x20 ADD SWAP1 SWAP2 SWAP1 POP POP PUSH2 0x1A43 JUMP JUMPDEST PUSH1 0x40 MLOAD DUP1 DUP3 ISZERO ISZERO ISZERO ISZERO DUP2 MSTORE PUSH1 0x20 ADD SWAP2 POP POP PUSH1 0x40 MLOAD DUP1 SWAP2 SUB SWAP1 RETURN JUMPDEST CALLVALUE ISZERO PUSH2 0x563 JUMPI PUSH1 0x0 DUP1 REVERT JUMPDEST PUSH2 0x56B PUSH2 0x1BF5 JUMP JUMPDEST PUSH1 0x40 MLOAD DUP1 DUP3 DUP2 MSTORE PUSH1 0x20 ADD SWAP2 POP POP PUSH1 0x40 MLOAD DUP1 SWAP2 SUB SWAP1 RETURN JUMPDEST CALLVALUE ISZERO PUSH2 0x58C JUMPI PUSH1 0x0 DUP1 REVERT JUMPDEST PUSH2 0x594 PUSH2 0x1BFB JUMP JUMPDEST PUSH1 0x40 MLOAD DUP1 DUP1 PUSH1 0x20 ADD DUP3 DUP2 SUB DUP3 MSTORE DUP4 DUP2 DUP2 MLOAD DUP2 MSTORE PUSH1 0x20 ADD SWAP2 POP DUP1 MLOAD SWAP1 PUSH1 0x20 ADD SWAP1 DUP1 DUP4 DUP4 PUSH1 0x0 JUMPDEST DUP4 DUP2 LT ISZERO PUSH2 0x5D4 JUMPI DUP1 DUP3 ADD MLOAD DUP2 DUP5 ADD MSTORE PUSH1 0x20 DUP2 ADD SWAP1 POP PUSH2 0x5B9 JUMP JUMPDEST POP POP POP POP SWAP1 POP SWAP1 DUP2 ADD SWAP1 PUSH1 0x1F AND DUP1 ISZERO PUSH2 0x601 JUMPI DUP1 DUP3 SUB DUP1 MLOAD PUSH1 0x1 DUP4 PUSH1 0x20 SUB PUSH2 0x100 EXP SUB NOT AND DUP2 MSTORE PUSH1 0x20 ADD SWAP2 POP JUMPDEST POP SWAP3 POP POP POP PUSH1 0x40 MLOAD DUP1 SWAP2 SUB SWAP1 RETURN JUMPDEST CALLVALUE ISZERO PUSH2 0x61A JUMPI PUSH1 0x0 DUP1 REVERT JUMPDEST PUSH2 0x622 PUSH2 0x1C99 JUMP JUMPDEST PUSH1 0x40 MLOAD DUP1 DUP3 PUSH20 0xFFFFFFFFFFFFFFFFFFFFFFFFFFFFFFFFFFFFFFFF AND PUSH20 0xFFFFFFFFFFFFFFFFFFFFFFFFFFFFFFFFFFFFFFFF AND DUP2 MSTORE PUSH1 0x20 ADD SWAP2 POP POP PUSH1 0x40 MLOAD DUP1 SWAP2 SUB SWAP1 RETURN JUMPDEST CALLVALUE ISZERO PUSH2 0x66F JUMPI PUSH1 0x0 DUP1 REVERT JUMPDEST PUSH2 0x677 PUSH2 0x1CBF JUMP JUMPDEST PUSH1 0x40 MLOAD DUP1 DUP3 DUP2 MSTORE PUSH1 0x20 ADD SWAP2 POP POP PUSH1 0x40 MLOAD DUP1 SWAP2 SUB SWAP1 RETURN JUMPDEST CALLVALUE ISZERO PUSH2 0x698 JUMPI PUSH1 0x0 DUP1 REVERT JUMPDEST PUSH2 0x6C4 PUSH1 0x4 DUP1 DUP1 CALLDATALOAD PUSH20 0xFFFFFFFFFFFFFFFFFFFFFFFFFFFFFFFFFFFFFFFF AND SWAP1 PUSH1 0x20 ADD SWAP1 SWAP2 SWAP1 POP POP PUSH2 0x1CC5 JUMP JUMPDEST PUSH1 0x40 MLOAD DUP1 DUP3 DUP2 MSTORE PUSH1 0x20 ADD SWAP2 POP POP PUSH1 0x40 MLOAD DUP1 SWAP2 SUB SWAP1 RETURN JUMPDEST CALLVALUE ISZERO PUSH2 0x6E5 JUMPI PUSH1 0x0 DUP1 REVERT JUMPDEST PUSH2 0x71A PUSH1 0x4 DUP1 DUP1 CALLDATALOAD PUSH20 0xFFFFFFFFFFFFFFFFFFFFFFFFFFFFFFFFFFFFFFFF AND SWAP1 PUSH1 0x20 ADD SWAP1 SWAP2 SWAP1 DUP1 CALLDATALOAD SWAP1 PUSH1 0x20 ADD SWAP1 SWAP2 SWAP1 POP POP PUSH2 0x1D0E JUMP JUMPDEST PUSH1 0x40 MLOAD DUP1 DUP3 ISZERO ISZERO ISZERO ISZERO DUP2 MSTORE PUSH1 0x20 ADD SWAP2 POP POP PUSH1 0x40 MLOAD DUP1 SWAP2 SUB SWAP1 RETURN JUMPDEST CALLVALUE ISZERO PUSH2 0x73F JUMPI PUSH1 0x0 DUP1 REVERT JUMPDEST PUSH2 0x747 PUSH2 0x1FD3 JUMP JUMPDEST PUSH1 0x40 MLOAD DUP1 DUP3 DUP2 MSTORE PUSH1 0x20 ADD SWAP2 POP POP PUSH1 0x40 MLOAD DUP1 SWAP2 SUB SWAP1 RETURN JUMPDEST CALLVALUE ISZERO PUSH2 0x768 JUMPI PUSH1 0x0 DUP1 REVERT JUMPDEST PUSH2 0x770 PUSH2 0x1FD9 JUMP JUMPDEST PUSH1 0x40 MLOAD DUP1 DUP3 PUSH20 0xFFFFFFFFFFFFFFFFFFFFFFFFFFFFFFFFFFFFFFFF AND PUSH20 0xFFFFFFFFFFFFFFFFFFFFFFFFFFFFFFFFFFFFFFFF AND DUP2 MSTORE PUSH1 0x20 ADD SWAP2 POP POP PUSH1 0x40 MLOAD DUP1 SWAP2 SUB SWAP1 RETURN JUMPDEST CALLVALUE ISZERO PUSH2 0x7BD JUMPI PUSH1 0x0 DUP1 REVERT JUMPDEST PUSH2 0x7C5 PUSH2 0x1FFE JUMP JUMPDEST STOP JUMPDEST CALLVALUE ISZERO PUSH2 0x7D2 JUMPI PUSH1 0x0 DUP1 REVERT JUMPDEST PUSH2 0x7FE PUSH1 0x4 DUP1 DUP1 CALLDATALOAD PUSH20 0xFFFFFFFFFFFFFFFFFFFFFFFFFFFFFFFFFFFFFFFF AND SWAP1 PUSH1 0x20 ADD SWAP1 SWAP2 SWAP1 POP POP PUSH2 0x218C JUMP JUMPDEST STOP JUMPDEST CALLVALUE ISZERO PUSH2 0x80B JUMPI PUSH1 0x0 DUP1 REVERT JUMPDEST PUSH2 0x840 PUSH1 0x4 DUP1 DUP1 CALLDATALOAD PUSH20 0xFFFFFFFFFFFFFFFFFFFFFFFFFFFFFFFFFFFFFFFF AND SWAP1 PUSH1 0x20 ADD SWAP1 SWAP2 SWAP1 DUP1 CALLDATALOAD SWAP1 PUSH1 0x20 ADD SWAP1 SWAP2 SWAP1 POP POP PUSH2 0x222C JUMP JUMPDEST PUSH1 0x40 MLOAD DUP1 DUP3 ISZERO ISZERO ISZERO ISZERO DUP2 MSTORE PUSH1 0x20 ADD SWAP2 POP POP PUSH1 0x40 MLOAD DUP1 SWAP2 SUB SWAP1 RETURN JUMPDEST CALLVALUE ISZERO PUSH2 0x865 JUMPI PUSH1 0x0 DUP1 REVERT JUMPDEST PUSH2 0x86D PUSH2 0x24ED JUMP JUMPDEST PUSH1 0x40 MLOAD DUP1 DUP3 ISZERO ISZERO ISZERO ISZERO DUP2 MSTORE PUSH1 0x20 ADD SWAP2 POP POP PUSH1 0x40 MLOAD DUP1 SWAP2 SUB SWAP1 RETURN JUMPDEST CALLVALUE ISZERO PUSH2 0x892 JUMPI PUSH1 0x0 DUP1 REVERT JUMPDEST PUSH2 0x89A PUSH2 0x2500 JUMP JUMPDEST PUSH1 0x40 MLOAD DUP1 DUP3 PUSH1 0x0 NOT AND PUSH1 0x0 NOT AND DUP2 MSTORE PUSH1 0x20 ADD SWAP2 POP POP PUSH1 0x40 MLOAD DUP1 SWAP2 SUB SWAP1 RETURN JUMPDEST CALLVALUE ISZERO PUSH2 0x8C3 JUMPI PUSH1 0x0 DUP1 REVERT JUMPDEST PUSH2 0x8D9 PUSH1 0x4 DUP1 DUP1 CALLDATALOAD SWAP1 PUSH1 0x20 ADD SWAP1 SWAP2 SWAP1 POP POP PUSH2 0x2506 JUMP JUMPDEST STOP JUMPDEST PUSH2 0x8E3 PUSH2 0x26B4 JUMP JUMPDEST STOP JUMPDEST CALLVALUE ISZERO PUSH2 0x8F0 JUMPI PUSH1 0x0 DUP1 REVERT JUMPDEST PUSH2 0x8F8 PUSH2 0x2B0D JUMP JUMPDEST PUSH1 0x40 MLOAD DUP1 DUP3 DUP2 MSTORE PUSH1 0x20 ADD SWAP2 POP POP PUSH1 0x40 MLOAD DUP1 SWAP2 SUB SWAP1 RETURN JUMPDEST CALLVALUE ISZERO PUSH2 0x919 JUMPI PUSH1 0x0 DUP1 REVERT JUMPDEST PUSH2 0x964 PUSH1 0x4 DUP1 DUP1 CALLDATALOAD PUSH20 0xFFFFFFFFFFFFFFFFFFFFFFFFFFFFFFFFFFFFFFFF AND SWAP1 PUSH1 0x20 ADD SWAP1 SWAP2 SWAP1 DUP1 CALLDATALOAD PUSH20 0xFFFFFFFFFFFFFFFFFFFFFFFFFFFFFFFFFFFFFFFF AND SWAP1 PUSH1 0x20 ADD SWAP1 SWAP2 SWAP1 POP POP PUSH2 0x2B13 JUMP JUMPDEST PUSH1 0x40 MLOAD DUP1 DUP3 DUP2 MSTORE PUSH1 0x20 ADD SWAP2 POP POP PUSH1 0x40 MLOAD DUP1 SWAP2 SUB SWAP1 RETURN JUMPDEST CALLVALUE ISZERO PUSH2 0x985 JUMPI PUSH1 0x0 DUP1 REVERT JUMPDEST PUSH2 0x9B1 PUSH1 0x4 DUP1 DUP1 CALLDATALOAD PUSH20 0xFFFFFFFFFFFFFFFFFFFFFFFFFFFFFFFFFFFFFFFF AND SWAP1 PUSH1 0x20 ADD SWAP1 SWAP2 SWAP1 POP POP PUSH2 0x2B9A JUMP JUMPDEST PUSH1 0x40 MLOAD DUP1 DUP3 DUP2 MSTORE PUSH1 0x20 ADD SWAP2 POP POP PUSH1 0x40 MLOAD DUP1 SWAP2 SUB SWAP1 RETURN JUMPDEST CALLVALUE ISZERO PUSH2 0x9D2 JUMPI PUSH1 0x0 DUP1 REVERT JUMPDEST PUSH2 0x9DA PUSH2 0x2BB2 JUMP JUMPDEST STOP JUMPDEST CALLVALUE ISZERO PUSH2 0x9E7 JUMPI PUSH1 0x0 DUP1 REVERT JUMPDEST PUSH2 0x9EF PUSH2 0x2CFE JUMP JUMPDEST PUSH1 0x40 MLOAD DUP1 DUP1 PUSH1 0x20 ADD DUP3 DUP2 SUB DUP3 MSTORE DUP4 DUP2 DUP2 MLOAD DUP2 MSTORE PUSH1 0x20 ADD SWAP2 POP DUP1 MLOAD SWAP1 PUSH1 0x20 ADD SWAP1 DUP1 DUP4 DUP4 PUSH1 0x0 JUMPDEST DUP4 DUP2 LT ISZERO PUSH2 0xA2F JUMPI DUP1 DUP3 ADD MLOAD DUP2 DUP5 ADD MSTORE PUSH1 0x20 DUP2 ADD SWAP1 POP PUSH2 0xA14 JUMP JUMPDEST POP POP POP POP SWAP1 POP SWAP1 DUP2 ADD SWAP1 PUSH1 0x1F AND DUP1 ISZERO PUSH2 0xA5C JUMPI DUP1 DUP3 SUB DUP1 MLOAD PUSH1 0x1 DUP4 PUSH1 0x20 SUB PUSH2 0x100 EXP SUB NOT AND DUP2 MSTORE PUSH1 0x20 ADD SWAP2 POP JUMPDEST POP SWAP3 POP POP POP PUSH1 0x40 MLOAD DUP1 SWAP2 SUB SWAP1 RETURN JUMPDEST PUSH2 0xA72 PUSH2 0x2D9C JUMP JUMPDEST STOP JUMPDEST CALLVALUE ISZERO PUSH2 0xA7F JUMPI PUSH1 0x0 DUP1 REVERT JUMPDEST PUSH2 0xA87 PUSH2 0x2F79 JUMP JUMPDEST PUSH1 0x40 MLOAD DUP1 DUP3 DUP2 MSTORE PUSH1 0x20 ADD SWAP2 POP POP PUSH1 0x40 MLOAD DUP1 SWAP2 SUB SWAP1 RETURN JUMPDEST CALLVALUE ISZERO PUSH2 0xAA8 JUMPI PUSH1 0x0 DUP1 REVERT JUMPDEST PUSH2 0xAB0 PUSH2 0x2F7F JUMP JUMPDEST PUSH1 0x40 MLOAD DUP1 DUP3 DUP2 MSTORE PUSH1 0x20 ADD SWAP2 POP POP PUSH1 0x40 MLOAD DUP1 SWAP2 SUB SWAP1 RETURN JUMPDEST PUSH1 0xB PUSH1 0x0 SWAP1 SLOAD SWAP1 PUSH2 0x100 EXP SWAP1 DIV PUSH1 0xFF AND DUP2 JUMP JUMPDEST PUSH1 0x10 PUSH1 0x1 SWAP1 SLOAD SWAP1 PUSH2 0x100 EXP SWAP1 DIV PUSH1 0xFF AND DUP2 JUMP JUMPDEST PUSH1 0x0 DUP2 PUSH1 0x13 PUSH1 0x0 CALLER PUSH20 0xFFFFFFFFFFFFFFFFFFFFFFFFFFFFFFFFFFFFFFFF AND PUSH20 0xFFFFFFFFFFFFFFFFFFFFFFFFFFFFFFFFFFFFFFFF AND DUP2 MSTORE PUSH1 0x20 ADD SWAP1 DUP2 MSTORE PUSH1 0x20 ADD PUSH1 0x0 KECCAK256 PUSH1 0x0 DUP6 PUSH20 0xFFFFFFFFFFFFFFFFFFFFFFFFFFFFFFFFFFFFFFFF AND PUSH20 0xFFFFFFFFFFFFFFFFFFFFFFFFFFFFFFFFFFFFFFFF AND DUP2 MSTORE PUSH1 0x20 ADD SWAP1 DUP2 MSTORE PUSH1 0x20 ADD PUSH1 0x0 KECCAK256 DUP2 SWAP1 SSTORE POP DUP3 PUSH20 0xFFFFFFFFFFFFFFFFFFFFFFFFFFFFFFFFFFFFFFFF AND CALLER PUSH20 0xFFFFFFFFFFFFFFFFFFFFFFFFFFFFFFFFFFFFFFFF AND PUSH32 0x8C5BE1E5EBEC7D5BD14F71427D1E84F3DD0314C0F7B2291E5B200AC8C7C3B925 DUP5 PUSH1 0x40 MLOAD DUP1 DUP3 DUP2 MSTORE PUSH1 0x20 ADD SWAP2 POP POP PUSH1 0x40 MLOAD DUP1 SWAP2 SUB SWAP1 LOG3 PUSH1 0x1 SWAP1 POP SWAP3 SWAP2 POP POP JUMP JUMPDEST PUSH1 0x7 SLOAD DUP2 JUMP JUMPDEST PUSH1 0x0 DUP1 PUSH1 0x0 SWAP1 SLOAD SWAP1 PUSH2 0x100 EXP SWAP1 DIV PUSH20 0xFFFFFFFFFFFFFFFFFFFFFFFFFFFFFFFFFFFFFFFF AND DUP1 PUSH20 0xFFFFFFFFFFFFFFFFFFFFFFFFFFFFFFFFFFFFFFFF AND CALLER PUSH20 0xFFFFFFFFFFFFFFFFFFFFFFFFFFFFFFFFFFFFFFFF AND EQ ISZERO ISZERO PUSH2 0xC42 JUMPI PUSH1 0x0 DUP1 REVERT JUMPDEST PUSH1 0x10 PUSH1 0x1 SWAP1 SLOAD SWAP1 PUSH2 0x100 EXP SWAP1 DIV PUSH1 0xFF AND ISZERO ISZERO PUSH2 0xDBE JUMPI DUP3 PUSH1 0x5 SWAP1 DUP1 MLOAD SWAP1 PUSH1 0x20 ADD SWAP1 PUSH2 0xC6E SWAP3 SWAP2 SWAP1 PUSH2 0x2F85 JUMP JUMPDEST POP PUSH1 0x1 PUSH1 0x10 PUSH1 0x1 PUSH2 0x100 EXP DUP2 SLOAD DUP2 PUSH1 0xFF MUL NOT AND SWAP1 DUP4 ISZERO ISZERO MUL OR SWAP1 SSTORE POP PUSH1 0x28 PUSH1 0x2 SLOAD DUP2 ISZERO ISZERO PUSH2 0xC98 JUMPI INVALID JUMPDEST MOD SWAP2 POP PUSH1 0x28 DUP3 PUSH1 0x2 SLOAD SUB DUP2 ISZERO ISZERO PUSH2 0xCAB JUMPI INVALID JUMPDEST DIV PUSH1 0x11 DUP2 SWAP1 SSTORE POP PUSH1 0x0 DUP3 GT DUP1 ISZERO PUSH2 0xCCE JUMPI POP DUP2 PUSH1 0x27 TIMESTAMP DUP2 ISZERO ISZERO PUSH2 0xCCA JUMPI INVALID JUMPDEST MOD GT ISZERO JUMPDEST ISZERO PUSH2 0xCE6 JUMPI PUSH1 0x11 PUSH1 0x0 DUP2 SLOAD DUP1 SWAP3 SWAP2 SWAP1 PUSH1 0x1 ADD SWAP2 SWAP1 POP SSTORE POP JUMPDEST PUSH1 0x11 SLOAD PUSH1 0x12 PUSH1 0x0 PUSH1 0x14 PUSH1 0x0 SWAP1 SLOAD SWAP1 PUSH2 0x100 EXP SWAP1 DIV PUSH20 0xFFFFFFFFFFFFFFFFFFFFFFFFFFFFFFFFFFFFFFFF AND PUSH20 0xFFFFFFFFFFFFFFFFFFFFFFFFFFFFFFFFFFFFFFFF AND PUSH20 0xFFFFFFFFFFFFFFFFFFFFFFFFFFFFFFFFFFFFFFFF AND DUP2 MSTORE PUSH1 0x20 ADD SWAP1 DUP2 MSTORE PUSH1 0x20 ADD PUSH1 0x0 KECCAK256 DUP2 SWAP1 SSTORE POP PUSH1 0x11 SLOAD PUSH1 0x2 SLOAD SUB PUSH1 0x12 PUSH1 0x0 DUP1 PUSH1 0x0 SWAP1 SLOAD SWAP1 PUSH2 0x100 EXP SWAP1 DIV PUSH20 0xFFFFFFFFFFFFFFFFFFFFFFFFFFFFFFFFFFFFFFFF AND PUSH20 0xFFFFFFFFFFFFFFFFFFFFFFFFFFFFFFFFFFFFFFFF AND PUSH20 0xFFFFFFFFFFFFFFFFFFFFFFFFFFFFFFFFFFFFFFFF AND DUP2 MSTORE PUSH1 0x20 ADD SWAP1 DUP2 MSTORE PUSH1 0x20 ADD PUSH1 0x0 KECCAK256 DUP2 SWAP1 SSTORE POP PUSH2 0xDC3 JUMP JUMPDEST PUSH1 0x0 DUP1 REVERT JUMPDEST POP POP POP JUMP JUMPDEST PUSH1 0x5 DUP1 SLOAD PUSH1 0x1 DUP2 PUSH1 0x1 AND ISZERO PUSH2 0x100 MUL SUB AND PUSH1 0x2 SWAP1 DIV DUP1 PUSH1 0x1F ADD PUSH1 0x20 DUP1 SWAP2 DIV MUL PUSH1 0x20 ADD PUSH1 0x40 MLOAD SWAP1 DUP2 ADD PUSH1 0x40 MSTORE DUP1 SWAP3 SWAP2 SWAP1 DUP2 DUP2 MSTORE PUSH1 0x20 ADD DUP3 DUP1 SLOAD PUSH1 0x1 DUP2 PUSH1 0x1 AND ISZERO PUSH2 0x100 MUL SUB AND PUSH1 0x2 SWAP1 DIV DUP1 ISZERO PUSH2 0xE5E JUMPI DUP1 PUSH1 0x1F LT PUSH2 0xE33 JUMPI PUSH2 0x100 DUP1 DUP4 SLOAD DIV MUL DUP4 MSTORE SWAP2 PUSH1 0x20 ADD SWAP2 PUSH2 0xE5E JUMP JUMPDEST DUP3 ADD SWAP2 SWAP1 PUSH1 0x0 MSTORE PUSH1 0x20 PUSH1 0x0 KECCAK256 SWAP1 JUMPDEST DUP2 SLOAD DUP2 MSTORE SWAP1 PUSH1 0x1 ADD SWAP1 PUSH1 0x20 ADD DUP1 DUP4 GT PUSH2 0xE41 JUMPI DUP3 SWAP1 SUB PUSH1 0x1F AND DUP3 ADD SWAP2 JUMPDEST POP POP POP POP POP DUP2 JUMP JUMPDEST PUSH1 0x0 PUSH1 0x2 SLOAD SWAP1 POP SWAP1 JUMP JUMPDEST PUSH1 0x9 PUSH1 0x0 SWAP1 SLOAD SWAP1 PUSH2 0x100 EXP SWAP1 DIV PUSH20 0xFFFFFFFFFFFFFFFFFFFFFFFFFFFFFFFFFFFFFFFF AND DUP2 JUMP JUMPDEST PUSH1 0x0 DUP4 DUP3 PUSH1 0x9 PUSH1 0x0 SWAP1 SLOAD SWAP1 PUSH2 0x100 EXP SWAP1 DIV PUSH20 0xFFFFFFFFFFFFFFFFFFFFFFFFFFFFFFFFFFFFFFFF AND PUSH20 0xFFFFFFFFFFFFFFFFFFFFFFFFFFFFFFFFFFFFFFFF AND DUP3 PUSH20 0xFFFFFFFFFFFFFFFFFFFFFFFFFFFFFFFFFFFFFFFF AND EQ ISZERO DUP1 PUSH2 0xF35 JUMPI POP DUP1 PUSH1 0x12 PUSH1 0x0 DUP5 PUSH20 0xFFFFFFFFFFFFFFFFFFFFFFFFFFFFFFFFFFFFFFFF AND PUSH20 0xFFFFFFFFFFFFFFFFFFFFFFFFFFFFFFFFFFFFFFFF AND DUP2 MSTORE PUSH1 0x20 ADD SWAP1 DUP2 MSTORE PUSH1 0x20 ADD PUSH1 0x0 KECCAK256 SLOAD GT JUMPDEST ISZERO ISZERO PUSH2 0xF40 JUMPI PUSH1 0x0 DUP1 REVERT JUMPDEST DUP4 PUSH1 0x12 PUSH1 0x0 DUP9 PUSH20 0xFFFFFFFFFFFFFFFFFFFFFFFFFFFFFFFFFFFFFFFF AND PUSH20 0xFFFFFFFFFFFFFFFFFFFFFFFFFFFFFFFFFFFFFFFF AND DUP2 MSTORE PUSH1 0x20 ADD SWAP1 DUP2 MSTORE PUSH1 0x20 ADD PUSH1 0x0 KECCAK256 SLOAD LT ISZERO DUP1 ISZERO PUSH2 0x100B JUMPI POP DUP4 PUSH1 0x13 PUSH1 0x0 DUP9 PUSH20 0xFFFFFFFFFFFFFFFFFFFFFFFFFFFFFFFFFFFFFFFF AND PUSH20 0xFFFFFFFFFFFFFFFFFFFFFFFFFFFFFFFFFFFFFFFF AND DUP2 MSTORE PUSH1 0x20 ADD SWAP1 DUP2 MSTORE PUSH1 0x20 ADD PUSH1 0x0 KECCAK256 PUSH1 0x0 CALLER PUSH20 0xFFFFFFFFFFFFFFFFFFFFFFFFFFFFFFFFFFFFFFFF AND PUSH20 0xFFFFFFFFFFFFFFFFFFFFFFFFFFFFFFFFFFFFFFFF AND DUP2 MSTORE PUSH1 0x20 ADD SWAP1 DUP2 MSTORE PUSH1 0x20 ADD PUSH1 0x0 KECCAK256 SLOAD LT ISZERO JUMPDEST DUP1 ISZERO PUSH2 0x1017 JUMPI POP PUSH1 0x0 DUP5 GT JUMPDEST DUP1 ISZERO PUSH2 0x10A2 JUMPI POP PUSH1 0x12 PUSH1 0x0 DUP7 PUSH20 0xFFFFFFFFFFFFFFFFFFFFFFFFFFFFFFFFFFFFFFFF AND PUSH20 0xFFFFFFFFFFFFFFFFFFFFFFFFFFFFFFFFFFFFFFFF AND DUP2 MSTORE PUSH1 0x20 ADD SWAP1 DUP2 MSTORE PUSH1 0x20 ADD PUSH1 0x0 KECCAK256 SLOAD DUP5 PUSH1 0x12 PUSH1 0x0 DUP9 PUSH20 0xFFFFFFFFFFFFFFFFFFFFFFFFFFFFFFFFFFFFFFFF AND PUSH20 0xFFFFFFFFFFFFFFFFFFFFFFFFFFFFFFFFFFFFFFFF AND DUP2 MSTORE PUSH1 0x20 ADD SWAP1 DUP2 MSTORE PUSH1 0x20 ADD PUSH1 0x0 KECCAK256 SLOAD ADD GT JUMPDEST DUP1 ISZERO PUSH2 0x10C5 JUMPI POP PUSH1 0x0 DUP6 PUSH20 0xFFFFFFFFFFFFFFFFFFFFFFFFFFFFFFFFFFFFFFFF AND EQ ISZERO JUMPDEST DUP1 ISZERO PUSH2 0x1168 JUMPI POP PUSH1 0x9 PUSH1 0x0 SWAP1 SLOAD SWAP1 PUSH2 0x100 EXP SWAP1 DIV PUSH20 0xFFFFFFFFFFFFFFFFFFFFFFFFFFFFFFFFFFFFFFFF AND PUSH20 0xFFFFFFFFFFFFFFFFFFFFFFFFFFFFFFFFFFFFFFFF AND DUP7 PUSH20 0xFFFFFFFFFFFFFFFFFFFFFFFFFFFFFFFFFFFFFFFF AND EQ ISZERO DUP1 PUSH2 0x1167 JUMPI POP DUP4 PUSH1 0x12 PUSH1 0x0 DUP9 PUSH20 0xFFFFFFFFFFFFFFFFFFFFFFFFFFFFFFFFFFFFFFFF AND PUSH20 0xFFFFFFFFFFFFFFFFFFFFFFFFFFFFFFFFFFFFFFFF AND DUP2 MSTORE PUSH1 0x20 ADD SWAP1 DUP2 MSTORE PUSH1 0x20 ADD PUSH1 0x0 KECCAK256 SLOAD GT JUMPDEST JUMPDEST ISZERO PUSH2 0x12FF JUMPI DUP4 PUSH1 0x12 PUSH1 0x0 DUP9 PUSH20 0xFFFFFFFFFFFFFFFFFFFFFFFFFFFFFFFFFFFFFFFF AND PUSH20 0xFFFFFFFFFFFFFFFFFFFFFFFFFFFFFFFFFFFFFFFF AND DUP2 MSTORE PUSH1 0x20 ADD SWAP1 DUP2 MSTORE PUSH1 0x20 ADD PUSH1 0x0 KECCAK256 PUSH1 0x0 DUP3 DUP3 SLOAD SUB SWAP3 POP POP DUP2 SWAP1 SSTORE POP DUP4 PUSH1 0x13 PUSH1 0x0 DUP9 PUSH20 0xFFFFFFFFFFFFFFFFFFFFFFFFFFFFFFFFFFFFFFFF AND PUSH20 0xFFFFFFFFFFFFFFFFFFFFFFFFFFFFFFFFFFFFFFFF AND DUP2 MSTORE PUSH1 0x20 ADD SWAP1 DUP2 MSTORE PUSH1 0x20 ADD PUSH1 0x0 KECCAK256 PUSH1 0x0 CALLER PUSH20 0xFFFFFFFFFFFFFFFFFFFFFFFFFFFFFFFFFFFFFFFF AND PUSH20 0xFFFFFFFFFFFFFFFFFFFFFFFFFFFFFFFFFFFFFFFF AND DUP2 MSTORE PUSH1 0x20 ADD SWAP1 DUP2 MSTORE PUSH1 0x20 ADD PUSH1 0x0 KECCAK256 PUSH1 0x0 DUP3 DUP3 SLOAD SUB SWAP3 POP POP DUP2 SWAP1 SSTORE POP DUP4 PUSH1 0x12 PUSH1 0x0 DUP8 PUSH20 0xFFFFFFFFFFFFFFFFFFFFFFFFFFFFFFFFFFFFFFFF AND PUSH20 0xFFFFFFFFFFFFFFFFFFFFFFFFFFFFFFFFFFFFFFFF AND DUP2 MSTORE PUSH1 0x20 ADD SWAP1 DUP2 MSTORE PUSH1 0x20 ADD PUSH1 0x0 KECCAK256 PUSH1 0x0 DUP3 DUP3 SLOAD ADD SWAP3 POP POP DUP2 SWAP1 SSTORE POP DUP5 PUSH20 0xFFFFFFFFFFFFFFFFFFFFFFFFFFFFFFFFFFFFFFFF AND DUP7 PUSH20 0xFFFFFFFFFFFFFFFFFFFFFFFFFFFFFFFFFFFFFFFF AND PUSH32 0xDDF252AD1BE2C89B69C2B068FC378DAA952BA7F163C4A11628F55A4DF523B3EF DUP7 PUSH1 0x40 MLOAD DUP1 DUP3 DUP2 MSTORE PUSH1 0x20 ADD SWAP2 POP POP PUSH1 0x40 MLOAD DUP1 SWAP2 SUB SWAP1 LOG3 PUSH1 0x1 SWAP3 POP PUSH2 0x1304 JUMP JUMPDEST PUSH1 0x0 SWAP3 POP JUMPDEST POP POP SWAP4 SWAP3 POP POP POP JUMP JUMPDEST PUSH1 0x6 DUP1 SLOAD PUSH1 0x1 DUP2 PUSH1 0x1 AND ISZERO PUSH2 0x100 MUL SUB AND PUSH1 0x2 SWAP1 DIV DUP1 PUSH1 0x1F ADD PUSH1 0x20 DUP1 SWAP2 DIV MUL PUSH1 0x20 ADD PUSH1 0x40 MLOAD SWAP1 DUP2 ADD PUSH1 0x40 MSTORE DUP1 SWAP3 SWAP2 SWAP1 DUP2 DUP2 MSTORE PUSH1 0x20 ADD DUP3 DUP1 SLOAD PUSH1 0x1 DUP2 PUSH1 0x1 AND ISZERO PUSH2 0x100 MUL SUB AND PUSH1 0x2 SWAP1 DIV DUP1 ISZERO PUSH2 0x13A3 JUMPI DUP1 PUSH1 0x1F LT PUSH2 0x1378 JUMPI PUSH2 0x100 DUP1 DUP4 SLOAD DIV MUL DUP4 MSTORE SWAP2 PUSH1 0x20 ADD SWAP2 PUSH2 0x13A3 JUMP JUMPDEST DUP3 ADD SWAP2 SWAP1 PUSH1 0x0 MSTORE PUSH1 0x20 PUSH1 0x0 KECCAK256 SWAP1 JUMPDEST DUP2 SLOAD DUP2 MSTORE SWAP1 PUSH1 0x1 ADD SWAP1 PUSH1 0x20 ADD DUP1 DUP4 GT PUSH2 0x1386 JUMPI DUP3 SWAP1 SUB PUSH1 0x1F AND DUP3 ADD SWAP2 JUMPDEST POP POP POP POP POP DUP2 JUMP JUMPDEST PUSH1 0x0 DUP1 PUSH1 0x0 DUP1 PUSH1 0x0 DUP1 PUSH1 0x0 SWAP1 SLOAD SWAP1 PUSH2 0x100 EXP SWAP1 DIV PUSH20 0xFFFFFFFFFFFFFFFFFFFFFFFFFFFFFFFFFFFFFFFF AND PUSH20 0xFFFFFFFFFFFFFFFFFFFFFFFFFFFFFFFFFFFFFFFF AND CALLER PUSH20 0xFFFFFFFFFFFFFFFFFFFFFFFFFFFFFFFFFFFFFFFF AND EQ DUP1 PUSH2 0x1414 JUMPI POP PUSH3 0x15180 PUSH1 0xE SLOAD ADD TIMESTAMP GT JUMPDEST DUP1 PUSH2 0x147F JUMPI POP PUSH1 0x0 PUSH1 0x12 PUSH1 0x0 DUP1 PUSH1 0x0 SWAP1 SLOAD SWAP1 PUSH2 0x100 EXP SWAP1 DIV PUSH20 0xFFFFFFFFFFFFFFFFFFFFFFFFFFFFFFFFFFFFFFFF AND PUSH20 0xFFFFFFFFFFFFFFFFFFFFFFFFFFFFFFFFFFFFFFFF AND PUSH20 0xFFFFFFFFFFFFFFFFFFFFFFFFFFFFFFFFFFFFFFFF AND DUP2 MSTORE PUSH1 0x20 ADD SWAP1 DUP2 MSTORE PUSH1 0x20 ADD PUSH1 0x0 KECCAK256 SLOAD EQ JUMPDEST ISZERO ISZERO PUSH2 0x148A JUMPI PUSH1 0x0 DUP1 REVERT JUMPDEST PUSH1 0x14 PUSH1 0x0 SWAP1 SLOAD SWAP1 PUSH2 0x100 EXP SWAP1 DIV PUSH20 0xFFFFFFFFFFFFFFFFFFFFFFFFFFFFFFFFFFFFFFFF AND PUSH20 0xFFFFFFFFFFFFFFFFFFFFFFFFFFFFFFFFFFFFFFFF AND CALLER PUSH20 0xFFFFFFFFFFFFFFFFFFFFFFFFFFFFFFFFFFFFFFFF AND EQ ISZERO DUP1 PUSH2 0x14EE JUMPI POP PUSH4 0x1E13380 PUSH1 0xF SLOAD ADD TIMESTAMP GT JUMPDEST ISZERO ISZERO PUSH2 0x14F9 JUMPI PUSH1 0x0 DUP1 REVERT JUMPDEST CALLER PUSH1 0x1 PUSH1 0x9 PUSH1 0x0 SWAP1 SLOAD SWAP1 PUSH2 0x100 EXP SWAP1 DIV PUSH20 0xFFFFFFFFFFFFFFFFFFFFFFFFFFFFFFFFFFFFFFFF AND PUSH20 0xFFFFFFFFFFFFFFFFFFFFFFFFFFFFFFFFFFFFFFFF AND DUP3 PUSH20 0xFFFFFFFFFFFFFFFFFFFFFFFFFFFFFFFFFFFFFFFF AND EQ ISZERO DUP1 PUSH2 0x1597 JUMPI POP DUP1 PUSH1 0x12 PUSH1 0x0 DUP5 PUSH20 0xFFFFFFFFFFFFFFFFFFFFFFFFFFFFFFFFFFFFFFFF AND PUSH20 0xFFFFFFFFFFFFFFFFFFFFFFFFFFFFFFFFFFFFFFFF AND DUP2 MSTORE PUSH1 0x20 ADD SWAP1 DUP2 MSTORE PUSH1 0x20 ADD PUSH1 0x0 KECCAK256 SLOAD GT JUMPDEST ISZERO ISZERO PUSH2 0x15A2 JUMPI PUSH1 0x0 DUP1 REVERT JUMPDEST PUSH1 0x10 PUSH1 0x0 SWAP1 SLOAD SWAP1 PUSH2 0x100 EXP SWAP1 DIV PUSH1 0xFF AND DUP1 ISZERO PUSH2 0x15FE JUMPI POP PUSH1 0x1 PUSH1 0x12 PUSH1 0x0 CALLER PUSH20 0xFFFFFFFFFFFFFFFFFFFFFFFFFFFFFFFFFFFFFFFF AND PUSH20 0xFFFFFFFFFFFFFFFFFFFFFFFFFFFFFFFFFFFFFFFF AND DUP2 MSTORE PUSH1 0x20 ADD SWAP1 DUP2 MSTORE PUSH1 0x20 ADD PUSH1 0x0 KECCAK256 SLOAD LT ISZERO JUMPDEST ISZERO PUSH2 0x1A35 JUMPI PUSH1 0x7 SLOAD PUSH2 0x2710 PUSH1 0xC SLOAD DUP2 ISZERO ISZERO PUSH2 0x1615 JUMPI INVALID JUMPDEST DIV MUL SWAP7 POP PUSH1 0x28 PUSH1 0xC SLOAD DUP2 ISZERO ISZERO PUSH2 0x1627 JUMPI INVALID JUMPDEST DIV SWAP6 POP DUP6 DUP8 PUSH1 0xC SLOAD SUB SUB SWAP5 POP PUSH1 0x0 DUP1 SWAP1 SLOAD SWAP1 PUSH2 0x100 EXP SWAP1 DIV PUSH20 0xFFFFFFFFFFFFFFFFFFFFFFFFFFFFFFFFFFFFFFFF AND PUSH20 0xFFFFFFFFFFFFFFFFFFFFFFFFFFFFFFFFFFFFFFFF AND PUSH2 0x8FC DUP9 SWAP1 DUP2 ISZERO MUL SWAP1 PUSH1 0x40 MLOAD PUSH1 0x0 PUSH1 0x40 MLOAD DUP1 DUP4 SUB DUP2 DUP6 DUP9 DUP9 CALL SWAP4 POP POP POP POP ISZERO ISZERO PUSH2 0x1694 JUMPI PUSH1 0x0 DUP1 REVERT JUMPDEST CALLER PUSH20 0xFFFFFFFFFFFFFFFFFFFFFFFFFFFFFFFFFFFFFFFF AND PUSH2 0x8FC DUP7 SWAP1 DUP2 ISZERO MUL SWAP1 PUSH1 0x40 MLOAD PUSH1 0x0 PUSH1 0x40 MLOAD DUP1 DUP4 SUB DUP2 DUP6 DUP9 DUP9 CALL SWAP4 POP POP POP POP ISZERO ISZERO PUSH2 0x16D4 JUMPI PUSH1 0x0 DUP1 REVERT JUMPDEST PUSH1 0x14 PUSH1 0x0 SWAP1 SLOAD SWAP1 PUSH2 0x100 EXP SWAP1 DIV PUSH20 0xFFFFFFFFFFFFFFFFFFFFFFFFFFFFFFFFFFFFFFFF AND PUSH20 0xFFFFFFFFFFFFFFFFFFFFFFFFFFFFFFFFFFFFFFFF AND PUSH2 0x8FC DUP8 SWAP1 DUP2 ISZERO MUL SWAP1 PUSH1 0x40 MLOAD PUSH1 0x0 PUSH1 0x40 MLOAD DUP1 DUP4 SUB DUP2 DUP6 DUP9 DUP9 CALL SWAP4 POP POP POP POP ISZERO ISZERO PUSH2 0x1736 JUMPI PUSH1 0x0 DUP1 REVERT JUMPDEST PUSH1 0x12 PUSH1 0x0 PUSH1 0xD PUSH1 0x0 SWAP1 SLOAD SWAP1 PUSH2 0x100 EXP SWAP1 DIV PUSH20 0xFFFFFFFFFFFFFFFFFFFFFFFFFFFFFFFFFFFFFFFF AND PUSH20 0xFFFFFFFFFFFFFFFFFFFFFFFFFFFFFFFFFFFFFFFF AND PUSH20 0xFFFFFFFFFFFFFFFFFFFFFFFFFFFFFFFFFFFFFFFF AND DUP2 MSTORE PUSH1 0x20 ADD SWAP1 DUP2 MSTORE PUSH1 0x20 ADD PUSH1 0x0 KECCAK256 PUSH1 0x0 DUP2 SLOAD DUP1 SWAP3 SWAP2 SWAP1 PUSH1 0x1 ADD SWAP2 SWAP1 POP SSTORE POP PUSH1 0x14 PUSH1 0x0 SWAP1 SLOAD SWAP1 PUSH2 0x100 EXP SWAP1 DIV PUSH20 0xFFFFFFFFFFFFFFFFFFFFFFFFFFFFFFFFFFFFFFFF AND SWAP3 POP PUSH1 0x2 PUSH1 0x5 PUSH1 0xC SLOAD DUP2 ISZERO ISZERO PUSH2 0x17DC JUMPI INVALID JUMPDEST DIV MUL SWAP4 POP DUP3 PUSH20 0xFFFFFFFFFFFFFFFFFFFFFFFFFFFFFFFFFFFFFFFF AND PUSH4 0x2917F4A PUSH1 0xD PUSH1 0x0 SWAP1 SLOAD SWAP1 PUSH2 0x100 EXP SWAP1 DIV PUSH20 0xFFFFFFFFFFFFFFFFFFFFFFFFFFFFFFFFFFFFFFFF AND DUP7 PUSH1 0x40 MLOAD DUP4 PUSH4 0xFFFFFFFF AND PUSH29 0x100000000000000000000000000000000000000000000000000000000 MUL DUP2 MSTORE PUSH1 0x4 ADD DUP1 DUP4 PUSH20 0xFFFFFFFFFFFFFFFFFFFFFFFFFFFFFFFFFFFFFFFF AND PUSH20 0xFFFFFFFFFFFFFFFFFFFFFFFFFFFFFFFFFFFFFFFF AND DUP2 MSTORE PUSH1 0x20 ADD DUP3 DUP2 MSTORE PUSH1 0x20 ADD SWAP3 POP POP POP PUSH1 0x0 PUSH1 0x40 MLOAD DUP1 DUP4 SUB DUP2 PUSH1 0x0 DUP8 DUP1 EXTCODESIZE ISZERO ISZERO PUSH2 0x18A4 JUMPI PUSH1 0x0 DUP1 REVERT JUMPDEST PUSH2 0x2C6 GAS SUB CALL ISZERO ISZERO PUSH2 0x18B5 JUMPI PUSH1 0x0 DUP1 REVERT JUMPDEST POP POP POP PUSH1 0x12 PUSH1 0x0 CALLER PUSH20 0xFFFFFFFFFFFFFFFFFFFFFFFFFFFFFFFFFFFFFFFF AND PUSH20 0xFFFFFFFFFFFFFFFFFFFFFFFFFFFFFFFFFFFFFFFF AND DUP2 MSTORE PUSH1 0x20 ADD SWAP1 DUP2 MSTORE PUSH1 0x20 ADD PUSH1 0x0 KECCAK256 PUSH1 0x0 DUP2 SLOAD DUP1 SWAP3 SWAP2 SWAP1 PUSH1 0x1 SWAP1 SUB SWAP2 SWAP1 POP SSTORE POP PUSH32 0xDB852EE7714B577F082327CAD7D10DFC78BA428D105CDDC27EF4BD5205ADB923 CALLER PUSH1 0xD PUSH1 0x0 SWAP1 SLOAD SWAP1 PUSH2 0x100 EXP SWAP1 DIV PUSH20 0xFFFFFFFFFFFFFFFFFFFFFFFFFFFFFFFFFFFFFFFF AND PUSH1 0xC SLOAD PUSH1 0x40 MLOAD DUP1 DUP5 PUSH20 0xFFFFFFFFFFFFFFFFFFFFFFFFFFFFFFFFFFFFFFFF AND PUSH20 0xFFFFFFFFFFFFFFFFFFFFFFFFFFFFFFFFFFFFFFFF AND DUP2 MSTORE PUSH1 0x20 ADD DUP4 PUSH20 0xFFFFFFFFFFFFFFFFFFFFFFFFFFFFFFFFFFFFFFFF AND PUSH20 0xFFFFFFFFFFFFFFFFFFFFFFFFFFFFFFFFFFFFFFFF AND DUP2 MSTORE PUSH1 0x20 ADD DUP3 DUP2 MSTORE PUSH1 0x20 ADD SWAP4 POP POP POP POP PUSH1 0x40 MLOAD DUP1 SWAP2 SUB SWAP1 LOG1 PUSH1 0x0 PUSH1 0x10 PUSH1 0x0 PUSH2 0x100 EXP DUP2 SLOAD DUP2 PUSH1 0xFF MUL NOT AND SWAP1 DUP4 ISZERO ISZERO MUL OR SWAP1 SSTORE POP PUSH1 0x0 PUSH1 0xC DUP2 SWAP1 SSTORE POP PUSH1 0x0 PUSH1 0xD PUSH1 0x0 PUSH2 0x100 EXP DUP2 SLOAD DUP2 PUSH20 0xFFFFFFFFFFFFFFFFFFFFFFFFFFFFFFFFFFFFFFFF MUL NOT AND SWAP1 DUP4 PUSH20 0xFFFFFFFFFFFFFFFFFFFFFFFFFFFFFFFFFFFFFFFF AND MUL OR SWAP1 SSTORE POP PUSH2 0x1A3A JUMP JUMPDEST PUSH1 0x0 DUP1 REVERT JUMPDEST POP POP POP POP POP POP POP JUMP JUMPDEST PUSH1 0x0 CALLER DUP3 PUSH1 0x9 PUSH1 0x0 SWAP1 SLOAD SWAP1 PUSH2 0x100 EXP SWAP1 DIV PUSH20 0xFFFFFFFFFFFFFFFFFFFFFFFFFFFFFFFFFFFFFFFF AND PUSH20 0xFFFFFFFFFFFFFFFFFFFFFFFFFFFFFFFFFFFFFFFF AND DUP3 PUSH20 0xFFFFFFFFFFFFFFFFFFFFFFFFFFFFFFFFFFFFFFFF AND EQ ISZERO DUP1 PUSH2 0x1AE2 JUMPI POP DUP1 PUSH1 0x12 PUSH1 0x0 DUP5 PUSH20 0xFFFFFFFFFFFFFFFFFFFFFFFFFFFFFFFFFFFFFFFF AND PUSH20 0xFFFFFFFFFFFFFFFFFFFFFFFFFFFFFFFFFFFFFFFF AND DUP2 MSTORE PUSH1 0x20 ADD SWAP1 DUP2 MSTORE PUSH1 0x20 ADD PUSH1 0x0 KECCAK256 SLOAD GT JUMPDEST ISZERO ISZERO PUSH2 0x1AED JUMPI PUSH1 0x0 DUP1 REVERT JUMPDEST DUP4 PUSH1 0x12 PUSH1 0x0 CALLER PUSH20 0xFFFFFFFFFFFFFFFFFFFFFFFFFFFFFFFFFFFFFFFF AND PUSH20 0xFFFFFFFFFFFFFFFFFFFFFFFFFFFFFFFFFFFFFFFF AND DUP2 MSTORE PUSH1 0x20 ADD SWAP1 DUP2 MSTORE PUSH1 0x20 ADD PUSH1 0x0 KECCAK256 SLOAD LT ISZERO ISZERO PUSH2 0x1BE9 JUMPI DUP4 PUSH1 0x12 PUSH1 0x0 CALLER PUSH20 0xFFFFFFFFFFFFFFFFFFFFFFFFFFFFFFFFFFFFFFFF AND PUSH20 0xFFFFFFFFFFFFFFFFFFFFFFFFFFFFFFFFFFFFFFFF AND DUP2 MSTORE PUSH1 0x20 ADD SWAP1 DUP2 MSTORE PUSH1 0x20 ADD PUSH1 0x0 KECCAK256 PUSH1 0x0 DUP3 DUP3 SLOAD SUB SWAP3 POP POP DUP2 SWAP1 SSTORE POP DUP4 PUSH1 0x2 PUSH1 0x0 DUP3 DUP3 SLOAD SUB SWAP3 POP POP DUP2 SWAP1 SSTORE POP CALLER PUSH20 0xFFFFFFFFFFFFFFFFFFFFFFFFFFFFFFFFFFFFFFFF AND PUSH32 0xCC16F5DBB4873280815C1EE09DBD06736CFFCC184412CF7A71A0FDB75D397CA5 DUP6 PUSH1 0x40 MLOAD DUP1 DUP3 DUP2 MSTORE PUSH1 0x20 ADD SWAP2 POP POP PUSH1 0x40 MLOAD DUP1 SWAP2 SUB SWAP1 LOG2 PUSH1 0x1 SWAP3 POP PUSH2 0x1BEE JUMP JUMPDEST PUSH1 0x0 DUP1 REVERT JUMPDEST POP POP SWAP2 SWAP1 POP JUMP JUMPDEST PUSH1 0xC SLOAD DUP2 JUMP JUMPDEST PUSH1 0x3 DUP1 SLOAD PUSH1 0x1 DUP2 PUSH1 0x1 AND ISZERO PUSH2 0x100 MUL SUB AND PUSH1 0x2 SWAP1 DIV DUP1 PUSH1 0x1F ADD PUSH1 0x20 DUP1 SWAP2 DIV MUL PUSH1 0x20 ADD PUSH1 0x40 MLOAD SWAP1 DUP2 ADD PUSH1 0x40 MSTORE DUP1 SWAP3 SWAP2 SWAP1 DUP2 DUP2 MSTORE PUSH1 0x20 ADD DUP3 DUP1 SLOAD PUSH1 0x1 DUP2 PUSH1 0x1 AND ISZERO PUSH2 0x100 MUL SUB AND PUSH1 0x2 SWAP1 DIV DUP1 ISZERO PUSH2 0x1C91 JUMPI DUP1 PUSH1 0x1F LT PUSH2 0x1C66 JUMPI PUSH2 0x100 DUP1 DUP4 SLOAD DIV MUL DUP4 MSTORE SWAP2 PUSH1 0x20 ADD SWAP2 PUSH2 0x1C91 JUMP JUMPDEST DUP3 ADD SWAP2 SWAP1 PUSH1 0x0 MSTORE PUSH1 0x20 PUSH1 0x0 KECCAK256 SWAP1 JUMPDEST DUP2 SLOAD DUP2 MSTORE SWAP1 PUSH1 0x1 ADD SWAP1 PUSH1 0x20 ADD DUP1 DUP4 GT PUSH2 0x1C74 JUMPI DUP3 SWAP1 SUB PUSH1 0x1F AND DUP3 ADD SWAP2 JUMPDEST POP POP POP POP POP DUP2 JUMP JUMPDEST PUSH1 0xD PUSH1 0x0 SWAP1 SLOAD SWAP1 PUSH2 0x100 EXP SWAP1 DIV PUSH20 0xFFFFFFFFFFFFFFFFFFFFFFFFFFFFFFFFFFFFFFFF AND DUP2 JUMP JUMPDEST PUSH1 0xE SLOAD DUP2 JUMP JUMPDEST PUSH1 0x0 PUSH1 0x12 PUSH1 0x0 DUP4 PUSH20 0xFFFFFFFFFFFFFFFFFFFFFFFFFFFFFFFFFFFFFFFF AND PUSH20 0xFFFFFFFFFFFFFFFFFFFFFFFFFFFFFFFFFFFFFFFF AND DUP2 MSTORE PUSH1 0x20 ADD SWAP1 DUP2 MSTORE PUSH1 0x20 ADD PUSH1 0x0 KECCAK256 SLOAD SWAP1 POP SWAP2 SWAP1 POP JUMP JUMPDEST PUSH1 0x0 DUP3 DUP3 PUSH1 0x9 PUSH1 0x0 SWAP1 SLOAD SWAP1 PUSH2 0x100 EXP SWAP1 DIV PUSH20 0xFFFFFFFFFFFFFFFFFFFFFFFFFFFFFFFFFFFFFFFF AND PUSH20 0xFFFFFFFFFFFFFFFFFFFFFFFFFFFFFFFFFFFFFFFF AND DUP3 PUSH20 0xFFFFFFFFFFFFFFFFFFFFFFFFFFFFFFFFFFFFFFFF AND EQ ISZERO DUP1 PUSH2 0x1DAD JUMPI POP DUP1 PUSH1 0x12 PUSH1 0x0 DUP5 PUSH20 0xFFFFFFFFFFFFFFFFFFFFFFFFFFFFFFFFFFFFFFFF AND PUSH20 0xFFFFFFFFFFFFFFFFFFFFFFFFFFFFFFFFFFFFFFFF AND DUP2 MSTORE PUSH1 0x20 ADD SWAP1 DUP2 MSTORE PUSH1 0x20 ADD PUSH1 0x0 KECCAK256 SLOAD GT JUMPDEST ISZERO ISZERO PUSH2 0x1DB8 JUMPI PUSH1 0x0 DUP1 REVERT JUMPDEST DUP4 PUSH1 0x12 PUSH1 0x0 DUP8 PUSH20 0xFFFFFFFFFFFFFFFFFFFFFFFFFFFFFFFFFFFFFFFF AND PUSH20 0xFFFFFFFFFFFFFFFFFFFFFFFFFFFFFFFFFFFFFFFF AND DUP2 MSTORE PUSH1 0x20 ADD SWAP1 DUP2 MSTORE PUSH1 0x20 ADD PUSH1 0x0 KECCAK256 SLOAD LT ISZERO DUP1 ISZERO PUSH2 0x1E83 JUMPI POP DUP4 PUSH1 0x13 PUSH1 0x0 DUP8 PUSH20 0xFFFFFFFFFFFFFFFFFFFFFFFFFFFFFFFFFFFFFFFF AND PUSH20 0xFFFFFFFFFFFFFFFFFFFFFFFFFFFFFFFFFFFFFFFF AND DUP2 MSTORE PUSH1 0x20 ADD SWAP1 DUP2 MSTORE PUSH1 0x20 ADD PUSH1 0x0 KECCAK256 PUSH1 0x0 CALLER PUSH20 0xFFFFFFFFFFFFFFFFFFFFFFFFFFFFFFFFFFFFFFFF AND PUSH20 0xFFFFFFFFFFFFFFFFFFFFFFFFFFFFFFFFFFFFFFFF AND DUP2 MSTORE PUSH1 0x20 ADD SWAP1 DUP2 MSTORE PUSH1 0x20 ADD PUSH1 0x0 KECCAK256 SLOAD LT ISZERO JUMPDEST ISZERO PUSH2 0x1FC6 JUMPI DUP4 PUSH1 0x12 PUSH1 0x0 DUP8 PUSH20 0xFFFFFFFFFFFFFFFFFFFFFFFFFFFFFFFFFFFFFFFF AND PUSH20 0xFFFFFFFFFFFFFFFFFFFFFFFFFFFFFFFFFFFFFFFF AND DUP2 MSTORE PUSH1 0x20 ADD SWAP1 DUP2 MSTORE PUSH1 0x20 ADD PUSH1 0x0 KECCAK256 PUSH1 0x0 DUP3 DUP3 SLOAD SUB SWAP3 POP POP DUP2 SWAP1 SSTORE POP DUP4 PUSH1 0x13 PUSH1 0x0 DUP8 PUSH20 0xFFFFFFFFFFFFFFFFFFFFFFFFFFFFFFFFFFFFFFFF AND PUSH20 0xFFFFFFFFFFFFFFFFFFFFFFFFFFFFFFFFFFFFFFFF AND DUP2 MSTORE PUSH1 0x20 ADD SWAP1 DUP2 MSTORE PUSH1 0x20 ADD PUSH1 0x0 KECCAK256 PUSH1 0x0 CALLER PUSH20 0xFFFFFFFFFFFFFFFFFFFFFFFFFFFFFFFFFFFFFFFF AND PUSH20 0xFFFFFFFFFFFFFFFFFFFFFFFFFFFFFFFFFFFFFFFF AND DUP2 MSTORE PUSH1 0x20 ADD SWAP1 DUP2 MSTORE PUSH1 0x20 ADD PUSH1 0x0 KECCAK256 PUSH1 0x0 DUP3 DUP3 SLOAD SUB SWAP3 POP POP DUP2 SWAP1 SSTORE POP DUP4 PUSH1 0x2 PUSH1 0x0 DUP3 DUP3 SLOAD SUB SWAP3 POP POP DUP2 SWAP1 SSTORE POP DUP5 PUSH20 0xFFFFFFFFFFFFFFFFFFFFFFFFFFFFFFFFFFFFFFFF AND PUSH32 0xCC16F5DBB4873280815C1EE09DBD06736CFFCC184412CF7A71A0FDB75D397CA5 DUP6 PUSH1 0x40 MLOAD DUP1 DUP3 DUP2 MSTORE PUSH1 0x20 ADD SWAP2 POP POP PUSH1 0x40 MLOAD DUP1 SWAP2 SUB SWAP1 LOG2 PUSH1 0x1 SWAP3 POP PUSH2 0x1FCB JUMP JUMPDEST PUSH1 0x0 DUP1 REVERT JUMPDEST POP POP SWAP3 SWAP2 POP POP JUMP JUMPDEST PUSH1 0x8 SLOAD DUP2 JUMP JUMPDEST PUSH1 0x0 DUP1 SWAP1 SLOAD SWAP1 PUSH2 0x100 EXP SWAP1 DIV PUSH20 0xFFFFFFFFFFFFFFFFFFFFFFFFFFFFFFFFFFFFFFFF AND DUP2 JUMP JUMPDEST PUSH1 0xD PUSH1 0x0 SWAP1 SLOAD SWAP1 PUSH2 0x100 EXP SWAP1 DIV PUSH20 0xFFFFFFFFFFFFFFFFFFFFFFFFFFFFFFFFFFFFFFFF AND DUP1 PUSH20 0xFFFFFFFFFFFFFFFFFFFFFFFFFFFFFFFFFFFFFFFF AND CALLER PUSH20 0xFFFFFFFFFFFFFFFFFFFFFFFFFFFFFFFFFFFFFFFF AND EQ ISZERO ISZERO PUSH2 0x205B JUMPI PUSH1 0x0 DUP1 REVERT JUMPDEST PUSH1 0x10 PUSH1 0x0 SWAP1 SLOAD SWAP1 PUSH2 0x100 EXP SWAP1 DIV PUSH1 0xFF AND DUP1 ISZERO PUSH2 0x207D JUMPI POP PUSH3 0x15180 PUSH1 0xE SLOAD ADD TIMESTAMP GT JUMPDEST ISZERO PUSH2 0x2184 JUMPI PUSH1 0x0 PUSH1 0x10 PUSH1 0x0 PUSH2 0x100 EXP DUP2 SLOAD DUP2 PUSH1 0xFF MUL NOT AND SWAP1 DUP4 ISZERO ISZERO MUL OR SWAP1 SSTORE POP CALLER PUSH20 0xFFFFFFFFFFFFFFFFFFFFFFFFFFFFFFFFFFFFFFFF AND PUSH2 0x8FC PUSH1 0xC SLOAD SWAP1 DUP2 ISZERO MUL SWAP1 PUSH1 0x40 MLOAD PUSH1 0x0 PUSH1 0x40 MLOAD DUP1 DUP4 SUB DUP2 DUP6 DUP9 DUP9 CALL SWAP4 POP POP POP POP ISZERO ISZERO PUSH2 0x20DF JUMPI PUSH1 0x0 DUP1 REVERT JUMPDEST PUSH1 0x0 PUSH1 0xC DUP2 SWAP1 SSTORE POP PUSH1 0x0 PUSH1 0xD PUSH1 0x0 PUSH2 0x100 EXP DUP2 SLOAD DUP2 PUSH20 0xFFFFFFFFFFFFFFFFFFFFFFFFFFFFFFFFFFFFFFFF MUL NOT AND SWAP1 DUP4 PUSH20 0xFFFFFFFFFFFFFFFFFFFFFFFFFFFFFFFFFFFFFFFF AND MUL OR SWAP1 SSTORE POP PUSH32 0x4346962BFCD97CEFE8DE97823C189F0E1549379DEC91BDA8154BCCBD465C9F4F PUSH1 0x0 DUP1 PUSH1 0x40 MLOAD DUP1 DUP4 DUP2 MSTORE PUSH1 0x20 ADD DUP3 PUSH20 0xFFFFFFFFFFFFFFFFFFFFFFFFFFFFFFFFFFFFFFFF AND DUP2 MSTORE PUSH1 0x20 ADD SWAP3 POP POP POP PUSH1 0x40 MLOAD DUP1 SWAP2 SUB SWAP1 LOG1 PUSH2 0x2189 JUMP JUMPDEST PUSH1 0x0 DUP1 REVERT JUMPDEST POP JUMP JUMPDEST PUSH1 0x0 DUP1 SWAP1 SLOAD SWAP1 PUSH2 0x100 EXP SWAP1 DIV PUSH20 0xFFFFFFFFFFFFFFFFFFFFFFFFFFFFFFFFFFFFFFFF AND DUP1 PUSH20 0xFFFFFFFFFFFFFFFFFFFFFFFFFFFFFFFFFFFFFFFF AND CALLER PUSH20 0xFFFFFFFFFFFFFFFFFFFFFFFFFFFFFFFFFFFFFFFF AND EQ ISZERO ISZERO PUSH2 0x21E8 JUMPI PUSH1 0x0 DUP1 REVERT JUMPDEST DUP2 PUSH1 0x0 DUP1 PUSH2 0x100 EXP DUP2 SLOAD DUP2 PUSH20 0xFFFFFFFFFFFFFFFFFFFFFFFFFFFFFFFFFFFFFFFF MUL NOT AND SWAP1 DUP4 PUSH20 0xFFFFFFFFFFFFFFFFFFFFFFFFFFFFFFFFFFFFFFFF AND MUL OR SWAP1 SSTORE POP POP POP JUMP JUMPDEST PUSH1 0x0 CALLER DUP3 PUSH1 0x9 PUSH1 0x0 SWAP1 SLOAD SWAP1 PUSH2 0x100 EXP SWAP1 DIV PUSH20 0xFFFFFFFFFFFFFFFFFFFFFFFFFFFFFFFFFFFFFFFF AND PUSH20 0xFFFFFFFFFFFFFFFFFFFFFFFFFFFFFFFFFFFFFFFF AND DUP3 PUSH20 0xFFFFFFFFFFFFFFFFFFFFFFFFFFFFFFFFFFFFFFFF AND EQ ISZERO DUP1 PUSH2 0x22CB JUMPI POP DUP1 PUSH1 0x12 PUSH1 0x0 DUP5 PUSH20 0xFFFFFFFFFFFFFFFFFFFFFFFFFFFFFFFFFFFFFFFF AND PUSH20 0xFFFFFFFFFFFFFFFFFFFFFFFFFFFFFFFFFFFFFFFF AND DUP2 MSTORE PUSH1 0x20 ADD SWAP1 DUP2 MSTORE PUSH1 0x20 ADD PUSH1 0x0 KECCAK256 SLOAD GT JUMPDEST ISZERO ISZERO PUSH2 0x22D6 JUMPI PUSH1 0x0 DUP1 REVERT JUMPDEST DUP4 PUSH1 0x12 PUSH1 0x0 CALLER PUSH20 0xFFFFFFFFFFFFFFFFFFFFFFFFFFFFFFFFFFFFFFFF AND PUSH20 0xFFFFFFFFFFFFFFFFFFFFFFFFFFFFFFFFFFFFFFFF AND DUP2 MSTORE PUSH1 0x20 ADD SWAP1 DUP2 MSTORE PUSH1 0x20 ADD PUSH1 0x0 KECCAK256 SLOAD LT ISZERO DUP1 ISZERO PUSH2 0x2325 JUMPI POP PUSH1 0x0 DUP5 GT JUMPDEST DUP1 ISZERO PUSH2 0x23B0 JUMPI POP PUSH1 0x12 PUSH1 0x0 DUP7 PUSH20 0xFFFFFFFFFFFFFFFFFFFFFFFFFFFFFFFFFFFFFFFF AND PUSH20 0xFFFFFFFFFFFFFFFFFFFFFFFFFFFFFFFFFFFFFFFF AND DUP2 MSTORE PUSH1 0x20 ADD SWAP1 DUP2 MSTORE PUSH1 0x20 ADD PUSH1 0x0 KECCAK256 SLOAD DUP5 PUSH1 0x12 PUSH1 0x0 DUP9 PUSH20 0xFFFFFFFFFFFFFFFFFFFFFFFFFFFFFFFFFFFFFFFF AND PUSH20 0xFFFFFFFFFFFFFFFFFFFFFFFFFFFFFFFFFFFFFFFF AND DUP2 MSTORE PUSH1 0x20 ADD SWAP1 DUP2 MSTORE PUSH1 0x20 ADD PUSH1 0x0 KECCAK256 SLOAD ADD GT JUMPDEST DUP1 ISZERO PUSH2 0x23D3 JUMPI POP PUSH1 0x0 DUP6 PUSH20 0xFFFFFFFFFFFFFFFFFFFFFFFFFFFFFFFFFFFFFFFF AND EQ ISZERO JUMPDEST ISZERO PUSH2 0x24E0 JUMPI DUP4 PUSH1 0x12 PUSH1 0x0 CALLER PUSH20 0xFFFFFFFFFFFFFFFFFFFFFFFFFFFFFFFFFFFFFFFF AND PUSH20 0xFFFFFFFFFFFFFFFFFFFFFFFFFFFFFFFFFFFFFFFF AND DUP2 MSTORE PUSH1 0x20 ADD SWAP1 DUP2 MSTORE PUSH1 0x20 ADD PUSH1 0x0 KECCAK256 PUSH1 0x0 DUP3 DUP3 SLOAD SUB SWAP3 POP POP DUP2 SWAP1 SSTORE POP DUP4 PUSH1 0x12 PUSH1 0x0 DUP8 PUSH20 0xFFFFFFFFFFFFFFFFFFFFFFFFFFFFFFFFFFFFFFFF AND PUSH20 0xFFFFFFFFFFFFFFFFFFFFFFFFFFFFFFFFFFFFFFFF AND DUP2 MSTORE PUSH1 0x20 ADD SWAP1 DUP2 MSTORE PUSH1 0x20 ADD PUSH1 0x0 KECCAK256 PUSH1 0x0 DUP3 DUP3 SLOAD ADD SWAP3 POP POP DUP2 SWAP1 SSTORE POP DUP5 PUSH20 0xFFFFFFFFFFFFFFFFFFFFFFFFFFFFFFFFFFFFFFFF AND CALLER PUSH20 0xFFFFFFFFFFFFFFFFFFFFFFFFFFFFFFFFFFFFFFFF AND PUSH32 0xDDF252AD1BE2C89B69C2B068FC378DAA952BA7F163C4A11628F55A4DF523B3EF DUP7 PUSH1 0x40 MLOAD DUP1 DUP3 DUP2 MSTORE PUSH1 0x20 ADD SWAP2 POP POP PUSH1 0x40 MLOAD DUP1 SWAP2 SUB SWAP1 LOG3 PUSH1 0x1 SWAP3 POP PUSH2 0x24E5 JUMP JUMPDEST PUSH1 0x0 SWAP3 POP JUMPDEST POP POP SWAP3 SWAP2 POP POP JUMP JUMPDEST PUSH1 0x10 PUSH1 0x0 SWAP1 SLOAD SWAP1 PUSH2 0x100 EXP SWAP1 DIV PUSH1 0xFF AND DUP2 JUMP JUMPDEST PUSH1 0x1 SLOAD DUP2 JUMP JUMPDEST PUSH1 0x14 PUSH1 0x0 SWAP1 SLOAD SWAP1 PUSH2 0x100 EXP SWAP1 DIV PUSH20 0xFFFFFFFFFFFFFFFFFFFFFFFFFFFFFFFFFFFFFFFF AND PUSH20 0xFFFFFFFFFFFFFFFFFFFFFFFFFFFFFFFFFFFFFFFF AND CALLER PUSH20 0xFFFFFFFFFFFFFFFFFFFFFFFFFFFFFFFFFFFFFFFF AND EQ ISZERO DUP1 PUSH2 0x256A JUMPI POP PUSH4 0x1E13380 PUSH1 0xF SLOAD ADD TIMESTAMP GT JUMPDEST ISZERO ISZERO PUSH2 0x2575 JUMPI PUSH1 0x0 DUP1 REVERT JUMPDEST PUSH1 0x8 SLOAD DUP2 LT DUP1 PUSH2 0x2592 JUMPI POP PUSH1 0xB PUSH1 0x0 SWAP1 SLOAD SWAP1 PUSH2 0x100 EXP SWAP1 DIV PUSH1 0xFF AND ISZERO JUMPDEST ISZERO PUSH2 0x26AC JUMPI PUSH1 0xC SLOAD DUP2 GT ISZERO ISZERO PUSH2 0x25AF JUMPI PUSH2 0x25AA PUSH2 0x13AB JUMP JUMPDEST PUSH2 0x26A7 JUMP JUMPDEST PUSH1 0x1 PUSH1 0xB PUSH1 0x0 PUSH2 0x100 EXP DUP2 SLOAD DUP2 PUSH1 0xFF MUL NOT AND SWAP1 DUP4 ISZERO ISZERO MUL OR SWAP1 SSTORE POP DUP1 PUSH1 0x8 DUP2 SWAP1 SSTORE POP CALLER PUSH1 0x9 PUSH1 0x0 PUSH2 0x100 EXP DUP2 SLOAD DUP2 PUSH20 0xFFFFFFFFFFFFFFFFFFFFFFFFFFFFFFFFFFFFFFFF MUL NOT AND SWAP1 DUP4 PUSH20 0xFFFFFFFFFFFFFFFFFFFFFFFFFFFFFFFFFFFFFFFF AND MUL OR SWAP1 SSTORE POP TIMESTAMP PUSH1 0xA DUP2 SWAP1 SSTORE POP PUSH32 0xBC944D9E8A8C453827F94A2839990AFAD090DEB0A4E36FA2FBFCCB10DF9563E8 DUP2 PUSH1 0x9 PUSH1 0x0 SWAP1 SLOAD SWAP1 PUSH2 0x100 EXP SWAP1 DIV PUSH20 0xFFFFFFFFFFFFFFFFFFFFFFFFFFFFFFFFFFFFFFFF AND PUSH1 0x40 MLOAD DUP1 DUP4 DUP2 MSTORE PUSH1 0x20 ADD DUP3 PUSH20 0xFFFFFFFFFFFFFFFFFFFFFFFFFFFFFFFFFFFFFFFF AND PUSH20 0xFFFFFFFFFFFFFFFFFFFFFFFFFFFFFFFFFFFFFFFF AND DUP2 MSTORE PUSH1 0x20 ADD SWAP3 POP POP POP PUSH1 0x40 MLOAD DUP1 SWAP2 SUB SWAP1 LOG1 JUMPDEST PUSH2 0x26B1 JUMP JUMPDEST PUSH1 0x0 DUP1 REVERT JUMPDEST POP JUMP JUMPDEST PUSH1 0x0 DUP1 PUSH1 0x0 DUP1 PUSH1 0xB PUSH1 0x0 SWAP1 SLOAD SWAP1 PUSH2 0x100 EXP SWAP1 DIV PUSH1 0xFF AND DUP1 ISZERO PUSH2 0x26D8 JUMPI POP PUSH1 0x8 SLOAD CALLVALUE LT ISZERO JUMPDEST ISZERO PUSH2 0x2B02 JUMPI PUSH1 0x7 SLOAD PUSH2 0x2710 CALLVALUE DUP2 ISZERO ISZERO PUSH2 0x26ED JUMPI INVALID JUMPDEST DIV MUL SWAP4 POP PUSH1 0x28 CALLVALUE DUP2 ISZERO ISZERO PUSH2 0x26FD JUMPI INVALID JUMPDEST DIV SWAP3 POP DUP3 DUP5 CALLVALUE SUB SUB SWAP2 POP PUSH1 0x0 DUP1 SWAP1 SLOAD SWAP1 PUSH2 0x100 EXP SWAP1 DIV PUSH20 0xFFFFFFFFFFFFFFFFFFFFFFFFFFFFFFFFFFFFFFFF AND PUSH20 0xFFFFFFFFFFFFFFFFFFFFFFFFFFFFFFFFFFFFFFFF AND PUSH2 0x8FC DUP6 SWAP1 DUP2 ISZERO MUL SWAP1 PUSH1 0x40 MLOAD PUSH1 0x0 PUSH1 0x40 MLOAD DUP1 DUP4 SUB DUP2 DUP6 DUP9 DUP9 CALL SWAP4 POP POP POP POP ISZERO ISZERO PUSH2 0x2768 JUMPI PUSH1 0x0 DUP1 REVERT JUMPDEST PUSH1 0x9 PUSH1 0x0 SWAP1 SLOAD SWAP1 PUSH2 0x100 EXP SWAP1 DIV PUSH20 0xFFFFFFFFFFFFFFFFFFFFFFFFFFFFFFFFFFFFFFFF AND PUSH20 0xFFFFFFFFFFFFFFFFFFFFFFFFFFFFFFFFFFFFFFFF AND PUSH2 0x8FC DUP4 SWAP1 DUP2 ISZERO MUL SWAP1 PUSH1 0x40 MLOAD PUSH1 0x0 PUSH1 0x40 MLOAD DUP1 DUP4 SUB DUP2 DUP6 DUP9 DUP9 CALL SWAP4 POP POP POP POP ISZERO ISZERO PUSH2 0x27CA JUMPI PUSH1 0x0 DUP1 REVERT JUMPDEST PUSH1 0x14 PUSH1 0x0 SWAP1 SLOAD SWAP1 PUSH2 0x100 EXP SWAP1 DIV PUSH20 0xFFFFFFFFFFFFFFFFFFFFFFFFFFFFFFFFFFFFFFFF AND PUSH20 0xFFFFFFFFFFFFFFFFFFFFFFFFFFFFFFFFFFFFFFFF AND PUSH2 0x8FC DUP5 SWAP1 DUP2 ISZERO MUL SWAP1 PUSH1 0x40 MLOAD PUSH1 0x0 PUSH1 0x40 MLOAD DUP1 DUP4 SUB DUP2 DUP6 DUP9 DUP9 CALL SWAP4 POP POP POP POP ISZERO ISZERO PUSH2 0x282C JUMPI PUSH1 0x0 DUP1 REVERT JUMPDEST PUSH1 0x12 PUSH1 0x0 PUSH1 0x9 PUSH1 0x0 SWAP1 SLOAD SWAP1 PUSH2 0x100 EXP SWAP1 DIV PUSH20 0xFFFFFFFFFFFFFFFFFFFFFFFFFFFFFFFFFFFFFFFF AND PUSH20 0xFFFFFFFFFFFFFFFFFFFFFFFFFFFFFFFFFFFFFFFF AND PUSH20 0xFFFFFFFFFFFFFFFFFFFFFFFFFFFFFFFFFFFFFFFF AND DUP2 MSTORE PUSH1 0x20 ADD SWAP1 DUP2 MSTORE PUSH1 0x20 ADD PUSH1 0x0 KECCAK256 PUSH1 0x0 DUP2 SLOAD DUP1 SWAP3 SWAP2 SWAP1 PUSH1 0x1 SWAP1 SUB SWAP2 SWAP1 POP SSTORE POP PUSH1 0x12 PUSH1 0x0 CALLER PUSH20 0xFFFFFFFFFFFFFFFFFFFFFFFFFFFFFFFFFFFFFFFF AND PUSH20 0xFFFFFFFFFFFFFFFFFFFFFFFFFFFFFFFFFFFFFFFF AND DUP2 MSTORE PUSH1 0x20 ADD SWAP1 DUP2 MSTORE PUSH1 0x20 ADD PUSH1 0x0 KECCAK256 PUSH1 0x0 DUP2 SLOAD DUP1 SWAP3 SWAP2 SWAP1 PUSH1 0x1 ADD SWAP2 SWAP1 POP SSTORE POP PUSH1 0x14 PUSH1 0x0 SWAP1 SLOAD SWAP1 PUSH2 0x100 EXP SWAP1 DIV PUSH20 0xFFFFFFFFFFFFFFFFFFFFFFFFFFFFFFFFFFFFFFFF AND SWAP1 POP DUP1 PUSH20 0xFFFFFFFFFFFFFFFFFFFFFFFFFFFFFFFFFFFFFFFF AND PUSH4 0x2917F4A CALLER PUSH1 0x2 PUSH1 0x5 CALLVALUE DUP2 ISZERO ISZERO PUSH2 0x293D JUMPI INVALID JUMPDEST DIV MUL PUSH1 0x40 MLOAD DUP4 PUSH4 0xFFFFFFFF AND PUSH29 0x100000000000000000000000000000000000000000000000000000000 MUL DUP2 MSTORE PUSH1 0x4 ADD DUP1 DUP4 PUSH20 0xFFFFFFFFFFFFFFFFFFFFFFFFFFFFFFFFFFFFFFFF AND PUSH20 0xFFFFFFFFFFFFFFFFFFFFFFFFFFFFFFFFFFFFFFFF AND DUP2 MSTORE PUSH1 0x20 ADD DUP3 DUP2 MSTORE PUSH1 0x20 ADD SWAP3 POP POP POP PUSH1 0x0 PUSH1 0x40 MLOAD DUP1 DUP4 SUB DUP2 PUSH1 0x0 DUP8 DUP1 EXTCODESIZE ISZERO ISZERO PUSH2 0x29C3 JUMPI PUSH1 0x0 DUP1 REVERT JUMPDEST PUSH2 0x2C6 GAS SUB CALL ISZERO ISZERO PUSH2 0x29D4 JUMPI PUSH1 0x0 DUP1 REVERT JUMPDEST POP POP POP PUSH32 0xDB852EE7714B577F082327CAD7D10DFC78BA428D105CDDC27EF4BD5205ADB923 PUSH1 0x9 PUSH1 0x0 SWAP1 SLOAD SWAP1 PUSH2 0x100 EXP SWAP1 DIV PUSH20 0xFFFFFFFFFFFFFFFFFFFFFFFFFFFFFFFFFFFFFFFF AND CALLER CALLVALUE PUSH1 0x40 MLOAD DUP1 DUP5 PUSH20 0xFFFFFFFFFFFFFFFFFFFFFFFFFFFFFFFFFFFFFFFF AND PUSH20 0xFFFFFFFFFFFFFFFFFFFFFFFFFFFFFFFFFFFFFFFF AND DUP2 MSTORE PUSH1 0x20 ADD DUP4 PUSH20 0xFFFFFFFFFFFFFFFFFFFFFFFFFFFFFFFFFFFFFFFF AND PUSH20 0xFFFFFFFFFFFFFFFFFFFFFFFFFFFFFFFFFFFFFFFF AND DUP2 MSTORE PUSH1 0x20 ADD DUP3 DUP2 MSTORE PUSH1 0x20 ADD SWAP4 POP POP POP POP PUSH1 0x40 MLOAD DUP1 SWAP2 SUB SWAP1 LOG1 PUSH1 0x0 PUSH1 0xB PUSH1 0x0 PUSH2 0x100 EXP DUP2 SLOAD DUP2 PUSH1 0xFF MUL NOT AND SWAP1 DUP4 ISZERO ISZERO MUL OR SWAP1 SSTORE POP PUSH1 0x0 PUSH1 0x8 DUP2 SWAP1 SSTORE POP PUSH1 0x0 PUSH1 0x9 PUSH1 0x0 PUSH2 0x100 EXP DUP2 SLOAD DUP2 PUSH20 0xFFFFFFFFFFFFFFFFFFFFFFFFFFFFFFFFFFFFFFFF MUL NOT AND SWAP1 DUP4 PUSH20 0xFFFFFFFFFFFFFFFFFFFFFFFFFFFFFFFFFFFFFFFF AND MUL OR SWAP1 SSTORE POP PUSH2 0x2B07 JUMP JUMPDEST PUSH1 0x0 DUP1 REVERT JUMPDEST POP POP POP POP JUMP JUMPDEST PUSH1 0xF SLOAD DUP2 JUMP JUMPDEST PUSH1 0x0 PUSH1 0x13 PUSH1 0x0 DUP5 PUSH20 0xFFFFFFFFFFFFFFFFFFFFFFFFFFFFFFFFFFFFFFFF AND PUSH20 0xFFFFFFFFFFFFFFFFFFFFFFFFFFFFFFFFFFFFFFFF AND DUP2 MSTORE PUSH1 0x20 ADD SWAP1 DUP2 MSTORE PUSH1 0x20 ADD PUSH1 0x0 KECCAK256 PUSH1 0x0 DUP4 PUSH20 0xFFFFFFFFFFFFFFFFFFFFFFFFFFFFFFFFFFFFFFFF AND PUSH20 0xFFFFFFFFFFFFFFFFFFFFFFFFFFFFFFFFFFFFFFFF AND DUP2 MSTORE PUSH1 0x20 ADD SWAP1 DUP2 MSTORE PUSH1 0x20 ADD PUSH1 0x0 KECCAK256 SLOAD SWAP1 POP SWAP3 SWAP2 POP POP JUMP JUMPDEST PUSH1 0x12 PUSH1 0x20 MSTORE DUP1 PUSH1 0x0 MSTORE PUSH1 0x40 PUSH1 0x0 KECCAK256 PUSH1 0x0 SWAP2 POP SWAP1 POP SLOAD DUP2 JUMP JUMPDEST PUSH1 0x9 PUSH1 0x0 SWAP1 SLOAD SWAP1 PUSH2 0x100 EXP SWAP1 DIV PUSH20 0xFFFFFFFFFFFFFFFFFFFFFFFFFFFFFFFFFFFFFFFF AND DUP1 PUSH20 0xFFFFFFFFFFFFFFFFFFFFFFFFFFFFFFFFFFFFFFFF AND CALLER PUSH20 0xFFFFFFFFFFFFFFFFFFFFFFFFFFFFFFFFFFFFFFFF AND EQ ISZERO ISZERO PUSH2 0x2C0F JUMPI PUSH1 0x0 DUP1 REVERT JUMPDEST PUSH1 0xB PUSH1 0x0 SWAP1 SLOAD SWAP1 PUSH2 0x100 EXP SWAP1 DIV PUSH1 0xFF AND DUP1 ISZERO PUSH2 0x2C31 JUMPI POP PUSH3 0x15180 PUSH1 0xA SLOAD ADD TIMESTAMP GT JUMPDEST ISZERO PUSH2 0x2CF6 JUMPI PUSH1 0x0 PUSH1 0xB PUSH1 0x0 PUSH2 0x100 EXP DUP2 SLOAD DUP2 PUSH1 0xFF MUL NOT AND SWAP1 DUP4 ISZERO ISZERO MUL OR SWAP1 SSTORE POP PUSH1 0x0 PUSH1 0x8 DUP2 SWAP1 SSTORE POP PUSH1 0x0 PUSH1 0x9 PUSH1 0x0 PUSH2 0x100 EXP DUP2 SLOAD DUP2 PUSH20 0xFFFFFFFFFFFFFFFFFFFFFFFFFFFFFFFFFFFFFFFF MUL NOT AND SWAP1 DUP4 PUSH20 0xFFFFFFFFFFFFFFFFFFFFFFFFFFFFFFFFFFFFFFFF AND MUL OR SWAP1 SSTORE POP PUSH32 0xBC944D9E8A8C453827F94A2839990AFAD090DEB0A4E36FA2FBFCCB10DF9563E8 PUSH1 0x0 DUP1 PUSH1 0x40 MLOAD DUP1 DUP4 DUP2 MSTORE PUSH1 0x20 ADD DUP3 PUSH20 0xFFFFFFFFFFFFFFFFFFFFFFFFFFFFFFFFFFFFFFFF AND DUP2 MSTORE PUSH1 0x20 ADD SWAP3 POP POP POP PUSH1 0x40 MLOAD DUP1 SWAP2 SUB SWAP1 LOG1 PUSH2 0x2CFB JUMP JUMPDEST PUSH1 0x0 DUP1 REVERT JUMPDEST POP JUMP JUMPDEST PUSH1 0x4 DUP1 SLOAD PUSH1 0x1 DUP2 PUSH1 0x1 AND ISZERO PUSH2 0x100 MUL SUB AND PUSH1 0x2 SWAP1 DIV DUP1 PUSH1 0x1F ADD PUSH1 0x20 DUP1 SWAP2 DIV MUL PUSH1 0x20 ADD PUSH1 0x40 MLOAD SWAP1 DUP2 ADD PUSH1 0x40 MSTORE DUP1 SWAP3 SWAP2 SWAP1 DUP2 DUP2 MSTORE PUSH1 0x20 ADD DUP3 DUP1 SLOAD PUSH1 0x1 DUP2 PUSH1 0x1 AND ISZERO PUSH2 0x100 MUL SUB AND PUSH1 0x2 SWAP1 DIV DUP1 ISZERO PUSH2 0x2D94 JUMPI DUP1 PUSH1 0x1F LT PUSH2 0x2D69 JUMPI PUSH2 0x100 DUP1 DUP4 SLOAD DIV MUL DUP4 MSTORE SWAP2 PUSH1 0x20 ADD SWAP2 PUSH2 0x2D94 JUMP JUMPDEST DUP3 ADD SWAP2 SWAP1 PUSH1 0x0 MSTORE PUSH1 0x20 PUSH1 0x0 KECCAK256 SWAP1 JUMPDEST DUP2 SLOAD DUP2 MSTORE SWAP1 PUSH1 0x1 ADD SWAP1 PUSH1 0x20 ADD DUP1 DUP4 GT PUSH2 0x2D77 JUMPI DUP3 SWAP1 SUB PUSH1 0x1F AND DUP3 ADD SWAP2 JUMPDEST POP POP POP POP POP DUP2 JUMP JUMPDEST PUSH1 0xC SLOAD CALLVALUE GT DUP1 PUSH2 0x2DC6 JUMPI POP PUSH1 0xB PUSH1 0x0 SWAP1 SLOAD SWAP1 PUSH2 0x100 EXP SWAP1 DIV PUSH1 0xFF AND DUP1 ISZERO PUSH2 0x2DC5 JUMPI POP PUSH1 0x8 SLOAD CALLVALUE LT ISZERO JUMPDEST JUMPDEST ISZERO PUSH2 0x2F72 JUMPI PUSH1 0x10 PUSH1 0x0 SWAP1 SLOAD SWAP1 PUSH2 0x100 EXP SWAP1 DIV PUSH1 0xFF AND ISZERO PUSH2 0x2E45 JUMPI PUSH1 0xD PUSH1 0x0 SWAP1 SLOAD SWAP1 PUSH2 0x100 EXP SWAP1 DIV PUSH20 0xFFFFFFFFFFFFFFFFFFFFFFFFFFFFFFFFFFFFFFFF AND PUSH20 0xFFFFFFFFFFFFFFFFFFFFFFFFFFFFFFFFFFFFFFFF AND PUSH2 0x8FC PUSH1 0xC SLOAD SWAP1 DUP2 ISZERO MUL SWAP1 PUSH1 0x40 MLOAD PUSH1 0x0 PUSH1 0x40 MLOAD DUP1 DUP4 SUB DUP2 DUP6 DUP9 DUP9 CALL SWAP4 POP POP POP POP ISZERO ISZERO PUSH2 0x2E44 JUMPI PUSH1 0x0 DUP1 REVERT JUMPDEST JUMPDEST PUSH1 0xB PUSH1 0x0 SWAP1 SLOAD SWAP1 PUSH2 0x100 EXP SWAP1 DIV PUSH1 0xFF AND DUP1 ISZERO PUSH2 0x2E63 JUMPI POP PUSH1 0x8 SLOAD CALLVALUE LT ISZERO JUMPDEST ISZERO PUSH2 0x2E75 JUMPI PUSH2 0x2E70 PUSH2 0x26B4 JUMP JUMPDEST PUSH2 0x2F6D JUMP JUMPDEST PUSH1 0x1 PUSH1 0x10 PUSH1 0x0 PUSH2 0x100 EXP DUP2 SLOAD DUP2 PUSH1 0xFF MUL NOT AND SWAP1 DUP4 ISZERO ISZERO MUL OR SWAP1 SSTORE POP CALLVALUE PUSH1 0xC DUP2 SWAP1 SSTORE POP CALLER PUSH1 0xD PUSH1 0x0 PUSH2 0x100 EXP DUP2 SLOAD DUP2 PUSH20 0xFFFFFFFFFFFFFFFFFFFFFFFFFFFFFFFFFFFFFFFF MUL NOT AND SWAP1 DUP4 PUSH20 0xFFFFFFFFFFFFFFFFFFFFFFFFFFFFFFFFFFFFFFFF AND MUL OR SWAP1 SSTORE POP TIMESTAMP PUSH1 0xE DUP2 SWAP1 SSTORE POP PUSH32 0x4346962BFCD97CEFE8DE97823C189F0E1549379DEC91BDA8154BCCBD465C9F4F CALLVALUE PUSH1 0xD PUSH1 0x0 SWAP1 SLOAD SWAP1 PUSH2 0x100 EXP SWAP1 DIV PUSH20 0xFFFFFFFFFFFFFFFFFFFFFFFFFFFFFFFFFFFFFFFF AND PUSH1 0x40 MLOAD DUP1 DUP4 DUP2 MSTORE PUSH1 0x20 ADD DUP3 PUSH20 0xFFFFFFFFFFFFFFFFFFFFFFFFFFFFFFFFFFFFFFFF AND PUSH20 0xFFFFFFFFFFFFFFFFFFFFFFFFFFFFFFFFFFFFFFFF AND DUP2 MSTORE PUSH1 0x20 ADD SWAP3 POP POP POP PUSH1 0x40 MLOAD DUP1 SWAP2 SUB SWAP1 LOG1 JUMPDEST PUSH2 0x2F77 JUMP JUMPDEST PUSH1 0x0 DUP1 REVERT JUMPDEST JUMP JUMPDEST PUSH1 0x2 SLOAD DUP2 JUMP JUMPDEST PUSH1 0xA SLOAD DUP2 JUMP JUMPDEST DUP3 DUP1 SLOAD PUSH1 0x1 DUP2 PUSH1 0x1 AND ISZERO PUSH2 0x100 MUL SUB AND PUSH1 0x2 SWAP1 DIV SWAP1 PUSH1 0x0 MSTORE PUSH1 0x20 PUSH1 0x0 KECCAK256 SWAP1 PUSH1 0x1F ADD PUSH1 0x20 SWAP1 DIV DUP2 ADD SWAP3 DUP3 PUSH1 0x1F LT PUSH2 0x2FC6 JUMPI DUP1 MLOAD PUSH1 0xFF NOT AND DUP4 DUP1 ADD OR DUP6 SSTORE PUSH2 0x2FF4 JUMP JUMPDEST DUP3 DUP1 ADD PUSH1 0x1 ADD DUP6 SSTORE DUP3 ISZERO PUSH2 0x2FF4 JUMPI SWAP2 DUP3 ADD JUMPDEST DUP3 DUP2 GT ISZERO PUSH2 0x2FF3 JUMPI DUP3 MLOAD DUP3 SSTORE SWAP2 PUSH1 0x20 ADD SWAP2 SWAP1 PUSH1 0x1 ADD SWAP1 PUSH2 0x2FD8 JUMP JUMPDEST JUMPDEST POP SWAP1 POP PUSH2 0x3001 SWAP2 SWAP1 PUSH2 0x3005 JUMP JUMPDEST POP SWAP1 JUMP JUMPDEST PUSH2 0x3027 SWAP2 SWAP1 JUMPDEST DUP1 DUP3 GT ISZERO PUSH2 0x3023 JUMPI PUSH1 0x0 DUP2 PUSH1 0x0 SWAP1 SSTORE POP PUSH1 0x1 ADD PUSH2 0x300B JUMP JUMPDEST POP SWAP1 JUMP JUMPDEST SWAP1 JUMP STOP LOG1 PUSH6 0x627A7A723058 KECCAK256 0xe DUP1 SWAP15 0xa7 0xad ISZERO 0xf7 0xd1 0x4f 0xde PUSH4 0x30C9DF SLOAD 0x5c LOG1 0xdf ADD 0x1f BALANCE LOG2 0xb3 GAS PUSH1 0x2D EXTCODECOPY PUSH1 0x8A CREATE2 SWAP12 STOP 0x29
1,PUSH1 0x60 PUSH1 0x40 MSTORE CALLVALUE ISZERO PUSH3 0x10 JUMPI PUSH1 0x0 DUP1 REVERT JUMPDEST PUSH11 0x108B2A2C28029094000000 PUSH1 0x5 PUSH1 0x0 CALLER PUSH20 0xFFFFFFFFFFFFFFFFFFFFFFFFFFFFFFFFFFFFFFFF AND PUSH20 0xFFFFFFFFFFFFFFFFFFFFFFFFFFFFFFFFFFFFFFFF AND DUP2 MSTORE PUSH1 0x20 ADD SWAP1 DUP2 MSTORE PUSH1 0x20 ADD PUSH1 0x0 KECCAK256 DUP2 SWAP1 SSTORE POP PUSH11 0x108B2A2C28029094000000 PUSH1 0x3 DUP2 SWAP1 SSTORE POP PUSH1 0x40 DUP1 MLOAD SWAP1 DUP2 ADD PUSH1 0x40 MSTORE DUP1 PUSH1 0x7 DUP2 MSTORE PUSH1 0x20 ADD PUSH32 0x424954584F584F00000000000000000000000000000000000000000000000000 DUP2 MSTORE POP PUSH1 0x0 SWAP1 DUP1 MLOAD SWAP1 PUSH1 0x20 ADD SWAP1 PUSH3 0xBE SWAP3 SWAP2 SWAP1 PUSH3 0x170 JUMP JUMPDEST POP PUSH1 0x40 DUP1 MLOAD SWAP1 DUP2 ADD PUSH1 0x40 MSTORE DUP1 PUSH1 0x4 DUP2 MSTORE PUSH1 0x20 ADD PUSH32 0x584F584F00000000000000000000000000000000000000000000000000000000 DUP2 MSTORE POP PUSH1 0x1 SWAP1 DUP1 MLOAD SWAP1 PUSH1 0x20 ADD SWAP1 PUSH3 0x10C SWAP3 SWAP2 SWAP1 PUSH3 0x170 JUMP JUMPDEST POP PUSH1 0x12 PUSH1 0x2 PUSH1 0x0 PUSH2 0x100 EXP DUP2 SLOAD DUP2 PUSH1 0xFF MUL NOT AND SWAP1 DUP4 PUSH1 0xFF AND MUL OR SWAP1 SSTORE POP CALLER PUSH1 0x4 PUSH1 0x0 PUSH2 0x100 EXP DUP2 SLOAD DUP2 PUSH20 0xFFFFFFFFFFFFFFFFFFFFFFFFFFFFFFFFFFFFFFFF MUL NOT AND SWAP1 DUP4 PUSH20 0xFFFFFFFFFFFFFFFFFFFFFFFFFFFFFFFFFFFFFFFF AND MUL OR SWAP1 SSTORE POP PUSH3 0x21F JUMP JUMPDEST DUP3 DUP1 SLOAD PUSH1 0x1 DUP2 PUSH1 0x1 AND ISZERO PUSH2 0x100 MUL SUB AND PUSH1 0x2 SWAP1 DIV SWAP1 PUSH1 0x0 MSTORE PUSH1 0x20 PUSH1 0x0 KECCAK256 SWAP1 PUSH1 0x1F ADD PUSH1 0x20 SWAP1 DIV DUP2 ADD SWAP3 DUP3 PUSH1 0x1F LT PUSH3 0x1B3 JUMPI DUP1 MLOAD PUSH1 0xFF NOT AND DUP4 DUP1 ADD OR DUP6 SSTORE PUSH3 0x1E4 JUMP JUMPDEST DUP3 DUP1 ADD PUSH1 0x1 ADD DUP6 SSTORE DUP3 ISZERO PUSH3 0x1E4 JUMPI SWAP2 DUP3 ADD JUMPDEST DUP3 DUP2 GT ISZERO PUSH3 0x1E3 JUMPI DUP3 MLOAD DUP3 SSTORE SWAP2 PUSH1 0x20 ADD SWAP2 SWAP1 PUSH1 0x1 ADD SWAP1 PUSH3 0x1C6 JUMP JUMPDEST JUMPDEST POP SWAP1 POP PUSH3 0x1F3 SWAP2 SWAP1 PUSH3 0x1F7 JUMP JUMPDEST POP SWAP1 JUMP JUMPDEST PUSH3 0x21C SWAP2 SWAP1 JUMPDEST DUP1 DUP3 GT ISZERO PUSH3 0x218 JUMPI PUSH1 0x0 DUP2 PUSH1 0x0 SWAP1 SSTORE POP PUSH1 0x1 ADD PUSH3 0x1FE JUMP JUMPDEST POP SWAP1 JUMP JUMPDEST SWAP1 JUMP JUMPDEST PUSH2 0x1425 DUP1 PUSH3 0x22F PUSH1 0x0 CODECOPY PUSH1 0x0 RETURN STOP PUSH1 0x60 PUSH1 0x40 MSTORE PUSH1 0x4 CALLDATASIZE LT PUSH2 0xC5 JUMPI PUSH1 0x0 CALLDATALOAD PUSH29 0x100000000000000000000000000000000000000000000000000000000 SWAP1 DIV PUSH4 0xFFFFFFFF AND DUP1 PUSH4 0x6FDDE03 EQ PUSH2 0xC7 JUMPI DUP1 PUSH4 0x95EA7B3 EQ PUSH2 0x155 JUMPI DUP1 PUSH4 0x18160DDD EQ PUSH2 0x1AF JUMPI DUP1 PUSH4 0x23B872DD EQ PUSH2 0x1D8 JUMPI DUP1 PUSH4 0x313CE567 EQ PUSH2 0x251 JUMPI DUP1 PUSH4 0x3BED33CE EQ PUSH2 0x280 JUMPI DUP1 PUSH4 0x659DE63B EQ PUSH2 0x2A3 JUMPI DUP1 PUSH4 0x70A08231 EQ PUSH2 0x33D JUMPI DUP1 PUSH4 0x8DA5CB5B EQ PUSH2 0x38A JUMPI DUP1 PUSH4 0x95D89B41 EQ PUSH2 0x3DF JUMPI DUP1 PUSH4 0xA9059CBB EQ PUSH2 0x46D JUMPI DUP1 PUSH4 0xDD62ED3E EQ PUSH2 0x4AF JUMPI DUP1 PUSH4 0xF2FDE38B EQ PUSH2 0x51B JUMPI JUMPDEST STOP JUMPDEST CALLVALUE ISZERO PUSH2 0xD2 JUMPI PUSH1 0x0 DUP1 REVERT JUMPDEST PUSH2 0xDA PUSH2 0x554 JUMP JUMPDEST PUSH1 0x40 MLOAD DUP1 DUP1 PUSH1 0x20 ADD DUP3 DUP2 SUB DUP3 MSTORE DUP4 DUP2 DUP2 MLOAD DUP2 MSTORE PUSH1 0x20 ADD SWAP2 POP DUP1 MLOAD SWAP1 PUSH1 0x20 ADD SWAP1 DUP1 DUP4 DUP4 PUSH1 0x0 JUMPDEST DUP4 DUP2 LT ISZERO PUSH2 0x11A JUMPI DUP1 DUP3 ADD MLOAD DUP2 DUP5 ADD MSTORE PUSH1 0x20 DUP2 ADD SWAP1 POP PUSH2 0xFF JUMP JUMPDEST POP POP POP POP SWAP1 POP SWAP1 DUP2 ADD SWAP1 PUSH1 0x1F AND DUP1 ISZERO PUSH2 0x147 JUMPI DUP1 DUP3 SUB DUP1 MLOAD PUSH1 0x1 DUP4 PUSH1 0x20 SUB PUSH2 0x100 EXP SUB NOT AND DUP2 MSTORE PUSH1 0x20 ADD SWAP2 POP JUMPDEST POP SWAP3 POP POP POP PUSH1 0x40 MLOAD DUP1 SWAP2 SUB SWAP1 RETURN JUMPDEST CALLVALUE ISZERO PUSH2 0x160 JUMPI PUSH1 0x0 DUP1 REVERT JUMPDEST PUSH2 0x195 PUSH1 0x4 DUP1 DUP1 CALLDATALOAD PUSH20 0xFFFFFFFFFFFFFFFFFFFFFFFFFFFFFFFFFFFFFFFF AND SWAP1 PUSH1 0x20 ADD SWAP1 SWAP2 SWAP1 DUP1 CALLDATALOAD SWAP1 PUSH1 0x20 ADD SWAP1 SWAP2 SWAP1 POP POP PUSH2 0x5F2 JUMP JUMPDEST PUSH1 0x40 MLOAD DUP1 DUP3 ISZERO ISZERO ISZERO ISZERO DUP2 MSTORE PUSH1 0x20 ADD SWAP2 POP POP PUSH1 0x40 MLOAD DUP1 SWAP2 SUB SWAP1 RETURN JUMPDEST CALLVALUE ISZERO PUSH2 0x1BA JUMPI PUSH1 0x0 DUP1 REVERT JUMPDEST PUSH2 0x1C2 PUSH2 0x68D JUMP JUMPDEST PUSH1 0x40 MLOAD DUP1 DUP3 DUP2 MSTORE PUSH1 0x20 ADD SWAP2 POP POP PUSH1 0x40 MLOAD DUP1 SWAP2 SUB SWAP1 RETURN JUMPDEST CALLVALUE ISZERO PUSH2 0x1E3 JUMPI PUSH1 0x0 DUP1 REVERT JUMPDEST PUSH2 0x237 PUSH1 0x4 DUP1 DUP1 CALLDATALOAD PUSH20 0xFFFFFFFFFFFFFFFFFFFFFFFFFFFFFFFFFFFFFFFF AND SWAP1 PUSH1 0x20 ADD SWAP1 SWAP2 SWAP1 DUP1 CALLDATALOAD PUSH20 0xFFFFFFFFFFFFFFFFFFFFFFFFFFFFFFFFFFFFFFFF AND SWAP1 PUSH1 0x20 ADD SWAP1 SWAP2 SWAP1 DUP1 CALLDATALOAD SWAP1 PUSH1 0x20 ADD SWAP1 SWAP2 SWAP1 POP POP PUSH2 0x693 JUMP JUMPDEST PUSH1 0x40 MLOAD DUP1 DUP3 ISZERO ISZERO ISZERO ISZERO DUP2 MSTORE PUSH1 0x20 ADD SWAP2 POP POP PUSH1 0x40 MLOAD DUP1 SWAP2 SUB SWAP1 RETURN JUMPDEST CALLVALUE ISZERO PUSH2 0x25C JUMPI PUSH1 0x0 DUP1 REVERT JUMPDEST PUSH2 0x264 PUSH2 0xAB7 JUMP JUMPDEST PUSH1 0x40 MLOAD DUP1 DUP3 PUSH1 0xFF AND PUSH1 0xFF AND DUP2 MSTORE PUSH1 0x20 ADD SWAP2 POP POP PUSH1 0x40 MLOAD DUP1 SWAP2 SUB SWAP1 RETURN JUMPDEST CALLVALUE ISZERO PUSH2 0x28B JUMPI PUSH1 0x0 DUP1 REVERT JUMPDEST PUSH2 0x2A1 PUSH1 0x4 DUP1 DUP1 CALLDATALOAD SWAP1 PUSH1 0x20 ADD SWAP1 SWAP2 SWAP1 POP POP PUSH2 0xACA JUMP JUMPDEST STOP JUMPDEST CALLVALUE ISZERO PUSH2 0x2AE JUMPI PUSH1 0x0 DUP1 REVERT JUMPDEST PUSH2 0x33B PUSH1 0x4 DUP1 DUP1 CALLDATALOAD SWAP1 PUSH1 0x20 ADD SWAP1 DUP3 ADD DUP1 CALLDATALOAD SWAP1 PUSH1 0x20 ADD SWAP1 DUP1 DUP1 PUSH1 0x20 MUL PUSH1 0x20 ADD PUSH1 0x40 MLOAD SWAP1 DUP2 ADD PUSH1 0x40 MSTORE DUP1 SWAP4 SWAP3 SWAP2 SWAP1 DUP2 DUP2 MSTORE PUSH1 0x20 ADD DUP4 DUP4 PUSH1 0x20 MUL DUP1 DUP3 DUP5 CALLDATACOPY DUP3 ADD SWAP2 POP POP POP POP POP POP SWAP2 SWAP1 DUP1 CALLDATALOAD SWAP1 PUSH1 0x20 ADD SWAP1 DUP3 ADD DUP1 CALLDATALOAD SWAP1 PUSH1 0x20 ADD SWAP1 DUP1 DUP1 PUSH1 0x20 MUL PUSH1 0x20 ADD PUSH1 0x40 MLOAD SWAP1 DUP2 ADD PUSH1 0x40 MSTORE DUP1 SWAP4 SWAP3 SWAP2 SWAP1 DUP2 DUP2 MSTORE PUSH1 0x20 ADD DUP4 DUP4 PUSH1 0x20 MUL DUP1 DUP3 DUP5 CALLDATACOPY DUP3 ADD SWAP2 POP POP POP POP POP POP SWAP2 SWAP1 POP POP PUSH2 0xB8B JUMP JUMPDEST STOP JUMPDEST CALLVALUE ISZERO PUSH2 0x348 JUMPI PUSH1 0x0 DUP1 REVERT JUMPDEST PUSH2 0x374 PUSH1 0x4 DUP1 DUP1 CALLDATALOAD PUSH20 0xFFFFFFFFFFFFFFFFFFFFFFFFFFFFFFFFFFFFFFFF AND SWAP1 PUSH1 0x20 ADD SWAP1 SWAP2 SWAP1 POP POP PUSH2 0xD7B JUMP JUMPDEST PUSH1 0x40 MLOAD DUP1 DUP3 DUP2 MSTORE PUSH1 0x20 ADD SWAP2 POP POP PUSH1 0x40 MLOAD DUP1 SWAP2 SUB SWAP1 RETURN JUMPDEST CALLVALUE ISZERO PUSH2 0x395 JUMPI PUSH1 0x0 DUP1 REVERT JUMPDEST PUSH2 0x39D PUSH2 0xD93 JUMP JUMPDEST PUSH1 0x40 MLOAD DUP1 DUP3 PUSH20 0xFFFFFFFFFFFFFFFFFFFFFFFFFFFFFFFFFFFFFFFF AND PUSH20 0xFFFFFFFFFFFFFFFFFFFFFFFFFFFFFFFFFFFFFFFF AND DUP2 MSTORE PUSH1 0x20 ADD SWAP2 POP POP PUSH1 0x40 MLOAD DUP1 SWAP2 SUB SWAP1 RETURN JUMPDEST CALLVALUE ISZERO PUSH2 0x3EA JUMPI PUSH1 0x0 DUP1 REVERT JUMPDEST PUSH2 0x3F2 PUSH2 0xDB9 JUMP JUMPDEST PUSH1 0x40 MLOAD DUP1 DUP1 PUSH1 0x20 ADD DUP3 DUP2 SUB DUP3 MSTORE DUP4 DUP2 DUP2 MLOAD DUP2 MSTORE PUSH1 0x20 ADD SWAP2 POP DUP1 MLOAD SWAP1 PUSH1 0x20 ADD SWAP1 DUP1 DUP4 DUP4 PUSH1 0x0 JUMPDEST DUP4 DUP2 LT ISZERO PUSH2 0x432 JUMPI DUP1 DUP3 ADD MLOAD DUP2 DUP5 ADD MSTORE PUSH1 0x20 DUP2 ADD SWAP1 POP PUSH2 0x417 JUMP JUMPDEST POP POP POP POP SWAP1 POP SWAP1 DUP2 ADD SWAP1 PUSH1 0x1F AND DUP1 ISZERO PUSH2 0x45F JUMPI DUP1 DUP3 SUB DUP1 MLOAD PUSH1 0x1 DUP4 PUSH1 0x20 SUB PUSH2 0x100 EXP SUB NOT AND DUP2 MSTORE PUSH1 0x20 ADD SWAP2 POP JUMPDEST POP SWAP3 POP POP POP PUSH1 0x40 MLOAD DUP1 SWAP2 SUB SWAP1 RETURN JUMPDEST CALLVALUE ISZERO PUSH2 0x478 JUMPI PUSH1 0x0 DUP1 REVERT JUMPDEST PUSH2 0x4AD PUSH1 0x4 DUP1 DUP1 CALLDATALOAD PUSH20 0xFFFFFFFFFFFFFFFFFFFFFFFFFFFFFFFFFFFFFFFF AND SWAP1 PUSH1 0x20 ADD SWAP1 SWAP2 SWAP1 DUP1 CALLDATALOAD SWAP1 PUSH1 0x20 ADD SWAP1 SWAP2 SWAP1 POP POP PUSH2 0xE57 JUMP JUMPDEST STOP JUMPDEST CALLVALUE ISZERO PUSH2 0x4BA JUMPI PUSH1 0x0 DUP1 REVERT JUMPDEST PUSH2 0x505 PUSH1 0x4 DUP1 DUP1 CALLDATALOAD PUSH20 0xFFFFFFFFFFFFFFFFFFFFFFFFFFFFFFFFFFFFFFFF AND SWAP1 PUSH1 0x20 ADD SWAP1 SWAP2 SWAP1 DUP1 CALLDATALOAD PUSH20 0xFFFFFFFFFFFFFFFFFFFFFFFFFFFFFFFFFFFFFFFF AND SWAP1 PUSH1 0x20 ADD SWAP1 SWAP2 SWAP1 POP POP PUSH2 0x10E4 JUMP JUMPDEST PUSH1 0x40 MLOAD DUP1 DUP3 DUP2 MSTORE PUSH1 0x20 ADD SWAP2 POP POP PUSH1 0x40 MLOAD DUP1 SWAP2 SUB SWAP1 RETURN JUMPDEST CALLVALUE ISZERO PUSH2 0x526 JUMPI PUSH1 0x0 DUP1 REVERT JUMPDEST PUSH2 0x552 PUSH1 0x4 DUP1 DUP1 CALLDATALOAD PUSH20 0xFFFFFFFFFFFFFFFFFFFFFFFFFFFFFFFFFFFFFFFF AND SWAP1 PUSH1 0x20 ADD SWAP1 SWAP2 SWAP1 POP POP PUSH2 0x1109 JUMP JUMPDEST STOP JUMPDEST PUSH1 0x0 DUP1 SLOAD PUSH1 0x1 DUP2 PUSH1 0x1 AND ISZERO PUSH2 0x100 MUL SUB AND PUSH1 0x2 SWAP1 DIV DUP1 PUSH1 0x1F ADD PUSH1 0x20 DUP1 SWAP2 DIV MUL PUSH1 0x20 ADD PUSH1 0x40 MLOAD SWAP1 DUP2 ADD PUSH1 0x40 MSTORE DUP1 SWAP3 SWAP2 SWAP1 DUP2 DUP2 MSTORE PUSH1 0x20 ADD DUP3 DUP1 SLOAD PUSH1 0x1 DUP2 PUSH1 0x1 AND ISZERO PUSH2 0x100 MUL SUB AND PUSH1 0x2 SWAP1 DIV DUP1 ISZERO PUSH2 0x5EA JUMPI DUP1 PUSH1 0x1F LT PUSH2 0x5BF JUMPI PUSH2 0x100 DUP1 DUP4 SLOAD DIV MUL DUP4 MSTORE SWAP2 PUSH1 0x20 ADD SWAP2 PUSH2 0x5EA JUMP JUMPDEST DUP3 ADD SWAP2 SWAP1 PUSH1 0x0 MSTORE PUSH1 0x20 PUSH1 0x0 KECCAK256 SWAP1 JUMPDEST DUP2 SLOAD DUP2 MSTORE SWAP1 PUSH1 0x1 ADD SWAP1 PUSH1 0x20 ADD DUP1 DUP4 GT PUSH2 0x5CD JUMPI DUP3 SWAP1 SUB PUSH1 0x1F AND DUP3 ADD SWAP2 JUMPDEST POP POP POP POP POP DUP2 JUMP JUMPDEST PUSH1 0x0 DUP1 DUP3 GT ISZERO ISZERO PUSH2 0x602 JUMPI PUSH1 0x0 DUP1 REVERT JUMPDEST DUP2 PUSH1 0x6 PUSH1 0x0 CALLER PUSH20 0xFFFFFFFFFFFFFFFFFFFFFFFFFFFFFFFFFFFFFFFF AND PUSH20 0xFFFFFFFFFFFFFFFFFFFFFFFFFFFFFFFFFFFFFFFF AND DUP2 MSTORE PUSH1 0x20 ADD SWAP1 DUP2 MSTORE PUSH1 0x20 ADD PUSH1 0x0 KECCAK256 PUSH1 0x0 DUP6 PUSH20 0xFFFFFFFFFFFFFFFFFFFFFFFFFFFFFFFFFFFFFFFF AND PUSH20 0xFFFFFFFFFFFFFFFFFFFFFFFFFFFFFFFFFFFFFFFF AND DUP2 MSTORE PUSH1 0x20 ADD SWAP1 DUP2 MSTORE PUSH1 0x20 ADD PUSH1 0x0 KECCAK256 DUP2 SWAP1 SSTORE POP PUSH1 0x1 SWAP1 POP SWAP3 SWAP2 POP POP JUMP JUMPDEST PUSH1 0x3 SLOAD DUP2 JUMP JUMPDEST PUSH1 0x0 DUP1 DUP4 PUSH20 0xFFFFFFFFFFFFFFFFFFFFFFFFFFFFFFFFFFFFFFFF AND EQ ISZERO PUSH2 0x6B8 JUMPI PUSH1 0x0 DUP1 REVERT JUMPDEST PUSH1 0x0 DUP3 GT ISZERO ISZERO PUSH2 0x6C7 JUMPI PUSH1 0x0 DUP1 REVERT JUMPDEST DUP2 PUSH1 0x5 PUSH1 0x0 DUP7 PUSH20 0xFFFFFFFFFFFFFFFFFFFFFFFFFFFFFFFFFFFFFFFF AND PUSH20 0xFFFFFFFFFFFFFFFFFFFFFFFFFFFFFFFFFFFFFFFF AND DUP2 MSTORE PUSH1 0x20 ADD SWAP1 DUP2 MSTORE PUSH1 0x20 ADD PUSH1 0x0 KECCAK256 SLOAD LT ISZERO PUSH2 0x713 JUMPI PUSH1 0x0 DUP1 REVERT JUMPDEST PUSH1 0x5 PUSH1 0x0 DUP5 PUSH20 0xFFFFFFFFFFFFFFFFFFFFFFFFFFFFFFFFFFFFFFFF AND PUSH20 0xFFFFFFFFFFFFFFFFFFFFFFFFFFFFFFFFFFFFFFFF AND DUP2 MSTORE PUSH1 0x20 ADD SWAP1 DUP2 MSTORE PUSH1 0x20 ADD PUSH1 0x0 KECCAK256 SLOAD DUP3 PUSH1 0x5 PUSH1 0x0 DUP7 PUSH20 0xFFFFFFFFFFFFFFFFFFFFFFFFFFFFFFFFFFFFFFFF AND PUSH20 0xFFFFFFFFFFFFFFFFFFFFFFFFFFFFFFFFFFFFFFFF AND DUP2 MSTORE PUSH1 0x20 ADD SWAP1 DUP2 MSTORE PUSH1 0x20 ADD PUSH1 0x0 KECCAK256 SLOAD ADD LT ISZERO PUSH2 0x7A0 JUMPI PUSH1 0x0 DUP1 REVERT JUMPDEST PUSH1 0x6 PUSH1 0x0 DUP6 PUSH20 0xFFFFFFFFFFFFFFFFFFFFFFFFFFFFFFFFFFFFFFFF AND PUSH20 0xFFFFFFFFFFFFFFFFFFFFFFFFFFFFFFFFFFFFFFFF AND DUP2 MSTORE PUSH1 0x20 ADD SWAP1 DUP2 MSTORE PUSH1 0x20 ADD PUSH1 0x0 KECCAK256 PUSH1 0x0 CALLER PUSH20 0xFFFFFFFFFFFFFFFFFFFFFFFFFFFFFFFFFFFFFFFF AND PUSH20 0xFFFFFFFFFFFFFFFFFFFFFFFFFFFFFFFFFFFFFFFF AND DUP2 MSTORE PUSH1 0x20 ADD SWAP1 DUP2 MSTORE PUSH1 0x20 ADD PUSH1 0x0 KECCAK256 SLOAD DUP3 GT ISZERO PUSH2 0x829 JUMPI PUSH1 0x0 DUP1 REVERT JUMPDEST PUSH2 0x872 PUSH1 0x5 PUSH1 0x0 DUP7 PUSH20 0xFFFFFFFFFFFFFFFFFFFFFFFFFFFFFFFFFFFFFFFF AND PUSH20 0xFFFFFFFFFFFFFFFFFFFFFFFFFFFFFFFFFFFFFFFF AND DUP2 MSTORE PUSH1 0x20 ADD SWAP1 DUP2 MSTORE PUSH1 0x20 ADD PUSH1 0x0 KECCAK256 SLOAD DUP4 PUSH2 0x13A7 JUMP JUMPDEST PUSH1 0x5 PUSH1 0x0 DUP7 PUSH20 0xFFFFFFFFFFFFFFFFFFFFFFFFFFFFFFFFFFFFFFFF AND PUSH20 0xFFFFFFFFFFFFFFFFFFFFFFFFFFFFFFFFFFFFFFFF AND DUP2 MSTORE PUSH1 0x20 ADD SWAP1 DUP2 MSTORE PUSH1 0x20 ADD PUSH1 0x0 KECCAK256 DUP2 SWAP1 SSTORE POP PUSH2 0x8FE PUSH1 0x5 PUSH1 0x0 DUP6 PUSH20 0xFFFFFFFFFFFFFFFFFFFFFFFFFFFFFFFFFFFFFFFF AND PUSH20 0xFFFFFFFFFFFFFFFFFFFFFFFFFFFFFFFFFFFFFFFF AND DUP2 MSTORE PUSH1 0x20 ADD SWAP1 DUP2 MSTORE PUSH1 0x20 ADD PUSH1 0x0 KECCAK256 SLOAD DUP4 PUSH2 0x13C0 JUMP JUMPDEST PUSH1 0x5 PUSH1 0x0 DUP6 PUSH20 0xFFFFFFFFFFFFFFFFFFFFFFFFFFFFFFFFFFFFFFFF AND PUSH20 0xFFFFFFFFFFFFFFFFFFFFFFFFFFFFFFFFFFFFFFFF AND DUP2 MSTORE PUSH1 0x20 ADD SWAP1 DUP2 MSTORE PUSH1 0x20 ADD PUSH1 0x0 KECCAK256 DUP2 SWAP1 SSTORE POP PUSH2 0x9C7 PUSH1 0x6 PUSH1 0x0 DUP7 PUSH20 0xFFFFFFFFFFFFFFFFFFFFFFFFFFFFFFFFFFFFFFFF AND PUSH20 0xFFFFFFFFFFFFFFFFFFFFFFFFFFFFFFFFFFFFFFFF AND DUP2 MSTORE PUSH1 0x20 ADD SWAP1 DUP2 MSTORE PUSH1 0x20 ADD PUSH1 0x0 KECCAK256 PUSH1 0x0 CALLER PUSH20 0xFFFFFFFFFFFFFFFFFFFFFFFFFFFFFFFFFFFFFFFF AND PUSH20 0xFFFFFFFFFFFFFFFFFFFFFFFFFFFFFFFFFFFFFFFF AND DUP2 MSTORE PUSH1 0x20 ADD SWAP1 DUP2 MSTORE PUSH1 0x20 ADD PUSH1 0x0 KECCAK256 SLOAD DUP4 PUSH2 0x13A7 JUMP JUMPDEST PUSH1 0x6 PUSH1 0x0 DUP7 PUSH20 0xFFFFFFFFFFFFFFFFFFFFFFFFFFFFFFFFFFFFFFFF AND PUSH20 0xFFFFFFFFFFFFFFFFFFFFFFFFFFFFFFFFFFFFFFFF AND DUP2 MSTORE PUSH1 0x20 ADD SWAP1 DUP2 MSTORE PUSH1 0x20 ADD PUSH1 0x0 KECCAK256 PUSH1 0x0 CALLER PUSH20 0xFFFFFFFFFFFFFFFFFFFFFFFFFFFFFFFFFFFFFFFF AND PUSH20 0xFFFFFFFFFFFFFFFFFFFFFFFFFFFFFFFFFFFFFFFF AND DUP2 MSTORE PUSH1 0x20 ADD SWAP1 DUP2 MSTORE PUSH1 0x20 ADD PUSH1 0x0 KECCAK256 DUP2 SWAP1 SSTORE POP DUP3 PUSH20 0xFFFFFFFFFFFFFFFFFFFFFFFFFFFFFFFFFFFFFFFF AND DUP5 PUSH20 0xFFFFFFFFFFFFFFFFFFFFFFFFFFFFFFFFFFFFFFFF AND PUSH32 0xDDF252AD1BE2C89B69C2B068FC378DAA952BA7F163C4A11628F55A4DF523B3EF DUP5 PUSH1 0x40 MLOAD DUP1 DUP3 DUP2 MSTORE PUSH1 0x20 ADD SWAP2 POP POP PUSH1 0x40 MLOAD DUP1 SWAP2 SUB SWAP1 LOG3 PUSH1 0x1 SWAP1 POP SWAP4 SWAP3 POP POP POP JUMP JUMPDEST PUSH1 0x2 PUSH1 0x0 SWAP1 SLOAD SWAP1 PUSH2 0x100 EXP SWAP1 DIV PUSH1 0xFF AND DUP2 JUMP JUMPDEST PUSH1 0x4 PUSH1 0x0 SWAP1 SLOAD SWAP1 PUSH2 0x100 EXP SWAP1 DIV PUSH20 0xFFFFFFFFFFFFFFFFFFFFFFFFFFFFFFFFFFFFFFFF AND PUSH20 0xFFFFFFFFFFFFFFFFFFFFFFFFFFFFFFFFFFFFFFFF AND CALLER PUSH20 0xFFFFFFFFFFFFFFFFFFFFFFFFFFFFFFFFFFFFFFFF AND EQ ISZERO ISZERO PUSH2 0xB26 JUMPI PUSH1 0x0 DUP1 REVERT JUMPDEST PUSH1 0x4 PUSH1 0x0 SWAP1 SLOAD SWAP1 PUSH2 0x100 EXP SWAP1 DIV PUSH20 0xFFFFFFFFFFFFFFFFFFFFFFFFFFFFFFFFFFFFFFFF AND PUSH20 0xFFFFFFFFFFFFFFFFFFFFFFFFFFFFFFFFFFFFFFFF AND PUSH2 0x8FC DUP3 SWAP1 DUP2 ISZERO MUL SWAP1 PUSH1 0x40 MLOAD PUSH1 0x0 PUSH1 0x40 MLOAD DUP1 DUP4 SUB DUP2 DUP6 DUP9 DUP9 CALL SWAP4 POP POP POP POP ISZERO ISZERO PUSH2 0xB88 JUMPI PUSH1 0x0 DUP1 REVERT JUMPDEST POP JUMP JUMPDEST PUSH1 0x0 PUSH1 0x4 PUSH1 0x0 SWAP1 SLOAD SWAP1 PUSH2 0x100 EXP SWAP1 DIV PUSH20 0xFFFFFFFFFFFFFFFFFFFFFFFFFFFFFFFFFFFFFFFF AND PUSH20 0xFFFFFFFFFFFFFFFFFFFFFFFFFFFFFFFFFFFFFFFF AND CALLER PUSH20 0xFFFFFFFFFFFFFFFFFFFFFFFFFFFFFFFFFFFFFFFF AND EQ ISZERO ISZERO PUSH2 0xBE9 JUMPI PUSH1 0x0 DUP1 REVERT JUMPDEST PUSH1 0x0 SWAP1 POP JUMPDEST DUP3 MLOAD DUP2 LT ISZERO PUSH2 0xD76 JUMPI DUP2 DUP2 DUP2 MLOAD DUP2 LT ISZERO ISZERO PUSH2 0xC05 JUMPI INVALID JUMPDEST SWAP1 PUSH1 0x20 ADD SWAP1 PUSH1 0x20 MUL ADD MLOAD PUSH1 0x5 PUSH1 0x0 CALLER PUSH20 0xFFFFFFFFFFFFFFFFFFFFFFFFFFFFFFFFFFFFFFFF AND PUSH20 0xFFFFFFFFFFFFFFFFFFFFFFFFFFFFFFFFFFFFFFFF AND DUP2 MSTORE PUSH1 0x20 ADD SWAP1 DUP2 MSTORE PUSH1 0x20 ADD PUSH1 0x0 KECCAK256 PUSH1 0x0 DUP3 DUP3 SLOAD SUB SWAP3 POP POP DUP2 SWAP1 SSTORE POP DUP2 DUP2 DUP2 MLOAD DUP2 LT ISZERO ISZERO PUSH2 0xC69 JUMPI INVALID JUMPDEST SWAP1 PUSH1 0x20 ADD SWAP1 PUSH1 0x20 MUL ADD MLOAD PUSH1 0x5 PUSH1 0x0 DUP6 DUP5 DUP2 MLOAD DUP2 LT ISZERO ISZERO PUSH2 0xC85 JUMPI INVALID JUMPDEST SWAP1 PUSH1 0x20 ADD SWAP1 PUSH1 0x20 MUL ADD MLOAD PUSH20 0xFFFFFFFFFFFFFFFFFFFFFFFFFFFFFFFFFFFFFFFF AND PUSH20 0xFFFFFFFFFFFFFFFFFFFFFFFFFFFFFFFFFFFFFFFF AND DUP2 MSTORE PUSH1 0x20 ADD SWAP1 DUP2 MSTORE PUSH1 0x20 ADD PUSH1 0x0 KECCAK256 PUSH1 0x0 DUP3 DUP3 SLOAD ADD SWAP3 POP POP DUP2 SWAP1 SSTORE POP DUP3 DUP2 DUP2 MLOAD DUP2 LT ISZERO ISZERO PUSH2 0xCE4 JUMPI INVALID JUMPDEST SWAP1 PUSH1 0x20 ADD SWAP1 PUSH1 0x20 MUL ADD MLOAD PUSH20 0xFFFFFFFFFFFFFFFFFFFFFFFFFFFFFFFFFFFFFFFF AND CALLER PUSH20 0xFFFFFFFFFFFFFFFFFFFFFFFFFFFFFFFFFFFFFFFF AND PUSH32 0xDDF252AD1BE2C89B69C2B068FC378DAA952BA7F163C4A11628F55A4DF523B3EF DUP5 DUP5 DUP2 MLOAD DUP2 LT ISZERO ISZERO PUSH2 0xD4A JUMPI INVALID JUMPDEST SWAP1 PUSH1 0x20 ADD SWAP1 PUSH1 0x20 MUL ADD MLOAD PUSH1 0x40 MLOAD DUP1 DUP3 DUP2 MSTORE PUSH1 0x20 ADD SWAP2 POP POP PUSH1 0x40 MLOAD DUP1 SWAP2 SUB SWAP1 LOG3 DUP1 DUP1 PUSH1 0x1 ADD SWAP2 POP POP PUSH2 0xBEE JUMP JUMPDEST POP POP POP JUMP JUMPDEST PUSH1 0x5 PUSH1 0x20 MSTORE DUP1 PUSH1 0x0 MSTORE PUSH1 0x40 PUSH1 0x0 KECCAK256 PUSH1 0x0 SWAP2 POP SWAP1 POP SLOAD DUP2 JUMP JUMPDEST PUSH1 0x4 PUSH1 0x0 SWAP1 SLOAD SWAP1 PUSH2 0x100 EXP SWAP1 DIV PUSH20 0xFFFFFFFFFFFFFFFFFFFFFFFFFFFFFFFFFFFFFFFF AND DUP2 JUMP JUMPDEST PUSH1 0x1 DUP1 SLOAD PUSH1 0x1 DUP2 PUSH1 0x1 AND ISZERO PUSH2 0x100 MUL SUB AND PUSH1 0x2 SWAP1 DIV DUP1 PUSH1 0x1F ADD PUSH1 0x20 DUP1 SWAP2 DIV MUL PUSH1 0x20 ADD PUSH1 0x40 MLOAD SWAP1 DUP2 ADD PUSH1 0x40 MSTORE DUP1 SWAP3 SWAP2 SWAP1 DUP2 DUP2 MSTORE PUSH1 0x20 ADD DUP3 DUP1 SLOAD PUSH1 0x1 DUP2 PUSH1 0x1 AND ISZERO PUSH2 0x100 MUL SUB AND PUSH1 0x2 SWAP1 DIV DUP1 ISZERO PUSH2 0xE4F JUMPI DUP1 PUSH1 0x1F LT PUSH2 0xE24 JUMPI PUSH2 0x100 DUP1 DUP4 SLOAD DIV MUL DUP4 MSTORE SWAP2 PUSH1 0x20 ADD SWAP2 PUSH2 0xE4F JUMP JUMPDEST DUP3 ADD SWAP2 SWAP1 PUSH1 0x0 MSTORE PUSH1 0x20 PUSH1 0x0 KECCAK256 SWAP1 JUMPDEST DUP2 SLOAD DUP2 MSTORE SWAP1 PUSH1 0x1 ADD SWAP1 PUSH1 0x20 ADD DUP1 DUP4 GT PUSH2 0xE32 JUMPI DUP3 SWAP1 SUB PUSH1 0x1F AND DUP3 ADD SWAP2 JUMPDEST POP POP POP POP POP DUP2 JUMP JUMPDEST PUSH1 0x0 DUP3 PUSH20 0xFFFFFFFFFFFFFFFFFFFFFFFFFFFFFFFFFFFFFFFF AND EQ ISZERO PUSH2 0xE7B JUMPI PUSH1 0x0 DUP1 REVERT JUMPDEST PUSH1 0x0 DUP2 GT ISZERO ISZERO PUSH2 0xE8A JUMPI PUSH1 0x0 DUP1 REVERT JUMPDEST DUP1 PUSH1 0x5 PUSH1 0x0 CALLER PUSH20 0xFFFFFFFFFFFFFFFFFFFFFFFFFFFFFFFFFFFFFFFF AND PUSH20 0xFFFFFFFFFFFFFFFFFFFFFFFFFFFFFFFFFFFFFFFF AND DUP2 MSTORE PUSH1 0x20 ADD SWAP1 DUP2 MSTORE PUSH1 0x20 ADD PUSH1 0x0 KECCAK256 SLOAD LT ISZERO PUSH2 0xED6 JUMPI PUSH1 0x0 DUP1 REVERT JUMPDEST PUSH1 0x5 PUSH1 0x0 DUP4 PUSH20 0xFFFFFFFFFFFFFFFFFFFFFFFFFFFFFFFFFFFFFFFF AND PUSH20 0xFFFFFFFFFFFFFFFFFFFFFFFFFFFFFFFFFFFFFFFF AND DUP2 MSTORE PUSH1 0x20 ADD SWAP1 DUP2 MSTORE PUSH1 0x20 ADD PUSH1 0x0 KECCAK256 SLOAD DUP2 PUSH1 0x5 PUSH1 0x0 DUP6 PUSH20 0xFFFFFFFFFFFFFFFFFFFFFFFFFFFFFFFFFFFFFFFF AND PUSH20 0xFFFFFFFFFFFFFFFFFFFFFFFFFFFFFFFFFFFFFFFF AND DUP2 MSTORE PUSH1 0x20 ADD SWAP1 DUP2 MSTORE PUSH1 0x20 ADD PUSH1 0x0 KECCAK256 SLOAD ADD LT ISZERO PUSH2 0xF63 JUMPI PUSH1 0x0 DUP1 REVERT JUMPDEST PUSH2 0xFAC PUSH1 0x5 PUSH1 0x0 CALLER PUSH20 0xFFFFFFFFFFFFFFFFFFFFFFFFFFFFFFFFFFFFFFFF AND PUSH20 0xFFFFFFFFFFFFFFFFFFFFFFFFFFFFFFFFFFFFFFFF AND DUP2 MSTORE PUSH1 0x20 ADD SWAP1 DUP2 MSTORE PUSH1 0x20 ADD PUSH1 0x0 KECCAK256 SLOAD DUP3 PUSH2 0x13A7 JUMP JUMPDEST PUSH1 0x5 PUSH1 0x0 CALLER PUSH20 0xFFFFFFFFFFFFFFFFFFFFFFFFFFFFFFFFFFFFFFFF AND PUSH20 0xFFFFFFFFFFFFFFFFFFFFFFFFFFFFFFFFFFFFFFFF AND DUP2 MSTORE PUSH1 0x20 ADD SWAP1 DUP2 MSTORE PUSH1 0x20 ADD PUSH1 0x0 KECCAK256 DUP2 SWAP1 SSTORE POP PUSH2 0x1038 PUSH1 0x5 PUSH1 0x0 DUP5 PUSH20 0xFFFFFFFFFFFFFFFFFFFFFFFFFFFFFFFFFFFFFFFF AND PUSH20 0xFFFFFFFFFFFFFFFFFFFFFFFFFFFFFFFFFFFFFFFF AND DUP2 MSTORE PUSH1 0x20 ADD SWAP1 DUP2 MSTORE PUSH1 0x20 ADD PUSH1 0x0 KECCAK256 SLOAD DUP3 PUSH2 0x13C0 JUMP JUMPDEST PUSH1 0x5 PUSH1 0x0 DUP5 PUSH20 0xFFFFFFFFFFFFFFFFFFFFFFFFFFFFFFFFFFFFFFFF AND PUSH20 0xFFFFFFFFFFFFFFFFFFFFFFFFFFFFFFFFFFFFFFFF AND DUP2 MSTORE PUSH1 0x20 ADD SWAP1 DUP2 MSTORE PUSH1 0x20 ADD PUSH1 0x0 KECCAK256 DUP2 SWAP1 SSTORE POP DUP2 PUSH20 0xFFFFFFFFFFFFFFFFFFFFFFFFFFFFFFFFFFFFFFFF AND CALLER PUSH20 0xFFFFFFFFFFFFFFFFFFFFFFFFFFFFFFFFFFFFFFFF AND PUSH32 0xDDF252AD1BE2C89B69C2B068FC378DAA952BA7F163C4A11628F55A4DF523B3EF DUP4 PUSH1 0x40 MLOAD DUP1 DUP3 DUP2 MSTORE PUSH1 0x20 ADD SWAP2 POP POP PUSH1 0x40 MLOAD DUP1 SWAP2 SUB SWAP1 LOG3 POP POP JUMP JUMPDEST PUSH1 0x6 PUSH1 0x20 MSTORE DUP2 PUSH1 0x0 MSTORE PUSH1 0x40 PUSH1 0x0 KECCAK256 PUSH1 0x20 MSTORE DUP1 PUSH1 0x0 MSTORE PUSH1 0x40 PUSH1 0x0 KECCAK256 PUSH1 0x0 SWAP2 POP SWAP2 POP POP SLOAD DUP2 JUMP JUMPDEST PUSH1 0x0 PUSH1 0x4 PUSH1 0x0 SWAP1 SLOAD SWAP1 PUSH2 0x100 EXP SWAP1 DIV PUSH20 0xFFFFFFFFFFFFFFFFFFFFFFFFFFFFFFFFFFFFFFFF AND PUSH20 0xFFFFFFFFFFFFFFFFFFFFFFFFFFFFFFFFFFFFFFFF AND CALLER PUSH20 0xFFFFFFFFFFFFFFFFFFFFFFFFFFFFFFFFFFFFFFFF AND EQ ISZERO ISZERO PUSH2 0x1167 JUMPI PUSH1 0x0 DUP1 REVERT JUMPDEST PUSH1 0x0 PUSH20 0xFFFFFFFFFFFFFFFFFFFFFFFFFFFFFFFFFFFFFFFF AND DUP3 PUSH20 0xFFFFFFFFFFFFFFFFFFFFFFFFFFFFFFFFFFFFFFFF AND EQ ISZERO ISZERO ISZERO PUSH2 0x11A3 JUMPI PUSH1 0x0 DUP1 REVERT JUMPDEST PUSH1 0x5 PUSH1 0x0 CALLER PUSH20 0xFFFFFFFFFFFFFFFFFFFFFFFFFFFFFFFFFFFFFFFF AND PUSH20 0xFFFFFFFFFFFFFFFFFFFFFFFFFFFFFFFFFFFFFFFF AND DUP2 MSTORE PUSH1 0x20 ADD SWAP1 DUP2 MSTORE PUSH1 0x20 ADD PUSH1 0x0 KECCAK256 SLOAD SWAP1 POP PUSH2 0x122E PUSH1 0x5 PUSH1 0x0 DUP5 PUSH20 0xFFFFFFFFFFFFFFFFFFFFFFFFFFFFFFFFFFFFFFFF AND PUSH20 0xFFFFFFFFFFFFFFFFFFFFFFFFFFFFFFFFFFFFFFFF AND DUP2 MSTORE PUSH1 0x20 ADD SWAP1 DUP2 MSTORE PUSH1 0x20 ADD PUSH1 0x0 KECCAK256 SLOAD DUP3 PUSH2 0x13C0 JUMP JUMPDEST PUSH1 0x5 PUSH1 0x0 DUP5 PUSH20 0xFFFFFFFFFFFFFFFFFFFFFFFFFFFFFFFFFFFFFFFF AND PUSH20 0xFFFFFFFFFFFFFFFFFFFFFFFFFFFFFFFFFFFFFFFF AND DUP2 MSTORE PUSH1 0x20 ADD SWAP1 DUP2 MSTORE PUSH1 0x20 ADD PUSH1 0x0 KECCAK256 DUP2 SWAP1 SSTORE POP PUSH2 0x12BA PUSH1 0x5 PUSH1 0x0 CALLER PUSH20 0xFFFFFFFFFFFFFFFFFFFFFFFFFFFFFFFFFFFFFFFF AND PUSH20 0xFFFFFFFFFFFFFFFFFFFFFFFFFFFFFFFFFFFFFFFF AND DUP2 MSTORE PUSH1 0x20 ADD SWAP1 DUP2 MSTORE PUSH1 0x20 ADD PUSH1 0x0 KECCAK256 SLOAD DUP3 PUSH2 0x13A7 JUMP JUMPDEST PUSH1 0x5 PUSH1 0x0 CALLER PUSH20 0xFFFFFFFFFFFFFFFFFFFFFFFFFFFFFFFFFFFFFFFF AND PUSH20 0xFFFFFFFFFFFFFFFFFFFFFFFFFFFFFFFFFFFFFFFF AND DUP2 MSTORE PUSH1 0x20 ADD SWAP1 DUP2 MSTORE PUSH1 0x20 ADD PUSH1 0x0 KECCAK256 DUP2 SWAP1 SSTORE POP DUP2 PUSH20 0xFFFFFFFFFFFFFFFFFFFFFFFFFFFFFFFFFFFFFFFF AND CALLER PUSH20 0xFFFFFFFFFFFFFFFFFFFFFFFFFFFFFFFFFFFFFFFF AND PUSH32 0xDDF252AD1BE2C89B69C2B068FC378DAA952BA7F163C4A11628F55A4DF523B3EF DUP4 PUSH1 0x40 MLOAD DUP1 DUP3 DUP2 MSTORE PUSH1 0x20 ADD SWAP2 POP POP PUSH1 0x40 MLOAD DUP1 SWAP2 SUB SWAP1 LOG3 DUP2 PUSH1 0x4 PUSH1 0x0 PUSH2 0x100 EXP DUP2 SLOAD DUP2 PUSH20 0xFFFFFFFFFFFFFFFFFFFFFFFFFFFFFFFFFFFFFFFF MUL NOT AND SWAP1 DUP4 PUSH20 0xFFFFFFFFFFFFFFFFFFFFFFFFFFFFFFFFFFFFFFFF AND MUL OR SWAP1 SSTORE POP POP POP JUMP JUMPDEST PUSH1 0x0 PUSH2 0x13B5 DUP4 DUP4 GT ISZERO PUSH2 0x13EA JUMP JUMPDEST DUP2 DUP4 SUB SWAP1 POP SWAP3 SWAP2 POP POP JUMP JUMPDEST PUSH1 0x0 DUP1 DUP3 DUP5 ADD SWAP1 POP PUSH2 0x13E0 DUP5 DUP3 LT ISZERO DUP1 ISZERO PUSH2 0x13DB JUMPI POP DUP4 DUP3 LT ISZERO JUMPDEST PUSH2 0x13EA JUMP JUMPDEST DUP1 SWAP2 POP POP SWAP3 SWAP2 POP POP JUMP JUMPDEST DUP1 ISZERO ISZERO PUSH2 0x13F6 JUMPI PUSH1 0x0 DUP1 REVERT JUMPDEST POP JUMP STOP LOG1 PUSH6 0x627A7A723058 KECCAK256 0xc5 DUP8 0xe5 LOG2 SWAP2 DUP2 0x47 0x23 0xd8 0x26 0xb3 0xe0 DUP5 NUMBER PUSH31 0x5927E1E580B680F9770A2CD744531383870029000000000000000000000000
1,PUSH1 0x60 PUSH1 0x40 MSTORE CALLVALUE ISZERO PUSH2 0xF JUMPI PUSH1 0x0 DUP1 REVERT JUMPDEST PUSH1 0x40 MLOAD PUSH1 0x20 DUP1 PUSH2 0xFF7 DUP4 CODECOPY DUP2 ADD PUSH1 0x40 MSTORE DUP1 DUP1 MLOAD SWAP1 PUSH1 0x20 ADD SWAP1 SWAP2 SWAP1 POP POP CALLER PUSH1 0x0 DUP1 PUSH2 0x100 EXP DUP2 SLOAD DUP2 PUSH20 0xFFFFFFFFFFFFFFFFFFFFFFFFFFFFFFFFFFFFFFFF MUL NOT AND SWAP1 DUP4 PUSH20 0xFFFFFFFFFFFFFFFFFFFFFFFFFFFFFFFFFFFFFFFF AND MUL OR SWAP1 SSTORE POP PUSH1 0x1 DUP1 SLOAD DUP1 PUSH1 0x1 ADD DUP3 DUP2 PUSH2 0x7F SWAP2 SWAP1 PUSH2 0x117 JUMP JUMPDEST SWAP2 PUSH1 0x0 MSTORE PUSH1 0x20 PUSH1 0x0 KECCAK256 SWAP1 ADD PUSH1 0x0 DUP1 PUSH1 0x0 SWAP1 SLOAD SWAP1 PUSH2 0x100 EXP SWAP1 DIV PUSH20 0xFFFFFFFFFFFFFFFFFFFFFFFFFFFFFFFFFFFFFFFF AND SWAP1 SWAP2 SWAP1 SWAP2 PUSH2 0x100 EXP DUP2 SLOAD DUP2 PUSH20 0xFFFFFFFFFFFFFFFFFFFFFFFFFFFFFFFFFFFFFFFF MUL NOT AND SWAP1 DUP4 PUSH20 0xFFFFFFFFFFFFFFFFFFFFFFFFFFFFFFFFFFFFFFFF AND MUL OR SWAP1 SSTORE POP POP PUSH1 0x0 PUSH1 0x2 PUSH1 0x0 PUSH2 0x100 EXP DUP2 SLOAD DUP2 PUSH1 0xFF MUL NOT AND SWAP1 DUP4 ISZERO ISZERO MUL OR SWAP1 SSTORE POP DUP1 PUSH1 0x5 DUP2 SWAP1 SSTORE POP POP PUSH2 0x168 JUMP JUMPDEST DUP2 SLOAD DUP2 DUP4 SSTORE DUP2 DUP2 ISZERO GT PUSH2 0x13E JUMPI DUP2 DUP4 PUSH1 0x0 MSTORE PUSH1 0x20 PUSH1 0x0 KECCAK256 SWAP2 DUP3 ADD SWAP2 ADD PUSH2 0x13D SWAP2 SWAP1 PUSH2 0x143 JUMP JUMPDEST JUMPDEST POP POP POP JUMP JUMPDEST PUSH2 0x165 SWAP2 SWAP1 JUMPDEST DUP1 DUP3 GT ISZERO PUSH2 0x161 JUMPI PUSH1 0x0 DUP2 PUSH1 0x0 SWAP1 SSTORE POP PUSH1 0x1 ADD PUSH2 0x149 JUMP JUMPDEST POP SWAP1 JUMP JUMPDEST SWAP1 JUMP JUMPDEST PUSH2 0xE80 DUP1 PUSH2 0x177 PUSH1 0x0 CODECOPY PUSH1 0x0 RETURN STOP PUSH1 0x60 PUSH1 0x40 MSTORE PUSH1 0x4 CALLDATASIZE LT PUSH2 0xAF JUMPI PUSH1 0x0 CALLDATALOAD PUSH29 0x100000000000000000000000000000000000000000000000000000000 SWAP1 DIV PUSH4 0xFFFFFFFF AND DUP1 PUSH4 0x1D833AAE EQ PUSH2 0xB4 JUMPI DUP1 PUSH4 0x3F4BA83A EQ PUSH2 0x12B JUMPI DUP1 PUSH4 0x57A858FC EQ PUSH2 0x140 JUMPI DUP1 PUSH4 0x69FE0E2D EQ PUSH2 0x1A3 JUMPI DUP1 PUSH4 0x703EB724 EQ PUSH2 0x1C6 JUMPI DUP1 PUSH4 0x8456CB59 EQ PUSH2 0x1FF JUMPI DUP1 PUSH4 0x8DA5CB5B EQ PUSH2 0x214 JUMPI DUP1 PUSH4 0xC3D073FF EQ PUSH2 0x269 JUMPI DUP1 PUSH4 0xCB92042C EQ PUSH2 0x2B6 JUMPI DUP1 PUSH4 0xD4E93292 EQ PUSH2 0x2EF JUMPI DUP1 PUSH4 0xDDCA3F43 EQ PUSH2 0x304 JUMPI JUMPDEST PUSH1 0x0 DUP1 REVERT JUMPDEST PUSH2 0x129 PUSH1 0x4 DUP1 DUP1 CALLDATALOAD PUSH20 0xFFFFFFFFFFFFFFFFFFFFFFFFFFFFFFFFFFFFFFFF AND SWAP1 PUSH1 0x20 ADD SWAP1 SWAP2 SWAP1 DUP1 CALLDATALOAD SWAP1 PUSH1 0x20 ADD SWAP1 DUP3 ADD DUP1 CALLDATALOAD SWAP1 PUSH1 0x20 ADD SWAP1 DUP1 DUP1 PUSH1 0x20 MUL PUSH1 0x20 ADD PUSH1 0x40 MLOAD SWAP1 DUP2 ADD PUSH1 0x40 MSTORE DUP1 SWAP4 SWAP3 SWAP2 SWAP1 DUP2 DUP2 MSTORE PUSH1 0x20 ADD DUP4 DUP4 PUSH1 0x20 MUL DUP1 DUP3 DUP5 CALLDATACOPY DUP3 ADD SWAP2 POP POP POP POP POP POP SWAP2 SWAP1 DUP1 CALLDATALOAD SWAP1 PUSH1 0x20 ADD SWAP1 SWAP2 SWAP1 POP POP PUSH2 0x32D JUMP JUMPDEST STOP JUMPDEST CALLVALUE ISZERO PUSH2 0x136 JUMPI PUSH1 0x0 DUP1 REVERT JUMPDEST PUSH2 0x13E PUSH2 0x689 JUMP JUMPDEST STOP JUMPDEST CALLVALUE ISZERO PUSH2 0x14B JUMPI PUSH1 0x0 DUP1 REVERT JUMPDEST PUSH2 0x161 PUSH1 0x4 DUP1 DUP1 CALLDATALOAD SWAP1 PUSH1 0x20 ADD SWAP1 SWAP2 SWAP1 POP POP PUSH2 0x701 JUMP JUMPDEST PUSH1 0x40 MLOAD DUP1 DUP3 PUSH20 0xFFFFFFFFFFFFFFFFFFFFFFFFFFFFFFFFFFFFFFFF AND PUSH20 0xFFFFFFFFFFFFFFFFFFFFFFFFFFFFFFFFFFFFFFFF AND DUP2 MSTORE PUSH1 0x20 ADD SWAP2 POP POP PUSH1 0x40 MLOAD DUP1 SWAP2 SUB SWAP1 RETURN JUMPDEST CALLVALUE ISZERO PUSH2 0x1AE JUMPI PUSH1 0x0 DUP1 REVERT JUMPDEST PUSH2 0x1C4 PUSH1 0x4 DUP1 DUP1 CALLDATALOAD SWAP1 PUSH1 0x20 ADD SWAP1 SWAP2 SWAP1 POP POP PUSH2 0x740 JUMP JUMPDEST STOP JUMPDEST CALLVALUE ISZERO PUSH2 0x1D1 JUMPI PUSH1 0x0 DUP1 REVERT JUMPDEST PUSH2 0x1FD PUSH1 0x4 DUP1 DUP1 CALLDATALOAD PUSH20 0xFFFFFFFFFFFFFFFFFFFFFFFFFFFFFFFFFFFFFFFF AND SWAP1 PUSH1 0x20 ADD SWAP1 SWAP2 SWAP1 POP POP PUSH2 0x7A5 JUMP JUMPDEST STOP JUMPDEST CALLVALUE ISZERO PUSH2 0x20A JUMPI PUSH1 0x0 DUP1 REVERT JUMPDEST PUSH2 0x212 PUSH2 0x8FC JUMP JUMPDEST STOP JUMPDEST CALLVALUE ISZERO PUSH2 0x21F JUMPI PUSH1 0x0 DUP1 REVERT JUMPDEST PUSH2 0x227 PUSH2 0x974 JUMP JUMPDEST PUSH1 0x40 MLOAD DUP1 DUP3 PUSH20 0xFFFFFFFFFFFFFFFFFFFFFFFFFFFFFFFFFFFFFFFF AND PUSH20 0xFFFFFFFFFFFFFFFFFFFFFFFFFFFFFFFFFFFFFFFF AND DUP2 MSTORE PUSH1 0x20 ADD SWAP2 POP POP PUSH1 0x40 MLOAD DUP1 SWAP2 SUB SWAP1 RETURN JUMPDEST CALLVALUE ISZERO PUSH2 0x274 JUMPI PUSH1 0x0 DUP1 REVERT JUMPDEST PUSH2 0x2A0 PUSH1 0x4 DUP1 DUP1 CALLDATALOAD PUSH20 0xFFFFFFFFFFFFFFFFFFFFFFFFFFFFFFFFFFFFFFFF AND SWAP1 PUSH1 0x20 ADD SWAP1 SWAP2 SWAP1 POP POP PUSH2 0x999 JUMP JUMPDEST PUSH1 0x40 MLOAD DUP1 DUP3 DUP2 MSTORE PUSH1 0x20 ADD SWAP2 POP POP PUSH1 0x40 MLOAD DUP1 SWAP2 SUB SWAP1 RETURN JUMPDEST CALLVALUE ISZERO PUSH2 0x2C1 JUMPI PUSH1 0x0 DUP1 REVERT JUMPDEST PUSH2 0x2ED PUSH1 0x4 DUP1 DUP1 CALLDATALOAD PUSH20 0xFFFFFFFFFFFFFFFFFFFFFFFFFFFFFFFFFFFFFFFF AND SWAP1 PUSH1 0x20 ADD SWAP1 SWAP2 SWAP1 POP POP PUSH2 0x9B1 JUMP JUMPDEST STOP JUMPDEST CALLVALUE ISZERO PUSH2 0x2FA JUMPI PUSH1 0x0 DUP1 REVERT JUMPDEST PUSH2 0x302 PUSH2 0xB68 JUMP JUMPDEST STOP JUMPDEST CALLVALUE ISZERO PUSH2 0x30F JUMPI PUSH1 0x0 DUP1 REVERT JUMPDEST PUSH2 0x317 PUSH2 0xC99 JUMP JUMPDEST PUSH1 0x40 MLOAD DUP1 DUP3 DUP2 MSTORE PUSH1 0x20 ADD SWAP2 POP POP PUSH1 0x40 MLOAD DUP1 SWAP2 SUB SWAP1 RETURN JUMPDEST PUSH1 0x0 DUP1 PUSH1 0x0 PUSH1 0x2 PUSH1 0x0 SWAP1 SLOAD SWAP1 PUSH2 0x100 EXP SWAP1 DIV PUSH1 0xFF AND ISZERO ISZERO ISZERO PUSH2 0x34E JUMPI PUSH1 0x0 DUP1 REVERT JUMPDEST PUSH1 0x0 DUP6 MLOAD GT ISZERO ISZERO PUSH2 0x35E JUMPI PUSH1 0x0 DUP1 REVERT JUMPDEST DUP4 DUP6 MLOAD MUL SWAP3 POP DUP4 DUP6 MLOAD DUP5 DUP2 ISZERO ISZERO PUSH2 0x371 JUMPI INVALID JUMPDEST DIV EQ ISZERO ISZERO PUSH2 0x37B JUMPI INVALID JUMPDEST PUSH1 0x5 SLOAD CALLVALUE LT ISZERO ISZERO ISZERO PUSH2 0x38C JUMPI PUSH1 0x0 DUP1 REVERT JUMPDEST PUSH2 0x397 PUSH1 0x5 SLOAD PUSH2 0xC9F JUMP JUMPDEST PUSH1 0x0 SWAP2 POP PUSH1 0x0 PUSH20 0xFFFFFFFFFFFFFFFFFFFFFFFFFFFFFFFFFFFFFFFF AND DUP7 PUSH20 0xFFFFFFFFFFFFFFFFFFFFFFFFFFFFFFFFFFFFFFFF AND EQ ISZERO PUSH2 0x467 JUMPI DUP3 DUP4 PUSH1 0x5 SLOAD ADD LT ISZERO ISZERO ISZERO PUSH2 0x3E3 JUMPI PUSH1 0x0 DUP1 REVERT JUMPDEST DUP3 PUSH1 0x5 SLOAD ADD CALLVALUE LT ISZERO ISZERO ISZERO PUSH2 0x3F6 JUMPI PUSH1 0x0 DUP1 REVERT JUMPDEST JUMPDEST DUP5 MLOAD DUP3 LT ISZERO PUSH2 0x462 JUMPI DUP5 DUP3 DUP2 MLOAD DUP2 LT ISZERO ISZERO PUSH2 0x40E JUMPI INVALID JUMPDEST SWAP1 PUSH1 0x20 ADD SWAP1 PUSH1 0x20 MUL ADD MLOAD PUSH20 0xFFFFFFFFFFFFFFFFFFFFFFFFFFFFFFFFFFFFFFFF AND PUSH2 0x8FC DUP6 SWAP1 DUP2 ISZERO MUL SWAP1 PUSH1 0x40 MLOAD PUSH1 0x0 PUSH1 0x40 MLOAD DUP1 DUP4 SUB DUP2 DUP6 DUP9 DUP9 CALL SWAP4 POP POP POP POP ISZERO ISZERO PUSH2 0x457 JUMPI PUSH1 0x0 DUP1 REVERT JUMPDEST PUSH1 0x1 DUP3 ADD SWAP2 POP PUSH2 0x3F7 JUMP JUMPDEST PUSH2 0x681 JUMP JUMPDEST DUP6 SWAP1 POP DUP3 DUP2 PUSH20 0xFFFFFFFFFFFFFFFFFFFFFFFFFFFFFFFFFFFFFFFF AND PUSH4 0xDD62ED3E CALLER ADDRESS PUSH1 0x0 PUSH1 0x40 MLOAD PUSH1 0x20 ADD MSTORE PUSH1 0x40 MLOAD DUP4 PUSH4 0xFFFFFFFF AND PUSH29 0x100000000000000000000000000000000000000000000000000000000 MUL DUP2 MSTORE PUSH1 0x4 ADD DUP1 DUP4 PUSH20 0xFFFFFFFFFFFFFFFFFFFFFFFFFFFFFFFFFFFFFFFF AND PUSH20 0xFFFFFFFFFFFFFFFFFFFFFFFFFFFFFFFFFFFFFFFF AND DUP2 MSTORE PUSH1 0x20 ADD DUP3 PUSH20 0xFFFFFFFFFFFFFFFFFFFFFFFFFFFFFFFFFFFFFFFF AND PUSH20 0xFFFFFFFFFFFFFFFFFFFFFFFFFFFFFFFFFFFFFFFF AND DUP2 MSTORE PUSH1 0x20 ADD SWAP3 POP POP POP PUSH1 0x20 PUSH1 0x40 MLOAD DUP1 DUP4 SUB DUP2 PUSH1 0x0 DUP8 DUP1 EXTCODESIZE ISZERO ISZERO PUSH2 0x542 JUMPI PUSH1 0x0 DUP1 REVERT JUMPDEST PUSH2 0x2C6 GAS SUB CALL ISZERO ISZERO PUSH2 0x553 JUMPI PUSH1 0x0 DUP1 REVERT JUMPDEST POP POP POP PUSH1 0x40 MLOAD DUP1 MLOAD SWAP1 POP LT ISZERO ISZERO ISZERO PUSH2 0x56A JUMPI PUSH1 0x0 DUP1 REVERT JUMPDEST JUMPDEST DUP5 MLOAD DUP3 LT ISZERO PUSH2 0x680 JUMPI DUP1 PUSH20 0xFFFFFFFFFFFFFFFFFFFFFFFFFFFFFFFFFFFFFFFF AND PUSH4 0x23B872DD CALLER DUP8 DUP6 DUP2 MLOAD DUP2 LT ISZERO ISZERO PUSH2 0x59F JUMPI INVALID JUMPDEST SWAP1 PUSH1 0x20 ADD SWAP1 PUSH1 0x20 MUL ADD MLOAD DUP8 PUSH1 0x40 MLOAD DUP5 PUSH4 0xFFFFFFFF AND PUSH29 0x100000000000000000000000000000000000000000000000000000000 MUL DUP2 MSTORE PUSH1 0x4 ADD DUP1 DUP5 PUSH20 0xFFFFFFFFFFFFFFFFFFFFFFFFFFFFFFFFFFFFFFFF AND PUSH20 0xFFFFFFFFFFFFFFFFFFFFFFFFFFFFFFFFFFFFFFFF AND DUP2 MSTORE PUSH1 0x20 ADD DUP4 PUSH20 0xFFFFFFFFFFFFFFFFFFFFFFFFFFFFFFFFFFFFFFFF AND PUSH20 0xFFFFFFFFFFFFFFFFFFFFFFFFFFFFFFFFFFFFFFFF AND DUP2 MSTORE PUSH1 0x20 ADD DUP3 DUP2 MSTORE PUSH1 0x20 ADD SWAP4 POP POP POP POP PUSH1 0x0 PUSH1 0x40 MLOAD DUP1 DUP4 SUB DUP2 PUSH1 0x0 DUP8 DUP1 EXTCODESIZE ISZERO ISZERO PUSH2 0x661 JUMPI PUSH1 0x0 DUP1 REVERT JUMPDEST PUSH2 0x2C6 GAS SUB CALL ISZERO ISZERO PUSH2 0x672 JUMPI PUSH1 0x0 DUP1 REVERT JUMPDEST POP POP POP PUSH1 0x1 DUP3 ADD SWAP2 POP PUSH2 0x56B JUMP JUMPDEST JUMPDEST POP POP POP POP POP POP JUMP JUMPDEST PUSH1 0x0 DUP1 SWAP1 SLOAD SWAP1 PUSH2 0x100 EXP SWAP1 DIV PUSH20 0xFFFFFFFFFFFFFFFFFFFFFFFFFFFFFFFFFFFFFFFF AND PUSH20 0xFFFFFFFFFFFFFFFFFFFFFFFFFFFFFFFFFFFFFFFF AND CALLER PUSH20 0xFFFFFFFFFFFFFFFFFFFFFFFFFFFFFFFFFFFFFFFF AND EQ ISZERO ISZERO PUSH2 0x6E4 JUMPI PUSH1 0x0 DUP1 REVERT JUMPDEST PUSH1 0x0 PUSH1 0x2 PUSH1 0x0 PUSH2 0x100 EXP DUP2 SLOAD DUP2 PUSH1 0xFF MUL NOT AND SWAP1 DUP4 ISZERO ISZERO MUL OR SWAP1 SSTORE POP JUMP JUMPDEST PUSH1 0x1 DUP2 DUP2 SLOAD DUP2 LT ISZERO ISZERO PUSH2 0x710 JUMPI INVALID JUMPDEST SWAP1 PUSH1 0x0 MSTORE PUSH1 0x20 PUSH1 0x0 KECCAK256 SWAP1 ADD PUSH1 0x0 SWAP2 POP SLOAD SWAP1 PUSH2 0x100 EXP SWAP1 DIV PUSH20 0xFFFFFFFFFFFFFFFFFFFFFFFFFFFFFFFFFFFFFFFF AND DUP2 JUMP JUMPDEST PUSH1 0x0 DUP1 SWAP1 SLOAD SWAP1 PUSH2 0x100 EXP SWAP1 DIV PUSH20 0xFFFFFFFFFFFFFFFFFFFFFFFFFFFFFFFFFFFFFFFF AND PUSH20 0xFFFFFFFFFFFFFFFFFFFFFFFFFFFFFFFFFFFFFFFF AND CALLER PUSH20 0xFFFFFFFFFFFFFFFFFFFFFFFFFFFFFFFFFFFFFFFF AND EQ ISZERO ISZERO PUSH2 0x79B JUMPI PUSH1 0x0 DUP1 REVERT JUMPDEST DUP1 PUSH1 0x5 DUP2 SWAP1 SSTORE POP POP JUMP JUMPDEST PUSH1 0x0 DUP1 PUSH1 0x0 SWAP1 SLOAD SWAP1 PUSH2 0x100 EXP SWAP1 DIV PUSH20 0xFFFFFFFFFFFFFFFFFFFFFFFFFFFFFFFFFFFFFFFF AND PUSH20 0xFFFFFFFFFFFFFFFFFFFFFFFFFFFFFFFFFFFFFFFF AND CALLER PUSH20 0xFFFFFFFFFFFFFFFFFFFFFFFFFFFFFFFFFFFFFFFF AND EQ ISZERO ISZERO PUSH2 0x802 JUMPI PUSH1 0x0 DUP1 REVERT JUMPDEST PUSH1 0x0 SWAP1 POP JUMPDEST PUSH1 0x1 DUP1 SLOAD SWAP1 POP DUP2 LT ISZERO PUSH2 0x894 JUMPI DUP2 PUSH20 0xFFFFFFFFFFFFFFFFFFFFFFFFFFFFFFFFFFFFFFFF AND PUSH1 0x1 DUP3 DUP2 SLOAD DUP2 LT ISZERO ISZERO PUSH2 0x83A JUMPI INVALID JUMPDEST SWAP1 PUSH1 0x0 MSTORE PUSH1 0x20 PUSH1 0x0 KECCAK256 SWAP1 ADD PUSH1 0x0 SWAP1 SLOAD SWAP1 PUSH2 0x100 EXP SWAP1 DIV PUSH20 0xFFFFFFFFFFFFFFFFFFFFFFFFFFFFFFFFFFFFFFFF AND PUSH20 0xFFFFFFFFFFFFFFFFFFFFFFFFFFFFFFFFFFFFFFFF AND EQ ISZERO PUSH2 0x887 JUMPI PUSH2 0x8F8 JUMP JUMPDEST DUP1 DUP1 PUSH1 0x1 ADD SWAP2 POP POP PUSH2 0x807 JUMP JUMPDEST PUSH1 0x1 DUP1 SLOAD DUP1 PUSH1 0x1 ADD DUP3 DUP2 PUSH2 0x8A8 SWAP2 SWAP1 PUSH2 0xDD7 JUMP JUMPDEST SWAP2 PUSH1 0x0 MSTORE PUSH1 0x20 PUSH1 0x0 KECCAK256 SWAP1 ADD PUSH1 0x0 DUP5 SWAP1 SWAP2 SWAP1 SWAP2 PUSH2 0x100 EXP DUP2 SLOAD DUP2 PUSH20 0xFFFFFFFFFFFFFFFFFFFFFFFFFFFFFFFFFFFFFFFF MUL NOT AND SWAP1 DUP4 PUSH20 0xFFFFFFFFFFFFFFFFFFFFFFFFFFFFFFFFFFFFFFFF AND MUL OR SWAP1 SSTORE POP POP JUMPDEST POP POP JUMP JUMPDEST PUSH1 0x0 DUP1 SWAP1 SLOAD SWAP1 PUSH2 0x100 EXP SWAP1 DIV PUSH20 0xFFFFFFFFFFFFFFFFFFFFFFFFFFFFFFFFFFFFFFFF AND PUSH20 0xFFFFFFFFFFFFFFFFFFFFFFFFFFFFFFFFFFFFFFFF AND CALLER PUSH20 0xFFFFFFFFFFFFFFFFFFFFFFFFFFFFFFFFFFFFFFFF AND EQ ISZERO ISZERO PUSH2 0x957 JUMPI PUSH1 0x0 DUP1 REVERT JUMPDEST PUSH1 0x1 PUSH1 0x2 PUSH1 0x0 PUSH2 0x100 EXP DUP2 SLOAD DUP2 PUSH1 0xFF MUL NOT AND SWAP1 DUP4 ISZERO ISZERO MUL OR SWAP1 SSTORE POP JUMP JUMPDEST PUSH1 0x0 DUP1 SWAP1 SLOAD SWAP1 PUSH2 0x100 EXP SWAP1 DIV PUSH20 0xFFFFFFFFFFFFFFFFFFFFFFFFFFFFFFFFFFFFFFFF AND DUP2 JUMP JUMPDEST PUSH1 0x3 PUSH1 0x20 MSTORE DUP1 PUSH1 0x0 MSTORE PUSH1 0x40 PUSH1 0x0 KECCAK256 PUSH1 0x0 SWAP2 POP SWAP1 POP SLOAD DUP2 JUMP JUMPDEST PUSH1 0x0 DUP1 PUSH1 0x0 SWAP1 SLOAD SWAP1 PUSH2 0x100 EXP SWAP1 DIV PUSH20 0xFFFFFFFFFFFFFFFFFFFFFFFFFFFFFFFFFFFFFFFF AND PUSH20 0xFFFFFFFFFFFFFFFFFFFFFFFFFFFFFFFFFFFFFFFF AND CALLER PUSH20 0xFFFFFFFFFFFFFFFFFFFFFFFFFFFFFFFFFFFFFFFF AND EQ ISZERO ISZERO PUSH2 0xA0E JUMPI PUSH1 0x0 DUP1 REVERT JUMPDEST PUSH1 0x0 SWAP1 POP JUMPDEST PUSH1 0x1 DUP1 SLOAD SWAP1 POP DUP2 LT ISZERO PUSH2 0xAA0 JUMPI DUP2 PUSH20 0xFFFFFFFFFFFFFFFFFFFFFFFFFFFFFFFFFFFFFFFF AND PUSH1 0x1 DUP3 DUP2 SLOAD DUP2 LT ISZERO ISZERO PUSH2 0xA46 JUMPI INVALID JUMPDEST SWAP1 PUSH1 0x0 MSTORE PUSH1 0x20 PUSH1 0x0 KECCAK256 SWAP1 ADD PUSH1 0x0 SWAP1 SLOAD SWAP1 PUSH2 0x100 EXP SWAP1 DIV PUSH20 0xFFFFFFFFFFFFFFFFFFFFFFFFFFFFFFFFFFFFFFFF AND PUSH20 0xFFFFFFFFFFFFFFFFFFFFFFFFFFFFFFFFFFFFFFFF AND EQ ISZERO PUSH2 0xA93 JUMPI PUSH2 0xAA0 JUMP JUMPDEST DUP1 DUP1 PUSH1 0x1 ADD SWAP2 POP POP PUSH2 0xA13 JUMP JUMPDEST PUSH1 0x1 DUP1 DUP1 SLOAD SWAP1 POP SUB DUP2 GT ISZERO PUSH2 0xAB4 JUMPI PUSH2 0xB64 JUMP JUMPDEST PUSH1 0x1 DUP1 DUP1 DUP1 SLOAD SWAP1 POP SUB DUP2 SLOAD DUP2 LT ISZERO ISZERO PUSH2 0xAC9 JUMPI INVALID JUMPDEST SWAP1 PUSH1 0x0 MSTORE PUSH1 0x20 PUSH1 0x0 KECCAK256 SWAP1 ADD PUSH1 0x0 SWAP1 SLOAD SWAP1 PUSH2 0x100 EXP SWAP1 DIV PUSH20 0xFFFFFFFFFFFFFFFFFFFFFFFFFFFFFFFFFFFFFFFF AND PUSH1 0x1 DUP3 DUP2 SLOAD DUP2 LT ISZERO ISZERO PUSH2 0xB04 JUMPI INVALID JUMPDEST SWAP1 PUSH1 0x0 MSTORE PUSH1 0x20 PUSH1 0x0 KECCAK256 SWAP1 ADD PUSH1 0x0 PUSH2 0x100 EXP DUP2 SLOAD DUP2 PUSH20 0xFFFFFFFFFFFFFFFFFFFFFFFFFFFFFFFFFFFFFFFF MUL NOT AND SWAP1 DUP4 PUSH20 0xFFFFFFFFFFFFFFFFFFFFFFFFFFFFFFFFFFFFFFFF AND MUL OR SWAP1 SSTORE POP PUSH1 0x1 DUP1 DUP1 SLOAD SWAP1 POP SUB PUSH1 0x1 DUP2 PUSH2 0xB62 SWAP2 SWAP1 PUSH2 0xE03 JUMP JUMPDEST POP JUMPDEST POP POP JUMP JUMPDEST PUSH1 0x0 PUSH1 0x2 PUSH1 0x0 SWAP1 SLOAD SWAP1 PUSH2 0x100 EXP SWAP1 DIV PUSH1 0xFF AND ISZERO ISZERO ISZERO PUSH2 0xB86 JUMPI PUSH1 0x0 DUP1 REVERT JUMPDEST PUSH1 0x0 PUSH1 0x3 PUSH1 0x0 CALLER PUSH20 0xFFFFFFFFFFFFFFFFFFFFFFFFFFFFFFFFFFFFFFFF AND PUSH20 0xFFFFFFFFFFFFFFFFFFFFFFFFFFFFFFFFFFFFFFFF AND DUP2 MSTORE PUSH1 0x20 ADD SWAP1 DUP2 MSTORE PUSH1 0x20 ADD PUSH1 0x0 KECCAK256 SLOAD GT ISZERO PUSH2 0xC96 JUMPI PUSH1 0x3 PUSH1 0x0 CALLER PUSH20 0xFFFFFFFFFFFFFFFFFFFFFFFFFFFFFFFFFFFFFFFF AND PUSH20 0xFFFFFFFFFFFFFFFFFFFFFFFFFFFFFFFFFFFFFFFF AND DUP2 MSTORE PUSH1 0x20 ADD SWAP1 DUP2 MSTORE PUSH1 0x20 ADD PUSH1 0x0 KECCAK256 SLOAD SWAP1 POP PUSH1 0x0 PUSH1 0x3 PUSH1 0x0 CALLER PUSH20 0xFFFFFFFFFFFFFFFFFFFFFFFFFFFFFFFFFFFFFFFF AND PUSH20 0xFFFFFFFFFFFFFFFFFFFFFFFFFFFFFFFFFFFFFFFF AND DUP2 MSTORE PUSH1 0x20 ADD SWAP1 DUP2 MSTORE PUSH1 0x20 ADD PUSH1 0x0 KECCAK256 DUP2 SWAP1 SSTORE POP CALLER PUSH20 0xFFFFFFFFFFFFFFFFFFFFFFFFFFFFFFFFFFFFFFFF AND PUSH2 0x8FC DUP3 SWAP1 DUP2 ISZERO MUL SWAP1 PUSH1 0x40 MLOAD PUSH1 0x0 PUSH1 0x40 MLOAD DUP1 DUP4 SUB DUP2 DUP6 DUP9 DUP9 CALL SWAP4 POP POP POP POP ISZERO ISZERO PUSH2 0xC95 JUMPI PUSH1 0x0 DUP1 REVERT JUMPDEST JUMPDEST POP JUMP JUMPDEST PUSH1 0x5 SLOAD DUP2 JUMP JUMPDEST PUSH1 0x0 DUP1 PUSH1 0x1 DUP1 SLOAD SWAP1 POP DUP4 DUP2 ISZERO ISZERO PUSH2 0xCB2 JUMPI INVALID JUMPDEST DIV SWAP2 POP PUSH1 0x0 SWAP1 POP JUMPDEST PUSH1 0x1 DUP1 SLOAD SWAP1 POP DUP2 LT ISZERO PUSH2 0xD5B JUMPI DUP2 PUSH1 0x3 PUSH1 0x0 PUSH1 0x1 DUP5 DUP2 SLOAD DUP2 LT ISZERO ISZERO PUSH2 0xCDB JUMPI INVALID JUMPDEST SWAP1 PUSH1 0x0 MSTORE PUSH1 0x20 PUSH1 0x0 KECCAK256 SWAP1 ADD PUSH1 0x0 SWAP1 SLOAD SWAP1 PUSH2 0x100 EXP SWAP1 DIV PUSH20 0xFFFFFFFFFFFFFFFFFFFFFFFFFFFFFFFFFFFFFFFF AND PUSH20 0xFFFFFFFFFFFFFFFFFFFFFFFFFFFFFFFFFFFFFFFF AND PUSH20 0xFFFFFFFFFFFFFFFFFFFFFFFFFFFFFFFFFFFFFFFF AND DUP2 MSTORE PUSH1 0x20 ADD SWAP1 DUP2 MSTORE PUSH1 0x20 ADD PUSH1 0x0 KECCAK256 PUSH1 0x0 DUP3 DUP3 SLOAD ADD SWAP3 POP POP DUP2 SWAP1 SSTORE POP DUP1 DUP1 PUSH1 0x1 ADD SWAP2 POP POP PUSH2 0xCBA JUMP JUMPDEST PUSH1 0x1 DUP1 SLOAD SWAP1 POP DUP3 MUL DUP4 SUB PUSH1 0x3 PUSH1 0x0 DUP1 PUSH1 0x0 SWAP1 SLOAD SWAP1 PUSH2 0x100 EXP SWAP1 DIV PUSH20 0xFFFFFFFFFFFFFFFFFFFFFFFFFFFFFFFFFFFFFFFF AND PUSH20 0xFFFFFFFFFFFFFFFFFFFFFFFFFFFFFFFFFFFFFFFF AND PUSH20 0xFFFFFFFFFFFFFFFFFFFFFFFFFFFFFFFFFFFFFFFF AND DUP2 MSTORE PUSH1 0x20 ADD SWAP1 DUP2 MSTORE PUSH1 0x20 ADD PUSH1 0x0 KECCAK256 PUSH1 0x0 DUP3 DUP3 SLOAD ADD SWAP3 POP POP DUP2 SWAP1 SSTORE POP POP POP POP JUMP JUMPDEST DUP2 SLOAD DUP2 DUP4 SSTORE DUP2 DUP2 ISZERO GT PUSH2 0xDFE JUMPI DUP2 DUP4 PUSH1 0x0 MSTORE PUSH1 0x20 PUSH1 0x0 KECCAK256 SWAP2 DUP3 ADD SWAP2 ADD PUSH2 0xDFD SWAP2 SWAP1 PUSH2 0xE2F JUMP JUMPDEST JUMPDEST POP POP POP JUMP JUMPDEST DUP2 SLOAD DUP2 DUP4 SSTORE DUP2 DUP2 ISZERO GT PUSH2 0xE2A JUMPI DUP2 DUP4 PUSH1 0x0 MSTORE PUSH1 0x20 PUSH1 0x0 KECCAK256 SWAP2 DUP3 ADD SWAP2 ADD PUSH2 0xE29 SWAP2 SWAP1 PUSH2 0xE2F JUMP JUMPDEST JUMPDEST POP POP POP JUMP JUMPDEST PUSH2 0xE51 SWAP2 SWAP1 JUMPDEST DUP1 DUP3 GT ISZERO PUSH2 0xE4D JUMPI PUSH1 0x0 DUP2 PUSH1 0x0 SWAP1 SSTORE POP PUSH1 0x1 ADD PUSH2 0xE35 JUMP JUMPDEST POP SWAP1 JUMP JUMPDEST SWAP1 JUMP STOP LOG1 PUSH6 0x627A7A723058 KECCAK256 0x5d 0xd 0x4a 0xd5 0xf8 0xe2 DUP15 EQ CREATE SWAP6 0xcf JUMPDEST LOG2 MULMOD PUSH12 0x8B87951D4473177E11EDCAAB 0x26 0xba SAR 0xad XOR STOP 0x29
1,PUSH1 0x60 PUSH1 0x40 MSTORE CALLVALUE ISZERO PUSH2 0xF JUMPI PUSH1 0x0 DUP1 REVERT JUMPDEST CALLER PUSH1 0x0 DUP1 PUSH2 0x100 EXP DUP2 SLOAD DUP2 PUSH20 0xFFFFFFFFFFFFFFFFFFFFFFFFFFFFFFFFFFFFFFFF MUL NOT AND SWAP1 DUP4 PUSH20 0xFFFFFFFFFFFFFFFFFFFFFFFFFFFFFFFFFFFFFFFF AND MUL OR SWAP1 SSTORE POP PUSH2 0x3BA DUP1 PUSH2 0x5E PUSH1 0x0 CODECOPY PUSH1 0x0 RETURN STOP PUSH1 0x60 PUSH1 0x40 MSTORE PUSH1 0x4 CALLDATASIZE LT PUSH2 0x41 JUMPI PUSH1 0x0 CALLDATALOAD PUSH29 0x100000000000000000000000000000000000000000000000000000000 SWAP1 DIV PUSH4 0xFFFFFFFF AND DUP1 PUSH4 0x62C06767 EQ PUSH2 0x43 JUMPI JUMPDEST STOP JUMPDEST CALLVALUE ISZERO PUSH2 0x4E JUMPI PUSH1 0x0 DUP1 REVERT JUMPDEST PUSH2 0xA2 PUSH1 0x4 DUP1 DUP1 CALLDATALOAD PUSH20 0xFFFFFFFFFFFFFFFFFFFFFFFFFFFFFFFFFFFFFFFF AND SWAP1 PUSH1 0x20 ADD SWAP1 SWAP2 SWAP1 DUP1 CALLDATALOAD PUSH20 0xFFFFFFFFFFFFFFFFFFFFFFFFFFFFFFFFFFFFFFFF AND SWAP1 PUSH1 0x20 ADD SWAP1 SWAP2 SWAP1 DUP1 CALLDATALOAD SWAP1 PUSH1 0x20 ADD SWAP1 SWAP2 SWAP1 POP POP PUSH2 0xB8 JUMP JUMPDEST PUSH1 0x40 MLOAD DUP1 DUP3 DUP2 MSTORE PUSH1 0x20 ADD SWAP2 POP POP PUSH1 0x40 MLOAD DUP1 SWAP2 SUB SWAP1 RETURN JUMPDEST PUSH1 0x0 DUP1 PUSH1 0x0 DUP1 PUSH1 0x0 SWAP1 SLOAD SWAP1 PUSH2 0x100 EXP SWAP1 DIV PUSH20 0xFFFFFFFFFFFFFFFFFFFFFFFFFFFFFFFFFFFFFFFF AND PUSH20 0xFFFFFFFFFFFFFFFFFFFFFFFFFFFFFFFFFFFFFFFF AND CALLER PUSH20 0xFFFFFFFFFFFFFFFFFFFFFFFFFFFFFFFFFFFFFFFF AND EQ ISZERO ISZERO PUSH2 0x118 JUMPI PUSH1 0x0 DUP1 REVERT JUMPDEST PUSH1 0x0 PUSH20 0xFFFFFFFFFFFFFFFFFFFFFFFFFFFFFFFFFFFFFFFF AND DUP7 PUSH20 0xFFFFFFFFFFFFFFFFFFFFFFFFFFFFFFFFFFFFFFFF AND EQ ISZERO PUSH2 0x1DB JUMPI ADDRESS PUSH20 0xFFFFFFFFFFFFFFFFFFFFFFFFFFFFFFFFFFFFFFFF AND BALANCE SWAP1 POP DUP1 DUP5 GT ISZERO PUSH2 0x178 JUMPI PUSH1 0x0 SWAP3 POP PUSH2 0x385 JUMP JUMPDEST DUP5 PUSH20 0xFFFFFFFFFFFFFFFFFFFFFFFFFFFFFFFFFFFFFFFF AND PUSH2 0x8FC ADDRESS PUSH20 0xFFFFFFFFFFFFFFFFFFFFFFFFFFFFFFFFFFFFFFFF AND BALANCE SWAP1 DUP2 ISZERO MUL SWAP1 PUSH1 0x40 MLOAD PUSH1 0x0 PUSH1 0x40 MLOAD DUP1 DUP4 SUB DUP2 DUP6 DUP9 DUP9 CALL SWAP4 POP POP POP POP SWAP2 POP DUP2 PUSH2 0x1D2 JUMPI PUSH1 0x0 PUSH2 0x1D4 JUMP JUMPDEST DUP1 JUMPDEST SWAP3 POP PUSH2 0x385 JUMP JUMPDEST DUP6 PUSH20 0xFFFFFFFFFFFFFFFFFFFFFFFFFFFFFFFFFFFFFFFF AND PUSH4 0x70A08231 ADDRESS PUSH1 0x0 PUSH1 0x40 MLOAD PUSH1 0x20 ADD MSTORE PUSH1 0x40 MLOAD DUP3 PUSH4 0xFFFFFFFF AND PUSH29 0x100000000000000000000000000000000000000000000000000000000 MUL DUP2 MSTORE PUSH1 0x4 ADD DUP1 DUP3 PUSH20 0xFFFFFFFFFFFFFFFFFFFFFFFFFFFFFFFFFFFFFFFF AND PUSH20 0xFFFFFFFFFFFFFFFFFFFFFFFFFFFFFFFFFFFFFFFF AND DUP2 MSTORE PUSH1 0x20 ADD SWAP2 POP POP PUSH1 0x20 PUSH1 0x40 MLOAD DUP1 DUP4 SUB DUP2 PUSH1 0x0 DUP8 DUP1 EXTCODESIZE ISZERO ISZERO PUSH2 0x27E JUMPI PUSH1 0x0 DUP1 REVERT JUMPDEST PUSH2 0x2C6 GAS SUB CALL ISZERO ISZERO PUSH2 0x28F JUMPI PUSH1 0x0 DUP1 REVERT JUMPDEST POP POP POP PUSH1 0x40 MLOAD DUP1 MLOAD SWAP1 POP SWAP1 POP DUP1 DUP5 GT ISZERO PUSH2 0x2AC JUMPI PUSH1 0x0 SWAP3 POP PUSH2 0x385 JUMP JUMPDEST DUP6 PUSH20 0xFFFFFFFFFFFFFFFFFFFFFFFFFFFFFFFFFFFFFFFF AND PUSH4 0xA9059CBB DUP7 DUP4 PUSH1 0x0 PUSH1 0x40 MLOAD PUSH1 0x20 ADD MSTORE PUSH1 0x40 MLOAD DUP4 PUSH4 0xFFFFFFFF AND PUSH29 0x100000000000000000000000000000000000000000000000000000000 MUL DUP2 MSTORE PUSH1 0x4 ADD DUP1 DUP4 PUSH20 0xFFFFFFFFFFFFFFFFFFFFFFFFFFFFFFFFFFFFFFFF AND PUSH20 0xFFFFFFFFFFFFFFFFFFFFFFFFFFFFFFFFFFFFFFFF AND DUP2 MSTORE PUSH1 0x20 ADD DUP3 DUP2 MSTORE PUSH1 0x20 ADD SWAP3 POP POP POP PUSH1 0x20 PUSH1 0x40 MLOAD DUP1 DUP4 SUB DUP2 PUSH1 0x0 DUP8 DUP1 EXTCODESIZE ISZERO ISZERO PUSH2 0x357 JUMPI PUSH1 0x0 DUP1 REVERT JUMPDEST PUSH2 0x2C6 GAS SUB CALL ISZERO ISZERO PUSH2 0x368 JUMPI PUSH1 0x0 DUP1 REVERT JUMPDEST POP POP POP PUSH1 0x40 MLOAD DUP1 MLOAD SWAP1 POP SWAP2 POP DUP2 PUSH2 0x380 JUMPI PUSH1 0x0 PUSH2 0x382 JUMP JUMPDEST DUP1 JUMPDEST SWAP3 POP JUMPDEST POP POP SWAP4 SWAP3 POP POP POP JUMP STOP LOG1 PUSH6 0x627A7A723058 KECCAK256 LT PUSH12 0x8D3D57A8161C10C2495F5E18 SWAP9 PUSH25 0x6E20078473F202219F45A14B794203AA002900000000000000
0,PUSH1 0x4C PUSH1 0x2C PUSH1 0xB DUP3 DUP3 DUP3 CODECOPY DUP1 MLOAD PUSH1 0x0 BYTE PUSH1 0x73 EQ PUSH1 0x0 DUP2 EQ PUSH1 0x1C JUMPI PUSH1 0x1E JUMP JUMPDEST INVALID JUMPDEST POP ADDRESS PUSH1 0x0 MSTORE PUSH1 0x73 DUP2 MSTORE8 DUP3 DUP2 RETURN STOP PUSH20 0x0 ADDRESS EQ PUSH1 0x80 PUSH1 0x40 MSTORE PUSH1 0x0 DUP1 REVERT STOP LOG1 PUSH6 0x627A7A723058 KECCAK256 XOR SWAP16 0xdc 0xec ISZERO EXTCODESIZE 0x48 JUMP DUP9 REVERT 0xb6 0xed PUSH13 0xBBC94E4A6524205B27FCA8FA2D LOG2 PUSH1 0x3E DUP12 BYTE PUSH3 0x2900
0,PUSH1 0x80 PUSH1 0x40 MSTORE CALLVALUE DUP1 ISZERO PUSH2 0x10 JUMPI PUSH1 0x0 DUP1 REVERT JUMPDEST POP CALLER PUSH1 0x0 DUP1 PUSH2 0x100 EXP DUP2 SLOAD DUP2 PUSH20 0xFFFFFFFFFFFFFFFFFFFFFFFFFFFFFFFFFFFFFFFF MUL NOT AND SWAP1 DUP4 PUSH20 0xFFFFFFFFFFFFFFFFFFFFFFFFFFFFFFFFFFFFFFFF AND MUL OR SWAP1 SSTORE POP PUSH2 0x179 DUP1 PUSH2 0x60 PUSH1 0x0 CODECOPY PUSH1 0x0 RETURN STOP PUSH1 0x80 PUSH1 0x40 MSTORE PUSH1 0x4 CALLDATASIZE LT PUSH2 0x4C JUMPI PUSH1 0x0 CALLDATALOAD PUSH29 0x100000000000000000000000000000000000000000000000000000000 SWAP1 DIV PUSH4 0xFFFFFFFF AND DUP1 PUSH4 0x1829D12C EQ PUSH2 0x51 JUMPI DUP1 PUSH4 0x31B78A92 EQ PUSH2 0xA8 JUMPI JUMPDEST PUSH1 0x0 DUP1 REVERT JUMPDEST CALLVALUE DUP1 ISZERO PUSH2 0x5D JUMPI PUSH1 0x0 DUP1 REVERT JUMPDEST POP PUSH2 0x66 PUSH2 0xFF JUMP JUMPDEST PUSH1 0x40 MLOAD DUP1 DUP3 PUSH20 0xFFFFFFFFFFFFFFFFFFFFFFFFFFFFFFFFFFFFFFFF AND PUSH20 0xFFFFFFFFFFFFFFFFFFFFFFFFFFFFFFFFFFFFFFFF AND DUP2 MSTORE PUSH1 0x20 ADD SWAP2 POP POP PUSH1 0x40 MLOAD DUP1 SWAP2 SUB SWAP1 RETUN JUMPDEST CALLVALUE DUP1 ISZERO PUSH2 0xB4 JUMPI PUSH1 0x0 DUP1 REVERT JUMPDEST POP PUSH2 0xBD PUSH2 0x124 JUMP JUMPDEST PUSH1 0x40 MLOAD DUP1 DUP3 PUSH20 0xFFFFFFFFFFFFFFFFFFFFFFFFFFFFFFFFFFFFFFFF AND PUSH20 0xFFFFFFFFFFFFFFFFFFFFFFFFFFFFFFFFFFFFFFFF AND DUP2 MSTORE PUSH1 0x20 ADD SWAP2 POP POP PUSH1 0x40 MLOAD DUP1 SWAP2 SUB SWAP1 RETURN JUMPDEST PUSH1 0x0 DUP1 SWAP1 SLOAD SWAP1 PUSH2 0x100 EXP SWAP1 DIV PUSH20 0xFFFFFFFFFFFFFFFFFFFFFFFFFFFFFFFFFFFFFFFF AND DUP2 JUMP JUMPDEST PUSH1 0x0 DUP1 PUSH1 0x0 SWAP1 SLOAD SWAP1 PUSH2 0x100 EXP SWAP1 DIV PUSH20 0xFFFFFFFFFFFFFFFFFFFFFFFFFFFFFFFFFFFFFFFF AND SWAP1 POP SWAP1 JUMP STOP LOG1 PUSH6 0x627A7A723058 KECCAK256 0xf9 0xaf 0x4c 0xbb 0x24 0xaa CALLDATASIZE 0xcd 0xbf 0xbb PUSH24 0xA53491B69F5821057ECF99B318E95465AAF254AD0002900
0,PUSH1 0x4C PUSH1 0x2C PUSH1 0xB DUP3 DUP3 DUP3 CODECOPY DUP1 MLOAD PUSH1 0x0 BYTE PUSH1 0x73 EQ PUSH1 0x0 DUP2 EQ PUSH1 0x1C JUMPI PUSH1 0x1E JUMP JUMPDEST INVALID JUMPDEST POP ADDRESS PUSH1 0x0 MSTORE PUSH1 0x73 DUP2 MSTORE8 DUP3 DUP2 RETURN STOP PUSH20 0x0 ADDRESS EQ PUSH1 0x80 PUSH1 0x40 MSTORE PUSH1 0x0 DUP1 REVERT STOP LOG1 PUSH6 0x627A7A723058 KECCAK256 0x4f LOG4 0xef 0xaf 0xaa 0xea PUSH14 0xB80028633C7C335C2E4578D5651B DUP9 EXTCODECOPY KECCAK256 OR 0xd1 0xab 0x1f 0x23 GASLIMIT 0x4a 0xc0 STOP 0x29
0,PUSH1 0x4C PUSH1 0x2C PUSH1 0xB DUP3 DUP3 DUP3 CODECOPY DUP1 MLOAD PUSH1 0x0 BYTE PUSH1 0x73 EQ PUSH1 0x0 DUP2 EQ PUSH1 0x1C JUMPI PUSH1 0x1E JUMP JUMPDEST INVALID JUMPDEST POP ADDRESS PUSH1 0x0 MSTORE PUSH1 0x73 DUP2 MSTORE8 DUP3 DUP2 RETURN STOP PUSH20 0x0 ADDRESS EQ PUSH1 0x80 PUSH1 0x40 MSTORE PUSH1 0x0 DUP1 REVERT STOP LOG1 PUSH6 0x627A7A723058 KECCAK256 0xe 0xe7 SLOAD PUSH23 0xE769E60A35B01BB3F146D70C7EF88C3090DBEDE7206D68 SGT SWAP16 0x27 PUSH17 0xED00290000000000000000000000000000
0,PUSH1 0x4C PUSH1 0x2C PUSH1 0xB DUP3 DUP3 DUP3 CODECOPY DUP1 MLOAD PUSH1 0x0 BYTE PUSH1 0x73 EQ PUSH1 0x0 DUP2 EQ PUSH1 0x1C JUMPI PUSH1 0x1E JUMP JUMPDEST INVALID JUMPDEST POP ADDRESS PUSH1 0x0 MSTORE PUSH1 0x73 DUP2 MSTORE8 DUP3 DUP2 RETURN STOP PUSH20 0x0 ADDRESS EQ PUSH1 0x80 PUSH1 0x40 MSTORE PUSH1 0x0 DUP1 REVERT STOP LOG1 PUSH6 0x627A7A723058 KECCAK256 AND 0xd6 0xd3 0xec RETURNDATACOPY 0xf9 0xf 0x26 0xd PUSH30 0x168955E3C18D6F8C5A1A7295D8DFCE6D79F43F44C9510029000000000000
0,PUSH1 0x80 PUSH1 0x40 MSTORE CALLVALUE DUP1 ISZERO PUSH1 0xF JUMPI PUSH1 0x0 DUP1 REVERT JUMPDEST POP PUSH1 0x35 DUP1 PUSH1 0x1D PUSH1 0x0 CODECOPY PUSH1 0x0 RETURN STOP PUSH1 0x80 PUSH1 0x40 MSTORE PUSH1 0x0 DUP1 REVERT STOP LOG1 PUSH6 0x627A7A723058 KECCAK256 BLOCKHASH 0x21 SWAP9 0xe0 BALANCE ADD SELFDESTRUCT RETURN CALLCODE DUP11 0x2f LOG2 0xc8 0x1e 0xaa 0xf8 PUSH7 0x4C3C4E8F82E7CD SSTORE 0xe3 0xd4 INVALID DUP8 NOT SDIV POP STOP 0x29
0,PUSH1 0x80 PUSH1 0x40 MSTORE PUSH1 0x1 PUSH1 0x0 PUSH1 0x14 PUSH2 0x100 EXP DUP2 SLOAD DUP2 PUSH1 0xFF MUL NOT AND SWAP1 DUP4 ISZERO ISZERO MUL OR SWAP1 SSTORE POP PUSH11 0x464F733BAA0AE675000000 PUSH1 0x1 SSTORE PUSH1 0x40 DUP1 MLOAD SWAP1 DUP2 ADD PUSH1 0x40 MSTORE DUP1 PUSH1 0x8 DUP2 MSTORE PUSH1 0x20 ADD PUSH32 0x41647A427269636B000000000000000000000000000000000000000000000000 DUP2 MSTORE POP PUSH1 0x3 SWAP1 DUP1 MLOAD SWAP1 PUSH1 0x20 ADD SWAP1 PUSH3 0x7B SWAP3 SWAP2 SWAP1 PUSH3 0x169 JUMP JUMPDEST POP PUSH1 0x40 DUP1 MLOAD SWAP1 DUP2 ADD PUSH1 0x40 MSTORE DUP1 PUSH1 0x4 DUP2 MSTORE PUSH1 0x20 ADD PUSH32 0x41445A4200000000000000000000000000000000000000000000000000000000 DUP2 MSTORE POP PUSH1 0x4 SWAP1 DUP1 MLOAD SWAP1 PUSH1 0x20 ADD SWAP1 PUSH3 0xC9 SWAP3 SWAP2 SWAP1 PUSH3 0x169 JUMP JUMPDEST POP PUSH1 0x12 PUSH1 0x5 SSTORE CALLVALUE DUP1 ISZERO PUSH3 0xDC JUMPI PUSH1 0x0 DUP1 REVERT JUMPDEST POP CALLER PUSH1 0x0 DUP1 PUSH2 0x100 EXP DUP2 SLOAD DUP2 PUSH20 0xFFFFFFFFFFFFFFFFFFFFFFFFFFFFFFFFFFFFFFFF MUL NOT AND SWAP1 DUP4 PUSH20 0xFFFFFFFFFFFFFFFFFFFFFFFFFFFFFFFFFFFFFFFF AND MUL OR SWAP1 SSTORE POP PUSH1 0x1 SLOAD PUSH1 0x2 PUSH1 0x0 CALLER PUSH20 0xFFFFFFFFFFFFFFFFFFFFFFFFFFFFFFFFFFFFFFFF AND PUSH20 0xFFFFFFFFFFFFFFFFFFFFFFFFFFFFFFFFFFFFFFFF AND DUP2 MSTORE PUSH1 0x20 ADD SWAP1 DUP2 MSTORE PUSH1 0x20 ADD PUSH1 0x0 KECCAK256 DUP2 SWAP1 SSTORE POP PUSH3 0x218 JUMP JUMPDEST DUP3 DUP1 SLOAD PUSH1 0x1 DUP2 PUSH1 0x1 AND ISZERO PUSH2 0x100 MUL SUB AND PUSH1 0x2 SWAP1 DIV SWAP1 PUSH1 0x0 MSTORE PUSH1 0x20 PUSH1 0x0 KECCAK256 SWAP1 PUSH1 0x1F ADD PUSH1 0x20 SWAP1 DIV DUP2 ADD SWAP3 DUP3 PUSH1 0x1F LT PUSH3 0x1AC JUMPI DUP1 MLOAD PUSH1 0xFF NOT AND DUP4 DUP1 ADD OR DUP6 SSTORE PUSH3 0x1DD JUMP JUMPDEST DUP3 DUP1 ADD PUSH1 0x1 ADD DUP6 SSTORE DUP3 ISZERO PUSH3 0x1DD JUMPI SWAP2 DUP3 ADD JUMPDEST DUP3 DUP2 GT ISZERO PUSH3 0x1DC JUMPI DUP3 MLOAD DUP3 SSTORE SWAP2 PUSH1 0x20 ADD SWAP2 SWAP1 PUSH1 0x1 ADD SWAP1 PUSH3 0x1BF JUMP JUMPDEST JUMPDEST POP SWAP1 POP PUSH3 0x1EC SWAP2 SWAP1 PUSH3 0x1F0 JUMP JUMPDEST POP SWAP1 JUMP JUMPDEST PUSH3 0x215 SWAP2 SWAP1 JUMPDEST DUP1 DUP3 GT ISZERO PUSH3 0x211 JUMPI PUSH1 0x0 DUP2 PUSH1 0x0 SWAP1 SSTORE POP PUSH1 0x1 ADD PUSH3 0x1F7 JUMP JUMPDEST POP SWAP1 JUMP JUMPDEST SWAP1 JUMP JUMPDEST PUSH2 0x1B8C DUP1 PUSH3 0x228 PUSH1 0x0 CODECOPY PUSH1 0x0 RETURN STOP PUSH1 0x80 PUSH1 0x40 MSTORE PUSH1 0x4 CALLDATASIZE LT PUSH2 0x112 JUMPI PUSH1 0x0 CALLDATALOAD PUSH29 0x100000000000000000000000000000000000000000000000000000000 SWAP1 DIV PUSH4 0xFFFFFFFF AND DUP1 PUSH4 0x6FDDE03 EQ PUSH2 0x117 JUMPI DUP1 PUSH4 0x95EA7B3 EQ PUSH2 0x1A7 JUMPI DUP1 PUSH4 0x18160DDD EQ PUSH2 0x20C JUMPI DUP1 PUSH4 0x1E89D545 EQ PUSH2 0x237 JUMPI DUP1 PUSH4 0x21CA4236 EQ PUSH2 0x2F4 JUMPI DUP1 PUSH4 0x23B872DD EQ PUSH2 0x359 JUMPI DUP1 PUSH4 0x313CE567 EQ PUSH2 0x3DE JUMPI DUP1 PUSH4 0x365342CA EQ PUSH2 0x409 JUMPI DUP1 PUSH4 0x3EAAF86B EQ PUSH2 0x46E JUMPI DUP1 PUSH4 0x42966C68 EQ PUSH2 0x499 JUMPI DUP1 PUSH4 0x70A08231 EQ PUSH2 0x4DE JUMPI DUP1 PUSH4 0x8DA5CB5B EQ PUSH2 0x535 JUMPI DUP1 PUSH4 0x8FADAE68 EQ PUSH2 0x58C JUMPI DUP1 PUSH4 0x95D89B41 EQ PUSH2 0x5D3 JUMPI DUP1 PUSH4 0xA0712D68 EQ PUSH2 0x663 JUMPI DUP1 PUSH4 0xA6F9DAE1 EQ PUSH2 0x6A8 JUMPI DUP1 PUSH4 0xA9059CBB EQ PUSH2 0x703 JUMPI DUP1 PUSH4 0xDD62ED3E EQ PUSH2 0x768 JUMPI DUP1 PUSH4 0xDDDAEC1D EQ PUSH2 0x7DF JUMPI DUP1 PUSH4 0xF4880B22 EQ PUSH2 0x856 JUMPI JUMPDEST PUSH1 0x0 DUP1 REVERT JUMPDEST CALLVALUE DUP1 ISZERO PUSH2 0x123 JUMPI PUSH1 0x0 DUP1 REVERT JUMPDEST POP PUSH2 0x12C PUSH2 0x885 JUMP JUMPDEST PUSH1 0x40 MLOAD DUP1 DUP1 PUSH1 0x20 ADD DUP3 DUP2 SUB DUP3 MSTORE DUP4 DUP2 DUP2 MLOAD DUP2 MSTORE PUSH1 0x20 ADD SWAP2 POP DUP1 MLOAD SWAP1 PUSH1 0x20 ADD SWAP1 DUP1 DUP4 DUP4 PUSH1 0x0 JUMPDEST DUP4 DUP2 LT ISZERO PUSH2 0x16C JUMPI DUP1 DUP3 ADD MLOAD DUP2 DUP5 ADD MSTORE PUSH1 0x20 DUP2 ADD SWAP1 POP PUSH2 0x151 JUMP JUMPDEST POP POP POP POP SWAP1 POP SWAP1 DUP2 ADD SWAP1 PUSH1 0x1F AND DUP1 ISZERO PUSH2 0x199 JUMPI DUP1 DUP3 SUB DUP1 MLOAD PUSH1 0x1 DUP4 PUSH1 0x20 SUB PUSH2 0x100 EXP SUB NOT AND DUP2 MSTORE PUSH1 0x20 ADD SWAP2 POP JUMPDEST POP SWAP3 POP POP POP PUSH1 0x40 MLOAD DUP1 SWAP2 SUB SWAP1 RETURN JUMPDEST CALLVALUE DUP1 ISZERO PUSH2 0x1B3 JUMPI PUSH1 0x0 DUP1 REVERT JUMPDEST POP PUSH2 0x1F2 PUSH1 0x4 DUP1 CALLDATASIZE SUB DUP2 ADD SWAP1 DUP1 DUP1 CALLDATALOAD PUSH20 0xFFFFFFFFFFFFFFFFFFFFFFFFFFFFFFFFFFFFFFFF AND SWAP1 PUSH1 0x20 ADD SWAP1 SWAP3 SWAP2 SWAP1 DUP1 CALLDATALOAD SWAP1 PUSH1 0x20 ADD SWAP1 SWAP3 SWAP2 SWAP1 POP POP POP PUSH2 0x923 JUMP JUMPDEST PUSH1 0x40 MLOAD DUP1 DUP3 ISZERO ISZERO ISZERO ISZERO DUP2 MSTORE PUSH1 0x20 ADD SWAP2 POP POP PUSH1 0x40 MLOAD DUP1 SWAP2 SUB SWAP1 RETURN JUMPDEST CALLVALUE DUP1 ISZERO PUSH2 0x218 JUMPI PUSH1 0x0 DUP1 REVERT JUMPDEST POP PUSH2 0x221 PUSH2 0xA24 JUMP JUMPDEST PUSH1 0x40 MLOAD DUP1 DUP3 DUP2 MSTORE PUSH1 0x20 ADD SWAP2 POP POP PUSH1 0x40 MLOAD DUP1 SWAP2 SUB SWAP1 RETURN JUMPDEST CALLVALUE DUP1 ISZERO PUSH2 0x243 JUMPI PUSH1 0x0 DUP1 REVERT JUMPDEST POP PUSH2 0x2DE PUSH1 0x4 DUP1 CALLDATASIZE SUB DUP2 ADD SWAP1 DUP1 DUP1 CALLDATALOAD SWAP1 PUSH1 0x20 ADD SWAP1 DUP3 ADD DUP1 CALLDATALOAD SWAP1 PUSH1 0x20 ADD SWAP1 DUP1 DUP1 PUSH1 0x20 MUL PUSH1 0x20 ADD PUSH1 0x40 MLOAD SWAP1 DUP2 ADD PUSH1 0x40 MSTORE DUP1 SWAP4 SWAP3 SWAP2 SWAP1 DUP2 DUP2 MSTORE PUSH1 0x20 ADD DUP4 DUP4 PUSH1 0x20 MUL DUP1 DUP3 DUP5 CALLDATACOPY DUP3 ADD SWAP2 POP POP POP POP POP POP SWAP2 SWAP3 SWAP2 SWAP3 SWAP1 DUP1 CALLDATALOAD SWAP1 PUSH1 0x20 ADD SWAP1 DUP3 ADD DUP1 CALLDATALOAD SWAP1 PUSH1 0x20 ADD SWAP1 DUP1 DUP1 PUSH1 0x20 MUL PUSH1 0x20 ADD PUSH1 0x40 MLOAD SWAP1 DUP2 ADD PUSH1 0x40 MSTORE DUP1 SWAP4 SWAP3 SWAP2 SWAP1 DUP2 DUP2 MSTORE PUSH1 0x20 ADD DUP4 DUP4 PUSH1 0x20 MUL DUP1 DUP3 DUP5 CALLDATACOPY DUP3 ADD SWAP2 POP POP POP POP POP POP SWAP2 SWAP3 SWAP2 SWAP3 SWAP1 POP POP POP PUSH2 0xA2E JUMP JUMPDEST PUSH1 0x40 MLOAD DUP1 DUP3 DUP2 MSTORE PUSH1 0x20 ADD SWAP2 POP POP PUSH1 0x40 MLOAD DUP1 SWAP2 SUB SWAP1 RETURN JUMPDEST CALLVALUE DUP1 ISZERO PUSH2 0x300 JUMPI PUSH1 0x0 DUP1 REVERT JUMPDEST POP PUSH2 0x33F PUSH1 0x4 DUP1 CALLDATASIZE SUB DUP2 ADD SWAP1 DUP1 DUP1 CALLDATALOAD PUSH20 0xFFFFFFFFFFFFFFFFFFFFFFFFFFFFFFFFFFFFFFFF AND SWAP1 PUSH1 0x20 ADD SWAP1 SWAP3 SWAP2 SWAP1 DUP1 CALLDATALOAD SWAP1 PUSH1 0x20 ADD SWAP1 SWAP3 SWAP2 SWAP1 POP POP POP PUSH2 0xAA2 JUMP JUMPDEST PUSH1 0x40 MLOAD DUP1 DUP3 ISZERO ISZERO ISZERO ISZERO DUP2 MSTORE PUSH1 0x20 ADD SWAP2 POP POP PUSH1 0x40 MLOAD DUP1 SWAP2 SUB SWAP1 RETURN JUMPDEST CALLVALUE DUP1 ISZERO PUSH2 0x365 JUMPI PUSH1 0x0 DUP1 REVERT JUMPDEST POP PUSH2 0x3C4 PUSH1 0x4 DUP1 CALLDATASIZE SUB DUP2 ADD SWAP1 DUP1 DUP1 CALLDATALOAD PUSH20 0xFFFFFFFFFFFFFFFFFFFFFFFFFFFFFFFFFFFFFFFF AND SWAP1 PUSH1 0x20 ADD SWAP1 SWAP3 SWAP2 SWAP1 DUP1 CALLDATALOAD PUSH20 0xFFFFFFFFFFFFFFFFFFFFFFFFFFFFFFFFFFFFFFFF AND SWAP1 PUSH1 0x20 ADD SWAP1 SWAP3 SWAP2 SWAP1 DUP1 CALLDATALOAD SWAP1 PUSH1 0x20 ADD SWAP1 SWAP3 SWAP2 SWAP1 POP POP POP PUSH2 0xC0D JUMP JUMPDEST PUSH1 0x40 MLOAD DUP1 DUP3 ISZERO ISZERO ISZERO ISZERO DUP2 MSTORE PUSH1 0x20 ADD SWAP2 POP POP PUSH1 0x40 MLOAD DUP1 SWAP2 SUB SWAP1 RETURN JUMPDEST CALLVALUE DUP1 ISZERO PUSH2 0x3EA JUMPI PUSH1 0x0 DUP1 REVERT JUMPDEST POP PUSH2 0x3F3 PUSH2 0xF48 JUMP JUMPDEST PUSH1 0x40 MLOAD DUP1 DUP3 DUP2 MSTORE PUSH1 0x20 ADD SWAP2 POP POP PUSH1 0x40 MLOAD DUP1 SWAP2 SUB SWAP1 RETURN JUMPDEST CALLVALUE DUP1 ISZERO PUSH2 0x415 JUMPI PUSH1 0x0 DUP1 REVERT JUMPDEST POP PUSH2 0x454 PUSH1 0x4 DUP1 CALLDATASIZE SUB DUP2 ADD SWAP1 DUP1 DUP1 CALLDATALOAD PUSH20 0xFFFFFFFFFFFFFFFFFFFFFFFFFFFFFFFFFFFFFFFF AND SWAP1 PUSH1 0x20 ADD SWAP1 SWAP3 SWAP2 SWAP1 DUP1 CALLDATALOAD SWAP1 PUSH1 0x20 ADD SWAP1 SWAP3 SWAP2 SWAP1 POP POP POP PUSH2 0xF4E JUMP JUMPDEST PUSH1 0x40 MLOAD DUP1 DUP3 ISZERO ISZERO ISZERO ISZERO DUP2 MSTORE PUSH1 0x20 ADD SWAP2 POP POP PUSH1 0x40 MLOAD DUP1 SWAP2 SUB SWAP1 RETURN JUMPDEST CALLVALUE DUP1 ISZERO PUSH2 0x47A JUMPI PUSH1 0x0 DUP1 REVERT JUMPDEST POP PUSH2 0x483 PUSH2 0x1111 JUMP JUMPDEST PUSH1 0x40 MLOAD DUP1 DUP3 DUP2 MSTORE PUSH1 0x20 ADD SWAP2 POP POP PUSH1 0x40 MLOAD DUP1 SWAP2 SUB SWAP1 RETURN JUMPDEST CALLVALUE DUP1 ISZERO PUSH2 0x4A5 JUMPI PUSH1 0x0 DUP1 REVERT JUMPDEST POP PUSH2 0x4C4 PUSH1 0x4 DUP1 CALLDATASIZE SUB DUP2 ADD SWAP1 DUP1 DUP1 CALLDATALOAD SWAP1 PUSH1 0x20 ADD SWAP1 SWAP3 SWAP2 SWAP1 POP POP POP PUSH2 0x1117 JUMP JUMPDEST PUSH1 0x40 MLOAD DUP1 DUP3 ISZERO ISZERO ISZERO ISZERO DUP2 MSTORE PUSH1 0x20 ADD SWAP2 POP POP PUSH1 0x40 MLOAD DUP1 SWAP2 SUB SWAP1 RETURN JUMPDEST CALLVALUE DUP1 ISZERO PUSH2 0x4EA JUMPI PUSH1 0x0 DUP1 REVERT JUMPDEST POP PUSH2 0x51F PUSH1 0x4 DUP1 CALLDATASIZE SUB DUP2 ADD SWAP1 DUP1 DUP1 CALLDATALOAD PUSH20 0xFFFFFFFFFFFFFFFFFFFFFFFFFFFFFFFFFFFFFFFF AND SWAP1 PUSH1 0x20 ADD SWAP1 SWAP3 SWAP2 SWAP1 POP POP POP PUSH2 0x12D9 JUMP JUMPDEST PUSH1 0x40 MLOAD DUP1 DUP3 DUP2 MSTORE PUSH1 0x20 ADD SWAP2 POP POP PUSH1 0x40 MLOAD DUP1 SWAP2 SUB SWAP1 RETURN JUMPDEST CALLVALUE DUP1 ISZERO PUSH2 0x541 JUMPI PUSH1 0x0 DUP1 REVERT JUMPDEST POP PUSH2 0x54A PUSH2 0x1322 JUMP JUMPDEST PUSH1 0x40 MLOAD DUP1 DUP3 PUSH20 0xFFFFFFFFFFFFFFFFFFFFFFFFFFFFFFFFFFFFFFFF AND PUSH20 0xFFFFFFFFFFFFFFFFFFFFFFFFFFFFFFFFFFFFFFFF AND DUP2 MSTORE PUSH1 0x20 ADD SWAP2 POP POP PUSH1 0x40 MLOAD DUP1 SWAP2 SUB SWAP1 RETURN JUMPDEST CALLVALUE DUP1 ISZERO PUSH2 0x598 JUMPI PUSH1 0x0 DUP1 REVERT JUMPDEST POP PUSH2 0x5B9 PUSH1 0x4 DUP1 CALLDATASIZE SUB DUP2 ADD SWAP1 DUP1 DUP1 CALLDATALOAD ISZERO ISZERO SWAP1 PUSH1 0x20 ADD SWAP1 SWAP3 SWAP2 SWAP1 POP POP POP PUSH2 0x1347 JUMP JUMPDEST PUSH1 0x40 MLOAD DUP1 DUP3 ISZERO ISZERO ISZERO ISZERO DUP2 MSTORE PUSH1 0x20 ADD SWAP2 POP POP PUSH1 0x40 MLOAD DUP1 SWAP2 SUB SWAP1 RETURN JUMPDEST CALLVALUE DUP1 ISZERO PUSH2 0x5DF JUMPI PUSH1 0x0 DUP1 REVERT JUMPDEST POP PUSH2 0x5E8 PUSH2 0x1402 JUMP JUMPDEST PUSH1 0x40 MLOAD DUP1 DUP1 PUSH1 0x20 ADD DUP3 DUP2 SUB DUP3 MSTORE DUP4 DUP2 DUP2 MLOAD DUP2 MSTORE PUSH1 0x20 ADD SWAP2 POP DUP1 MLOAD SWAP1 PUSH1 0x20 ADD SWAP1 DUP1 DUP4 DUP4 PUSH1 0x0 JUMPDEST DUP4 DUP2 LT ISZERO PUSH2 0x628 JUMPI DUP1 DUP3 ADD MLOAD DUP2 DUP5 ADD MSTORE PUSH1 0x20 DUP2 ADD SWAP1 POP PUSH2 0x60D JUMP JUMPDEST POP POP POP POP SWAP1 POP SWAP1 DUP2 ADD SWAP1 PUSH1 0x1F AND DUP1 ISZERO PUSH2 0x655 JUMPI DUP1 DUP3 SUB DUP1 MLOAD PUSH1 0x1 DUP4 PUSH1 0x20 SUB PUSH2 0x100 EXP SUB NOT AND DUP2 MSTORE PUSH1 0x20 ADD SWAP2 POP JUMPDEST POP SWAP3 POP POP POP PUSH1 0x40 MLOAD DUP1 SWAP2 SUB SWAP1 RETURN JUMPDEST CALLVALUE DUP1 ISZERO PUSH2 0x66F JUMPI PUSH1 0x0 DUP1 REVERT JUMPDEST POP PUSH2 0x68E PUSH1 0x4 DUP1 CALLDATASIZE SUB DUP2 ADD SWAP1 DUP1 DUP1 CALLDATALOAD SWAP1 PUSH1 0x20 ADD SWAP1 SWAP3 SWAP2 SWAP1 POP POP POP PUSH2 0x14A0 JUMP JUMPDEST PUSH1 0x40 MLOAD DUP1 DUP3 ISZERO ISZERO ISZERO ISZERO DUP2 MSTORE PUSH1 0x20 ADD SWAP2 POP POP PUSH1 0x40 MLOAD DUP1 SWAP2 SUB SWAP1 RETURN JUMPDEST CALLVALUE DUP1 ISZERO PUSH2 0x6B4 JUMPI PUSH1 0x0 DUP1 REVERT JUMPDEST POP PUSH2 0x6E9 PUSH1 0x4 DUP1 CALLDATASIZE SUB DUP2 ADD SWAP1 DUP1 DUP1 CALLDATALOAD PUSH20 0xFFFFFFFFFFFFFFFFFFFFFFFFFFFFFFFFFFFFFFFF AND SWAP1 PUSH1 0x20 ADD SWAP1 SWAP3 SWAP2 SWAP1 POP POP POP PUSH2 0x160A JUMP JUMPDEST PUSH1 0x40 MLOAD DUP1 DUP3 ISZERO ISZERO ISZERO ISZERO DUP2 MSTORE PUSH1 0x20 ADD SWAP2 POP POP PUSH1 0x40 MLOAD DUP1 SWAP2 SUB SWAP1 RETURN JUMPDEST CALLVALUE DUP1 ISZERO PUSH2 0x70F JUMPI PUSH1 0x0 DUP1 REVERT JUMPDEST POP PUSH2 0x74E PUSH1 0x4 DUP1 CALLDATASIZE SUB DUP2 ADD SWAP1 DUP1 DUP1 CALLDATALOAD PUSH20 0xFFFFFFFFFFFFFFFFFFFFFFFFFFFFFFFFFFFFFFFF AND SWAP1 PUSH1 0x20 ADD SWAP1 SWAP3 SWAP2 SWAP1 DUP1 CALLDATALOAD SWAP1 PUSH1 0x20 ADD SWAP1 SWAP3 SWAP2 SWAP1 POP POP POP PUSH2 0x170A JUMP JUMPDEST PUSH1 0x40 MLOAD DUP1 DUP3 ISZERO ISZERO ISZERO ISZERO DUP2 MSTORE PUSH1 0x20 ADD SWAP2 POP POP PUSH1 0x40 MLOAD DUP1 SWAP2 SUB SWAP1 RETURN JUMPDEST CALLVALUE DUP1 ISZERO PUSH2 0x774 JUMPI PUSH1 0x0 DUP1 REVERT JUMPDEST POP PUSH2 0x7C9 PUSH1 0x4 DUP1 CALLDATASIZE SUB DUP2 ADD SWAP1 DUP1 DUP1 CALLDATALOAD PUSH20 0xFFFFFFFFFFFFFFFFFFFFFFFFFFFFFFFFFFFFFFFF AND SWAP1 PUSH1 0x20 ADD SWAP1 SWAP3 SWAP2 SWAP1 DUP1 CALLDATALOAD PUSH20 0xFFFFFFFFFFFFFFFFFFFFFFFFFFFFFFFFFFFFFFFF AND SWAP1 PUSH1 0x20 ADD SWAP1 SWAP3 SWAP2 SWAP1 POP POP POP PUSH2 0x18A9 JUMP JUMPDEST PUSH1 0x40 MLOAD DUP1 DUP3 DUP2 MSTORE PUSH1 0x20 ADD SWAP2 POP POP PUSH1 0x40 MLOAD DUP1 SWAP2 SUB SWAP1 RETURN JUMPDEST CALLVALUE DUP1 ISZERO PUSH2 0x7EB JUMPI PUSH1 0x0 DUP1 REVERT JUMPDEST POP PUSH2 0x840 PUSH1 0x4 DUP1 CALLDATASIZE SUB DUP2 ADD SWAP1 DUP1 DUP1 CALLDATALOAD PUSH20 0xFFFFFFFFFFFFFFFFFFFFFFFFFFFFFFFFFFFFFFFF AND SWAP1 PUSH1 0x20 ADD SWAP1 SWAP3 SWAP2 SWAP1 DUP1 CALLDATALOAD PUSH20 0xFFFFFFFFFFFFFFFFFFFFFFFFFFFFFFFFFFFFFFFF AND SWAP1 PUSH1 0x20 ADD SWAP1 SWAP3 SWAP2 SWAP1 POP POP POP PUSH2 0x1930 JUMP JUMPDEST PUSH1 0x40 MLOAD DUP1 DUP3 DUP2 MSTORE PUSH1 0x20 ADD SWAP2 POP POP PUSH1 0x40 MLOAD DUP1 SWAP2 SUB SWAP1 RETURN JUMPDEST CALLVALUE DUP1 ISZERO PUSH2 0x862 JUMPI PUSH1 0x0 DUP1 REVERT JUMPDEST POP PUSH2 0x86B PUSH2 0x1955 JUMP JUMPDEST PUSH1 0x40 MLOAD DUP1 DUP3 ISZERO ISZERO ISZERO ISZERO DUP2 MSTORE PUSH1 0x20 ADD SWAP2 POP POP PUSH1 0x40 MLOAD DUP1 SWAP2 SUB SWAP1 RETURN JUMPDEST PUSH1 0x3 DUP1 SLOAD PUSH1 0x1 DUP2 PUSH1 0x1 AND ISZERO PUSH2 0x100 MUL SUB AND PUSH1 0x2 SWAP1 DIV DUP1 PUSH1 0x1F ADD PUSH1 0x20 DUP1 SWAP2 DIV MUL PUSH1 0x20 ADD PUSH1 0x40 MLOAD SWAP1 DUP2 ADD PUSH1 0x40 MSTORE DUP1 SWAP3 SWAP2 SWAP1 DUP2 DUP2 MSTORE PUSH1 0x20 ADD DUP3 DUP1 SLOAD PUSH1 0x1 DUP2 PUSH1 0x1 AND ISZERO PUSH2 0x100 MUL SUB AND PUSH1 0x2 SWAP1 DIV DUP1 ISZERO PUSH2 0x91B JUMPI DUP1 PUSH1 0x1F LT PUSH2 0x8F0 JUMPI PUSH2 0x100 DUP1 DUP4 SLOAD DIV MUL DUP4 MSTORE SWAP2 PUSH1 0x20 ADD SWAP2 PUSH2 0x91B JUMP JUMPDEST DUP3 ADD SWAP2 SWAP1 PUSH1 0x0 MSTORE PUSH1 0x20 PUSH1 0x0 KECCAK256 SWAP1 JUMPDEST DUP2 SLOAD DUP2 MSTORE SWAP1 PUSH1 0x1 ADD SWAP1 PUSH1 0x20 ADD DUP1 DUP4 GT PUSH2 0x8FE JUMPI DUP3 SWAP1 SUB PUSH1 0x1F AND DUP3 ADD SWAP2 JUMPDEST POP POP POP POP POP DUP2 JUMP JUMPDEST PUSH1 0x0 DUP1 DUP3 LT ISZERO ISZERO ISZERO PUSH2 0x934 JUMPI PUSH1 0x0 DUP1 REVERT JUMPDEST DUP2 PUSH1 0x6 PUSH1 0x0 CALLER PUSH20 0xFFFFFFFFFFFFFFFFFFFFFFFFFFFFFFFFFFFFFFFF AND PUSH20 0xFFFFFFFFFFFFFFFFFFFFFFFFFFFFFFFFFFFFFFFF AND DUP2 MSTORE PUSH1 0x20 ADD SWAP1 DUP2 MSTORE PUSH1 0x20 ADD PUSH1 0x0 KECCAK256 PUSH1 0x0 DUP6 PUSH20 0xFFFFFFFFFFFFFFFFFFFFFFFFFFFFFFFFFFFFFFFF AND PUSH20 0xFFFFFFFFFFFFFFFFFFFFFFFFFFFFFFFFFFFFFFFF AND DUP2 MSTORE PUSH1 0x20 ADD SWAP1 DUP2 MSTORE PUSH1 0x20 ADD PUSH1 0x0 KECCAK256 DUP2 SWAP1 SSTORE POP DUP3 PUSH20 0xFFFFFFFFFFFFFFFFFFFFFFFFFFFFFFFFFFFFFFFF AND CALLER PUSH20 0xFFFFFFFFFFFFFFFFFFFFFFFFFFFFFFFFFFFFFFFF AND PUSH32 0x8C5BE1E5EBEC7D5BD14F71427D1E84F3DD0314C0F7B2291E5B200AC8C7C3B925 DUP5 PUSH1 0x40 MLOAD DUP1 DUP3 DUP2 MSTORE PUSH1 0x20 ADD SWAP2 POP POP PUSH1 0x40 MLOAD DUP1 SWAP2 SUB SWAP1 LOG3 PUSH1 0x1 SWAP1 POP SWAP3 SWAP2 POP POP JUMP JUMPDEST PUSH1 0x0 PUSH1 0x1 SLOAD SWAP1 POP SWAP1 JUMP JUMPDEST PUSH1 0x0 DUP1 PUSH1 0x0 DUP1 SWAP2 POP PUSH1 0x0 SWAP1 POP JUMPDEST DUP5 MLOAD DUP2 LT ISZERO PUSH2 0xA97 JUMPI PUSH2 0xA7C DUP6 DUP3 DUP2 MLOAD DUP2 LT ISZERO ISZERO PUSH2 0xA55 JUMPI INVALID JUMPDEST SWAP1 PUSH1 0x20 ADD SWAP1 PUSH1 0x20 MUL ADD MLOAD DUP6 DUP4 DUP2 MLOAD DUP2 LT ISZERO ISZERO PUSH2 0xA6D JUMPI INVALID JUMPDEST SWAP1 PUSH1 0x20 ADD SWAP1 PUSH1 0x20 MUL ADD MLOAD PUSH2 0x170A JUMP JUMPDEST ISZERO ISZERO PUSH2 0xA87 JUMPI PUSH1 0x0 DUP1 REVERT JUMPDEST DUP1 SWAP2 POP DUP1 DUP1 PUSH1 0x1 ADD SWAP2 POP POP PUSH2 0xA3B JUMP JUMPDEST DUP2 SWAP3 POP POP POP SWAP3 SWAP2 POP POP JUMP JUMPDEST PUSH1 0x0 DUP1 PUSH1 0x0 SWAP1 SLOAD SWAP1 PUSH2 0x100 EXP SWAP1 DIV PUSH20 0xFFFFFFFFFFFFFFFFFFFFFFFFFFFFFFFFFFFFFFFF AND PUSH20 0xFFFFFFFFFFFFFFFFFFFFFFFFFFFFFFFFFFFFFFFF AND CALLER PUSH20 0xFFFFFFFFFFFFFFFFFFFFFFFFFFFFFFFFFFFFFFFF AND EQ ISZERO ISZERO PUSH2 0xAFF JUMPI PUSH1 0x0 DUP1 REVERT JUMPDEST PUSH2 0xB0B PUSH1 0x1 SLOAD DUP4 PUSH2 0x1968 JUMP JUMPDEST PUSH1 0x1 DUP2 SWAP1 SSTORE POP PUSH2 0xB5A PUSH1 0x2 PUSH1 0x0 DUP6 PUSH20 0xFFFFFFFFFFFFFFFFFFFFFFFFFFFFFFFFFFFFFFFF AND PUSH20 0xFFFFFFFFFFFFFFFFFFFFFFFFFFFFFFFFFFFFFFFF AND DUP2 MSTORE PUSH1 0x20 ADD SWAP1 DUP2 MSTORE PUSH1 0x20 ADD PUSH1 0x0 KECCAK256 SLOAD DUP4 PUSH2 0x1968 JUMP JUMPDEST PUSH1 0x2 PUSH1 0x0 DUP6 PUSH20 0xFFFFFFFFFFFFFFFFFFFFFFFFFFFFFFFFFFFFFFFF AND PUSH20 0xFFFFFFFFFFFFFFFFFFFFFFFFFFFFFFFFFFFFFFFF AND DUP2 MSTORE PUSH1 0x20 ADD SWAP1 DUP2 MSTORE PUSH1 0x20 ADD PUSH1 0x0 KECCAK256 DUP2 SWAP1 SSTORE POP DUP3 PUSH20 0xFFFFFFFFFFFFFFFFFFFFFFFFFFFFFFFFFFFFFFFF AND PUSH1 0x0 PUSH20 0xFFFFFFFFFFFFFFFFFFFFFFFFFFFFFFFFFFFFFFFF AND PUSH32 0xDDF252AD1BE2C89B69C2B068FC378DAA952BA7F163C4A11628F55A4DF523B3EF DUP5 PUSH1 0x40 MLOAD DUP1 DUP3 DUP2 MSTORE PUSH1 0x20 ADD SWAP2 POP POP PUSH1 0x40 MLOAD DUP1 SWAP2 SUB SWAP1 LOG3 PUSH1 0x1 SWAP1 POP SWAP3 SWAP2 POP POP JUMP JUMPDEST PUSH1 0x0 PUSH2 0xC1A DUP5 DUP5 DUP5 PUSH2 0x1992 JUMP JUMPDEST ISZERO ISZERO PUSH2 0xC25 JUMPI PUSH1 0x0 DUP1 REVERT JUMPDEST PUSH1 0x0 PUSH2 0xCAD PUSH1 0x6 PUSH1 0x0 DUP8 PUSH20 0xFFFFFFFFFFFFFFFFFFFFFFFFFFFFFFFFFFFFFFFF AND PUSH20 0xFFFFFFFFFFFFFFFFFFFFFFFFFFFFFFFFFFFFFFFF AND DUP2 MSTORE PUSH1 0x20 ADD SWAP1 DUP2 MSTORE PUSH1 0x20 ADD PUSH1 0x0 KECCAK256 PUSH1 0x0 CALLER PUSH20 0xFFFFFFFFFFFFFFFFFFFFFFFFFFFFFFFFFFFFFFFF AND PUSH20 0xFFFFFFFFFFFFFFFFFFFFFFFFFFFFFFFFFFFFFFFF AND DUP2 MSTORE PUSH1 0x20 ADD SWAP1 DUP2 MSTORE PUSH1 0x20 ADD PUSH1 0x0 KECCAK256 SLOAD DUP5 PUSH2 0x1B47 JUMP JUMPDEST LT ISZERO ISZERO ISZERO PUSH2 0xCBA JUMPI PUSH1 0x0 DUP1 REVERT JUMPDEST PUSH2 0xD40 PUSH1 0x6 PUSH1 0x0 DUP7 PUSH20 0xFFFFFFFFFFFFFFFFFFFFFFFFFFFFFFFFFFFFFFFF AND PUSH20 0xFFFFFFFFFFFFFFFFFFFFFFFFFFFFFFFFFFFFFFFF AND DUP2 MSTORE PUSH1 0x20 ADD SWAP1 DUP2 MSTORE PUSH1 0x20 ADD PUSH1 0x0 KECCAK256 PUSH1 0x0 CALLER PUSH20 0xFFFFFFFFFFFFFFFFFFFFFFFFFFFFFFFFFFFFFFFF AND PUSH20 0xFFFFFFFFFFFFFFFFFFFFFFFFFFFFFFFFFFFFFFFF AND DUP2 MSTORE PUSH1 0x20 ADD SWAP1 DUP2 MSTORE PUSH1 0x20 ADD PUSH1 0x0 KECCAK256 SLOAD DUP4 PUSH2 0x1B47 JUMP JUMPDEST PUSH1 0x6 PUSH1 0x0 DUP7 PUSH20 0xFFFFFFFFFFFFFFFFFFFFFFFFFFFFFFFFFFFFFFFF AND PUSH20 0xFFFFFFFFFFFFFFFFFFFFFFFFFFFFFFFFFFFFFFFF AND DUP2 MSTORE PUSH1 0x20 ADD SWAP1 DUP2 MSTORE PUSH1 0x20 ADD PUSH1 0x0 KECCAK256 PUSH1 0x0 CALLER PUSH20 0xFFFFFFFFFFFFFFFFFFFFFFFFFFFFFFFFFFFFFFFF AND PUSH20 0xFFFFFFFFFFFFFFFFFFFFFFFFFFFFFFFFFFFFFFFF AND DUP2 MSTORE PUSH1 0x20 ADD SWAP1 DUP2 MSTORE PUSH1 0x20 ADD PUSH1 0x0 KECCAK256 DUP2 SWAP1 SSTORE POP PUSH2 0xE09 PUSH1 0x2 PUSH1 0x0 DUP7 PUSH20 0xFFFFFFFFFFFFFFFFFFFFFFFFFFFFFFFFFFFFFFFF AND PUSH20 0xFFFFFFFFFFFFFFFFFFFFFFFFFFFFFFFFFFFFFFFF AND DUP2 MSTORE PUSH1 0x20 ADD SWAP1 DUP2 MSTORE PUSH1 0x20 ADD PUSH1 0x0 KECCAK256 SLOAD DUP4 PUSH2 0x1B47 JUMP JUMPDEST PUSH1 0x2 PUSH1 0x0 DUP7 PUSH20 0xFFFFFFFFFFFFFFFFFFFFFFFFFFFFFFFFFFFFFFFF AND PUSH20 0xFFFFFFFFFFFFFFFFFFFFFFFFFFFFFFFFFFFFFFFF AND DUP2 MSTORE PUSH1 0x20 ADD SWAP1 DUP2 MSTORE PUSH1 0x20 ADD PUSH1 0x0 KECCAK256 DUP2 SWAP1 SSTORE POP PUSH2 0xE95 PUSH1 0x2 PUSH1 0x0 DUP6 PUSH20 0xFFFFFFFFFFFFFFFFFFFFFFFFFFFFFFFFFFFFFFFF AND PUSH20 0xFFFFFFFFFFFFFFFFFFFFFFFFFFFFFFFFFFFFFFFF AND DUP2 MSTORE PUSH1 0x20 ADD SWAP1 DUP2 MSTORE PUSH1 0x20 ADD PUSH1 0x0 KECCAK256 SLOAD DUP4 PUSH2 0x1968 JUMP JUMPDEST PUSH1 0x2 PUSH1 0x0 DUP6 PUSH20 0xFFFFFFFFFFFFFFFFFFFFFFFFFFFFFFFFFFFFFFFF AND PUSH20 0xFFFFFFFFFFFFFFFFFFFFFFFFFFFFFFFFFFFFFFFF AND DUP2 MSTORE PUSH1 0x20 ADD SWAP1 DUP2 MSTORE PUSH1 0x20 ADD PUSH1 0x0 KECCAK256 DUP2 SWAP1 SSTORE POP DUP3 PUSH20 0xFFFFFFFFFFFFFFFFFFFFFFFFFFFFFFFFFFFFFFFF AND DUP5 PUSH20 0xFFFFFFFFFFFFFFFFFFFFFFFFFFFFFFFFFFFFFFFF AND PUSH32 0xDDF252AD1BE2C89B69C2B068FC378DAA952BA7F163C4A11628F55A4DF523B3EF DUP5 PUSH1 0x40 MLOAD DUP1 DUP3 DUP2 MSTORE PUSH1 0x20 ADD SWAP2 POP POP PUSH1 0x40 MLOAD DUP1 SWAP2 SUB SWAP1 LOG3 PUSH1 0x1 SWAP1 POP SWAP4 SWAP3 POP POP POP JUMP JUMPDEST PUSH1 0x5 SLOAD DUP2 JUMP JUMPDEST PUSH1 0x0 DUP1 PUSH1 0x0 SWAP1 SLOAD SWAP1 PUSH2 0x100 EXP SWAP1 DIV PUSH20 0xFFFFFFFFFFFFFFFFFFFFFFFFFFFFFFFFFFFFFFFF AND PUSH20 0xFFFFFFFFFFFFFFFFFFFFFFFFFFFFFFFFFFFFFFFF AND CALLER PUSH20 0xFFFFFFFFFFFFFFFFFFFFFFFFFFFFFFFFFFFFFFFF AND EQ ISZERO ISZERO PUSH2 0xFAB JUMPI PUSH1 0x0 DUP1 REVERT JUMPDEST PUSH1 0x0 PUSH2 0xFF6 PUSH1 0x2 PUSH1 0x0 DUP7 PUSH20 0xFFFFFFFFFFFFFFFFFFFFFFFFFFFFFFFFFFFFFFFF AND PUSH20 0xFFFFFFFFFFFFFFFFFFFFFFFFFFFFFFFFFFFFFFFF AND DUP2 MSTORE PUSH1 0x20 ADD SWAP1 DUP2 MSTORE PUSH1 0x20 ADD PUSH1 0x0 KECCAK256 SLOAD DUP5 PUSH2 0x1B47 JUMP JUMPDEST LT ISZERO ISZERO ISZERO PUSH2 0x1003 JUMPI PUSH1 0x0 DUP1 REVERT JUMPDEST PUSH2 0x100F PUSH1 0x1 SLOAD DUP4 PUSH2 0x1B47 JUMP JUMPDEST PUSH1 0x1 DUP2 SWAP1 SSTORE POP PUSH2 0x105E PUSH1 0x2 PUSH1 0x0 DUP6 PUSH20 0xFFFFFFFFFFFFFFFFFFFFFFFFFFFFFFFFFFFFFFFF AND PUSH20 0xFFFFFFFFFFFFFFFFFFFFFFFFFFFFFFFFFFFFFFFF AND DUP2 MSTORE PUSH1 0x20 ADD SWAP1 DUP2 MSTORE PUSH1 0x20 ADD PUSH1 0x0 KECCAK256 SLOAD DUP4 PUSH2 0x1B47 JUMP JUMPDEST PUSH1 0x2 PUSH1 0x0 DUP6 PUSH20 0xFFFFFFFFFFFFFFFFFFFFFFFFFFFFFFFFFFFFFFFF AND PUSH20 0xFFFFFFFFFFFFFFFFFFFFFFFFFFFFFFFFFFFFFFFF AND DUP2 MSTORE PUSH1 0x20 ADD SWAP1 DUP2 MSTORE PUSH1 0x20 ADD PUSH1 0x0 KECCAK256 DUP2 SWAP1 SSTORE POP PUSH1 0x0 PUSH20 0xFFFFFFFFFFFFFFFFFFFFFFFFFFFFFFFFFFFFFFFF AND DUP4 PUSH20 0xFFFFFFFFFFFFFFFFFFFFFFFFFFFFFFFFFFFFFFFF AND PUSH32 0xDDF252AD1BE2C89B69C2B068FC378DAA952BA7F163C4A11628F55A4DF523B3EF DUP5 PUSH1 0x40 MLOAD DUP1 DUP3 DUP2 MSTORE PUSH1 0x20 ADD SWAP2 POP POP PUSH1 0x40 MLOAD DUP1 SWAP2 SUB SWAP1 LOG3 PUSH1 0x1 SWAP1 POP SWAP3 SWAP2 POP POP JUMP JUMPDEST PUSH1 0x1 SLOAD DUP2 JUMP JUMPDEST PUSH1 0x0 DUP1 PUSH1 0x0 SWAP1 SLOAD SWAP1 PUSH2 0x100 EXP SWAP1 DIV PUSH20 0xFFFFFFFFFFFFFFFFFFFFFFFFFFFFFFFFFFFFFFFF AND PUSH20 0xFFFFFFFFFFFFFFFFFFFFFFFFFFFFFFFFFFFFFFFF AND CALLER PUSH20 0xFFFFFFFFFFFFFFFFFFFFFFFFFFFFFFFFFFFFFFFF AND EQ ISZERO ISZERO PUSH2 0x1174 JUMPI PUSH1 0x0 DUP1 REVERT JUMPDEST PUSH1 0x0 PUSH2 0x11BF PUSH1 0x2 PUSH1 0x0 CALLER PUSH20 0xFFFFFFFFFFFFFFFFFFFFFFFFFFFFFFFFFFFFFFFF AND PUSH20 0xFFFFFFFFFFFFFFFFFFFFFFFFFFFFFFFFFFFFFFFF AND DUP2 MSTORE PUSH1 0x20 ADD SWAP1 DUP2 MSTORE PUSH1 0x20 ADD PUSH1 0x0 KECCAK256 SLOAD DUP5 PUSH2 0x1B47 JUMP JUMPDEST LT ISZERO ISZERO ISZERO PUSH2 0x11CC JUMPI PUSH1 0x0 DUP1 REVERT JUMPDEST PUSH2 0x11D8 PUSH1 0x1 SLOAD DUP4 PUSH2 0x1B47 JUMP JUMPDEST PUSH1 0x1 DUP2 SWAP1 SSTORE POP PUSH2 0x1227 PUSH1 0x2 PUSH1 0x0 CALLER PUSH20 0xFFFFFFFFFFFFFFFFFFFFFFFFFFFFFFFFFFFFFFFF AND PUSH20 0xFFFFFFFFFFFFFFFFFFFFFFFFFFFFFFFFFFFFFFFF AND DUP2 MSTORE PUSH1 0x20 ADD SWAP1 DUP2 MSTORE PUSH1 0x20 ADD PUSH1 0x0 KECCAK256 SLOAD DUP4 PUSH2 0x1B47 JUMP JUMPDEST PUSH1 0x2 PUSH1 0x0 CALLER PUSH20 0xFFFFFFFFFFFFFFFFFFFFFFFFFFFFFFFFFFFFFFFF AND PUSH20 0xFFFFFFFFFFFFFFFFFFFFFFFFFFFFFFFFFFFFFFFF AND DUP2 MSTORE PUSH1 0x20 ADD SWAP1 DUP2 MSTORE PUSH1 0x20 ADD PUSH1 0x0 KECCAK256 DUP2 SWAP1 SSTORE POP PUSH1 0x0 PUSH20 0xFFFFFFFFFFFFFFFFFFFFFFFFFFFFFFFFFFFFFFFF AND CALLER PUSH20 0xFFFFFFFFFFFFFFFFFFFFFFFFFFFFFFFFFFFFFFFF AND PUSH32 0xDDF252AD1BE2C89B69C2B068FC378DAA952BA7F163C4A11628F55A4DF523B3EF DUP5 PUSH1 0x40 MLOAD DUP1 DUP3 DUP2 MSTORE PUSH1 0x20 ADD SWAP2 POP POP PUSH1 0x40 MLOAD DUP1 SWAP2 SUB SWAP1 LOG3 PUSH1 0x1 SWAP1 POP SWAP2 SWAP1 POP JUMP JUMPDEST PUSH1 0x0 PUSH1 0x2 PUSH1 0x0 DUP4 PUSH20 0xFFFFFFFFFFFFFFFFFFFFFFFFFFFFFFFFFFFFFFFF AND PUSH20 0xFFFFFFFFFFFFFFFFFFFFFFFFFFFFFFFFFFFFFFFF AND DUP2 MSTORE PUSH1 0x20 ADD SWAP1 DUP2 MSTORE PUSH1 0x20 ADD PUSH1 0x0 KECCAK256 SLOAD SWAP1 POP SWAP2 SWAP1 POP JUMP JUMPDEST PUSH1 0x0 DUP1 SWAP1 SLOAD SWAP1 PUSH2 0x100 EXP SWAP1 DIV PUSH20 0xFFFFFFFFFFFFFFFFFFFFFFFFFFFFFFFFFFFFFFFF AND DUP2 JUMP JUMPDEST PUSH1 0x0 DUP1 PUSH1 0x0 SWAP1 SLOAD SWAP1 PUSH2 0x100 EXP SWAP1 DIV PUSH20 0xFFFFFFFFFFFFFFFFFFFFFFFFFFFFFFFFFFFFFFFF AND PUSH20 0xFFFFFFFFFFFFFFFFFFFFFFFFFFFFFFFFFFFFFFFF AND CALLER PUSH20 0xFFFFFFFFFFFFFFFFFFFFFFFFFFFFFFFFFFFFFFFF AND EQ ISZERO ISZERO PUSH2 0x13A4 JUMPI PUSH1 0x0 DUP1 REVERT JUMPDEST DUP2 PUSH1 0x0 PUSH1 0x14 PUSH2 0x100 EXP DUP2 SLOAD DUP2 PUSH1 0xFF MUL NOT AND SWAP1 DUP4 ISZERO ISZERO MUL OR SWAP1 SSTORE POP PUSH32 0xCBF620BE2E812FF1FF009520F704825C88925DCD66226CD7CC741B8A8469E627 DUP3 PUSH1 0x40 MLOAD DUP1 DUP3 ISZERO ISZERO ISZERO ISZERO DUP2 MSTORE PUSH1 0x20 ADD SWAP2 POP POP PUSH1 0x40 MLOAD DUP1 SWAP2 SUB SWAP1 LOG1 PUSH1 0x1 SWAP1 POP SWAP2 SWAP1 POP JUMP JUMPDEST PUSH1 0x4 DUP1 SLOAD PUSH1 0x1 DUP2 PUSH1 0x1 AND ISZERO PUSH2 0x100 MUL SUB AND PUSH1 0x2 SWAP1 DIV DUP1 PUSH1 0x1F ADD PUSH1 0x20 DUP1 SWAP2 DIV MUL PUSH1 0x20 ADD PUSH1 0x40 MLOAD SWAP1 DUP2 ADD PUSH1 0x40 MSTORE DUP1 SWAP3 SWAP2 SWAP1 DUP2 DUP2 MSTORE PUSH1 0x20 ADD DUP3 DUP1 SLOAD PUSH1 0x1 DUP2 PUSH1 0x1 AND ISZERO PUSH2 0x100 MUL SUB AND PUSH1 0x2 SWAP1 DIV DUP1 ISZERO PUSH2 0x1498 JUMPI DUP1 PUSH1 0x1F LT PUSH2 0x146D JUMPI PUSH2 0x100 DUP1 DUP4 SLOAD DIV MUL DUP4 MSTORE SWAP2 PUSH1 0x20 ADD SWAP2 PUSH2 0x1498 JUMP JUMPDEST DUP3 ADD SWAP2 SWAP1 PUSH1 0x0 MSTORE PUSH1 0x20 PUSH1 0x0 KECCAK256 SWAP1 JUMPDEST DUP2 SLOAD DUP2 MSTORE SWAP1 PUSH1 0x1 ADD SWAP1 PUSH1 0x20 ADD DUP1 DUP4 GT PUSH2 0x147B JUMPI DUP3 SWAP1 SUB PUSH1 0x1F AND DUP3 ADD SWAP2 JUMPDEST POP POP POP POP POP DUP2 JUMP JUMPDEST PUSH1 0x0 DUP1 PUSH1 0x0 SWAP1 SLOAD SWAP1 PUSH2 0x100 EXP SWAP1 DIV PUSH20 0xFFFFFFFFFFFFFFFFFFFFFFFFFFFFFFFFFFFFFFFF AND PUSH20 0xFFFFFFFFFFFFFFFFFFFFFFFFFFFFFFFFFFFFFFFF AND CALLER PUSH20 0xFFFFFFFFFFFFFFFFFFFFFFFFFFFFFFFFFFFFFFFF AND EQ ISZERO ISZERO PUSH2 0x14FD JUMPI PUSH1 0x0 DUP1 REVERT JUMPDEST PUSH2 0x1509 PUSH1 0x1 SLOAD DUP4 PUSH2 0x1968 JUMP JUMPDEST PUSH1 0x1 DUP2 SWAP1 SSTORE POP PUSH2 0x1558 PUSH1 0x2 PUSH1 0x0 CALLER PUSH20 0xFFFFFFFFFFFFFFFFFFFFFFFFFFFFFFFFFFFFFFFF AND PUSH20 0xFFFFFFFFFFFFFFFFFFFFFFFFFFFFFFFFFFFFFFFF AND DUP2 MSTORE PUSH1 0x20 ADD SWAP1 DUP2 MSTORE PUSH1 0x20 ADD PUSH1 0x0 KECCAK256 SLOAD DUP4 PUSH2 0x1968 JUMP JUMPDEST PUSH1 0x2 PUSH1 0x0 CALLER PUSH20 0xFFFFFFFFFFFFFFFFFFFFFFFFFFFFFFFFFFFFFFFF AND PUSH20 0xFFFFFFFFFFFFFFFFFFFFFFFFFFFFFFFFFFFFFFFF AND DUP2 MSTORE PUSH1 0x20 ADD SWAP1 DUP2 MSTORE PUSH1 0x20 ADD PUSH1 0x0 KECCAK256 DUP2 SWAP1 SSTORE POP CALLER PUSH20 0xFFFFFFFFFFFFFFFFFFFFFFFFFFFFFFFFFFFFFFFF AND PUSH1 0x0 PUSH20 0xFFFFFFFFFFFFFFFFFFFFFFFFFFFFFFFFFFFFFFFF AND PUSH32 0xDDF252AD1BE2C89B69C2B068FC378DAA952BA7F163C4A11628F55A4DF523B3EF DUP5 PUSH1 0x40 MLOAD DUP1 DUP3 DUP2 MSTORE PUSH1 0x20 ADD SWAP2 POP POP PUSH1 0x40 MLOAD DUP1 SWAP2 SUB SWAP1 LOG3 PUSH1 0x1 SWAP1 POP SWAP2 SWAP1 POP JUMP JUMPDEST PUSH1 0x0 DUP1 PUSH1 0x0 SWAP1 SLOAD SWAP1 PUSH2 0x100 EXP SWAP1 DIV PUSH20 0xFFFFFFFFFFFFFFFFFFFFFFFFFFFFFFFFFFFFFFFF AND PUSH20 0xFFFFFFFFFFFFFFFFFFFFFFFFFFFFFFFFFFFFFFFF AND CALLER PUSH20 0xFFFFFFFFFFFFFFFFFFFFFFFFFFFFFFFFFFFFFFFF AND EQ ISZERO ISZERO PUSH2 0x1667 JUMPI PUSH1 0x0 DUP1 REVERT JUMPDEST DUP2 PUSH1 0x0 DUP1 PUSH2 0x100 EXP DUP2 SLOAD DUP2 PUSH20 0xFFFFFFFFFFFFFFFFFFFFFFFFFFFFFFFFFFFFFFFF MUL NOT AND SWAP1 DUP4 PUSH20 0xFFFFFFFFFFFFFFFFFFFFFFFFFFFFFFFFFFFFFFFF AND MUL OR SWAP1 SSTORE POP DUP2 PUSH20 0xFFFFFFFFFFFFFFFFFFFFFFFFFFFFFFFFFFFFFFFF AND CALLER PUSH20 0xFFFFFFFFFFFFFFFFFFFFFFFFFFFFFFFFFFFFFFFF AND PUSH32 0x5D92051B4A9B6E7154C5BE37E18EDD17BFD2E650A3A6DBF8C3EDED0EF431FF0E PUSH1 0x40 MLOAD PUSH1 0x40 MLOAD DUP1 SWAP2 SUB SWAP1 LOG3 PUSH1 0x1 SWAP1 POP SWAP2 SWAP1 POP JUMP JUMPDEST PUSH1 0x0 PUSH2 0x1717 CALLER DUP5 DUP5 PUSH2 0x1992 JUMP JUMPDEST ISZERO ISZERO PUSH2 0x1722 JUMPI PUSH1 0x0 DUP1 REVERT JUMPDEST PUSH2 0x176B PUSH1 0x2 PUSH1 0x0 CALLER PUSH20 0xFFFFFFFFFFFFFFFFFFFFFFFFFFFFFFFFFFFFFFFF AND PUSH20 0xFFFFFFFFFFFFFFFFFFFFFFFFFFFFFFFFFFFFFFFF AND DUP2 MSTORE PUSH1 0x20 ADD SWAP1 DUP2 MSTORE PUSH1 0x20 ADD PUSH1 0x0 KECCAK256 SLOAD DUP4 PUSH2 0x1B47 JUMP JUMPDEST PUSH1 0x2 PUSH1 0x0 CALLER PUSH20 0xFFFFFFFFFFFFFFFFFFFFFFFFFFFFFFFFFFFFFFFF AND PUSH20 0xFFFFFFFFFFFFFFFFFFFFFFFFFFFFFFFFFFFFFFFF AND DUP2 MSTORE PUSH1 0x20 ADD SWAP1 DUP2 MSTORE PUSH1 0x20 ADD PUSH1 0x0 KECCAK256 DUP2 SWAP1 SSTORE POP PUSH2 0x17F7 PUSH1 0x2 PUSH1 0x0 DUP6 PUSH20 0xFFFFFFFFFFFFFFFFFFFFFFFFFFFFFFFFFFFFFFFF AND PUSH20 0xFFFFFFFFFFFFFFFFFFFFFFFFFFFFFFFFFFFFFFFF AND DUP2 MSTORE PUSH1 0x20 ADD SWAP1 DUP2 MSTORE PUSH1 0x20 ADD PUSH1 0x0 KECCAK256 SLOAD DUP4 PUSH2 0x1968 JUMP JUMPDEST PUSH1 0x2 PUSH1 0x0 DUP6 PUSH20 0xFFFFFFFFFFFFFFFFFFFFFFFFFFFFFFFFFFFFFFFF AND PUSH20 0xFFFFFFFFFFFFFFFFFFFFFFFFFFFFFFFFFFFFFFFF AND DUP2 MSTORE PUSH1 0x20 ADD SWAP1 DUP2 MSTORE PUSH1 0x20 ADD PUSH1 0x0 KECCAK256 DUP2 SWAP1 SSTORE POP DUP3 PUSH20 0xFFFFFFFFFFFFFFFFFFFFFFFFFFFFFFFFFFFFFFFF AND CALLER PUSH20 0xFFFFFFFFFFFFFFFFFFFFFFFFFFFFFFFFFFFFFFFF AND PUSH32 0xDDF252AD1BE2C89B69C2B068FC378DAA952BA7F163C4A11628F55A4DF523B3EF DUP5 PUSH1 0x40 MLOAD DUP1 DUP3 DUP2 MSTORE PUSH1 0x20 ADD SWAP2 POP POP PUSH1 0x40 MLOAD DUP1 SWAP2 SUB SWAP1 LOG3 PUSH1 0x1 SWAP1 POP SWAP3 SWAP2 POP POP JUMP JUMPDEST PUSH1 0x0 PUSH1 0x6 PUSH1 0x0 DUP5 PUSH20 0xFFFFFFFFFFFFFFFFFFFFFFFFFFFFFFFFFFFFFFFF AND PUSH20 0xFFFFFFFFFFFFFFFFFFFFFFFFFFFFFFFFFFFFFFFF AND DUP2 MSTORE PUSH1 0x20 ADD SWAP1 DUP2 MSTORE PUSH1 0x20 ADD PUSH1 0x0 KECCAK256 PUSH1 0x0 DUP4 PUSH20 0xFFFFFFFFFFFFFFFFFFFFFFFFFFFFFFFFFFFFFFFF AND PUSH20 0xFFFFFFFFFFFFFFFFFFFFFFFFFFFFFFFFFFFFFFFF AND DUP2 MSTORE PUSH1 0x20 ADD SWAP1 DUP2 MSTORE PUSH1 0x20 ADD PUSH1 0x0 KECCAK256 SLOAD SWAP1 POP SWAP3 SWAP2 POP POP JUMP JUMPDEST PUSH1 0x6 PUSH1 0x20 MSTORE DUP2 PUSH1 0x0 MSTORE PUSH1 0x40 PUSH1 0x0 KECCAK256 PUSH1 0x20 MSTORE DUP1 PUSH1 0x0 MSTORE PUSH1 0x40 PUSH1 0x0 KECCAK256 PUSH1 0x0 SWAP2 POP SWAP2 POP POP SLOAD DUP2 JUMP JUMPDEST PUSH1 0x0 PUSH1 0x14 SWAP1 SLOAD SWAP1 PUSH2 0x100 EXP SWAP1 DIV PUSH1 0xFF AND DUP2 JUMP JUMPDEST PUSH1 0x0 DUP1 DUP3 DUP5 ADD SWAP1 POP DUP4 DUP2 LT ISZERO DUP1 ISZERO PUSH2 0x1980 JUMPI POP DUP3 DUP2 LT ISZERO JUMPDEST ISZERO ISZERO PUSH2 0x1988 JUMPI INVALID JUMPDEST DUP1 SWAP2 POP POP SWAP3 SWAP2 POP POP JUMP JUMPDEST PUSH1 0x0 PUSH1 0x1 ISZERO ISZERO PUSH1 0x0 PUSH1 0x14 SWAP1 SLOAD SWAP1 PUSH2 0x100 EXP SWAP1 DIV PUSH1 0xFF AND ISZERO ISZERO EQ ISZERO ISZERO PUSH2 0x19B6 JUMPI PUSH1 0x0 DUP1 REVERT JUMPDEST PUSH1 0x0 DUP3 GT ISZERO ISZERO PUSH2 0x19C5 JUMPI PUSH1 0x0 DUP1 REVERT JUMPDEST PUSH1 0x0 PUSH20 0xFFFFFFFFFFFFFFFFFFFFFFFFFFFFFFFFFFFFFFFF AND DUP4 PUSH20 0xFFFFFFFFFFFFFFFFFFFFFFFFFFFFFFFFFFFFFFFF AND EQ ISZERO ISZERO ISZERO PUSH2 0x1A01 JUMPI PUSH1 0x0 DUP1 REVERT JUMPDEST DUP2 PUSH1 0x2 PUSH1 0x0 DUP7 PUSH20 0xFFFFFFFFFFFFFFFFFFFFFFFFFFFFFFFFFFFFFFFF AND PUSH20 0xFFFFFFFFFFFFFFFFFFFFFFFFFFFFFFFFFFFFFFFF AND DUP2 MSTORE PUSH1 0x20 ADD SWAP1 DUP2 MSTORE PUSH1 0x20 ADD PUSH1 0x0 KECCAK256 SLOAD LT ISZERO ISZERO ISZERO PUSH2 0x1A4F JUMPI PUSH1 0x0 DUP1 REVERT JUMPDEST PUSH1 0x0 PUSH2 0x1A9A PUSH1 0x2 PUSH1 0x0 DUP8 PUSH20 0xFFFFFFFFFFFFFFFFFFFFFFFFFFFFFFFFFFFFFFFF AND PUSH20 0xFFFFFFFFFFFFFFFFFFFFFFFFFFFFFFFFFFFFFFFF AND DUP2 MSTORE PUSH1 0x20 ADD SWAP1 DUP2 MSTORE PUSH1 0x20 ADD PUSH1 0x0 KECCAK256 SLOAD DUP5 PUSH2 0x1B47 JUMP JUMPDEST LT ISZERO ISZERO ISZERO PUSH2 0x1AA7 JUMPI PUSH1 0x0 DUP1 REVERT JUMPDEST PUSH1 0x2 PUSH1 0x0 DUP5 PUSH20 0xFFFFFFFFFFFFFFFFFFFFFFFFFFFFFFFFFFFFFFFF AND PUSH20 0xFFFFFFFFFFFFFFFFFFFFFFFFFFFFFFFFFFFFFFFF AND DUP2 MSTORE PUSH1 0x20 ADD SWAP1 DUP2 MSTORE PUSH1 0x20 ADD PUSH1 0x0 KECCAK256 SLOAD PUSH2 0x1B30 PUSH1 0x2 PUSH1 0x0 DUP7 PUSH20 0xFFFFFFFFFFFFFFFFFFFFFFFFFFFFFFFFFFFFFFFF AND PUSH20 0xFFFFFFFFFFFFFFFFFFFFFFFFFFFFFFFFFFFFFFFF AND DUP2 MSTORE PUSH1 0x20 ADD SWAP1 DUP2 MSTORE PUSH1 0x20 ADD PUSH1 0x0 KECCAK256 SLOAD DUP5 PUSH2 0x1968 JUMP JUMPDEST GT ISZERO ISZERO PUSH2 0x1B3C JUMPI PUSH1 0x0 DUP1 REVERT JUMPDEST PUSH1 0x1 SWAP1 POP SWAP4 SWAP3 POP POP POP JUMP JUMPDEST PUSH1 0x0 DUP3 DUP3 GT ISZERO ISZERO ISZERO PUSH2 0x1B55 JUMPI INVALID JUMPDEST DUP2 DUP4 SUB SWAP1 POP SWAP3 SWAP2 POP POP JUMP STOP LOG1 PUSH6 0x627A7A723058 KECCAK256 0xd3 0x1f SMOD LOG1 DUP7 0xb1 0xab 0xdd 0x27 0x2f SDIV CODECOPY 0x49 NOT SDIV 0xee 0x2a 0xc5 0xdf 0x26 0xd5 LOG3 REVERT PUSH31 0xFC776E2123F2486A0029000000000000000000000000000000000000000000
0,PUSH1 0x80 PUSH1 0x40 MSTORE PUSH20 0xB5F6A633992CC9BF735974C3E09B5849C7633E2F PUSH1 0x5 PUSH1 0x0 PUSH2 0x100 EXP DUP2 SLOAD DUP2 PUSH20 0xFFFFFFFFFFFFFFFFFFFFFFFFFFFFFFFFFFFFFFFF MUL NOT AND SWAP1 DUP4 PUSH20 0xFFFFFFFFFFFFFFFFFFFFFFFFFFFFFFFFFFFFFFFF AND MUL OR SWAP1 SSTORE POP PUSH20 0xCF8FD8BA33A341130B5662BA4CDEE8DE61366DF0 PUSH1 0x6 PUSH1 0x0 PUSH2 0x100 EXP DUP2 SLOAD DUP2 PUSH20 0xFFFFFFFFFFFFFFFFFFFFFFFFFFFFFFFFFFFFFFFF MUL NOT AND SWAP1 DUP4 PUSH20 0xFFFFFFFFFFFFFFFFFFFFFFFFFFFFFFFFFFFFFFFF AND MUL OR SWAP1 SSTORE POP PUSH20 0xB5F6A633992CC9BF735974C3E09B5849C7633E2F PUSH1 0x7 PUSH1 0x0 PUSH2 0x100 EXP DUP2 SLOAD DUP2 PUSH20 0xFFFFFFFFFFFFFFFFFFFFFFFFFFFFFFFFFFFFFFFF MUL NOT AND SWAP1 DUP4 PUSH20 0xFFFFFFFFFFFFFFFFFFFFFFFFFFFFFFFFFFFFFFFF AND MUL OR SWAP1 SSTORE POP PUSH1 0x0 PUSH1 0x9 SSTORE PUSH8 0x29A2241AF62C0000 PUSH1 0xA SSTORE PUSH4 0x5CACB370 PUSH1 0xB SSTORE PUSH3 0x13E PUSH1 0x57 PUSH1 0xA PUSH3 0x20E PUSH5 0x100000000 MUL PUSH3 0x1FBF OR PUSH5 0x100000000 SWAP1 DIV JUMP JUMPDEST PUSH1 0xC SSTORE PUSH3 0x163 PUSH1 0x2C PUSH1 0xA PUSH3 0x20E PUSH5 0x100000000 MUL PUSH3 0x1FBF OR PUSH5 0x100000000 SWAP1 DIV JUMP JUMPDEST PUSH1 0xD SSTORE CALLVALUE DUP1 ISZERO PUSH3 0x173 JUMPI PUSH1 0x0 DUP1 REVERT JUMPDEST POP CALLER PUSH1 0x0 DUP1 PUSH2 0x100 EXP DUP2 SLOAD DUP2 PUSH20 0xFFFFFFFFFFFFFFFFFFFFFFFFFFFFFFFFFFFFFFFF MUL NOT AND SWAP1 DUP4 PUSH20 0xFFFFFFFFFFFFFFFFFFFFFFFFFFFFFFFFFFFFFFFF AND MUL OR SWAP1 SSTORE POP PUSH20 0xB5F6A633992CC9BF735974C3E09B5849C7633E2F PUSH1 0x0 DUP1 PUSH2 0x100 EXP DUP2 SLOAD DUP2 PUSH20 0xFFFFFFFFFFFFFFFFFFFFFFFFFFFFFFFFFFFFFFFF MUL NOT AND SWAP1 DUP4 PUSH20 0xFFFFFFFFFFFFFFFFFFFFFFFFFFFFFFFFFFFFFFFF AND MUL OR SWAP1 SSTORE POP PUSH3 0x22A JUMP JUMPDEST PUSH1 0x0 DUP1 DUP3 DUP5 DUP2 ISZERO ISZERO PUSH3 0x21D JUMPI INVALID JUMPDEST DIV SWAP1 POP DUP1 SWAP2 POP POP SWAP3 SWAP2 POP POP JUMP JUMPDEST PUSH2 0x2164 DUP1 PUSH3 0x23A PUSH1 0x0 CODECOPY PUSH1 0x0 RETURN STOP PUSH1 0x80 PUSH1 0x40 MSTORE PUSH1 0x4 CALLDATASIZE LT PUSH2 0x1A1 JUMPI PUSH1 0x0 CALLDATALOAD PUSH29 0x100000000000000000000000000000000000000000000000000000000 SWAP1 DIV PUSH4 0xFFFFFFFF AND DUP1 PUSH4 0x40D50D4 EQ PUSH2 0x1A3 JUMPI DUP1 PUSH4 0xFC639F6 EQ PUSH2 0x1D0 JUMPI DUP1 PUSH4 0x12065FE0 EQ PUSH2 0x1FB JUMPI DUP1 PUSH4 0x3CCFD60B EQ PUSH2 0x226 JUMPI DUP1 PUSH4 0x3EA4A796 EQ PUSH2 0x23D JUMPI DUP1 PUSH4 0x43C6E10D EQ PUSH2 0x280 JUMPI DUP1 PUSH4 0x4BA2363A EQ PUSH2 0x2AB JUMPI DUP1 PUSH4 0x550EFEA4 EQ PUSH2 0x2D6 JUMPI DUP1 PUSH4 0x5C5F0265 EQ PUSH2 0x301 JUMPI DUP1 PUSH4 0x5F3619B1 EQ PUSH2 0x358 JUMPI DUP1 PUSH4 0x624D7B72 EQ PUSH2 0x383 JUMPI DUP1 PUSH4 0x64E3CECB EQ PUSH2 0x3DA JUMPI DUP1 PUSH4 0x7A99BA4F EQ PUSH2 0x405 JUMPI DUP1 PUSH4 0x7BE00510 EQ PUSH2 0x43B JUMPI DUP1 PUSH4 0x8BDFF161 EQ PUSH2 0x492 JUMPI DUP1 PUSH4 0x8DA5CB5B EQ PUSH2 0x4BD JUMPI DUP1 PUSH4 0x8F32D59B EQ PUSH2 0x514 JUMPI DUP1 PUSH4 0x901225E2 EQ PUSH2 0x543 JUMPI DUP1 PUSH4 0x91CCA3DB EQ PUSH2 0x570 JUMPI DUP1 PUSH4 0xB7A92D38 EQ PUSH2 0x5C7 JUMPI DUP1 PUSH4 0xBEFC3E2B EQ PUSH2 0x61E JUMPI DUP1 PUSH4 0xC600E1DC EQ PUSH2 0x649 JUMPI DUP1 PUSH4 0xCC2EB9E8 EQ PUSH2 0x6A0 JUMPI DUP1 PUSH4 0xCE138E64 EQ PUSH2 0x6F7 JUMPI DUP1 PUSH4 0xD67A9682 EQ PUSH2 0x722 JUMPI DUP1 PUSH4 0xD86479DF EQ PUSH2 0x765 JUMPI DUP1 PUSH4 0xE3B61135 EQ PUSH2 0x7BC JUMPI DUP1 PUSH4 0xECB7CB1B EQ PUSH2 0x7D3 JUMPI DUP1 PUSH4 0xF09DD7C6 EQ PUSH2 0x82A JUMPI DUP1 PUSH4 0xF2FDE38B EQ PUSH2 0x841 JUMPI DUP1 PUSH4 0xF69C96FC EQ PUSH2 0x884 JUMPI DUP1 PUSH4 0xF7085EC7 EQ PUSH2 0x8DB JUMPI DUP1 PUSH4 0xF96941C8 EQ PUSH2 0x906 JUMPI JUMPDEST STOP JUMPDEST CALLVALUE DUP1 ISZERO PUSH2 0x1AF JUMPI PUSH1 0x0 DUP1 REVERT JUMPDEST POP PUSH2 0x1CE PUSH1 0x4 DUP1 CALLDATASIZE SUB DUP2 ADD SWAP1 DUP1 DUP1 CALLDATALOAD SWAP1 PUSH1 0x20 ADD SWAP1 SWAP3 SWAP2 SWAP1 POP POP POP PUSH2 0x967 JUMP JUMPDEST STOP JUMPDEST CALLVALUE DUP1 ISZERO PUSH2 0x1DC JUMPI PUSH1 0x0 DUP1 REVERT JUMPDEST POP PUSH2 0x1E5 PUSH2 0x984 JUMP JUMPDEST PUSH1 0x40 MLOAD DUP1 DUP3 DUP2 MSTORE PUSH1 0x20 ADD SWAP2 POP POP PUSH1 0x40 MLOAD DUP1 SWAP2 SUB SWAP1 RETURN JUMPDEST CALLVALUE DUP1 ISZERO PUSH2 0x207 JUMPI PUSH1 0x0 DUP1 REVERT JUMPDEST POP PUSH2 0x210 PUSH2 0x997 JUMP JUMPDEST PUSH1 0x40 MLOAD DUP1 DUP3 DUP2 MSTORE PUSH1 0x20 ADD SWAP2 POP POP PUSH1 0x40 MLOAD DUP1 SWAP2 SUB SWAP1 RETURN JUMPDEST CALLVALUE DUP1 ISZERO PUSH2 0x232 JUMPI PUSH1 0x0 DUP1 REVERT JUMPDEST POP PUSH2 0x23B PUSH2 0x9B6 JUMP JUMPDEST STOP JUMPDEST CALLVALUE DUP1 ISZERO PUSH2 0x249 JUMPI PUSH1 0x0 DUP1 REVERT JUMPDEST POP PUSH2 0x27E PUSH1 0x4 DUP1 CALLDATASIZE SUB DUP2 ADD SWAP1 DUP1 DUP1 CALLDATALOAD PUSH20 0xFFFFFFFFFFFFFFFFFFFFFFFFFFFFFFFFFFFFFFFF AND SWAP1 PUSH1 0x20 ADD SWAP1 SWAP3 SWAP2 SWAP1 POP POP POP PUSH2 0xFDB JUMP JUMPDEST STOP JUMPDEST CALLVALUE DUP1 ISZERO PUSH2 0x28C JUMPI PUSH1 0x0 DUP1 REVERT JUMPDEST POP PUSH2 0x295 PUSH2 0x106E JUMP JUMPDEST PUSH1 0x40 MLOAD DUP1 DUP3 DUP2 MSTORE PUSH1 0x20 ADD SWAP2 POP POP PUSH1 0x40 MLOAD DUP1 SWAP2 SUB SWAP1 RETURN JUMPDEST CALLVALUE DUP1 ISZERO PUSH2 0x2B7 JUMPI PUSH1 0x0 DUP1 REVERT JUMPDEST POP PUSH2 0x2C0 PUSH2 0x10B5 JUMP JUMPDEST PUSH1 0x40 MLOAD DUP1 DUP3 DUP2 MSTORE PUSH1 0x20 ADD SWAP2 POP POP PUSH1 0x40 MLOAD DUP1 SWAP2 SUB SWAP1 RETURN JUMPDEST CALLVALUE DUP1 ISZERO PUSH2 0x2E2 JUMPI PUSH1 0x0 DUP1 REVERT JUMPDEST POP PUSH2 0x2EB PUSH2 0x10BB JUMP JUMPDEST PUSH1 0x40 MLOAD DUP1 DUP3 DUP2 MSTORE PUSH1 0x20 ADD SWAP2 POP POP PUSH1 0x40 MLOAD DUP1 SWAP2 SUB SWAP1 RETURN JUMPDEST CALLVALUE DUP1 ISZERO PUSH2 0x30D JUMPI PUSH1 0x0 DUP1 REVERT JUMPDEST POP PUSH2 0x342 PUSH1 0x4 DUP1 CALLDATASIZE SUB DUP2 ADD SWAP1 DUP1 DUP1 CALLDATALOAD PUSH20 0xFFFFFFFFFFFFFFFFFFFFFFFFFFFFFFFFFFFFFFFF AND SWAP1 PUSH1 0x20 ADD SWAP1 SWAP3 SWAP2 SWAP1 POP POP POP PUSH2 0x10C1 JUMP JUMPDEST PUSH1 0x40 MLOAD DUP1 DUP3 DUP2 MSTORE PUSH1 0x20 ADD SWAP2 POP POP PUSH1 0x40 MLOAD DUP1 SWAP2 SUB SWAP1 RETURN JUMPDEST CALLVALUE DUP1 ISZERO PUSH2 0x364 JUMPI PUSH1 0x0 DUP1 REVERT JUMPDEST POP PUSH2 0x36D PUSH2 0x10D9 JUMP JUMPDEST PUSH1 0x40 MLOAD DUP1 DUP3 DUP2 MSTORE PUSH1 0x20 ADD SWAP2 POP POP PUSH1 0x40 MLOAD DUP1 SWAP2 SUB SWAP1 RETURN JUMPDEST CALLVALUE DUP1 ISZERO PUSH2 0x38F JUMPI PUSH1 0x0 DUP1 REVERT JUMPDEST POP PUSH2 0x3C4 PUSH1 0x4 DUP1 CALLDATASIZE SUB DUP2 ADD SWAP1 DUP1 DUP1 CALLDATALOAD PUSH20 0xFFFFFFFFFFFFFFFFFFFFFFFFFFFFFFFFFFFFFFFF AND SWAP1 PUSH1 0x20 ADD SWAP1 SWAP3 SWAP2 SWAP1 POP POP POP PUSH2 0x10E9 JUMP JUMPDEST PUSH1 0x40 MLOAD DUP1 DUP3 DUP2 MSTORE PUSH1 0x20 ADD SWAP2 POP POP PUSH1 0x40 MLOAD DUP1 SWAP2 SUB SWAP1 RETURN JUMPDEST CALLVALUE DUP1 ISZERO PUSH2 0x3E6 JUMPI PUSH1 0x0 DUP1 REVERT JUMPDEST POP PUSH2 0x3EF PUSH2 0x1101 JUMP JUMPDEST PUSH1 0x40 MLOAD DUP1 DUP3 DUP2 MSTORE PUSH1 0x20 ADD SWAP2 POP POP PUSH1 0x40 MLOAD DUP1 SWAP2 SUB SWAP1 RETURN JUMPDEST PUSH2 0x439 PUSH1 0x4 DUP1 CALLDATASIZE SUB DUP2 ADD SWAP1 DUP1 DUP1 CALLDATALOAD PUSH20 0xFFFFFFFFFFFFFFFFFFFFFFFFFFFFFFFFFFFFFFFF AND SWAP1 PUSH1 0x20 ADD SWAP1 SWAP3 SWAP2 SWAP1 POP POP POP PUSH2 0x114B JUMP JUMPDEST STOP JUMPDEST CALLVALUE DUP1 ISZERO PUSH2 0x447 JUMPI PUSH1 0x0 DUP1 REVERT JUMPDEST POP PUSH2 0x47C PUSH1 0x4 DUP1 CALLDATASIZE SUB DUP2 ADD SWAP1 DUP1 DUP1 CALLDATALOAD PUSH20 0xFFFFFFFFFFFFFFFFFFFFFFFFFFFFFFFFFFFFFFFF AND SWAP1 PUSH1 0x20 ADD SWAP1 SWAP3 SWAP2 SWAP1 POP POP POP PUSH2 0x17E5 JUMP JUMPDEST PUSH1 0x40 MLOAD DUP1 DUP3 DUP2 MSTORE PUSH1 0x20 ADD SWAP2 POP POP PUSH1 0x40 MLOAD DUP1 SWAP2 SUB SWAP1 RETURN JUMPDEST CALLVALUE DUP1 ISZERO PUSH2 0x49E JUMPI PUSH1 0x0 DUP1 REVERT JUMPDEST POP PUSH2 0x4A7 PUSH2 0x17FD JUMP JUMPDEST PUSH1 0x40 MLOAD DUP1 DUP3 DUP2 MSTORE PUSH1 0x20 ADD SWAP2 POP POP PUSH1 0x40 MLOAD DUP1 SWAP2 SUB SWAP1 RETURN JUMPDEST CALLVALUE DUP1 ISZERO PUSH2 0x4C9 JUMPI PUSH1 0x0 DUP1 REVERT JUMPDEST POP PUSH2 0x4D2 PUSH2 0x18E1 JUMP JUMPDEST PUSH1 0x40 MLOAD DUP1 DUP3 PUSH20 0xFFFFFFFFFFFFFFFFFFFFFFFFFFFFFFFFFFFFFFFF AND PUSH20 0xFFFFFFFFFFFFFFFFFFFFFFFFFFFFFFFFFFFFFFFF AND DUP2 MSTORE PUSH1 0x20 ADD SWAP2 POP POP PUSH1 0x40 MLOAD DUP1 SWAP2 SUB SWAP1 RETURN JUMPDEST CALLVALUE DUP1 ISZERO PUSH2 0x520 JUMPI PUSH1 0x0 DUP1 REVERT JUMPDEST POP PUSH2 0x529 PUSH2 0x190A JUMP JUMPDEST PUSH1 0x40 MLOAD DUP1 DUP3 ISZERO ISZERO ISZERO ISZERO DUP2 MSTORE PUSH1 0x20 ADD SWAP2 POP POP PUSH1 0x40 MLOAD DUP1 SWAP2 SUB SWAP1 RETURN JUMPDEST CALLVALUE DUP1 ISZERO PUSH2 0x54F JUMPI PUSH1 0x0 DUP1 REVERT JUMPDEST POP PUSH2 0x56E PUSH1 0x4 DUP1 CALLDATASIZE SUB DUP2 ADD SWAP1 DUP1 DUP1 CALLDATALOAD SWAP1 PUSH1 0x20 ADD SWAP1 SWAP3 SWAP2 SWAP1 POP POP POP PUSH2 0x1961 JUMP JUMPDEST STOP JUMPDEST CALLVALUE DUP1 ISZERO PUSH2 0x57C JUMPI PUSH1 0x0 DUP1 REVERT JUMPDEST POP PUSH2 0x585 PUSH2 0x197E JUMP JUMPDEST PUSH1 0x40 MLOAD DUP1 DUP3 PUSH20 0xFFFFFFFFFFFFFFFFFFFFFFFFFFFFFFFFFFFFFFFF AND PUSH20 0xFFFFFFFFFFFFFFFFFFFFFFFFFFFFFFFFFFFFFFFF AND DUP2 MSTORE PUSH1 0x20 ADD SWAP2 POP POP PUSH1 0x40 MLOAD DUP1 SWAP2 SUB SWAP1 RETURN JUMPDEST CALLVALUE DUP1 ISZERO PUSH2 0x5D3 JUMPI PUSH1 0x0 DUP1 REVERT JUMPDEST POP PUSH2 0x5DC PUSH2 0x19A4 JUMP JUMPDEST PUSH1 0x40 MLOAD DUP1 DUP3 PUSH20 0xFFFFFFFFFFFFFFFFFFFFFFFFFFFFFFFFFFFFFFFF AND PUSH20 0xFFFFFFFFFFFFFFFFFFFFFFFFFFFFFFFFFFFFFFFF AND DUP2 MSTORE PUSH1 0x20 ADD SWAP2 POP POP PUSH1 0x40 MLOAD DUP1 SWAP2 SUB SWAP1 RETURN JUMPDEST CALLVALUE DUP1 ISZERO PUSH2 0x62A JUMPI PUSH1 0x0 DUP1 REVERT JUMPDEST POP PUSH2 0x633 PUSH2 0x19CA JUMP JUMPDEST PUSH1 0x40 MLOAD DUP1 DUP3 DUP2 MSTORE PUSH1 0x20 ADD SWAP2 POP POP PUSH1 0x40 MLOAD DUP1 SWAP2 SUB SWAP1 RETURN JUMPDEST CALLVALUE DUP1 ISZERO PUSH2 0x655 JUMPI PUSH1 0x0 DUP1 REVERT JUMPDEST POP PUSH2 0x68A PUSH1 0x4 DUP1 CALLDATASIZE SUB DUP2 ADD SWAP1 DUP1 DUP1 CALLDATALOAD PUSH20 0xFFFFFFFFFFFFFFFFFFFFFFFFFFFFFFFFFFFFFFFF AND SWAP1 PUSH1 0x20 ADD SWAP1 SWAP3 SWAP2 SWAP1 POP POP POP PUSH2 0x1A11 JUMP JUMPDEST PUSH1 0x40 MLOAD DUP1 DUP3 DUP2 MSTORE PUSH1 0x20 ADD SWAP2 POP POP PUSH1 0x40 MLOAD DUP1 SWAP2 SUB SWAP1 RETURN JUMPDEST CALLVALUE DUP1 ISZERO PUSH2 0x6AC JUMPI PUSH1 0x0 DUP1 REVERT JUMPDEST POP PUSH2 0x6B5 PUSH2 0x1BA5 JUMP JUMPDEST PUSH1 0x40 MLOAD DUP1 DUP3 PUSH20 0xFFFFFFFFFFFFFFFFFFFFFFFFFFFFFFFFFFFFFFFF AND PUSH20 0xFFFFFFFFFFFFFFFFFFFFFFFFFFFFFFFFFFFFFFFF AND DUP2 MSTORE PUSH1 0x20 ADD SWAP2 POP POP PUSH1 0x40 MLOAD DUP1 SWAP2 SUB SWAP1 RETURN JUMPDEST CALLVALUE DUP1 ISZERO PUSH2 0x703 JUMPI PUSH1 0x0 DUP1 REVERT JUMPDEST POP PUSH2 0x70C PUSH2 0x1BCB JUMP JUMPDEST PUSH1 0x40 MLOAD DUP1 DUP3 DUP2 MSTORE PUSH1 0x20 ADD SWAP2 POP POP PUSH1 0x40 MLOAD DUP1 SWAP2 SUB SWAP1 RETURN JUMPDEST CALLVALUE DUP1 ISZERO PUSH2 0x72E JUMPI PUSH1 0x0 DUP1 REVERT JUMPDEST POP PUSH2 0x763 PUSH1 0x4 DUP1 CALLDATASIZE SUB DUP2 ADD SWAP1 DUP1 DUP1 CALLDATALOAD PUSH20 0xFFFFFFFFFFFFFFFFFFFFFFFFFFFFFFFFFFFFFFFF AND SWAP1 PUSH1 0x20 ADD SWAP1 SWAP3 SWAP2 SWAP1 POP POP POP PUSH2 0x1BD1 JUMP JUMPDEST STOP JUMPDEST CALLVALUE DUP1 ISZERO PUSH2 0x771 JUMPI PUSH1 0x0 DUP1 REVERT JUMPDEST POP PUSH2 0x7A6 PUSH1 0x4 DUP1 CALLDATASIZE SUB DUP2 ADD SWAP1 DUP1 DUP1 CALLDATALOAD PUSH20 0xFFFFFFFFFFFFFFFFFFFFFFFFFFFFFFFFFFFFFFFF AND SWAP1 PUSH1 0x20 ADD SWAP1 SWAP3 SWAP2 SWAP1 POP POP POP PUSH2 0x1C64 JUMP JUMPDEST PUSH1 0x40 MLOAD DUP1 DUP3 DUP2 MSTORE PUSH1 0x20 ADD SWAP2 POP POP PUSH1 0x40 MLOAD DUP1 SWAP2 SUB SWAP1 RETURN JUMPDEST CALLVALUE DUP1 ISZERO PUSH2 0x7C8 JUMPI PUSH1 0x0 DUP1 REVERT JUMPDEST POP PUSH2 0x7D1 PUSH2 0x1C7C JUMP JUMPDEST STOP JUMPDEST CALLVALUE DUP1 ISZERO PUSH2 0x7DF JUMPI PUSH1 0x0 DUP1 REVERT JUMPDEST POP PUSH2 0x814 PUSH1 0x4 DUP1 CALLDATASIZE SUB DUP2 ADD SWAP1 DUP1 DUP1 CALLDATALOAD PUSH20 0xFFFFFFFFFFFFFFFFFFFFFFFFFFFFFFFFFFFFFFFF AND SWAP1 PUSH1 0x20 ADD SWAP1 SWAP3 SWAP2 SWAP1 POP POP POP PUSH2 0x1DB8 JUMP JUMPDEST PUSH1 0x40 MLOAD DUP1 DUP3 DUP2 MSTORE PUSH1 0x20 ADD SWAP2 POP POP PUSH1 0x40 MLOAD DUP1 SWAP2 SUB SWAP1 RETURN JUMPDEST CALLVALUE DUP1 ISZERO PUSH2 0x836 JUMPI PUSH1 0x0 DUP1 REVERT JUMPDEST POP PUSH2 0x83F PUSH2 0x1DD0 JUMP JUMPDEST STOP JUMPDEST CALLVALUE DUP1 ISZERO PUSH2 0x84D JUMPI PUSH1 0x0 DUP1 REVERT JUMPDEST POP PUSH2 0x882 PUSH1 0x4 DUP1 CALLDATASIZE SUB DUP2 ADD SWAP1 DUP1 DUP1 CALLDATALOAD PUSH20 0xFFFFFFFFFFFFFFFFFFFFFFFFFFFFFFFFFFFFFFFF AND SWAP1 PUSH1 0x20 ADD SWAP1 SWAP3 SWAP2 SWAP1 POP POP POP PUSH2 0x1EF0 JUMP JUMPDEST STOP JUMPDEST CALLVALUE DUP1 ISZERO PUSH2 0x890 JUMPI PUSH1 0x0 DUP1 REVERT JUMPDEST POP PUSH2 0x899 PUSH2 0x1F0F JUMP JUMPDEST PUSH1 0x40 MLOAD DUP1 DUP3 PUSH20 0xFFFFFFFFFFFFFFFFFFFFFFFFFFFFFFFFFFFFFFFF AND PUSH20 0xFFFFFFFFFFFFFFFFFFFFFFFFFFFFFFFFFFFFFFFF AND DUP2 MSTORE PUSH1 0x20 ADD SWAP2 POP POP PUSH1 0x40 MLOAD DUP1 SWAP2 SUB SWAP1 RETURN JUMPDEST CALLVALUE DUP1 ISZERO PUSH2 0x8E7 JUMPI PUSH1 0x0 DUP1 REVERT JUMPDEST POP PUSH2 0x8F0 PUSH2 0x1F35 JUMP JUMPDEST PUSH1 0x40 MLOAD DUP1 DUP3 DUP2 MSTORE PUSH1 0x20 ADD SWAP2 POP POP PUSH1 0x40 MLOAD DUP1 SWAP2 SUB SWAP1 RETURN JUMPDEST CALLVALUE DUP1 ISZERO PUSH2 0x912 JUMPI PUSH1 0x0 DUP1 REVERT JUMPDEST POP PUSH2 0x951 PUSH1 0x4 DUP1 CALLDATASIZE SUB DUP2 ADD SWAP1 DUP1 DUP1 CALLDATALOAD PUSH20 0xFFFFFFFFFFFFFFFFFFFFFFFFFFFFFFFFFFFFFFFF AND SWAP1 PUSH1 0x20 ADD SWAP1 SWAP3 SWAP2 SWAP1 DUP1 CALLDATALOAD SWAP1 PUSH1 0x20 ADD SWAP1 SWAP3 SWAP2 SWAP1 POP POP POP PUSH2 0x1F3B JUMP JUMPDEST PUSH1 0x40 MLOAD DUP1 DUP3 DUP2 MSTORE PUSH1 0x20 ADD SWAP2 POP POP PUSH1 0x40 MLOAD DUP1 SWAP2 SUB SWAP1 RETURN JUMPDEST PUSH2 0x96F PUSH2 0x190A JUMP JUMPDEST ISZERO ISZERO PUSH2 0x97A JUMPI PUSH1 0x0 DUP1 REVERT JUMPDEST DUP1 PUSH1 0xB DUP2 SWAP1 SSTORE POP POP JUMP JUMPDEST PUSH1 0x0 PUSH1 0xD SLOAD PUSH2 0x991 PUSH2 0x19CA JUMP JUMPDEST MUL SWAP1 POP SWAP1 JUMP JUMPDEST PUSH1 0x0 ADDRESS PUSH20 0xFFFFFFFFFFFFFFFFFFFFFFFFFFFFFFFFFFFFFFFF AND BALANCE SWAP1 POP SWAP1 JUMP JUMPDEST PUSH1 0x0 DUP1 PUSH1 0x0 DUP1 PUSH1 0x0 DUP1 PUSH1 0x0 DUP1 PUSH1 0x0 DUP1 PUSH2 0x9CE CALLER PUSH2 0x1A11 JUMP JUMPDEST SWAP10 POP PUSH2 0x9DC TIMESTAMP PUSH1 0xB SLOAD PUSH2 0x1F6B JUMP JUMPDEST SWAP9 POP PUSH2 0x9E6 PUSH2 0x984 JUMP JUMPDEST SWAP8 POP PUSH1 0xE PUSH1 0x0 CALLER PUSH20 0xFFFFFFFFFFFFFFFFFFFFFFFFFFFFFFFFFFFFFFFF AND PUSH20 0xFFFFFFFFFFFFFFFFFFFFFFFFFFFFFFFFFFFFFFFF AND DUP2 MSTORE PUSH1 0x20 ADD SWAP1 DUP2 MSTORE PUSH1 0x20 ADD PUSH1 0x0 KECCAK256 SLOAD DUP9 SUB SWAP7 POP PUSH2 0xA81 PUSH2 0xA7A PUSH1 0xC SLOAD PUSH1 0x1 PUSH1 0x0 CALLER PUSH20 0xFFFFFFFFFFFFFFFFFFFFFFFFFFFFFFFFFFFFFFFF AND PUSH20 0xFFFFFFFFFFFFFFFFFFFFFFFFFFFFFFFFFFFFFFFF AND DUP2 MSTORE PUSH1 0x20 ADD SWAP1 DUP2 MSTORE PUSH1 0x20 ADD PUSH1 0x0 KECCAK256 SLOAD PUSH2 0x1F84 JUMP JUMPDEST PUSH1 0x64 PUSH2 0x1FBF JUMP JUMPDEST SWAP6 POP PUSH1 0x0 DUP11 GT ISZERO ISZERO PUSH2 0xA92 JUMPI PUSH1 0x0 DUP1 REVERT JUMPDEST PUSH3 0x1A5E00 DUP10 LT ISZERO ISZERO ISZERO PUSH2 0xAA4 JUMPI PUSH1 0x0 DUP1 REVERT JUMPDEST TIMESTAMP PUSH1 0x2 PUSH1 0x0 CALLER PUSH20 0xFFFFFFFFFFFFFFFFFFFFFFFFFFFFFFFFFFFFFFFF AND PUSH20 0xFFFFFFFFFFFFFFFFFFFFFFFFFFFFFFFFFFFFFFFF AND DUP2 MSTORE PUSH1 0x20 ADD SWAP1 DUP2 MSTORE PUSH1 0x20 ADD PUSH1 0x0 KECCAK256 DUP2 SWAP1 SSTORE POP TIMESTAMP PUSH1 0x3 PUSH1 0x0 CALLER PUSH20 0xFFFFFFFFFFFFFFFFFFFFFFFFFFFFFFFFFFFFFFFF AND PUSH20 0xFFFFFFFFFFFFFFFFFFFFFFFFFFFFFFFFFFFFFFFF AND DUP2 MSTORE PUSH1 0x20 ADD SWAP1 DUP2 MSTORE PUSH1 0x20 ADD PUSH1 0x0 KECCAK256 DUP2 SWAP1 SSTORE POP DUP7 DUP11 LT ISZERO PUSH2 0xD14 JUMPI DUP6 DUP11 LT ISZERO PUSH2 0xBD5 JUMPI DUP10 PUSH1 0xE PUSH1 0x0 CALLER PUSH20 0xFFFFFFFFFFFFFFFFFFFFFFFFFFFFFFFFFFFFFFFF AND PUSH20 0xFFFFFFFFFFFFFFFFFFFFFFFFFFFFFFFFFFFFFFFF AND DUP2 MSTORE PUSH1 0x20 ADD SWAP1 DUP2 MSTORE PUSH1 0x20 ADD PUSH1 0x0 KECCAK256 PUSH1 0x0 DUP3 DUP3 SLOAD ADD SWAP3 POP POP DUP2 SWAP1 SSTORE POP CALLER PUSH20 0xFFFFFFFFFFFFFFFFFFFFFFFFFFFFFFFFFFFFFFFF AND PUSH2 0x8FC DUP12 SWAP1 DUP2 ISZERO MUL SWAP1 PUSH1 0x40 MLOAD PUSH1 0x0 PUSH1 0x40 MLOAD DUP1 DUP4 SUB DUP2 DUP6 DUP9 DUP9 CALL SWAP4 POP POP POP POP ISZERO DUP1 ISZERO PUSH2 0xBCF JUMPI RETURNDATASIZE PUSH1 0x0 DUP1 RETURNDATACOPY RETURNDATASIZE PUSH1 0x0 REVERT JUMPDEST POP PUSH2 0xD0F JUMP JUMPDEST DUP6 DUP11 LT ISZERO ISZERO PUSH2 0xD0E JUMPI DUP6 SWAP5 POP PUSH2 0xBEB DUP11 DUP7 PUSH2 0x1F6B JUMP JUMPDEST SWAP4 POP DUP10 PUSH1 0xE PUSH1 0x0 CALLER PUSH20 0xFFFFFFFFFFFFFFFFFFFFFFFFFFFFFFFFFFFFFFFF AND PUSH20 0xFFFFFFFFFFFFFFFFFFFFFFFFFFFFFFFFFFFFFFFF AND DUP2 MSTORE PUSH1 0x20 ADD SWAP1 DUP2 MSTORE PUSH1 0x20 ADD PUSH1 0x0 KECCAK256 PUSH1 0x0 DUP3 DUP3 SLOAD ADD SWAP3 POP POP DUP2 SWAP1 SSTORE POP CALLER PUSH20 0xFFFFFFFFFFFFFFFFFFFFFFFFFFFFFFFFFFFFFFFF AND PUSH2 0x8FC DUP7 SWAP1 DUP2 ISZERO MUL SWAP1 PUSH1 0x40 MLOAD PUSH1 0x0 PUSH1 0x40 MLOAD DUP1 DUP4 SUB DUP2 DUP6 DUP9 DUP9 CALL SWAP4 POP POP POP POP ISZERO DUP1 ISZERO PUSH2 0xC80 JUMPI RETURNDATASIZE PUSH1 0x0 DUP1 RETURNDATACOPY RETURNDATASIZE PUSH1 0x0 REVERT JUMPDEST POP PUSH2 0xCCA PUSH1 0x1 PUSH1 0x0 CALLER PUSH20 0xFFFFFFFFFFFFFFFFFFFFFFFFFFFFFFFFFFFFFFFF AND PUSH20 0xFFFFFFFFFFFFFFFFFFFFFFFFFFFFFFFFFFFFFFFF AND DUP2 MSTORE PUSH1 0x20 ADD SWAP1 DUP2 MSTORE PUSH1 0x20 ADD PUSH1 0x0 KECCAK256 SLOAD DUP6 PUSH2 0x1FDA JUMP JUMPDEST PUSH1 0x1 PUSH1 0x0 CALLER PUSH20 0xFFFFFFFFFFFFFFFFFFFFFFFFFFFFFFFFFFFFFFFF AND PUSH20 0xFFFFFFFFFFFFFFFFFFFFFFFFFFFFFFFFFFFFFFFF AND DUP2 MSTORE PUSH1 0x20 ADD SWAP1 DUP2 MSTORE PUSH1 0x20 ADD PUSH1 0x0 KECCAK256 DUP2 SWAP1 SSTORE POP JUMPDEST JUMPDEST PUSH2 0xFCF JUMP JUMPDEST DUP7 DUP11 LT ISZERO DUP1 ISZERO PUSH2 0xD62 JUMPI POP DUP8 PUSH1 0xE PUSH1 0x0 CALLER PUSH20 0xFFFFFFFFFFFFFFFFFFFFFFFFFFFFFFFFFFFFFFFF AND PUSH20 0xFFFFFFFFFFFFFFFFFFFFFFFFFFFFFFFFFFFFFFFF AND DUP2 MSTORE PUSH1 0x20 ADD SWAP1 DUP2 MSTORE PUSH1 0x20 ADD PUSH1 0x0 KECCAK256 SLOAD LT JUMPDEST ISZERO PUSH2 0xFCE JUMPI DUP7 SWAP3 POP DUP6 DUP4 LT ISZERO PUSH2 0xE93 JUMPI PUSH1 0x0 PUSH1 0xE PUSH1 0x0 CALLER PUSH20 0xFFFFFFFFFFFFFFFFFFFFFFFFFFFFFFFFFFFFFFFF AND PUSH20 0xFFFFFFFFFFFFFFFFFFFFFFFFFFFFFFFFFFFFFFFF AND DUP2 MSTORE PUSH1 0x20 ADD SWAP1 DUP2 MSTORE PUSH1 0x20 ADD PUSH1 0x0 KECCAK256 DUP2 SWAP1 SSTORE POP PUSH1 0x0 PUSH1 0x1 PUSH1 0x0 CALLER PUSH20 0xFFFFFFFFFFFFFFFFFFFFFFFFFFFFFFFFFFFFFFFF AND PUSH20 0xFFFFFFFFFFFFFFFFFFFFFFFFFFFFFFFFFFFFFFFF AND DUP2 MSTORE PUSH1 0x20 ADD SWAP1 DUP2 MSTORE PUSH1 0x20 ADD PUSH1 0x0 KECCAK256 DUP2 SWAP1 SSTORE POP PUSH1 0xF PUSH1 0x0 CALLER PUSH20 0xFFFFFFFFFFFFFFFFFFFFFFFFFFFFFFFFFFFFFFFF AND PUSH20 0xFFFFFFFFFFFFFFFFFFFFFFFFFFFFFFFFFFFFFFFF AND DUP2 MSTORE PUSH1 0x20 ADD SWAP1 DUP2 MSTORE PUSH1 0x20 ADD PUSH1 0x0 KECCAK256 PUSH1 0x0 PUSH2 0xE47 SWAP2 SWAP1 PUSH2 0x20F2 JUMP JUMPDEST CALLER PUSH20 0xFFFFFFFFFFFFFFFFFFFFFFFFFFFFFFFFFFFFFFFF AND PUSH2 0x8FC DUP5 SWAP1 DUP2 ISZERO MUL SWAP1 PUSH1 0x40 MLOAD PUSH1 0x0 PUSH1 0x40 MLOAD DUP1 DUP4 SUB DUP2 DUP6 DUP9 DUP9 CALL SWAP4 POP POP POP POP ISZERO DUP1 ISZERO PUSH2 0xE8D JUMPI RETURNDATASIZE PUSH1 0x0 DUP1 RETURNDATACOPY RETURNDATASIZE PUSH1 0x0 REVERT JUMPDEST POP PUSH2 0xFCD JUMP JUMPDEST DUP6 DUP4 LT ISZERO ISZERO PUSH2 0xFCC JUMPI DUP6 SWAP2 POP PUSH2 0xEA9 DUP4 DUP4 PUSH2 0x1F6B JUMP JUMPDEST SWAP1 POP DUP3 PUSH1 0xE PUSH1 0x0 CALLER PUSH20 0xFFFFFFFFFFFFFFFFFFFFFFFFFFFFFFFFFFFFFFFF AND PUSH20 0xFFFFFFFFFFFFFFFFFFFFFFFFFFFFFFFFFFFFFFFF AND DUP2 MSTORE PUSH1 0x20 ADD SWAP1 DUP2 MSTORE PUSH1 0x20 ADD PUSH1 0x0 KECCAK256 PUSH1 0x0 DUP3 DUP3 SLOAD ADD SWAP3 POP POP DUP2 SWAP1 SSTORE POP CALLER PUSH20 0xFFFFFFFFFFFFFFFFFFFFFFFFFFFFFFFFFFFFFFFF AND PUSH2 0x8FC DUP4 SWAP1 DUP2 ISZERO MUL SWAP1 PUSH1 0x40 MLOAD PUSH1 0x0 PUSH1 0x40 MLOAD DUP1 DUP4 SUB DUP2 DUP6 DUP9 DUP9 CALL SWAP4 POP POP POP POP ISZERO DUP1 ISZERO PUSH2 0xF3E JUMPI RETURNDATASIZE PUSH1 0x0 DUP1 RETURNDATACOPY RETURNDATASIZE PUSH1 0x0 REVERT JUMPDEST POP PUSH2 0xF88 PUSH1 0x1 PUSH1 0x0 CALLER PUSH20 0xFFFFFFFFFFFFFFFFFFFFFFFFFFFFFFFFFFFFFFFF AND PUSH20 0xFFFFFFFFFFFFFFFFFFFFFFFFFFFFFFFFFFFFFFFF AND DUP2 MSTORE PUSH1 0x20 ADD SWAP1 DUP2 MSTORE PUSH1 0x20 ADD PUSH1 0x0 KECCAK256 SLOAD DUP3 PUSH2 0x1FDA JUMP JUMPDEST PUSH1 0x1 PUSH1 0x0 CALLER PUSH20 0xFFFFFFFFFFFFFFFFFFFFFFFFFFFFFFFFFFFFFFFF AND PUSH20 0xFFFFFFFFFFFFFFFFFFFFFFFFFFFFFFFFFFFFFFFF AND DUP2 MSTORE PUSH1 0x20 ADD SWAP1 DUP2 MSTORE PUSH1 0x20 ADD PUSH1 0x0 KECCAK256 DUP2 SWAP1 SSTORE POP JUMPDEST JUMPDEST JUMPDEST JUMPDEST POP POP POP POP POP POP POP POP POP POP JUMP JUMPDEST PUSH2 0xFE3 PUSH2 0x190A JUMP JUMPDEST ISZERO ISZERO PUSH2 0xFEE JUMPI PUSH1 0x0 DUP1 REVERT JUMPDEST PUSH1 0x0 PUSH20 0xFFFFFFFFFFFFFFFFFFFFFFFFFFFFFFFFFFFFFFFF AND DUP2 PUSH20 0xFFFFFFFFFFFFFFFFFFFFFFFFFFFFFFFFFFFFFFFF AND EQ ISZERO ISZERO ISZERO PUSH2 0x102A JUMPI PUSH1 0x0 DUP1 REVERT JUMPDEST DUP1 PUSH1 0x7 PUSH1 0x0 PUSH2 0x100 EXP DUP2 SLOAD DUP2 PUSH20 0xFFFFFFFFFFFFFFFFFFFFFFFFFFFFFFFFFFFFFFFF MUL NOT AND SWAP1 DUP4 PUSH20 0xFFFFFFFFFFFFFFFFFFFFFFFFFFFFFFFFFFFFFFFF AND MUL OR SWAP1 SSTORE POP POP JUMP JUMPDEST PUSH1 0x0 PUSH1 0x4 PUSH1 0x0 CALLER PUSH20 0xFFFFFFFFFFFFFFFFFFFFFFFFFFFFFFFFFFFFFFFF AND PUSH20 0xFFFFFFFFFFFFFFFFFFFFFFFFFFFFFFFFFFFFFFFF AND DUP2 MSTORE PUSH1 0x20 ADD SWAP1 DUP2 MSTORE PUSH1 0x20 ADD PUSH1 0x0 KECCAK256 SLOAD SWAP1 POP SWAP1 JUMP JUMPDEST PUSH1 0x9 SLOAD DUP2 JUMP JUMPDEST PUSH1 0xA SLOAD DUP2 JUMP JUMPDEST PUSH1 0x4 PUSH1 0x20 MSTORE DUP1 PUSH1 0x0 MSTORE PUSH1 0x40 PUSH1 0x0 KECCAK256 PUSH1 0x0 SWAP2 POP SWAP1 POP SLOAD DUP2 JUMP JUMPDEST PUSH1 0x0 PUSH2 0x10E4 CALLER PUSH2 0x1A11 JUMP JUMPDEST SWAP1 POP SWAP1 JUMP JUMPDEST PUSH1 0x3 PUSH1 0x20 MSTORE DUP1 PUSH1 0x0 MSTORE PUSH1 0x40 PUSH1 0x0 KECCAK256 PUSH1 0x0 SWAP2 POP SWAP1 POP SLOAD DUP2 JUMP JUMPDEST PUSH1 0x0 PUSH1 0xF PUSH1 0x0 CALLER PUSH20 0xFFFFFFFFFFFFFFFFFFFFFFFFFFFFFFFFFFFFFFFF AND PUSH20 0xFFFFFFFFFFFFFFFFFFFFFFFFFFFFFFFFFFFFFFFF AND DUP2 MSTORE PUSH1 0x20 ADD SWAP1 DUP2 MSTORE PUSH1 0x20 ADD PUSH1 0x0 KECCAK256 DUP1 SLOAD SWAP1 POP SWAP1 POP SWAP1 JUMP JUMPDEST PUSH1 0x0 DUP1 PUSH1 0x0 DUP1 PUSH1 0x0 DUP1 PUSH1 0x0 PUSH1 0xB SLOAD TIMESTAMP LT ISZERO ISZERO ISZERO PUSH2 0x1167 JUMPI PUSH1 0x0 DUP1 REVERT JUMPDEST PUSH8 0x16345785D8A0000 CALLVALUE LT ISZERO ISZERO ISZERO PUSH2 0x117E JUMPI PUSH1 0x0 DUP1 REVERT JUMPDEST PUSH2 0x118A TIMESTAMP PUSH1 0xB SLOAD PUSH2 0x1F6B JUMP JUMPDEST SWAP7 POP PUSH3 0x1A5E00 DUP8 LT DUP1 ISZERO PUSH2 0x11A6 JUMPI POP PUSH1 0x0 PUSH2 0x11A4 CALLER PUSH2 0x1A11 JUMP JUMPDEST GT JUMPDEST ISZERO PUSH2 0x11B4 JUMPI PUSH2 0x11B3 PUSH2 0x1C7C JUMP JUMPDEST JUMPDEST PUSH3 0x1A5E00 DUP8 GT DUP1 ISZERO PUSH2 0x11CE JUMPI POP PUSH1 0x0 PUSH2 0x11CC CALLER PUSH2 0x1A11 JUMP JUMPDEST GT JUMPDEST ISZERO PUSH2 0x12FB JUMPI PUSH2 0x11DC CALLER PUSH2 0x1A11 JUMP JUMPDEST SWAP6 POP TIMESTAMP PUSH1 0x2 PUSH1 0x0 CALLER PUSH20 0xFFFFFFFFFFFFFFFFFFFFFFFFFFFFFFFFFFFFFFFF AND PUSH20 0xFFFFFFFFFFFFFFFFFFFFFFFFFFFFFFFFFFFFFFFF AND DUP2 MSTORE PUSH1 0x20 ADD SWAP1 DUP2 MSTORE PUSH1 0x20 ADD PUSH1 0x0 KECCAK256 DUP2 SWAP1 SSTORE POP TIMESTAMP PUSH1 0x3 PUSH1 0x0 CALLER PUSH20 0xFFFFFFFFFFFFFFFFFFFFFFFFFFFFFFFFFFFFFFFF AND PUSH20 0xFFFFFFFFFFFFFFFFFFFFFFFFFFFFFFFFFFFFFFFF AND DUP2 MSTORE PUSH1 0x20 ADD SWAP1 DUP2 MSTORE PUSH1 0x20 ADD PUSH1 0x0 KECCAK256 DUP2 SWAP1 SSTORE POP DUP6 PUSH1 0xE PUSH1 0x0 CALLER PUSH20 0xFFFFFFFFFFFFFFFFFFFFFFFFFFFFFFFFFFFFFFFF AND PUSH20 0xFFFFFFFFFFFFFFFFFFFFFFFFFFFFFFFFFFFFFFFF AND DUP2 MSTORE PUSH1 0x20 ADD SWAP1 DUP2 MSTORE PUSH1 0x20 ADD PUSH1 0x0 KECCAK256 PUSH1 0x0 DUP3 DUP3 SLOAD ADD SWAP3 POP POP DUP2 SWAP1 SSTORE POP CALLER PUSH20 0xFFFFFFFFFFFFFFFFFFFFFFFFFFFFFFFFFFFFFFFF AND PUSH2 0x8FC DUP8 SWAP1 DUP2 ISZERO MUL SWAP1 PUSH1 0x40 MLOAD PUSH1 0x0 PUSH1 0x40 MLOAD DUP1 DUP4 SUB DUP2 DUP6 DUP9 DUP9 CALL SWAP4 POP POP POP POP ISZERO DUP1 ISZERO PUSH2 0x12F9 JUMPI RETURNDATASIZE PUSH1 0x0 DUP1 RETURNDATACOPY RETURNDATASIZE PUSH1 0x0 REVERT JUMPDEST POP JUMPDEST CALLVALUE SWAP2 POP PUSH2 0x1325 PUSH1 0x64 PUSH2 0x1317 PUSH1 0x9 DUP6 PUSH2 0x1F84 SWAP1 SWAP2 SWAP1 PUSH4 0xFFFFFFFF AND JUMP JUMPDEST PUSH2 0x1FBF SWAP1 SWAP2 SWAP1 PUSH4 0xFFFFFFFF AND JUMP JUMPDEST SWAP5 POP PUSH2 0x134E PUSH1 0x64 PUSH2 0x1340 PUSH1 0x8 DUP6 PUSH2 0x1F84 SWAP1 SWAP2 SWAP1 PUSH4 0xFFFFFFFF AND JUMP JUMPDEST PUSH2 0x1FBF SWAP1 SWAP2 SWAP1 PUSH4 0xFFFFFFFF AND JUMP JUMPDEST SWAP4 POP PUSH2 0x1377 PUSH1 0x64 PUSH2 0x1369 PUSH1 0x3 DUP6 PUSH2 0x1F84 SWAP1 SWAP2 SWAP1 PUSH4 0xFFFFFFFF AND JUMP JUMPDEST PUSH2 0x1FBF SWAP1 SWAP2 SWAP1 PUSH4 0xFFFFFFFF AND JUMP JUMPDEST SWAP3 POP PUSH2 0x138E DUP4 PUSH1 0x9 SLOAD PUSH2 0x1FDA SWAP1 SWAP2 SWAP1 PUSH4 0xFFFFFFFF AND JUMP JUMPDEST PUSH1 0x9 DUP2 SWAP1 SSTORE POP DUP2 SWAP2 POP PUSH1 0x5 PUSH1 0x0 SWAP1 SLOAD SWAP1 PUSH2 0x100 EXP SWAP1 DIV PUSH20 0xFFFFFFFFFFFFFFFFFFFFFFFFFFFFFFFFFFFFFFFF AND PUSH20 0xFFFFFFFFFFFFFFFFFFFFFFFFFFFFFFFFFFFFFFFF AND PUSH2 0x8FC DUP6 SWAP1 DUP2 ISZERO MUL SWAP1 PUSH1 0x40 MLOAD PUSH1 0x0 PUSH1 0x40 MLOAD DUP1 DUP4 SUB DUP2 DUP6 DUP9 DUP9 CALL SWAP4 POP POP POP POP ISZERO DUP1 ISZERO PUSH2 0x13FF JUMPI RETURNDATASIZE PUSH1 0x0 DUP1 RETURNDATACOPY RETURNDATASIZE PUSH1 0x0 REVERT JUMPDEST POP PUSH1 0x6 PUSH1 0x0 SWAP1 SLOAD SWAP1 PUSH2 0x100 EXP SWAP1 DIV PUSH20 0xFFFFFFFFFFFFFFFFFFFFFFFFFFFFFFFFFFFFFFFF AND PUSH20 0xFFFFFFFFFFFFFFFFFFFFFFFFFFFFFFFFFFFFFFFF AND PUSH2 0x8FC DUP6 SWAP1 DUP2 ISZERO MUL SWAP1 PUSH1 0x40 MLOAD PUSH1 0x0 PUSH1 0x40 MLOAD DUP1 DUP4 SUB DUP2 DUP6 DUP9 DUP9 CALL SWAP4 POP POP POP POP ISZERO DUP1 ISZERO PUSH2 0x1468 JUMPI RETURNDATASIZE PUSH1 0x0 DUP1 RETURNDATACOPY RETURNDATASIZE PUSH1 0x0 REVERT JUMPDEST POP CALLER PUSH20 0xFFFFFFFFFFFFFFFFFFFFFFFFFFFFFFFFFFFFFFFF AND DUP9 PUSH20 0xFFFFFFFFFFFFFFFFFFFFFFFFFFFFFFFFFFFFFFFF AND EQ ISZERO DUP1 ISZERO PUSH2 0x14BC JUMPI POP PUSH1 0x1 DUP9 PUSH20 0xFFFFFFFFFFFFFFFFFFFFFFFFFFFFFFFFFFFFFFFF AND EQ ISZERO JUMPDEST DUP1 ISZERO PUSH2 0x1516 JUMPI POP PUSH1 0x6 PUSH1 0x0 SWAP1 SLOAD SWAP1 PUSH2 0x100 EXP SWAP1 DIV PUSH20 0xFFFFFFFFFFFFFFFFFFFFFFFFFFFFFFFFFFFFFFFF AND PUSH20 0xFFFFFFFFFFFFFFFFFFFFFFFFFFFFFFFFFFFFFFFF AND DUP9 PUSH20 0xFFFFFFFFFFFFFFFFFFFFFFFFFFFFFFFFFFFFFFFF AND EQ ISZERO JUMPDEST ISZERO PUSH2 0x15A8 JUMPI PUSH2 0x1564 PUSH1 0x4 PUSH1 0x0 DUP11 PUSH20 0xFFFFFFFFFFFFFFFFFFFFFFFFFFFFFFFFFFFFFFFF AND PUSH20 0xFFFFFFFFFFFFFFFFFFFFFFFFFFFFFFFFFFFFFFFF AND DUP2 MSTORE PUSH1 0x20 ADD SWAP1 DUP2 MSTORE PUSH1 0x20 ADD PUSH1 0x0 KECCAK256 SLOAD DUP7 PUSH2 0x1FDA JUMP JUMPDEST PUSH1 0x4 PUSH1 0x0 DUP11 PUSH20 0xFFFFFFFFFFFFFFFFFFFFFFFFFFFFFFFFFFFFFFFF AND PUSH20 0xFFFFFFFFFFFFFFFFFFFFFFFFFFFFFFFFFFFFFFFF AND DUP2 MSTORE PUSH1 0x20 ADD SWAP1 DUP2 MSTORE PUSH1 0x20 ADD PUSH1 0x0 KECCAK256 DUP2 SWAP1 SSTORE POP JUMPDEST PUSH2 0x15FA DUP3 PUSH1 0x1 PUSH1 0x0 CALLER PUSH20 0xFFFFFFFFFFFFFFFFFFFFFFFFFFFFFFFFFFFFFFFF AND PUSH20 0xFFFFFFFFFFFFFFFFFFFFFFFFFFFFFFFFFFFFFFFF AND DUP2 MSTORE PUSH1 0x20 ADD SWAP1 DUP2 MSTORE PUSH1 0x20 ADD PUSH1 0x0 KECCAK256 SLOAD PUSH2 0x1FDA SWAP1 SWAP2 SWAP1 PUSH4 0xFFFFFFFF AND JUMP JUMPDEST PUSH1 0x1 PUSH1 0x0 CALLER PUSH20 0xFFFFFFFFFFFFFFFFFFFFFFFFFFFFFFFFFFFFFFFF AND PUSH20 0xFFFFFFFFFFFFFFFFFFFFFFFFFFFFFFFFFFFFFFFF AND DUP2 MSTORE PUSH1 0x20 ADD SWAP1 DUP2 MSTORE PUSH1 0x20 ADD PUSH1 0x0 KECCAK256 DUP2 SWAP1 SSTORE POP TIMESTAMP PUSH1 0x2 PUSH1 0x0 CALLER PUSH20 0xFFFFFFFFFFFFFFFFFFFFFFFFFFFFFFFFFFFFFFFF AND PUSH20 0xFFFFFFFFFFFFFFFFFFFFFFFFFFFFFFFFFFFFFFFF AND DUP2 MSTORE PUSH1 0x20 ADD SWAP1 DUP2 MSTORE PUSH1 0x20 ADD PUSH1 0x0 KECCAK256 DUP2 SWAP1 SSTORE POP PUSH1 0xF PUSH1 0x0 CALLER PUSH20 0xFFFFFFFFFFFFFFFFFFFFFFFFFFFFFFFFFFFFFFFF AND PUSH20 0xFFFFFFFFFFFFFFFFFFFFFFFFFFFFFFFFFFFFFFFF AND DUP2 MSTORE PUSH1 0x20 ADD SWAP1 DUP2 MSTORE PUSH1 0x20 ADD PUSH1 0x0 KECCAK256 DUP3 SWAP1 DUP1 PUSH1 0x1 DUP2 SLOAD ADD DUP1 DUP3 SSTORE DUP1 SWAP2 POP POP SWAP1 PUSH1 0x1 DUP3 SUB SWAP1 PUSH1 0x0 MSTORE PUSH1 0x20 PUSH1 0x0 KECCAK256 ADD PUSH1 0x0 SWAP1 SWAP2 SWAP3 SWAP1 SWAP2 SWAP1 SWAP2 POP SSTORE POP PUSH1 0xA SLOAD PUSH1 0x9 SLOAD LT ISZERO ISZERO PUSH2 0x17DB JUMPI PUSH1 0x9 SLOAD SWAP1 POP CALLER PUSH20 0xFFFFFFFFFFFFFFFFFFFFFFFFFFFFFFFFFFFFFFFF AND PUSH2 0x8FC DUP3 SWAP1 DUP2 ISZERO MUL SWAP1 PUSH1 0x40 MLOAD PUSH1 0x0 PUSH1 0x40 MLOAD DUP1 DUP4 SUB DUP2 DUP6 DUP9 DUP9 CALL SWAP4 POP POP POP POP ISZERO DUP1 ISZERO PUSH2 0x1742 JUMPI RETURNDATASIZE PUSH1 0x0 DUP1 RETURNDATACOPY RETURNDATASIZE PUSH1 0x0 REVERT JUMPDEST POP CALLER PUSH1 0x8 PUSH1 0x0 PUSH2 0x100 EXP DUP2 SLOAD DUP2 PUSH20 0xFFFFFFFFFFFFFFFFFFFFFFFFFFFFFFFFFFFFFFFF MUL NOT AND SWAP1 DUP4 PUSH20 0xFFFFFFFFFFFFFFFFFFFFFFFFFFFFFFFFFFFFFFFF AND MUL OR SWAP1 SSTORE POP CALLER PUSH20 0xFFFFFFFFFFFFFFFFFFFFFFFFFFFFFFFFFFFFFFFF AND PUSH32 0x55C760794E652D1FA3C4DFC0E0E192F75796BA998FFF30D990B7F6ACC8B04A8F DUP3 PUSH1 0x40 MLOAD DUP1 DUP3 DUP2 MSTORE PUSH1 0x20 ADD SWAP2 POP POP PUSH1 0x40 MLOAD DUP1 SWAP2 SUB SWAP1 LOG2 PUSH1 0x0 PUSH1 0x9 DUP2 SWAP1 SSTORE POP JUMPDEST POP POP POP POP POP POP POP POP JUMP JUMPDEST PUSH1 0x2 PUSH1 0x20 MSTORE DUP1 PUSH1 0x0 MSTORE PUSH1 0x40 PUSH1 0x0 KECCAK256 PUSH1 0x0 SWAP2 POP SWAP1 POP SLOAD DUP2 JUMP JUMPDEST PUSH1 0x0 DUP1 PUSH2 0x1808 PUSH2 0x19CA JUMP JUMPDEST SWAP1 POP PUSH8 0x16345785D8A0000 DUP2 LT ISZERO DUP1 ISZERO PUSH2 0x182A JUMPI POP DUP1 PUSH8 0x3782DACE9D900000 LT ISZERO JUMPDEST ISZERO PUSH2 0x1838 JUMPI PUSH1 0x0 SWAP2 POP PUSH2 0x18DD JUMP JUMPDEST PUSH8 0x37A661C10D510000 DUP2 LT ISZERO DUP1 ISZERO PUSH2 0x1858 JUMPI POP DUP1 PUSH8 0x6124FEE993BC0000 LT ISZERO JUMPDEST ISZERO PUSH2 0x1866 JUMPI PUSH1 0x14 SWAP2 POP PUSH2 0x18DD JUMP JUMPDEST PUSH8 0x614885DC037D0000 DUP2 LT ISZERO DUP1 ISZERO PUSH2 0x1886 JUMPI POP DUP1 PUSH8 0x8AC7230489E80000 LT ISZERO JUMPDEST ISZERO PUSH2 0x1894 JUMPI PUSH1 0x28 SWAP2 POP PUSH2 0x18DD JUMP JUMPDEST PUSH8 0x8AEAA9F6F9A90000 DUP2 LT ISZERO DUP1 ISZERO PUSH2 0x18B4 JUMPI POP DUP1 PUSH8 0xD02AB486CEDC0000 LT ISZERO JUMPDEST ISZERO PUSH2 0x18C2 JUMPI PUSH1 0x3C SWAP2 POP PUSH2 0x18DD JUMP JUMPDEST PUSH8 0xD04E3B793E9D0000 DUP2 LT ISZERO ISZERO PUSH2 0x18DC JUMPI PUSH1 0x63 SWAP2 POP PUSH2 0x18DD JUMP JUMPDEST JUMPDEST POP SWAP1 JUMP JUMPDEST PUSH1 0x0 DUP1 PUSH1 0x0 SWAP1 SLOAD SWAP1 PUSH2 0x100 EXP SWAP1 DIV PUSH20 0xFFFFFFFFFFFFFFFFFFFFFFFFFFFFFFFFFFFFFFFF AND SWAP1 POP SWAP1 JUMP JUMPDEST PUSH1 0x0 DUP1 PUSH1 0x0 SWAP1 SLOAD SWAP1 PUSH2 0x100 EXP SWAP1 DIV PUSH20 0xFFFFFFFFFFFFFFFFFFFFFFFFFFFFFFFFFFFFFFFF AND PUSH20 0xFFFFFFFFFFFFFFFFFFFFFFFFFFFFFFFFFFFFFFFF AND CALLER PUSH20 0xFFFFFFFFFFFFFFFFFFFFFFFFFFFFFFFFFFFFFFFF AND EQ SWAP1 POP SWAP1 JUMP JUMPDEST PUSH2 0x1969 PUSH2 0x190A JUMP JUMPDEST ISZERO ISZERO PUSH2 0x1974 JUMPI PUSH1 0x0 DUP1 REVERT JUMPDEST DUP1 PUSH1 0xA DUP2 SWAP1 SSTORE POP POP JUMP JUMPDEST PUSH1 0x5 PUSH1 0x0 SWAP1 SLOAD SWAP1 PUSH2 0x100 EXP SWAP1 DIV PUSH20 0xFFFFFFFFFFFFFFFFFFFFFFFFFFFFFFFFFFFFFFFF AND DUP2 JUMP JUMPDEST PUSH1 0x8 PUSH1 0x0 SWAP1 SLOAD SWAP1 PUSH2 0x100 EXP SWAP1 DIV PUSH20 0xFFFFFFFFFFFFFFFFFFFFFFFFFFFFFFFFFFFFFFFF AND DUP2 JUMP JUMPDEST PUSH1 0x0 PUSH1 0x1 PUSH1 0x0 CALLER PUSH20 0xFFFFFFFFFFFFFFFFFFFFFFFFFFFFFFFFFFFFFFFF AND PUSH20 0xFFFFFFFFFFFFFFFFFFFFFFFFFFFFFFFFFFFFFFFF AND DUP2 MSTORE PUSH1 0x20 ADD SWAP1 DUP2 MSTORE PUSH1 0x20 ADD PUSH1 0x0 KECCAK256 SLOAD SWAP1 POP SWAP1 JUMP JUMPDEST PUSH1 0x0 DUP1 PUSH1 0x0 DUP1 PUSH1 0x0 DUP1 PUSH2 0x1A63 TIMESTAMP PUSH1 0x2 PUSH1 0x0 DUP11 PUSH20 0xFFFFFFFFFFFFFFFFFFFFFFFFFFFFFFFFFFFFFFFF AND PUSH20 0xFFFFFFFFFFFFFFFFFFFFFFFFFFFFFFFFFFFFFFFF AND DUP2 MSTORE PUSH1 0x20 ADD SWAP1 DUP2 MSTORE PUSH1 0x20 ADD PUSH1 0x0 KECCAK256 SLOAD PUSH2 0x1F6B JUMP JUMPDEST SWAP5 POP PUSH2 0x1ABA PUSH2 0x1AB1 DUP7 PUSH1 0x1 PUSH1 0x0 DUP12 PUSH20 0xFFFFFFFFFFFFFFFFFFFFFFFFFFFFFFFFFFFFFFFF AND PUSH20 0xFFFFFFFFFFFFFFFFFFFFFFFFFFFFFFFFFFFFFFFF AND DUP2 MSTORE PUSH1 0x20 ADD SWAP1 DUP2 MSTORE PUSH1 0x20 ADD PUSH1 0x0 KECCAK256 SLOAD PUSH2 0x1F84 JUMP JUMPDEST PUSH3 0xF07B2 PUSH2 0x1FBF JUMP JUMPDEST SWAP4 POP PUSH2 0x1AC4 PUSH2 0x984 JUMP JUMPDEST SWAP3 POP PUSH1 0xE PUSH1 0x0 CALLER PUSH20 0xFFFFFFFFFFFFFFFFFFFFFFFFFFFFFFFFFFFFFFFF AND PUSH20 0xFFFFFFFFFFFFFFFFFFFFFFFFFFFFFFFFFFFFFFFF AND DUP2 MSTORE PUSH1 0x20 ADD SWAP1 DUP2 MSTORE PUSH1 0x20 ADD PUSH1 0x0 KECCAK256 SLOAD DUP4 SUB SWAP2 POP DUP2 DUP5 GT DUP1 ISZERO PUSH2 0x1B57 JUMPI POP DUP3 PUSH1 0xE PUSH1 0x0 CALLER PUSH20 0xFFFFFFFFFFFFFFFFFFFFFFFFFFFFFFFFFFFFFFFF AND PUSH20 0xFFFFFFFFFFFFFFFFFFFFFFFFFFFFFFFFFFFFFFFF AND DUP2 MSTORE PUSH1 0x20 ADD SWAP1 DUP2 MSTORE PUSH1 0x20 ADD PUSH1 0x0 KECCAK256 SLOAD LT JUMPDEST ISZERO PUSH2 0x1B60 JUMPI DUP2 SWAP4 POP JUMPDEST PUSH2 0x1B68 PUSH2 0x17FD JUMP JUMPDEST SWAP1 POP PUSH1 0x0 DUP2 EQ ISZERO PUSH2 0x1B7B JUMPI DUP4 SWAP6 POP PUSH2 0x1B9B JUMP JUMPDEST PUSH2 0x1B98 DUP5 PUSH2 0x1B93 PUSH2 0x1B8C DUP8 DUP6 PUSH2 0x1F84 JUMP JUMPDEST PUSH1 0x64 PUSH2 0x1FBF JUMP JUMPDEST PUSH2 0x1FDA JUMP JUMPDEST SWAP6 POP JUMPDEST POP POP POP POP POP SWAP2 SWAP1 POP JUMP JUMPDEST PUSH1 0x7 PUSH1 0x0 SWAP1 SLOAD SWAP1 PUSH2 0x100 EXP SWAP1 DIV PUSH20 0xFFFFFFFFFFFFFFFFFFFFFFFFFFFFFFFFFFFFFFFF AND DUP2 JUMP JUMPDEST PUSH1 0xC SLOAD DUP2 JUMP JUMPDEST PUSH2 0x1BD9 PUSH2 0x190A JUMP JUMPDEST ISZERO ISZERO PUSH2 0x1BE4 JUMPI PUSH1 0x0 DUP1 REVERT JUMPDEST PUSH1 0x0 PUSH20 0xFFFFFFFFFFFFFFFFFFFFFFFFFFFFFFFFFFFFFFFF AND DUP2 PUSH20 0xFFFFFFFFFFFFFFFFFFFFFFFFFFFFFFFFFFFFFFFF AND EQ ISZERO ISZERO ISZERO PUSH2 0x1C20 JUMPI PUSH1 0x0 DUP1 REVERT JUMPDEST DUP1 PUSH1 0x6 PUSH1 0x0 PUSH2 0x100 EXP DUP2 SLOAD DUP2 PUSH20 0xFFFFFFFFFFFFFFFFFFFFFFFFFFFFFFFFFFFFFFFF MUL NOT AND SWAP1 DUP4 PUSH20 0xFFFFFFFFFFFFFFFFFFFFFFFFFFFFFFFFFFFFFFFF AND MUL OR SWAP1 SSTORE POP POP JUMP JUMPDEST PUSH1 0x1 PUSH1 0x20 MSTORE DUP1 PUSH1 0x0 MSTORE PUSH1 0x40 PUSH1 0x0 KECCAK256 PUSH1 0x0 SWAP2 POP SWAP1 POP SLOAD DUP2 JUMP JUMPDEST PUSH1 0x0 PUSH2 0x1C87 CALLER PUSH2 0x1A11 JUMP JUMPDEST SWAP1 POP PUSH1 0x0 DUP2 GT ISZERO ISZERO PUSH2 0x1C98 JUMPI PUSH1 0x0 DUP1 REVERT JUMPDEST TIMESTAMP PUSH1 0x2 PUSH1 0x0 CALLER PUSH20 0xFFFFFFFFFFFFFFFFFFFFFFFFFFFFFFFFFFFFFFFF AND PUSH20 0xFFFFFFFFFFFFFFFFFFFFFFFFFFFFFFFFFFFFFFFF AND DUP2 MSTORE PUSH1 0x20 ADD SWAP1 DUP2 MSTORE PUSH1 0x20 ADD PUSH1 0x0 KECCAK256 DUP2 SWAP1 SSTORE POP DUP1 PUSH1 0xE PUSH1 0x0 CALLER PUSH20 0xFFFFFFFFFFFFFFFFFFFFFFFFFFFFFFFFFFFFFFFF AND PUSH20 0xFFFFFFFFFFFFFFFFFFFFFFFFFFFFFFFFFFFFFFFF AND DUP2 MSTORE PUSH1 0x20 ADD SWAP1 DUP2 MSTORE PUSH1 0x20 ADD PUSH1 0x0 KECCAK256 PUSH1 0x0 DUP3 DUP3 SLOAD ADD SWAP3 POP POP DUP2 SWAP1 SSTORE POP PUSH2 0x1D72 PUSH1 0x1 PUSH1 0x0 CALLER PUSH20 0xFFFFFFFFFFFFFFFFFFFFFFFFFFFFFFFFFFFFFFFF AND PUSH20 0xFFFFFFFFFFFFFFFFFFFFFFFFFFFFFFFFFFFFFFFF AND DUP2 MSTORE PUSH1 0x20 ADD SWAP1 DUP2 MSTORE PUSH1 0x20 ADD PUSH1 0x0 KECCAK256 SLOAD DUP3 PUSH2 0x1FDA JUMP JUMPDEST PUSH1 0x1 PUSH1 0x0 CALLER PUSH20 0xFFFFFFFFFFFFFFFFFFFFFFFFFFFFFFFFFFFFFFFF AND PUSH20 0xFFFFFFFFFFFFFFFFFFFFFFFFFFFFFFFFFFFFFFFF AND DUP2 MSTORE PUSH1 0x20 ADD SWAP1 DUP2 MSTORE PUSH1 0x20 ADD PUSH1 0x0 KECCAK256 DUP2 SWAP1 SSTORE POP POP JUMP JUMPDEST PUSH1 0xE PUSH1 0x20 MSTORE DUP1 PUSH1 0x0 MSTORE PUSH1 0x40 PUSH1 0x0 KECCAK256 PUSH1 0x0 SWAP2 POP SWAP1 POP SLOAD DUP2 JUMP JUMPDEST PUSH1 0x0 DUP1 PUSH1 0x4 PUSH1 0x0 CALLER PUSH20 0xFFFFFFFFFFFFFFFFFFFFFFFFFFFFFFFFFFFFFFFF AND PUSH20 0xFFFFFFFFFFFFFFFFFFFFFFFFFFFFFFFFFFFFFFFF AND DUP2 MSTORE PUSH1 0x20 ADD SWAP1 DUP2 MSTORE PUSH1 0x20 ADD PUSH1 0x0 KECCAK256 SLOAD GT ISZERO ISZERO PUSH2 0x1E1F JUMPI PUSH1 0x0 DUP1 REVERT JUMPDEST PUSH1 0x4 PUSH1 0x0 CALLER PUSH20 0xFFFFFFFFFFFFFFFFFFFFFFFFFFFFFFFFFFFFFFFF AND PUSH20 0xFFFFFFFFFFFFFFFFFFFFFFFFFFFFFFFFFFFFFFFF AND DUP2 MSTORE PUSH1 0x20 ADD SWAP1 DUP2 MSTORE PUSH1 0x20 ADD PUSH1 0x0 KECCAK256 SLOAD SWAP1 POP PUSH1 0x0 PUSH1 0x4 PUSH1 0x0 CALLER PUSH20 0xFFFFFFFFFFFFFFFFFFFFFFFFFFFFFFFFFFFFFFFF AND PUSH20 0xFFFFFFFFFFFFFFFFFFFFFFFFFFFFFFFFFFFFFFFF AND DUP2 MSTORE PUSH1 0x20 ADD SWAP1 DUP2 MSTORE PUSH1 0x20 ADD PUSH1 0x0 KECCAK256 DUP2 SWAP1 SSTORE POP CALLER PUSH20 0xFFFFFFFFFFFFFFFFFFFFFFFFFFFFFFFFFFFFFFFF AND PUSH2 0x8FC DUP3 SWAP1 DUP2 ISZERO MUL SWAP1 PUSH1 0x40 MLOAD PUSH1 0x0 PUSH1 0x40 MLOAD DUP1 DUP4 SUB DUP2 DUP6 DUP9 DUP9 CALL SWAP4 POP POP POP POP ISZERO DUP1 ISZERO PUSH2 0x1EEC JUMPI RETURNDATASIZE PUSH1 0x0 DUP1 RETURNDATACOPY RETURNDATASIZE PUSH1 0x0 REVERT JUMPDEST POP POP JUMP JUMPDEST PUSH2 0x1EF8 PUSH2 0x190A JUMP JUMPDEST ISZERO ISZERO PUSH2 0x1F03 JUMPI PUSH1 0x0 DUP1 REVERT JUMPDEST PUSH2 0x1F0C DUP2 PUSH2 0x1FF8 JUMP JUMPDEST POP JUMP JUMPDEST PUSH1 0x6 PUSH1 0x0 SWAP1 SLOAD SWAP1 PUSH2 0x100 EXP SWAP1 DIV PUSH20 0xFFFFFFFFFFFFFFFFFFFFFFFFFFFFFFFFFFFFFFFF AND DUP2 JUMP JUMPDEST PUSH1 0xB SLOAD DUP2 JUMP JUMPDEST PUSH1 0xF PUSH1 0x20 MSTORE DUP2 PUSH1 0x0 MSTORE PUSH1 0x40 PUSH1 0x0 KECCAK256 DUP2 DUP2 SLOAD DUP2 LT ISZERO ISZERO PUSH2 0x1F56 JUMPI INVALID JUMPDEST SWAP1 PUSH1 0x0 MSTORE PUSH1 0x20 PUSH1 0x0 KECCAK256 ADD PUSH1 0x0 SWAP2 POP SWAP2 POP POP SLOAD DUP2 JUMP JUMPDEST PUSH1 0x0 DUP3 DUP3 GT ISZERO ISZERO ISZERO PUSH2 0x1F79 JUMPI INVALID JUMPDEST DUP2 DUP4 SUB SWAP1 POP SWAP3 SWAP2 POP POP JUMP JUMPDEST PUSH1 0x0 DUP1 PUSH1 0x0 DUP5 EQ ISZERO PUSH2 0x1F99 JUMPI PUSH1 0x0 SWAP2 POP PUSH2 0x1FB8 JUMP JUMPDEST DUP3 DUP5 MUL SWAP1 POP DUP3 DUP5 DUP3 DUP2 ISZERO ISZERO PUSH2 0x1FAA JUMPI INVALID JUMPDEST DIV EQ ISZERO ISZERO PUSH2 0x1FB4 JUMPI INVALID JUMPDEST DUP1 SWAP2 POP JUMPDEST POP SWAP3 SWAP2 POP POP JUMP JUMPDEST PUSH1 0x0 DUP1 DUP3 DUP5 DUP2 ISZERO ISZERO PUSH2 0x1FCD JUMPI INVALID JUMPDEST DIV SWAP1 POP DUP1 SWAP2 POP POP SWAP3 SWAP2 POP POP JUMP JUMPDEST PUSH1 0x0 DUP1 DUP3 DUP5 ADD SWAP1 POP DUP4 DUP2 LT ISZERO ISZERO ISZERO PUSH2 0x1FEE JUMPI INVALID JUMPDEST DUP1 SWAP2 POP POP SWAP3 SWAP2 POP POP JUMP JUMPDEST PUSH1 0x0 PUSH20 0xFFFFFFFFFFFFFFFFFFFFFFFFFFFFFFFFFFFFFFFF AND DUP2 PUSH20 0xFFFFFFFFFFFFFFFFFFFFFFFFFFFFFFFFFFFFFFFF AND EQ ISZERO ISZERO ISZERO PUSH2 0x2034 JUMPI PUSH1 0x0 DUP1 REVERT JUMPDEST DUP1 PUSH20 0xFFFFFFFFFFFFFFFFFFFFFFFFFFFFFFFFFFFFFFFF AND PUSH1 0x0 DUP1 SWAP1 SLOAD SWAP1 PUSH2 0x100 EXP SWAP1 DIV PUSH20 0xFFFFFFFFFFFFFFFFFFFFFFFFFFFFFFFFFFFFFFFF AND PUSH20 0xFFFFFFFFFFFFFFFFFFFFFFFFFFFFFFFFFFFFFFFF AND PUSH32 0x8BE0079C531659141344CD1FD0A4F28419497F9722A3DAAFE3B4186F6B6457E0 PUSH1 0x40 MLOAD PUSH1 0x40 MLOAD DUP1 SWAP2 SUB SWAP1 LOG3 DUP1 PUSH1 0x0 DUP1 PUSH2 0x100 EXP DUP2 SLOAD DUP2 PUSH20 0xFFFFFFFFFFFFFFFFFFFFFFFFFFFFFFFFFFFFFFFF MUL NOT AND SWAP1 DUP4 PUSH20 0xFFFFFFFFFFFFFFFFFFFFFFFFFFFFFFFFFFFFFFFF AND MUL OR SWAP1 SSTORE POP POP JUMP JUMPDEST POP DUP1 SLOAD PUSH1 0x0 DUP3 SSTORE SWAP1 PUSH1 0x0 MSTORE PUSH1 0x20 PUSH1 0x0 KECCAK256 SWAP1 DUP2 ADD SWAP1 PUSH2 0x2110 SWAP2 SWAP1 PUSH2 0x2113 JUMP JUMPDEST POP JUMP JUMPDEST PUSH2 0x2135 SWAP2 SWAP1 JUMPDEST DUP1 DUP3 GT ISZERO PUSH2 0x2131 JUMPI PUSH1 0x0 DUP2 PUSH1 0x0 SWAP1 SSTORE POP PUSH1 0x1 ADD PUSH2 0x2119 JUMP JUMPDEST POP SWAP1 JUMP JUMPDEST SWAP1 JUMP STOP LOG1 PUSH6 0x627A7A723058 KECCAK256 0x28 CODECOPY SGT 0x4a 0x25 0x5f 0xe 0xb4 0xbf PUSH5 0x72C1038049 COINBASE 0x27 0xd0 PUSH15 0x4E40F112B3DF88907B6D6D0AF10029
0,PUSH1 0x4C PUSH1 0x2C PUSH1 0xB DUP3 DUP3 DUP3 CODECOPY DUP1 MLOAD PUSH1 0x0 BYTE PUSH1 0x73 EQ PUSH1 0x0 DUP2 EQ PUSH1 0x1C JUMPI PUSH1 0x1E JUMP JUMPDEST INVALID JUMPDEST POP ADDRESS PUSH1 0x0 MSTORE PUSH1 0x73 DUP2 MSTORE8 DUP3 DUP2 RETURN STOP PUSH20 0x0 ADDRESS EQ PUSH1 0x80 PUSH1 0x40 MSTORE PUSH1 0x0 DUP1 REVERT STOP LOG1 PUSH6 0x627A7A723058 KECCAK256 0xd9 EXTCODESIZE 0x48 0x49 0xc7 0xc9 0xab 0xad BYTE PUSH27 0xEB4B1EB2FD84169C5215A4CB0BA213762DD4753E32680029000000
0,PUSH1 0x80 PUSH1 0x40 MSTORE CALLVALUE DUP1 ISZERO PUSH2 0x10 JUMPI PUSH1 0x0 DUP1 REVERT JUMPDEST POP CALLER PUSH1 0x0 DUP1 PUSH2 0x100 EXP DUP2 SLOAD DUP2 PUSH20 0xFFFFFFFFFFFFFFFFFFFFFFFFFFFFFFFFFFFFFFFF MUL NOT AND SWAP1 DUP4 PUSH20 0xFFFFFFFFFFFFFFFFFFFFFFFFFFFFFFFFFFFFFFFF AND MUL OR SWAP1 SSTORE POP PUSH2 0x3C1 DUP1 PUSH2 0x60 PUSH1 0x0 CODECOPY PUSH1 0x0 RETURN STOP PUSH1 0x80 PUSH1 0x40 MSTORE PUSH1 0x4 CALLDATASIZE LT PUSH2 0x57 JUMPI PUSH1 0x0 CALLDATALOAD PUSH29 0x100000000000000000000000000000000000000000000000000000000 SWAP1 DIV PUSH4 0xFFFFFFFF AND DUP1 PUSH4 0x715018A6 EQ PUSH2 0x5C JUMPI DUP1 PUSH4 0x8DA5CB5B EQ PUSH2 0x73 JUMPI DUP1 PUSH4 0xF2FDE38B EQ PUSH2 0xCA JUMPI JUMPDEST PUSH1 0x0 DUP1 REVERT JUMPDEST CALLVALUE DUP1 ISZERO PUSH2 0x68 JUMPI PUSH1 0x0 DUP1 REVERT JUMPDEST POP PUSH2 0x71 PUSH2 0x10D JUMP JUMPDEST STOP JUMPDEST CALLVALUE DUP1 ISZERO PUSH2 0x7F JUMPI PUSH1 0x0 DUP1 REVERT JUMPDEST POP PUSH2 0x88 PUSH2 0x20F JUMP JUMPDEST PUSH1 0x40 MLOAD DUP1 DUP3 PUSH20 0xFFFFFFFFFFFFFFFFFFFFFFFFFFFFFFFFFFFFFFFF AND PUSH20 0xFFFFFFFFFFFFFFFFFFFFFFFFFFFFFFFFFFFFFFFF AND DUP2 MSTORE PUSH1 0x20 ADD SWAP2 POP POP PUSH1 0x40 MLOAD DUP1 SWAP2 SUB SWAP1 RETURN JUMPDEST CALLVALUE DUP1 ISZERO PUSH2 0xD6 JUMPI PUSH1 0x0 DUP1 REVERT JUMPDEST POP PUSH2 0x10B PUSH1 0x4 DUP1 CALLDATASIZE SUB DUP2 ADD SWAP1 DUP1 DUP1 CALLDATALOAD PUSH20 0xFFFFFFFFFFFFFFFFFFFFFFFFFFFFFFFFFFFFFFFF AND SWAP1 PUSH1 0x20 ADD SWAP1 SWAP3 SWAP2 SWAP1 POP POP POP PUSH2 0x234 JUMP JUMPDEST STOP JUMPDEST PUSH1 0x0 DUP1 SWAP1 SLOAD SWAP1 PUSH2 0x100 EXP SWAP1 DIV PUSH20 0xFFFFFFFFFFFFFFFFFFFFFFFFFFFFFFFFFFFFFFFF AND PUSH20 0xFFFFFFFFFFFFFFFFFFFFFFFFFFFFFFFFFFFFFFFF AND CALLER PUSH20 0xFFFFFFFFFFFFFFFFFFFFFFFFFFFFFFFFFFFFFFFF AND EQ ISZERO ISZERO PUSH2 0x168 JUMPI PUSH1 0x0 DUP1 REVERT JUMPDEST PUSH1 0x0 DUP1 SWAP1 SLOAD SWAP1 PUSH2 0x100 EXP SWAP1 DIV PUSH20 0xFFFFFFFFFFFFFFFFFFFFFFFFFFFFFFFFFFFFFFFF AND PUSH20 0xFFFFFFFFFFFFFFFFFFFFFFFFFFFFFFFFFFFFFFFF AND PUSH32 0xF8DF31144D9C2F0F6B59D69B8B98ABD5459D07F2742C4DF920B25AAE33C64820 PUSH1 0x40 MLOAD PUSH1 0x40 MLOAD DUP1 SWAP2 SUB SWAP1 LOG2 PUSH1 0x0 DUP1 PUSH1 0x0 PUSH2 0x100 EXP DUP2 SLOAD DUP2 PUSH20 0xFFFFFFFFFFFFFFFFFFFFFFFFFFFFFFFFFFFFFFFF MUL NOT AND SWAP1 DUP4 PUSH20 0xFFFFFFFFFFFFFFFFFFFFFFFFFFFFFFFFFFFFFFFF AND MUL OR SWAP1 SSTORE POP JUMP JUMPDEST PUSH1 0x0 DUP1 SWAP1 SLOAD SWAP1 PUSH2 0x100 EXP SWAP1 DIV PUSH20 0xFFFFFFFFFFFFFFFFFFFFFFFFFFFFFFFFFFFFFFFF AND DUP2 JUMP JUMPDEST PUSH1 0x0 DUP1 SWAP1 SLOAD SWAP1 PUSH2 0x100 EXP SWAP1 DIV PUSH20 0xFFFFFFFFFFFFFFFFFFFFFFFFFFFFFFFFFFFFFFFF AND PUSH20 0xFFFFFFFFFFFFFFFFFFFFFFFFFFFFFFFFFFFFFFFF AND CALLER PUSH20 0xFFFFFFFFFFFFFFFFFFFFFFFFFFFFFFFFFFFFFFFF AND EQ ISZERO ISZERO PUSH2 0x28F JUMPI PUSH1 0x0 DUP1 REVERT JUMPDEST PUSH2 0x298 DUP2 PUSH2 0x29B JUMP JUMPDEST POP JUMP JUMPDEST PUSH1 0x0 PUSH20 0xFFFFFFFFFFFFFFFFFFFFFFFFFFFFFFFFFFFFFFFF AND DUP2 PUSH20 0xFFFFFFFFFFFFFFFFFFFFFFFFFFFFFFFFFFFFFFFF AND EQ ISZERO ISZERO ISZERO PUSH2 0x2D7 JUMPI PUSH1 0x0 DUP1 REVERT JUMPDEST DUP1 PUSH20 0xFFFFFFFFFFFFFFFFFFFFFFFFFFFFFFFFFFFFFFFF AND PUSH1 0x0 DUP1 SWAP1 SLOAD SWAP1 PUSH2 0x100 EXP SWAP1 DIV PUSH20 0xFFFFFFFFFFFFFFFFFFFFFFFFFFFFFFFFFFFFFFFF AND PUSH20 0xFFFFFFFFFFFFFFFFFFFFFFFFFFFFFFFFFFFFFFFF AND PUSH32 0x8BE0079C531659141344CD1FD0A4F28419497F9722A3DAAFE3B4186F6B6457E0 PUSH1 0x40 MLOAD PUSH1 0x40 MLOAD DUP1 SWAP2 SUB SWAP1 LOG3 DUP1 PUSH1 0x0 DUP1 PUSH2 0x100 EXP DUP2 SLOAD DUP2 PUSH20 0xFFFFFFFFFFFFFFFFFFFFFFFFFFFFFFFFFFFFFFFF MUL NOT AND SWAP1 DUP4 PUSH20 0xFFFFFFFFFFFFFFFFFFFFFFFFFFFFFFFFFFFFFFFF AND MUL OR SWAP1 SSTORE POP POP JUMP STOP LOG1 PUSH6 0x627A7A723058 KECCAK256 PUSH28 0xBD52D5BCD86CFF71DAF5F95216AB389FC8BCF5BBCA0EC030DAB54B27 MUL 0xc9 MULMOD STOP 0x29
0,PUSH1 0x80 PUSH1 0x40 MSTORE CALLVALUE DUP1 ISZERO PUSH2 0x10 JUMPI PUSH1 0x0 DUP1 REVERT JUMPDEST POP CALLER PUSH1 0x0 DUP1 PUSH2 0x100 EXP DUP2 SLOAD DUP2 PUSH20 0xFFFFFFFFFFFFFFFFFFFFFFFFFFFFFFFFFFFFFFFF MUL NOT AND SWAP1 DUP4 PUSH20 0xFFFFFFFFFFFFFFFFFFFFFFFFFFFFFFFFFFFFFFFF AND MUL OR SWAP1 SSTORE POP PUSH2 0x3C1 DUP1 PUSH2 0x60 PUSH1 0x0 CODECOPY PUSH1 0x0 RETURN STOP PUSH1 0x80 PUSH1 0x40 MSTORE PUSH1 0x4 CALLDATASIZE LT PUSH2 0x57 JUMPI PUSH1 0x0 CALLDATALOAD PUSH29 0x100000000000000000000000000000000000000000000000000000000 SWAP1 DIV PUSH4 0xFFFFFFFF AND DUP1 PUSH4 0x715018A6 EQ PUSH2 0x5C JUMPI DUP1 PUSH4 0x8DA5CB5B EQ PUSH2 0x73 JUMPI DUP1 PUSH4 0xF2FDE38B EQ PUSH2 0xCA JUMPI JUMPDEST PUSH1 0x0 DUP1 REVERT JUMPDEST CALLVALUE DUP1 ISZERO PUSH2 0x68 JUMPI PUSH1 0x0 DUP1 REVERT JUMPDEST POP PUSH2 0x71 PUSH2 0x10D JUMP JUMPDEST STOP JUMPDEST CALLVALUE DUP1 ISZERO PUSH2 0x7F JUMPI PUSH1 0x0 DUP1 REVERT JUMPDEST POP PUSH2 0x88 PUSH2 0x20F JUMP JUMPDEST PUSH1 0x40 MLOAD DUP1 DUP3 PUSH20 0xFFFFFFFFFFFFFFFFFFFFFFFFFFFFFFFFFFFFFFFF AND PUSH20 0xFFFFFFFFFFFFFFFFFFFFFFFFFFFFFFFFFFFFFFFF AND DUP2 MSTORE PUSH1 0x20 ADD SWAP2 POP POP PUSH1 0x40 MLOAD DUP1 SWAP2 SUB SWAP1 RETURN JUMPDEST CALLVALUE DUP1 ISZERO PUSH2 0xD6 JUMPI PUSH1 0x0 DUP1 REVERT JUMPDEST POP PUSH2 0x10B PUSH1 0x4 DUP1 CALLDATASIZE SUB DUP2 ADD SWAP1 DUP1 DUP1 CALLDATALOAD PUSH20 0xFFFFFFFFFFFFFFFFFFFFFFFFFFFFFFFFFFFFFFFF AND SWAP1 PUSH1 0x20 ADD SWAP1 SWAP3 SWAP2 SWAP1 POP POP POP PUSH2 0x234 JUMP JUMPDEST STOP JUMPDEST PUSH1 0x0 DUP1 SWAP1 SLOAD SWAP1 PUSH2 0x100 EXP SWAP1 DIV PUSH20 0xFFFFFFFFFFFFFFFFFFFFFFFFFFFFFFFFFFFFFFFF AND PUSH20 0xFFFFFFFFFFFFFFFFFFFFFFFFFFFFFFFFFFFFFFFF AND CALLER PUSH20 0xFFFFFFFFFFFFFFFFFFFFFFFFFFFFFFFFFFFFFFFF AND EQ ISZERO ISZERO PUSH2 0x168 JUMPI PUSH1 0x0 DUP1 REVERT JUMPDEST PUSH1 0x0 DUP1 SWAP1 SLOAD SWAP1 PUSH2 0x100 EXP SWAP1 DIV PUSH20 0xFFFFFFFFFFFFFFFFFFFFFFFFFFFFFFFFFFFFFFFF AND PUSH20 0xFFFFFFFFFFFFFFFFFFFFFFFFFFFFFFFFFFFFFFFF AND PUSH32 0xF8DF31144D9C2F0F6B59D69B8B98ABD5459D07F2742C4DF920B25AAE33C64820 PUSH1 0x40 MLOAD PUSH1 0x40 MLOAD DUP1 SWAP2 SUB SWAP1 LOG2 PUSH1 0x0 DUP1 PUSH1 0x0 PUSH2 0x100 EXP DUP2 SLOAD DUP2 PUSH20 0xFFFFFFFFFFFFFFFFFFFFFFFFFFFFFFFFFFFFFFFF MUL NOT AND SWAP1 DUP4 PUSH20 0xFFFFFFFFFFFFFFFFFFFFFFFFFFFFFFFFFFFFFFFF AND MUL OR SWAP1 SSTORE POP JUMP JUMPDEST PUSH1 0x0 DUP1 SWAP1 SLOAD SWAP1 PUSH2 0x100 EXP SWAP1 DIV PUSH20 0xFFFFFFFFFFFFFFFFFFFFFFFFFFFFFFFFFFFFFFFF AND DUP2 JUMP JUMPDEST PUSH1 0x0 DUP1 SWAP1 SLOAD SWAP1 PUSH2 0x100 EXP SWAP1 DIV PUSH20 0xFFFFFFFFFFFFFFFFFFFFFFFFFFFFFFFFFFFFFFFF AND PUSH20 0xFFFFFFFFFFFFFFFFFFFFFFFFFFFFFFFFFFFFFFFF AND CALLER PUSH20 0xFFFFFFFFFFFFFFFFFFFFFFFFFFFFFFFFFFFFFFFF AND EQ ISZERO ISZERO PUSH2 0x28F JUMPI PUSH1 0x0 DUP1 REVERT JUMPDEST PUSH2 0x298 DUP2 PUSH2 0x29B JUMP JUMPDEST POP JUMP JUMPDEST PUSH1 0x0 PUSH20 0xFFFFFFFFFFFFFFFFFFFFFFFFFFFFFFFFFFFFFFFF AND DUP2 PUSH20 0xFFFFFFFFFFFFFFFFFFFFFFFFFFFFFFFFFFFFFFFF AND EQ ISZERO ISZERO ISZERO PUSH2 0x2D7 JUMPI PUSH1 0x0 DUP1 REVERT JUMPDEST DUP1 PUSH20 0xFFFFFFFFFFFFFFFFFFFFFFFFFFFFFFFFFFFFFFFF AND PUSH1 0x0 DUP1 SWAP1 SLOAD SWAP1 PUSH2 0x100 EXP SWAP1 DIV PUSH20 0xFFFFFFFFFFFFFFFFFFFFFFFFFFFFFFFFFFFFFFFF AND PUSH20 0xFFFFFFFFFFFFFFFFFFFFFFFFFFFFFFFFFFFFFFFF AND PUSH32 0x8BE0079C531659141344CD1FD0A4F28419497F9722A3DAAFE3B4186F6B6457E0 PUSH1 0x40 MLOAD PUSH1 0x40 MLOAD DUP1 SWAP2 SUB SWAP1 LOG3 DUP1 PUSH1 0x0 DUP1 PUSH2 0x100 EXP DUP2 SLOAD DUP2 PUSH20 0xFFFFFFFFFFFFFFFFFFFFFFFFFFFFFFFFFFFFFFFF MUL NOT AND SWAP1 DUP4 PUSH20 0xFFFFFFFFFFFFFFFFFFFFFFFFFFFFFFFFFFFFFFFF AND MUL OR SWAP1 SSTORE POP POP JUMP STOP LOG1 PUSH6 0x627A7A723058 KECCAK256 SLOAD 0x28 DUP10 0xcf 0xa5 0x4d 0xcd 0xd0 0xc6 STOP PC SWAP4 0x24 PUSH7 0x2FFD5173779731 MSTORE 0xe7 0xc1 DUP10 CALLER 0x49 0xe8 0xb4 0xa5 CALLCODE PUSH11 0x29000000000000000000
0,PUSH1 0x80 PUSH1 0x40 MSTORE PUSH20 0xB5F6A633992CC9BF735974C3E09B5849C7633E2F PUSH1 0x5 PUSH1 0x0 PUSH2 0x100 EXP DUP2 SLOAD DUP2 PUSH20 0xFFFFFFFFFFFFFFFFFFFFFFFFFFFFFFFFFFFFFFFF MUL NOT AND SWAP1 DUP4 PUSH20 0xFFFFFFFFFFFFFFFFFFFFFFFFFFFFFFFFFFFFFFFF AND MUL OR SWAP1 SSTORE POP PUSH20 0xCF8FD8BA33A341130B5662BA4CDEE8DE61366DF0 PUSH1 0x6 PUSH1 0x0 PUSH2 0x100 EXP DUP2 SLOAD DUP2 PUSH20 0xFFFFFFFFFFFFFFFFFFFFFFFFFFFFFFFFFFFFFFFF MUL NOT AND SWAP1 DUP4 PUSH20 0xFFFFFFFFFFFFFFFFFFFFFFFFFFFFFFFFFFFFFFFF AND MUL OR SWAP1 SSTORE POP PUSH20 0xB5F6A633992CC9BF735974C3E09B5849C7633E2F PUSH1 0x7 PUSH1 0x0 PUSH2 0x100 EXP DUP2 SLOAD DUP2 PUSH20 0xFFFFFFFFFFFFFFFFFFFFFFFFFFFFFFFFFFFFFFFF MUL NOT AND SWAP1 DUP4 PUSH20 0xFFFFFFFFFFFFFFFFFFFFFFFFFFFFFFFFFFFFFFFF AND MUL OR SWAP1 SSTORE POP PUSH1 0x0 PUSH1 0x9 SSTORE PUSH8 0x29A2241AF62C0000 PUSH1 0xA SSTORE PUSH4 0x5CACB370 PUSH1 0xB SSTORE PUSH3 0x13E PUSH1 0x57 PUSH1 0xA PUSH3 0x20E PUSH5 0x100000000 MUL PUSH3 0x1FBF OR PUSH5 0x100000000 SWAP1 DIV JUMP JUMPDEST PUSH1 0xC SSTORE PUSH3 0x163 PUSH1 0x2C PUSH1 0xA PUSH3 0x20E PUSH5 0x100000000 MUL PUSH3 0x1FBF OR PUSH5 0x100000000 SWAP1 DIV JUMP JUMPDEST PUSH1 0xD SSTORE CALLVALUE DUP1 ISZERO PUSH3 0x173 JUMPI PUSH1 0x0 DUP1 REVERT JUMPDEST POP CALLER PUSH1 0x0 DUP1 PUSH2 0x100 EXP DUP2 SLOAD DUP2 PUSH20 0xFFFFFFFFFFFFFFFFFFFFFFFFFFFFFFFFFFFFFFFF MUL NOT AND SWAP1 DUP4 PUSH20 0xFFFFFFFFFFFFFFFFFFFFFFFFFFFFFFFFFFFFFFFF AND MUL OR SWAP1 SSTORE POP PUSH20 0xB5F6A633992CC9BF735974C3E09B5849C7633E2F PUSH1 0x0 DUP1 PUSH2 0x100 EXP DUP2 SLOAD DUP2 PUSH20 0xFFFFFFFFFFFFFFFFFFFFFFFFFFFFFFFFFFFFFFFF MUL NOT AND SWAP1 DUP4 PUSH20 0xFFFFFFFFFFFFFFFFFFFFFFFFFFFFFFFFFFFFFFFF AND MUL OR SWAP1 SSTORE POP PUSH3 0x22A JUMP JUMPDEST PUSH1 0x0 DUP1 DUP3 DUP5 DUP2 ISZERO ISZERO PUSH3 0x21D JUMPI INVALID JUMPDEST DIV SWAP1 POP DUP1 SWAP2 POP POP SWAP3 SWAP2 POP POP JUMP JUMPDEST PUSH2 0x2164 DUP1 PUSH3 0x23A PUSH1 0x0 CODECOPY PUSH1 0x0 RETURN STOP PUSH1 0x80 PUSH1 0x40 MSTORE PUSH1 0x4 CALLDATASIZE LT PUSH2 0x1A1 JUMPI PUSH1 0x0 CALLDATALOAD PUSH29 0x100000000000000000000000000000000000000000000000000000000 SWAP1 DIV PUSH4 0xFFFFFFFF AND DUP1 PUSH4 0x40D50D4 EQ PUSH2 0x1A3 JUMPI DUP1 PUSH4 0xFC639F6 EQ PUSH2 0x1D0 JUMPI DUP1 PUSH4 0x12065FE0 EQ PUSH2 0x1FB JUMPI DUP1 PUSH4 0x3CCFD60B EQ PUSH2 0x226 JUMPI DUP1 PUSH4 0x3EA4A796 EQ PUSH2 0x23D JUMPI DUP1 PUSH4 0x43C6E10D EQ PUSH2 0x280 JUMPI DUP1 PUSH4 0x4BA2363A EQ PUSH2 0x2AB JUMPI DUP1 PUSH4 0x550EFEA4 EQ PUSH2 0x2D6 JUMPI DUP1 PUSH4 0x5C5F0265 EQ PUSH2 0x301 JUMPI DUP1 PUSH4 0x5F3619B1 EQ PUSH2 0x358 JUMPI DUP1 PUSH4 0x624D7B72 EQ PUSH2 0x383 JUMPI DUP1 PUSH4 0x64E3CECB EQ PUSH2 0x3DA JUMPI DUP1 PUSH4 0x7A99BA4F EQ PUSH2 0x405 JUMPI DUP1 PUSH4 0x7BE00510 EQ PUSH2 0x43B JUMPI DUP1 PUSH4 0x8BDFF161 EQ PUSH2 0x492 JUMPI DUP1 PUSH4 0x8DA5CB5B EQ PUSH2 0x4BD JUMPI DUP1 PUSH4 0x8F32D59B EQ PUSH2 0x514 JUMPI DUP1 PUSH4 0x901225E2 EQ PUSH2 0x543 JUMPI DUP1 PUSH4 0x91CCA3DB EQ PUSH2 0x570 JUMPI DUP1 PUSH4 0xB7A92D38 EQ PUSH2 0x5C7 JUMPI DUP1 PUSH4 0xBEFC3E2B EQ PUSH2 0x61E JUMPI DUP1 PUSH4 0xC600E1DC EQ PUSH2 0x649 JUMPI DUP1 PUSH4 0xCC2EB9E8 EQ PUSH2 0x6A0 JUMPI DUP1 PUSH4 0xCE138E64 EQ PUSH2 0x6F7 JUMPI DUP1 PUSH4 0xD67A9682 EQ PUSH2 0x722 JUMPI DUP1 PUSH4 0xD86479DF EQ PUSH2 0x765 JUMPI DUP1 PUSH4 0xE3B61135 EQ PUSH2 0x7BC JUMPI DUP1 PUSH4 0xECB7CB1B EQ PUSH2 0x7D3 JUMPI DUP1 PUSH4 0xF09DD7C6 EQ PUSH2 0x82A JUMPI DUP1 PUSH4 0xF2FDE38B EQ PUSH2 0x841 JUMPI DUP1 PUSH4 0xF69C96FC EQ PUSH2 0x884 JUMPI DUP1 PUSH4 0xF7085EC7 EQ PUSH2 0x8DB JUMPI DUP1 PUSH4 0xF96941C8 EQ PUSH2 0x906 JUMPI JUMPDEST STOP JUMPDEST CALLVALUE DUP1 ISZERO PUSH2 0x1AF JUMPI PUSH1 0x0 DUP1 REVERT JUMPDEST POP PUSH2 0x1CE PUSH1 0x4 DUP1 CALLDATASIZE SUB DUP2 ADD SWAP1 DUP1 DUP1 CALLDATALOAD SWAP1 PUSH1 0x20 ADD SWAP1 SWAP3 SWAP2 SWAP1 POP POP POP PUSH2 0x967 JUMP JUMPDEST STOP JUMPDEST CALLVALUE DUP1 ISZERO PUSH2 0x1DC JUMPI PUSH1 0x0 DUP1 REVERT JUMPDEST POP PUSH2 0x1E5 PUSH2 0x984 JUMP JUMPDEST PUSH1 0x40 MLOAD DUP1 DUP3 DUP2 MSTORE PUSH1 0x20 ADD SWAP2 POP POP PUSH1 0x40 MLOAD DUP1 SWAP2 SUB SWAP1 RETURN JUMPDEST CALLVALUE DUP1 ISZERO PUSH2 0x207 JUMPI PUSH1 0x0 DUP1 REVERT JUMPDEST POP PUSH2 0x210 PUSH2 0x997 JUMP JUMPDEST PUSH1 0x40 MLOAD DUP1 DUP3 DUP2 MSTORE PUSH1 0x20 ADD SWAP2 POP POP PUSH1 0x40 MLOAD DUP1 SWAP2 SUB SWAP1 RETURN JUMPDEST CALLVALUE DUP1 ISZERO PUSH2 0x232 JUMPI PUSH1 0x0 DUP1 REVERT JUMPDEST POP PUSH2 0x23B PUSH2 0x9B6 JUMP JUMPDEST STOP JUMPDEST CALLVALUE DUP1 ISZERO PUSH2 0x249 JUMPI PUSH1 0x0 DUP1 REVERT JUMPDEST POP PUSH2 0x27E PUSH1 0x4 DUP1 CALLDATASIZE SUB DUP2 ADD SWAP1 DUP1 DUP1 CALLDATALOAD PUSH20 0xFFFFFFFFFFFFFFFFFFFFFFFFFFFFFFFFFFFFFFFF AND SWAP1 PUSH1 0x20 ADD SWAP1 SWAP3 SWAP2 SWAP1 POP POP POP PUSH2 0xFDB JUMP JUMPDEST STOP JUMPDEST CALLVALUE DUP1 ISZERO PUSH2 0x28C JUMPI PUSH1 0x0 DUP1 REVERT JUMPDEST POP PUSH2 0x295 PUSH2 0x106E JUMP JUMPDEST PUSH1 0x40 MLOAD DUP1 DUP3 DUP2 MSTORE PUSH1 0x20 ADD SWAP2 POP POP PUSH1 0x40 MLOAD DUP1 SWAP2 SUB SWAP1 RETURN JUMPDEST CALLVALUE DUP1 ISZERO PUSH2 0x2B7 JUMPI PUSH1 0x0 DUP1 REVERT JUMPDEST POP PUSH2 0x2C0 PUSH2 0x10B5 JUMP JUMPDEST PUSH1 0x40 MLOAD DUP1 DUP3 DUP2 MSTORE PUSH1 0x20 ADD SWAP2 POP POP PUSH1 0x40 MLOAD DUP1 SWAP2 SUB SWAP1 RETURN JUMPDEST CALLVALUE DUP1 ISZERO PUSH2 0x2E2 JUMPI PUSH1 0x0 DUP1 REVERT JUMPDEST POP PUSH2 0x2EB PUSH2 0x10BB JUMP JUMPDEST PUSH1 0x40 MLOAD DUP1 DUP3 DUP2 MSTORE PUSH1 0x20 ADD SWAP2 POP POP PUSH1 0x40 MLOAD DUP1 SWAP2 SUB SWAP1 RETURN JUMPDEST CALLVALUE DUP1 ISZERO PUSH2 0x30D JUMPI PUSH1 0x0 DUP1 REVERT JUMPDEST POP PUSH2 0x342 PUSH1 0x4 DUP1 CALLDATASIZE SUB DUP2 ADD SWAP1 DUP1 DUP1 CALLDATALOAD PUSH20 0xFFFFFFFFFFFFFFFFFFFFFFFFFFFFFFFFFFFFFFFF AND SWAP1 PUSH1 0x20 ADD SWAP1 SWAP3 SWAP2 SWAP1 POP POP POP PUSH2 0x10C1 JUMP JUMPDEST PUSH1 0x40 MLOAD DUP1 DUP3 DUP2 MSTORE PUSH1 0x20 ADD SWAP2 POP POP PUSH1 0x40 MLOAD DUP1 SWAP2 SUB SWAP1 RETURN JUMPDEST CALLVALUE DUP1 ISZERO PUSH2 0x364 JUMPI PUSH1 0x0 DUP1 REVERT JUMPDEST POP PUSH2 0x36D PUSH2 0x10D9 JUMP JUMPDEST PUSH1 0x40 MLOAD DUP1 DUP3 DUP2 MSTORE PUSH1 0x20 ADD SWAP2 POP POP PUSH1 0x40 MLOAD DUP1 SWAP2 SUB SWAP1 RETURN JUMPDEST CALLVALUE DUP1 ISZERO PUSH2 0x38F JUMPI PUSH1 0x0 DUP1 REVERT JUMPDEST POP PUSH2 0x3C4 PUSH1 0x4 DUP1 CALLDATASIZE SUB DUP2 ADD SWAP1 DUP1 DUP1 CALLDATALOAD PUSH20 0xFFFFFFFFFFFFFFFFFFFFFFFFFFFFFFFFFFFFFFFF AND SWAP1 PUSH1 0x20 ADD SWAP1 SWAP3 SWAP2 SWAP1 POP POP POP PUSH2 0x10E9 JUMP JUMPDEST PUSH1 0x40 MLOAD DUP1 DUP3 DUP2 MSTORE PUSH1 0x20 ADD SWAP2 POP POP PUSH1 0x40 MLOAD DUP1 SWAP2 SUB SWAP1 RETURN JUMPDEST CALLVALUE DUP1 ISZERO PUSH2 0x3E6 JUMPI PUSH1 0x0 DUP1 REVERT JUMPDEST POP PUSH2 0x3EF PUSH2 0x1101 JUMP JUMPDEST PUSH1 0x40 MLOAD DUP1 DUP3 DUP2 MSTORE PUSH1 0x20 ADD SWAP2 POP POP PUSH1 0x40 MLOAD DUP1 SWAP2 SUB SWAP1 RETURN JUMPDEST PUSH2 0x439 PUSH1 0x4 DUP1 CALLDATASIZE SUB DUP2 ADD SWAP1 DUP1 DUP1 CALLDATALOAD PUSH20 0xFFFFFFFFFFFFFFFFFFFFFFFFFFFFFFFFFFFFFFFF AND SWAP1 PUSH1 0x20 ADD SWAP1 SWAP3 SWAP2 SWAP1 POP POP POP PUSH2 0x114B JUMP JUMPDEST STOP JUMPDEST CALLVALUE DUP1 ISZERO PUSH2 0x447 JUMPI PUSH1 0x0 DUP1 REVERT JUMPDEST POP PUSH2 0x47C PUSH1 0x4 DUP1 CALLDATASIZE SUB DUP2 ADD SWAP1 DUP1 DUP1 CALLDATALOAD PUSH20 0xFFFFFFFFFFFFFFFFFFFFFFFFFFFFFFFFFFFFFFFF AND SWAP1 PUSH1 0x20 ADD SWAP1 SWAP3 SWAP2 SWAP1 POP POP POP PUSH2 0x17E5 JUMP JUMPDEST PUSH1 0x40 MLOAD DUP1 DUP3 DUP2 MSTORE PUSH1 0x20 ADD SWAP2 POP POP PUSH1 0x40 MLOAD DUP1 SWAP2 SUB SWAP1 RETURN JUMPDEST CALLVALUE DUP1 ISZERO PUSH2 0x49E JUMPI PUSH1 0x0 DUP1 REVERT JUMPDEST POP PUSH2 0x4A7 PUSH2 0x17FD JUMP JUMPDEST PUSH1 0x40 MLOAD DUP1 DUP3 DUP2 MSTORE PUSH1 0x20 ADD SWAP2 POP POP PUSH1 0x40 MLOAD DUP1 SWAP2 SUB SWAP1 RETURN JUMPDEST CALLVALUE DUP1 ISZERO PUSH2 0x4C9 JUMPI PUSH1 0x0 DUP1 REVERT JUMPDEST POP PUSH2 0x4D2 PUSH2 0x18E1 JUMP JUMPDEST PUSH1 0x40 MLOAD DUP1 DUP3 PUSH20 0xFFFFFFFFFFFFFFFFFFFFFFFFFFFFFFFFFFFFFFFF AND PUSH20 0xFFFFFFFFFFFFFFFFFFFFFFFFFFFFFFFFFFFFFFFF AND DUP2 MSTORE PUSH1 0x20 ADD SWAP2 POP POP PUSH1 0x40 MLOAD DUP1 SWAP2 SUB SWAP1 RETURN JUMPDEST CALLVALUE DUP1 ISZERO PUSH2 0x520 JUMPI PUSH1 0x0 DUP1 REVERT JUMPDEST POP PUSH2 0x529 PUSH2 0x190A JUMP JUMPDEST PUSH1 0x40 MLOAD DUP1 DUP3 ISZERO ISZERO ISZERO ISZERO DUP2 MSTORE PUSH1 0x20 ADD SWAP2 POP POP PUSH1 0x40 MLOAD DUP1 SWAP2 SUB SWAP1 RETURN JUMPDEST CALLVALUE DUP1 ISZERO PUSH2 0x54F JUMPI PUSH1 0x0 DUP1 REVERT JUMPDEST POP PUSH2 0x56E PUSH1 0x4 DUP1 CALLDATASIZE SUB DUP2 ADD SWAP1 DUP1 DUP1 CALLDATALOAD SWAP1 PUSH1 0x20 ADD SWAP1 SWAP3 SWAP2 SWAP1 POP POP POP PUSH2 0x1961 JUMP JUMPDEST STOP JUMPDEST CALLVALUE DUP1 ISZERO PUSH2 0x57C JUMPI PUSH1 0x0 DUP1 REVERT JUMPDEST POP PUSH2 0x585 PUSH2 0x197E JUMP JUMPDEST PUSH1 0x40 MLOAD DUP1 DUP3 PUSH20 0xFFFFFFFFFFFFFFFFFFFFFFFFFFFFFFFFFFFFFFFF AND PUSH20 0xFFFFFFFFFFFFFFFFFFFFFFFFFFFFFFFFFFFFFFFF AND DUP2 MSTORE PUSH1 0x20 ADD SWAP2 POP POP PUSH1 0x40 MLOAD DUP1 SWAP2 SUB SWAP1 RETURN JUMPDEST CALLVALUE DUP1 ISZERO PUSH2 0x5D3 JUMPI PUSH1 0x0 DUP1 REVERT JUMPDEST POP PUSH2 0x5DC PUSH2 0x19A4 JUMP JUMPDEST PUSH1 0x40 MLOAD DUP1 DUP3 PUSH20 0xFFFFFFFFFFFFFFFFFFFFFFFFFFFFFFFFFFFFFFFF AND PUSH20 0xFFFFFFFFFFFFFFFFFFFFFFFFFFFFFFFFFFFFFFFF AND DUP2 MSTORE PUSH1 0x20 ADD SWAP2 POP POP PUSH1 0x40 MLOAD DUP1 SWAP2 SUB SWAP1 RETURN JUMPDEST CALLVALUE DUP1 ISZERO PUSH2 0x62A JUMPI PUSH1 0x0 DUP1 REVERT JUMPDEST POP PUSH2 0x633 PUSH2 0x19CA JUMP JUMPDEST PUSH1 0x40 MLOAD DUP1 DUP3 DUP2 MSTORE PUSH1 0x20 ADD SWAP2 POP POP PUSH1 0x40 MLOAD DUP1 SWAP2 SUB SWAP1 RETURN JUMPDEST CALLVALUE DUP1 ISZERO PUSH2 0x655 JUMPI PUSH1 0x0 DUP1 REVERT JUMPDEST POP PUSH2 0x68A PUSH1 0x4 DUP1 CALLDATASIZE SUB DUP2 ADD SWAP1 DUP1 DUP1 CALLDATALOAD PUSH20 0xFFFFFFFFFFFFFFFFFFFFFFFFFFFFFFFFFFFFFFFF AND SWAP1 PUSH1 0x20 ADD SWAP1 SWAP3 SWAP2 SWAP1 POP POP POP PUSH2 0x1A11 JUMP JUMPDEST PUSH1 0x40 MLOAD DUP1 DUP3 DUP2 MSTORE PUSH1 0x20 ADD SWAP2 POP POP PUSH1 0x40 MLOAD DUP1 SWAP2 SUB SWAP1 RETURN JUMPDEST CALLVALUE DUP1 ISZERO PUSH2 0x6AC JUMPI PUSH1 0x0 DUP1 REVERT JUMPDEST POP PUSH2 0x6B5 PUSH2 0x1BA5 JUMP JUMPDEST PUSH1 0x40 MLOAD DUP1 DUP3 PUSH20 0xFFFFFFFFFFFFFFFFFFFFFFFFFFFFFFFFFFFFFFFF AND PUSH20 0xFFFFFFFFFFFFFFFFFFFFFFFFFFFFFFFFFFFFFFFF AND DUP2 MSTORE PUSH1 0x20 ADD SWAP2 POP POP PUSH1 0x40 MLOAD DUP1 SWAP2 SUB SWAP1 RETURN JUMPDEST CALLVALUE DUP1 ISZERO PUSH2 0x703 JUMPI PUSH1 0x0 DUP1 REVERT JUMPDEST POP PUSH2 0x70C PUSH2 0x1BCB JUMP JUMPDEST PUSH1 0x40 MLOAD DUP1 DUP3 DUP2 MSTORE PUSH1 0x20 ADD SWAP2 POP POP PUSH1 0x40 MLOAD DUP1 SWAP2 SUB SWAP1 RETURN JUMPDEST CALLVALUE DUP1 ISZERO PUSH2 0x72E JUMPI PUSH1 0x0 DUP1 REVERT JUMPDEST POP PUSH2 0x763 PUSH1 0x4 DUP1 CALLDATASIZE SUB DUP2 ADD SWAP1 DUP1 DUP1 CALLDATALOAD PUSH20 0xFFFFFFFFFFFFFFFFFFFFFFFFFFFFFFFFFFFFFFFF AND SWAP1 PUSH1 0x20 ADD SWAP1 SWAP3 SWAP2 SWAP1 POP POP POP PUSH2 0x1BD1 JUMP JUMPDEST STOP JUMPDEST CALLVALUE DUP1 ISZERO PUSH2 0x771 JUMPI PUSH1 0x0 DUP1 REVERT JUMPDEST POP PUSH2 0x7A6 PUSH1 0x4 DUP1 CALLDATASIZE SUB DUP2 ADD SWAP1 DUP1 DUP1 CALLDATALOAD PUSH20 0xFFFFFFFFFFFFFFFFFFFFFFFFFFFFFFFFFFFFFFFF AND SWAP1 PUSH1 0x20 ADD SWAP1 SWAP3 SWAP2 SWAP1 POP POP POP PUSH2 0x1C64 JUMP JUMPDEST PUSH1 0x40 MLOAD DUP1 DUP3 DUP2 MSTORE PUSH1 0x20 ADD SWAP2 POP POP PUSH1 0x40 MLOAD DUP1 SWAP2 SUB SWAP1 RETURN JUMPDEST CALLVALUE DUP1 ISZERO PUSH2 0x7C8 JUMPI PUSH1 0x0 DUP1 REVERT JUMPDEST POP PUSH2 0x7D1 PUSH2 0x1C7C JUMP JUMPDEST STOP JUMPDEST CALLVALUE DUP1 ISZERO PUSH2 0x7DF JUMPI PUSH1 0x0 DUP1 REVERT JUMPDEST POP PUSH2 0x814 PUSH1 0x4 DUP1 CALLDATASIZE SUB DUP2 ADD SWAP1 DUP1 DUP1 CALLDATALOAD PUSH20 0xFFFFFFFFFFFFFFFFFFFFFFFFFFFFFFFFFFFFFFFF AND SWAP1 PUSH1 0x20 ADD SWAP1 SWAP3 SWAP2 SWAP1 POP POP POP PUSH2 0x1DB8 JUMP JUMPDEST PUSH1 0x40 MLOAD DUP1 DUP3 DUP2 MSTORE PUSH1 0x20 ADD SWAP2 POP POP PUSH1 0x40 MLOAD DUP1 SWAP2 SUB SWAP1 RETURN JUMPDEST CALLVALUE DUP1 ISZERO PUSH2 0x836 JUMPI PUSH1 0x0 DUP1 REVERT JUMPDEST POP PUSH2 0x83F PUSH2 0x1DD0 JUMP JUMPDEST STOP JUMPDEST CALLVALUE DUP1 ISZERO PUSH2 0x84D JUMPI PUSH1 0x0 DUP1 REVERT JUMPDEST POP PUSH2 0x882 PUSH1 0x4 DUP1 CALLDATASIZE SUB DUP2 ADD SWAP1 DUP1 DUP1 CALLDATALOAD PUSH20 0xFFFFFFFFFFFFFFFFFFFFFFFFFFFFFFFFFFFFFFFF AND SWAP1 PUSH1 0x20 ADD SWAP1 SWAP3 SWAP2 SWAP1 POP POP POP PUSH2 0x1EF0 JUMP JUMPDEST STOP JUMPDEST CALLVALUE DUP1 ISZERO PUSH2 0x890 JUMPI PUSH1 0x0 DUP1 REVERT JUMPDEST POP PUSH2 0x899 PUSH2 0x1F0F JUMP JUMPDEST PUSH1 0x40 MLOAD DUP1 DUP3 PUSH20 0xFFFFFFFFFFFFFFFFFFFFFFFFFFFFFFFFFFFFFFFF AND PUSH20 0xFFFFFFFFFFFFFFFFFFFFFFFFFFFFFFFFFFFFFFFF AND DUP2 MSTORE PUSH1 0x20 ADD SWAP2 POP POP PUSH1 0x40 MLOAD DUP1 SWAP2 SUB SWAP1 RETURN JUMPDEST CALLVALUE DUP1 ISZERO PUSH2 0x8E7 JUMPI PUSH1 0x0 DUP1 REVERT JUMPDEST POP PUSH2 0x8F0 PUSH2 0x1F35 JUMP JUMPDEST PUSH1 0x40 MLOAD DUP1 DUP3 DUP2 MSTORE PUSH1 0x20 ADD SWAP2 POP POP PUSH1 0x40 MLOAD DUP1 SWAP2 SUB SWAP1 RETURN JUMPDEST CALLVALUE DUP1 ISZERO PUSH2 0x912 JUMPI PUSH1 0x0 DUP1 REVERT JUMPDEST POP PUSH2 0x951 PUSH1 0x4 DUP1 CALLDATASIZE SUB DUP2 ADD SWAP1 DUP1 DUP1 CALLDATALOAD PUSH20 0xFFFFFFFFFFFFFFFFFFFFFFFFFFFFFFFFFFFFFFFF AND SWAP1 PUSH1 0x20 ADD SWAP1 SWAP3 SWAP2 SWAP1 DUP1 CALLDATALOAD SWAP1 PUSH1 0x20 ADD SWAP1 SWAP3 SWAP2 SWAP1 POP POP POP PUSH2 0x1F3B JUMP JUMPDEST PUSH1 0x40 MLOAD DUP1 DUP3 DUP2 MSTORE PUSH1 0x20 ADD SWAP2 POP POP PUSH1 0x40 MLOAD DUP1 SWAP2 SUB SWAP1 RETURN JUMPDEST PUSH2 0x96F PUSH2 0x190A JUMP JUMPDEST ISZERO ISZERO PUSH2 0x97A JUMPI PUSH1 0x0 DUP1 REVERT JUMPDEST DUP1 PUSH1 0xB DUP2 SWAP1 SSTORE POP POP JUMP JUMPDEST PUSH1 0x0 PUSH1 0xD SLOAD PUSH2 0x991 PUSH2 0x19CA JUMP JUMPDEST MUL SWAP1 POP SWAP1 JUMP JUMPDEST PUSH1 0x0 ADDRESS PUSH20 0xFFFFFFFFFFFFFFFFFFFFFFFFFFFFFFFFFFFFFFFF AND BALANCE SWAP1 POP SWAP1 JUMP JUMPDEST PUSH1 0x0 DUP1 PUSH1 0x0 DUP1 PUSH1 0x0 DUP1 PUSH1 0x0 DUP1 PUSH1 0x0 DUP1 PUSH2 0x9CE CALLER PUSH2 0x1A11 JUMP JUMPDEST SWAP10 POP PUSH2 0x9DC TIMESTAMP PUSH1 0xB SLOAD PUSH2 0x1F6B JUMP JUMPDEST SWAP9 POP PUSH2 0x9E6 PUSH2 0x984 JUMP JUMPDEST SWAP8 POP PUSH1 0xE PUSH1 0x0 CALLER PUSH20 0xFFFFFFFFFFFFFFFFFFFFFFFFFFFFFFFFFFFFFFFF AND PUSH20 0xFFFFFFFFFFFFFFFFFFFFFFFFFFFFFFFFFFFFFFFF AND DUP2 MSTORE PUSH1 0x20 ADD SWAP1 DUP2 MSTORE PUSH1 0x20 ADD PUSH1 0x0 KECCAK256 SLOAD DUP9 SUB SWAP7 POP PUSH2 0xA81 PUSH2 0xA7A PUSH1 0xC SLOAD PUSH1 0x1 PUSH1 0x0 CALLER PUSH20 0xFFFFFFFFFFFFFFFFFFFFFFFFFFFFFFFFFFFFFFFF AND PUSH20 0xFFFFFFFFFFFFFFFFFFFFFFFFFFFFFFFFFFFFFFFF AND DUP2 MSTORE PUSH1 0x20 ADD SWAP1 DUP2 MSTORE PUSH1 0x20 ADD PUSH1 0x0 KECCAK256 SLOAD PUSH2 0x1F84 JUMP JUMPDEST PUSH1 0x64 PUSH2 0x1FBF JUMP JUMPDEST SWAP6 POP PUSH1 0x0 DUP11 GT ISZERO ISZERO PUSH2 0xA92 JUMPI PUSH1 0x0 DUP1 REVERT JUMPDEST PUSH3 0x1A5E00 DUP10 LT ISZERO ISZERO ISZERO PUSH2 0xAA4 JUMPI PUSH1 0x0 DUP1 REVERT JUMPDEST TIMESTAMP PUSH1 0x2 PUSH1 0x0 CALLER PUSH20 0xFFFFFFFFFFFFFFFFFFFFFFFFFFFFFFFFFFFFFFFF AND PUSH20 0xFFFFFFFFFFFFFFFFFFFFFFFFFFFFFFFFFFFFFFFF AND DUP2 MSTORE PUSH1 0x20 ADD SWAP1 DUP2 MSTORE PUSH1 0x20 ADD PUSH1 0x0 KECCAK256 DUP2 SWAP1 SSTORE POP TIMESTAMP PUSH1 0x3 PUSH1 0x0 CALLER PUSH20 0xFFFFFFFFFFFFFFFFFFFFFFFFFFFFFFFFFFFFFFFF AND PUSH20 0xFFFFFFFFFFFFFFFFFFFFFFFFFFFFFFFFFFFFFFFF AND DUP2 MSTORE PUSH1 0x20 ADD SWAP1 DUP2 MSTORE PUSH1 0x20 ADD PUSH1 0x0 KECCAK256 DUP2 SWAP1 SSTORE POP DUP7 DUP11 LT ISZERO PUSH2 0xD14 JUMPI DUP6 DUP11 LT ISZERO PUSH2 0xBD5 JUMPI DUP10 PUSH1 0xE PUSH1 0x0 CALLER PUSH20 0xFFFFFFFFFFFFFFFFFFFFFFFFFFFFFFFFFFFFFFFF AND PUSH20 0xFFFFFFFFFFFFFFFFFFFFFFFFFFFFFFFFFFFFFFFF AND DUP2 MSTORE PUSH1 0x20 ADD SWAP1 DUP2 MSTORE PUSH1 0x20 ADD PUSH1 0x0 KECCAK256 PUSH1 0x0 DUP3 DUP3 SLOAD ADD SWAP3 POP POP DUP2 SWAP1 SSTORE POP CALLER PUSH20 0xFFFFFFFFFFFFFFFFFFFFFFFFFFFFFFFFFFFFFFFF AND PUSH2 0x8FC DUP12 SWAP1 DUP2 ISZERO MUL SWAP1 PUSH1 0x40 MLOAD PUSH1 0x0 PUSH1 0x40 MLOAD DUP1 DUP4 SUB DUP2 DUP6 DUP9 DUP9 CALL SWAP4 POP POP POP POP ISZERO DUP1 ISZERO PUSH2 0xBCF JUMPI RETURNDATASIZE PUSH1 0x0 DUP1 RETURNDATACOPY RETURNDATASIZE PUSH1 0x0 REVERT JUMPDEST POP PUSH2 0xD0F JUMP JUMPDEST DUP6 DUP11 LT ISZERO ISZERO PUSH2 0xD0E JUMPI DUP6 SWAP5 POP PUSH2 0xBEB DUP11 DUP7 PUSH2 0x1F6B JUMP JUMPDEST SWAP4 POP DUP10 PUSH1 0xE PUSH1 0x0 CALLER PUSH20 0xFFFFFFFFFFFFFFFFFFFFFFFFFFFFFFFFFFFFFFFF AND PUSH20 0xFFFFFFFFFFFFFFFFFFFFFFFFFFFFFFFFFFFFFFFF AND DUP2 MSTORE PUSH1 0x20 ADD SWAP1 DUP2 MSTORE PUSH1 0x20 ADD PUSH1 0x0 KECCAK256 PUSH1 0x0 DUP3 DUP3 SLOAD ADD SWAP3 POP POP DUP2 SWAP1 SSTORE POP CALLER PUSH20 0xFFFFFFFFFFFFFFFFFFFFFFFFFFFFFFFFFFFFFFFF AND PUSH2 0x8FC DUP7 SWAP1 DUP2 ISZERO MUL SWAP1 PUSH1 0x40 MLOAD PUSH1 0x0 PUSH1 0x40 MLOAD DUP1 DUP4 SUB DUP2 DUP6 DUP9 DUP9 CALL SWAP4 POP POP POP POP ISZERO DUP1 ISZERO PUSH2 0xC80 JUMPI RETURNDATASIZE PUSH1 0x0 DUP1 RETURNDATACOPY RETURNDATASIZE PUSH1 0x0 REVERT JUMPDEST POP PUSH2 0xCCA PUSH1 0x1 PUSH1 0x0 CALLER PUSH20 0xFFFFFFFFFFFFFFFFFFFFFFFFFFFFFFFFFFFFFFFF AND PUSH20 0xFFFFFFFFFFFFFFFFFFFFFFFFFFFFFFFFFFFFFFFF AND DUP2 MSTORE PUSH1 0x20 ADD SWAP1 DUP2 MSTORE PUSH1 0x20 ADD PUSH1 0x0 KECCAK256 SLOAD DUP6 PUSH2 0x1FDA JUMP JUMPDEST PUSH1 0x1 PUSH1 0x0 CALLER PUSH20 0xFFFFFFFFFFFFFFFFFFFFFFFFFFFFFFFFFFFFFFFF AND PUSH20 0xFFFFFFFFFFFFFFFFFFFFFFFFFFFFFFFFFFFFFFFF AND DUP2 MSTORE PUSH1 0x20 ADD SWAP1 DUP2 MSTORE PUSH1 0x20 ADD PUSH1 0x0 KECCAK256 DUP2 SWAP1 SSTORE POP JUMPDEST JUMPDEST PUSH2 0xFCF JUMP JUMPDEST DUP7 DUP11 LT ISZERO DUP1 ISZERO PUSH2 0xD62 JUMPI POP DUP8 PUSH1 0xE PUSH1 0x0 CALLER PUSH20 0xFFFFFFFFFFFFFFFFFFFFFFFFFFFFFFFFFFFFFFFF AND PUSH20 0xFFFFFFFFFFFFFFFFFFFFFFFFFFFFFFFFFFFFFFFF AND DUP2 MSTORE PUSH1 0x20 ADD SWAP1 DUP2 MSTORE PUSH1 0x20 ADD PUSH1 0x0 KECCAK256 SLOAD LT JUMPDEST ISZERO PUSH2 0xFCE JUMPI DUP7 SWAP3 POP DUP6 DUP4 LT ISZERO PUSH2 0xE93 JUMPI PUSH1 0x0 PUSH1 0xE PUSH1 0x0 CALLER PUSH20 0xFFFFFFFFFFFFFFFFFFFFFFFFFFFFFFFFFFFFFFFF AND PUSH20 0xFFFFFFFFFFFFFFFFFFFFFFFFFFFFFFFFFFFFFFFF AND DUP2 MSTORE PUSH1 0x20 ADD SWAP1 DUP2 MSTORE PUSH1 0x20 ADD PUSH1 0x0 KECCAK256 DUP2 SWAP1 SSTORE POP PUSH1 0x0 PUSH1 0x1 PUSH1 0x0 CALLER PUSH20 0xFFFFFFFFFFFFFFFFFFFFFFFFFFFFFFFFFFFFFFFF AND PUSH20 0xFFFFFFFFFFFFFFFFFFFFFFFFFFFFFFFFFFFFFFFF AND DUP2 MSTORE PUSH1 0x20 ADD SWAP1 DUP2 MSTORE PUSH1 0x20 ADD PUSH1 0x0 KECCAK256 DUP2 SWAP1 SSTORE POP PUSH1 0xF PUSH1 0x0 CALLER PUSH20 0xFFFFFFFFFFFFFFFFFFFFFFFFFFFFFFFFFFFFFFFF AND PUSH20 0xFFFFFFFFFFFFFFFFFFFFFFFFFFFFFFFFFFFFFFFF AND DUP2 MSTORE PUSH1 0x20 ADD SWAP1 DUP2 MSTORE PUSH1 0x20 ADD PUSH1 0x0 KECCAK256 PUSH1 0x0 PUSH2 0xE47 SWAP2 SWAP1 PUSH2 0x20F2 JUMP JUMPDEST CALLER PUSH20 0xFFFFFFFFFFFFFFFFFFFFFFFFFFFFFFFFFFFFFFFF AND PUSH2 0x8FC DUP5 SWAP1 DUP2 ISZERO MUL SWAP1 PUSH1 0x40 MLOAD PUSH1 0x0 PUSH1 0x40 MLOAD DUP1 DUP4 SUB DUP2 DUP6 DUP9 DUP9 CALL SWAP4 POP POP POP POP ISZERO DUP1 ISZERO PUSH2 0xE8D JUMPI RETURNDATASIZE PUSH1 0x0 DUP1 RETURNDATACOPY RETURNDATASIZE PUSH1 0x0 REVERT JUMPDEST POP PUSH2 0xFCD JUMP JUMPDEST DUP6 DUP4 LT ISZERO ISZERO PUSH2 0xFCC JUMPI DUP6 SWAP2 POP PUSH2 0xEA9 DUP4 DUP4 PUSH2 0x1F6B JUMP JUMPDEST SWAP1 POP DUP3 PUSH1 0xE PUSH1 0x0 CALLER PUSH20 0xFFFFFFFFFFFFFFFFFFFFFFFFFFFFFFFFFFFFFFFF AND PUSH20 0xFFFFFFFFFFFFFFFFFFFFFFFFFFFFFFFFFFFFFFFF AND DUP2 MSTORE PUSH1 0x20 ADD SWAP1 DUP2 MSTORE PUSH1 0x20 ADD PUSH1 0x0 KECCAK256 PUSH1 0x0 DUP3 DUP3 SLOAD ADD SWAP3 POP POP DUP2 SWAP1 SSTORE POP CALLER PUSH20 0xFFFFFFFFFFFFFFFFFFFFFFFFFFFFFFFFFFFFFFFF AND PUSH2 0x8FC DUP4 SWAP1 DUP2 ISZERO MUL SWAP1 PUSH1 0x40 MLOAD PUSH1 0x0 PUSH1 0x40 MLOAD DUP1 DUP4 SUB DUP2 DUP6 DUP9 DUP9 CALL SWAP4 POP POP POP POP ISZERO DUP1 ISZERO PUSH2 0xF3E JUMPI RETURNDATASIZE PUSH1 0x0 DUP1 RETURNDATACOPY RETURNDATASIZE PUSH1 0x0 REVERT JUMPDEST POP PUSH2 0xF88 PUSH1 0x1 PUSH1 0x0 CALLER PUSH20 0xFFFFFFFFFFFFFFFFFFFFFFFFFFFFFFFFFFFFFFFF AND PUSH20 0xFFFFFFFFFFFFFFFFFFFFFFFFFFFFFFFFFFFFFFFF AND DUP2 MSTORE PUSH1 0x20 ADD SWAP1 DUP2 MSTORE PUSH1 0x20 ADD PUSH1 0x0 KECCAK256 SLOAD DUP3 PUSH2 0x1FDA JUMP JUMPDEST PUSH1 0x1 PUSH1 0x0 CALLER PUSH20 0xFFFFFFFFFFFFFFFFFFFFFFFFFFFFFFFFFFFFFFFF AND PUSH20 0xFFFFFFFFFFFFFFFFFFFFFFFFFFFFFFFFFFFFFFFF AND DUP2 MSTORE PUSH1 0x20 ADD SWAP1 DUP2 MSTORE PUSH1 0x20 ADD PUSH1 0x0 KECCAK256 DUP2 SWAP1 SSTORE POP JUMPDEST JUMPDEST JUMPDEST JUMPDEST POP POP POP POP POP POP POP POP POP POP JUMP JUMPDEST PUSH2 0xFE3 PUSH2 0x190A JUMP JUMPDEST ISZERO ISZERO PUSH2 0xFEE JUMPI PUSH1 0x0 DUP1 REVERT JUMPDEST PUSH1 0x0 PUSH20 0xFFFFFFFFFFFFFFFFFFFFFFFFFFFFFFFFFFFFFFFF AND DUP2 PUSH20 0xFFFFFFFFFFFFFFFFFFFFFFFFFFFFFFFFFFFFFFFF AND EQ ISZERO ISZERO ISZERO PUSH2 0x102A JUMPI PUSH1 0x0 DUP1 REVERT JUMPDEST DUP1 PUSH1 0x7 PUSH1 0x0 PUSH2 0x100 EXP DUP2 SLOAD DUP2 PUSH20 0xFFFFFFFFFFFFFFFFFFFFFFFFFFFFFFFFFFFFFFFF MUL NOT AND SWAP1 DUP4 PUSH20 0xFFFFFFFFFFFFFFFFFFFFFFFFFFFFFFFFFFFFFFFF AND MUL OR SWAP1 SSTORE POP POP JUMP JUMPDEST PUSH1 0x0 PUSH1 0x4 PUSH1 0x0 CALLER PUSH20 0xFFFFFFFFFFFFFFFFFFFFFFFFFFFFFFFFFFFFFFFF AND PUSH20 0xFFFFFFFFFFFFFFFFFFFFFFFFFFFFFFFFFFFFFFFF AND DUP2 MSTORE PUSH1 0x20 ADD SWAP1 DUP2 MSTORE PUSH1 0x20 ADD PUSH1 0x0 KECCAK256 SLOAD SWAP1 POP SWAP1 JUMP JUMPDEST PUSH1 0x9 SLOAD DUP2 JUMP JUMPDEST PUSH1 0xA SLOAD DUP2 JUMP JUMPDEST PUSH1 0x4 PUSH1 0x20 MSTORE DUP1 PUSH1 0x0 MSTORE PUSH1 0x40 PUSH1 0x0 KECCAK256 PUSH1 0x0 SWAP2 POP SWAP1 POP SLOAD DUP2 JUMP JUMPDEST PUSH1 0x0 PUSH2 0x10E4 CALLER PUSH2 0x1A11 JUMP JUMPDEST SWAP1 POP SWAP1 JUMP JUMPDEST PUSH1 0x3 PUSH1 0x20 MSTORE DUP1 PUSH1 0x0 MSTORE PUSH1 0x40 PUSH1 0x0 KECCAK256 PUSH1 0x0 SWAP2 POP SWAP1 POP SLOAD DUP2 JUMP JUMPDEST PUSH1 0x0 PUSH1 0xF PUSH1 0x0 CALLER PUSH20 0xFFFFFFFFFFFFFFFFFFFFFFFFFFFFFFFFFFFFFFFF AND PUSH20 0xFFFFFFFFFFFFFFFFFFFFFFFFFFFFFFFFFFFFFFFF AND DUP2 MSTORE PUSH1 0x20 ADD SWAP1 DUP2 MSTORE PUSH1 0x20 ADD PUSH1 0x0 KECCAK256 DUP1 SLOAD SWAP1 POP SWAP1 POP SWAP1 JUMP JUMPDEST PUSH1 0x0 DUP1 PUSH1 0x0 DUP1 PUSH1 0x0 DUP1 PUSH1 0x0 PUSH1 0xB SLOAD TIMESTAMP LT ISZERO ISZERO ISZERO PUSH2 0x1167 JUMPI PUSH1 0x0 DUP1 REVERT JUMPDEST PUSH8 0x16345785D8A0000 CALLVALUE LT ISZERO ISZERO ISZERO PUSH2 0x117E JUMPI PUSH1 0x0 DUP1 REVERT JUMPDEST PUSH2 0x118A TIMESTAMP PUSH1 0xB SLOAD PUSH2 0x1F6B JUMP JUMPDEST SWAP7 POP PUSH3 0x1A5E00 DUP8 LT DUP1 ISZERO PUSH2 0x11A6 JUMPI POP PUSH1 0x0 PUSH2 0x11A4 CALLER PUSH2 0x1A11 JUMP JUMPDEST GT JUMPDEST ISZERO PUSH2 0x11B4 JUMPI PUSH2 0x11B3 PUSH2 0x1C7C JUMP JUMPDEST JUMPDEST PUSH3 0x1A5E00 DUP8 GT DUP1 ISZERO PUSH2 0x11CE JUMPI POP PUSH1 0x0 PUSH2 0x11CC CALLER PUSH2 0x1A11 JUMP JUMPDEST GT JUMPDEST ISZERO PUSH2 0x12FB JUMPI PUSH2 0x11DC CALLER PUSH2 0x1A11 JUMP JUMPDEST SWAP6 POP TIMESTAMP PUSH1 0x2 PUSH1 0x0 CALLER PUSH20 0xFFFFFFFFFFFFFFFFFFFFFFFFFFFFFFFFFFFFFFFF AND PUSH20 0xFFFFFFFFFFFFFFFFFFFFFFFFFFFFFFFFFFFFFFFF AND DUP2 MSTORE PUSH1 0x20 ADD SWAP1 DUP2 MSTORE PUSH1 0x20 ADD PUSH1 0x0 KECCAK256 DUP2 SWAP1 SSTORE POP TIMESTAMP PUSH1 0x3 PUSH1 0x0 CALLER PUSH20 0xFFFFFFFFFFFFFFFFFFFFFFFFFFFFFFFFFFFFFFFF AND PUSH20 0xFFFFFFFFFFFFFFFFFFFFFFFFFFFFFFFFFFFFFFFF AND DUP2 MSTORE PUSH1 0x20 ADD SWAP1 DUP2 MSTORE PUSH1 0x20 ADD PUSH1 0x0 KECCAK256 DUP2 SWAP1 SSTORE POP DUP6 PUSH1 0xE PUSH1 0x0 CALLER PUSH20 0xFFFFFFFFFFFFFFFFFFFFFFFFFFFFFFFFFFFFFFFF AND PUSH20 0xFFFFFFFFFFFFFFFFFFFFFFFFFFFFFFFFFFFFFFFF AND DUP2 MSTORE PUSH1 0x20 ADD SWAP1 DUP2 MSTORE PUSH1 0x20 ADD PUSH1 0x0 KECCAK256 PUSH1 0x0 DUP3 DUP3 SLOAD ADD SWAP3 POP POP DUP2 SWAP1 SSTORE POP CALLER PUSH20 0xFFFFFFFFFFFFFFFFFFFFFFFFFFFFFFFFFFFFFFFF AND PUSH2 0x8FC DUP8 SWAP1 DUP2 ISZERO MUL SWAP1 PUSH1 0x40 MLOAD PUSH1 0x0 PUSH1 0x40 MLOAD DUP1 DUP4 SUB DUP2 DUP6 DUP9 DUP9 CALL SWAP4 POP POP POP POP ISZERO DUP1 ISZERO PUSH2 0x12F9 JUMPI RETURNDATASIZE PUSH1 0x0 DUP1 RETURNDATACOPY RETURNDATASIZE PUSH1 0x0 REVERT JUMPDEST POP JUMPDEST CALLVALUE SWAP2 POP PUSH2 0x1325 PUSH1 0x64 PUSH2 0x1317 PUSH1 0x9 DUP6 PUSH2 0x1F84 SWAP1 SWAP2 SWAP1 PUSH4 0xFFFFFFFF AND JUMP JUMPDEST PUSH2 0x1FBF SWAP1 SWAP2 SWAP1 PUSH4 0xFFFFFFFF AND JUMP JUMPDEST SWAP5 POP PUSH2 0x134E PUSH1 0x64 PUSH2 0x1340 PUSH1 0x8 DUP6 PUSH2 0x1F84 SWAP1 SWAP2 SWAP1 PUSH4 0xFFFFFFFF AND JUMP JUMPDEST PUSH2 0x1FBF SWAP1 SWAP2 SWAP1 PUSH4 0xFFFFFFFF AND JUMP JUMPDEST SWAP4 POP PUSH2 0x1377 PUSH1 0x64 PUSH2 0x1369 PUSH1 0x3 DUP6 PUSH2 0x1F84 SWAP1 SWAP2 SWAP1 PUSH4 0xFFFFFFFF AND JUMP JUMPDEST PUSH2 0x1FBF SWAP1 SWAP2 SWAP1 PUSH4 0xFFFFFFFF AND JUMP JUMPDEST SWAP3 POP PUSH2 0x138E DUP4 PUSH1 0x9 SLOAD PUSH2 0x1FDA SWAP1 SWAP2 SWAP1 PUSH4 0xFFFFFFFF AND JUMP JUMPDEST PUSH1 0x9 DUP2 SWAP1 SSTORE POP DUP2 SWAP2 POP PUSH1 0x5 PUSH1 0x0 SWAP1 SLOAD SWAP1 PUSH2 0x100 EXP SWAP1 DIV PUSH20 0xFFFFFFFFFFFFFFFFFFFFFFFFFFFFFFFFFFFFFFFF AND PUSH20 0xFFFFFFFFFFFFFFFFFFFFFFFFFFFFFFFFFFFFFFFF AND PUSH2 0x8FC DUP6 SWAP1 DUP2 ISZERO MUL SWAP1 PUSH1 0x40 MLOAD PUSH1 0x0 PUSH1 0x40 MLOAD DUP1 DUP4 SUB DUP2 DUP6 DUP9 DUP9 CALL SWAP4 POP POP POP POP ISZERO DUP1 ISZERO PUSH2 0x13FF JUMPI RETURNDATASIZE PUSH1 0x0 DUP1 RETURNDATACOPY RETURNDATASIZE PUSH1 0x0 REVERT JUMPDEST POP PUSH1 0x6 PUSH1 0x0 SWAP1 SLOAD SWAP1 PUSH2 0x100 EXP SWAP1 DIV PUSH20 0xFFFFFFFFFFFFFFFFFFFFFFFFFFFFFFFFFFFFFFFF AND PUSH20 0xFFFFFFFFFFFFFFFFFFFFFFFFFFFFFFFFFFFFFFFF AND PUSH2 0x8FC DUP6 SWAP1 DUP2 ISZERO MUL SWAP1 PUSH1 0x40 MLOAD PUSH1 0x0 PUSH1 0x40 MLOAD DUP1 DUP4 SUB DUP2 DUP6 DUP9 DUP9 CALL SWAP4 POP POP POP POP ISZERO DUP1 ISZERO PUSH2 0x1468 JUMPI RETURNDATASIZE PUSH1 0x0 DUP1 RETURNDATACOPY RETURNDATASIZE PUSH1 0x0 REVERT JUMPDEST POP CALLER PUSH20 0xFFFFFFFFFFFFFFFFFFFFFFFFFFFFFFFFFFFFFFFF AND DUP9 PUSH20 0xFFFFFFFFFFFFFFFFFFFFFFFFFFFFFFFFFFFFFFFF AND EQ ISZERO DUP1 ISZERO PUSH2 0x14BC JUMPI POP PUSH1 0x1 DUP9 PUSH20 0xFFFFFFFFFFFFFFFFFFFFFFFFFFFFFFFFFFFFFFFF AND EQ ISZERO JUMPDEST DUP1 ISZERO PUSH2 0x1516 JUMPI POP PUSH1 0x6 PUSH1 0x0 SWAP1 SLOAD SWAP1 PUSH2 0x100 EXP SWAP1 DIV PUSH20 0xFFFFFFFFFFFFFFFFFFFFFFFFFFFFFFFFFFFFFFFF AND PUSH20 0xFFFFFFFFFFFFFFFFFFFFFFFFFFFFFFFFFFFFFFFF AND DUP9 PUSH20 0xFFFFFFFFFFFFFFFFFFFFFFFFFFFFFFFFFFFFFFFF AND EQ ISZERO JUMPDEST ISZERO PUSH2 0x15A8 JUMPI PUSH2 0x1564 PUSH1 0x4 PUSH1 0x0 DUP11 PUSH20 0xFFFFFFFFFFFFFFFFFFFFFFFFFFFFFFFFFFFFFFFF AND PUSH20 0xFFFFFFFFFFFFFFFFFFFFFFFFFFFFFFFFFFFFFFFF AND DUP2 MSTORE PUSH1 0x20 ADD SWAP1 DUP2 MSTORE PUSH1 0x20 ADD PUSH1 0x0 KECCAK256 SLOAD DUP7 PUSH2 0x1FDA JUMP JUMPDEST PUSH1 0x4 PUSH1 0x0 DUP11 PUSH20 0xFFFFFFFFFFFFFFFFFFFFFFFFFFFFFFFFFFFFFFFF AND PUSH20 0xFFFFFFFFFFFFFFFFFFFFFFFFFFFFFFFFFFFFFFFF AND DUP2 MSTORE PUSH1 0x20 ADD SWAP1 DUP2 MSTORE PUSH1 0x20 ADD PUSH1 0x0 KECCAK256 DUP2 SWAP1 SSTORE POP JUMPDEST PUSH2 0x15FA DUP3 PUSH1 0x1 PUSH1 0x0 CALLER PUSH20 0xFFFFFFFFFFFFFFFFFFFFFFFFFFFFFFFFFFFFFFFF AND PUSH20 0xFFFFFFFFFFFFFFFFFFFFFFFFFFFFFFFFFFFFFFFF AND DUP2 MSTORE PUSH1 0x20 ADD SWAP1 DUP2 MSTORE PUSH1 0x20 ADD PUSH1 0x0 KECCAK256 SLOAD PUSH2 0x1FDA SWAP1 SWAP2 SWAP1 PUSH4 0xFFFFFFFF AND JUMP JUMPDEST PUSH1 0x1 PUSH1 0x0 CALLER PUSH20 0xFFFFFFFFFFFFFFFFFFFFFFFFFFFFFFFFFFFFFFFF AND PUSH20 0xFFFFFFFFFFFFFFFFFFFFFFFFFFFFFFFFFFFFFFFF AND DUP2 MSTORE PUSH1 0x20 ADD SWAP1 DUP2 MSTORE PUSH1 0x20 ADD PUSH1 0x0 KECCAK256 DUP2 SWAP1 SSTORE POP TIMESTAMP PUSH1 0x2 PUSH1 0x0 CALLER PUSH20 0xFFFFFFFFFFFFFFFFFFFFFFFFFFFFFFFFFFFFFFFF AND PUSH20 0xFFFFFFFFFFFFFFFFFFFFFFFFFFFFFFFFFFFFFFFF AND DUP2 MSTORE PUSH1 0x20 ADD SWAP1 DUP2 MSTORE PUSH1 0x20 ADD PUSH1 0x0 KECCAK256 DUP2 SWAP1 SSTORE POP PUSH1 0xF PUSH1 0x0 CALLER PUSH20 0xFFFFFFFFFFFFFFFFFFFFFFFFFFFFFFFFFFFFFFFF AND PUSH20 0xFFFFFFFFFFFFFFFFFFFFFFFFFFFFFFFFFFFFFFFF AND DUP2 MSTORE PUSH1 0x20 ADD SWAP1 DUP2 MSTORE PUSH1 0x20 ADD PUSH1 0x0 KECCAK256 DUP3 SWAP1 DUP1 PUSH1 0x1 DUP2 SLOAD ADD DUP1 DUP3 SSTORE DUP1 SWAP2 POP POP SWAP1 PUSH1 0x1 DUP3 SUB SWAP1 PUSH1 0x0 MSTORE PUSH1 0x20 PUSH1 0x0 KECCAK256 ADD PUSH1 0x0 SWAP1 SWAP2 SWAP3 SWAP1 SWAP2 SWAP1 SWAP2 POP SSTORE POP PUSH1 0xA SLOAD PUSH1 0x9 SLOAD LT ISZERO ISZERO PUSH2 0x17DB JUMPI PUSH1 0x9 SLOAD SWAP1 POP CALLER PUSH20 0xFFFFFFFFFFFFFFFFFFFFFFFFFFFFFFFFFFFFFFFF AND PUSH2 0x8FC DUP3 SWAP1 DUP2 ISZERO MUL SWAP1 PUSH1 0x40 MLOAD PUSH1 0x0 PUSH1 0x40 MLOAD DUP1 DUP4 SUB DUP2 DUP6 DUP9 DUP9 CALL SWAP4 POP POP POP POP ISZERO DUP1 ISZERO PUSH2 0x1742 JUMPI RETURNDATASIZE PUSH1 0x0 DUP1 RETURNDATACOPY RETURNDATASIZE PUSH1 0x0 REVERT JUMPDEST POP CALLER PUSH1 0x8 PUSH1 0x0 PUSH2 0x100 EXP DUP2 SLOAD DUP2 PUSH20 0xFFFFFFFFFFFFFFFFFFFFFFFFFFFFFFFFFFFFFFFF MUL NOT AND SWAP1 DUP4 PUSH20 0xFFFFFFFFFFFFFFFFFFFFFFFFFFFFFFFFFFFFFFFF AND MUL OR SWAP1 SSTORE POP CALLER PUSH20 0xFFFFFFFFFFFFFFFFFFFFFFFFFFFFFFFFFFFFFFFF AND PUSH32 0x55C760794E652D1FA3C4DFC0E0E192F75796BA998FFF30D990B7F6ACC8B04A8F DUP3 PUSH1 0x40 MLOAD DUP1 DUP3 DUP2 MSTORE PUSH1 0x20 ADD SWAP2 POP POP PUSH1 0x40 MLOAD DUP1 SWAP2 SUB SWAP1 LOG2 PUSH1 0x0 PUSH1 0x9 DUP2 SWAP1 SSTORE POP JUMPDEST POP POP POP POP POP POP POP POP JUMP JUMPDEST PUSH1 0x2 PUSH1 0x20 MSTORE DUP1 PUSH1 0x0 MSTORE PUSH1 0x40 PUSH1 0x0 KECCAK256 PUSH1 0x0 SWAP2 POP SWAP1 POP SLOAD DUP2 JUMP JUMPDEST PUSH1 0x0 DUP1 PUSH2 0x1808 PUSH2 0x19CA JUMP JUMPDEST SWAP1 POP PUSH8 0x16345785D8A0000 DUP2 LT ISZERO DUP1 ISZERO PUSH2 0x182A JUMPI POP DUP1 PUSH8 0x3782DACE9D900000 LT ISZERO JUMPDEST ISZERO PUSH2 0x1838 JUMPI PUSH1 0x0 SWAP2 POP PUSH2 0x18DD JUMP JUMPDEST PUSH8 0x37A661C10D510000 DUP2 LT ISZERO DUP1 ISZERO PUSH2 0x1858 JUMPI POP DUP1 PUSH8 0x6124FEE993BC0000 LT ISZERO JUMPDEST ISZERO PUSH2 0x1866 JUMPI PUSH1 0x14 SWAP2 POP PUSH2 0x18DD JUMP JUMPDEST PUSH8 0x614885DC037D0000 DUP2 LT ISZERO DUP1 ISZERO PUSH2 0x1886 JUMPI POP DUP1 PUSH8 0x8AC7230489E80000 LT ISZERO JUMPDEST ISZERO PUSH2 0x1894 JUMPI PUSH1 0x28 SWAP2 POP PUSH2 0x18DD JUMP JUMPDEST PUSH8 0x8AEAA9F6F9A90000 DUP2 LT ISZERO DUP1 ISZERO PUSH2 0x18B4 JUMPI POP DUP1 PUSH8 0xD02AB486CEDC0000 LT ISZERO JUMPDEST ISZERO PUSH2 0x18C2 JUMPI PUSH1 0x3C SWAP2 POP PUSH2 0x18DD JUMP JUMPDEST PUSH8 0xD04E3B793E9D0000 DUP2 LT ISZERO ISZERO PUSH2 0x18DC JUMPI PUSH1 0x63 SWAP2 POP PUSH2 0x18DD JUMP JUMPDEST JUMPDEST POP SWAP1 JUMP JUMPDEST PUSH1 0x0 DUP1 PUSH1 0x0 SWAP1 SLOAD SWAP1 PUSH2 0x100 EXP SWAP1 DIV PUSH20 0xFFFFFFFFFFFFFFFFFFFFFFFFFFFFFFFFFFFFFFFF AND SWAP1 POP SWAP1 JUMP JUMPDEST PUSH1 0x0 DUP1 PUSH1 0x0 SWAP1 SLOAD SWAP1 PUSH2 0x100 EXP SWAP1 DIV PUSH20 0xFFFFFFFFFFFFFFFFFFFFFFFFFFFFFFFFFFFFFFFF AND PUSH20 0xFFFFFFFFFFFFFFFFFFFFFFFFFFFFFFFFFFFFFFFF AND CALLER PUSH20 0xFFFFFFFFFFFFFFFFFFFFFFFFFFFFFFFFFFFFFFFF AND EQ SWAP1 POP SWAP1 JUMP JUMPDEST PUSH2 0x1969 PUSH2 0x190A JUMP JUMPDEST ISZERO ISZERO PUSH2 0x1974 JUMPI PUSH1 0x0 DUP1 REVERT JUMPDEST DUP1 PUSH1 0xA DUP2 SWAP1 SSTORE POP POP JUMP JUMPDEST PUSH1 0x5 PUSH1 0x0 SWAP1 SLOAD SWAP1 PUSH2 0x100 EXP SWAP1 DIV PUSH20 0xFFFFFFFFFFFFFFFFFFFFFFFFFFFFFFFFFFFFFFFF AND DUP2 JUMP JUMPDEST PUSH1 0x8 PUSH1 0x0 SWAP1 SLOAD SWAP1 PUSH2 0x100 EXP SWAP1 DIV PUSH20 0xFFFFFFFFFFFFFFFFFFFFFFFFFFFFFFFFFFFFFFFF AND DUP2 JUMP JUMPDEST PUSH1 0x0 PUSH1 0x1 PUSH1 0x0 CALLER PUSH20 0xFFFFFFFFFFFFFFFFFFFFFFFFFFFFFFFFFFFFFFFF AND PUSH20 0xFFFFFFFFFFFFFFFFFFFFFFFFFFFFFFFFFFFFFFFF AND DUP2 MSTORE PUSH1 0x20 ADD SWAP1 DUP2 MSTORE PUSH1 0x20 ADD PUSH1 0x0 KECCAK256 SLOAD SWAP1 POP SWAP1 JUMP JUMPDEST PUSH1 0x0 DUP1 PUSH1 0x0 DUP1 PUSH1 0x0 DUP1 PUSH2 0x1A63 TIMESTAMP PUSH1 0x2 PUSH1 0x0 DUP11 PUSH20 0xFFFFFFFFFFFFFFFFFFFFFFFFFFFFFFFFFFFFFFFF AND PUSH20 0xFFFFFFFFFFFFFFFFFFFFFFFFFFFFFFFFFFFFFFFF AND DUP2 MSTORE PUSH1 0x20 ADD SWAP1 DUP2 MSTORE PUSH1 0x20 ADD PUSH1 0x0 KECCAK256 SLOAD PUSH2 0x1F6B JUMP JUMPDEST SWAP5 POP PUSH2 0x1ABA PUSH2 0x1AB1 DUP7 PUSH1 0x1 PUSH1 0x0 DUP12 PUSH20 0xFFFFFFFFFFFFFFFFFFFFFFFFFFFFFFFFFFFFFFFF AND PUSH20 0xFFFFFFFFFFFFFFFFFFFFFFFFFFFFFFFFFFFFFFFF AND DUP2 MSTORE PUSH1 0x20 ADD SWAP1 DUP2 MSTORE PUSH1 0x20 ADD PUSH1 0x0 KECCAK256 SLOAD PUSH2 0x1F84 JUMP JUMPDEST PUSH3 0xF07B2 PUSH2 0x1FBF JUMP JUMPDEST SWAP4 POP PUSH2 0x1AC4 PUSH2 0x984 JUMP JUMPDEST SWAP3 POP PUSH1 0xE PUSH1 0x0 CALLER PUSH20 0xFFFFFFFFFFFFFFFFFFFFFFFFFFFFFFFFFFFFFFFF AND PUSH20 0xFFFFFFFFFFFFFFFFFFFFFFFFFFFFFFFFFFFFFFFF AND DUP2 MSTORE PUSH1 0x20 ADD SWAP1 DUP2 MSTORE PUSH1 0x20 ADD PUSH1 0x0 KECCAK256 SLOAD DUP4 SUB SWAP2 POP DUP2 DUP5 GT DUP1 ISZERO PUSH2 0x1B57 JUMPI POP DUP3 PUSH1 0xE PUSH1 0x0 CALLER PUSH20 0xFFFFFFFFFFFFFFFFFFFFFFFFFFFFFFFFFFFFFFFF AND PUSH20 0xFFFFFFFFFFFFFFFFFFFFFFFFFFFFFFFFFFFFFFFF AND DUP2 MSTORE PUSH1 0x20 ADD SWAP1 DUP2 MSTORE PUSH1 0x20 ADD PUSH1 0x0 KECCAK256 SLOAD LT JUMPDEST ISZERO PUSH2 0x1B60 JUMPI DUP2 SWAP4 POP JUMPDEST PUSH2 0x1B68 PUSH2 0x17FD JUMP JUMPDEST SWAP1 POP PUSH1 0x0 DUP2 EQ ISZERO PUSH2 0x1B7B JUMPI DUP4 SWAP6 POP PUSH2 0x1B9B JUMP JUMPDEST PUSH2 0x1B98 DUP5 PUSH2 0x1B93 PUSH2 0x1B8C DUP8 DUP6 PUSH2 0x1F84 JUMP JUMPDEST PUSH1 0x64 PUSH2 0x1FBF JUMP JUMPDEST PUSH2 0x1FDA JUMP JUMPDEST SWAP6 POP JUMPDEST POP POP POP POP POP SWAP2 SWAP1 POP JUMP JUMPDEST PUSH1 0x7 PUSH1 0x0 SWAP1 SLOAD SWAP1 PUSH2 0x100 EXP SWAP1 DIV PUSH20 0xFFFFFFFFFFFFFFFFFFFFFFFFFFFFFFFFFFFFFFFF AND DUP2 JUMP JUMPDEST PUSH1 0xC SLOAD DUP2 JUMP JUMPDEST PUSH2 0x1BD9 PUSH2 0x190A JUMP JUMPDEST ISZERO ISZERO PUSH2 0x1BE4 JUMPI PUSH1 0x0 DUP1 REVERT JUMPDEST PUSH1 0x0 PUSH20 0xFFFFFFFFFFFFFFFFFFFFFFFFFFFFFFFFFFFFFFFF AND DUP2 PUSH20 0xFFFFFFFFFFFFFFFFFFFFFFFFFFFFFFFFFFFFFFFF AND EQ ISZERO ISZERO ISZERO PUSH2 0x1C20 JUMPI PUSH1 0x0 DUP1 REVERT JUMPDEST DUP1 PUSH1 0x6 PUSH1 0x0 PUSH2 0x100 EXP DUP2 SLOAD DUP2 PUSH20 0xFFFFFFFFFFFFFFFFFFFFFFFFFFFFFFFFFFFFFFFF MUL NOT AND SWAP1 DUP4 PUSH20 0xFFFFFFFFFFFFFFFFFFFFFFFFFFFFFFFFFFFFFFFF AND MUL OR SWAP1 SSTORE POP POP JUMP JUMPDEST PUSH1 0x1 PUSH1 0x20 MSTORE DUP1 PUSH1 0x0 MSTORE PUSH1 0x40 PUSH1 0x0 KECCAK256 PUSH1 0x0 SWAP2 POP SWAP1 POP SLOAD DUP2 JUMP JUMPDEST PUSH1 0x0 PUSH2 0x1C87 CALLER PUSH2 0x1A11 JUMP JUMPDEST SWAP1 POP PUSH1 0x0 DUP2 GT ISZERO ISZERO PUSH2 0x1C98 JUMPI PUSH1 0x0 DUP1 REVERT JUMPDEST TIMESTAMP PUSH1 0x2 PUSH1 0x0 CALLER PUSH20 0xFFFFFFFFFFFFFFFFFFFFFFFFFFFFFFFFFFFFFFFF AND PUSH20 0xFFFFFFFFFFFFFFFFFFFFFFFFFFFFFFFFFFFFFFFF AND DUP2 MSTORE PUSH1 0x20 ADD SWAP1 DUP2 MSTORE PUSH1 0x20 ADD PUSH1 0x0 KECCAK256 DUP2 SWAP1 SSTORE POP DUP1 PUSH1 0xE PUSH1 0x0 CALLER PUSH20 0xFFFFFFFFFFFFFFFFFFFFFFFFFFFFFFFFFFFFFFFF AND PUSH20 0xFFFFFFFFFFFFFFFFFFFFFFFFFFFFFFFFFFFFFFFF AND DUP2 MSTORE PUSH1 0x20 ADD SWAP1 DUP2 MSTORE PUSH1 0x20 ADD PUSH1 0x0 KECCAK256 PUSH1 0x0 DUP3 DUP3 SLOAD ADD SWAP3 POP POP DUP2 SWAP1 SSTORE POP PUSH2 0x1D72 PUSH1 0x1 PUSH1 0x0 CALLER PUSH20 0xFFFFFFFFFFFFFFFFFFFFFFFFFFFFFFFFFFFFFFFF AND PUSH20 0xFFFFFFFFFFFFFFFFFFFFFFFFFFFFFFFFFFFFFFFF AND DUP2 MSTORE PUSH1 0x20 ADD SWAP1 DUP2 MSTORE PUSH1 0x20 ADD PUSH1 0x0 KECCAK256 SLOAD DUP3 PUSH2 0x1FDA JUMP JUMPDEST PUSH1 0x1 PUSH1 0x0 CALLER PUSH20 0xFFFFFFFFFFFFFFFFFFFFFFFFFFFFFFFFFFFFFFFF AND PUSH20 0xFFFFFFFFFFFFFFFFFFFFFFFFFFFFFFFFFFFFFFFF AND DUP2 MSTORE PUSH1 0x20 ADD SWAP1 DUP2 MSTORE PUSH1 0x20 ADD PUSH1 0x0 KECCAK256 DUP2 SWAP1 SSTORE POP POP JUMP JUMPDEST PUSH1 0xE PUSH1 0x20 MSTORE DUP1 PUSH1 0x0 MSTORE PUSH1 0x40 PUSH1 0x0 KECCAK256 PUSH1 0x0 SWAP2 POP SWAP1 POP SLOAD DUP2 JUMP JUMPDEST PUSH1 0x0 DUP1 PUSH1 0x4 PUSH1 0x0 CALLER PUSH20 0xFFFFFFFFFFFFFFFFFFFFFFFFFFFFFFFFFFFFFFFF AND PUSH20 0xFFFFFFFFFFFFFFFFFFFFFFFFFFFFFFFFFFFFFFFF AND DUP2 MSTORE PUSH1 0x20 ADD SWAP1 DUP2 MSTORE PUSH1 0x20 ADD PUSH1 0x0 KECCAK256 SLOAD GT ISZERO ISZERO PUSH2 0x1E1F JUMPI PUSH1 0x0 DUP1 REVERT JUMPDEST PUSH1 0x4 PUSH1 0x0 CALLER PUSH20 0xFFFFFFFFFFFFFFFFFFFFFFFFFFFFFFFFFFFFFFFF AND PUSH20 0xFFFFFFFFFFFFFFFFFFFFFFFFFFFFFFFFFFFFFFFF AND DUP2 MSTORE PUSH1 0x20 ADD SWAP1 DUP2 MSTORE PUSH1 0x20 ADD PUSH1 0x0 KECCAK256 SLOAD SWAP1 POP PUSH1 0x0 PUSH1 0x4 PUSH1 0x0 CALLER PUSH20 0xFFFFFFFFFFFFFFFFFFFFFFFFFFFFFFFFFFFFFFFF AND PUSH20 0xFFFFFFFFFFFFFFFFFFFFFFFFFFFFFFFFFFFFFFFF AND DUP2 MSTORE PUSH1 0x20 ADD SWAP1 DUP2 MSTORE PUSH1 0x20 ADD PUSH1 0x0 KECCAK256 DUP2 SWAP1 SSTORE POP CALLER PUSH20 0xFFFFFFFFFFFFFFFFFFFFFFFFFFFFFFFFFFFFFFFF AND PUSH2 0x8FC DUP3 SWAP1 DUP2 ISZERO MUL SWAP1 PUSH1 0x40 MLOAD PUSH1 0x0 PUSH1 0x40 MLOAD DUP1 DUP4 SUB DUP2 DUP6 DUP9 DUP9 CALL SWAP4 POP POP POP POP ISZERO DUP1 ISZERO PUSH2 0x1EEC JUMPI RETURNDATASIZE PUSH1 0x0 DUP1 RETURNDATACOPY RETURNDATASIZE PUSH1 0x0 REVERT JUMPDEST POP POP JUMP JUMPDEST PUSH2 0x1EF8 PUSH2 0x190A JUMP JUMPDEST ISZERO ISZERO PUSH2 0x1F03 JUMPI PUSH1 0x0 DUP1 REVERT JUMPDEST PUSH2 0x1F0C DUP2 PUSH2 0x1FF8 JUMP JUMPDEST POP JUMP JUMPDEST PUSH1 0x6 PUSH1 0x0 SWAP1 SLOAD SWAP1 PUSH2 0x100 EXP SWAP1 DIV PUSH20 0xFFFFFFFFFFFFFFFFFFFFFFFFFFFFFFFFFFFFFFFF AND DUP2 JUMP JUMPDEST PUSH1 0xB SLOAD DUP2 JUMP JUMPDEST PUSH1 0xF PUSH1 0x20 MSTORE DUP2 PUSH1 0x0 MSTORE PUSH1 0x40 PUSH1 0x0 KECCAK256 DUP2 DUP2 SLOAD DUP2 LT ISZERO ISZERO PUSH2 0x1F56 JUMPI INVALID JUMPDEST SWAP1 PUSH1 0x0 MSTORE PUSH1 0x20 PUSH1 0x0 KECCAK256 ADD PUSH1 0x0 SWAP2 POP SWAP2 POP POP SLOAD DUP2 JUMP JUMPDEST PUSH1 0x0 DUP3 DUP3 GT ISZERO ISZERO ISZERO PUSH2 0x1F79 JUMPI INVALID JUMPDEST DUP2 DUP4 SUB SWAP1 POP SWAP3 SWAP2 POP POP JUMP JUMPDEST PUSH1 0x0 DUP1 PUSH1 0x0 DUP5 EQ ISZERO PUSH2 0x1F99 JUMPI PUSH1 0x0 SWAP2 POP PUSH2 0x1FB8 JUMP JUMPDEST DUP3 DUP5 MUL SWAP1 POP DUP3 DUP5 DUP3 DUP2 ISZERO ISZERO PUSH2 0x1FAA JUMPI INVALID JUMPDEST DIV EQ ISZERO ISZERO PUSH2 0x1FB4 JUMPI INVALID JUMPDEST DUP1 SWAP2 POP JUMPDEST POP SWAP3 SWAP2 POP POP JUMP JUMPDEST PUSH1 0x0 DUP1 DUP3 DUP5 DUP2 ISZERO ISZERO PUSH2 0x1FCD JUMPI INVALID JUMPDEST DIV SWAP1 POP DUP1 SWAP2 POP POP SWAP3 SWAP2 POP POP JUMP JUMPDEST PUSH1 0x0 DUP1 DUP3 DUP5 ADD SWAP1 POP DUP4 DUP2 LT ISZERO ISZERO ISZERO PUSH2 0x1FEE JUMPI INVALID JUMPDEST DUP1 SWAP2 POP POP SWAP3 SWAP2 POP POP JUMP JUMPDEST PUSH1 0x0 PUSH20 0xFFFFFFFFFFFFFFFFFFFFFFFFFFFFFFFFFFFFFFFF AND DUP2 PUSH20 0xFFFFFFFFFFFFFFFFFFFFFFFFFFFFFFFFFFFFFFFF AND EQ ISZERO ISZERO ISZERO PUSH2 0x2034 JUMPI PUSH1 0x0 DUP1 REVERT JUMPDEST DUP1 PUSH20 0xFFFFFFFFFFFFFFFFFFFFFFFFFFFFFFFFFFFFFFFF AND PUSH1 0x0 DUP1 SWAP1 SLOAD SWAP1 PUSH2 0x100 EXP SWAP1 DIV PUSH20 0xFFFFFFFFFFFFFFFFFFFFFFFFFFFFFFFFFFFFFFFF AND PUSH20 0xFFFFFFFFFFFFFFFFFFFFFFFFFFFFFFFFFFFFFFFF AND PUSH32 0x8BE0079C531659141344CD1FD0A4F28419497F9722A3DAAFE3B4186F6B6457E0 PUSH1 0x40 MLOAD PUSH1 0x40 MLOAD DUP1 SWAP2 SUB SWAP1 LOG3 DUP1 PUSH1 0x0 DUP1 PUSH2 0x100 EXP DUP2 SLOAD DUP2 PUSH20 0xFFFFFFFFFFFFFFFFFFFFFFFFFFFFFFFFFFFFFFFF MUL NOT AND SWAP1 DUP4 PUSH20 0xFFFFFFFFFFFFFFFFFFFFFFFFFFFFFFFFFFFFFFFF AND MUL OR SWAP1 SSTORE POP POP JUMP JUMPDEST POP DUP1 SLOAD PUSH1 0x0 DUP3 SSTORE SWAP1 PUSH1 0x0 MSTORE PUSH1 0x20 PUSH1 0x0 KECCAK256 SWAP1 DUP2 ADD SWAP1 PUSH2 0x2110 SWAP2 SWAP1 PUSH2 0x2113 JUMP JUMPDEST POP JUMP JUMPDEST PUSH2 0x2135 SWAP2 SWAP1 JUMPDEST DUP1 DUP3 GT ISZERO PUSH2 0x2131 JUMPI PUSH1 0x0 DUP2 PUSH1 0x0 SWAP1 SSTORE POP PUSH1 0x1 ADD PUSH2 0x2119 JUMP JUMPDEST POP SWAP1 JUMP JUMPDEST SWAP1 JUMP STOP LOG1 PUSH6 0x627A7A723058 KECCAK256 0xe8 COINBASE SELFDESTRUCT RETURNDATASIZE 0xac 0xb2 SWAP8 0xd6 0x4c 0xc6 0xaa GT SWAP5 0xcd 0x21 0xf6 OR PUSH32 0x7697FD9C33AEB9A02E3CD6BF098F002900000000000000000000000000000000
0,PUSH1 0x4C PUSH1 0x2C PUSH1 0xB DUP3 DUP3 DUP3 CODECOPY DUP1 MLOAD PUSH1 0x0 BYTE PUSH1 0x73 EQ PUSH1 0x0 DUP2 EQ PUSH1 0x1C JUMPI PUSH1 0x1E JUMP JUMPDEST INVALID JUMPDEST POP ADDRESS PUSH1 0x0 MSTORE PUSH1 0x73 DUP2 MSTORE8 DUP3 DUP2 RETURN INVALID PUSH20 0x0 ADDRESS EQ PUSH1 0x80 PUSH1 0x40 MSTORE PUSH1 0x0 DUP1 REVERT INVALID LOG1 PUSH6 0x627A7A723058 KECCAK256 0xdb REVERT 0xcc 0xc6 0xc0 PUSH6 0x500271BBF7EF SWAP14 0xe LOG4 PUSH21 0x24B46B70C7874DDC1887891BE9BB0C400029000000
0,PUSH1 0x80 PUSH1 0x40 MSTORE CALLVALUE DUP1 ISZERO PUSH2 0x10 JUMPI PUSH1 0x0 DUP1 REVERT JUMPDEST POP PUSH2 0x411 DUP1 PUSH2 0x20 PUSH1 0x0 CODECOPY PUSH1 0x0 RETURN INVALID PUSH1 0x80 PUSH1 0x40 MSTORE CALLVALUE DUP1 ISZERO PUSH2 0x10 JUMPI PUSH1 0x0 DUP1 REVERT JUMPDEST POP PUSH1 0x4 CALLDATASIZE LT PUSH2 0x5E JUMPI PUSH1 0x0 CALLDATALOAD PUSH29 0x100000000000000000000000000000000000000000000000000000000 SWAP1 DIV DUP1 PUSH4 0x18160DDD EQ PUSH2 0x63 JUMPI DUP1 PUSH4 0x70A08231 EQ PUSH2 0x81 JUMPI DUP1 PUSH4 0xA9059CBB EQ PUSH2 0xD9 JUMPI JUMPDEST PUSH1 0x0 DUP1 REVERT JUMPDEST PUSH2 0x6B PUSH2 0x13F JUMP JUMPDEST PUSH1 0x40 MLOAD DUP1 DUP3 DUP2 MSTORE PUSH1 0x20 ADD SWAP2 POP POP PUSH1 0x40 MLOAD DUP1 SWAP2 SUB SWAP1 RETURN JUMPDEST PUSH2 0xC3 PUSH1 0x4 DUP1 CALLDATASIZE SUB PUSH1 0x20 DUP2 LT ISZERO PUSH2 0x97 JUMPI PUSH1 0x0 DUP1 REVERT JUMPDEST DUP2 ADD SWAP1 DUP1 DUP1 CALLDATALOAD PUSH20 0xFFFFFFFFFFFFFFFFFFFFFFFFFFFFFFFFFFFFFFFF AND SWAP1 PUSH1 0x20 ADD SWAP1 SWAP3 SWAP2 SWAP1 POP POP POP PUSH2 0x149 JUMP JUMPDEST PUSH1 0x40 MLOAD DUP1 DUP3 DUP2 MSTORE PUSH1 0x20 ADD SWAP2 POP POP PUSH1 0x40 MLOAD DUP1 SWAP2 SUB SWAP1 RETURN JUMPDEST PUSH2 0x125 PUSH1 0x4 DUP1 CALLDATASIZE SUB PUSH1 0x40 DUP2 LT ISZERO PUSH2 0xEF JUMPI PUSH1 0x0 DUP1 REVERT JUMPDEST DUP2 ADD SWAP1 DUP1 DUP1 CALLDATALOAD PUSH20 0xFFFFFFFFFFFFFFFFFFFFFFFFFFFFFFFFFFFFFFFF AND SWAP1 PUSH1 0x20 ADD SWAP1 SWAP3 SWAP2 SWAP1 DUP1 CALLDATALOAD SWAP1 PUSH1 0x20 ADD SWAP1 SWAP3 SWAP2 SWAP1 POP POP POP PUSH2 0x191 JUMP JUMPDEST PUSH1 0x40 MLOAD DUP1 DUP3 ISZERO ISZERO ISZERO ISZERO DUP2 MSTORE PUSH1 0x20 ADD SWAP2 POP POP PUSH1 0x40 MLOAD DUP1 SWAP2 SUB SWAP1 RETURN JUMPDEST PUSH1 0x0 PUSH1 0x1 SLOAD SWAP1 POP SWAP1 JUMP JUMPDEST PUSH1 0x0 DUP1 PUSH1 0x0 DUP4 PUSH20 0xFFFFFFFFFFFFFFFFFFFFFFFFFFFFFFFFFFFFFFFF AND PUSH20 0xFFFFFFFFFFFFFFFFFFFFFFFFFFFFFFFFFFFFFFFF AND DUP2 MSTORE PUSH1 0x20 ADD SWAP1 DUP2 MSTORE PUSH1 0x20 ADD PUSH1 0x0 KECCAK256 SLOAD SWAP1 POP SWAP2 SWAP1 POP JUMP JUMPDEST PUSH1 0x0 DUP1 PUSH20 0xFFFFFFFFFFFFFFFFFFFFFFFFFFFFFFFFFFFFFFFF AND DUP4 PUSH20 0xFFFFFFFFFFFFFFFFFFFFFFFFFFFFFFFFFFFFFFFF AND EQ ISZERO ISZERO ISZERO PUSH2 0x1CE JUMPI PUSH1 0x0 DUP1 REVERT JUMPDEST PUSH1 0x0 DUP1 CALLER PUSH20 0xFFFFFFFFFFFFFFFFFFFFFFFFFFFFFFFFFFFFFFFF AND PUSH20 0xFFFFFFFFFFFFFFFFFFFFFFFFFFFFFFFFFFFFFFFF AND DUP2 MSTORE PUSH1 0x20 ADD SWAP1 DUP2 MSTORE PUSH1 0x20 ADD PUSH1 0x0 KECCAK256 SLOAD DUP3 GT ISZERO ISZERO ISZERO PUSH2 0x21B JUMPI PUSH1 0x0 DUP1 REVERT JUMPDEST PUSH2 0x26C DUP3 PUSH1 0x0 DUP1 CALLER PUSH20 0xFFFFFFFFFFFFFFFFFFFFFFFFFFFFFFFFFFFFFFFF AND PUSH20 0xFFFFFFFFFFFFFFFFFFFFFFFFFFFFFFFFFFFFFFFF AND DUP2 MSTORE PUSH1 0x20 ADD SWAP1 DUP2 MSTORE PUSH1 0x20 ADD PUSH1 0x0 KECCAK256 SLOAD PUSH2 0x3B0 SWAP1 SWAP2 SWAP1 PUSH4 0xFFFFFFFF AND JUMP JUMPDEST PUSH1 0x0 DUP1 CALLER PUSH20 0xFFFFFFFFFFFFFFFFFFFFFFFFFFFFFFFFFFFFFFFF AND PUSH20 0xFFFFFFFFFFFFFFFFFFFFFFFFFFFFFFFFFFFFFFFF AND DUP2 MSTORE PUSH1 0x20 ADD SWAP1 DUP2 MSTORE PUSH1 0x20 ADD PUSH1 0x0 KECCAK256 DUP2 SWAP1 SSTORE POP PUSH2 0x2FF DUP3 PUSH1 0x0 DUP1 DUP7 PUSH20 0xFFFFFFFFFFFFFFFFFFFFFFFFFFFFFFFFFFFFFFFF AND PUSH20 0xFFFFFFFFFFFFFFFFFFFFFFFFFFFFFFFFFFFFFFFF AND DUP2 MSTORE PUSH1 0x20 ADD SWAP1 DUP2 MSTORE PUSH1 0x20 ADD PUSH1 0x0 KECCAK256 SLOAD PUSH2 0x3C9 SWAP1 SWAP2 SWAP1 PUSH4 0xFFFFFFFF AND JUMP JUMPDEST PUSH1 0x0 DUP1 DUP6 PUSH20 0xFFFFFFFFFFFFFFFFFFFFFFFFFFFFFFFFFFFFFFFF AND PUSH20 0xFFFFFFFFFFFFFFFFFFFFFFFFFFFFFFFFFFFFFFFF AND DUP2 MSTORE PUSH1 0x20 ADD SWAP1 DUP2 MSTORE PUSH1 0x20 ADD PUSH1 0x0 KECCAK256 DUP2 SWAP1 SSTORE POP DUP3 PUSH20 0xFFFFFFFFFFFFFFFFFFFFFFFFFFFFFFFFFFFFFFFF AND CALLER PUSH20 0xFFFFFFFFFFFFFFFFFFFFFFFFFFFFFFFFFFFFFFFF AND PUSH32 0xDDF252AD1BE2C89B69C2B068FC378DAA952BA7F163C4A11628F55A4DF523B3EF DUP5 PUSH1 0x40 MLOAD DUP1 DUP3 DUP2 MSTORE PUSH1 0x20 ADD SWAP2 POP POP PUSH1 0x40 MLOAD DUP1 SWAP2 SUB SWAP1 LOG3 PUSH1 0x1 SWAP1 POP SWAP3 SWAP2 POP POP JUMP JUMPDEST PUSH1 0x0 DUP3 DUP3 GT ISZERO ISZERO ISZERO PUSH2 0x3BE JUMPI INVALID JUMPDEST DUP2 DUP4 SUB SWAP1 POP SWAP3 SWAP2 POP POP JUMP JUMPDEST PUSH1 0x0 DUP2 DUP4 ADD SWAP1 POP DUP3 DUP2 LT ISZERO ISZERO ISZERO PUSH2 0x3DC JUMPI INVALID JUMPDEST DUP1 SWAP1 POP SWAP3 SWAP2 POP POP JUMP INVALID LOG1 PUSH6 0x627A7A723058 KECCAK256 SWAP16 0xb5 0x4d PUSH23 0xEFFBFFFE4567100F6D32240F71ED4CC913E406F6C01863 0xeb DUP16 PUSH5 0xD9E5002900
0,PUSH1 0x4C PUSH1 0x2C PUSH1 0xB DUP3 DUP3 DUP3 CODECOPY DUP1 MLOAD PUSH1 0x0 BYTE PUSH1 0x73 EQ PUSH1 0x0 DUP2 EQ PUSH1 0x1C JUMPI PUSH1 0x1E JUMP JUMPDEST INVALID JUMPDEST POP ADDRESS PUSH1 0x0 MSTORE PUSH1 0x73 DUP2 MSTORE8 DUP3 DUP2 RETURN INVALID PUSH20 0x0 ADDRESS EQ PUSH1 0x80 PUSH1 0x40 MSTORE PUSH1 0x0 DUP1 REVERT INVALID LOG1 PUSH6 0x627A7A723058 KECCAK256 PUSH7 0x9CD30BE75D0492 PUSH4 0x12B6BA36 DUP8 0x2b 0xc7 0x46 0xf6 0xb7 0x1e CALLDATALOAD INVALID GASPRICE 0xea PUSH5 0x217DB33A19 0xec DUP4 STOP 0x29
0,PUSH1 0x80 PUSH1 0x40 MSTORE CALLVALUE DUP1 ISZERO PUSH2 0x10 JUMPI PUSH1 0x0 DUP1 REVERT JUMPDEST POP PUSH2 0x412 DUP1 PUSH2 0x20 PUSH1 0x0 CODECOPY PUSH1 0x0 RETURN INVALID PUSH1 0x80 PUSH1 0x40 MSTORE CALLVALUE DUP1 ISZERO PUSH2 0x10 JUMPI PUSH1 0x0 DUP1 REVERT JUMPDEST POP PUSH1 0x4 CALLDATASIZE LT PUSH2 0x5E JUMPI PUSH1 0x0 CALLDATALOAD PUSH29 0x100000000000000000000000000000000000000000000000000000000 SWAP1 DIV DUP1 PUSH4 0x18160DDD EQ PUSH2 0x63 JUMPI DUP1 PUSH4 0x70A08231 EQ PUSH2 0x81 JUMPI DUP1 PUSH4 0xA9059CBB EQ PUSH2 0xD9 JUMPI JUMPDEST PUSH1 0x0 DUP1 REVERT JUMPDEST PUSH2 0x6B PUSH2 0x13F JUMP JUMPDEST PUSH1 0x40 MLOAD DUP1 DUP3 DUP2 MSTORE PUSH1 0x20 ADD SWAP2 POP POP PUSH1 0x40 MLOAD DUP1 SWAP2 SUB SWAP1 RETURN JUMPDEST PUSH2 0xC3 PUSH1 0x4 DUP1 CALLDATASIZE SUB PUSH1 0x20 DUP2 LT ISZERO PUSH2 0x97 JUMPI PUSH1 0x0 DUP1 REVERT JUMPDEST DUP2 ADD SWAP1 DUP1 DUP1 CALLDATALOAD PUSH20 0xFFFFFFFFFFFFFFFFFFFFFFFFFFFFFFFFFFFFFFFF AND SWAP1 PUSH1 0x20 ADD SWAP1 SWAP3 SWAP2 SWAP1 POP POP POP PUSH2 0x149 JUMP JUMPDEST PUSH1 0x40 MLOAD DUP1 DUP3 DUP2 MSTORE PUSH1 0x20 ADD SWAP2 POP POP PUSH1 0x40 MLOAD DUP1 SWAP2 SUB SWAP1 RETURN JUMPDEST PUSH2 0x125 PUSH1 0x4 DUP1 CALLDATASIZE SUB PUSH1 0x40 DUP2 LT ISZERO PUSH2 0xEF JUMPI PUSH1 0x0 DUP1 REVERT JUMPDEST DUP2 ADD SWAP1 DUP1 DUP1 CALLDATALOAD PUSH20 0xFFFFFFFFFFFFFFFFFFFFFFFFFFFFFFFFFFFFFFFF AND SWAP1 PUSH1 0x20 ADD SWAP1 SWAP3 SWAP2 SWAP1 DUP1 CALLDATALOAD SWAP1 PUSH1 0x20 ADD SWAP1 SWAP3 SWAP2 SWAP1 POP POP POP PUSH2 0x191 JUMP JUMPDEST PUSH1 0x40 MLOAD DUP1 DUP3 ISZERO ISZERO ISZERO ISZERO DUP2 MSTORE PUSH1 0x20 ADD SWAP2 POP POP PUSH1 0x40 MLOAD DUP1 SWAP2 SUB SWAP1 RETURN JUMPDEST PUSH1 0x0 PUSH1 0x1 SLOAD SWAP1 POP SWAP1 JUMP JUMPDEST PUSH1 0x0 DUP1 PUSH1 0x0 DUP4 PUSH20 0xFFFFFFFFFFFFFFFFFFFFFFFFFFFFFFFFFFFFFFFF AND PUSH20 0xFFFFFFFFFFFFFFFFFFFFFFFFFFFFFFFFFFFFFFFF AND DUP2 MSTORE PUSH1 0x20 ADD SWAP1 DUP2 MSTORE PUSH1 0x20 ADD PUSH1 0x0 KECCAK256 SLOAD SWAP1 POP SWAP2 SWAP1 POP JUMP JUMPDEST PUSH1 0x0 DUP1 PUSH1 0x0 CALLER PUSH20 0xFFFFFFFFFFFFFFFFFFFFFFFFFFFFFFFFFFFFFFFF AND PUSH20 0xFFFFFFFFFFFFFFFFFFFFFFFFFFFFFFFFFFFFFFFF AND DUP2 MSTORE PUSH1 0x20 ADD SWAP1 DUP2 MSTORE PUSH1 0x20 ADD PUSH1 0x0 KECCAK256 SLOAD DUP3 GT ISZERO ISZERO ISZERO PUSH2 0x1E0 JUMPI PUSH1 0x0 DUP1 REVERT JUMPDEST PUSH1 0x0 PUSH20 0xFFFFFFFFFFFFFFFFFFFFFFFFFFFFFFFFFFFFFFFF AND DUP4 PUSH20 0xFFFFFFFFFFFFFFFFFFFFFFFFFFFFFFFFFFFFFFFF AND EQ ISZERO ISZERO ISZERO PUSH2 0x21C JUMPI PUSH1 0x0 DUP1 REVERT JUMPDEST PUSH2 0x26D DUP3 PUSH1 0x0 DUP1 CALLER PUSH20 0xFFFFFFFFFFFFFFFFFFFFFFFFFFFFFFFFFFFFFFFF AND PUSH20 0xFFFFFFFFFFFFFFFFFFFFFFFFFFFFFFFFFFFFFFFF AND DUP2 MSTORE PUSH1 0x20 ADD SWAP1 DUP2 MSTORE PUSH1 0x20 ADD PUSH1 0x0 KECCAK256 SLOAD PUSH2 0x3B1 SWAP1 SWAP2 SWAP1 PUSH4 0xFFFFFFFF AND JUMP JUMPDEST PUSH1 0x0 DUP1 CALLER PUSH20 0xFFFFFFFFFFFFFFFFFFFFFFFFFFFFFFFFFFFFFFFF AND PUSH20 0xFFFFFFFFFFFFFFFFFFFFFFFFFFFFFFFFFFFFFFFF AND DUP2 MSTORE PUSH1 0x20 ADD SWAP1 DUP2 MSTORE PUSH1 0x20 ADD PUSH1 0x0 KECCAK256 DUP2 SWAP1 SSTORE POP PUSH2 0x300 DUP3 PUSH1 0x0 DUP1 DUP7 PUSH20 0xFFFFFFFFFFFFFFFFFFFFFFFFFFFFFFFFFFFFFFFF AND PUSH20 0xFFFFFFFFFFFFFFFFFFFFFFFFFFFFFFFFFFFFFFFF AND DUP2 MSTORE PUSH1 0x20 ADD SWAP1 DUP2 MSTORE PUSH1 0x20 ADD PUSH1 0x0 KECCAK256 SLOAD PUSH2 0x3CA SWAP1 SWAP2 SWAP1 PUSH4 0xFFFFFFFF AND JUMP JUMPDEST PUSH1 0x0 DUP1 DUP6 PUSH20 0xFFFFFFFFFFFFFFFFFFFFFFFFFFFFFFFFFFFFFFFF AND PUSH20 0xFFFFFFFFFFFFFFFFFFFFFFFFFFFFFFFFFFFFFFFF AND DUP2 MSTORE PUSH1 0x20 ADD SWAP1 DUP2 MSTORE PUSH1 0x20 ADD PUSH1 0x0 KECCAK256 DUP2 SWAP1 SSTORE POP DUP3 PUSH20 0xFFFFFFFFFFFFFFFFFFFFFFFFFFFFFFFFFFFFFFFF AND CALLER PUSH20 0xFFFFFFFFFFFFFFFFFFFFFFFFFFFFFFFFFFFFFFFF AND PUSH32 0xDDF252AD1BE2C89B69C2B068FC378DAA952BA7F163C4A11628F55A4DF523B3EF DUP5 PUSH1 0x40 MLOAD DUP1 DUP3 DUP2 MSTORE PUSH1 0x20 ADD SWAP2 POP POP PUSH1 0x40 MLOAD DUP1 SWAP2 SUB SWAP1 LOG3 PUSH1 0x1 SWAP1 POP SWAP3 SWAP2 POP POP JUMP JUMPDEST PUSH1 0x0 DUP3 DUP3 GT ISZERO ISZERO ISZERO PUSH2 0x3BF JUMPI INVALID JUMPDEST DUP2 DUP4 SUB SWAP1 POP SWAP3 SWAP2 POP POP JUMP JUMPDEST PUSH1 0x0 DUP2 DUP4 ADD SWAP1 POP DUP3 DUP2 LT ISZERO ISZERO ISZERO PUSH2 0x3DD JUMPI INVALID JUMPDEST DUP1 SWAP1 POP SWAP3 SWAP2 POP POP JUMP INVALID LOG1 PUSH6 0x627A7A723058 KECCAK256 CALLER 0xe5 LOG2 EQ 0xb1 CALL 0x49 0x29 0x4f RETURN 0xda 0x22 ADDMOD POP 0x4e 0x5d 0xe6 SDIV 0x29 ADD 0x2e EXTCODECOPY 0xad BYTE 0x2a ISZERO JUMPI PUSH20 0x2D04E83D00290000000000000000000000000000
0,PUSH1 0x80 PUSH1 0x40 MSTORE CALLVALUE DUP1 ISZERO PUSH2 0x10 JUMPI PUSH1 0x0 DUP1 REVERT JUMPDEST POP PUSH2 0x412 DUP1 PUSH2 0x20 PUSH1 0x0 CODECOPY PUSH1 0x0 RETURN INVALID PUSH1 0x80 PUSH1 0x40 MSTORE CALLVALUE DUP1 ISZERO PUSH2 0x10 JUMPI PUSH1 0x0 DUP1 REVERT JUMPDEST POP PUSH1 0x4 CALLDATASIZE LT PUSH2 0x5E JUMPI PUSH1 0x0 CALLDATALOAD PUSH29 0x100000000000000000000000000000000000000000000000000000000 SWAP1 DIV DUP1 PUSH4 0x18160DDD EQ PUSH2 0x63 JUMPI DUP1 PUSH4 0x70A08231 EQ PUSH2 0x81 JUMPI DUP1 PUSH4 0xA9059CBB EQ PUSH2 0xD9 JUMPI JUMPDEST PUSH1 0x0 DUP1 REVERT JUMPDEST PUSH2 0x6B PUSH2 0x13F JUMP JUMPDEST PUSH1 0x40 MLOAD DUP1 DUP3 DUP2 MSTORE PUSH1 0x20 ADD SWAP2 POP POP PUSH1 0x40 MLOAD DUP1 SWAP2 SUB SWAP1 RETURN JUMPDEST PUSH2 0xC3 PUSH1 0x4 DUP1 CALLDATASIZE SUB PUSH1 0x20 DUP2 LT ISZERO PUSH2 0x97 JUMPI PUSH1 0x0 DUP1 REVERT JUMPDEST DUP2 ADD SWAP1 DUP1 DUP1 CALLDATALOAD PUSH20 0xFFFFFFFFFFFFFFFFFFFFFFFFFFFFFFFFFFFFFFFF AND SWAP1 PUSH1 0x20 ADD SWAP1 SWAP3 SWAP2 SWAP1 POP POP POP PUSH2 0x149 JUMP JUMPDEST PUSH1 0x40 MLOAD DUP1 DUP3 DUP2 MSTORE PUSH1 0x20 ADD SWAP2 POP POP PUSH1 0x40 MLOAD DUP1 SWAP2 SUB SWAP1 RETURN JUMPDEST PUSH2 0x125 PUSH1 0x4 DUP1 CALLDATASIZE SUB PUSH1 0x40 DUP2 LT ISZERO PUSH2 0xEF JUMPI PUSH1 0x0 DUP1 REVERT JUMPDEST DUP2 ADD SWAP1 DUP1 DUP1 CALLDATALOAD PUSH20 0xFFFFFFFFFFFFFFFFFFFFFFFFFFFFFFFFFFFFFFFF AND SWAP1 PUSH1 0x20 ADD SWAP1 SWAP3 SWAP2 SWAP1 DUP1 CALLDATALOAD SWAP1 PUSH1 0x20 ADD SWAP1 SWAP3 SWAP2 SWAP1 POP POP POP PUSH2 0x191 JUMP JUMPDEST PUSH1 0x40 MLOAD DUP1 DUP3 ISZERO ISZERO ISZERO ISZERO DUP2 MSTORE PUSH1 0x20 ADD SWAP2 POP POP PUSH1 0x40 MLOAD DUP1 SWAP2 SUB SWAP1 RETURN JUMPDEST PUSH1 0x0 PUSH1 0x1 SLOAD SWAP1 POP SWAP1 JUMP JUMPDEST PUSH1 0x0 DUP1 PUSH1 0x0 DUP4 PUSH20 0xFFFFFFFFFFFFFFFFFFFFFFFFFFFFFFFFFFFFFFFF AND PUSH20 0xFFFFFFFFFFFFFFFFFFFFFFFFFFFFFFFFFFFFFFFF AND DUP2 MSTORE PUSH1 0x20 ADD SWAP1 DUP2 MSTORE PUSH1 0x20 ADD PUSH1 0x0 KECCAK256 SLOAD SWAP1 POP SWAP2 SWAP1 POP JUMP JUMPDEST PUSH1 0x0 DUP1 PUSH1 0x0 CALLER PUSH20 0xFFFFFFFFFFFFFFFFFFFFFFFFFFFFFFFFFFFFFFFF AND PUSH20 0xFFFFFFFFFFFFFFFFFFFFFFFFFFFFFFFFFFFFFFFF AND DUP2 MSTORE PUSH1 0x20 ADD SWAP1 DUP2 MSTORE PUSH1 0x20 ADD PUSH1 0x0 KECCAK256 SLOAD DUP3 GT ISZERO ISZERO ISZERO PUSH2 0x1E0 JUMPI PUSH1 0x0 DUP1 REVERT JUMPDEST PUSH1 0x0 PUSH20 0xFFFFFFFFFFFFFFFFFFFFFFFFFFFFFFFFFFFFFFFF AND DUP4 PUSH20 0xFFFFFFFFFFFFFFFFFFFFFFFFFFFFFFFFFFFFFFFF AND EQ ISZERO ISZERO ISZERO PUSH2 0x21C JUMPI PUSH1 0x0 DUP1 REVERT JUMPDEST PUSH2 0x26D DUP3 PUSH1 0x0 DUP1 CALLER PUSH20 0xFFFFFFFFFFFFFFFFFFFFFFFFFFFFFFFFFFFFFFFF AND PUSH20 0xFFFFFFFFFFFFFFFFFFFFFFFFFFFFFFFFFFFFFFFF AND DUP2 MSTORE PUSH1 0x20 ADD SWAP1 DUP2 MSTORE PUSH1 0x20 ADD PUSH1 0x0 KECCAK256 SLOAD PUSH2 0x3B1 SWAP1 SWAP2 SWAP1 PUSH4 0xFFFFFFFF AND JUMP JUMPDEST PUSH1 0x0 DUP1 CALLER PUSH20 0xFFFFFFFFFFFFFFFFFFFFFFFFFFFFFFFFFFFFFFFF AND PUSH20 0xFFFFFFFFFFFFFFFFFFFFFFFFFFFFFFFFFFFFFFFF AND DUP2 MSTORE PUSH1 0x20 ADD SWAP1 DUP2 MSTORE PUSH1 0x20 ADD PUSH1 0x0 KECCAK256 DUP2 SWAP1 SSTORE POP PUSH2 0x300 DUP3 PUSH1 0x0 DUP1 DUP7 PUSH20 0xFFFFFFFFFFFFFFFFFFFFFFFFFFFFFFFFFFFFFFFF AND PUSH20 0xFFFFFFFFFFFFFFFFFFFFFFFFFFFFFFFFFFFFFFFF AND DUP2 MSTORE PUSH1 0x20 ADD SWAP1 DUP2 MSTORE PUSH1 0x20 ADD PUSH1 0x0 KECCAK256 SLOAD PUSH2 0x3CA SWAP1 SWAP2 SWAP1 PUSH4 0xFFFFFFFF AND JUMP JUMPDEST PUSH1 0x0 DUP1 DUP6 PUSH20 0xFFFFFFFFFFFFFFFFFFFFFFFFFFFFFFFFFFFFFFFF AND PUSH20 0xFFFFFFFFFFFFFFFFFFFFFFFFFFFFFFFFFFFFFFFF AND DUP2 MSTORE PUSH1 0x20 ADD SWAP1 DUP2 MSTORE PUSH1 0x20 ADD PUSH1 0x0 KECCAK256 DUP2 SWAP1 SSTORE POP DUP3 PUSH20 0xFFFFFFFFFFFFFFFFFFFFFFFFFFFFFFFFFFFFFFFF AND CALLER PUSH20 0xFFFFFFFFFFFFFFFFFFFFFFFFFFFFFFFFFFFFFFFF AND PUSH32 0xDDF252AD1BE2C89B69C2B068FC378DAA952BA7F163C4A11628F55A4DF523B3EF DUP5 PUSH1 0x40 MLOAD DUP1 DUP3 DUP2 MSTORE PUSH1 0x20 ADD SWAP2 POP POP PUSH1 0x40 MLOAD DUP1 SWAP2 SUB SWAP1 LOG3 PUSH1 0x1 SWAP1 POP SWAP3 SWAP2 POP POP JUMP JUMPDEST PUSH1 0x0 DUP3 DUP3 GT ISZERO ISZERO ISZERO PUSH2 0x3BF JUMPI INVALID JUMPDEST DUP2 DUP4 SUB SWAP1 POP SWAP3 SWAP2 POP POP JUMP JUMPDEST PUSH1 0x0 DUP2 DUP4 ADD SWAP1 POP DUP3 DUP2 LT ISZERO ISZERO ISZERO PUSH2 0x3DD JUMPI INVALID JUMPDEST DUP1 SWAP1 POP SWAP3 SWAP2 POP POP JUMP INVALID LOG1 PUSH6 0x627A7A723058 KECCAK256 PUSH14 0xF8335952DB347CCDB3B8780A361F 0x47 GASLIMIT EXTCODECOPY LOG4 0xb4 DUP9 INVALID LOG4 0xc6 0x47 CREATE2 LT 0x24 MSTORE 0xb1 0x2b SWAP5 STOP 0x29
0,PUSH1 0x80 PUSH1 0x40 MSTORE CALLVALUE DUP1 ISZERO PUSH2 0x10 JUMPI PUSH1 0x0 DUP1 REVERT JUMPDEST POP CALLER PUSH1 0x0 DUP1 PUSH2 0x100 EXP DUP2 SLOAD DUP2 PUSH20 0xFFFFFFFFFFFFFFFFFFFFFFFFFFFFFFFFFFFFFFFF MUL NOT AND SWAP1 DUP4 PUSH20 0xFFFFFFFFFFFFFFFFFFFFFFFFFFFFFFFFFFFFFFFF AND MUL OR SWAP1 SSTORE POP PUSH2 0x3AF DUP1 PUSH2 0x60 PUSH1 0x0 CODECOPY PUSH1 0x0 RETURN INVALID PUSH1 0x80 PUSH1 0x40 MSTORE CALLVALUE DUP1 ISZERO PUSH2 0x10 JUMPI PUSH1 0x0 DUP1 REVERT JUMPDEST POP PUSH1 0x4 CALLDATASIZE LT PUSH2 0x5E JUMPI PUSH1 0x0 CALLDATALOAD PUSH29 0x100000000000000000000000000000000000000000000000000000000 SWAP1 DIV DUP1 PUSH4 0x715018A6 EQ PUSH2 0x63 JUMPI DUP1 PUSH4 0x8DA5CB5B EQ PUSH2 0x6D JUMPI DUP1 PUSH4 0xF2FDE38B EQ PUSH2 0xB7 JUMPI JUMPDEST PUSH1 0x0 DUP1 REVERT JUMPDEST PUSH2 0x6B PUSH2 0xFB JUMP JUMPDEST STOP JUMPDEST PUSH2 0x75 PUSH2 0x1FD JUMP JUMPDEST PUSH1 0x40 MLOAD DUP1 DUP3 PUSH20 0xFFFFFFFFFFFFFFFFFFFFFFFFFFFFFFFFFFFFFFFF AND PUSH20 0xFFFFFFFFFFFFFFFFFFFFFFFFFFFFFFFFFFFFFFFF AND DUP2 MSTORE PUSH1 0x20 ADD SWAP2 POP POP PUSH1 0x40 MLOAD DUP1 SWAP2 SUB SWAP1 RETURN JUMPDEST PUSH2 0xF9 PUSH1 0x4 DUP1 CALLDATASIZE SUB PUSH1 0x20 DUP2 LT ISZERO PUSH2 0xCD JUMPI PUSH1 0x0 DUP1 REVERT JUMPDEST DUP2 ADD SWAP1 DUP1 DUP1 CALLDATALOAD PUSH20 0xFFFFFFFFFFFFFFFFFFFFFFFFFFFFFFFFFFFFFFFF AND SWAP1 PUSH1 0x20 ADD SWAP1 SWAP3 SWAP2 SWAP1 POP POP POP PUSH2 0x222 JUMP JUMPDEST STOP JUMPDEST PUSH1 0x0 DUP1 SWAP1 SLOAD SWAP1 PUSH2 0x100 EXP SWAP1 DIV PUSH20 0xFFFFFFFFFFFFFFFFFFFFFFFFFFFFFFFFFFFFFFFF AND PUSH20 0xFFFFFFFFFFFFFFFFFFFFFFFFFFFFFFFFFFFFFFFF AND CALLER PUSH20 0xFFFFFFFFFFFFFFFFFFFFFFFFFFFFFFFFFFFFFFFF AND EQ ISZERO ISZERO PUSH2 0x156 JUMPI PUSH1 0x0 DUP1 REVERT JUMPDEST PUSH1 0x0 DUP1 SWAP1 SLOAD SWAP1 PUSH2 0x100 EXP SWAP1 DIV PUSH20 0xFFFFFFFFFFFFFFFFFFFFFFFFFFFFFFFFFFFFFFFF AND PUSH20 0xFFFFFFFFFFFFFFFFFFFFFFFFFFFFFFFFFFFFFFFF AND PUSH32 0xF8DF31144D9C2F0F6B59D69B8B98ABD5459D07F2742C4DF920B25AAE33C64820 PUSH1 0x40 MLOAD PUSH1 0x40 MLOAD DUP1 SWAP2 SUB SWAP1 LOG2 PUSH1 0x0 DUP1 PUSH1 0x0 PUSH2 0x100 EXP DUP2 SLOAD DUP2 PUSH20 0xFFFFFFFFFFFFFFFFFFFFFFFFFFFFFFFFFFFFFFFF MUL NOT AND SWAP1 DUP4 PUSH20 0xFFFFFFFFFFFFFFFFFFFFFFFFFFFFFFFFFFFFFFFF AND MUL OR SWAP1 SSTORE POP JUMP JUMPDEST PUSH1 0x0 DUP1 SWAP1 SLOAD SWAP1 PUSH2 0x100 EXP SWAP1 DIV PUSH20 0xFFFFFFFFFFFFFFFFFFFFFFFFFFFFFFFFFFFFFFFF AND DUP2 JUMP JUMPDEST PUSH1 0x0 DUP1 SWAP1 SLOAD SWAP1 PUSH2 0x100 EXP SWAP1 DIV PUSH20 0xFFFFFFFFFFFFFFFFFFFFFFFFFFFFFFFFFFFFFFFF AND PUSH20 0xFFFFFFFFFFFFFFFFFFFFFFFFFFFFFFFFFFFFFFFF AND CALLER PUSH20 0xFFFFFFFFFFFFFFFFFFFFFFFFFFFFFFFFFFFFFFFF AND EQ ISZERO ISZERO PUSH2 0x27D JUMPI PUSH1 0x0 DUP1 REVERT JUMPDEST PUSH2 0x286 DUP2 PUSH2 0x289 JUMP JUMPDEST POP JUMP JUMPDEST PUSH1 0x0 PUSH20 0xFFFFFFFFFFFFFFFFFFFFFFFFFFFFFFFFFFFFFFFF AND DUP2 PUSH20 0xFFFFFFFFFFFFFFFFFFFFFFFFFFFFFFFFFFFFFFFF AND EQ ISZERO ISZERO ISZERO PUSH2 0x2C5 JUMPI PUSH1 0x0 DUP1 REVERT JUMPDEST DUP1 PUSH20 0xFFFFFFFFFFFFFFFFFFFFFFFFFFFFFFFFFFFFFFFF AND PUSH1 0x0 DUP1 SWAP1 SLOAD SWAP1 PUSH2 0x100 EXP SWAP1 DIV PUSH20 0xFFFFFFFFFFFFFFFFFFFFFFFFFFFFFFFFFFFFFFFF AND PUSH20 0xFFFFFFFFFFFFFFFFFFFFFFFFFFFFFFFFFFFFFFFF AND PUSH32 0x8BE0079C531659141344CD1FD0A4F28419497F9722A3DAAFE3B4186F6B6457E0 PUSH1 0x40 MLOAD PUSH1 0x40 MLOAD DUP1 SWAP2 SUB SWAP1 LOG3 DUP1 PUSH1 0x0 DUP1 PUSH2 0x100 EXP DUP2 SLOAD DUP2 PUSH20 0xFFFFFFFFFFFFFFFFFFFFFFFFFFFFFFFFFFFFFFFF MUL NOT AND SWAP1 DUP4 PUSH20 0xFFFFFFFFFFFFFFFFFFFFFFFFFFFFFFFFFFFFFFFF AND MUL OR SWAP1 SSTORE POP POP JUMP INVALID LOG1 PUSH6 0x627A7A723058 KECCAK256 0xf PC ADD EXTCODESIZE SHL 0x27 SWAP11 0xe1 ADD 0xed MLOAD PUSH8 0x9C4F3CBA0A0E6492 POP 0xda SWAP5 0x5e CALLDATASIZE PUSH16 0x11FFB1AC501600290000000000000000
0,PUSH1 0x80 PUSH1 0x40 MSTORE CALLVALUE DUP1 ISZERO PUSH2 0x10 JUMPI PUSH1 0x0 DUP1 REVERT JUMPDEST POP CALLER PUSH1 0x0 DUP1 PUSH2 0x100 EXP DUP2 SLOAD DUP2 PUSH20 0xFFFFFFFFFFFFFFFFFFFFFFFFFFFFFFFFFFFFFFFF MUL NOT AND SWAP1 DUP4 PUSH20 0xFFFFFFFFFFFFFFFFFFFFFFFFFFFFFFFFFFFFFFFF AND MUL OR SWAP1 SSTORE POP PUSH2 0x3AF DUP1 PUSH2 0x60 PUSH1 0x0 CODECOPY PUSH1 0x0 RETURN INVALID PUSH1 0x80 PUSH1 0x40 MSTORE CALLVALUE DUP1 ISZERO PUSH2 0x10 JUMPI PUSH1 0x0 DUP1 REVERT JUMPDEST POP PUSH1 0x4 CALLDATASIZE LT PUSH2 0x5E JUMPI PUSH1 0x0 CALLDATALOAD PUSH29 0x100000000000000000000000000000000000000000000000000000000 SWAP1 DIV DUP1 PUSH4 0x715018A6 EQ PUSH2 0x63 JUMPI DUP1 PUSH4 0x8DA5CB5B EQ PUSH2 0x6D JUMPI DUP1 PUSH4 0xF2FDE38B EQ PUSH2 0xB7 JUMPI JUMPDEST PUSH1 0x0 DUP1 REVERT JUMPDEST PUSH2 0x6B PUSH2 0xFB JUMP JUMPDEST STOP JUMPDEST PUSH2 0x75 PUSH2 0x1FD JUMP JUMPDEST PUSH1 0x40 MLOAD DUP1 DUP3 PUSH20 0xFFFFFFFFFFFFFFFFFFFFFFFFFFFFFFFFFFFFFFFF AND PUSH20 0xFFFFFFFFFFFFFFFFFFFFFFFFFFFFFFFFFFFFFFFF AND DUP2 MSTORE PUSH1 0x20 ADD SWAP2 POP POP PUSH1 0x40 MLOAD DUP1 SWAP2 SUB SWAP1 RETURN JUMPDEST PUSH2 0xF9 PUSH1 0x4 DUP1 CALLDATASIZE SUB PUSH1 0x20 DUP2 LT ISZERO PUSH2 0xCD JUMPI PUSH1 0x0 DUP1 REVERT JUMPDEST DUP2 ADD SWAP1 DUP1 DUP1 CALLDATALOAD PUSH20 0xFFFFFFFFFFFFFFFFFFFFFFFFFFFFFFFFFFFFFFFF AND SWAP1 PUSH1 0x20 ADD SWAP1 SWAP3 SWAP2 SWAP1 POP POP POP PUSH2 0x222 JUMP JUMPDEST STOP JUMPDEST PUSH1 0x0 DUP1 SWAP1 SLOAD SWAP1 PUSH2 0x100 EXP SWAP1 DIV PUSH20 0xFFFFFFFFFFFFFFFFFFFFFFFFFFFFFFFFFFFFFFFF AND PUSH20 0xFFFFFFFFFFFFFFFFFFFFFFFFFFFFFFFFFFFFFFFF AND CALLER PUSH20 0xFFFFFFFFFFFFFFFFFFFFFFFFFFFFFFFFFFFFFFFF AND EQ ISZERO ISZERO PUSH2 0x156 JUMPI PUSH1 0x0 DUP1 REVERT JUMPDEST PUSH1 0x0 DUP1 SWAP1 SLOAD SWAP1 PUSH2 0x100 EXP SWAP1 DIV PUSH20 0xFFFFFFFFFFFFFFFFFFFFFFFFFFFFFFFFFFFFFFFF AND PUSH20 0xFFFFFFFFFFFFFFFFFFFFFFFFFFFFFFFFFFFFFFFF AND PUSH32 0xF8DF31144D9C2F0F6B59D69B8B98ABD5459D07F2742C4DF920B25AAE33C64820 PUSH1 0x40 MLOAD PUSH1 0x40 MLOAD DUP1 SWAP2 SUB SWAP1 LOG2 PUSH1 0x0 DUP1 PUSH1 0x0 PUSH2 0x100 EXP DUP2 SLOAD DUP2 PUSH20 0xFFFFFFFFFFFFFFFFFFFFFFFFFFFFFFFFFFFFFFFF MUL NOT AND SWAP1 DUP4 PUSH20 0xFFFFFFFFFFFFFFFFFFFFFFFFFFFFFFFFFFFFFFFF AND MUL OR SWAP1 SSTORE POP JUMP JUMPDEST PUSH1 0x0 DUP1 SWAP1 SLOAD SWAP1 PUSH2 0x100 EXP SWAP1 DIV PUSH20 0xFFFFFFFFFFFFFFFFFFFFFFFFFFFFFFFFFFFFFFFF AND DUP2 JUMP JUMPDEST PUSH1 0x0 DUP1 SWAP1 SLOAD SWAP1 PUSH2 0x100 EXP SWAP1 DIV PUSH20 0xFFFFFFFFFFFFFFFFFFFFFFFFFFFFFFFFFFFFFFFF AND PUSH20 0xFFFFFFFFFFFFFFFFFFFFFFFFFFFFFFFFFFFFFFFF AND CALLER PUSH20 0xFFFFFFFFFFFFFFFFFFFFFFFFFFFFFFFFFFFFFFFF AND EQ ISZERO ISZERO PUSH2 0x27D JUMPI PUSH1 0x0 DUP1 REVERT JUMPDEST PUSH2 0x286 DUP2 PUSH2 0x289 JUMP JUMPDEST POP JUMP JUMPDEST PUSH1 0x0 PUSH20 0xFFFFFFFFFFFFFFFFFFFFFFFFFFFFFFFFFFFFFFFF AND DUP2 PUSH20 0xFFFFFFFFFFFFFFFFFFFFFFFFFFFFFFFFFFFFFFFF AND EQ ISZERO ISZERO ISZERO PUSH2 0x2C5 JUMPI PUSH1 0x0 DUP1 REVERT JUMPDEST DUP1 PUSH20 0xFFFFFFFFFFFFFFFFFFFFFFFFFFFFFFFFFFFFFFFF AND PUSH1 0x0 DUP1 SWAP1 SLOAD SWAP1 PUSH2 0x100 EXP SWAP1 DIV PUSH20 0xFFFFFFFFFFFFFFFFFFFFFFFFFFFFFFFFFFFFFFFF AND PUSH20 0xFFFFFFFFFFFFFFFFFFFFFFFFFFFFFFFFFFFFFFFF AND PUSH32 0x8BE0079C531659141344CD1FD0A4F28419497F9722A3DAAFE3B4186F6B6457E0 PUSH1 0x40 MLOAD PUSH1 0x40 MLOAD DUP1 SWAP2 SUB SWAP1 LOG3 DUP1 PUSH1 0x0 DUP1 PUSH2 0x100 EXP DUP2 SLOAD DUP2 PUSH20 0xFFFFFFFFFFFFFFFFFFFFFFFFFFFFFFFFFFFFFFFF MUL NOT AND SWAP1 DUP4 PUSH20 0xFFFFFFFFFFFFFFFFFFFFFFFFFFFFFFFFFFFFFFFF AND MUL OR SWAP1 SSTORE POP POP JUMP INVALID LOG1 PUSH6 0x627A7A723058 KECCAK256 0xcc 0xf 0xf7 0x48 SWAP9 PUSH2 0xA230 0xe6 CODECOPY 0x27 CALLDATALOAD REVERT SMOD 0xa9 0x48 DUP13 SWAP11 PUSH11 0xB06FF945B4E8CBC834063B 0xc 0xa7 STOP 0x29
0,PUSH1 0x4C PUSH1 0x23 PUSH1 0xB DUP3 DUP3 DUP3 CODECOPY DUP1 MLOAD PUSH1 0x0 BYTE PUSH1 0x73 EQ PUSH1 0x16 JUMPI INVALID JUMPDEST ADDRESS PUSH1 0x0 MSTORE PUSH1 0x73 DUP2 MSTORE8 DUP3 DUP2 RETURN INVALID PUSH20 0x0 ADDRESS EQ PUSH1 0x80 PUSH1 0x40 MSTORE PUSH1 0x0 DUP1 REVERT INVALID LOG1 PUSH6 0x627A7A723058 KECCAK256 EQ 0xd6 PUSH6 0x1E04000CCBF5 0xa8 PUSH27 0x516FEC751189E36BF3DD587C0571331DA5AD55C241002900000000
0,PUSH1 0x80 PUSH1 0x40 MSTORE CALLVALUE DUP1 ISZERO PUSH2 0x10 JUMPI PUSH1 0x0 DUP1 REVERT JUMPDEST POP PUSH2 0x416 DUP1 PUSH2 0x20 PUSH1 0x0 CODECOPY PUSH1 0x0 RETURN STOP PUSH1 0x80 PUSH1 0x40 MSTORE PUSH1 0x4 CALLDATASIZE LT PUSH2 0x57 JUMPI PUSH1 0x0 CALLDATALOAD PUSH29 0x100000000000000000000000000000000000000000000000000000000 SWAP1 DIV PUSH4 0xFFFFFFFF AND DUP1 PUSH4 0x18160DDD EQ PUSH2 0x5C JUMPI DUP1 PUSH4 0x70A08231 EQ PUSH2 0x87 JUMPI DUP1 PUSH4 0xA9059CBB EQ PUSH2 0xDE JUMPI JUMPDEST PUSH1 0x0 DUP1 REVERT JUMPDEST CALLVALUE DUP1 ISZERO PUSH2 0x68 JUMPI PUSH1 0x0 DUP1 REVERT JUMPDEST POP PUSH2 0x71 PUSH2 0x143 JUMP JUMPDEST PUSH1 0x40 MLOAD DUP1 DUP3 DUP2 MSTORE PUSH1 0x20 ADD SWAP2 POP POP PUSH1 0x40 MLOAD DUP1 SWAP2 SUB SWAP1 RETURN JUMPDEST CALLVALUE DUP1 ISZERO PUSH2 0x93 JUMPI PUSH1 0x0 DUP1 REVERT JUMPDEST POP PUSH2 0xC8 PUSH1 0x4 DUP1 CALLDATASIZE SUB DUP2 ADD SWAP1 DUP1 DUP1 CALLDATALOAD PUSH20 0xFFFFFFFFFFFFFFFFFFFFFFFFFFFFFFFFFFFFFFFF AND SWAP1 PUSH1 0x20 ADD SWAP1 SWAP3 SWAP2 SWAP1 POP POP POP PUSH2 0x14D JUMP JUMPDEST PUSH1 0x40 MLOAD DUP1 DUP3 DUP2 MSTORE PUSH1 0x20 ADD SWAP2 POP POP PUSH1 0x40 MLOAD DUP1 SWAP2 SUB SWAP1 RETURN JUMPDEST CALLVALUE DUP1 ISZERO PUSH2 0xEA JUMPI PUSH1 0x0 DUP1 REVERT JUMPDEST POP PUSH2 0x129 PUSH1 0x4 DUP1 CALLDATASIZE SUB DUP2 ADD SWAP1 DUP1 DUP1 CALLDATALOAD PUSH20 0xFFFFFFFFFFFFFFFFFFFFFFFFFFFFFFFFFFFFFFFF AND SWAP1 PUSH1 0x20 ADD SWAP1 SWAP3 SWAP2 SWAP1 DUP1 CALLDATALOAD SWAP1 PUSH1 0x20 ADD SWAP1 SWAP3 SWAP2 SWAP1 POP POP POP PUSH2 0x195 JUMP JUMPDEST PUSH1 0x40 MLOAD DUP1 DUP3 ISZERO ISZERO ISZERO ISZERO DUP2 MSTORE PUSH1 0x20 ADD SWAP2 POP POP PUSH1 0x40 MLOAD DUP1 SWAP2 SUB SWAP1 RETURN JUMPDEST PUSH1 0x0 PUSH1 0x1 SLOAD SWAP1 POP SWAP1 JUMP JUMPDEST PUSH1 0x0 DUP1 PUSH1 0x0 DUP4 PUSH20 0xFFFFFFFFFFFFFFFFFFFFFFFFFFFFFFFFFFFFFFFF AND PUSH20 0xFFFFFFFFFFFFFFFFFFFFFFFFFFFFFFFFFFFFFFFF AND DUP2 MSTORE PUSH1 0x20 ADD SWAP1 DUP2 MSTORE PUSH1 0x20 ADD PUSH1 0x0 KECCAK256 SLOAD SWAP1 POP SWAP2 SWAP1 POP JUMP JUMPDEST PUSH1 0x0 DUP1 PUSH1 0x0 CALLER PUSH20 0xFFFFFFFFFFFFFFFFFFFFFFFFFFFFFFFFFFFFFFFF AND PUSH20 0xFFFFFFFFFFFFFFFFFFFFFFFFFFFFFFFFFFFFFFFF AND DUP2 MSTORE PUSH1 0x20 ADD SWAP1 DUP2 MSTORE PUSH1 0x20 ADD PUSH1 0x0 KECCAK256 SLOAD DUP3 GT ISZERO ISZERO ISZERO PUSH2 0x1E4 JUMPI PUSH1 0x0 DUP1 REVERT JUMPDEST PUSH1 0x0 PUSH20 0xFFFFFFFFFFFFFFFFFFFFFFFFFFFFFFFFFFFFFFFF AND DUP4 PUSH20 0xFFFFFFFFFFFFFFFFFFFFFFFFFFFFFFFFFFFFFFFF AND EQ ISZERO ISZERO ISZERO PUSH2 0x220 JUMPI PUSH1 0x0 DUP1 REVERT JUMPDEST PUSH2 0x271 DUP3 PUSH1 0x0 DUP1 CALLER PUSH20 0xFFFFFFFFFFFFFFFFFFFFFFFFFFFFFFFFFFFFFFFF AND PUSH20 0xFFFFFFFFFFFFFFFFFFFFFFFFFFFFFFFFFFFFFFFF AND DUP2 MSTORE PUSH1 0x20 ADD SWAP1 DUP2 MSTORE PUSH1 0x20 ADD PUSH1 0x0 KECCAK256 SLOAD PUSH2 0x3B5 SWAP1 SWAP2 SWAP1 PUSH4 0xFFFFFFFF AND JUMP JUMPDEST PUSH1 0x0 DUP1 CALLER PUSH20 0xFFFFFFFFFFFFFFFFFFFFFFFFFFFFFFFFFFFFFFFF AND PUSH20 0xFFFFFFFFFFFFFFFFFFFFFFFFFFFFFFFFFFFFFFFF AND DUP2 MSTORE PUSH1 0x20 ADD SWAP1 DUP2 MSTORE PUSH1 0x20 ADD PUSH1 0x0 KECCAK256 DUP2 SWAP1 SSTORE POP PUSH2 0x304 DUP3 PUSH1 0x0 DUP1 DUP7 PUSH20 0xFFFFFFFFFFFFFFFFFFFFFFFFFFFFFFFFFFFFFFFF AND PUSH20 0xFFFFFFFFFFFFFFFFFFFFFFFFFFFFFFFFFFFFFFFF AND DUP2 MSTORE PUSH1 0x20 ADD SWAP1 DUP2 MSTORE PUSH1 0x20 ADD PUSH1 0x0 KECCAK256 SLOAD PUSH2 0x3CE SWAP1 SWAP2 SWAP1 PUSH4 0xFFFFFFFF AND JUMP JUMPDEST PUSH1 0x0 DUP1 DUP6 PUSH20 0xFFFFFFFFFFFFFFFFFFFFFFFFFFFFFFFFFFFFFFFF AND PUSH20 0xFFFFFFFFFFFFFFFFFFFFFFFFFFFFFFFFFFFFFFFF AND DUP2 MSTORE PUSH1 0x20 ADD SWAP1 DUP2 MSTORE PUSH1 0x20 ADD PUSH1 0x0 KECCAK256 DUP2 SWAP1 SSTORE POP DUP3 PUSH20 0xFFFFFFFFFFFFFFFFFFFFFFFFFFFFFFFFFFFFFFFF AND CALLER PUSH20 0xFFFFFFFFFFFFFFFFFFFFFFFFFFFFFFFFFFFFFFFF AND PUSH32 0xDDF252AD1BE2C89B69C2B068FC378DAA952BA7F163C4A11628F55A4DF523B3EF DUP5 PUSH1 0x40 MLOAD DUP1 DUP3 DUP2 MSTORE PUSH1 0x20 ADD SWAP2 POP POP PUSH1 0x40 MLOAD DUP1 SWAP2 SUB SWAP1 LOG3 PUSH1 0x1 SWAP1 POP SWAP3 SWAP2 POP POP JUMP JUMPDEST PUSH1 0x0 DUP3 DUP3 GT ISZERO ISZERO ISZERO PUSH2 0x3C3 JUMPI INVALID JUMPDEST DUP2 DUP4 SUB SWAP1 POP SWAP3 SWAP2 POP POP JUMP JUMPDEST PUSH1 0x0 DUP2 DUP4 ADD SWAP1 POP DUP3 DUP2 LT ISZERO ISZERO ISZERO PUSH2 0x3E1 JUMPI INVALID JUMPDEST DUP1 SWAP1 POP SWAP3 SWAP2 POP POP JUMP STOP LOG1 PUSH6 0x627A7A723058 KECCAK256 0xc3 NUMBER 0xc4 SDIV 0xd1 0xb2 SSTORE 0x4c 0xc6 0xa9 0x2f SMOD PUSH13 0xD07A103D7A1BAE2FFAF2C84EB2 0xaa 0xe8 0xe7 0xad PUSH18 0xA40029000000000000000000000000000000
0,PUSH1 0x80 PUSH1 0x40 MSTORE CALLVALUE DUP1 ISZERO PUSH2 0x10 JUMPI PUSH1 0x0 DUP1 REVERT JUMPDEST POP PUSH2 0x416 DUP1 PUSH2 0x20 PUSH1 0x0 CODECOPY PUSH1 0x0 RETURN STOP PUSH1 0x80 PUSH1 0x40 MSTORE PUSH1 0x4 CALLDATASIZE LT PUSH2 0x57 JUMPI PUSH1 0x0 CALLDATALOAD PUSH29 0x100000000000000000000000000000000000000000000000000000000 SWAP1 DIV PUSH4 0xFFFFFFFF AND DUP1 PUSH4 0x18160DDD EQ PUSH2 0x5C JUMPI DUP1 PUSH4 0x70A08231 EQ PUSH2 0x87 JUMPI DUP1 PUSH4 0xA9059CBB EQ PUSH2 0xDE JUMPI JUMPDEST PUSH1 0x0 DUP1 REVERT JUMPDEST CALLVALUE DUP1 ISZERO PUSH2 0x68 JUMPI PUSH1 0x0 DUP1 REVERT JUMPDEST POP PUSH2 0x71 PUSH2 0x143 JUMP JUMPDEST PUSH1 0x40 MLOAD DUP1 DUP3 DUP2 MSTORE PUSH1 0x20 ADD SWAP2 POP POP PUSH1 0x40 MLOAD DUP1 SWAP2 SUB SWAP1 RETURN JUMPDEST CALLVALUE DUP1 ISZERO PUSH2 0x93 JUMPI PUSH1 0x0 DUP1 REVERT JUMPDEST POP PUSH2 0xC8 PUSH1 0x4 DUP1 CALLDATASIZE SUB DUP2 ADD SWAP1 DUP1 DUP1 CALLDATALOAD PUSH20 0xFFFFFFFFFFFFFFFFFFFFFFFFFFFFFFFFFFFFFFFF AND SWAP1 PUSH1 0x20 ADD SWAP1 SWAP3 SWAP2 SWAP1 POP POP POP PUSH2 0x14D JUMP JUMPDEST PUSH1 0x40 MLOAD DUP1 DUP3 DUP2 MSTORE PUSH1 0x20 ADD SWAP2 POP POP PUSH1 0x40 MLOAD DUP1 SWAP2 SUB SWAP1 RETURN JUMPDEST CALLVALUE DUP1 ISZERO PUSH2 0xEA JUMPI PUSH1 0x0 DUP1 REVERT JUMPDEST POP PUSH2 0x129 PUSH1 0x4 DUP1 CALLDATASIZE SUB DUP2 ADD SWAP1 DUP1 DUP1 CALLDATALOAD PUSH20 0xFFFFFFFFFFFFFFFFFFFFFFFFFFFFFFFFFFFFFFFF AND SWAP1 PUSH1 0x20 ADD SWAP1 SWAP3 SWAP2 SWAP1 DUP1 CALLDATALOAD SWAP1 PUSH1 0x20 ADD SWAP1 SWAP3 SWAP2 SWAP1 POP POP POP PUSH2 0x195 JUMP JUMPDEST PUSH1 0x40 MLOAD DUP1 DUP3 ISZERO ISZERO ISZERO ISZERO DUP2 MSTORE PUSH1 0x20 ADD SWAP2 POP POP PUSH1 0x40 MLOAD DUP1 SWAP2 SUB SWAP1 RETURN JUMPDEST PUSH1 0x0 PUSH1 0x1 SLOAD SWAP1 POP SWAP1 JUMP JUMPDEST PUSH1 0x0 DUP1 PUSH1 0x0 DUP4 PUSH20 0xFFFFFFFFFFFFFFFFFFFFFFFFFFFFFFFFFFFFFFFF AND PUSH20 0xFFFFFFFFFFFFFFFFFFFFFFFFFFFFFFFFFFFFFFFF AND DUP2 MSTORE PUSH1 0x20 ADD SWAP1 DUP2 MSTORE PUSH1 0x20 ADD PUSH1 0x0 KECCAK256 SLOAD SWAP1 POP SWAP2 SWAP1 POP JUMP JUMPDEST PUSH1 0x0 DUP1 PUSH1 0x0 CALLER PUSH20 0xFFFFFFFFFFFFFFFFFFFFFFFFFFFFFFFFFFFFFFFF AND PUSH20 0xFFFFFFFFFFFFFFFFFFFFFFFFFFFFFFFFFFFFFFFF AND DUP2 MSTORE PUSH1 0x20 ADD SWAP1 DUP2 MSTORE PUSH1 0x20 ADD PUSH1 0x0 KECCAK256 SLOAD DUP3 GT ISZERO ISZERO ISZERO PUSH2 0x1E4 JUMPI PUSH1 0x0 DUP1 REVERT JUMPDEST PUSH1 0x0 PUSH20 0xFFFFFFFFFFFFFFFFFFFFFFFFFFFFFFFFFFFFFFFF AND DUP4 PUSH20 0xFFFFFFFFFFFFFFFFFFFFFFFFFFFFFFFFFFFFFFFF AND EQ ISZERO ISZERO ISZERO PUSH2 0x220 JUMPI PUSH1 0x0 DUP1 REVERT JUMPDEST PUSH2 0x271 DUP3 PUSH1 0x0 DUP1 CALLER PUSH20 0xFFFFFFFFFFFFFFFFFFFFFFFFFFFFFFFFFFFFFFFF AND PUSH20 0xFFFFFFFFFFFFFFFFFFFFFFFFFFFFFFFFFFFFFFFF AND DUP2 MSTORE PUSH1 0x20 ADD SWAP1 DUP2 MSTORE PUSH1 0x20 ADD PUSH1 0x0 KECCAK256 SLOAD PUSH2 0x3B5 SWAP1 SWAP2 SWAP1 PUSH4 0xFFFFFFFF AND JUMP JUMPDEST PUSH1 0x0 DUP1 CALLER PUSH20 0xFFFFFFFFFFFFFFFFFFFFFFFFFFFFFFFFFFFFFFFF AND PUSH20 0xFFFFFFFFFFFFFFFFFFFFFFFFFFFFFFFFFFFFFFFF AND DUP2 MSTORE PUSH1 0x20 ADD SWAP1 DUP2 MSTORE PUSH1 0x20 ADD PUSH1 0x0 KECCAK256 DUP2 SWAP1 SSTORE POP PUSH2 0x304 DUP3 PUSH1 0x0 DUP1 DUP7 PUSH20 0xFFFFFFFFFFFFFFFFFFFFFFFFFFFFFFFFFFFFFFFF AND PUSH20 0xFFFFFFFFFFFFFFFFFFFFFFFFFFFFFFFFFFFFFFFF AND DUP2 MSTORE PUSH1 0x20 ADD SWAP1 DUP2 MSTORE PUSH1 0x20 ADD PUSH1 0x0 KECCAK256 SLOAD PUSH2 0x3CE SWAP1 SWAP2 SWAP1 PUSH4 0xFFFFFFFF AND JUMP JUMPDEST PUSH1 0x0 DUP1 DUP6 PUSH20 0xFFFFFFFFFFFFFFFFFFFFFFFFFFFFFFFFFFFFFFFF AND PUSH20 0xFFFFFFFFFFFFFFFFFFFFFFFFFFFFFFFFFFFFFFFF AND DUP2 MSTORE PUSH1 0x20 ADD SWAP1 DUP2 MSTORE PUSH1 0x20 ADD PUSH1 0x0 KECCAK256 DUP2 SWAP1 SSTORE POP DUP3 PUSH20 0xFFFFFFFFFFFFFFFFFFFFFFFFFFFFFFFFFFFFFFFF AND CALLER PUSH20 0xFFFFFFFFFFFFFFFFFFFFFFFFFFFFFFFFFFFFFFFF AND PUSH32 0xDDF252AD1BE2C89B69C2B068FC378DAA952BA7F163C4A11628F55A4DF523B3EF DUP5 PUSH1 0x40 MLOAD DUP1 DUP3 DUP2 MSTORE PUSH1 0x20 ADD SWAP2 POP POP PUSH1 0x40 MLOAD DUP1 SWAP2 SUB SWAP1 LOG3 PUSH1 0x1 SWAP1 POP SWAP3 SWAP2 POP POP JUMP JUMPDEST PUSH1 0x0 DUP3 DUP3 GT ISZERO ISZERO ISZERO PUSH2 0x3C3 JUMPI INVALID JUMPDEST DUP2 DUP4 SUB SWAP1 POP SWAP3 SWAP2 POP POP JUMP JUMPDEST PUSH1 0x0 DUP2 DUP4 ADD SWAP1 POP DUP3 DUP2 LT ISZERO ISZERO ISZERO PUSH2 0x3E1 JUMPI INVALID JUMPDEST DUP1 SWAP1 POP SWAP3 SWAP2 POP POP JUMP STOP LOG1 PUSH6 0x627A7A723058 KECCAK256 GASPRICE DUP5 DELEGATECALL BALANCE 0xf6 0xfc PUSH30 0x30372785C30288F84A255D27319555698B96B37C4CDAFEFEDC0029000000
0,PUSH1 0x80 PUSH1 0x40 MSTORE CALLVALUE DUP1 ISZERO PUSH2 0x10 JUMPI PUSH1 0x0 DUP1 REVERT JUMPDEST POP PUSH2 0x416 DUP1 PUSH2 0x20 PUSH1 0x0 CODECOPY PUSH1 0x0 RETURN STOP PUSH1 0x80 PUSH1 0x40 MSTORE PUSH1 0x4 CALLDATASIZE LT PUSH2 0x57 JUMPI PUSH1 0x0 CALLDATALOAD PUSH29 0x100000000000000000000000000000000000000000000000000000000 SWAP1 DIV PUSH4 0xFFFFFFFF AND DUP1 PUSH4 0x18160DDD EQ PUSH2 0x5C JUMPI DUP1 PUSH4 0x70A08231 EQ PUSH2 0x87 JUMPI DUP1 PUSH4 0xA9059CBB EQ PUSH2 0xDE JUMPI JUMPDEST PUSH1 0x0 DUP1 REVERT JUMPDEST CALLVALUE DUP1 ISZERO PUSH2 0x68 JUMPI PUSH1 0x0 DUP1 REVERT JUMPDEST POP PUSH2 0x71 PUSH2 0x143 JUMP JUMPDEST PUSH1 0x40 MLOAD DUP1 DUP3 DUP2 MSTORE PUSH1 0x20 ADD SWAP2 POP POP PUSH1 0x40 MLOAD DUP1 SWAP2 SUB SWAP1 RETURN JUMPDEST CALLVALUE DUP1 ISZERO PUSH2 0x93 JUMPI PUSH1 0x0 DUP1 REVERT JUMPDEST POP PUSH2 0xC8 PUSH1 0x4 DUP1 CALLDATASIZE SUB DUP2 ADD SWAP1 DUP1 DUP1 CALLDATALOAD PUSH20 0xFFFFFFFFFFFFFFFFFFFFFFFFFFFFFFFFFFFFFFFF AND SWAP1 PUSH1 0x20 ADD SWAP1 SWAP3 SWAP2 SWAP1 POP POP POP PUSH2 0x14D JUMP JUMPDEST PUSH1 0x40 MLOAD DUP1 DUP3 DUP2 MSTORE PUSH1 0x20 ADD SWAP2 POP POP PUSH1 0x40 MLOAD DUP1 SWAP2 SUB SWAP1 RETURN JUMPDEST CALLVALUE DUP1 ISZERO PUSH2 0xEA JUMPI PUSH1 0x0 DUP1 REVERT JUMPDEST POP PUSH2 0x129 PUSH1 0x4 DUP1 CALLDATASIZE SUB DUP2 ADD SWAP1 DUP1 DUP1 CALLDATALOAD PUSH20 0xFFFFFFFFFFFFFFFFFFFFFFFFFFFFFFFFFFFFFFFF AND SWAP1 PUSH1 0x20 ADD SWAP1 SWAP3 SWAP2 SWAP1 DUP1 CALLDATALOAD SWAP1 PUSH1 0x20 ADD SWAP1 SWAP3 SWAP2 SWAP1 POP POP POP PUSH2 0x195 JUMP JUMPDEST PUSH1 0x40 MLOAD DUP1 DUP3 ISZERO ISZERO ISZERO ISZERO DUP2 MSTORE PUSH1 0x20 ADD SWAP2 POP POP PUSH1 0x40 MLOAD DUP1 SWAP2 SUB SWAP1 RETURN JUMPDEST PUSH1 0x0 PUSH1 0x1 SLOAD SWAP1 POP SWAP1 JUMP JUMPDEST PUSH1 0x0 DUP1 PUSH1 0x0 DUP4 PUSH20 0xFFFFFFFFFFFFFFFFFFFFFFFFFFFFFFFFFFFFFFFF AND PUSH20 0xFFFFFFFFFFFFFFFFFFFFFFFFFFFFFFFFFFFFFFFF AND DUP2 MSTORE PUSH1 0x20 ADD SWAP1 DUP2 MSTORE PUSH1 0x20 ADD PUSH1 0x0 KECCAK256 SLOAD SWAP1 POP SWAP2 SWAP1 POP JUMP JUMPDEST PUSH1 0x0 DUP1 PUSH1 0x0 CALLER PUSH20 0xFFFFFFFFFFFFFFFFFFFFFFFFFFFFFFFFFFFFFFFF AND PUSH20 0xFFFFFFFFFFFFFFFFFFFFFFFFFFFFFFFFFFFFFFFF AND DUP2 MSTORE PUSH1 0x20 ADD SWAP1 DUP2 MSTORE PUSH1 0x20 ADD PUSH1 0x0 KECCAK256 SLOAD DUP3 GT ISZERO ISZERO ISZERO PUSH2 0x1E4 JUMPI PUSH1 0x0 DUP1 REVERT JUMPDEST PUSH1 0x0 PUSH20 0xFFFFFFFFFFFFFFFFFFFFFFFFFFFFFFFFFFFFFFFF AND DUP4 PUSH20 0xFFFFFFFFFFFFFFFFFFFFFFFFFFFFFFFFFFFFFFFF AND EQ ISZERO ISZERO ISZERO PUSH2 0x220 JUMPI PUSH1 0x0 DUP1 REVERT JUMPDEST PUSH2 0x271 DUP3 PUSH1 0x0 DUP1 CALLER PUSH20 0xFFFFFFFFFFFFFFFFFFFFFFFFFFFFFFFFFFFFFFFF AND PUSH20 0xFFFFFFFFFFFFFFFFFFFFFFFFFFFFFFFFFFFFFFFF AND DUP2 MSTORE PUSH1 0x20 ADD SWAP1 DUP2 MSTORE PUSH1 0x20 ADD PUSH1 0x0 KECCAK256 SLOAD PUSH2 0x3B5 SWAP1 SWAP2 SWAP1 PUSH4 0xFFFFFFFF AND JUMP JUMPDEST PUSH1 0x0 DUP1 CALLER PUSH20 0xFFFFFFFFFFFFFFFFFFFFFFFFFFFFFFFFFFFFFFFF AND PUSH20 0xFFFFFFFFFFFFFFFFFFFFFFFFFFFFFFFFFFFFFFFF AND DUP2 MSTORE PUSH1 0x20 ADD SWAP1 DUP2 MSTORE PUSH1 0x20 ADD PUSH1 0x0 KECCAK256 DUP2 SWAP1 SSTORE POP PUSH2 0x304 DUP3 PUSH1 0x0 DUP1 DUP7 PUSH20 0xFFFFFFFFFFFFFFFFFFFFFFFFFFFFFFFFFFFFFFFF AND PUSH20 0xFFFFFFFFFFFFFFFFFFFFFFFFFFFFFFFFFFFFFFFF AND DUP2 MSTORE PUSH1 0x20 ADD SWAP1 DUP2 MSTORE PUSH1 0x20 ADD PUSH1 0x0 KECCAK256 SLOAD PUSH2 0x3CE SWAP1 SWAP2 SWAP1 PUSH4 0xFFFFFFFF AND JUMP JUMPDEST PUSH1 0x0 DUP1 DUP6 PUSH20 0xFFFFFFFFFFFFFFFFFFFFFFFFFFFFFFFFFFFFFFFF AND PUSH20 0xFFFFFFFFFFFFFFFFFFFFFFFFFFFFFFFFFFFFFFFF AND DUP2 MSTORE PUSH1 0x20 ADD SWAP1 DUP2 MSTORE PUSH1 0x20 ADD PUSH1 0x0 KECCAK256 DUP2 SWAP1 SSTORE POP DUP3 PUSH20 0xFFFFFFFFFFFFFFFFFFFFFFFFFFFFFFFFFFFFFFFF AND CALLER PUSH20 0xFFFFFFFFFFFFFFFFFFFFFFFFFFFFFFFFFFFFFFFF AND PUSH32 0xDDF252AD1BE2C89B69C2B068FC378DAA952BA7F163C4A11628F55A4DF523B3EF DUP5 PUSH1 0x40 MLOAD DUP1 DUP3 DUP2 MSTORE PUSH1 0x20 ADD SWAP2 POP POP PUSH1 0x40 MLOAD DUP1 SWAP2 SUB SWAP1 LOG3 PUSH1 0x1 SWAP1 POP SWAP3 SWAP2 POP POP JUMP JUMPDEST PUSH1 0x0 DUP3 DUP3 GT ISZERO ISZERO ISZERO PUSH2 0x3C3 JUMPI INVALID JUMPDEST DUP2 DUP4 SUB SWAP1 POP SWAP3 SWAP2 POP POP JUMP JUMPDEST PUSH1 0x0 DUP2 DUP4 ADD SWAP1 POP DUP3 DUP2 LT ISZERO ISZERO ISZERO PUSH2 0x3E1 JUMPI INVALID JUMPDEST DUP1 SWAP1 POP SWAP3 SWAP2 POP POP JUMP STOP LOG1 PUSH6 0x627A7A723058 KECCAK256 0xda PUSH26 0xCEE1063CCEED042B20B93F21A135701575D21903A2CF16168247 JUMPI ISZERO SWAP15 DUP4 STOP 0x29
0,PUSH1 0x80 PUSH1 0x40 MSTORE CALLVALUE DUP1 ISZERO PUSH2 0x10 JUMPI PUSH1 0x0 DUP1 REVERT JUMPDEST POP PUSH2 0x416 DUP1 PUSH2 0x20 PUSH1 0x0 CODECOPY PUSH1 0x0 RETURN STOP PUSH1 0x80 PUSH1 0x40 MSTORE PUSH1 0x4 CALLDATASIZE LT PUSH2 0x57 JUMPI PUSH1 0x0 CALLDATALOAD PUSH29 0x100000000000000000000000000000000000000000000000000000000 SWAP1 DIV PUSH4 0xFFFFFFFF AND DUP1 PUSH4 0x18160DDD EQ PUSH2 0x5C JUMPI DUP1 PUSH4 0x70A08231 EQ PUSH2 0x87 JUMPI DUP1 PUSH4 0xA9059CBB EQ PUSH2 0xDE JUMPI JUMPDEST PUSH1 0x0 DUP1 REVERT JUMPDEST CALLVALUE DUP1 ISZERO PUSH2 0x68 JUMPI PUSH1 0x0 DUP1 REVERT JUMPDEST POP PUSH2 0x71 PUSH2 0x143 JUMP JUMPDEST PUSH1 0x40 MLOAD DUP1 DUP3 DUP2 MSTORE PUSH1 0x20 ADD SWAP2 POP POP PUSH1 0x40 MLOAD DUP1 SWAP2 SUB SWAP1 RETURN JUMPDEST CALLVALUE DUP1 ISZERO PUSH2 0x93 JUMPI PUSH1 0x0 DUP1 REVERT JUMPDEST POP PUSH2 0xC8 PUSH1 0x4 DUP1 CALLDATASIZE SUB DUP2 ADD SWAP1 DUP1 DUP1 CALLDATALOAD PUSH20 0xFFFFFFFFFFFFFFFFFFFFFFFFFFFFFFFFFFFFFFFF AND SWAP1 PUSH1 0x20 ADD SWAP1 SWAP3 SWAP2 SWAP1 POP POP POP PUSH2 0x14D JUMP JUMPDEST PUSH1 0x40 MLOAD DUP1 DUP3 DUP2 MSTORE PUSH1 0x20 ADD SWAP2 POP POP PUSH1 0x40 MLOAD DUP1 SWAP2 SUB SWAP1 RETURN JUMPDEST CALLVALUE DUP1 ISZERO PUSH2 0xEA JUMPI PUSH1 0x0 DUP1 REVERT JUMPDEST POP PUSH2 0x129 PUSH1 0x4 DUP1 CALLDATASIZE SUB DUP2 ADD SWAP1 DUP1 DUP1 CALLDATALOAD PUSH20 0xFFFFFFFFFFFFFFFFFFFFFFFFFFFFFFFFFFFFFFFF AND SWAP1 PUSH1 0x20 ADD SWAP1 SWAP3 SWAP2 SWAP1 DUP1 CALLDATALOAD SWAP1 PUSH1 0x20 ADD SWAP1 SWAP3 SWAP2 SWAP1 POP POP POP PUSH2 0x195 JUMP JUMPDEST PUSH1 0x40 MLOAD DUP1 DUP3 ISZERO ISZERO ISZERO ISZERO DUP2 MSTORE PUSH1 0x20 ADD SWAP2 POP POP PUSH1 0x40 MLOAD DUP1 SWAP2 SUB SWAP1 RETURN JUMPDEST PUSH1 0x0 PUSH1 0x1 SLOAD SWAP1 POP SWAP1 JUMP JUMPDEST PUSH1 0x0 DUP1 PUSH1 0x0 DUP4 PUSH20 0xFFFFFFFFFFFFFFFFFFFFFFFFFFFFFFFFFFFFFFFF AND PUSH20 0xFFFFFFFFFFFFFFFFFFFFFFFFFFFFFFFFFFFFFFFF AND DUP2 MSTORE PUSH1 0x20 ADD SWAP1 DUP2 MSTORE PUSH1 0x20 ADD PUSH1 0x0 KECCAK256 SLOAD SWAP1 POP SWAP2 SWAP1 POP JUMP JUMPDEST PUSH1 0x0 DUP1 PUSH1 0x0 CALLER PUSH20 0xFFFFFFFFFFFFFFFFFFFFFFFFFFFFFFFFFFFFFFFF AND PUSH20 0xFFFFFFFFFFFFFFFFFFFFFFFFFFFFFFFFFFFFFFFF AND DUP2 MSTORE PUSH1 0x20 ADD SWAP1 DUP2 MSTORE PUSH1 0x20 ADD PUSH1 0x0 KECCAK256 SLOAD DUP3 GT ISZERO ISZERO ISZERO PUSH2 0x1E4 JUMPI PUSH1 0x0 DUP1 REVERT JUMPDEST PUSH1 0x0 PUSH20 0xFFFFFFFFFFFFFFFFFFFFFFFFFFFFFFFFFFFFFFFF AND DUP4 PUSH20 0xFFFFFFFFFFFFFFFFFFFFFFFFFFFFFFFFFFFFFFFF AND EQ ISZERO ISZERO ISZERO PUSH2 0x220 JUMPI PUSH1 0x0 DUP1 REVERT JUMPDEST PUSH2 0x271 DUP3 PUSH1 0x0 DUP1 CALLER PUSH20 0xFFFFFFFFFFFFFFFFFFFFFFFFFFFFFFFFFFFFFFFF AND PUSH20 0xFFFFFFFFFFFFFFFFFFFFFFFFFFFFFFFFFFFFFFFF AND DUP2 MSTORE PUSH1 0x20 ADD SWAP1 DUP2 MSTORE PUSH1 0x20 ADD PUSH1 0x0 KECCAK256 SLOAD PUSH2 0x3B5 SWAP1 SWAP2 SWAP1 PUSH4 0xFFFFFFFF AND JUMP JUMPDEST PUSH1 0x0 DUP1 CALLER PUSH20 0xFFFFFFFFFFFFFFFFFFFFFFFFFFFFFFFFFFFFFFFF AND PUSH20 0xFFFFFFFFFFFFFFFFFFFFFFFFFFFFFFFFFFFFFFFF AND DUP2 MSTORE PUSH1 0x20 ADD SWAP1 DUP2 MSTORE PUSH1 0x20 ADD PUSH1 0x0 KECCAK256 DUP2 SWAP1 SSTORE POP PUSH2 0x304 DUP3 PUSH1 0x0 DUP1 DUP7 PUSH20 0xFFFFFFFFFFFFFFFFFFFFFFFFFFFFFFFFFFFFFFFF AND PUSH20 0xFFFFFFFFFFFFFFFFFFFFFFFFFFFFFFFFFFFFFFFF AND DUP2 MSTORE PUSH1 0x20 ADD SWAP1 DUP2 MSTORE PUSH1 0x20 ADD PUSH1 0x0 KECCAK256 SLOAD PUSH2 0x3CE SWAP1 SWAP2 SWAP1 PUSH4 0xFFFFFFFF AND JUMP JUMPDEST PUSH1 0x0 DUP1 DUP6 PUSH20 0xFFFFFFFFFFFFFFFFFFFFFFFFFFFFFFFFFFFFFFFF AND PUSH20 0xFFFFFFFFFFFFFFFFFFFFFFFFFFFFFFFFFFFFFFFF AND DUP2 MSTORE PUSH1 0x20 ADD SWAP1 DUP2 MSTORE PUSH1 0x20 ADD PUSH1 0x0 KECCAK256 DUP2 SWAP1 SSTORE POP DUP3 PUSH20 0xFFFFFFFFFFFFFFFFFFFFFFFFFFFFFFFFFFFFFFFF AND CALLER PUSH20 0xFFFFFFFFFFFFFFFFFFFFFFFFFFFFFFFFFFFFFFFF AND PUSH32 0xDDF252AD1BE2C89B69C2B068FC378DAA952BA7F163C4A11628F55A4DF523B3EF DUP5 PUSH1 0x40 MLOAD DUP1 DUP3 DUP2 MSTORE PUSH1 0x20 ADD SWAP2 POP POP PUSH1 0x40 MLOAD DUP1 SWAP2 SUB SWAP1 LOG3 PUSH1 0x1 SWAP1 POP SWAP3 SWAP2 POP POP JUMP JUMPDEST PUSH1 0x0 DUP3 DUP3 GT ISZERO ISZERO ISZERO PUSH2 0x3C3 JUMPI INVALID JUMPDEST DUP2 DUP4 SUB SWAP1 POP SWAP3 SWAP2 POP POP JUMP JUMPDEST PUSH1 0x0 DUP2 DUP4 ADD SWAP1 POP DUP3 DUP2 LT ISZERO ISZERO ISZERO PUSH2 0x3E1 JUMPI INVALID JUMPDEST DUP1 SWAP1 POP SWAP3 SWAP2 POP POP JUMP STOP LOG1 PUSH6 0x627A7A723058 KECCAK256 PUSH10 0xCAE24E3B07DADFB94414 0xeb 0xb1 XOR 0xb4 SLT 0xee 0xeb 0xba CALLDATACOPY NUMBER PUSH2 0xD0EA PUSH3 0x724F66 SWAP12 0xbf PUSH13 0x2E002900000000000000000000
0,PUSH1 0x80 PUSH1 0x40 MSTORE CALLVALUE DUP1 ISZERO PUSH2 0x10 JUMPI PUSH1 0x0 DUP1 REVERT JUMPDEST POP PUSH2 0x416 DUP1 PUSH2 0x20 PUSH1 0x0 CODECOPY PUSH1 0x0 RETURN STOP PUSH1 0x80 PUSH1 0x40 MSTORE PUSH1 0x4 CALLDATASIZE LT PUSH2 0x57 JUMPI PUSH1 0x0 CALLDATALOAD PUSH29 0x100000000000000000000000000000000000000000000000000000000 SWAP1 DIV PUSH4 0xFFFFFFFF AND DUP1 PUSH4 0x18160DDD EQ PUSH2 0x5C JUMPI DUP1 PUSH4 0x70A08231 EQ PUSH2 0x87 JUMPI DUP1 PUSH4 0xA9059CBB EQ PUSH2 0xDE JUMPI JUMPDEST PUSH1 0x0 DUP1 REVERT JUMPDEST CALLVALUE DUP1 ISZERO PUSH2 0x68 JUMPI PUSH1 0x0 DUP1 REVERT JUMPDEST POP PUSH2 0x71 PUSH2 0x143 JUMP JUMPDEST PUSH1 0x40 MLOAD DUP1 DUP3 DUP2 MSTORE PUSH1 0x20 ADD SWAP2 POP POP PUSH1 0x40 MLOAD DUP1 SWAP2 SUB SWAP1 RETURN JUMPDEST CALLVALUE DUP1 ISZERO PUSH2 0x93 JUMPI PUSH1 0x0 DUP1 REVERT JUMPDEST POP PUSH2 0xC8 PUSH1 0x4 DUP1 CALLDATASIZE SUB DUP2 ADD SWAP1 DUP1 DUP1 CALLDATALOAD PUSH20 0xFFFFFFFFFFFFFFFFFFFFFFFFFFFFFFFFFFFFFFFF AND SWAP1 PUSH1 0x20 ADD SWAP1 SWAP3 SWAP2 SWAP1 POP POP POP PUSH2 0x14D JUMP JUMPDEST PUSH1 0x40 MLOAD DUP1 DUP3 DUP2 MSTORE PUSH1 0x20 ADD SWAP2 POP POP PUSH1 0x40 MLOAD DUP1 SWAP2 SUB SWAP1 RETURN JUMPDEST CALLVALUE DUP1 ISZERO PUSH2 0xEA JUMPI PUSH1 0x0 DUP1 REVERT JUMPDEST POP PUSH2 0x129 PUSH1 0x4 DUP1 CALLDATASIZE SUB DUP2 ADD SWAP1 DUP1 DUP1 CALLDATALOAD PUSH20 0xFFFFFFFFFFFFFFFFFFFFFFFFFFFFFFFFFFFFFFFF AND SWAP1 PUSH1 0x20 ADD SWAP1 SWAP3 SWAP2 SWAP1 DUP1 CALLDATALOAD SWAP1 PUSH1 0x20 ADD SWAP1 SWAP3 SWAP2 SWAP1 POP POP POP PUSH2 0x195 JUMP JUMPDEST PUSH1 0x40 MLOAD DUP1 DUP3 ISZERO ISZERO ISZERO ISZERO DUP2 MSTORE PUSH1 0x20 ADD SWAP2 POP POP PUSH1 0x40 MLOAD DUP1 SWAP2 SUB SWAP1 RETURN JUMPDEST PUSH1 0x0 PUSH1 0x1 SLOAD SWAP1 POP SWAP1 JUMP JUMPDEST PUSH1 0x0 DUP1 PUSH1 0x0 DUP4 PUSH20 0xFFFFFFFFFFFFFFFFFFFFFFFFFFFFFFFFFFFFFFFF AND PUSH20 0xFFFFFFFFFFFFFFFFFFFFFFFFFFFFFFFFFFFFFFFF AND DUP2 MSTORE PUSH1 0x20 ADD SWAP1 DUP2 MSTORE PUSH1 0x20 ADD PUSH1 0x0 KECCAK256 SLOAD SWAP1 POP SWAP2 SWAP1 POP JUMP JUMPDEST PUSH1 0x0 DUP1 PUSH1 0x0 CALLER PUSH20 0xFFFFFFFFFFFFFFFFFFFFFFFFFFFFFFFFFFFFFFFF AND PUSH20 0xFFFFFFFFFFFFFFFFFFFFFFFFFFFFFFFFFFFFFFFF AND DUP2 MSTORE PUSH1 0x20 ADD SWAP1 DUP2 MSTORE PUSH1 0x20 ADD PUSH1 0x0 KECCAK256 SLOAD DUP3 GT ISZERO ISZERO ISZERO PUSH2 0x1E4 JUMPI PUSH1 0x0 DUP1 REVERT JUMPDEST PUSH1 0x0 PUSH20 0xFFFFFFFFFFFFFFFFFFFFFFFFFFFFFFFFFFFFFFFF AND DUP4 PUSH20 0xFFFFFFFFFFFFFFFFFFFFFFFFFFFFFFFFFFFFFFFF AND EQ ISZERO ISZERO ISZERO PUSH2 0x220 JUMPI PUSH1 0x0 DUP1 REVERT JUMPDEST PUSH2 0x271 DUP3 PUSH1 0x0 DUP1 CALLER PUSH20 0xFFFFFFFFFFFFFFFFFFFFFFFFFFFFFFFFFFFFFFFF AND PUSH20 0xFFFFFFFFFFFFFFFFFFFFFFFFFFFFFFFFFFFFFFFF AND DUP2 MSTORE PUSH1 0x20 ADD SWAP1 DUP2 MSTORE PUSH1 0x20 ADD PUSH1 0x0 KECCAK256 SLOAD PUSH2 0x3B5 SWAP1 SWAP2 SWAP1 PUSH4 0xFFFFFFFF AND JUMP JUMPDEST PUSH1 0x0 DUP1 CALLER PUSH20 0xFFFFFFFFFFFFFFFFFFFFFFFFFFFFFFFFFFFFFFFF AND PUSH20 0xFFFFFFFFFFFFFFFFFFFFFFFFFFFFFFFFFFFFFFFF AND DUP2 MSTORE PUSH1 0x20 ADD SWAP1 DUP2 MSTORE PUSH1 0x20 ADD PUSH1 0x0 KECCAK256 DUP2 SWAP1 SSTORE POP PUSH2 0x304 DUP3 PUSH1 0x0 DUP1 DUP7 PUSH20 0xFFFFFFFFFFFFFFFFFFFFFFFFFFFFFFFFFFFFFFFF AND PUSH20 0xFFFFFFFFFFFFFFFFFFFFFFFFFFFFFFFFFFFFFFFF AND DUP2 MSTORE PUSH1 0x20 ADD SWAP1 DUP2 MSTORE PUSH1 0x20 ADD PUSH1 0x0 KECCAK256 SLOAD PUSH2 0x3CE SWAP1 SWAP2 SWAP1 PUSH4 0xFFFFFFFF AND JUMP JUMPDEST PUSH1 0x0 DUP1 DUP6 PUSH20 0xFFFFFFFFFFFFFFFFFFFFFFFFFFFFFFFFFFFFFFFF AND PUSH20 0xFFFFFFFFFFFFFFFFFFFFFFFFFFFFFFFFFFFFFFFF AND DUP2 MSTORE PUSH1 0x20 ADD SWAP1 DUP2 MSTORE PUSH1 0x20 ADD PUSH1 0x0 KECCAK256 DUP2 SWAP1 SSTORE POP DUP3 PUSH20 0xFFFFFFFFFFFFFFFFFFFFFFFFFFFFFFFFFFFFFFFF AND CALLER PUSH20 0xFFFFFFFFFFFFFFFFFFFFFFFFFFFFFFFFFFFFFFFF AND PUSH32 0xDDF252AD1BE2C89B69C2B068FC378DAA952BA7F163C4A11628F55A4DF523B3EF DUP5 PUSH1 0x40 MLOAD DUP1 DUP3 DUP2 MSTORE PUSH1 0x20 ADD SWAP2 POP POP PUSH1 0x40 MLOAD DUP1 SWAP2 SUB SWAP1 LOG3 PUSH1 0x1 SWAP1 POP SWAP3 SWAP2 POP POP JUMP JUMPDEST PUSH1 0x0 DUP3 DUP3 GT ISZERO ISZERO ISZERO PUSH2 0x3C3 JUMPI INVALID JUMPDEST DUP2 DUP4 SUB SWAP1 POP SWAP3 SWAP2 POP POP JUMP JUMPDEST PUSH1 0x0 DUP2 DUP4 ADD SWAP1 POP DUP3 DUP2 LT ISZERO ISZERO ISZERO PUSH2 0x3E1 JUMPI INVALID JUMPDEST DUP1 SWAP1 POP SWAP3 SWAP2 POP POP JUMP STOP LOG1 PUSH6 0x627A7A723058 KECCAK256 SGT RETURNDATACOPY RETURNDATACOPY SDIV 0xaf CALL 0x28 EXP 0x28 0xb5 BLOCKHASH CODESIZE BALANCE DIV 0xeb SHR PUSH31 0x61AC9CDA04BEFC388DAD281FD7EAF300290000000000000000000000000000
0,PUSH1 0x80 PUSH1 0x40 MSTORE CALLVALUE DUP1 ISZERO PUSH2 0x10 JUMPI PUSH1 0x0 DUP1 REVERT JUMPDEST POP PUSH2 0x416 DUP1 PUSH2 0x20 PUSH1 0x0 CODECOPY PUSH1 0x0 RETURN STOP PUSH1 0x80 PUSH1 0x40 MSTORE PUSH1 0x4 CALLDATASIZE LT PUSH2 0x57 JUMPI PUSH1 0x0 CALLDATALOAD PUSH29 0x100000000000000000000000000000000000000000000000000000000 SWAP1 DIV PUSH4 0xFFFFFFFF AND DUP1 PUSH4 0x18160DDD EQ PUSH2 0x5C JUMPI DUP1 PUSH4 0x70A08231 EQ PUSH2 0x87 JUMPI DUP1 PUSH4 0xA9059CBB EQ PUSH2 0xDE JUMPI JUMPDEST PUSH1 0x0 DUP1 REVERT JUMPDEST CALLVALUE DUP1 ISZERO PUSH2 0x68 JUMPI PUSH1 0x0 DUP1 REVERT JUMPDEST POP PUSH2 0x71 PUSH2 0x143 JUMP JUMPDEST PUSH1 0x40 MLOAD DUP1 DUP3 DUP2 MSTORE PUSH1 0x20 ADD SWAP2 POP POP PUSH1 0x40 MLOAD DUP1 SWAP2 SUB SWAP1 RETURN JUMPDEST CALLVALUE DUP1 ISZERO PUSH2 0x93 JUMPI PUSH1 0x0 DUP1 REVERT JUMPDEST POP PUSH2 0xC8 PUSH1 0x4 DUP1 CALLDATASIZE SUB DUP2 ADD SWAP1 DUP1 DUP1 CALLDATALOAD PUSH20 0xFFFFFFFFFFFFFFFFFFFFFFFFFFFFFFFFFFFFFFFF AND SWAP1 PUSH1 0x20 ADD SWAP1 SWAP3 SWAP2 SWAP1 POP POP POP PUSH2 0x14D JUMP JUMPDEST PUSH1 0x40 MLOAD DUP1 DUP3 DUP2 MSTORE PUSH1 0x20 ADD SWAP2 POP POP PUSH1 0x40 MLOAD DUP1 SWAP2 SUB SWAP1 RETURN JUMPDEST CALLVALUE DUP1 ISZERO PUSH2 0xEA JUMPI PUSH1 0x0 DUP1 REVERT JUMPDEST POP PUSH2 0x129 PUSH1 0x4 DUP1 CALLDATASIZE SUB DUP2 ADD SWAP1 DUP1 DUP1 CALLDATALOAD PUSH20 0xFFFFFFFFFFFFFFFFFFFFFFFFFFFFFFFFFFFFFFFF AND SWAP1 PUSH1 0x20 ADD SWAP1 SWAP3 SWAP2 SWAP1 DUP1 CALLDATALOAD SWAP1 PUSH1 0x20 ADD SWAP1 SWAP3 SWAP2 SWAP1 POP POP POP PUSH2 0x195 JUMP JUMPDEST PUSH1 0x40 MLOAD DUP1 DUP3 ISZERO ISZERO ISZERO ISZERO DUP2 MSTORE PUSH1 0x20 ADD SWAP2 POP POP PUSH1 0x40 MLOAD DUP1 SWAP2 SUB SWAP1 RETURN JUMPDEST PUSH1 0x0 PUSH1 0x1 SLOAD SWAP1 POP SWAP1 JUMP JUMPDEST PUSH1 0x0 DUP1 PUSH1 0x0 DUP4 PUSH20 0xFFFFFFFFFFFFFFFFFFFFFFFFFFFFFFFFFFFFFFFF AND PUSH20 0xFFFFFFFFFFFFFFFFFFFFFFFFFFFFFFFFFFFFFFFF AND DUP2 MSTORE PUSH1 0x20 ADD SWAP1 DUP2 MSTORE PUSH1 0x20 ADD PUSH1 0x0 KECCAK256 SLOAD SWAP1 POP SWAP2 SWAP1 POP JUMP JUMPDEST PUSH1 0x0 DUP1 PUSH1 0x0 CALLER PUSH20 0xFFFFFFFFFFFFFFFFFFFFFFFFFFFFFFFFFFFFFFFF AND PUSH20 0xFFFFFFFFFFFFFFFFFFFFFFFFFFFFFFFFFFFFFFFF AND DUP2 MSTORE PUSH1 0x20 ADD SWAP1 DUP2 MSTORE PUSH1 0x20 ADD PUSH1 0x0 KECCAK256 SLOAD DUP3 GT ISZERO ISZERO ISZERO PUSH2 0x1E4 JUMPI PUSH1 0x0 DUP1 REVERT JUMPDEST PUSH1 0x0 PUSH20 0xFFFFFFFFFFFFFFFFFFFFFFFFFFFFFFFFFFFFFFFF AND DUP4 PUSH20 0xFFFFFFFFFFFFFFFFFFFFFFFFFFFFFFFFFFFFFFFF AND EQ ISZERO ISZERO ISZERO PUSH2 0x220 JUMPI PUSH1 0x0 DUP1 REVERT JUMPDEST PUSH2 0x271 DUP3 PUSH1 0x0 DUP1 CALLER PUSH20 0xFFFFFFFFFFFFFFFFFFFFFFFFFFFFFFFFFFFFFFFF AND PUSH20 0xFFFFFFFFFFFFFFFFFFFFFFFFFFFFFFFFFFFFFFFF AND DUP2 MSTORE PUSH1 0x20 ADD SWAP1 DUP2 MSTORE PUSH1 0x20 ADD PUSH1 0x0 KECCAK256 SLOAD PUSH2 0x3B5 SWAP1 SWAP2 SWAP1 PUSH4 0xFFFFFFFF AND JUMP JUMPDEST PUSH1 0x0 DUP1 CALLER PUSH20 0xFFFFFFFFFFFFFFFFFFFFFFFFFFFFFFFFFFFFFFFF AND PUSH20 0xFFFFFFFFFFFFFFFFFFFFFFFFFFFFFFFFFFFFFFFF AND DUP2 MSTORE PUSH1 0x20 ADD SWAP1 DUP2 MSTORE PUSH1 0x20 ADD PUSH1 0x0 KECCAK256 DUP2 SWAP1 SSTORE POP PUSH2 0x304 DUP3 PUSH1 0x0 DUP1 DUP7 PUSH20 0xFFFFFFFFFFFFFFFFFFFFFFFFFFFFFFFFFFFFFFFF AND PUSH20 0xFFFFFFFFFFFFFFFFFFFFFFFFFFFFFFFFFFFFFFFF AND DUP2 MSTORE PUSH1 0x20 ADD SWAP1 DUP2 MSTORE PUSH1 0x20 ADD PUSH1 0x0 KECCAK256 SLOAD PUSH2 0x3CE SWAP1 SWAP2 SWAP1 PUSH4 0xFFFFFFFF AND JUMP JUMPDEST PUSH1 0x0 DUP1 DUP6 PUSH20 0xFFFFFFFFFFFFFFFFFFFFFFFFFFFFFFFFFFFFFFFF AND PUSH20 0xFFFFFFFFFFFFFFFFFFFFFFFFFFFFFFFFFFFFFFFF AND DUP2 MSTORE PUSH1 0x20 ADD SWAP1 DUP2 MSTORE PUSH1 0x20 ADD PUSH1 0x0 KECCAK256 DUP2 SWAP1 SSTORE POP DUP3 PUSH20 0xFFFFFFFFFFFFFFFFFFFFFFFFFFFFFFFFFFFFFFFF AND CALLER PUSH20 0xFFFFFFFFFFFFFFFFFFFFFFFFFFFFFFFFFFFFFFFF AND PUSH32 0xDDF252AD1BE2C89B69C2B068FC378DAA952BA7F163C4A11628F55A4DF523B3EF DUP5 PUSH1 0x40 MLOAD DUP1 DUP3 DUP2 MSTORE PUSH1 0x20 ADD SWAP2 POP POP PUSH1 0x40 MLOAD DUP1 SWAP2 SUB SWAP1 LOG3 PUSH1 0x1 SWAP1 POP SWAP3 SWAP2 POP POP JUMP JUMPDEST PUSH1 0x0 DUP3 DUP3 GT ISZERO ISZERO ISZERO PUSH2 0x3C3 JUMPI INVALID JUMPDEST DUP2 DUP4 SUB SWAP1 POP SWAP3 SWAP2 POP POP JUMP JUMPDEST PUSH1 0x0 DUP2 DUP4 ADD SWAP1 POP DUP3 DUP2 LT ISZERO ISZERO ISZERO PUSH2 0x3E1 JUMPI INVALID JUMPDEST DUP1 SWAP1 POP SWAP3 SWAP2 POP POP JUMP STOP LOG1 PUSH6 0x627A7A723058 KECCAK256 SWAP10 SIGNEXTEND 0xe3 0xbe BLOCKHASH 0xbb 0xef DUP14 0xd5 0xf9 0xb3 PC STATICCALL 0x24 0xda DUP10 LOG0 0xdb SWAP13 SWAP3 0xee DUP14 0xad 0xe5 0xcf RETURNDATACOPY 0xf7 DUP3 GASLIMIT 0xe7 BLOCKHASH 0xbd STOP 0x29
0,PUSH1 0x80 PUSH1 0x40 MSTORE CALLVALUE DUP1 ISZERO PUSH2 0x10 JUMPI PUSH1 0x0 DUP1 REVERT JUMPDEST POP PUSH2 0x416 DUP1 PUSH2 0x20 PUSH1 0x0 CODECOPY PUSH1 0x0 RETURN STOP PUSH1 0x80 PUSH1 0x40 MSTORE PUSH1 0x4 CALLDATASIZE LT PUSH2 0x57 JUMPI PUSH1 0x0 CALLDATALOAD PUSH29 0x100000000000000000000000000000000000000000000000000000000 SWAP1 DIV PUSH4 0xFFFFFFFF AND DUP1 PUSH4 0x18160DDD EQ PUSH2 0x5C JUMPI DUP1 PUSH4 0x70A08231 EQ PUSH2 0x87 JUMPI DUP1 PUSH4 0xA9059CBB EQ PUSH2 0xDE JUMPI JUMPDEST PUSH1 0x0 DUP1 REVERT JUMPDEST CALLVALUE DUP1 ISZERO PUSH2 0x68 JUMPI PUSH1 0x0 DUP1 REVERT JUMPDEST POP PUSH2 0x71 PUSH2 0x143 JUMP JUMPDEST PUSH1 0x40 MLOAD DUP1 DUP3 DUP2 MSTORE PUSH1 0x20 ADD SWAP2 POP POP PUSH1 0x40 MLOAD DUP1 SWAP2 SUB SWAP1 RETURN JUMPDEST CALLVALUE DUP1 ISZERO PUSH2 0x93 JUMPI PUSH1 0x0 DUP1 REVERT JUMPDEST POP PUSH2 0xC8 PUSH1 0x4 DUP1 CALLDATASIZE SUB DUP2 ADD SWAP1 DUP1 DUP1 CALLDATALOAD PUSH20 0xFFFFFFFFFFFFFFFFFFFFFFFFFFFFFFFFFFFFFFFF AND SWAP1 PUSH1 0x20 ADD SWAP1 SWAP3 SWAP2 SWAP1 POP POP POP PUSH2 0x14D JUMP JUMPDEST PUSH1 0x40 MLOAD DUP1 DUP3 DUP2 MSTORE PUSH1 0x20 ADD SWAP2 POP POP PUSH1 0x40 MLOAD DUP1 SWAP2 SUB SWAP1 RETURN JUMPDEST CALLVALUE DUP1 ISZERO PUSH2 0xEA JUMPI PUSH1 0x0 DUP1 REVERT JUMPDEST POP PUSH2 0x129 PUSH1 0x4 DUP1 CALLDATASIZE SUB DUP2 ADD SWAP1 DUP1 DUP1 CALLDATALOAD PUSH20 0xFFFFFFFFFFFFFFFFFFFFFFFFFFFFFFFFFFFFFFFF AND SWAP1 PUSH1 0x20 ADD SWAP1 SWAP3 SWAP2 SWAP1 DUP1 CALLDATALOAD SWAP1 PUSH1 0x20 ADD SWAP1 SWAP3 SWAP2 SWAP1 POP POP POP PUSH2 0x195 JUMP JUMPDEST PUSH1 0x40 MLOAD DUP1 DUP3 ISZERO ISZERO ISZERO ISZERO DUP2 MSTORE PUSH1 0x20 ADD SWAP2 POP POP PUSH1 0x40 MLOAD DUP1 SWAP2 SUB SWAP1 RETURN JUMPDEST PUSH1 0x0 PUSH1 0x1 SLOAD SWAP1 POP SWAP1 JUMP JUMPDEST PUSH1 0x0 DUP1 PUSH1 0x0 DUP4 PUSH20 0xFFFFFFFFFFFFFFFFFFFFFFFFFFFFFFFFFFFFFFFF AND PUSH20 0xFFFFFFFFFFFFFFFFFFFFFFFFFFFFFFFFFFFFFFFF AND DUP2 MSTORE PUSH1 0x20 ADD SWAP1 DUP2 MSTORE PUSH1 0x20 ADD PUSH1 0x0 KECCAK256 SLOAD SWAP1 POP SWAP2 SWAP1 POP JUMP JUMPDEST PUSH1 0x0 DUP1 PUSH1 0x0 CALLER PUSH20 0xFFFFFFFFFFFFFFFFFFFFFFFFFFFFFFFFFFFFFFFF AND PUSH20 0xFFFFFFFFFFFFFFFFFFFFFFFFFFFFFFFFFFFFFFFF AND DUP2 MSTORE PUSH1 0x20 ADD SWAP1 DUP2 MSTORE PUSH1 0x20 ADD PUSH1 0x0 KECCAK256 SLOAD DUP3 GT ISZERO ISZERO ISZERO PUSH2 0x1E4 JUMPI PUSH1 0x0 DUP1 REVERT JUMPDEST PUSH1 0x0 PUSH20 0xFFFFFFFFFFFFFFFFFFFFFFFFFFFFFFFFFFFFFFFF AND DUP4 PUSH20 0xFFFFFFFFFFFFFFFFFFFFFFFFFFFFFFFFFFFFFFFF AND EQ ISZERO ISZERO ISZERO PUSH2 0x220 JUMPI PUSH1 0x0 DUP1 REVERT JUMPDEST PUSH2 0x271 DUP3 PUSH1 0x0 DUP1 CALLER PUSH20 0xFFFFFFFFFFFFFFFFFFFFFFFFFFFFFFFFFFFFFFFF AND PUSH20 0xFFFFFFFFFFFFFFFFFFFFFFFFFFFFFFFFFFFFFFFF AND DUP2 MSTORE PUSH1 0x20 ADD SWAP1 DUP2 MSTORE PUSH1 0x20 ADD PUSH1 0x0 KECCAK256 SLOAD PUSH2 0x3B5 SWAP1 SWAP2 SWAP1 PUSH4 0xFFFFFFFF AND JUMP JUMPDEST PUSH1 0x0 DUP1 CALLER PUSH20 0xFFFFFFFFFFFFFFFFFFFFFFFFFFFFFFFFFFFFFFFF AND PUSH20 0xFFFFFFFFFFFFFFFFFFFFFFFFFFFFFFFFFFFFFFFF AND DUP2 MSTORE PUSH1 0x20 ADD SWAP1 DUP2 MSTORE PUSH1 0x20 ADD PUSH1 0x0 KECCAK256 DUP2 SWAP1 SSTORE POP PUSH2 0x304 DUP3 PUSH1 0x0 DUP1 DUP7 PUSH20 0xFFFFFFFFFFFFFFFFFFFFFFFFFFFFFFFFFFFFFFFF AND PUSH20 0xFFFFFFFFFFFFFFFFFFFFFFFFFFFFFFFFFFFFFFFF AND DUP2 MSTORE PUSH1 0x20 ADD SWAP1 DUP2 MSTORE PUSH1 0x20 ADD PUSH1 0x0 KECCAK256 SLOAD PUSH2 0x3CE SWAP1 SWAP2 SWAP1 PUSH4 0xFFFFFFFF AND JUMP JUMPDEST PUSH1 0x0 DUP1 DUP6 PUSH20 0xFFFFFFFFFFFFFFFFFFFFFFFFFFFFFFFFFFFFFFFF AND PUSH20 0xFFFFFFFFFFFFFFFFFFFFFFFFFFFFFFFFFFFFFFFF AND DUP2 MSTORE PUSH1 0x20 ADD SWAP1 DUP2 MSTORE PUSH1 0x20 ADD PUSH1 0x0 KECCAK256 DUP2 SWAP1 SSTORE POP DUP3 PUSH20 0xFFFFFFFFFFFFFFFFFFFFFFFFFFFFFFFFFFFFFFFF AND CALLER PUSH20 0xFFFFFFFFFFFFFFFFFFFFFFFFFFFFFFFFFFFFFFFF AND PUSH32 0xDDF252AD1BE2C89B69C2B068FC378DAA952BA7F163C4A11628F55A4DF523B3EF DUP5 PUSH1 0x40 MLOAD DUP1 DUP3 DUP2 MSTORE PUSH1 0x20 ADD SWAP2 POP POP PUSH1 0x40 MLOAD DUP1 SWAP2 SUB SWAP1 LOG3 PUSH1 0x1 SWAP1 POP SWAP3 SWAP2 POP POP JUMP JUMPDEST PUSH1 0x0 DUP3 DUP3 GT ISZERO ISZERO ISZERO PUSH2 0x3C3 JUMPI INVALID JUMPDEST DUP2 DUP4 SUB SWAP1 POP SWAP3 SWAP2 POP POP JUMP JUMPDEST PUSH1 0x0 DUP2 DUP4 ADD SWAP1 POP DUP3 DUP2 LT ISZERO ISZERO ISZERO PUSH2 0x3E1 JUMPI INVALID JUMPDEST DUP1 SWAP1 POP SWAP3 SWAP2 POP POP JUMP STOP LOG1 PUSH6 0x627A7A723058 KECCAK256 0xc6 0xcf 0xd OR 0xc2 0xac CALLVALUE DUP13 0xae 0xd7 0x4b 0x5f SWAP12 0x2c 0x23 0xb9 PUSH27 0x62CB81A8645BAC359779BC59DAF4B7002900000000000000000000
0,PUSH1 0x80 PUSH1 0x40 MSTORE CALLVALUE DUP1 ISZERO PUSH2 0x10 JUMPI PUSH1 0x0 DUP1 REVERT JUMPDEST POP PUSH2 0x416 DUP1 PUSH2 0x20 PUSH1 0x0 CODECOPY PUSH1 0x0 RETURN STOP PUSH1 0x80 PUSH1 0x40 MSTORE PUSH1 0x4 CALLDATASIZE LT PUSH2 0x57 JUMPI PUSH1 0x0 CALLDATALOAD PUSH29 0x100000000000000000000000000000000000000000000000000000000 SWAP1 DIV PUSH4 0xFFFFFFFF AND DUP1 PUSH4 0x18160DDD EQ PUSH2 0x5C JUMPI DUP1 PUSH4 0x70A08231 EQ PUSH2 0x87 JUMPI DUP1 PUSH4 0xA9059CBB EQ PUSH2 0xDE JUMPI JUMPDEST PUSH1 0x0 DUP1 REVERT JUMPDEST CALLVALUE DUP1 ISZERO PUSH2 0x68 JUMPI PUSH1 0x0 DUP1 REVERT JUMPDEST POP PUSH2 0x71 PUSH2 0x143 JUMP JUMPDEST PUSH1 0x40 MLOAD DUP1 DUP3 DUP2 MSTORE PUSH1 0x20 ADD SWAP2 POP POP PUSH1 0x40 MLOAD DUP1 SWAP2 SUB SWAP1 RETURN JUMPDEST CALLVALUE DUP1 ISZERO PUSH2 0x93 JUMPI PUSH1 0x0 DUP1 REVERT JUMPDEST POP PUSH2 0xC8 PUSH1 0x4 DUP1 CALLDATASIZE SUB DUP2 ADD SWAP1 DUP1 DUP1 CALLDATALOAD PUSH20 0xFFFFFFFFFFFFFFFFFFFFFFFFFFFFFFFFFFFFFFFF AND SWAP1 PUSH1 0x20 ADD SWAP1 SWAP3 SWAP2 SWAP1 POP POP POP PUSH2 0x14D JUMP JUMPDEST PUSH1 0x40 MLOAD DUP1 DUP3 DUP2 MSTORE PUSH1 0x20 ADD SWAP2 POP POP PUSH1 0x40 MLOAD DUP1 SWAP2 SUB SWAP1 RETURN JUMPDEST CALLVALUE DUP1 ISZERO PUSH2 0xEA JUMPI PUSH1 0x0 DUP1 REVERT JUMPDEST POP PUSH2 0x129 PUSH1 0x4 DUP1 CALLDATASIZE SUB DUP2 ADD SWAP1 DUP1 DUP1 CALLDATALOAD PUSH20 0xFFFFFFFFFFFFFFFFFFFFFFFFFFFFFFFFFFFFFFFF AND SWAP1 PUSH1 0x20 ADD SWAP1 SWAP3 SWAP2 SWAP1 DUP1 CALLDATALOAD SWAP1 PUSH1 0x20 ADD SWAP1 SWAP3 SWAP2 SWAP1 POP POP POP PUSH2 0x195 JUMP JUMPDEST PUSH1 0x40 MLOAD DUP1 DUP3 ISZERO ISZERO ISZERO ISZERO DUP2 MSTORE PUSH1 0x20 ADD SWAP2 POP POP PUSH1 0x40 MLOAD DUP1 SWAP2 SUB SWAP1 RETURN JUMPDEST PUSH1 0x0 PUSH1 0x1 SLOAD SWAP1 POP SWAP1 JUMP JUMPDEST PUSH1 0x0 DUP1 PUSH1 0x0 DUP4 PUSH20 0xFFFFFFFFFFFFFFFFFFFFFFFFFFFFFFFFFFFFFFFF AND PUSH20 0xFFFFFFFFFFFFFFFFFFFFFFFFFFFFFFFFFFFFFFFF AND DUP2 MSTORE PUSH1 0x20 ADD SWAP1 DUP2 MSTORE PUSH1 0x20 ADD PUSH1 0x0 KECCAK256 SLOAD SWAP1 POP SWAP2 SWAP1 POP JUMP JUMPDEST PUSH1 0x0 DUP1 PUSH1 0x0 CALLER PUSH20 0xFFFFFFFFFFFFFFFFFFFFFFFFFFFFFFFFFFFFFFFF AND PUSH20 0xFFFFFFFFFFFFFFFFFFFFFFFFFFFFFFFFFFFFFFFF AND DUP2 MSTORE PUSH1 0x20 ADD SWAP1 DUP2 MSTORE PUSH1 0x20 ADD PUSH1 0x0 KECCAK256 SLOAD DUP3 GT ISZERO ISZERO ISZERO PUSH2 0x1E4 JUMPI PUSH1 0x0 DUP1 REVERT JUMPDEST PUSH1 0x0 PUSH20 0xFFFFFFFFFFFFFFFFFFFFFFFFFFFFFFFFFFFFFFFF AND DUP4 PUSH20 0xFFFFFFFFFFFFFFFFFFFFFFFFFFFFFFFFFFFFFFFF AND EQ ISZERO ISZERO ISZERO PUSH2 0x220 JUMPI PUSH1 0x0 DUP1 REVERT JUMPDEST PUSH2 0x271 DUP3 PUSH1 0x0 DUP1 CALLER PUSH20 0xFFFFFFFFFFFFFFFFFFFFFFFFFFFFFFFFFFFFFFFF AND PUSH20 0xFFFFFFFFFFFFFFFFFFFFFFFFFFFFFFFFFFFFFFFF AND DUP2 MSTORE PUSH1 0x20 ADD SWAP1 DUP2 MSTORE PUSH1 0x20 ADD PUSH1 0x0 KECCAK256 SLOAD PUSH2 0x3B5 SWAP1 SWAP2 SWAP1 PUSH4 0xFFFFFFFF AND JUMP JUMPDEST PUSH1 0x0 DUP1 CALLER PUSH20 0xFFFFFFFFFFFFFFFFFFFFFFFFFFFFFFFFFFFFFFFF AND PUSH20 0xFFFFFFFFFFFFFFFFFFFFFFFFFFFFFFFFFFFFFFFF AND DUP2 MSTORE PUSH1 0x20 ADD SWAP1 DUP2 MSTORE PUSH1 0x20 ADD PUSH1 0x0 KECCAK256 DUP2 SWAP1 SSTORE POP PUSH2 0x304 DUP3 PUSH1 0x0 DUP1 DUP7 PUSH20 0xFFFFFFFFFFFFFFFFFFFFFFFFFFFFFFFFFFFFFFFF AND PUSH20 0xFFFFFFFFFFFFFFFFFFFFFFFFFFFFFFFFFFFFFFFF AND DUP2 MSTORE PUSH1 0x20 ADD SWAP1 DUP2 MSTORE PUSH1 0x20 ADD PUSH1 0x0 KECCAK256 SLOAD PUSH2 0x3CE SWAP1 SWAP2 SWAP1 PUSH4 0xFFFFFFFF AND JUMP JUMPDEST PUSH1 0x0 DUP1 DUP6 PUSH20 0xFFFFFFFFFFFFFFFFFFFFFFFFFFFFFFFFFFFFFFFF AND PUSH20 0xFFFFFFFFFFFFFFFFFFFFFFFFFFFFFFFFFFFFFFFF AND DUP2 MSTORE PUSH1 0x20 ADD SWAP1 DUP2 MSTORE PUSH1 0x20 ADD PUSH1 0x0 KECCAK256 DUP2 SWAP1 SSTORE POP DUP3 PUSH20 0xFFFFFFFFFFFFFFFFFFFFFFFFFFFFFFFFFFFFFFFF AND CALLER PUSH20 0xFFFFFFFFFFFFFFFFFFFFFFFFFFFFFFFFFFFFFFFF AND PUSH32 0xDDF252AD1BE2C89B69C2B068FC378DAA952BA7F163C4A11628F55A4DF523B3EF DUP5 PUSH1 0x40 MLOAD DUP1 DUP3 DUP2 MSTORE PUSH1 0x20 ADD SWAP2 POP POP PUSH1 0x40 MLOAD DUP1 SWAP2 SUB SWAP1 LOG3 PUSH1 0x1 SWAP1 POP SWAP3 SWAP2 POP POP JUMP JUMPDEST PUSH1 0x0 DUP3 DUP3 GT ISZERO ISZERO ISZERO PUSH2 0x3C3 JUMPI INVALID JUMPDEST DUP2 DUP4 SUB SWAP1 POP SWAP3 SWAP2 POP POP JUMP JUMPDEST PUSH1 0x0 DUP2 DUP4 ADD SWAP1 POP DUP3 DUP2 LT ISZERO ISZERO ISZERO PUSH2 0x3E1 JUMPI INVALID JUMPDEST DUP1 SWAP1 POP SWAP3 SWAP2 POP POP JUMP STOP LOG1 PUSH6 0x627A7A723058 KECCAK256 0xb3 0xea COINBASE 0xc4 0xd1 LT PUSH18 0x3CC44CCD62A34957E347688C58D58616A32E MSTORE8 KECCAK256 SLOAD 0x2b COINBASE PUSH3 0x4F0029
0,PUSH1 0x80 PUSH1 0x40 MSTORE CALLVALUE DUP1 ISZERO PUSH2 0x10 JUMPI PUSH1 0x0 DUP1 REVERT JUMPDEST POP PUSH2 0x416 DUP1 PUSH2 0x20 PUSH1 0x0 CODECOPY PUSH1 0x0 RETURN STOP PUSH1 0x80 PUSH1 0x40 MSTORE PUSH1 0x4 CALLDATASIZE LT PUSH2 0x57 JUMPI PUSH1 0x0 CALLDATALOAD PUSH29 0x100000000000000000000000000000000000000000000000000000000 SWAP1 DIV PUSH4 0xFFFFFFFF AND DUP1 PUSH4 0x18160DDD EQ PUSH2 0x5C JUMPI DUP1 PUSH4 0x70A08231 EQ PUSH2 0x87 JUMPI DUP1 PUSH4 0xA9059CBB EQ PUSH2 0xDE JUMPI JUMPDEST PUSH1 0x0 DUP1 REVERT JUMPDEST CALLVALUE DUP1 ISZERO PUSH2 0x68 JUMPI PUSH1 0x0 DUP1 REVERT JUMPDEST POP PUSH2 0x71 PUSH2 0x143 JUMP JUMPDEST PUSH1 0x40 MLOAD DUP1 DUP3 DUP2 MSTORE PUSH1 0x20 ADD SWAP2 POP POP PUSH1 0x40 MLOAD DUP1 SWAP2 SUB SWAP1 RETURN JUMPDEST CALLVALUE DUP1 ISZERO PUSH2 0x93 JUMPI PUSH1 0x0 DUP1 REVERT JUMPDEST POP PUSH2 0xC8 PUSH1 0x4 DUP1 CALLDATASIZE SUB DUP2 ADD SWAP1 DUP1 DUP1 CALLDATALOAD PUSH20 0xFFFFFFFFFFFFFFFFFFFFFFFFFFFFFFFFFFFFFFFF AND SWAP1 PUSH1 0x20 ADD SWAP1 SWAP3 SWAP2 SWAP1 POP POP POP PUSH2 0x14D JUMP JUMPDEST PUSH1 0x40 MLOAD DUP1 DUP3 DUP2 MSTORE PUSH1 0x20 ADD SWAP2 POP POP PUSH1 0x40 MLOAD DUP1 SWAP2 SUB SWAP1 RETURN JUMPDEST CALLVALUE DUP1 ISZERO PUSH2 0xEA JUMPI PUSH1 0x0 DUP1 REVERT JUMPDEST POP PUSH2 0x129 PUSH1 0x4 DUP1 CALLDATASIZE SUB DUP2 ADD SWAP1 DUP1 DUP1 CALLDATALOAD PUSH20 0xFFFFFFFFFFFFFFFFFFFFFFFFFFFFFFFFFFFFFFFF AND SWAP1 PUSH1 0x20 ADD SWAP1 SWAP3 SWAP2 SWAP1 DUP1 CALLDATALOAD SWAP1 PUSH1 0x20 ADD SWAP1 SWAP3 SWAP2 SWAP1 POP POP POP PUSH2 0x195 JUMP JUMPDEST PUSH1 0x40 MLOAD DUP1 DUP3 ISZERO ISZERO ISZERO ISZERO DUP2 MSTORE PUSH1 0x20 ADD SWAP2 POP POP PUSH1 0x40 MLOAD DUP1 SWAP2 SUB SWAP1 RETURN JUMPDEST PUSH1 0x0 PUSH1 0x1 SLOAD SWAP1 POP SWAP1 JUMP JUMPDEST PUSH1 0x0 DUP1 PUSH1 0x0 DUP4 PUSH20 0xFFFFFFFFFFFFFFFFFFFFFFFFFFFFFFFFFFFFFFFF AND PUSH20 0xFFFFFFFFFFFFFFFFFFFFFFFFFFFFFFFFFFFFFFFF AND DUP2 MSTORE PUSH1 0x20 ADD SWAP1 DUP2 MSTORE PUSH1 0x20 ADD PUSH1 0x0 KECCAK256 SLOAD SWAP1 POP SWAP2 SWAP1 POP JUMP JUMPDEST PUSH1 0x0 DUP1 PUSH1 0x0 CALLER PUSH20 0xFFFFFFFFFFFFFFFFFFFFFFFFFFFFFFFFFFFFFFFF AND PUSH20 0xFFFFFFFFFFFFFFFFFFFFFFFFFFFFFFFFFFFFFFFF AND DUP2 MSTORE PUSH1 0x20 ADD SWAP1 DUP2 MSTORE PUSH1 0x20 ADD PUSH1 0x0 KECCAK256 SLOAD DUP3 GT ISZERO ISZERO ISZERO PUSH2 0x1E4 JUMPI PUSH1 0x0 DUP1 REVERT JUMPDEST PUSH1 0x0 PUSH20 0xFFFFFFFFFFFFFFFFFFFFFFFFFFFFFFFFFFFFFFFF AND DUP4 PUSH20 0xFFFFFFFFFFFFFFFFFFFFFFFFFFFFFFFFFFFFFFFF AND EQ ISZERO ISZERO ISZERO PUSH2 0x220 JUMPI PUSH1 0x0 DUP1 REVERT JUMPDEST PUSH2 0x271 DUP3 PUSH1 0x0 DUP1 CALLER PUSH20 0xFFFFFFFFFFFFFFFFFFFFFFFFFFFFFFFFFFFFFFFF AND PUSH20 0xFFFFFFFFFFFFFFFFFFFFFFFFFFFFFFFFFFFFFFFF AND DUP2 MSTORE PUSH1 0x20 ADD SWAP1 DUP2 MSTORE PUSH1 0x20 ADD PUSH1 0x0 KECCAK256 SLOAD PUSH2 0x3B5 SWAP1 SWAP2 SWAP1 PUSH4 0xFFFFFFFF AND JUMP JUMPDEST PUSH1 0x0 DUP1 CALLER PUSH20 0xFFFFFFFFFFFFFFFFFFFFFFFFFFFFFFFFFFFFFFFF AND PUSH20 0xFFFFFFFFFFFFFFFFFFFFFFFFFFFFFFFFFFFFFFFF AND DUP2 MSTORE PUSH1 0x20 ADD SWAP1 DUP2 MSTORE PUSH1 0x20 ADD PUSH1 0x0 KECCAK256 DUP2 SWAP1 SSTORE POP PUSH2 0x304 DUP3 PUSH1 0x0 DUP1 DUP7 PUSH20 0xFFFFFFFFFFFFFFFFFFFFFFFFFFFFFFFFFFFFFFFF AND PUSH20 0xFFFFFFFFFFFFFFFFFFFFFFFFFFFFFFFFFFFFFFFF AND DUP2 MSTORE PUSH1 0x20 ADD SWAP1 DUP2 MSTORE PUSH1 0x20 ADD PUSH1 0x0 KECCAK256 SLOAD PUSH2 0x3CE SWAP1 SWAP2 SWAP1 PUSH4 0xFFFFFFFF AND JUMP JUMPDEST PUSH1 0x0 DUP1 DUP6 PUSH20 0xFFFFFFFFFFFFFFFFFFFFFFFFFFFFFFFFFFFFFFFF AND PUSH20 0xFFFFFFFFFFFFFFFFFFFFFFFFFFFFFFFFFFFFFFFF AND DUP2 MSTORE PUSH1 0x20 ADD SWAP1 DUP2 MSTORE PUSH1 0x20 ADD PUSH1 0x0 KECCAK256 DUP2 SWAP1 SSTORE POP DUP3 PUSH20 0xFFFFFFFFFFFFFFFFFFFFFFFFFFFFFFFFFFFFFFFF AND CALLER PUSH20 0xFFFFFFFFFFFFFFFFFFFFFFFFFFFFFFFFFFFFFFFF AND PUSH32 0xDDF252AD1BE2C89B69C2B068FC378DAA952BA7F163C4A11628F55A4DF523B3EF DUP5 PUSH1 0x40 MLOAD DUP1 DUP3 DUP2 MSTORE PUSH1 0x20 ADD SWAP2 POP POP PUSH1 0x40 MLOAD DUP1 SWAP2 SUB SWAP1 LOG3 PUSH1 0x1 SWAP1 POP SWAP3 SWAP2 POP POP JUMP JUMPDEST PUSH1 0x0 DUP3 DUP3 GT ISZERO ISZERO ISZERO PUSH2 0x3C3 JUMPI INVALID JUMPDEST DUP2 DUP4 SUB SWAP1 POP SWAP3 SWAP2 POP POP JUMP JUMPDEST PUSH1 0x0 DUP2 DUP4 ADD SWAP1 POP DUP3 DUP2 LT ISZERO ISZERO ISZERO PUSH2 0x3E1 JUMPI INVALID JUMPDEST DUP1 SWAP1 POP SWAP3 SWAP2 POP POP JUMP STOP LOG1 PUSH6 0x627A7A723058 KECCAK256 BLOCKHASH PUSH11 0x1304946086C23C3F72F415 PUSH11 0xBAB537C9DA464160B4C5B0 PUSH12 0xABDBBB5376DE002900000000
0,PUSH1 0x80 PUSH1 0x40 MSTORE CALLVALUE DUP1 ISZERO PUSH2 0x10 JUMPI PUSH1 0x0 DUP1 REVERT JUMPDEST POP PUSH2 0x416 DUP1 PUSH2 0x20 PUSH1 0x0 CODECOPY PUSH1 0x0 RETURN STOP PUSH1 0x80 PUSH1 0x40 MSTORE PUSH1 0x4 CALLDATASIZE LT PUSH2 0x57 JUMPI PUSH1 0x0 CALLDATALOAD PUSH29 0x100000000000000000000000000000000000000000000000000000000 SWAP1 DIV PUSH4 0xFFFFFFFF AND DUP1 PUSH4 0x18160DDD EQ PUSH2 0x5C JUMPI DUP1 PUSH4 0x70A08231 EQ PUSH2 0x87 JUMPI DUP1 PUSH4 0xA9059CBB EQ PUSH2 0xDE JUMPI JUMPDEST PUSH1 0x0 DUP1 REVERT JUMPDEST CALLVALUE DUP1 ISZERO PUSH2 0x68 JUMPI PUSH1 0x0 DUP1 REVERT JUMPDEST POP PUSH2 0x71 PUSH2 0x143 JUMP JUMPDEST PUSH1 0x40 MLOAD DUP1 DUP3 DUP2 MSTORE PUSH1 0x20 ADD SWAP2 POP POP PUSH1 0x40 MLOAD DUP1 SWAP2 SUB SWAP1 RETURN JUMPDEST CALLVALUE DUP1 ISZERO PUSH2 0x93 JUMPI PUSH1 0x0 DUP1 REVERT JUMPDEST POP PUSH2 0xC8 PUSH1 0x4 DUP1 CALLDATASIZE SUB DUP2 ADD SWAP1 DUP1 DUP1 CALLDATALOAD PUSH20 0xFFFFFFFFFFFFFFFFFFFFFFFFFFFFFFFFFFFFFFFF AND SWAP1 PUSH1 0x20 ADD SWAP1 SWAP3 SWAP2 SWAP1 POP POP POP PUSH2 0x14D JUMP JUMPDEST PUSH1 0x40 MLOAD DUP1 DUP3 DUP2 MSTORE PUSH1 0x20 ADD SWAP2 POP POP PUSH1 0x40 MLOAD DUP1 SWAP2 SUB SWAP1 RETURN JUMPDEST CALLVALUE DUP1 ISZERO PUSH2 0xEA JUMPI PUSH1 0x0 DUP1 REVERT JUMPDEST POP PUSH2 0x129 PUSH1 0x4 DUP1 CALLDATASIZE SUB DUP2 ADD SWAP1 DUP1 DUP1 CALLDATALOAD PUSH20 0xFFFFFFFFFFFFFFFFFFFFFFFFFFFFFFFFFFFFFFFF AND SWAP1 PUSH1 0x20 ADD SWAP1 SWAP3 SWAP2 SWAP1 DUP1 CALLDATALOAD SWAP1 PUSH1 0x20 ADD SWAP1 SWAP3 SWAP2 SWAP1 POP POP POP PUSH2 0x195 JUMP JUMPDEST PUSH1 0x40 MLOAD DUP1 DUP3 ISZERO ISZERO ISZERO ISZERO DUP2 MSTORE PUSH1 0x20 ADD SWAP2 POP POP PUSH1 0x40 MLOAD DUP1 SWAP2 SUB SWAP1 RETURN JUMPDEST PUSH1 0x0 PUSH1 0x1 SLOAD SWAP1 POP SWAP1 JUMP JUMPDEST PUSH1 0x0 DUP1 PUSH1 0x0 DUP4 PUSH20 0xFFFFFFFFFFFFFFFFFFFFFFFFFFFFFFFFFFFFFFFF AND PUSH20 0xFFFFFFFFFFFFFFFFFFFFFFFFFFFFFFFFFFFFFFFF AND DUP2 MSTORE PUSH1 0x20 ADD SWAP1 DUP2 MSTORE PUSH1 0x20 ADD PUSH1 0x0 KECCAK256 SLOAD SWAP1 POP SWAP2 SWAP1 POP JUMP JUMPDEST PUSH1 0x0 DUP1 PUSH1 0x0 CALLER PUSH20 0xFFFFFFFFFFFFFFFFFFFFFFFFFFFFFFFFFFFFFFFF AND PUSH20 0xFFFFFFFFFFFFFFFFFFFFFFFFFFFFFFFFFFFFFFFF AND DUP2 MSTORE PUSH1 0x20 ADD SWAP1 DUP2 MSTORE PUSH1 0x20 ADD PUSH1 0x0 KECCAK256 SLOAD DUP3 GT ISZERO ISZERO ISZERO PUSH2 0x1E4 JUMPI PUSH1 0x0 DUP1 REVERT JUMPDEST PUSH1 0x0 PUSH20 0xFFFFFFFFFFFFFFFFFFFFFFFFFFFFFFFFFFFFFFFF AND DUP4 PUSH20 0xFFFFFFFFFFFFFFFFFFFFFFFFFFFFFFFFFFFFFFFF AND EQ ISZERO ISZERO ISZERO PUSH2 0x220 JUMPI PUSH1 0x0 DUP1 REVERT JUMPDEST PUSH2 0x271 DUP3 PUSH1 0x0 DUP1 CALLER PUSH20 0xFFFFFFFFFFFFFFFFFFFFFFFFFFFFFFFFFFFFFFFF AND PUSH20 0xFFFFFFFFFFFFFFFFFFFFFFFFFFFFFFFFFFFFFFFF AND DUP2 MSTORE PUSH1 0x20 ADD SWAP1 DUP2 MSTORE PUSH1 0x20 ADD PUSH1 0x0 KECCAK256 SLOAD PUSH2 0x3B5 SWAP1 SWAP2 SWAP1 PUSH4 0xFFFFFFFF AND JUMP JUMPDEST PUSH1 0x0 DUP1 CALLER PUSH20 0xFFFFFFFFFFFFFFFFFFFFFFFFFFFFFFFFFFFFFFFF AND PUSH20 0xFFFFFFFFFFFFFFFFFFFFFFFFFFFFFFFFFFFFFFFF AND DUP2 MSTORE PUSH1 0x20 ADD SWAP1 DUP2 MSTORE PUSH1 0x20 ADD PUSH1 0x0 KECCAK256 DUP2 SWAP1 SSTORE POP PUSH2 0x304 DUP3 PUSH1 0x0 DUP1 DUP7 PUSH20 0xFFFFFFFFFFFFFFFFFFFFFFFFFFFFFFFFFFFFFFFF AND PUSH20 0xFFFFFFFFFFFFFFFFFFFFFFFFFFFFFFFFFFFFFFFF AND DUP2 MSTORE PUSH1 0x20 ADD SWAP1 DUP2 MSTORE PUSH1 0x20 ADD PUSH1 0x0 KECCAK256 SLOAD PUSH2 0x3CE SWAP1 SWAP2 SWAP1 PUSH4 0xFFFFFFFF AND JUMP JUMPDEST PUSH1 0x0 DUP1 DUP6 PUSH20 0xFFFFFFFFFFFFFFFFFFFFFFFFFFFFFFFFFFFFFFFF AND PUSH20 0xFFFFFFFFFFFFFFFFFFFFFFFFFFFFFFFFFFFFFFFF AND DUP2 MSTORE PUSH1 0x20 ADD SWAP1 DUP2 MSTORE PUSH1 0x20 ADD PUSH1 0x0 KECCAK256 DUP2 SWAP1 SSTORE POP DUP3 PUSH20 0xFFFFFFFFFFFFFFFFFFFFFFFFFFFFFFFFFFFFFFFF AND CALLER PUSH20 0xFFFFFFFFFFFFFFFFFFFFFFFFFFFFFFFFFFFFFFFF AND PUSH32 0xDDF252AD1BE2C89B69C2B068FC378DAA952BA7F163C4A11628F55A4DF523B3EF DUP5 PUSH1 0x40 MLOAD DUP1 DUP3 DUP2 MSTORE PUSH1 0x20 ADD SWAP2 POP POP PUSH1 0x40 MLOAD DUP1 SWAP2 SUB SWAP1 LOG3 PUSH1 0x1 SWAP1 POP SWAP3 SWAP2 POP POP JUMP JUMPDEST PUSH1 0x0 DUP3 DUP3 GT ISZERO ISZERO ISZERO PUSH2 0x3C3 JUMPI INVALID JUMPDEST DUP2 DUP4 SUB SWAP1 POP SWAP3 SWAP2 POP POP JUMP JUMPDEST PUSH1 0x0 DUP2 DUP4 ADD SWAP1 POP DUP3 DUP2 LT ISZERO ISZERO ISZERO PUSH2 0x3E1 JUMPI INVALID JUMPDEST DUP1 SWAP1 POP SWAP3 SWAP2 POP POP JUMP STOP LOG1 PUSH6 0x627A7A723058 KECCAK256 ISZERO PUSH6 0x5F9D6347BCB2 0xf JUMPDEST 0xc7 0xc6 PUSH27 0x140B6A733BB86D6052541507DD7872D507A2980029000000000000
0,PUSH1 0x80 PUSH1 0x40 MSTORE PUSH1 0x0 PUSH1 0x5 PUSH1 0x0 PUSH2 0x100 EXP DUP2 SLOAD DUP2 PUSH1 0xFF MUL NOT AND SWAP1 DUP4 ISZERO ISZERO MUL OR SWAP1 SSTORE POP CALLVALUE DUP1 ISZERO PUSH3 0x2C JUMPI PUSH1 0x0 DUP1 REVERT JUMPDEST POP PUSH1 0x40 MLOAD PUSH1 0x20 DUP1 PUSH3 0x1756 DUP4 CODECOPY DUP2 ADD DUP1 PUSH1 0x40 MSTORE DUP2 ADD SWAP1 DUP1 DUP1 MLOAD SWAP1 PUSH1 0x20 ADD SWAP1 SWAP3 SWAP2 SWAP1 POP POP POP PUSH3 0x7B PUSH8 0xDE0B6B3A7640000 DUP3 PUSH3 0x136 PUSH5 0x100000000 MUL PUSH3 0x156A OR SWAP1 SWAP2 SWAP1 PUSH5 0x100000000 SWAP1 DIV JUMP JUMPDEST PUSH1 0x0 DUP1 CALLER PUSH20 0xFFFFFFFFFFFFFFFFFFFFFFFFFFFFFFFFFFFFFFFF AND PUSH20 0xFFFFFFFFFFFFFFFFFFFFFFFFFFFFFFFFFFFFFFFF AND DUP2 MSTORE PUSH1 0x20 ADD SWAP1 DUP2 MSTORE PUSH1 0x20 ADD PUSH1 0x0 KECCAK256 DUP2 SWAP1 SSTORE POP PUSH3 0xE8 PUSH8 0xDE0B6B3A7640000 DUP3 PUSH3 0x136 PUSH5 0x100000000 MUL PUSH3 0x156A OR SWAP1 SWAP2 SWAP1 PUSH5 0x100000000 SWAP1 DIV JUMP JUMPDEST PUSH1 0x3 DUP2 SWAP1 SSTORE POP CALLER PUSH1 0x2 PUSH1 0x0 PUSH2 0x100 EXP DUP2 SLOAD DUP2 PUSH20 0xFFFFFFFFFFFFFFFFFFFFFFFFFFFFFFFFFFFFFFFF MUL NOT AND SWAP1 DUP4 PUSH20 0xFFFFFFFFFFFFFFFFFFFFFFFFFFFFFFFFFFFFFFFF AND MUL OR SWAP1 SSTORE POP POP PUSH3 0x175 JUMP JUMPDEST PUSH1 0x0 DUP1 PUSH1 0x0 DUP5 EQ ISZERO PUSH3 0x14D JUMPI PUSH1 0x0 SWAP2 POP PUSH3 0x16E JUMP JUMPDEST DUP3 DUP5 MUL SWAP1 POP DUP3 DUP5 DUP3 DUP2 ISZERO ISZERO PUSH3 0x15F JUMPI INVALID JUMPDEST DIV EQ ISZERO ISZERO PUSH3 0x16A JUMPI INVALID JUMPDEST DUP1 SWAP2 POP JUMPDEST POP SWAP3 SWAP2 POP POP JUMP JUMPDEST PUSH2 0x15D1 DUP1 PUSH3 0x185 PUSH1 0x0 CODECOPY PUSH1 0x0 RETURN STOP PUSH1 0x80 PUSH1 0x40 MSTORE PUSH1 0x4 CALLDATASIZE LT PUSH2 0xDB JUMPI PUSH1 0x0 CALLDATALOAD PUSH29 0x100000000000000000000000000000000000000000000000000000000 SWAP1 DIV PUSH4 0xFFFFFFFF AND DUP1 PUSH4 0x6FDDE03 EQ PUSH2 0xE0 JUMPI DUP1 PUSH4 0x95EA7B3 EQ PUSH2 0x170 JUMPI DUP1 PUSH4 0xD1118CE EQ PUSH2 0x1D5 JUMPI DUP1 PUSH4 0x18160DDD EQ PUSH2 0x222 JUMPI DUP1 PUSH4 0x23B872DD EQ PUSH2 0x24D JUMPI DUP1 PUSH4 0x313CE567 EQ PUSH2 0x2D2 JUMPI DUP1 PUSH4 0x6F4B9AE7 EQ PUSH2 0x303 JUMPI DUP1 PUSH4 0x70A08231 EQ PUSH2 0x332 JUMPI DUP1 PUSH4 0x70B2973E EQ PUSH2 0x389 JUMPI DUP1 PUSH4 0x95D89B41 EQ PUSH2 0x3E4 JUMPI DUP1 PUSH4 0xA9059CBB EQ PUSH2 0x474 JUMPI DUP1 PUSH4 0xDD62ED3E EQ PUSH2 0x4D9 JUMPI DUP1 PUSH4 0xE074D6A9 EQ PUSH2 0x550 JUMPI DUP1 PUSH4 0xF851A440 EQ PUSH2 0x57F JUMPI DUP1 PUSH4 0xFC2EB889 EQ PUSH2 0x5D6 JUMPI JUMPDEST PUSH1 0x0 DUP1 REVERT JUMPDEST CALLVALUE DUP1 ISZERO PUSH2 0xEC JUMPI PUSH1 0x0 DUP1 REVERT JUMPDEST POP PUSH2 0xF5 PUSH2 0x625 JUMP JUMPDEST PUSH1 0x40 MLOAD DUP1 DUP1 PUSH1 0x20 ADD DUP3 DUP2 SUB DUP3 MSTORE DUP4 DUP2 DUP2 MLOAD DUP2 MSTORE PUSH1 0x20 ADD SWAP2 POP DUP1 MLOAD SWAP1 PUSH1 0x20 ADD SWAP1 DUP1 DUP4 DUP4 PUSH1 0x0 JUMPDEST DUP4 DUP2 LT ISZERO PUSH2 0x135 JUMPI DUP1 DUP3 ADD MLOAD DUP2 DUP5 ADD MSTORE PUSH1 0x20 DUP2 ADD SWAP1 POP PUSH2 0x11A JUMP JUMPDEST POP POP POP POP SWAP1 POP SWAP1 DUP2 ADD SWAP1 PUSH1 0x1F AND DUP1 ISZERO PUSH2 0x162 JUMPI DUP1 DUP3 SUB DUP1 MLOAD PUSH1 0x1 DUP4 PUSH1 0x20 SUB PUSH2 0x100 EXP SUB NOT AND DUP2 MSTORE PUSH1 0x20 ADD SWAP2 POP JUMPDEST POP SWAP3 POP POP POP PUSH1 0x40 MLOAD DUP1 SWAP2 SUB SWAP1 RETURN JUMPDEST CALLVALUE DUP1 ISZERO PUSH2 0x17C JUMPI PUSH1 0x0 DUP1 REVERT JUMPDEST POP PUSH2 0x1BB PUSH1 0x4 DUP1 CALLDATASIZE SUB DUP2 ADD SWAP1 DUP1 DUP1 CALLDATALOAD PUSH20 0xFFFFFFFFFFFFFFFFFFFFFFFFFFFFFFFFFFFFFFFF AND SWAP1 PUSH1 0x20 ADD SWAP1 SWAP3 SWAP2 SWAP1 DUP1 CALLDATALOAD SWAP1 PUSH1 0x20 ADD SWAP1 SWAP3 SWAP2 SWAP1 POP POP POP PUSH2 0x65E JUMP JUMPDEST PUSH1 0x40 MLOAD DUP1 DUP3 ISZERO ISZERO ISZERO ISZERO DUP2 MSTORE PUSH1 0x20 ADD SWAP2 POP POP PUSH1 0x40 MLOAD DUP1 SWAP2 SUB SWAP1 RETURN JUMPDEST CALLVALUE DUP1 ISZERO PUSH2 0x1E1 JUMPI PUSH1 0x0 DUP1 REVERT JUMPDEST POP PUSH2 0x220 PUSH1 0x4 DUP1 CALLDATASIZE SUB DUP2 ADD SWAP1 DUP1 DUP1 CALLDATALOAD PUSH20 0xFFFFFFFFFFFFFFFFFFFFFFFFFFFFFFFFFFFFFFFF AND SWAP1 PUSH1 0x20 ADD SWAP1 SWAP3 SWAP2 SWAP1 DUP1 CALLDATALOAD SWAP1 PUSH1 0x20 ADD SWAP1 SWAP3 SWAP2 SWAP1 POP POP POP PUSH2 0x7E5 JUMP JUMPDEST STOP JUMPDEST CALLVALUE DUP1 ISZERO PUSH2 0x22E JUMPI PUSH1 0x0 DUP1 REVERT JUMPDEST POP PUSH2 0x237 PUSH2 0x99D JUMP JUMPDEST PUSH1 0x40 MLOAD DUP1 DUP3 DUP2 MSTORE PUSH1 0x20 ADD SWAP2 POP POP PUSH1 0x40 MLOAD DUP1 SWAP2 SUB SWAP1 RETURN JUMPDEST CALLVALUE DUP1 ISZERO PUSH2 0x259 JUMPI PUSH1 0x0 DUP1 REVERT JUMPDEST POP PUSH2 0x2B8 PUSH1 0x4 DUP1 CALLDATASIZE SUB DUP2 ADD SWAP1 DUP1 DUP1 CALLDATALOAD PUSH20 0xFFFFFFFFFFFFFFFFFFFFFFFFFFFFFFFFFFFFFFFF AND SWAP1 PUSH1 0x20 ADD SWAP1 SWAP3 SWAP2 SWAP1 DUP1 CALLDATALOAD PUSH20 0xFFFFFFFFFFFFFFFFFFFFFFFFFFFFFFFFFFFFFFFF AND SWAP1 PUSH1 0x20 ADD SWAP1 SWAP3 SWAP2 SWAP1 DUP1 CALLDATALOAD SWAP1 PUSH1 0x20 ADD SWAP1 SWAP3 SWAP2 SWAP1 POP POP POP PUSH2 0x9A3 JUMP JUMPDEST PUSH1 0x40 MLOAD DUP1 DUP3 ISZERO ISZERO ISZERO ISZERO DUP2 MSTORE PUSH1 0x20 ADD SWAP2 POP POP PUSH1 0x40 MLOAD DUP1 SWAP2 SUB SWAP1 RETURN JUMPDEST CALLVALUE DUP1 ISZERO PUSH2 0x2DE JUMPI PUSH1 0x0 DUP1 REVERT JUMPDEST POP PUSH2 0x2E7 PUSH2 0xECB JUMP JUMPDEST PUSH1 0x40 MLOAD DUP1 DUP3 PUSH1 0xFF AND PUSH1 0xFF AND DUP2 MSTORE PUSH1 0x20 ADD SWAP2 POP POP PUSH1 0x40 MLOAD DUP1 SWAP2 SUB SWAP1 RETURN JUMPDEST CALLVALUE DUP1 ISZERO PUSH2 0x30F JUMPI PUSH1 0x0 DUP1 REVERT JUMPDEST POP PUSH2 0x318 PUSH2 0xED0 JUMP JUMPDEST PUSH1 0x40 MLOAD DUP1 DUP3 ISZERO ISZERO ISZERO ISZERO DUP2 MSTORE PUSH1 0x20 ADD SWAP2 POP POP PUSH1 0x40 MLOAD DUP1 SWAP2 SUB SWAP1 RETURN JUMPDEST CALLVALUE DUP1 ISZERO PUSH2 0x33E JUMPI PUSH1 0x0 DUP1 REVERT JUMPDEST POP PUSH2 0x373 PUSH1 0x4 DUP1 CALLDATASIZE SUB DUP2 ADD SWAP1 DUP1 DUP1 CALLDATALOAD PUSH20 0xFFFFFFFFFFFFFFFFFFFFFFFFFFFFFFFFFFFFFFFF AND SWAP1 PUSH1 0x20 ADD SWAP1 SWAP3 SWAP2 SWAP1 POP POP POP PUSH2 0xEE3 JUMP JUMPDEST PUSH1 0x40 MLOAD DUP1 DUP3 DUP2 MSTORE PUSH1 0x20 ADD SWAP2 POP POP PUSH1 0x40 MLOAD DUP1 SWAP2 SUB SWAP1 RETURN JUMPDEST CALLVALUE DUP1 ISZERO PUSH2 0x395 JUMPI PUSH1 0x0 DUP1 REVERT JUMPDEST POP PUSH2 0x3CA PUSH1 0x4 DUP1 CALLDATASIZE SUB DUP2 ADD SWAP1 DUP1 DUP1 CALLDATALOAD PUSH20 0xFFFFFFFFFFFFFFFFFFFFFFFFFFFFFFFFFFFFFFFF AND SWAP1 PUSH1 0x20 ADD SWAP1 SWAP3 SWAP2 SWAP1 POP POP POP PUSH2 0xF2B JUMP JUMPDEST PUSH1 0x40 MLOAD DUP1 DUP3 ISZERO ISZERO ISZERO ISZERO DUP2 MSTORE PUSH1 0x20 ADD SWAP2 POP POP PUSH1 0x40 MLOAD DUP1 SWAP2 SUB SWAP1 RETURN JUMPDEST CALLVALUE DUP1 ISZERO PUSH2 0x3F0 JUMPI PUSH1 0x0 DUP1 REVERT JUMPDEST POP PUSH2 0x3F9 PUSH2 0xF81 JUMP JUMPDEST PUSH1 0x40 MLOAD DUP1 DUP1 PUSH1 0x20 ADD DUP3 DUP2 SUB DUP3 MSTORE DUP4 DUP2 DUP2 MLOAD DUP2 MSTORE PUSH1 0x20 ADD SWAP2 POP DUP1 MLOAD SWAP1 PUSH1 0x20 ADD SWAP1 DUP1 DUP4 DUP4 PUSH1 0x0 JUMPDEST DUP4 DUP2 LT ISZERO PUSH2 0x439 JUMPI DUP1 DUP3 ADD MLOAD DUP2 DUP5 ADD MSTORE PUSH1 0x20 DUP2 ADD SWAP1 POP PUSH2 0x41E JUMP JUMPDEST POP POP POP POP SWAP1 POP SWAP1 DUP2 ADD SWAP1 PUSH1 0x1F AND DUP1 ISZERO PUSH2 0x466 JUMPI DUP1 DUP3 SUB DUP1 MLOAD PUSH1 0x1 DUP4 PUSH1 0x20 SUB PUSH2 0x100 EXP SUB NOT AND DUP2 MSTORE PUSH1 0x20 ADD SWAP2 POP JUMPDEST POP SWAP3 POP POP POP PUSH1 0x40 MLOAD DUP1 SWAP2 SUB SWAP1 RETURN JUMPDEST CALLVALUE DUP1 ISZERO PUSH2 0x480 JUMPI PUSH1 0x0 DUP1 REVERT JUMPDEST POP PUSH2 0x4BF PUSH1 0x4 DUP1 CALLDATASIZE SUB DUP2 ADD SWAP1 DUP1 DUP1 CALLDATALOAD PUSH20 0xFFFFFFFFFFFFFFFFFFFFFFFFFFFFFFFFFFFFFFFF AND SWAP1 PUSH1 0x20 ADD SWAP1 SWAP3 SWAP2 SWAP1 DUP1 CALLDATALOAD SWAP1 PUSH1 0x20 ADD SWAP1 SWAP3 SWAP2 SWAP1 POP POP POP PUSH2 0xFBA JUMP JUMPDEST PUSH1 0x40 MLOAD DUP1 DUP3 ISZERO ISZERO ISZERO ISZERO DUP2 MSTORE PUSH1 0x20 ADD SWAP2 POP POP PUSH1 0x40 MLOAD DUP1 SWAP2 SUB SWAP1 RETURN JUMPDEST CALLVALUE DUP1 ISZERO PUSH2 0x4E5 JUMPI PUSH1 0x0 DUP1 REVERT JUMPDEST POP PUSH2 0x53A PUSH1 0x4 DUP1 CALLDATASIZE SUB DUP2 ADD SWAP1 DUP1 DUP1 CALLDATALOAD PUSH20 0xFFFFFFFFFFFFFFFFFFFFFFFFFFFFFFFFFFFFFFFF AND SWAP1 PUSH1 0x20 ADD SWAP1 SWAP3 SWAP2 SWAP1 DUP1 CALLDATALOAD PUSH20 0xFFFFFFFFFFFFFFFFFFFFFFFFFFFFFFFFFFFFFFFF AND SWAP1 PUSH1 0x20 ADD SWAP1 SWAP3 SWAP2 SWAP1 POP POP POP PUSH2 0x1356 JUMP JUMPDEST PUSH1 0x40 MLOAD DUP1 DUP3 DUP2 MSTORE PUSH1 0x20 ADD SWAP2 POP POP PUSH1 0x40 MLOAD DUP1 SWAP2 SUB SWAP1 RETURN JUMPDEST CALLVALUE DUP1 ISZERO PUSH2 0x55C JUMPI PUSH1 0x0 DUP1 REVERT JUMPDEST POP PUSH2 0x57D PUSH1 0x4 DUP1 CALLDATASIZE SUB DUP2 ADD SWAP1 DUP1 DUP1 CALLDATALOAD ISZERO ISZERO SWAP1 PUSH1 0x20 ADD SWAP1 SWAP3 SWAP2 SWAP1 POP POP POP PUSH2 0x13DD JUMP JUMPDEST STOP JUMPDEST CALLVALUE DUP1 ISZERO PUSH2 0x58B JUMPI PUSH1 0x0 DUP1 REVERT JUMPDEST POP PUSH2 0x594 PUSH2 0x1456 JUMP JUMPDEST PUSH1 0x40 MLOAD DUP1 DUP3 PUSH20 0xFFFFFFFFFFFFFFFFFFFFFFFFFFFFFFFFFFFFFFFF AND PUSH20 0xFFFFFFFFFFFFFFFFFFFFFFFFFFFFFFFFFFFFFFFF AND DUP2 MSTORE PUSH1 0x20 ADD SWAP2 POP POP PUSH1 0x40 MLOAD DUP1 SWAP2 SUB SWAP1 RETURN JUMPDEST CALLVALUE DUP1 ISZERO PUSH2 0x5E2 JUMPI PUSH1 0x0 DUP1 REVERT JUMPDEST POP PUSH2 0x623 PUSH1 0x4 DUP1 CALLDATASIZE SUB DUP2 ADD SWAP1 DUP1 DUP1 CALLDATALOAD PUSH20 0xFFFFFFFFFFFFFFFFFFFFFFFFFFFFFFFFFFFFFFFF AND SWAP1 PUSH1 0x20 ADD SWAP1 SWAP3 SWAP2 SWAP1 DUP1 CALLDATALOAD ISZERO ISZERO SWAP1 PUSH1 0x20 ADD SWAP1 SWAP3 SWAP2 SWAP1 POP POP POP PUSH2 0x147C JUMP JUMPDEST STOP JUMPDEST PUSH1 0x40 DUP1 MLOAD SWAP1 DUP2 ADD PUSH1 0x40 MSTORE DUP1 PUSH1 0x7 DUP2 MSTORE PUSH1 0x20 ADD PUSH32 0x424545434F494E00000000000000000000000000000000000000000000000000 DUP2 MSTORE POP DUP2 JUMP JUMPDEST PUSH1 0x0 DUP1 DUP3 EQ DUP1 PUSH2 0x6EA JUMPI POP PUSH1 0x0 PUSH1 0x1 PUSH1 0x0 CALLER PUSH20 0xFFFFFFFFFFFFFFFFFFFFFFFFFFFFFFFFFFFFFFFF AND PUSH20 0xFFFFFFFFFFFFFFFFFFFFFFFFFFFFFFFFFFFFFFFF AND DUP2 MSTORE PUSH1 0x20 ADD SWAP1 DUP2 MSTORE PUSH1 0x20 ADD PUSH1 0x0 KECCAK256 PUSH1 0x0 DUP6 PUSH20 0xFFFFFFFFFFFFFFFFFFFFFFFFFFFFFFFFFFFFFFFF AND PUSH20 0xFFFFFFFFFFFFFFFFFFFFFFFFFFFFFFFFFFFFFFFF AND DUP2 MSTORE PUSH1 0x20 ADD SWAP1 DUP2 MSTORE PUSH1 0x20 ADD PUSH1 0x0 KECCAK256 SLOAD EQ JUMPDEST ISZERO ISZERO PUSH2 0x6F5 JUMPI PUSH1 0x0 DUP1 REVERT JUMPDEST DUP2 PUSH1 0x1 PUSH1 0x0 CALLER PUSH20 0xFFFFFFFFFFFFFFFFFFFFFFFFFFFFFFFFFFFFFFFF AND PUSH20 0xFFFFFFFFFFFFFFFFFFFFFFFFFFFFFFFFFFFFFFFF AND DUP2 MSTORE PUSH1 0x20 ADD SWAP1 DUP2 MSTORE PUSH1 0x20 ADD PUSH1 0x0 KECCAK256 PUSH1 0x0 DUP6 PUSH20 0xFFFFFFFFFFFFFFFFFFFFFFFFFFFFFFFFFFFFFFFF AND PUSH20 0xFFFFFFFFFFFFFFFFFFFFFFFFFFFFFFFFFFFFFFFF AND DUP2 MSTORE PUSH1 0x20 ADD SWAP1 DUP2 MSTORE PUSH1 0x20 ADD PUSH1 0x0 KECCAK256 DUP2 SWAP1 SSTORE POP DUP3 PUSH20 0xFFFFFFFFFFFFFFFFFFFFFFFFFFFFFFFFFFFFFFFF AND CALLER PUSH20 0xFFFFFFFFFFFFFFFFFFFFFFFFFFFFFFFFFFFFFFFF AND PUSH32 0x8C5BE1E5EBEC7D5BD14F71427D1E84F3DD0314C0F7B2291E5B200AC8C7C3B925 DUP5 PUSH1 0x40 MLOAD DUP1 DUP3 DUP2 MSTORE PUSH1 0x20 ADD SWAP2 POP POP PUSH1 0x40 MLOAD DUP1 SWAP2 SUB SWAP1 LOG3 PUSH1 0x1 SWAP1 POP SWAP3 SWAP2 POP POP JUMP JUMPDEST PUSH1 0x2 PUSH1 0x0 SWAP1 SLOAD SWAP1 PUSH2 0x100 EXP SWAP1 DIV PUSH20 0xFFFFFFFFFFFFFFFFFFFFFFFFFFFFFFFFFFFFFFFF AND PUSH20 0xFFFFFFFFFFFFFFFFFFFFFFFFFFFFFFFFFFFFFFFF AND CALLER PUSH20 0xFFFFFFFFFFFFFFFFFFFFFFFFFFFFFFFFFFFFFFFF AND EQ ISZERO ISZERO PUSH2 0x841 JUMPI PUSH1 0x0 DUP1 REVERT JUMPDEST PUSH1 0x0 DUP2 GT ISZERO ISZERO PUSH2 0x850 JUMPI PUSH1 0x0 DUP1 REVERT JUMPDEST DUP1 PUSH1 0x0 DUP1 DUP5 PUSH20 0xFFFFFFFFFFFFFFFFFFFFFFFFFFFFFFFFFFFFFFFF AND PUSH20 0xFFFFFFFFFFFFFFFFFFFFFFFFFFFFFFFFFFFFFFFF AND DUP2 MSTORE PUSH1 0x20 ADD SWAP1 DUP2 MSTORE PUSH1 0x20 ADD PUSH1 0x0 KECCAK256 SLOAD LT ISZERO ISZERO ISZERO PUSH2 0x89D JUMPI PUSH1 0x0 DUP1 REVERT JUMPDEST PUSH2 0x8B2 DUP2 PUSH1 0x3 SLOAD PUSH2 0x1533 SWAP1 SWAP2 SWAP1 PUSH4 0xFFFFFFFF AND JUMP JUMPDEST PUSH1 0x3 DUP2 SWAP1 SSTORE POP PUSH2 0x909 DUP2 PUSH1 0x0 DUP1 DUP6 PUSH20 0xFFFFFFFFFFFFFFFFFFFFFFFFFFFFFFFFFFFFFFFF AND PUSH20 0xFFFFFFFFFFFFFFFFFFFFFFFFFFFFFFFFFFFFFFFF AND DUP2 MSTORE PUSH1 0x20 ADD SWAP1 DUP2 MSTORE PUSH1 0x20 ADD PUSH1 0x0 KECCAK256 SLOAD PUSH2 0x1533 SWAP1 SWAP2 SWAP1 PUSH4 0xFFFFFFFF AND JUMP JUMPDEST PUSH1 0x0 DUP1 DUP5 PUSH20 0xFFFFFFFFFFFFFFFFFFFFFFFFFFFFFFFFFFFFFFFF AND PUSH20 0xFFFFFFFFFFFFFFFFFFFFFFFFFFFFFFFFFFFFFFFF AND DUP2 MSTORE PUSH1 0x20 ADD SWAP1 DUP2 MSTORE PUSH1 0x20 ADD PUSH1 0x0 KECCAK256 DUP2 SWAP1 SSTORE POP DUP2 PUSH20 0xFFFFFFFFFFFFFFFFFFFFFFFFFFFFFFFFFFFFFFFF AND PUSH32 0xCC16F5DBB4873280815C1EE09DBD06736CFFCC184412CF7A71A0FDB75D397CA5 DUP3 PUSH1 0x40 MLOAD DUP1 DUP3 DUP2 MSTORE PUSH1 0x20 ADD SWAP2 POP POP PUSH1 0x40 MLOAD DUP1 SWAP2 SUB SWAP1 LOG2 POP POP JUMP JUMPDEST PUSH1 0x3 SLOAD DUP2 JUMP JUMPDEST PUSH1 0x0 PUSH1 0x2 PUSH1 0x0 SWAP1 SLOAD SWAP1 PUSH2 0x100 EXP SWAP1 DIV PUSH20 0xFFFFFFFFFFFFFFFFFFFFFFFFFFFFFFFFFFFFFFFF AND PUSH20 0xFFFFFFFFFFFFFFFFFFFFFFFFFFFFFFFFFFFFFFFF AND CALLER PUSH20 0xFFFFFFFFFFFFFFFFFFFFFFFFFFFFFFFFFFFFFFFF AND EQ DUP1 PUSH2 0xA0E JUMPI POP PUSH1 0x5 PUSH1 0x0 SWAP1 SLOAD SWAP1 PUSH2 0x100 EXP SWAP1 DIV PUSH1 0xFF AND ISZERO JUMPDEST ISZERO ISZERO PUSH2 0xA19 JUMPI PUSH1 0x0 DUP1 REVERT JUMPDEST PUSH1 0x0 PUSH20 0xFFFFFFFFFFFFFFFFFFFFFFFFFFFFFFFFFFFFFFFF AND DUP4 PUSH20 0xFFFFFFFFFFFFFFFFFFFFFFFFFFFFFFFFFFFFFFFF AND EQ ISZERO ISZERO ISZERO PUSH2 0xA55 JUMPI PUSH1 0x0 DUP1 REVERT JUMPDEST ADDRESS PUSH20 0xFFFFFFFFFFFFFFFFFFFFFFFFFFFFFFFFFFFFFFFF AND DUP4 PUSH20 0xFFFFFFFFFFFFFFFFFFFFFFFFFFFFFFFFFFFFFFFF AND EQ ISZERO ISZERO ISZERO PUSH2 0xA90 JUMPI PUSH1 0x0 DUP1 REVERT JUMPDEST PUSH1 0x0 DUP1 DUP6 PUSH20 0xFFFFFFFFFFFFFFFFFFFFFFFFFFFFFFFFFFFFFFFF AND PUSH20 0xFFFFFFFFFFFFFFFFFFFFFFFFFFFFFFFFFFFFFFFF AND DUP2 MSTORE PUSH1 0x20 ADD SWAP1 DUP2 MSTORE PUSH1 0x20 ADD PUSH1 0x0 KECCAK256 SLOAD DUP3 GT ISZERO ISZERO ISZERO PUSH2 0xADD JUMPI PUSH1 0x0 DUP1 REVERT JUMPDEST PUSH1 0x1 PUSH1 0x0 DUP6 PUSH20 0xFFFFFFFFFFFFFFFFFFFFFFFFFFFFFFFFFFFFFFFF AND PUSH20 0xFFFFFFFFFFFFFFFFFFFFFFFFFFFFFFFFFFFFFFFF AND DUP2 MSTORE PUSH1 0x20 ADD SWAP1 DUP2 MSTORE PUSH1 0x20 ADD PUSH1 0x0 KECCAK256 PUSH1 0x0 CALLER PUSH20 0xFFFFFFFFFFFFFFFFFFFFFFFFFFFFFFFFFFFFFFFF AND PUSH20 0xFFFFFFFFFFFFFFFFFFFFFFFFFFFFFFFFFFFFFFFF AND DUP2 MSTORE PUSH1 0x20 ADD SWAP1 DUP2 MSTORE PUSH1 0x20 ADD PUSH1 0x0 KECCAK256 SLOAD DUP3 GT ISZERO ISZERO ISZERO PUSH2 0xB68 JUMPI PUSH1 0x0 DUP1 REVERT JUMPDEST PUSH1 0x0 ISZERO ISZERO PUSH1 0x4 PUSH1 0x0 DUP7 PUSH20 0xFFFFFFFFFFFFFFFFFFFFFFFFFFFFFFFFFFFFFFFF AND PUSH20 0xFFFFFFFFFFFFFFFFFFFFFFFFFFFFFFFFFFFFFFFF AND DUP2 MSTORE PUSH1 0x20 ADD SWAP1 DUP2 MSTORE PUSH1 0x20 ADD PUSH1 0x0 KECCAK256 PUSH1 0x0 SWAP1 SLOAD SWAP1 PUSH2 0x100 EXP SWAP1 DIV PUSH1 0xFF AND ISZERO ISZERO EQ ISZERO ISZERO PUSH2 0xBC7 JUMPI PUSH1 0x0 DUP1 REVERT JUMPDEST PUSH1 0x0 ISZERO ISZERO PUSH1 0x4 PUSH1 0x0 DUP6 PUSH20 0xFFFFFFFFFFFFFFFFFFFFFFFFFFFFFFFFFFFFFFFF AND PUSH20 0xFFFFFFFFFFFFFFFFFFFFFFFFFFFFFFFFFFFFFFFF AND DUP2 MSTORE PUSH1 0x20 ADD SWAP1 DUP2 MSTORE PUSH1 0x20 ADD PUSH1 0x0 KECCAK256 PUSH1 0x0 SWAP1 SLOAD SWAP1 PUSH2 0x100 EXP SWAP1 DIV PUSH1 0xFF AND ISZERO ISZERO EQ ISZERO ISZERO PUSH2 0xC26 JUMPI PUSH1 0x0 DUP1 REVERT JUMPDEST PUSH2 0xC77 DUP3 PUSH1 0x0 DUP1 DUP8 PUSH20 0xFFFFFFFFFFFFFFFFFFFFFFFFFFFFFFFFFFFFFFFF AND PUSH20 0xFFFFFFFFFFFFFFFFFFFFFFFFFFFFFFFFFFFFFFFF AND DUP2 MSTORE PUSH1 0x20 ADD SWAP1 DUP2 MSTORE PUSH1 0x20 ADD PUSH1 0x0 KECCAK256 SLOAD PUSH2 0x1533 SWAP1 SWAP2 SWAP1 PUSH4 0xFFFFFFFF AND JUMP JUMPDEST PUSH1 0x0 DUP1 DUP7 PUSH20 0xFFFFFFFFFFFFFFFFFFFFFFFFFFFFFFFFFFFFFFFF AND PUSH20 0xFFFFFFFFFFFFFFFFFFFFFFFFFFFFFFFFFFFFFFFF AND DUP2 MSTORE PUSH1 0x20 ADD SWAP1 DUP2 MSTORE PUSH1 0x20 ADD PUSH1 0x0 KECCAK256 DUP2 SWAP1 SSTORE POP PUSH2 0xD48 DUP3 PUSH1 0x1 PUSH1 0x0 DUP8 PUSH20 0xFFFFFFFFFFFFFFFFFFFFFFFFFFFFFFFFFFFFFFFF AND PUSH20 0xFFFFFFFFFFFFFFFFFFFFFFFFFFFFFFFFFFFFFFFF AND DUP2 MSTORE PUSH1 0x20 ADD SWAP1 DUP2 MSTORE PUSH1 0x20 ADD PUSH1 0x0 KECCAK256 PUSH1 0x0 CALLER PUSH20 0xFFFFFFFFFFFFFFFFFFFFFFFFFFFFFFFFFFFFFFFF AND PUSH20 0xFFFFFFFFFFFFFFFFFFFFFFFFFFFFFFFFFFFFFFFF AND DUP2 MSTORE PUSH1 0x20 ADD SWAP1 DUP2 MSTORE PUSH1 0x20 ADD PUSH1 0x0 KECCAK256 SLOAD PUSH2 0x1533 SWAP1 SWAP2 SWAP1 PUSH4 0xFFFFFFFF AND JUMP JUMPDEST PUSH1 0x1 PUSH1 0x0 DUP7 PUSH20 0xFFFFFFFFFFFFFFFFFFFFFFFFFFFFFFFFFFFFFFFF AND PUSH20 0xFFFFFFFFFFFFFFFFFFFFFFFFFFFFFFFFFFFFFFFF AND DUP2 MSTORE PUSH1 0x20 ADD SWAP1 DUP2 MSTORE PUSH1 0x20 ADD PUSH1 0x0 KECCAK256 PUSH1 0x0 CALLER PUSH20 0xFFFFFFFFFFFFFFFFFFFFFFFFFFFFFFFFFFFFFFFF AND PUSH20 0xFFFFFFFFFFFFFFFFFFFFFFFFFFFFFFFFFFFFFFFF AND DUP2 MSTORE PUSH1 0x20 ADD SWAP1 DUP2 MSTORE PUSH1 0x20 ADD PUSH1 0x0 KECCAK256 DUP2 SWAP1 SSTORE POP PUSH2 0xE19 DUP3 PUSH1 0x0 DUP1 DUP7 PUSH20 0xFFFFFFFFFFFFFFFFFFFFFFFFFFFFFFFFFFFFFFFF AND PUSH20 0xFFFFFFFFFFFFFFFFFFFFFFFFFFFFFFFFFFFFFFFF AND DUP2 MSTORE PUSH1 0x20 ADD SWAP1 DUP2 MSTORE PUSH1 0x20 ADD PUSH1 0x0 KECCAK256 SLOAD PUSH2 0x154C SWAP1 SWAP2 SWAP1 PUSH4 0xFFFFFFFF AND JUMP JUMPDEST PUSH1 0x0 DUP1 DUP6 PUSH20 0xFFFFFFFFFFFFFFFFFFFFFFFFFFFFFFFFFFFFFFFF AND PUSH20 0xFFFFFFFFFFFFFFFFFFFFFFFFFFFFFFFFFFFFFFFF AND DUP2 MSTORE PUSH1 0x20 ADD SWAP1 DUP2 MSTORE PUSH1 0x20 ADD PUSH1 0x0 KECCAK256 DUP2 SWAP1 SSTORE POP DUP3 PUSH20 0xFFFFFFFFFFFFFFFFFFFFFFFFFFFFFFFFFFFFFFFF AND DUP5 PUSH20 0xFFFFFFFFFFFFFFFFFFFFFFFFFFFFFFFFFFFFFFFF AND PUSH32 0xDDF252AD1BE2C89B69C2B068FC378DAA952BA7F163C4A11628F55A4DF523B3EF DUP5 PUSH1 0x40 MLOAD DUP1 DUP3 DUP2 MSTORE PUSH1 0x20 ADD SWAP2 POP POP PUSH1 0x40 MLOAD DUP1 SWAP2 SUB SWAP1 LOG3 PUSH1 0x1 SWAP1 POP SWAP4 SWAP3 POP POP POP JUMP JUMPDEST PUSH1 0x12 DUP2 JUMP JUMPDEST PUSH1 0x5 PUSH1 0x0 SWAP1 SLOAD SWAP1 PUSH2 0x100 EXP SWAP1 DIV PUSH1 0xFF AND DUP2 JUMP JUMPDEST PUSH1 0x0 DUP1 PUSH1 0x0 DUP4 PUSH20 0xFFFFFFFFFFFFFFFFFFFFFFFFFFFFFFFFFFFFFFFF AND PUSH20 0xFFFFFFFFFFFFFFFFFFFFFFFFFFFFFFFFFFFFFFFF AND DUP2 MSTORE PUSH1 0x20 ADD SWAP1 DUP2 MSTORE PUSH1 0x20 ADD PUSH1 0x0 KECCAK256 SLOAD SWAP1 POP SWAP2 SWAP1 POP JUMP JUMPDEST PUSH1 0x0 PUSH1 0x4 PUSH1 0x0 DUP4 PUSH20 0xFFFFFFFFFFFFFFFFFFFFFFFFFFFFFFFFFFFFFFFF AND PUSH20 0xFFFFFFFFFFFFFFFFFFFFFFFFFFFFFFFFFFFFFFFF AND DUP2 MSTORE PUSH1 0x20 ADD SWAP1 DUP2 MSTORE PUSH1 0x20 ADD PUSH1 0x0 KECCAK256 PUSH1 0x0 SWAP1 SLOAD SWAP1 PUSH2 0x100 EXP SWAP1 DIV PUSH1 0xFF AND SWAP1 POP SWAP2 SWAP1 POP JUMP JUMPDEST PUSH1 0x40 DUP1 MLOAD SWAP1 DUP2 ADD PUSH1 0x40 MSTORE DUP1 PUSH1 0x3 DUP2 MSTORE PUSH1 0x20 ADD PUSH32 0x42434F0000000000000000000000000000000000000000000000000000000000 DUP2 MSTORE POP DUP2 JUMP JUMPDEST PUSH1 0x0 PUSH1 0x2 PUSH1 0x0 SWAP1 SLOAD SWAP1 PUSH2 0x100 EXP SWAP1 DIV PUSH20 0xFFFFFFFFFFFFFFFFFFFFFFFFFFFFFFFFFFFFFFFF AND PUSH20 0xFFFFFFFFFFFFFFFFFFFFFFFFFFFFFFFFFFFFFFFF AND CALLER PUSH20 0xFFFFFFFFFFFFFFFFFFFFFFFFFFFFFFFFFFFFFFFF AND EQ DUP1 PUSH2 0x1025 JUMPI POP PUSH1 0x5 PUSH1 0x0 SWAP1 SLOAD SWAP1 PUSH2 0x100 EXP SWAP1 DIV PUSH1 0xFF AND ISZERO JUMPDEST ISZERO ISZERO PUSH2 0x1030 JUMPI PUSH1 0x0 DUP1 REVERT JUMPDEST PUSH1 0x0 PUSH20 0xFFFFFFFFFFFFFFFFFFFFFFFFFFFFFFFFFFFFFFFF AND DUP4 PUSH20 0xFFFFFFFFFFFFFFFFFFFFFFFFFFFFFFFFFFFFFFFF AND EQ ISZERO ISZERO ISZERO PUSH2 0x106C JUMPI PUSH1 0x0 DUP1 REVERT JUMPDEST ADDRESS PUSH20 0xFFFFFFFFFFFFFFFFFFFFFFFFFFFFFFFFFFFFFFFF AND DUP4 PUSH20 0xFFFFFFFFFFFFFFFFFFFFFFFFFFFFFFFFFFFFFFFF AND EQ ISZERO ISZERO ISZERO PUSH2 0x10A7 JUMPI PUSH1 0x0 DUP1 REVERT JUMPDEST PUSH1 0x0 DUP3 GT ISZERO ISZERO PUSH2 0x10B6 JUMPI PUSH1 0x0 DUP1 REVERT JUMPDEST PUSH1 0x0 DUP1 CALLER PUSH20 0xFFFFFFFFFFFFFFFFFFFFFFFFFFFFFFFFFFFFFFFF AND PUSH20 0xFFFFFFFFFFFFFFFFFFFFFFFFFFFFFFFFFFFFFFFF AND DUP2 MSTORE PUSH1 0x20 ADD SWAP1 DUP2 MSTORE PUSH1 0x20 ADD PUSH1 0x0 KECCAK256 SLOAD DUP3 GT ISZERO ISZERO ISZERO PUSH2 0x1103 JUMPI PUSH1 0x0 DUP1 REVERT JUMPDEST PUSH1 0x0 ISZERO ISZERO PUSH1 0x4 PUSH1 0x0 CALLER PUSH20 0xFFFFFFFFFFFFFFFFFFFFFFFFFFFFFFFFFFFFFFFF AND PUSH20 0xFFFFFFFFFFFFFFFFFFFFFFFFFFFFFFFFFFFFFFFF AND DUP2 MSTORE PUSH1 0x20 ADD SWAP1 DUP2 MSTORE PUSH1 0x20 ADD PUSH1 0x0 KECCAK256 PUSH1 0x0 SWAP1 SLOAD SWAP1 PUSH2 0x100 EXP SWAP1 DIV PUSH1 0xFF AND ISZERO ISZERO EQ ISZERO ISZERO PUSH2 0x1162 JUMPI PUSH1 0x0 DUP1 REVERT JUMPDEST PUSH1 0x0 ISZERO ISZERO PUSH1 0x4 PUSH1 0x0 DUP6 PUSH20 0xFFFFFFFFFFFFFFFFFFFFFFFFFFFFFFFFFFFFFFFF AND PUSH20 0xFFFFFFFFFFFFFFFFFFFFFFFFFFFFFFFFFFFFFFFF AND DUP2 MSTORE PUSH1 0x20 ADD SWAP1 DUP2 MSTORE PUSH1 0x20 ADD PUSH1 0x0 KECCAK256 PUSH1 0x0 SWAP1 SLOAD SWAP1 PUSH2 0x100 EXP SWAP1 DIV PUSH1 0xFF AND ISZERO ISZERO EQ ISZERO ISZERO PUSH2 0x11C1 JUMPI PUSH1 0x0 DUP1 REVERT JUMPDEST PUSH2 0x1212 DUP3 PUSH1 0x0 DUP1 CALLER PUSH20 0xFFFFFFFFFFFFFFFFFFFFFFFFFFFFFFFFFFFFFFFF AND PUSH20 0xFFFFFFFFFFFFFFFFFFFFFFFFFFFFFFFFFFFFFFFF AND DUP2 MSTORE PUSH1 0x20 ADD SWAP1 DUP2 MSTORE PUSH1 0x20 ADD PUSH1 0x0 KECCAK256 SLOAD PUSH2 0x1533 SWAP1 SWAP2 SWAP1 PUSH4 0xFFFFFFFF AND JUMP JUMPDEST PUSH1 0x0 DUP1 CALLER PUSH20 0xFFFFFFFFFFFFFFFFFFFFFFFFFFFFFFFFFFFFFFFF AND PUSH20 0xFFFFFFFFFFFFFFFFFFFFFFFFFFFFFFFFFFFFFFFF AND DUP2 MSTORE PUSH1 0x20 ADD SWAP1 DUP2 MSTORE PUSH1 0x20 ADD PUSH1 0x0 KECCAK256 DUP2 SWAP1 SSTORE POP PUSH2 0x12A5 DUP3 PUSH1 0x0 DUP1 DUP7 PUSH20 0xFFFFFFFFFFFFFFFFFFFFFFFFFFFFFFFFFFFFFFFF AND PUSH20 0xFFFFFFFFFFFFFFFFFFFFFFFFFFFFFFFFFFFFFFFF AND DUP2 MSTORE PUSH1 0x20 ADD SWAP1 DUP2 MSTORE PUSH1 0x20 ADD PUSH1 0x0 KECCAK256 SLOAD PUSH2 0x154C SWAP1 SWAP2 SWAP1 PUSH4 0xFFFFFFFF AND JUMP JUMPDEST PUSH1 0x0 DUP1 DUP6 PUSH20 0xFFFFFFFFFFFFFFFFFFFFFFFFFFFFFFFFFFFFFFFF AND PUSH20 0xFFFFFFFFFFFFFFFFFFFFFFFFFFFFFFFFFFFFFFFF AND DUP2 MSTORE PUSH1 0x20 ADD SWAP1 DUP2 MSTORE PUSH1 0x20 ADD PUSH1 0x0 KECCAK256 DUP2 SWAP1 SSTORE POP DUP3 PUSH20 0xFFFFFFFFFFFFFFFFFFFFFFFFFFFFFFFFFFFFFFFF AND CALLER PUSH20 0xFFFFFFFFFFFFFFFFFFFFFFFFFFFFFFFFFFFFFFFF AND PUSH32 0xDDF252AD1BE2C89B69C2B068FC378DAA952BA7F163C4A11628F55A4DF523B3EF DUP5 PUSH1 0x40 MLOAD DUP1 DUP3 DUP2 MSTORE PUSH1 0x20 ADD SWAP2 POP POP PUSH1 0x40 MLOAD DUP1 SWAP2 SUB SWAP1 LOG3 PUSH1 0x1 SWAP1 POP SWAP3 SWAP2 POP POP JUMP JUMPDEST PUSH1 0x0 PUSH1 0x1 PUSH1 0x0 DUP5 PUSH20 0xFFFFFFFFFFFFFFFFFFFFFFFFFFFFFFFFFFFFFFFF AND PUSH20 0xFFFFFFFFFFFFFFFFFFFFFFFFFFFFFFFFFFFFFFFF AND DUP2 MSTORE PUSH1 0x20 ADD SWAP1 DUP2 MSTORE PUSH1 0x20 ADD PUSH1 0x0 KECCAK256 PUSH1 0x0 DUP4 PUSH20 0xFFFFFFFFFFFFFFFFFFFFFFFFFFFFFFFFFFFFFFFF AND PUSH20 0xFFFFFFFFFFFFFFFFFFFFFFFFFFFFFFFFFFFFFFFF AND DUP2 MSTORE PUSH1 0x20 ADD SWAP1 DUP2 MSTORE PUSH1 0x20 ADD PUSH1 0x0 KECCAK256 SLOAD SWAP1 POP SWAP3 SWAP2 POP POP JUMP JUMPDEST PUSH1 0x2 PUSH1 0x0 SWAP1 SLOAD SWAP1 PUSH2 0x100 EXP SWAP1 DIV PUSH20 0xFFFFFFFFFFFFFFFFFFFFFFFFFFFFFFFFFFFFFFFF AND PUSH20 0xFFFFFFFFFFFFFFFFFFFFFFFFFFFFFFFFFFFFFFFF AND CALLER PUSH20 0xFFFFFFFFFFFFFFFFFFFFFFFFFFFFFFFFFFFFFFFF AND EQ ISZERO ISZERO PUSH2 0x1439 JUMPI PUSH1 0x0 DUP1 REVERT JUMPDEST DUP1 PUSH1 0x5 PUSH1 0x0 PUSH2 0x100 EXP DUP2 SLOAD DUP2 PUSH1 0xFF MUL NOT AND SWAP1 DUP4 ISZERO ISZERO MUL OR SWAP1 SSTORE POP POP JUMP JUMPDEST PUSH1 0x2 PUSH1 0x0 SWAP1 SLOAD SWAP1 PUSH2 0x100 EXP SWAP1 DIV PUSH20 0xFFFFFFFFFFFFFFFFFFFFFFFFFFFFFFFFFFFFFFFF AND DUP2 JUMP JUMPDEST PUSH1 0x2 PUSH1 0x0 SWAP1 SLOAD SWAP1 PUSH2 0x100 EXP SWAP1 DIV PUSH20 0xFFFFFFFFFFFFFFFFFFFFFFFFFFFFFFFFFFFFFFFF AND PUSH20 0xFFFFFFFFFFFFFFFFFFFFFFFFFFFFFFFFFFFFFFFF AND CALLER PUSH20 0xFFFFFFFFFFFFFFFFFFFFFFFFFFFFFFFFFFFFFFFF AND EQ ISZERO ISZERO PUSH2 0x14D8 JUMPI PUSH1 0x0 DUP1 REVERT JUMPDEST DUP1 PUSH1 0x4 PUSH1 0x0 DUP5 PUSH20 0xFFFFFFFFFFFFFFFFFFFFFFFFFFFFFFFFFFFFFFFF AND PUSH20 0xFFFFFFFFFFFFFFFFFFFFFFFFFFFFFFFFFFFFFFFF AND DUP2 MSTORE PUSH1 0x20 ADD SWAP1 DUP2 MSTORE PUSH1 0x20 ADD PUSH1 0x0 KECCAK256 PUSH1 0x0 PUSH2 0x100 EXP DUP2 SLOAD DUP2 PUSH1 0xFF MUL NOT AND SWAP1 DUP4 ISZERO ISZERO MUL OR SWAP1 SSTORE POP POP POP JUMP JUMPDEST PUSH1 0x0 DUP3 DUP3 GT ISZERO ISZERO ISZERO PUSH2 0x1541 JUMPI INVALID JUMPDEST DUP2 DUP4 SUB SWAP1 POP SWAP3 SWAP2 POP POP JUMP JUMPDEST PUSH1 0x0 DUP1 DUP3 DUP5 ADD SWAP1 POP DUP4 DUP2 LT ISZERO ISZERO ISZERO PUSH2 0x1560 JUMPI INVALID JUMPDEST DUP1 SWAP2 POP POP SWAP3 SWAP2 POP POP JUMP JUMPDEST PUSH1 0x0 DUP1 PUSH1 0x0 DUP5 EQ ISZERO PUSH2 0x157F JUMPI PUSH1 0x0 SWAP2 POP PUSH2 0x159E JUMP JUMPDEST DUP3 DUP5 MUL SWAP1 POP DUP3 DUP5 DUP3 DUP2 ISZERO ISZERO PUSH2 0x1590 JUMPI INVALID JUMPDEST DIV EQ ISZERO ISZERO PUSH2 0x159A JUMPI INVALID JUMPDEST DUP1 SWAP2 POP JUMPDEST POP SWAP3 SWAP2 POP POP JUMP STOP LOG1 PUSH6 0x627A7A723058 KECCAK256 0xe8 XOR LOG4 0xc4 0xce RETURN ADD PUSH19 0xBC9A87EE352D5F5A7DAF94EBEA3F9193EBCCA PUSH6 0xD5A70AC30029
0,PUSH1 0x80 PUSH1 0x40 MSTORE CALLVALUE DUP1 ISZERO PUSH2 0x10 JUMPI PUSH1 0x0 DUP1 REVERT JUMPDEST POP PUSH2 0x416 DUP1 PUSH2 0x20 PUSH1 0x0 CODECOPY PUSH1 0x0 RETURN STOP PUSH1 0x80 PUSH1 0x40 MSTORE PUSH1 0x4 CALLDATASIZE LT PUSH2 0x57 JUMPI PUSH1 0x0 CALLDATALOAD PUSH29 0x100000000000000000000000000000000000000000000000000000000 SWAP1 DIV PUSH4 0xFFFFFFFF AND DUP1 PUSH4 0x18160DDD EQ PUSH2 0x5C JUMPI DUP1 PUSH4 0x70A08231 EQ PUSH2 0x87 JUMPI DUP1 PUSH4 0xA9059CBB EQ PUSH2 0xDE JUMPI JUMPDEST PUSH1 0x0 DUP1 REVERT JUMPDEST CALLVALUE DUP1 ISZERO PUSH2 0x68 JUMPI PUSH1 0x0 DUP1 REVERT JUMPDEST POP PUSH2 0x71 PUSH2 0x143 JUMP JUMPDEST PUSH1 0x40 MLOAD DUP1 DUP3 DUP2 MSTORE PUSH1 0x20 ADD SWAP2 POP POP PUSH1 0x40 MLOAD DUP1 SWAP2 SUB SWAP1 RETURN JUMPDEST CALLVALUE DUP1 ISZERO PUSH2 0x93 JUMPI PUSH1 0x0 DUP1 REVERT JUMPDEST POP PUSH2 0xC8 PUSH1 0x4 DUP1 CALLDATASIZE SUB DUP2 ADD SWAP1 DUP1 DUP1 CALLDATALOAD PUSH20 0xFFFFFFFFFFFFFFFFFFFFFFFFFFFFFFFFFFFFFFFF AND SWAP1 PUSH1 0x20 ADD SWAP1 SWAP3 SWAP2 SWAP1 POP POP POP PUSH2 0x14D JUMP JUMPDEST PUSH1 0x40 MLOAD DUP1 DUP3 DUP2 MSTORE PUSH1 0x20 ADD SWAP2 POP POP PUSH1 0x40 MLOAD DUP1 SWAP2 SUB SWAP1 RETURN JUMPDEST CALLVALUE DUP1 ISZERO PUSH2 0xEA JUMPI PUSH1 0x0 DUP1 REVERT JUMPDEST POP PUSH2 0x129 PUSH1 0x4 DUP1 CALLDATASIZE SUB DUP2 ADD SWAP1 DUP1 DUP1 CALLDATALOAD PUSH20 0xFFFFFFFFFFFFFFFFFFFFFFFFFFFFFFFFFFFFFFFF AND SWAP1 PUSH1 0x20 ADD SWAP1 SWAP3 SWAP2 SWAP1 DUP1 CALLDATALOAD SWAP1 PUSH1 0x20 ADD SWAP1 SWAP3 SWAP2 SWAP1 POP POP POP PUSH2 0x195 JUMP JUMPDEST PUSH1 0x40 MLOAD DUP1 DUP3 ISZERO ISZERO ISZERO ISZERO DUP2 MSTORE PUSH1 0x20 ADD SWAP2 POP POP PUSH1 0x40 MLOAD DUP1 SWAP2 SUB SWAP1 RETURN JUMPDEST PUSH1 0x0 PUSH1 0x1 SLOAD SWAP1 POP SWAP1 JUMP JUMPDEST PUSH1 0x0 DUP1 PUSH1 0x0 DUP4 PUSH20 0xFFFFFFFFFFFFFFFFFFFFFFFFFFFFFFFFFFFFFFFF AND PUSH20 0xFFFFFFFFFFFFFFFFFFFFFFFFFFFFFFFFFFFFFFFF AND DUP2 MSTORE PUSH1 0x20 ADD SWAP1 DUP2 MSTORE PUSH1 0x20 ADD PUSH1 0x0 KECCAK256 SLOAD SWAP1 POP SWAP2 SWAP1 POP JUMP JUMPDEST PUSH1 0x0 DUP1 PUSH1 0x0 CALLER PUSH20 0xFFFFFFFFFFFFFFFFFFFFFFFFFFFFFFFFFFFFFFFF AND PUSH20 0xFFFFFFFFFFFFFFFFFFFFFFFFFFFFFFFFFFFFFFFF AND DUP2 MSTORE PUSH1 0x20 ADD SWAP1 DUP2 MSTORE PUSH1 0x20 ADD PUSH1 0x0 KECCAK256 SLOAD DUP3 GT ISZERO ISZERO ISZERO PUSH2 0x1E4 JUMPI PUSH1 0x0 DUP1 REVERT JUMPDEST PUSH1 0x0 PUSH20 0xFFFFFFFFFFFFFFFFFFFFFFFFFFFFFFFFFFFFFFFF AND DUP4 PUSH20 0xFFFFFFFFFFFFFFFFFFFFFFFFFFFFFFFFFFFFFFFF AND EQ ISZERO ISZERO ISZERO PUSH2 0x220 JUMPI PUSH1 0x0 DUP1 REVERT JUMPDEST PUSH2 0x271 DUP3 PUSH1 0x0 DUP1 CALLER PUSH20 0xFFFFFFFFFFFFFFFFFFFFFFFFFFFFFFFFFFFFFFFF AND PUSH20 0xFFFFFFFFFFFFFFFFFFFFFFFFFFFFFFFFFFFFFFFF AND DUP2 MSTORE PUSH1 0x20 ADD SWAP1 DUP2 MSTORE PUSH1 0x20 ADD PUSH1 0x0 KECCAK256 SLOAD PUSH2 0x3B5 SWAP1 SWAP2 SWAP1 PUSH4 0xFFFFFFFF AND JUMP JUMPDEST PUSH1 0x0 DUP1 CALLER PUSH20 0xFFFFFFFFFFFFFFFFFFFFFFFFFFFFFFFFFFFFFFFF AND PUSH20 0xFFFFFFFFFFFFFFFFFFFFFFFFFFFFFFFFFFFFFFFF AND DUP2 MSTORE PUSH1 0x20 ADD SWAP1 DUP2 MSTORE PUSH1 0x20 ADD PUSH1 0x0 KECCAK256 DUP2 SWAP1 SSTORE POP PUSH2 0x304 DUP3 PUSH1 0x0 DUP1 DUP7 PUSH20 0xFFFFFFFFFFFFFFFFFFFFFFFFFFFFFFFFFFFFFFFF AND PUSH20 0xFFFFFFFFFFFFFFFFFFFFFFFFFFFFFFFFFFFFFFFF AND DUP2 MSTORE PUSH1 0x20 ADD SWAP1 DUP2 MSTORE PUSH1 0x20 ADD PUSH1 0x0 KECCAK256 SLOAD PUSH2 0x3CE SWAP1 SWAP2 SWAP1 PUSH4 0xFFFFFFFF AND JUMP JUMPDEST PUSH1 0x0 DUP1 DUP6 PUSH20 0xFFFFFFFFFFFFFFFFFFFFFFFFFFFFFFFFFFFFFFFF AND PUSH20 0xFFFFFFFFFFFFFFFFFFFFFFFFFFFFFFFFFFFFFFFF AND DUP2 MSTORE PUSH1 0x20 ADD SWAP1 DUP2 MSTORE PUSH1 0x20 ADD PUSH1 0x0 KECCAK256 DUP2 SWAP1 SSTORE POP DUP3 PUSH20 0xFFFFFFFFFFFFFFFFFFFFFFFFFFFFFFFFFFFFFFFF AND CALLER PUSH20 0xFFFFFFFFFFFFFFFFFFFFFFFFFFFFFFFFFFFFFFFF AND PUSH32 0xDDF252AD1BE2C89B69C2B068FC378DAA952BA7F163C4A11628F55A4DF523B3EF DUP5 PUSH1 0x40 MLOAD DUP1 DUP3 DUP2 MSTORE PUSH1 0x20 ADD SWAP2 POP POP PUSH1 0x40 MLOAD DUP1 SWAP2 SUB SWAP1 LOG3 PUSH1 0x1 SWAP1 POP SWAP3 SWAP2 POP POP JUMP JUMPDEST PUSH1 0x0 DUP3 DUP3 GT ISZERO ISZERO ISZERO PUSH2 0x3C3 JUMPI INVALID JUMPDEST DUP2 DUP4 SUB SWAP1 POP SWAP3 SWAP2 POP POP JUMP JUMPDEST PUSH1 0x0 DUP2 DUP4 ADD SWAP1 POP DUP3 DUP2 LT ISZERO ISZERO ISZERO PUSH2 0x3E1 JUMPI INVALID JUMPDEST DUP1 SWAP1 POP SWAP3 SWAP2 POP POP JUMP STOP LOG1 PUSH6 0x627A7A723058 KECCAK256 CALLER PUSH26 0x163EE94448772A6D129011B43B5D28F5B633EA9090CDD225C42D 0x47 RETURN SWAP8 0x4d STOP 0x29
0,PUSH1 0x80 PUSH1 0x40 MSTORE CALLVALUE DUP1 ISZERO PUSH2 0x10 JUMPI PUSH1 0x0 DUP1 REVERT JUMPDEST POP PUSH2 0x416 DUP1 PUSH2 0x20 PUSH1 0x0 CODECOPY PUSH1 0x0 RETURN STOP PUSH1 0x80 PUSH1 0x40 MSTORE PUSH1 0x4 CALLDATASIZE LT PUSH2 0x57 JUMPI PUSH1 0x0 CALLDATALOAD PUSH29 0x100000000000000000000000000000000000000000000000000000000 SWAP1 DIV PUSH4 0xFFFFFFFF AND DUP1 PUSH4 0x18160DDD EQ PUSH2 0x5C JUMPI DUP1 PUSH4 0x70A08231 EQ PUSH2 0x87 JUMPI DUP1 PUSH4 0xA9059CBB EQ PUSH2 0xDE JUMPI JUMPDEST PUSH1 0x0 DUP1 REVERT JUMPDEST CALLVALUE DUP1 ISZERO PUSH2 0x68 JUMPI PUSH1 0x0 DUP1 REVERT JUMPDEST POP PUSH2 0x71 PUSH2 0x143 JUMP JUMPDEST PUSH1 0x40 MLOAD DUP1 DUP3 DUP2 MSTORE PUSH1 0x20 ADD SWAP2 POP POP PUSH1 0x40 MLOAD DUP1 SWAP2 SUB SWAP1 RETURN JUMPDEST CALLVALUE DUP1 ISZERO PUSH2 0x93 JUMPI PUSH1 0x0 DUP1 REVERT JUMPDEST POP PUSH2 0xC8 PUSH1 0x4 DUP1 CALLDATASIZE SUB DUP2 ADD SWAP1 DUP1 DUP1 CALLDATALOAD PUSH20 0xFFFFFFFFFFFFFFFFFFFFFFFFFFFFFFFFFFFFFFFF AND SWAP1 PUSH1 0x20 ADD SWAP1 SWAP3 SWAP2 SWAP1 POP POP POP PUSH2 0x14D JUMP JUMPDEST PUSH1 0x40 MLOAD DUP1 DUP3 DUP2 MSTORE PUSH1 0x20 ADD SWAP2 POP POP PUSH1 0x40 MLOAD DUP1 SWAP2 SUB SWAP1 RETURN JUMPDEST CALLVALUE DUP1 ISZERO PUSH2 0xEA JUMPI PUSH1 0x0 DUP1 REVERT JUMPDEST POP PUSH2 0x129 PUSH1 0x4 DUP1 CALLDATASIZE SUB DUP2 ADD SWAP1 DUP1 DUP1 CALLDATALOAD PUSH20 0xFFFFFFFFFFFFFFFFFFFFFFFFFFFFFFFFFFFFFFFF AND SWAP1 PUSH1 0x20 ADD SWAP1 SWAP3 SWAP2 SWAP1 DUP1 CALLDATALOAD SWAP1 PUSH1 0x20 ADD SWAP1 SWAP3 SWAP2 SWAP1 POP POP POP PUSH2 0x195 JUMP JUMPDEST PUSH1 0x40 MLOAD DUP1 DUP3 ISZERO ISZERO ISZERO ISZERO DUP2 MSTORE PUSH1 0x20 ADD SWAP2 POP POP PUSH1 0x40 MLOAD DUP1 SWAP2 SUB SWAP1 RETURN JUMPDEST PUSH1 0x0 PUSH1 0x1 SLOAD SWAP1 POP SWAP1 JUMP JUMPDEST PUSH1 0x0 DUP1 PUSH1 0x0 DUP4 PUSH20 0xFFFFFFFFFFFFFFFFFFFFFFFFFFFFFFFFFFFFFFFF AND PUSH20 0xFFFFFFFFFFFFFFFFFFFFFFFFFFFFFFFFFFFFFFFF AND DUP2 MSTORE PUSH1 0x20 ADD SWAP1 DUP2 MSTORE PUSH1 0x20 ADD PUSH1 0x0 KECCAK256 SLOAD SWAP1 POP SWAP2 SWAP1 POP JUMP JUMPDEST PUSH1 0x0 DUP1 PUSH1 0x0 CALLER PUSH20 0xFFFFFFFFFFFFFFFFFFFFFFFFFFFFFFFFFFFFFFFF AND PUSH20 0xFFFFFFFFFFFFFFFFFFFFFFFFFFFFFFFFFFFFFFFF AND DUP2 MSTORE PUSH1 0x20 ADD SWAP1 DUP2 MSTORE PUSH1 0x20 ADD PUSH1 0x0 KECCAK256 SLOAD DUP3 GT ISZERO ISZERO ISZERO PUSH2 0x1E4 JUMPI PUSH1 0x0 DUP1 REVERT JUMPDEST PUSH1 0x0 PUSH20 0xFFFFFFFFFFFFFFFFFFFFFFFFFFFFFFFFFFFFFFFF AND DUP4 PUSH20 0xFFFFFFFFFFFFFFFFFFFFFFFFFFFFFFFFFFFFFFFF AND EQ ISZERO ISZERO ISZERO PUSH2 0x220 JUMPI PUSH1 0x0 DUP1 REVERT JUMPDEST PUSH2 0x271 DUP3 PUSH1 0x0 DUP1 CALLER PUSH20 0xFFFFFFFFFFFFFFFFFFFFFFFFFFFFFFFFFFFFFFFF AND PUSH20 0xFFFFFFFFFFFFFFFFFFFFFFFFFFFFFFFFFFFFFFFF AND DUP2 MSTORE PUSH1 0x20 ADD SWAP1 DUP2 MSTORE PUSH1 0x20 ADD PUSH1 0x0 KECCAK256 SLOAD PUSH2 0x3B5 SWAP1 SWAP2 SWAP1 PUSH4 0xFFFFFFFF AND JUMP JUMPDEST PUSH1 0x0 DUP1 CALLER PUSH20 0xFFFFFFFFFFFFFFFFFFFFFFFFFFFFFFFFFFFFFFFF AND PUSH20 0xFFFFFFFFFFFFFFFFFFFFFFFFFFFFFFFFFFFFFFFF AND DUP2 MSTORE PUSH1 0x20 ADD SWAP1 DUP2 MSTORE PUSH1 0x20 ADD PUSH1 0x0 KECCAK256 DUP2 SWAP1 SSTORE POP PUSH2 0x304 DUP3 PUSH1 0x0 DUP1 DUP7 PUSH20 0xFFFFFFFFFFFFFFFFFFFFFFFFFFFFFFFFFFFFFFFF AND PUSH20 0xFFFFFFFFFFFFFFFFFFFFFFFFFFFFFFFFFFFFFFFF AND DUP2 MSTORE PUSH1 0x20 ADD SWAP1 DUP2 MSTORE PUSH1 0x20 ADD PUSH1 0x0 KECCAK256 SLOAD PUSH2 0x3CE SWAP1 SWAP2 SWAP1 PUSH4 0xFFFFFFFF AND JUMP JUMPDEST PUSH1 0x0 DUP1 DUP6 PUSH20 0xFFFFFFFFFFFFFFFFFFFFFFFFFFFFFFFFFFFFFFFF AND PUSH20 0xFFFFFFFFFFFFFFFFFFFFFFFFFFFFFFFFFFFFFFFF AND DUP2 MSTORE PUSH1 0x20 ADD SWAP1 DUP2 MSTORE PUSH1 0x20 ADD PUSH1 0x0 KECCAK256 DUP2 SWAP1 SSTORE POP DUP3 PUSH20 0xFFFFFFFFFFFFFFFFFFFFFFFFFFFFFFFFFFFFFFFF AND CALLER PUSH20 0xFFFFFFFFFFFFFFFFFFFFFFFFFFFFFFFFFFFFFFFF AND PUSH32 0xDDF252AD1BE2C89B69C2B068FC378DAA952BA7F163C4A11628F55A4DF523B3EF DUP5 PUSH1 0x40 MLOAD DUP1 DUP3 DUP2 MSTORE PUSH1 0x20 ADD SWAP2 POP POP PUSH1 0x40 MLOAD DUP1 SWAP2 SUB SWAP1 LOG3 PUSH1 0x1 SWAP1 POP SWAP3 SWAP2 POP POP JUMP JUMPDEST PUSH1 0x0 DUP3 DUP3 GT ISZERO ISZERO ISZERO PUSH2 0x3C3 JUMPI INVALID JUMPDEST DUP2 DUP4 SUB SWAP1 POP SWAP3 SWAP2 POP POP JUMP JUMPDEST PUSH1 0x0 DUP2 DUP4 ADD SWAP1 POP DUP3 DUP2 LT ISZERO ISZERO ISZERO PUSH2 0x3E1 JUMPI INVALID JUMPDEST DUP1 SWAP1 POP SWAP3 SWAP2 POP POP JUMP STOP LOG1 PUSH6 0x627A7A723058 KECCAK256 GASPRICE DUP5 DELEGATECALL BALANCE 0xf6 0xfc PUSH30 0x30372785C30288F84A255D27319555698B96B37C4CDAFEFEDC0029000000
0,PUSH1 0x80 PUSH1 0x40 MSTORE CALLVALUE DUP1 ISZERO PUSH2 0x10 JUMPI PUSH1 0x0 DUP1 REVERT JUMPDEST POP PUSH2 0x416 DUP1 PUSH2 0x20 PUSH1 0x0 CODECOPY PUSH1 0x0 RETURN STOP PUSH1 0x80 PUSH1 0x40 MSTORE PUSH1 0x4 CALLDATASIZE LT PUSH2 0x57 JUMPI PUSH1 0x0 CALLDATALOAD PUSH29 0x100000000000000000000000000000000000000000000000000000000 SWAP1 DIV PUSH4 0xFFFFFFFF AND DUP1 PUSH4 0x18160DDD EQ PUSH2 0x5C JUMPI DUP1 PUSH4 0x70A08231 EQ PUSH2 0x87 JUMPI DUP1 PUSH4 0xA9059CBB EQ PUSH2 0xDE JUMPI JUMPDEST PUSH1 0x0 DUP1 REVERT JUMPDEST CALLVALUE DUP1 ISZERO PUSH2 0x68 JUMPI PUSH1 0x0 DUP1 REVERT JUMPDEST POP PUSH2 0x71 PUSH2 0x143 JUMP JUMPDEST PUSH1 0x40 MLOAD DUP1 DUP3 DUP2 MSTORE PUSH1 0x20 ADD SWAP2 POP POP PUSH1 0x40 MLOAD DUP1 SWAP2 SUB SWAP1 RETURN JUMPDEST CALLVALUE DUP1 ISZERO PUSH2 0x93 JUMPI PUSH1 0x0 DUP1 REVERT JUMPDEST POP PUSH2 0xC8 PUSH1 0x4 DUP1 CALLDATASIZE SUB DUP2 ADD SWAP1 DUP1 DUP1 CALLDATALOAD PUSH20 0xFFFFFFFFFFFFFFFFFFFFFFFFFFFFFFFFFFFFFFFF AND SWAP1 PUSH1 0x20 ADD SWAP1 SWAP3 SWAP2 SWAP1 POP POP POP PUSH2 0x14D JUMP JUMPDEST PUSH1 0x40 MLOAD DUP1 DUP3 DUP2 MSTORE PUSH1 0x20 ADD SWAP2 POP POP PUSH1 0x40 MLOAD DUP1 SWAP2 SUB SWAP1 RETURN JUMPDEST CALLVALUE DUP1 ISZERO PUSH2 0xEA JUMPI PUSH1 0x0 DUP1 REVERT JUMPDEST POP PUSH2 0x129 PUSH1 0x4 DUP1 CALLDATASIZE SUB DUP2 ADD SWAP1 DUP1 DUP1 CALLDATALOAD PUSH20 0xFFFFFFFFFFFFFFFFFFFFFFFFFFFFFFFFFFFFFFFF AND SWAP1 PUSH1 0x20 ADD SWAP1 SWAP3 SWAP2 SWAP1 DUP1 CALLDATALOAD SWAP1 PUSH1 0x20 ADD SWAP1 SWAP3 SWAP2 SWAP1 POP POP POP PUSH2 0x195 JUMP JUMPDEST PUSH1 0x40 MLOAD DUP1 DUP3 ISZERO ISZERO ISZERO ISZERO DUP2 MSTORE PUSH1 0x20 ADD SWAP2 POP POP PUSH1 0x40 MLOAD DUP1 SWAP2 SUB SWAP1 RETURN JUMPDEST PUSH1 0x0 PUSH1 0x1 SLOAD SWAP1 POP SWAP1 JUMP JUMPDEST PUSH1 0x0 DUP1 PUSH1 0x0 DUP4 PUSH20 0xFFFFFFFFFFFFFFFFFFFFFFFFFFFFFFFFFFFFFFFF AND PUSH20 0xFFFFFFFFFFFFFFFFFFFFFFFFFFFFFFFFFFFFFFFF AND DUP2 MSTORE PUSH1 0x20 ADD SWAP1 DUP2 MSTORE PUSH1 0x20 ADD PUSH1 0x0 KECCAK256 SLOAD SWAP1 POP SWAP2 SWAP1 POP JUMP JUMPDEST PUSH1 0x0 DUP1 PUSH1 0x0 CALLER PUSH20 0xFFFFFFFFFFFFFFFFFFFFFFFFFFFFFFFFFFFFFFFF AND PUSH20 0xFFFFFFFFFFFFFFFFFFFFFFFFFFFFFFFFFFFFFFFF AND DUP2 MSTORE PUSH1 0x20 ADD SWAP1 DUP2 MSTORE PUSH1 0x20 ADD PUSH1 0x0 KECCAK256 SLOAD DUP3 GT ISZERO ISZERO ISZERO PUSH2 0x1E4 JUMPI PUSH1 0x0 DUP1 REVERT JUMPDEST PUSH1 0x0 PUSH20 0xFFFFFFFFFFFFFFFFFFFFFFFFFFFFFFFFFFFFFFFF AND DUP4 PUSH20 0xFFFFFFFFFFFFFFFFFFFFFFFFFFFFFFFFFFFFFFFF AND EQ ISZERO ISZERO ISZERO PUSH2 0x220 JUMPI PUSH1 0x0 DUP1 REVERT JUMPDEST PUSH2 0x271 DUP3 PUSH1 0x0 DUP1 CALLER PUSH20 0xFFFFFFFFFFFFFFFFFFFFFFFFFFFFFFFFFFFFFFFF AND PUSH20 0xFFFFFFFFFFFFFFFFFFFFFFFFFFFFFFFFFFFFFFFF AND DUP2 MSTORE PUSH1 0x20 ADD SWAP1 DUP2 MSTORE PUSH1 0x20 ADD PUSH1 0x0 KECCAK256 SLOAD PUSH2 0x3B5 SWAP1 SWAP2 SWAP1 PUSH4 0xFFFFFFFF AND JUMP JUMPDEST PUSH1 0x0 DUP1 CALLER PUSH20 0xFFFFFFFFFFFFFFFFFFFFFFFFFFFFFFFFFFFFFFFF AND PUSH20 0xFFFFFFFFFFFFFFFFFFFFFFFFFFFFFFFFFFFFFFFF AND DUP2 MSTORE PUSH1 0x20 ADD SWAP1 DUP2 MSTORE PUSH1 0x20 ADD PUSH1 0x0 KECCAK256 DUP2 SWAP1 SSTORE POP PUSH2 0x304 DUP3 PUSH1 0x0 DUP1 DUP7 PUSH20 0xFFFFFFFFFFFFFFFFFFFFFFFFFFFFFFFFFFFFFFFF AND PUSH20 0xFFFFFFFFFFFFFFFFFFFFFFFFFFFFFFFFFFFFFFFF AND DUP2 MSTORE PUSH1 0x20 ADD SWAP1 DUP2 MSTORE PUSH1 0x20 ADD PUSH1 0x0 KECCAK256 SLOAD PUSH2 0x3CE SWAP1 SWAP2 SWAP1 PUSH4 0xFFFFFFFF AND JUMP JUMPDEST PUSH1 0x0 DUP1 DUP6 PUSH20 0xFFFFFFFFFFFFFFFFFFFFFFFFFFFFFFFFFFFFFFFF AND PUSH20 0xFFFFFFFFFFFFFFFFFFFFFFFFFFFFFFFFFFFFFFFF AND DUP2 MSTORE PUSH1 0x20 ADD SWAP1 DUP2 MSTORE PUSH1 0x20 ADD PUSH1 0x0 KECCAK256 DUP2 SWAP1 SSTORE POP DUP3 PUSH20 0xFFFFFFFFFFFFFFFFFFFFFFFFFFFFFFFFFFFFFFFF AND CALLER PUSH20 0xFFFFFFFFFFFFFFFFFFFFFFFFFFFFFFFFFFFFFFFF AND PUSH32 0xDDF252AD1BE2C89B69C2B068FC378DAA952BA7F163C4A11628F55A4DF523B3EF DUP5 PUSH1 0x40 MLOAD DUP1 DUP3 DUP2 MSTORE PUSH1 0x20 ADD SWAP2 POP POP PUSH1 0x40 MLOAD DUP1 SWAP2 SUB SWAP1 LOG3 PUSH1 0x1 SWAP1 POP SWAP3 SWAP2 POP POP JUMP JUMPDEST PUSH1 0x0 DUP3 DUP3 GT ISZERO ISZERO ISZERO PUSH2 0x3C3 JUMPI INVALID JUMPDEST DUP2 DUP4 SUB SWAP1 POP SWAP3 SWAP2 POP POP JUMP JUMPDEST PUSH1 0x0 DUP2 DUP4 ADD SWAP1 POP DUP3 DUP2 LT ISZERO ISZERO ISZERO PUSH2 0x3E1 JUMPI INVALID JUMPDEST DUP1 SWAP1 POP SWAP3 SWAP2 POP POP JUMP STOP LOG1 PUSH6 0x627A7A723058 KECCAK256 CALLER PUSH26 0x163EE94448772A6D129011B43B5D28F5B633EA9090CDD225C42D 0x47 RETURN SWAP8 0x4d STOP 0x29
0,PUSH1 0x80 PUSH1 0x40 MSTORE CALLVALUE DUP1 ISZERO PUSH2 0x10 JUMPI PUSH1 0x0 DUP1 REVERT JUMPDEST POP PUSH2 0x416 DUP1 PUSH2 0x20 PUSH1 0x0 CODECOPY PUSH1 0x0 RETURN STOP PUSH1 0x80 PUSH1 0x40 MSTORE PUSH1 0x4 CALLDATASIZE LT PUSH2 0x57 JUMPI PUSH1 0x0 CALLDATALOAD PUSH29 0x100000000000000000000000000000000000000000000000000000000 SWAP1 DIV PUSH4 0xFFFFFFFF AND DUP1 PUSH4 0x18160DDD EQ PUSH2 0x5C JUMPI DUP1 PUSH4 0x70A08231 EQ PUSH2 0x87 JUMPI DUP1 PUSH4 0xA9059CBB EQ PUSH2 0xDE JUMPI JUMPDEST PUSH1 0x0 DUP1 REVERT JUMPDEST CALLVALUE DUP1 ISZERO PUSH2 0x68 JUMPI PUSH1 0x0 DUP1 REVERT JUMPDEST POP PUSH2 0x71 PUSH2 0x143 JUMP JUMPDEST PUSH1 0x40 MLOAD DUP1 DUP3 DUP2 MSTORE PUSH1 0x20 ADD SWAP2 POP POP PUSH1 0x40 MLOAD DUP1 SWAP2 SUB SWAP1 RETURN JUMPDEST CALLVALUE DUP1 ISZERO PUSH2 0x93 JUMPI PUSH1 0x0 DUP1 REVERT JUMPDEST POP PUSH2 0xC8 PUSH1 0x4 DUP1 CALLDATASIZE SUB DUP2 ADD SWAP1 DUP1 DUP1 CALLDATALOAD PUSH20 0xFFFFFFFFFFFFFFFFFFFFFFFFFFFFFFFFFFFFFFFF AND SWAP1 PUSH1 0x20 ADD SWAP1 SWAP3 SWAP2 SWAP1 POP POP POP PUSH2 0x14D JUMP JUMPDEST PUSH1 0x40 MLOAD DUP1 DUP3 DUP2 MSTORE PUSH1 0x20 ADD SWAP2 POP POP PUSH1 0x40 MLOAD DUP1 SWAP2 SUB SWAP1 RETURN JUMPDEST CALLVALUE DUP1 ISZERO PUSH2 0xEA JUMPI PUSH1 0x0 DUP1 REVERT JUMPDEST POP PUSH2 0x129 PUSH1 0x4 DUP1 CALLDATASIZE SUB DUP2 ADD SWAP1 DUP1 DUP1 CALLDATALOAD PUSH20 0xFFFFFFFFFFFFFFFFFFFFFFFFFFFFFFFFFFFFFFFF AND SWAP1 PUSH1 0x20 ADD SWAP1 SWAP3 SWAP2 SWAP1 DUP1 CALLDATALOAD SWAP1 PUSH1 0x20 ADD SWAP1 SWAP3 SWAP2 SWAP1 POP POP POP PUSH2 0x195 JUMP JUMPDEST PUSH1 0x40 MLOAD DUP1 DUP3 ISZERO ISZERO ISZERO ISZERO DUP2 MSTORE PUSH1 0x20 ADD SWAP2 POP POP PUSH1 0x40 MLOAD DUP1 SWAP2 SUB SWAP1 RETURN JUMPDEST PUSH1 0x0 PUSH1 0x1 SLOAD SWAP1 POP SWAP1 JUMP JUMPDEST PUSH1 0x0 DUP1 PUSH1 0x0 DUP4 PUSH20 0xFFFFFFFFFFFFFFFFFFFFFFFFFFFFFFFFFFFFFFFF AND PUSH20 0xFFFFFFFFFFFFFFFFFFFFFFFFFFFFFFFFFFFFFFFF AND DUP2 MSTORE PUSH1 0x20 ADD SWAP1 DUP2 MSTORE PUSH1 0x20 ADD PUSH1 0x0 KECCAK256 SLOAD SWAP1 POP SWAP2 SWAP1 POP JUMP JUMPDEST PUSH1 0x0 DUP1 PUSH1 0x0 CALLER PUSH20 0xFFFFFFFFFFFFFFFFFFFFFFFFFFFFFFFFFFFFFFFF AND PUSH20 0xFFFFFFFFFFFFFFFFFFFFFFFFFFFFFFFFFFFFFFFF AND DUP2 MSTORE PUSH1 0x20 ADD SWAP1 DUP2 MSTORE PUSH1 0x20 ADD PUSH1 0x0 KECCAK256 SLOAD DUP3 GT ISZERO ISZERO ISZERO PUSH2 0x1E4 JUMPI PUSH1 0x0 DUP1 REVERT JUMPDEST PUSH1 0x0 PUSH20 0xFFFFFFFFFFFFFFFFFFFFFFFFFFFFFFFFFFFFFFFF AND DUP4 PUSH20 0xFFFFFFFFFFFFFFFFFFFFFFFFFFFFFFFFFFFFFFFF AND EQ ISZERO ISZERO ISZERO PUSH2 0x220 JUMPI PUSH1 0x0 DUP1 REVERT JUMPDEST PUSH2 0x271 DUP3 PUSH1 0x0 DUP1 CALLER PUSH20 0xFFFFFFFFFFFFFFFFFFFFFFFFFFFFFFFFFFFFFFFF AND PUSH20 0xFFFFFFFFFFFFFFFFFFFFFFFFFFFFFFFFFFFFFFFF AND DUP2 MSTORE PUSH1 0x20 ADD SWAP1 DUP2 MSTORE PUSH1 0x20 ADD PUSH1 0x0 KECCAK256 SLOAD PUSH2 0x3B5 SWAP1 SWAP2 SWAP1 PUSH4 0xFFFFFFFF AND JUMP JUMPDEST PUSH1 0x0 DUP1 CALLER PUSH20 0xFFFFFFFFFFFFFFFFFFFFFFFFFFFFFFFFFFFFFFFF AND PUSH20 0xFFFFFFFFFFFFFFFFFFFFFFFFFFFFFFFFFFFFFFFF AND DUP2 MSTORE PUSH1 0x20 ADD SWAP1 DUP2 MSTORE PUSH1 0x20 ADD PUSH1 0x0 KECCAK256 DUP2 SWAP1 SSTORE POP PUSH2 0x304 DUP3 PUSH1 0x0 DUP1 DUP7 PUSH20 0xFFFFFFFFFFFFFFFFFFFFFFFFFFFFFFFFFFFFFFFF AND PUSH20 0xFFFFFFFFFFFFFFFFFFFFFFFFFFFFFFFFFFFFFFFF AND DUP2 MSTORE PUSH1 0x20 ADD SWAP1 DUP2 MSTORE PUSH1 0x20 ADD PUSH1 0x0 KECCAK256 SLOAD PUSH2 0x3CE SWAP1 SWAP2 SWAP1 PUSH4 0xFFFFFFFF AND JUMP JUMPDEST PUSH1 0x0 DUP1 DUP6 PUSH20 0xFFFFFFFFFFFFFFFFFFFFFFFFFFFFFFFFFFFFFFFF AND PUSH20 0xFFFFFFFFFFFFFFFFFFFFFFFFFFFFFFFFFFFFFFFF AND DUP2 MSTORE PUSH1 0x20 ADD SWAP1 DUP2 MSTORE PUSH1 0x20 ADD PUSH1 0x0 KECCAK256 DUP2 SWAP1 SSTORE POP DUP3 PUSH20 0xFFFFFFFFFFFFFFFFFFFFFFFFFFFFFFFFFFFFFFFF AND CALLER PUSH20 0xFFFFFFFFFFFFFFFFFFFFFFFFFFFFFFFFFFFFFFFF AND PUSH32 0xDDF252AD1BE2C89B69C2B068FC378DAA952BA7F163C4A11628F55A4DF523B3EF DUP5 PUSH1 0x40 MLOAD DUP1 DUP3 DUP2 MSTORE PUSH1 0x20 ADD SWAP2 POP POP PUSH1 0x40 MLOAD DUP1 SWAP2 SUB SWAP1 LOG3 PUSH1 0x1 SWAP1 POP SWAP3 SWAP2 POP POP JUMP JUMPDEST PUSH1 0x0 DUP3 DUP3 GT ISZERO ISZERO ISZERO PUSH2 0x3C3 JUMPI INVALID JUMPDEST DUP2 DUP4 SUB SWAP1 POP SWAP3 SWAP2 POP POP JUMP JUMPDEST PUSH1 0x0 DUP2 DUP4 ADD SWAP1 POP DUP3 DUP2 LT ISZERO ISZERO ISZERO PUSH2 0x3E1 JUMPI INVALID JUMPDEST DUP1 SWAP1 POP SWAP3 SWAP2 POP POP JUMP STOP LOG1 PUSH6 0x627A7A723058 KECCAK256 NOT 0xf6 0xa8 PUSH22 0xD562958C8FF7C4A4CA33F37DC349ACF2AF8B68FFED43 0xc6 0xb1 0x22 PUSH30 0xAA1900290000000000000000000000000000000000000000000000000000
0,PUSH1 0x80 PUSH1 0x40 MSTORE PUSH1 0x0 PUSH1 0x5 PUSH1 0x0 PUSH2 0x100 EXP DUP2 SLOAD DUP2 PUSH1 0xFF MUL NOT AND SWAP1 DUP4 ISZERO ISZERO MUL OR SWAP1 SSTORE POP CALLVALUE DUP1 ISZERO PUSH3 0x2C JUMPI PUSH1 0x0 DUP1 REVERT JUMPDEST POP PUSH1 0x40 MLOAD PUSH1 0x20 DUP1 PUSH3 0x1756 DUP4 CODECOPY DUP2 ADD DUP1 PUSH1 0x40 MSTORE DUP2 ADD SWAP1 DUP1 DUP1 MLOAD SWAP1 PUSH1 0x20 ADD SWAP1 SWAP3 SWAP2 SWAP1 POP POP POP PUSH3 0x7B PUSH8 0xDE0B6B3A7640000 DUP3 PUSH3 0x136 PUSH5 0x100000000 MUL PUSH3 0x156A OR SWAP1 SWAP2 SWAP1 PUSH5 0x100000000 SWAP1 DIV JUMP JUMPDEST PUSH1 0x0 DUP1 CALLER PUSH20 0xFFFFFFFFFFFFFFFFFFFFFFFFFFFFFFFFFFFFFFFF AND PUSH20 0xFFFFFFFFFFFFFFFFFFFFFFFFFFFFFFFFFFFFFFFF AND DUP2 MSTORE PUSH1 0x20 ADD SWAP1 DUP2 MSTORE PUSH1 0x20 ADD PUSH1 0x0 KECCAK256 DUP2 SWAP1 SSTORE POP PUSH3 0xE8 PUSH8 0xDE0B6B3A7640000 DUP3 PUSH3 0x136 PUSH5 0x100000000 MUL PUSH3 0x156A OR SWAP1 SWAP2 SWAP1 PUSH5 0x100000000 SWAP1 DIV JUMP JUMPDEST PUSH1 0x3 DUP2 SWAP1 SSTORE POP CALLER PUSH1 0x2 PUSH1 0x0 PUSH2 0x100 EXP DUP2 SLOAD DUP2 PUSH20 0xFFFFFFFFFFFFFFFFFFFFFFFFFFFFFFFFFFFFFFFF MUL NOT AND SWAP1 DUP4 PUSH20 0xFFFFFFFFFFFFFFFFFFFFFFFFFFFFFFFFFFFFFFFF AND MUL OR SWAP1 SSTORE POP POP PUSH3 0x175 JUMP JUMPDEST PUSH1 0x0 DUP1 PUSH1 0x0 DUP5 EQ ISZERO PUSH3 0x14D JUMPI PUSH1 0x0 SWAP2 POP PUSH3 0x16E JUMP JUMPDEST DUP3 DUP5 MUL SWAP1 POP DUP3 DUP5 DUP3 DUP2 ISZERO ISZERO PUSH3 0x15F JUMPI INVALID JUMPDEST DIV EQ ISZERO ISZERO PUSH3 0x16A JUMPI INVALID JUMPDEST DUP1 SWAP2 POP JUMPDEST POP SWAP3 SWAP2 POP POP JUMP JUMPDEST PUSH2 0x15D1 DUP1 PUSH3 0x185 PUSH1 0x0 CODECOPY PUSH1 0x0 RETURN STOP PUSH1 0x80 PUSH1 0x40 MSTORE PUSH1 0x4 CALLDATASIZE LT PUSH2 0xDB JUMPI PUSH1 0x0 CALLDATALOAD PUSH29 0x100000000000000000000000000000000000000000000000000000000 SWAP1 DIV PUSH4 0xFFFFFFFF AND DUP1 PUSH4 0x6FDDE03 EQ PUSH2 0xE0 JUMPI DUP1 PUSH4 0x95EA7B3 EQ PUSH2 0x170 JUMPI DUP1 PUSH4 0xD1118CE EQ PUSH2 0x1D5 JUMPI DUP1 PUSH4 0x18160DDD EQ PUSH2 0x222 JUMPI DUP1 PUSH4 0x23B872DD EQ PUSH2 0x24D JUMPI DUP1 PUSH4 0x313CE567 EQ PUSH2 0x2D2 JUMPI DUP1 PUSH4 0x6F4B9AE7 EQ PUSH2 0x303 JUMPI DUP1 PUSH4 0x70A08231 EQ PUSH2 0x332 JUMPI DUP1 PUSH4 0x70B2973E EQ PUSH2 0x389 JUMPI DUP1 PUSH4 0x95D89B41 EQ PUSH2 0x3E4 JUMPI DUP1 PUSH4 0xA9059CBB EQ PUSH2 0x474 JUMPI DUP1 PUSH4 0xDD62ED3E EQ PUSH2 0x4D9 JUMPI DUP1 PUSH4 0xE074D6A9 EQ PUSH2 0x550 JUMPI DUP1 PUSH4 0xF851A440 EQ PUSH2 0x57F JUMPI DUP1 PUSH4 0xFC2EB889 EQ PUSH2 0x5D6 JUMPI JUMPDEST PUSH1 0x0 DUP1 REVERT JUMPDEST CALLVALUE DUP1 ISZERO PUSH2 0xEC JUMPI PUSH1 0x0 DUP1 REVERT JUMPDEST POP PUSH2 0xF5 PUSH2 0x625 JUMP JUMPDEST PUSH1 0x40 MLOAD DUP1 DUP1 PUSH1 0x20 ADD DUP3 DUP2 SUB DUP3 MSTORE DUP4 DUP2 DUP2 MLOAD DUP2 MSTORE PUSH1 0x20 ADD SWAP2 POP DUP1 MLOAD SWAP1 PUSH1 0x20 ADD SWAP1 DUP1 DUP4 DUP4 PUSH1 0x0 JUMPDEST DUP4 DUP2 LT ISZERO PUSH2 0x135 JUMPI DUP1 DUP3 ADD MLOAD DUP2 DUP5 ADD MSTORE PUSH1 0x20 DUP2 ADD SWAP1 POP PUSH2 0x11A JUMP JUMPDEST POP POP POP POP SWAP1 POP SWAP1 DUP2 ADD SWAP1 PUSH1 0x1F AND DUP1 ISZERO PUSH2 0x162 JUMPI DUP1 DUP3 SUB DUP1 MLOAD PUSH1 0x1 DUP4 PUSH1 0x20 SUB PUSH2 0x100 EXP SUB NOT AND DUP2 MSTORE PUSH1 0x20 ADD SWAP2 POP JUMPDEST POP SWAP3 POP POP POP PUSH1 0x40 MLOAD DUP1 SWAP2 SUB SWAP1 RETURN JUMPDEST CALLVALUE DUP1 ISZERO PUSH2 0x17C JUMPI PUSH1 0x0 DUP1 REVERT JUMPDEST POP PUSH2 0x1BB PUSH1 0x4 DUP1 CALLDATASIZE SUB DUP2 ADD SWAP1 DUP1 DUP1 CALLDATALOAD PUSH20 0xFFFFFFFFFFFFFFFFFFFFFFFFFFFFFFFFFFFFFFFF AND SWAP1 PUSH1 0x20 ADD SWAP1 SWAP3 SWAP2 SWAP1 DUP1 CALLDATALOAD SWAP1 PUSH1 0x20 ADD SWAP1 SWAP3 SWAP2 SWAP1 POP POP POP PUSH2 0x65E JUMP JUMPDEST PUSH1 0x40 MLOAD DUP1 DUP3 ISZERO ISZERO ISZERO ISZERO DUP2 MSTORE PUSH1 0x20 ADD SWAP2 POP POP PUSH1 0x40 MLOAD DUP1 SWAP2 SUB SWAP1 RETURN JUMPDEST CALLVALUE DUP1 ISZERO PUSH2 0x1E1 JUMPI PUSH1 0x0 DUP1 REVERT JUMPDEST POP PUSH2 0x220 PUSH1 0x4 DUP1 CALLDATASIZE SUB DUP2 ADD SWAP1 DUP1 DUP1 CALLDATALOAD PUSH20 0xFFFFFFFFFFFFFFFFFFFFFFFFFFFFFFFFFFFFFFFF AND SWAP1 PUSH1 0x20 ADD SWAP1 SWAP3 SWAP2 SWAP1 DUP1 CALLDATALOAD SWAP1 PUSH1 0x20 ADD SWAP1 SWAP3 SWAP2 SWAP1 POP POP POP PUSH2 0x7E5 JUMP JUMPDEST STOP JUMPDEST CALLVALUE DUP1 ISZERO PUSH2 0x22E JUMPI PUSH1 0x0 DUP1 REVERT JUMPDEST POP PUSH2 0x237 PUSH2 0x99D JUMP JUMPDEST PUSH1 0x40 MLOAD DUP1 DUP3 DUP2 MSTORE PUSH1 0x20 ADD SWAP2 POP POP PUSH1 0x40 MLOAD DUP1 SWAP2 SUB SWAP1 RETURN JUMPDEST CALLVALUE DUP1 ISZERO PUSH2 0x259 JUMPI PUSH1 0x0 DUP1 REVERT JUMPDEST POP PUSH2 0x2B8 PUSH1 0x4 DUP1 CALLDATASIZE SUB DUP2 ADD SWAP1 DUP1 DUP1 CALLDATALOAD PUSH20 0xFFFFFFFFFFFFFFFFFFFFFFFFFFFFFFFFFFFFFFFF AND SWAP1 PUSH1 0x20 ADD SWAP1 SWAP3 SWAP2 SWAP1 DUP1 CALLDATALOAD PUSH20 0xFFFFFFFFFFFFFFFFFFFFFFFFFFFFFFFFFFFFFFFF AND SWAP1 PUSH1 0x20 ADD SWAP1 SWAP3 SWAP2 SWAP1 DUP1 CALLDATALOAD SWAP1 PUSH1 0x20 ADD SWAP1 SWAP3 SWAP2 SWAP1 POP POP POP PUSH2 0x9A3 JUMP JUMPDEST PUSH1 0x40 MLOAD DUP1 DUP3 ISZERO ISZERO ISZERO ISZERO DUP2 MSTORE PUSH1 0x20 ADD SWAP2 POP POP PUSH1 0x40 MLOAD DUP1 SWAP2 SUB SWAP1 RETURN JUMPDEST CALLVALUE DUP1 ISZERO PUSH2 0x2DE JUMPI PUSH1 0x0 DUP1 REVERT JUMPDEST POP PUSH2 0x2E7 PUSH2 0xECB JUMP JUMPDEST PUSH1 0x40 MLOAD DUP1 DUP3 PUSH1 0xFF AND PUSH1 0xFF AND DUP2 MSTORE PUSH1 0x20 ADD SWAP2 POP POP PUSH1 0x40 MLOAD DUP1 SWAP2 SUB SWAP1 RETURN JUMPDEST CALLVALUE DUP1 ISZERO PUSH2 0x30F JUMPI PUSH1 0x0 DUP1 REVERT JUMPDEST POP PUSH2 0x318 PUSH2 0xED0 JUMP JUMPDEST PUSH1 0x40 MLOAD DUP1 DUP3 ISZERO ISZERO ISZERO ISZERO DUP2 MSTORE PUSH1 0x20 ADD SWAP2 POP POP PUSH1 0x40 MLOAD DUP1 SWAP2 SUB SWAP1 RETURN JUMPDEST CALLVALUE DUP1 ISZERO PUSH2 0x33E JUMPI PUSH1 0x0 DUP1 REVERT JUMPDEST POP PUSH2 0x373 PUSH1 0x4 DUP1 CALLDATASIZE SUB DUP2 ADD SWAP1 DUP1 DUP1 CALLDATALOAD PUSH20 0xFFFFFFFFFFFFFFFFFFFFFFFFFFFFFFFFFFFFFFFF AND SWAP1 PUSH1 0x20 ADD SWAP1 SWAP3 SWAP2 SWAP1 POP POP POP PUSH2 0xEE3 JUMP JUMPDEST PUSH1 0x40 MLOAD DUP1 DUP3 DUP2 MSTORE PUSH1 0x20 ADD SWAP2 POP POP PUSH1 0x40 MLOAD DUP1 SWAP2 SUB SWAP1 RETURN JUMPDEST CALLVALUE DUP1 ISZERO PUSH2 0x395 JUMPI PUSH1 0x0 DUP1 REVERT JUMPDEST POP PUSH2 0x3CA PUSH1 0x4 DUP1 CALLDATASIZE SUB DUP2 ADD SWAP1 DUP1 DUP1 CALLDATALOAD PUSH20 0xFFFFFFFFFFFFFFFFFFFFFFFFFFFFFFFFFFFFFFFF AND SWAP1 PUSH1 0x20 ADD SWAP1 SWAP3 SWAP2 SWAP1 POP POP POP PUSH2 0xF2B JUMP JUMPDEST PUSH1 0x40 MLOAD DUP1 DUP3 ISZERO ISZERO ISZERO ISZERO DUP2 MSTORE PUSH1 0x20 ADD SWAP2 POP POP PUSH1 0x40 MLOAD DUP1 SWAP2 SUB SWAP1 RETURN JUMPDEST CALLVALUE DUP1 ISZERO PUSH2 0x3F0 JUMPI PUSH1 0x0 DUP1 REVERT JUMPDEST POP PUSH2 0x3F9 PUSH2 0xF81 JUMP JUMPDEST PUSH1 0x40 MLOAD DUP1 DUP1 PUSH1 0x20 ADD DUP3 DUP2 SUB DUP3 MSTORE DUP4 DUP2 DUP2 MLOAD DUP2 MSTORE PUSH1 0x20 ADD SWAP2 POP DUP1 MLOAD SWAP1 PUSH1 0x20 ADD SWAP1 DUP1 DUP4 DUP4 PUSH1 0x0 JUMPDEST DUP4 DUP2 LT ISZERO PUSH2 0x439 JUMPI DUP1 DUP3 ADD MLOAD DUP2 DUP5 ADD MSTORE PUSH1 0x20 DUP2 ADD SWAP1 POP PUSH2 0x41E JUMP JUMPDEST POP POP POP POP SWAP1 POP SWAP1 DUP2 ADD SWAP1 PUSH1 0x1F AND DUP1 ISZERO PUSH2 0x466 JUMPI DUP1 DUP3 SUB DUP1 MLOAD PUSH1 0x1 DUP4 PUSH1 0x20 SUB PUSH2 0x100 EXP SUB NOT AND DUP2 MSTORE PUSH1 0x20 ADD SWAP2 POP JUMPDEST POP SWAP3 POP POP POP PUSH1 0x40 MLOAD DUP1 SWAP2 SUB SWAP1 RETURN JUMPDEST CALLVALUE DUP1 ISZERO PUSH2 0x480 JUMPI PUSH1 0x0 DUP1 REVERT JUMPDEST POP PUSH2 0x4BF PUSH1 0x4 DUP1 CALLDATASIZE SUB DUP2 ADD SWAP1 DUP1 DUP1 CALLDATALOAD PUSH20 0xFFFFFFFFFFFFFFFFFFFFFFFFFFFFFFFFFFFFFFFF AND SWAP1 PUSH1 0x20 ADD SWAP1 SWAP3 SWAP2 SWAP1 DUP1 CALLDATALOAD SWAP1 PUSH1 0x20 ADD SWAP1 SWAP3 SWAP2 SWAP1 POP POP POP PUSH2 0xFBA JUMP JUMPDEST PUSH1 0x40 MLOAD DUP1 DUP3 ISZERO ISZERO ISZERO ISZERO DUP2 MSTORE PUSH1 0x20 ADD SWAP2 POP POP PUSH1 0x40 MLOAD DUP1 SWAP2 SUB SWAP1 RETURN JUMPDEST CALLVALUE DUP1 ISZERO PUSH2 0x4E5 JUMPI PUSH1 0x0 DUP1 REVERT JUMPDEST POP PUSH2 0x53A PUSH1 0x4 DUP1 CALLDATASIZE SUB DUP2 ADD SWAP1 DUP1 DUP1 CALLDATALOAD PUSH20 0xFFFFFFFFFFFFFFFFFFFFFFFFFFFFFFFFFFFFFFFF AND SWAP1 PUSH1 0x20 ADD SWAP1 SWAP3 SWAP2 SWAP1 DUP1 CALLDATALOAD PUSH20 0xFFFFFFFFFFFFFFFFFFFFFFFFFFFFFFFFFFFFFFFF AND SWAP1 PUSH1 0x20 ADD SWAP1 SWAP3 SWAP2 SWAP1 POP POP POP PUSH2 0x1356 JUMP JUMPDEST PUSH1 0x40 MLOAD DUP1 DUP3 DUP2 MSTORE PUSH1 0x20 ADD SWAP2 POP POP PUSH1 0x40 MLOAD DUP1 SWAP2 SUB SWAP1 RETURN JUMPDEST CALLVALUE DUP1 ISZERO PUSH2 0x55C JUMPI PUSH1 0x0 DUP1 REVERT JUMPDEST POP PUSH2 0x57D PUSH1 0x4 DUP1 CALLDATASIZE SUB DUP2 ADD SWAP1 DUP1 DUP1 CALLDATALOAD ISZERO ISZERO SWAP1 PUSH1 0x20 ADD SWAP1 SWAP3 SWAP2 SWAP1 POP POP POP PUSH2 0x13DD JUMP JUMPDEST STOP JUMPDEST CALLVALUE DUP1 ISZERO PUSH2 0x58B JUMPI PUSH1 0x0 DUP1 REVERT JUMPDEST POP PUSH2 0x594 PUSH2 0x1456 JUMP JUMPDEST PUSH1 0x40 MLOAD DUP1 DUP3 PUSH20 0xFFFFFFFFFFFFFFFFFFFFFFFFFFFFFFFFFFFFFFFF AND PUSH20 0xFFFFFFFFFFFFFFFFFFFFFFFFFFFFFFFFFFFFFFFF AND DUP2 MSTORE PUSH1 0x20 ADD SWAP2 POP POP PUSH1 0x40 MLOAD DUP1 SWAP2 SUB SWAP1 RETURN JUMPDEST CALLVALUE DUP1 ISZERO PUSH2 0x5E2 JUMPI PUSH1 0x0 DUP1 REVERT JUMPDEST POP PUSH2 0x623 PUSH1 0x4 DUP1 CALLDATASIZE SUB DUP2 ADD SWAP1 DUP1 DUP1 CALLDATALOAD PUSH20 0xFFFFFFFFFFFFFFFFFFFFFFFFFFFFFFFFFFFFFFFF AND SWAP1 PUSH1 0x20 ADD SWAP1 SWAP3 SWAP2 SWAP1 DUP1 CALLDATALOAD ISZERO ISZERO SWAP1 PUSH1 0x20 ADD SWAP1 SWAP3 SWAP2 SWAP1 POP POP POP PUSH2 0x147C JUMP JUMPDEST STOP JUMPDEST PUSH1 0x40 DUP1 MLOAD SWAP1 DUP2 ADD PUSH1 0x40 MSTORE DUP1 PUSH1 0x4 DUP2 MSTORE PUSH1 0x20 ADD PUSH32 0x4453595300000000000000000000000000000000000000000000000000000000 DUP2 MSTORE POP DUP2 JUMP JUMPDEST PUSH1 0x0 DUP1 DUP3 EQ DUP1 PUSH2 0x6EA JUMPI POP PUSH1 0x0 PUSH1 0x1 PUSH1 0x0 CALLER PUSH20 0xFFFFFFFFFFFFFFFFFFFFFFFFFFFFFFFFFFFFFFFF AND PUSH20 0xFFFFFFFFFFFFFFFFFFFFFFFFFFFFFFFFFFFFFFFF AND DUP2 MSTORE PUSH1 0x20 ADD SWAP1 DUP2 MSTORE PUSH1 0x20 ADD PUSH1 0x0 KECCAK256 PUSH1 0x0 DUP6 PUSH20 0xFFFFFFFFFFFFFFFFFFFFFFFFFFFFFFFFFFFFFFFF AND PUSH20 0xFFFFFFFFFFFFFFFFFFFFFFFFFFFFFFFFFFFFFFFF AND DUP2 MSTORE PUSH1 0x20 ADD SWAP1 DUP2 MSTORE PUSH1 0x20 ADD PUSH1 0x0 KECCAK256 SLOAD EQ JUMPDEST ISZERO ISZERO PUSH2 0x6F5 JUMPI PUSH1 0x0 DUP1 REVERT JUMPDEST DUP2 PUSH1 0x1 PUSH1 0x0 CALLER PUSH20 0xFFFFFFFFFFFFFFFFFFFFFFFFFFFFFFFFFFFFFFFF AND PUSH20 0xFFFFFFFFFFFFFFFFFFFFFFFFFFFFFFFFFFFFFFFF AND DUP2 MSTORE PUSH1 0x20 ADD SWAP1 DUP2 MSTORE PUSH1 0x20 ADD PUSH1 0x0 KECCAK256 PUSH1 0x0 DUP6 PUSH20 0xFFFFFFFFFFFFFFFFFFFFFFFFFFFFFFFFFFFFFFFF AND PUSH20 0xFFFFFFFFFFFFFFFFFFFFFFFFFFFFFFFFFFFFFFFF AND DUP2 MSTORE PUSH1 0x20 ADD SWAP1 DUP2 MSTORE PUSH1 0x20 ADD PUSH1 0x0 KECCAK256 DUP2 SWAP1 SSTORE POP DUP3 PUSH20 0xFFFFFFFFFFFFFFFFFFFFFFFFFFFFFFFFFFFFFFFF AND CALLER PUSH20 0xFFFFFFFFFFFFFFFFFFFFFFFFFFFFFFFFFFFFFFFF AND PUSH32 0x8C5BE1E5EBEC7D5BD14F71427D1E84F3DD0314C0F7B2291E5B200AC8C7C3B925 DUP5 PUSH1 0x40 MLOAD DUP1 DUP3 DUP2 MSTORE PUSH1 0x20 ADD SWAP2 POP POP PUSH1 0x40 MLOAD DUP1 SWAP2 SUB SWAP1 LOG3 PUSH1 0x1 SWAP1 POP SWAP3 SWAP2 POP POP JUMP JUMPDEST PUSH1 0x2 PUSH1 0x0 SWAP1 SLOAD SWAP1 PUSH2 0x100 EXP SWAP1 DIV PUSH20 0xFFFFFFFFFFFFFFFFFFFFFFFFFFFFFFFFFFFFFFFF AND PUSH20 0xFFFFFFFFFFFFFFFFFFFFFFFFFFFFFFFFFFFFFFFF AND CALLER PUSH20 0xFFFFFFFFFFFFFFFFFFFFFFFFFFFFFFFFFFFFFFFF AND EQ ISZERO ISZERO PUSH2 0x841 JUMPI PUSH1 0x0 DUP1 REVERT JUMPDEST PUSH1 0x0 DUP2 GT ISZERO ISZERO PUSH2 0x850 JUMPI PUSH1 0x0 DUP1 REVERT JUMPDEST DUP1 PUSH1 0x0 DUP1 DUP5 PUSH20 0xFFFFFFFFFFFFFFFFFFFFFFFFFFFFFFFFFFFFFFFF AND PUSH20 0xFFFFFFFFFFFFFFFFFFFFFFFFFFFFFFFFFFFFFFFF AND DUP2 MSTORE PUSH1 0x20 ADD SWAP1 DUP2 MSTORE PUSH1 0x20 ADD PUSH1 0x0 KECCAK256 SLOAD LT ISZERO ISZERO ISZERO PUSH2 0x89D JUMPI PUSH1 0x0 DUP1 REVERT JUMPDEST PUSH2 0x8B2 DUP2 PUSH1 0x3 SLOAD PUSH2 0x1533 SWAP1 SWAP2 SWAP1 PUSH4 0xFFFFFFFF AND JUMP JUMPDEST PUSH1 0x3 DUP2 SWAP1 SSTORE POP PUSH2 0x909 DUP2 PUSH1 0x0 DUP1 DUP6 PUSH20 0xFFFFFFFFFFFFFFFFFFFFFFFFFFFFFFFFFFFFFFFF AND PUSH20 0xFFFFFFFFFFFFFFFFFFFFFFFFFFFFFFFFFFFFFFFF AND DUP2 MSTORE PUSH1 0x20 ADD SWAP1 DUP2 MSTORE PUSH1 0x20 ADD PUSH1 0x0 KECCAK256 SLOAD PUSH2 0x1533 SWAP1 SWAP2 SWAP1 PUSH4 0xFFFFFFFF AND JUMP JUMPDEST PUSH1 0x0 DUP1 DUP5 PUSH20 0xFFFFFFFFFFFFFFFFFFFFFFFFFFFFFFFFFFFFFFFF AND PUSH20 0xFFFFFFFFFFFFFFFFFFFFFFFFFFFFFFFFFFFFFFFF AND DUP2 MSTORE PUSH1 0x20 ADD SWAP1 DUP2 MSTORE PUSH1 0x20 ADD PUSH1 0x0 KECCAK256 DUP2 SWAP1 SSTORE POP DUP2 PUSH20 0xFFFFFFFFFFFFFFFFFFFFFFFFFFFFFFFFFFFFFFFF AND PUSH32 0xCC16F5DBB4873280815C1EE09DBD06736CFFCC184412CF7A71A0FDB75D397CA5 DUP3 PUSH1 0x40 MLOAD DUP1 DUP3 DUP2 MSTORE PUSH1 0x20 ADD SWAP2 POP POP PUSH1 0x40 MLOAD DUP1 SWAP2 SUB SWAP1 LOG2 POP POP JUMP JUMPDEST PUSH1 0x3 SLOAD DUP2 JUMP JUMPDEST PUSH1 0x0 PUSH1 0x2 PUSH1 0x0 SWAP1 SLOAD SWAP1 PUSH2 0x100 EXP SWAP1 DIV PUSH20 0xFFFFFFFFFFFFFFFFFFFFFFFFFFFFFFFFFFFFFFFF AND PUSH20 0xFFFFFFFFFFFFFFFFFFFFFFFFFFFFFFFFFFFFFFFF AND CALLER PUSH20 0xFFFFFFFFFFFFFFFFFFFFFFFFFFFFFFFFFFFFFFFF AND EQ DUP1 PUSH2 0xA0E JUMPI POP PUSH1 0x5 PUSH1 0x0 SWAP1 SLOAD SWAP1 PUSH2 0x100 EXP SWAP1 DIV PUSH1 0xFF AND ISZERO JUMPDEST ISZERO ISZERO PUSH2 0xA19 JUMPI PUSH1 0x0 DUP1 REVERT JUMPDEST PUSH1 0x0 PUSH20 0xFFFFFFFFFFFFFFFFFFFFFFFFFFFFFFFFFFFFFFFF AND DUP4 PUSH20 0xFFFFFFFFFFFFFFFFFFFFFFFFFFFFFFFFFFFFFFFF AND EQ ISZERO ISZERO ISZERO PUSH2 0xA55 JUMPI PUSH1 0x0 DUP1 REVERT JUMPDEST ADDRESS PUSH20 0xFFFFFFFFFFFFFFFFFFFFFFFFFFFFFFFFFFFFFFFF AND DUP4 PUSH20 0xFFFFFFFFFFFFFFFFFFFFFFFFFFFFFFFFFFFFFFFF AND EQ ISZERO ISZERO ISZERO PUSH2 0xA90 JUMPI PUSH1 0x0 DUP1 REVERT JUMPDEST PUSH1 0x0 DUP1 DUP6 PUSH20 0xFFFFFFFFFFFFFFFFFFFFFFFFFFFFFFFFFFFFFFFF AND PUSH20 0xFFFFFFFFFFFFFFFFFFFFFFFFFFFFFFFFFFFFFFFF AND DUP2 MSTORE PUSH1 0x20 ADD SWAP1 DUP2 MSTORE PUSH1 0x20 ADD PUSH1 0x0 KECCAK256 SLOAD DUP3 GT ISZERO ISZERO ISZERO PUSH2 0xADD JUMPI PUSH1 0x0 DUP1 REVERT JUMPDEST PUSH1 0x1 PUSH1 0x0 DUP6 PUSH20 0xFFFFFFFFFFFFFFFFFFFFFFFFFFFFFFFFFFFFFFFF AND PUSH20 0xFFFFFFFFFFFFFFFFFFFFFFFFFFFFFFFFFFFFFFFF AND DUP2 MSTORE PUSH1 0x20 ADD SWAP1 DUP2 MSTORE PUSH1 0x20 ADD PUSH1 0x0 KECCAK256 PUSH1 0x0 CALLER PUSH20 0xFFFFFFFFFFFFFFFFFFFFFFFFFFFFFFFFFFFFFFFF AND PUSH20 0xFFFFFFFFFFFFFFFFFFFFFFFFFFFFFFFFFFFFFFFF AND DUP2 MSTORE PUSH1 0x20 ADD SWAP1 DUP2 MSTORE PUSH1 0x20 ADD PUSH1 0x0 KECCAK256 SLOAD DUP3 GT ISZERO ISZERO ISZERO PUSH2 0xB68 JUMPI PUSH1 0x0 DUP1 REVERT JUMPDEST PUSH1 0x0 ISZERO ISZERO PUSH1 0x4 PUSH1 0x0 DUP7 PUSH20 0xFFFFFFFFFFFFFFFFFFFFFFFFFFFFFFFFFFFFFFFF AND PUSH20 0xFFFFFFFFFFFFFFFFFFFFFFFFFFFFFFFFFFFFFFFF AND DUP2 MSTORE PUSH1 0x20 ADD SWAP1 DUP2 MSTORE PUSH1 0x20 ADD PUSH1 0x0 KECCAK256 PUSH1 0x0 SWAP1 SLOAD SWAP1 PUSH2 0x100 EXP SWAP1 DIV PUSH1 0xFF AND ISZERO ISZERO EQ ISZERO ISZERO PUSH2 0xBC7 JUMPI PUSH1 0x0 DUP1 REVERT JUMPDEST PUSH1 0x0 ISZERO ISZERO PUSH1 0x4 PUSH1 0x0 DUP6 PUSH20 0xFFFFFFFFFFFFFFFFFFFFFFFFFFFFFFFFFFFFFFFF AND PUSH20 0xFFFFFFFFFFFFFFFFFFFFFFFFFFFFFFFFFFFFFFFF AND DUP2 MSTORE PUSH1 0x20 ADD SWAP1 DUP2 MSTORE PUSH1 0x20 ADD PUSH1 0x0 KECCAK256 PUSH1 0x0 SWAP1 SLOAD SWAP1 PUSH2 0x100 EXP SWAP1 DIV PUSH1 0xFF AND ISZERO ISZERO EQ ISZERO ISZERO PUSH2 0xC26 JUMPI PUSH1 0x0 DUP1 REVERT JUMPDEST PUSH2 0xC77 DUP3 PUSH1 0x0 DUP1 DUP8 PUSH20 0xFFFFFFFFFFFFFFFFFFFFFFFFFFFFFFFFFFFFFFFF AND PUSH20 0xFFFFFFFFFFFFFFFFFFFFFFFFFFFFFFFFFFFFFFFF AND DUP2 MSTORE PUSH1 0x20 ADD SWAP1 DUP2 MSTORE PUSH1 0x20 ADD PUSH1 0x0 KECCAK256 SLOAD PUSH2 0x1533 SWAP1 SWAP2 SWAP1 PUSH4 0xFFFFFFFF AND JUMP JUMPDEST PUSH1 0x0 DUP1 DUP7 PUSH20 0xFFFFFFFFFFFFFFFFFFFFFFFFFFFFFFFFFFFFFFFF AND PUSH20 0xFFFFFFFFFFFFFFFFFFFFFFFFFFFFFFFFFFFFFFFF AND DUP2 MSTORE PUSH1 0x20 ADD SWAP1 DUP2 MSTORE PUSH1 0x20 ADD PUSH1 0x0 KECCAK256 DUP2 SWAP1 SSTORE POP PUSH2 0xD48 DUP3 PUSH1 0x1 PUSH1 0x0 DUP8 PUSH20 0xFFFFFFFFFFFFFFFFFFFFFFFFFFFFFFFFFFFFFFFF AND PUSH20 0xFFFFFFFFFFFFFFFFFFFFFFFFFFFFFFFFFFFFFFFF AND DUP2 MSTORE PUSH1 0x20 ADD SWAP1 DUP2 MSTORE PUSH1 0x20 ADD PUSH1 0x0 KECCAK256 PUSH1 0x0 CALLER PUSH20 0xFFFFFFFFFFFFFFFFFFFFFFFFFFFFFFFFFFFFFFFF AND PUSH20 0xFFFFFFFFFFFFFFFFFFFFFFFFFFFFFFFFFFFFFFFF AND DUP2 MSTORE PUSH1 0x20 ADD SWAP1 DUP2 MSTORE PUSH1 0x20 ADD PUSH1 0x0 KECCAK256 SLOAD PUSH2 0x1533 SWAP1 SWAP2 SWAP1 PUSH4 0xFFFFFFFF AND JUMP JUMPDEST PUSH1 0x1 PUSH1 0x0 DUP7 PUSH20 0xFFFFFFFFFFFFFFFFFFFFFFFFFFFFFFFFFFFFFFFF AND PUSH20 0xFFFFFFFFFFFFFFFFFFFFFFFFFFFFFFFFFFFFFFFF AND DUP2 MSTORE PUSH1 0x20 ADD SWAP1 DUP2 MSTORE PUSH1 0x20 ADD PUSH1 0x0 KECCAK256 PUSH1 0x0 CALLER PUSH20 0xFFFFFFFFFFFFFFFFFFFFFFFFFFFFFFFFFFFFFFFF AND PUSH20 0xFFFFFFFFFFFFFFFFFFFFFFFFFFFFFFFFFFFFFFFF AND DUP2 MSTORE PUSH1 0x20 ADD SWAP1 DUP2 MSTORE PUSH1 0x20 ADD PUSH1 0x0 KECCAK256 DUP2 SWAP1 SSTORE POP PUSH2 0xE19 DUP3 PUSH1 0x0 DUP1 DUP7 PUSH20 0xFFFFFFFFFFFFFFFFFFFFFFFFFFFFFFFFFFFFFFFF AND PUSH20 0xFFFFFFFFFFFFFFFFFFFFFFFFFFFFFFFFFFFFFFFF AND DUP2 MSTORE PUSH1 0x20 ADD SWAP1 DUP2 MSTORE PUSH1 0x20 ADD PUSH1 0x0 KECCAK256 SLOAD PUSH2 0x154C SWAP1 SWAP2 SWAP1 PUSH4 0xFFFFFFFF AND JUMP JUMPDEST PUSH1 0x0 DUP1 DUP6 PUSH20 0xFFFFFFFFFFFFFFFFFFFFFFFFFFFFFFFFFFFFFFFF AND PUSH20 0xFFFFFFFFFFFFFFFFFFFFFFFFFFFFFFFFFFFFFFFF AND DUP2 MSTORE PUSH1 0x20 ADD SWAP1 DUP2 MSTORE PUSH1 0x20 ADD PUSH1 0x0 KECCAK256 DUP2 SWAP1 SSTORE POP DUP3 PUSH20 0xFFFFFFFFFFFFFFFFFFFFFFFFFFFFFFFFFFFFFFFF AND DUP5 PUSH20 0xFFFFFFFFFFFFFFFFFFFFFFFFFFFFFFFFFFFFFFFF AND PUSH32 0xDDF252AD1BE2C89B69C2B068FC378DAA952BA7F163C4A11628F55A4DF523B3EF DUP5 PUSH1 0x40 MLOAD DUP1 DUP3 DUP2 MSTORE PUSH1 0x20 ADD SWAP2 POP POP PUSH1 0x40 MLOAD DUP1 SWAP2 SUB SWAP1 LOG3 PUSH1 0x1 SWAP1 POP SWAP4 SWAP3 POP POP POP JUMP JUMPDEST PUSH1 0x12 DUP2 JUMP JUMPDEST PUSH1 0x5 PUSH1 0x0 SWAP1 SLOAD SWAP1 PUSH2 0x100 EXP SWAP1 DIV PUSH1 0xFF AND DUP2 JUMP JUMPDEST PUSH1 0x0 DUP1 PUSH1 0x0 DUP4 PUSH20 0xFFFFFFFFFFFFFFFFFFFFFFFFFFFFFFFFFFFFFFFF AND PUSH20 0xFFFFFFFFFFFFFFFFFFFFFFFFFFFFFFFFFFFFFFFF AND DUP2 MSTORE PUSH1 0x20 ADD SWAP1 DUP2 MSTORE PUSH1 0x20 ADD PUSH1 0x0 KECCAK256 SLOAD SWAP1 POP SWAP2 SWAP1 POP JUMP JUMPDEST PUSH1 0x0 PUSH1 0x4 PUSH1 0x0 DUP4 PUSH20 0xFFFFFFFFFFFFFFFFFFFFFFFFFFFFFFFFFFFFFFFF AND PUSH20 0xFFFFFFFFFFFFFFFFFFFFFFFFFFFFFFFFFFFFFFFF AND DUP2 MSTORE PUSH1 0x20 ADD SWAP1 DUP2 MSTORE PUSH1 0x20 ADD PUSH1 0x0 KECCAK256 PUSH1 0x0 SWAP1 SLOAD SWAP1 PUSH2 0x100 EXP SWAP1 DIV PUSH1 0xFF AND SWAP1 POP SWAP2 SWAP1 POP JUMP JUMPDEST PUSH1 0x40 DUP1 MLOAD SWAP1 DUP2 ADD PUSH1 0x40 MSTORE DUP1 PUSH1 0x4 DUP2 MSTORE PUSH1 0x20 ADD PUSH32 0x4453595300000000000000000000000000000000000000000000000000000000 DUP2 MSTORE POP DUP2 JUMP JUMPDEST PUSH1 0x0 PUSH1 0x2 PUSH1 0x0 SWAP1 SLOAD SWAP1 PUSH2 0x100 EXP SWAP1 DIV PUSH20 0xFFFFFFFFFFFFFFFFFFFFFFFFFFFFFFFFFFFFFFFF AND PUSH20 0xFFFFFFFFFFFFFFFFFFFFFFFFFFFFFFFFFFFFFFFF AND CALLER PUSH20 0xFFFFFFFFFFFFFFFFFFFFFFFFFFFFFFFFFFFFFFFF AND EQ DUP1 PUSH2 0x1025 JUMPI POP PUSH1 0x5 PUSH1 0x0 SWAP1 SLOAD SWAP1 PUSH2 0x100 EXP SWAP1 DIV PUSH1 0xFF AND ISZERO JUMPDEST ISZERO ISZERO PUSH2 0x1030 JUMPI PUSH1 0x0 DUP1 REVERT JUMPDEST PUSH1 0x0 PUSH20 0xFFFFFFFFFFFFFFFFFFFFFFFFFFFFFFFFFFFFFFFF AND DUP4 PUSH20 0xFFFFFFFFFFFFFFFFFFFFFFFFFFFFFFFFFFFFFFFF AND EQ ISZERO ISZERO ISZERO PUSH2 0x106C JUMPI PUSH1 0x0 DUP1 REVERT JUMPDEST ADDRESS PUSH20 0xFFFFFFFFFFFFFFFFFFFFFFFFFFFFFFFFFFFFFFFF AND DUP4 PUSH20 0xFFFFFFFFFFFFFFFFFFFFFFFFFFFFFFFFFFFFFFFF AND EQ ISZERO ISZERO ISZERO PUSH2 0x10A7 JUMPI PUSH1 0x0 DUP1 REVERT JUMPDEST PUSH1 0x0 DUP3 GT ISZERO ISZERO PUSH2 0x10B6 JUMPI PUSH1 0x0 DUP1 REVERT JUMPDEST PUSH1 0x0 DUP1 CALLER PUSH20 0xFFFFFFFFFFFFFFFFFFFFFFFFFFFFFFFFFFFFFFFF AND PUSH20 0xFFFFFFFFFFFFFFFFFFFFFFFFFFFFFFFFFFFFFFFF AND DUP2 MSTORE PUSH1 0x20 ADD SWAP1 DUP2 MSTORE PUSH1 0x20 ADD PUSH1 0x0 KECCAK256 SLOAD DUP3 GT ISZERO ISZERO ISZERO PUSH2 0x1103 JUMPI PUSH1 0x0 DUP1 REVERT JUMPDEST PUSH1 0x0 ISZERO ISZERO PUSH1 0x4 PUSH1 0x0 CALLER PUSH20 0xFFFFFFFFFFFFFFFFFFFFFFFFFFFFFFFFFFFFFFFF AND PUSH20 0xFFFFFFFFFFFFFFFFFFFFFFFFFFFFFFFFFFFFFFFF AND DUP2 MSTORE PUSH1 0x20 ADD SWAP1 DUP2 MSTORE PUSH1 0x20 ADD PUSH1 0x0 KECCAK256 PUSH1 0x0 SWAP1 SLOAD SWAP1 PUSH2 0x100 EXP SWAP1 DIV PUSH1 0xFF AND ISZERO ISZERO EQ ISZERO ISZERO PUSH2 0x1162 JUMPI PUSH1 0x0 DUP1 REVERT JUMPDEST PUSH1 0x0 ISZERO ISZERO PUSH1 0x4 PUSH1 0x0 DUP6 PUSH20 0xFFFFFFFFFFFFFFFFFFFFFFFFFFFFFFFFFFFFFFFF AND PUSH20 0xFFFFFFFFFFFFFFFFFFFFFFFFFFFFFFFFFFFFFFFF AND DUP2 MSTORE PUSH1 0x20 ADD SWAP1 DUP2 MSTORE PUSH1 0x20 ADD PUSH1 0x0 KECCAK256 PUSH1 0x0 SWAP1 SLOAD SWAP1 PUSH2 0x100 EXP SWAP1 DIV PUSH1 0xFF AND ISZERO ISZERO EQ ISZERO ISZERO PUSH2 0x11C1 JUMPI PUSH1 0x0 DUP1 REVERT JUMPDEST PUSH2 0x1212 DUP3 PUSH1 0x0 DUP1 CALLER PUSH20 0xFFFFFFFFFFFFFFFFFFFFFFFFFFFFFFFFFFFFFFFF AND PUSH20 0xFFFFFFFFFFFFFFFFFFFFFFFFFFFFFFFFFFFFFFFF AND DUP2 MSTORE PUSH1 0x20 ADD SWAP1 DUP2 MSTORE PUSH1 0x20 ADD PUSH1 0x0 KECCAK256 SLOAD PUSH2 0x1533 SWAP1 SWAP2 SWAP1 PUSH4 0xFFFFFFFF AND JUMP JUMPDEST PUSH1 0x0 DUP1 CALLER PUSH20 0xFFFFFFFFFFFFFFFFFFFFFFFFFFFFFFFFFFFFFFFF AND PUSH20 0xFFFFFFFFFFFFFFFFFFFFFFFFFFFFFFFFFFFFFFFF AND DUP2 MSTORE PUSH1 0x20 ADD SWAP1 DUP2 MSTORE PUSH1 0x20 ADD PUSH1 0x0 KECCAK256 DUP2 SWAP1 SSTORE POP PUSH2 0x12A5 DUP3 PUSH1 0x0 DUP1 DUP7 PUSH20 0xFFFFFFFFFFFFFFFFFFFFFFFFFFFFFFFFFFFFFFFF AND PUSH20 0xFFFFFFFFFFFFFFFFFFFFFFFFFFFFFFFFFFFFFFFF AND DUP2 MSTORE PUSH1 0x20 ADD SWAP1 DUP2 MSTORE PUSH1 0x20 ADD PUSH1 0x0 KECCAK256 SLOAD PUSH2 0x154C SWAP1 SWAP2 SWAP1 PUSH4 0xFFFFFFFF AND JUMP JUMPDEST PUSH1 0x0 DUP1 DUP6 PUSH20 0xFFFFFFFFFFFFFFFFFFFFFFFFFFFFFFFFFFFFFFFF AND PUSH20 0xFFFFFFFFFFFFFFFFFFFFFFFFFFFFFFFFFFFFFFFF AND DUP2 MSTORE PUSH1 0x20 ADD SWAP1 DUP2 MSTORE PUSH1 0x20 ADD PUSH1 0x0 KECCAK256 DUP2 SWAP1 SSTORE POP DUP3 PUSH20 0xFFFFFFFFFFFFFFFFFFFFFFFFFFFFFFFFFFFFFFFF AND CALLER PUSH20 0xFFFFFFFFFFFFFFFFFFFFFFFFFFFFFFFFFFFFFFFF AND PUSH32 0xDDF252AD1BE2C89B69C2B068FC378DAA952BA7F163C4A11628F55A4DF523B3EF DUP5 PUSH1 0x40 MLOAD DUP1 DUP3 DUP2 MSTORE PUSH1 0x20 ADD SWAP2 POP POP PUSH1 0x40 MLOAD DUP1 SWAP2 SUB SWAP1 LOG3 PUSH1 0x1 SWAP1 POP SWAP3 SWAP2 POP POP JUMP JUMPDEST PUSH1 0x0 PUSH1 0x1 PUSH1 0x0 DUP5 PUSH20 0xFFFFFFFFFFFFFFFFFFFFFFFFFFFFFFFFFFFFFFFF AND PUSH20 0xFFFFFFFFFFFFFFFFFFFFFFFFFFFFFFFFFFFFFFFF AND DUP2 MSTORE PUSH1 0x20 ADD SWAP1 DUP2 MSTORE PUSH1 0x20 ADD PUSH1 0x0 KECCAK256 PUSH1 0x0 DUP4 PUSH20 0xFFFFFFFFFFFFFFFFFFFFFFFFFFFFFFFFFFFFFFFF AND PUSH20 0xFFFFFFFFFFFFFFFFFFFFFFFFFFFFFFFFFFFFFFFF AND DUP2 MSTORE PUSH1 0x20 ADD SWAP1 DUP2 MSTORE PUSH1 0x20 ADD PUSH1 0x0 KECCAK256 SLOAD SWAP1 POP SWAP3 SWAP2 POP POP JUMP JUMPDEST PUSH1 0x2 PUSH1 0x0 SWAP1 SLOAD SWAP1 PUSH2 0x100 EXP SWAP1 DIV PUSH20 0xFFFFFFFFFFFFFFFFFFFFFFFFFFFFFFFFFFFFFFFF AND PUSH20 0xFFFFFFFFFFFFFFFFFFFFFFFFFFFFFFFFFFFFFFFF AND CALLER PUSH20 0xFFFFFFFFFFFFFFFFFFFFFFFFFFFFFFFFFFFFFFFF AND EQ ISZERO ISZERO PUSH2 0x1439 JUMPI PUSH1 0x0 DUP1 REVERT JUMPDEST DUP1 PUSH1 0x5 PUSH1 0x0 PUSH2 0x100 EXP DUP2 SLOAD DUP2 PUSH1 0xFF MUL NOT AND SWAP1 DUP4 ISZERO ISZERO MUL OR SWAP1 SSTORE POP POP JUMP JUMPDEST PUSH1 0x2 PUSH1 0x0 SWAP1 SLOAD SWAP1 PUSH2 0x100 EXP SWAP1 DIV PUSH20 0xFFFFFFFFFFFFFFFFFFFFFFFFFFFFFFFFFFFFFFFF AND DUP2 JUMP JUMPDEST PUSH1 0x2 PUSH1 0x0 SWAP1 SLOAD SWAP1 PUSH2 0x100 EXP SWAP1 DIV PUSH20 0xFFFFFFFFFFFFFFFFFFFFFFFFFFFFFFFFFFFFFFFF AND PUSH20 0xFFFFFFFFFFFFFFFFFFFFFFFFFFFFFFFFFFFFFFFF AND CALLER PUSH20 0xFFFFFFFFFFFFFFFFFFFFFFFFFFFFFFFFFFFFFFFF AND EQ ISZERO ISZERO PUSH2 0x14D8 JUMPI PUSH1 0x0 DUP1 REVERT JUMPDEST DUP1 PUSH1 0x4 PUSH1 0x0 DUP5 PUSH20 0xFFFFFFFFFFFFFFFFFFFFFFFFFFFFFFFFFFFFFFFF AND PUSH20 0xFFFFFFFFFFFFFFFFFFFFFFFFFFFFFFFFFFFFFFFF AND DUP2 MSTORE PUSH1 0x20 ADD SWAP1 DUP2 MSTORE PUSH1 0x20 ADD PUSH1 0x0 KECCAK256 PUSH1 0x0 PUSH2 0x100 EXP DUP2 SLOAD DUP2 PUSH1 0xFF MUL NOT AND SWAP1 DUP4 ISZERO ISZERO MUL OR SWAP1 SSTORE POP POP POP JUMP JUMPDEST PUSH1 0x0 DUP3 DUP3 GT ISZERO ISZERO ISZERO PUSH2 0x1541 JUMPI INVALID JUMPDEST DUP2 DUP4 SUB SWAP1 POP SWAP3 SWAP2 POP POP JUMP JUMPDEST PUSH1 0x0 DUP1 DUP3 DUP5 ADD SWAP1 POP DUP4 DUP2 LT ISZERO ISZERO ISZERO PUSH2 0x1560 JUMPI INVALID JUMPDEST DUP1 SWAP2 POP POP SWAP3 SWAP2 POP POP JUMP JUMPDEST PUSH1 0x0 DUP1 PUSH1 0x0 DUP5 EQ ISZERO PUSH2 0x157F JUMPI PUSH1 0x0 SWAP2 POP PUSH2 0x159E JUMP JUMPDEST DUP3 DUP5 MUL SWAP1 POP DUP3 DUP5 DUP3 DUP2 ISZERO ISZERO PUSH2 0x1590 JUMPI INVALID JUMPDEST DIV EQ ISZERO ISZERO PUSH2 0x159A JUMPI INVALID JUMPDEST DUP1 SWAP2 POP JUMPDEST POP SWAP3 SWAP2 POP POP JUMP STOP LOG1 PUSH6 0x627A7A723058 KECCAK256 0xaa STOP 0xd1 PUSH21 0x311A42ADC59DA80692C7ABE54D780683CC96E94CF9 JUMP CALLCODE SWAP9 DUP5 0x2e SWAP3 0xd3 STOP 0x29
0,PUSH1 0x80 PUSH1 0x40 MSTORE CALLVALUE DUP1 ISZERO PUSH3 0x11 JUMPI PUSH1 0x0 DUP1 REVERT JUMPDEST POP PUSH1 0x40 MLOAD PUSH1 0x20 DUP1 PUSH3 0x2115 DUP4 CODECOPY DUP2 ADD DUP1 PUSH1 0x40 MSTORE DUP2 ADD SWAP1 DUP1 DUP1 MLOAD SWAP1 PUSH1 0x20 ADD SWAP1 SWAP3 SWAP2 SWAP1 POP POP POP PUSH1 0x0 CALLER PUSH1 0x3 PUSH1 0x0 PUSH2 0x100 EXP DUP2 SLOAD DUP2 PUSH20 0xFFFFFFFFFFFFFFFFFFFFFFFFFFFFFFFFFFFFFFFF MUL NOT AND SWAP1 DUP4 PUSH20 0xFFFFFFFFFFFFFFFFFFFFFFFFFFFFFFFFFFFFFFFF AND MUL OR SWAP1 SSTORE POP PUSH1 0x3 PUSH1 0x0 SWAP1 SLOAD SWAP1 PUSH2 0x100 EXP SWAP1 DIV PUSH20 0xFFFFFFFFFFFFFFFFFFFFFFFFFFFFFFFFFFFFFFFF AND PUSH20 0xFFFFFFFFFFFFFFFFFFFFFFFFFFFFFFFFFFFFFFFF AND PUSH1 0x0 PUSH20 0xFFFFFFFFFFFFFFFFFFFFFFFFFFFFFFFFFFFFFFFF AND PUSH32 0x8BE0079C531659141344CD1FD0A4F28419497F9722A3DAAFE3B4186F6B6457E0 PUSH1 0x40 MLOAD PUSH1 0x40 MLOAD DUP1 SWAP2 SUB SWAP1 LOG3 DUP2 SWAP1 POP PUSH3 0x113 CALLER DUP3 PUSH3 0x11B PUSH5 0x100000000 MUL PUSH5 0x100000000 SWAP1 DIV JUMP JUMPDEST POP POP PUSH3 0x2B2 JUMP JUMPDEST PUSH1 0x0 PUSH20 0xFFFFFFFFFFFFFFFFFFFFFFFFFFFFFFFFFFFFFFFF AND DUP3 PUSH20 0xFFFFFFFFFFFFFFFFFFFFFFFFFFFFFFFFFFFFFFFF AND EQ ISZERO ISZERO ISZERO PUSH3 0x158 JUMPI PUSH1 0x0 DUP1 REVERT JUMPDEST PUSH3 0x17D DUP2 PUSH1 0x2 SLOAD PUSH3 0x290 PUSH5 0x100000000 MUL PUSH3 0x18D2 OR SWAP1 SWAP2 SWAP1 PUSH5 0x100000000 SWAP1 DIV JUMP JUMPDEST PUSH1 0x2 DUP2 SWAP1 SSTORE POP PUSH3 0x1E4 DUP2 PUSH1 0x0 DUP1 DUP6 PUSH20 0xFFFFFFFFFFFFFFFFFFFFFFFFFFFFFFFFFFFFFFFF AND PUSH20 0xFFFFFFFFFFFFFFFFFFFFFFFFFFFFFFFFFFFFFFFF AND DUP2 MSTORE PUSH1 0x20 ADD SWAP1 DUP2 MSTORE PUSH1 0x20 ADD PUSH1 0x0 KECCAK256 SLOAD PUSH3 0x290 PUSH5 0x100000000 MUL PUSH3 0x18D2 OR SWAP1 SWAP2 SWAP1 PUSH5 0x100000000 SWAP1 DIV JUMP JUMPDEST PUSH1 0x0 DUP1 DUP5 PUSH20 0xFFFFFFFFFFFFFFFFFFFFFFFFFFFFFFFFFFFFFFFF AND PUSH20 0xFFFFFFFFFFFFFFFFFFFFFFFFFFFFFFFFFFFFFFFF AND DUP2 MSTORE PUSH1 0x20 ADD SWAP1 DUP2 MSTORE PUSH1 0x20 ADD PUSH1 0x0 KECCAK256 DUP2 SWAP1 SSTORE POP DUP2 PUSH20 0xFFFFFFFFFFFFFFFFFFFFFFFFFFFFFFFFFFFFFFFF AND PUSH1 0x0 PUSH20 0xFFFFFFFFFFFFFFFFFFFFFFFFFFFFFFFFFFFFFFFF AND PUSH32 0xDDF252AD1BE2C89B69C2B068FC378DAA952BA7F163C4A11628F55A4DF523B3EF DUP4 PUSH1 0x40 MLOAD DUP1 DUP3 DUP2 MSTORE PUSH1 0x20 ADD SWAP2 POP POP PUSH1 0x40 MLOAD DUP1 SWAP2 SUB SWAP1 LOG3 POP POP JUMP JUMPDEST PUSH1 0x0 DUP1 DUP3 DUP5 ADD SWAP1 POP DUP4 DUP2 LT ISZERO ISZERO ISZERO PUSH3 0x2A8 JUMPI PUSH1 0x0 DUP1 REVERT JUMPDEST DUP1 SWAP2 POP POP SWAP3 SWAP2 POP POP JUMP JUMPDEST PUSH2 0x1E53 DUP1 PUSH3 0x2C2 PUSH1 0x0 CODECOPY PUSH1 0x0 RETURN STOP PUSH1 0x80 PUSH1 0x40 MSTORE PUSH1 0x4 CALLDATASIZE LT PUSH2 0x13E JUMPI PUSH1 0x0 CALLDATALOAD PUSH29 0x100000000000000000000000000000000000000000000000000000000 SWAP1 DIV PUSH4 0xFFFFFFFF AND DUP1 PUSH4 0x6FDDE03 EQ PUSH2 0x143 JUMPI DUP1 PUSH4 0x95EA7B3 EQ PUSH2 0x1D3 JUMPI DUP1 PUSH4 0x18160DDD EQ PUSH2 0x238 JUMPI DUP1 PUSH4 0x23B872DD EQ PUSH2 0x263 JUMPI DUP1 PUSH4 0x313CE567 EQ PUSH2 0x2E8 JUMPI DUP1 PUSH4 0x333E99DB EQ PUSH2 0x319 JUMPI DUP1 PUSH4 0x39509351 EQ PUSH2 0x374 JUMPI DUP1 PUSH4 0x3F4BA83A EQ PUSH2 0x3D9 JUMPI DUP1 PUSH4 0x40C10F19 EQ PUSH2 0x3F0 JUMPI DUP1 PUSH4 0x42966C68 EQ PUSH2 0x43D JUMPI DUP1 PUSH4 0x481313F3 EQ PUSH2 0x46A JUMPI DUP1 PUSH4 0x5C975ABB EQ PUSH2 0x4AD JUMPI DUP1 PUSH4 0x70A08231 EQ PUSH2 0x4DC JUMPI DUP1 PUSH4 0x715018A6 EQ PUSH2 0x533 JUMPI DUP1 PUSH4 0x8456CB59 EQ PUSH2 0x54A JUMPI DUP1 PUSH4 0x8DA5CB5B EQ PUSH2 0x561 JUMPI DUP1 PUSH4 0x8F32D59B EQ PUSH2 0x5B8 JUMPI DUP1 PUSH4 0x95D89B41 EQ PUSH2 0x5E7 JUMPI DUP1 PUSH4 0xA457C2D7 EQ PUSH2 0x677 JUMPI DUP1 PUSH4 0xA9059CBB EQ PUSH2 0x6DC JUMPI DUP1 PUSH4 0xB5881253 EQ PUSH2 0x741 JUMPI DUP1 PUSH4 0xDD62ED3E EQ PUSH2 0x784 JUMPI DUP1 PUSH4 0xF2FDE38B EQ PUSH2 0x7FB JUMPI DUP1 PUSH4 0xFE417FA5 EQ PUSH2 0x83E JUMPI JUMPDEST PUSH1 0x0 DUP1 REVERT JUMPDEST CALLVALUE DUP1 ISZERO PUSH2 0x14F JUMPI PUSH1 0x0 DUP1 REVERT JUMPDEST POP PUSH2 0x158 PUSH2 0x88B JUMP JUMPDEST PUSH1 0x40 MLOAD DUP1 DUP1 PUSH1 0x20 ADD DUP3 DUP2 SUB DUP3 MSTORE DUP4 DUP2 DUP2 MLOAD DUP2 MSTORE PUSH1 0x20 ADD SWAP2 POP DUP1 MLOAD SWAP1 PUSH1 0x20 ADD SWAP1 DUP1 DUP4 DUP4 PUSH1 0x0 JUMPDEST DUP4 DUP2 LT ISZERO PUSH2 0x198 JUMPI DUP1 DUP3 ADD MLOAD DUP2 DUP5 ADD MSTORE PUSH1 0x20 DUP2 ADD SWAP1 POP PUSH2 0x17D JUMP JUMPDEST POP POP POP POP SWAP1 POP SWAP1 DUP2 ADD SWAP1 PUSH1 0x1F AND DUP1 ISZERO PUSH2 0x1C5 JUMPI DUP1 DUP3 SUB DUP1 MLOAD PUSH1 0x1 DUP4 PUSH1 0x20 SUB PUSH2 0x100 EXP SUB NOT AND DUP2 MSTORE PUSH1 0x20 ADD SWAP2 POP JUMPDEST POP SWAP3 POP POP POP PUSH1 0x40 MLOAD DUP1 SWAP2 SUB SWAP1 RETURN JUMPDEST CALLVALUE DUP1 ISZERO PUSH2 0x1DF JUMPI PUSH1 0x0 DUP1 REVERT JUMPDEST POP PUSH2 0x21E PUSH1 0x4 DUP1 CALLDATASIZE SUB DUP2 ADD SWAP1 DUP1 DUP1 CALLDATALOAD PUSH20 0xFFFFFFFFFFFFFFFFFFFFFFFFFFFFFFFFFFFFFFFF AND SWAP1 PUSH1 0x20 ADD SWAP1 SWAP3 SWAP2 SWAP1 DUP1 CALLDATALOAD SWAP1 PUSH1 0x20 ADD SWAP1 SWAP3 SWAP2 SWAP1 POP POP POP PUSH2 0x8C4 JUMP JUMPDEST PUSH1 0x40 MLOAD DUP1 DUP3 ISZERO ISZERO ISZERO ISZERO DUP2 MSTORE PUSH1 0x20 ADD SWAP2 POP POP PUSH1 0x40 MLOAD DUP1 SWAP2 SUB SWAP1 RETURN JUMPDEST CALLVALUE DUP1 ISZERO PUSH2 0x244 JUMPI PUSH1 0x0 DUP1 REVERT JUMPDEST POP PUSH2 0x24D PUSH2 0x9F1 JUMP JUMPDEST PUSH1 0x40 MLOAD DUP1 DUP3 DUP2 MSTORE PUSH1 0x20 ADD SWAP2 POP POP PUSH1 0x40 MLOAD DUP1 SWAP2 SUB SWAP1 RETURN JUMPDEST CALLVALUE DUP1 ISZERO PUSH2 0x26F JUMPI PUSH1 0x0 DUP1 REVERT JUMPDEST POP PUSH2 0x2CE PUSH1 0x4 DUP1 CALLDATASIZE SUB DUP2 ADD SWAP1 DUP1 DUP1 CALLDATALOAD PUSH20 0xFFFFFFFFFFFFFFFFFFFFFFFFFFFFFFFFFFFFFFFF AND SWAP1 PUSH1 0x20 ADD SWAP1 SWAP3 SWAP2 SWAP1 DUP1 CALLDATALOAD PUSH20 0xFFFFFFFFFFFFFFFFFFFFFFFFFFFFFFFFFFFFFFFF AND SWAP1 PUSH1 0x20 ADD SWAP1 SWAP3 SWAP2 SWAP1 DUP1 CALLDATALOAD SWAP1 PUSH1 0x20 ADD SWAP1 SWAP3 SWAP2 SWAP1 POP POP POP PUSH2 0x9FB JUMP JUMPDEST PUSH1 0x40 MLOAD DUP1 DUP3 ISZERO ISZERO ISZERO ISZERO DUP2 MSTORE PUSH1 0x20 ADD SWAP2 POP POP PUSH1 0x40 MLOAD DUP1 SWAP2 SUB SWAP1 RETURN JUMPDEST CALLVALUE DUP1 ISZERO PUSH2 0x2F4 JUMPI PUSH1 0x0 DUP1 REVERT JUMPDEST POP PUSH2 0x2FD PUSH2 0xC03 JUMP JUMPDEST PUSH1 0x40 MLOAD DUP1 DUP3 PUSH1 0xFF AND PUSH1 0xFF AND DUP2 MSTORE PUSH1 0x20 ADD SWAP2 POP POP PUSH1 0x40 MLOAD DUP1 SWAP2 SUB SWAP1 RETURN JUMPDEST CALLVALUE DUP1 ISZERO PUSH2 0x325 JUMPI PUSH1 0x0 DUP1 REVERT JUMPDEST POP PUSH2 0x35A PUSH1 0x4 DUP1 CALLDATASIZE SUB DUP2 ADD SWAP1 DUP1 DUP1 CALLDATALOAD PUSH20 0xFFFFFFFFFFFFFFFFFFFFFFFFFFFFFFFFFFFFFFFF AND SWAP1 PUSH1 0x20 ADD SWAP1 SWAP3 SWAP2 SWAP1 POP POP POP PUSH2 0xC08 JUMP JUMPDEST PUSH1 0x40 MLOAD DUP1 DUP3 ISZERO ISZERO ISZERO ISZERO DUP2 MSTORE PUSH1 0x20 ADD SWAP2 POP POP PUSH1 0x40 MLOAD DUP1 SWAP2 SUB SWAP1 RETURN JUMPDEST CALLVALUE DUP1 ISZERO PUSH2 0x380 JUMPI PUSH1 0x0 DUP1 REVERT JUMPDEST POP PUSH2 0x3BF PUSH1 0x4 DUP1 CALLDATASIZE SUB DUP2 ADD SWAP1 DUP1 DUP1 CALLDATALOAD PUSH20 0xFFFFFFFFFFFFFFFFFFFFFFFFFFFFFFFFFFFFFFFF AND SWAP1 PUSH1 0x20 ADD SWAP1 SWAP3 SWAP2 SWAP1 DUP1 CALLDATALOAD SWAP1 PUSH1 0x20 ADD SWAP1 SWAP3 SWAP2 SWAP1 POP POP POP PUSH2 0xC5E JUMP JUMPDEST PUSH1 0x40 MLOAD DUP1 DUP3 ISZERO ISZERO ISZERO ISZERO DUP2 MSTORE PUSH1 0x20 ADD SWAP2 POP POP PUSH1 0x40 MLOAD DUP1 SWAP2 SUB SWAP1 RETURN JUMPDEST CALLVALUE DUP1 ISZERO PUSH2 0x3E5 JUMPI PUSH1 0x0 DUP1 REVERT JUMPDEST POP PUSH2 0x3EE PUSH2 0xE95 JUMP JUMPDEST STOP JUMPDEST CALLVALUE DUP1 ISZERO PUSH2 0x3FC JUMPI PUSH1 0x0 DUP1 REVERT JUMPDEST POP PUSH2 0x43B PUSH1 0x4 DUP1 CALLDATASIZE SUB DUP2 ADD SWAP1 DUP1 DUP1 CALLDATALOAD PUSH20 0xFFFFFFFFFFFFFFFFFFFFFFFFFFFFFFFFFFFFFFFF AND SWAP1 PUSH1 0x20 ADD SWAP1 SWAP3 SWAP2 SWAP1 DUP1 CALLDATALOAD SWAP1 PUSH1 0x20 ADD SWAP1 SWAP3 SWAP2 SWAP1 POP POP POP PUSH2 0xF0C JUMP JUMPDEST STOP JUMPDEST CALLVALUE DUP1 ISZERO PUSH2 0x449 JUMPI PUSH1 0x0 DUP1 REVERT JUMPDEST POP PUSH2 0x468 PUSH1 0x4 DUP1 CALLDATASIZE SUB DUP2 ADD SWAP1 DUP1 DUP1 CALLDATALOAD SWAP1 PUSH1 0x20 ADD SWAP1 SWAP3 SWAP2 SWAP1 POP POP POP PUSH2 0xF2D JUMP JUMPDEST STOP JUMPDEST CALLVALUE DUP1 ISZERO PUSH2 0x476 JUMPI PUSH1 0x0 DUP1 REVERT JUMPDEST POP PUSH2 0x4AB PUSH1 0x4 DUP1 CALLDATASIZE SUB DUP2 ADD SWAP1 DUP1 DUP1 CALLDATALOAD PUSH20 0xFFFFFFFFFFFFFFFFFFFFFFFFFFFFFFFFFFFFFFFF AND SWAP1 PUSH1 0x20 ADD SWAP1 SWAP3 SWAP2 SWAP1 POP POP POP PUSH2 0xF4D JUMP JUMPDEST STOP JUMPDEST CALLVALUE DUP1 ISZERO PUSH2 0x4B9 JUMPI PUSH1 0x0 DUP1 REVERT JUMPDEST POP PUSH2 0x4C2 PUSH2 0xFFE JUMP JUMPDEST PUSH1 0x40 MLOAD DUP1 DUP3 ISZERO ISZERO ISZERO ISZERO DUP2 MSTORE PUSH1 0x20 ADD SWAP2 POP POP PUSH1 0x40 MLOAD DUP1 SWAP2 SUB SWAP1 RETURN JUMPDEST CALLVALUE DUP1 ISZERO PUSH2 0x4E8 JUMPI PUSH1 0x0 DUP1 REVERT JUMPDEST POP PUSH2 0x51D PUSH1 0x4 DUP1 CALLDATASIZE SUB DUP2 ADD SWAP1 DUP1 DUP1 CALLDATALOAD PUSH20 0xFFFFFFFFFFFFFFFFFFFFFFFFFFFFFFFFFFFFFFFF AND SWAP1 PUSH1 0x20 ADD SWAP1 SWAP3 SWAP2 SWAP1 POP POP POP PUSH2 0x1015 JUMP JUMPDEST PUSH1 0x40 MLOAD DUP1 DUP3 DUP2 MSTORE PUSH1 0x20 ADD SWAP2 POP POP PUSH1 0x40 MLOAD DUP1 SWAP2 SUB SWAP1 RETURN JUMPDEST CALLVALUE DUP1 ISZERO PUSH2 0x53F JUMPI PUSH1 0x0 DUP1 REVERT JUMPDEST POP PUSH2 0x548 PUSH2 0x105D JUMP JUMPDEST STOP JUMPDEST CALLVALUE DUP1 ISZERO PUSH2 0x556 JUMPI PUSH1 0x0 DUP1 REVERT JUMPDEST POP PUSH2 0x55F PUSH2 0x1131 JUMP JUMPDEST STOP JUMPDEST CALLVALUE DUP1 ISZERO PUSH2 0x56D JUMPI PUSH1 0x0 DUP1 REVERT JUMPDEST POP PUSH2 0x576 PUSH2 0x11A9 JUMP JUMPDEST PUSH1 0x40 MLOAD DUP1 DUP3 PUSH20 0xFFFFFFFFFFFFFFFFFFFFFFFFFFFFFFFFFFFFFFFF AND PUSH20 0xFFFFFFFFFFFFFFFFFFFFFFFFFFFFFFFFFFFFFFFF AND DUP2 MSTORE PUSH1 0x20 ADD SWAP2 POP POP PUSH1 0x40 MLOAD DUP1 SWAP2 SUB SWAP1 RETURN JUMPDEST CALLVALUE DUP1 ISZERO PUSH2 0x5C4 JUMPI PUSH1 0x0 DUP1 REVERT JUMPDEST POP PUSH2 0x5CD PUSH2 0x11D3 JUMP JUMPDEST PUSH1 0x40 MLOAD DUP1 DUP3 ISZERO ISZERO ISZERO ISZERO DUP2 MSTORE PUSH1 0x20 ADD SWAP2 POP POP PUSH1 0x40 MLOAD DUP1 SWAP2 SUB SWAP1 RETURN JUMPDEST CALLVALUE DUP1 ISZERO PUSH2 0x5F3 JUMPI PUSH1 0x0 DUP1 REVERT JUMPDEST POP PUSH2 0x5FC PUSH2 0x122B JUMP JUMPDEST PUSH1 0x40 MLOAD DUP1 DUP1 PUSH1 0x20 ADD DUP3 DUP2 SUB DUP3 MSTORE DUP4 DUP2 DUP2 MLOAD DUP2 MSTORE PUSH1 0x20 ADD SWAP2 POP DUP1 MLOAD SWAP1 PUSH1 0x20 ADD SWAP1 DUP1 DUP4 DUP4 PUSH1 0x0 JUMPDEST DUP4 DUP2 LT ISZERO PUSH2 0x63C JUMPI DUP1 DUP3 ADD MLOAD DUP2 DUP5 ADD MSTORE PUSH1 0x20 DUP2 ADD SWAP1 POP PUSH2 0x621 JUMP JUMPDEST POP POP POP POP SWAP1 POP SWAP1 DUP2 ADD SWAP1 PUSH1 0x1F AND DUP1 ISZERO PUSH2 0x669 JUMPI DUP1 DUP3 SUB DUP1 MLOAD PUSH1 0x1 DUP4 PUSH1 0x20 SUB PUSH2 0x100 EXP SUB NOT AND DUP2 MSTORE PUSH1 0x20 ADD SWAP2 POP JUMPDEST POP SWAP3 POP POP POP PUSH1 0x40 MLOAD DUP1 SWAP2 SUB SWAP1 RETURN JUMPDEST CALLVALUE DUP1 ISZERO PUSH2 0x683 JUMPI PUSH1 0x0 DUP1 REVERT JUMPDEST POP PUSH2 0x6C2 PUSH1 0x4 DUP1 CALLDATASIZE SUB DUP2 ADD SWAP1 DUP1 DUP1 CALLDATALOAD PUSH20 0xFFFFFFFFFFFFFFFFFFFFFFFFFFFFFFFFFFFFFFFF AND SWAP1 PUSH1 0x20 ADD SWAP1 SWAP3 SWAP2 SWAP1 DUP1 CALLDATALOAD SWAP1 PUSH1 0x20 ADD SWAP1 SWAP3 SWAP2 SWAP1 POP POP POP PUSH2 0x1264 JUMP JUMPDEST PUSH1 0x40 MLOAD DUP1 DUP3 ISZERO ISZERO ISZERO ISZERO DUP2 MSTORE PUSH1 0x20 ADD SWAP2 POP POP PUSH1 0x40 MLOAD DUP1 SWAP2 SUB SWAP1 RETURN JUMPDEST CALLVALUE DUP1 ISZERO PUSH2 0x6E8 JUMPI PUSH1 0x0 DUP1 REVERT JUMPDEST POP PUSH2 0x727 PUSH1 0x4 DUP1 CALLDATASIZE SUB DUP2 ADD SWAP1 DUP1 DUP1 CALLDATALOAD PUSH20 0xFFFFFFFFFFFFFFFFFFFFFFFFFFFFFFFFFFFFFFFF AND SWAP1 PUSH1 0x20 ADD SWAP1 SWAP3 SWAP2 SWAP1 DUP1 CALLDATALOAD SWAP1 PUSH1 0x20 ADD SWAP1 SWAP3 SWAP2 SWAP1 POP POP POP PUSH2 0x149B JUMP JUMPDEST PUSH1 0x40 MLOAD DUP1 DUP3 ISZERO ISZERO ISZERO ISZERO DUP2 MSTORE PUSH1 0x20 ADD SWAP2 POP POP PUSH1 0x40 MLOAD DUP1 SWAP2 SUB SWAP1 RETURN JUMPDEST CALLVALUE DUP1 ISZERO PUSH2 0x74D JUMPI PUSH1 0x0 DUP1 REVERT JUMPDEST POP PUSH2 0x782 PUSH1 0x4 DUP1 CALLDATASIZE SUB DUP2 ADD SWAP1 DUP1 DUP1 CALLDATALOAD PUSH20 0xFFFFFFFFFFFFFFFFFFFFFFFFFFFFFFFFFFFFFFFF AND SWAP1 PUSH1 0x20 ADD SWAP1 SWAP3 SWAP2 SWAP1 POP POP POP PUSH2 0x14B2 JUMP JUMPDEST STOP JUMPDEST CALLVALUE DUP1 ISZERO PUSH2 0x790 JUMPI PUSH1 0x0 DUP1 REVERT JUMPDEST POP PUSH2 0x7E5 PUSH1 0x4 DUP1 CALLDATASIZE SUB DUP2 ADD SWAP1 DUP1 DUP1 CALLDATALOAD PUSH20 0xFFFFFFFFFFFFFFFFFFFFFFFFFFFFFFFFFFFFFFFF AND SWAP1 PUSH1 0x20 ADD SWAP1 SWAP3 SWAP2 SWAP1 DUP1 CALLDATALOAD PUSH20 0xFFFFFFFFFFFFFFFFFFFFFFFFFFFFFFFFFFFFFFFF AND SWAP1 PUSH1 0x20 ADD SWAP1 SWAP3 SWAP2 SWAP1 POP POP POP PUSH2 0x1563 JUMP JUMPDEST PUSH1 0x40 MLOAD DUP1 DUP3 DUP2 MSTORE PUSH1 0x20 ADD SWAP2 POP POP PUSH1 0x40 MLOAD DUP1 SWAP2 SUB SWAP1 RETURN JUMPDEST CALLVALUE DUP1 ISZERO PUSH2 0x807 JUMPI PUSH1 0x0 DUP1 REVERT JUMPDEST POP PUSH2 0x83C PUSH1 0x4 DUP1 CALLDATASIZE SUB DUP2 ADD SWAP1 DUP1 DUP1 CALLDATALOAD PUSH20 0xFFFFFFFFFFFFFFFFFFFFFFFFFFFFFFFFFFFFFFFF AND SWAP1 PUSH1 0x20 ADD SWAP1 SWAP3 SWAP2 SWAP1 POP POP POP PUSH2 0x15EA JUMP JUMPDEST STOP JUMPDEST CALLVALUE DUP1 ISZERO PUSH2 0x84A JUMPI PUSH1 0x0 DUP1 REVERT JUMPDEST POP PUSH2 0x889 PUSH1 0x4 DUP1 CALLDATASIZE SUB DUP2 ADD SWAP1 DUP1 DUP1 CALLDATALOAD PUSH20 0xFFFFFFFFFFFFFFFFFFFFFFFFFFFFFFFFFFFFFFFF AND SWAP1 PUSH1 0x20 ADD SWAP1 SWAP3 SWAP2 SWAP1 DUP1 CALLDATALOAD SWAP1 PUSH1 0x20 ADD SWAP1 SWAP3 SWAP2 SWAP1 POP POP POP PUSH2 0x1609 JUMP JUMPDEST STOP JUMPDEST PUSH1 0x40 DUP1 MLOAD SWAP1 DUP2 ADD PUSH1 0x40 MSTORE DUP1 PUSH1 0x8 DUP2 MSTORE PUSH1 0x20 ADD PUSH32 0x41504D20436F696E000000000000000000000000000000000000000000000000 DUP2 MSTORE POP DUP2 JUMP JUMPDEST PUSH1 0x0 DUP1 PUSH20 0xFFFFFFFFFFFFFFFFFFFFFFFFFFFFFFFFFFFFFFFF AND DUP4 PUSH20 0xFFFFFFFFFFFFFFFFFFFFFFFFFFFFFFFFFFFFFFFF AND EQ ISZERO ISZERO ISZERO PUSH2 0x901 JUMPI PUSH1 0x0 DUP1 REVERT JUMPDEST DUP2 PUSH1 0x1 PUSH1 0x0 CALLER PUSH20 0xFFFFFFFFFFFFFFFFFFFFFFFFFFFFFFFFFFFFFFFF AND PUSH20 0xFFFFFFFFFFFFFFFFFFFFFFFFFFFFFFFFFFFFFFFF AND DUP2 MSTORE PUSH1 0x20 ADD SWAP1 DUP2 MSTORE PUSH1 0x20 ADD PUSH1 0x0 KECCAK256 PUSH1 0x0 DUP6 PUSH20 0xFFFFFFFFFFFFFFFFFFFFFFFFFFFFFFFFFFFFFFFF AND PUSH20 0xFFFFFFFFFFFFFFFFFFFFFFFFFFFFFFFFFFFFFFFF AND DUP2 MSTORE PUSH1 0x20 ADD SWAP1 DUP2 MSTORE PUSH1 0x20 ADD PUSH1 0x0 KECCAK256 DUP2 SWAP1 SSTORE POP DUP3 PUSH20 0xFFFFFFFFFFFFFFFFFFFFFFFFFFFFFFFFFFFFFFFF AND CALLER PUSH20 0xFFFFFFFFFFFFFFFFFFFFFFFFFFFFFFFFFFFFFFFF AND PUSH32 0x8C5BE1E5EBEC7D5BD14F71427D1E84F3DD0314C0F7B2291E5B200AC8C7C3B925 DUP5 PUSH1 0x40 MLOAD DUP1 DUP3 DUP2 MSTORE PUSH1 0x20 ADD SWAP2 POP POP PUSH1 0x40 MLOAD DUP1 SWAP2 SUB SWAP1 LOG3 PUSH1 0x1 SWAP1 POP SWAP3 SWAP2 POP POP JUMP JUMPDEST PUSH1 0x0 PUSH1 0x2 SLOAD SWAP1 POP SWAP1 JUMP JUMPDEST PUSH1 0x0 PUSH2 0xA8C DUP3 PUSH1 0x1 PUSH1 0x0 DUP8 PUSH20 0xFFFFFFFFFFFFFFFFFFFFFFFFFFFFFFFFFFFFFFFF AND PUSH20 0xFFFFFFFFFFFFFFFFFFFFFFFFFFFFFFFFFFFFFFFF AND DUP2 MSTORE PUSH1 0x20 ADD SWAP1 DUP2 MSTORE PUSH1 0x20 ADD PUSH1 0x0 KECCAK256 PUSH1 0x0 CALLER PUSH20 0xFFFFFFFFFFFFFFFFFFFFFFFFFFFFFFFFFFFFFFFF AND PUSH20 0xFFFFFFFFFFFFFFFFFFFFFFFFFFFFFFFFFFFFFFFF AND DUP2 MSTORE PUSH1 0x20 ADD SWAP1 DUP2 MSTORE PUSH1 0x20 ADD PUSH1 0x0 KECCAK256 SLOAD PUSH2 0x185E SWAP1 SWAP2 SWAP1 PUSH4 0xFFFFFFFF AND JUMP JUMPDEST PUSH1 0x1 PUSH1 0x0 DUP7 PUSH20 0xFFFFFFFFFFFFFFFFFFFFFFFFFFFFFFFFFFFFFFFF AND PUSH20 0xFFFFFFFFFFFFFFFFFFFFFFFFFFFFFFFFFFFFFFFF AND DUP2 MSTORE PUSH1 0x20 ADD SWAP1 DUP2 MSTORE PUSH1 0x20 ADD PUSH1 0x0 KECCAK256 PUSH1 0x0 CALLER PUSH20 0xFFFFFFFFFFFFFFFFFFFFFFFFFFFFFFFFFFFFFFFF AND PUSH20 0xFFFFFFFFFFFFFFFFFFFFFFFFFFFFFFFFFFFFFFFF AND DUP2 MSTORE PUSH1 0x20 ADD SWAP1 DUP2 MSTORE PUSH1 0x20 ADD PUSH1 0x0 KECCAK256 DUP2 SWAP1 SSTORE POP PUSH2 0xB17 DUP5 DUP5 DUP5 PUSH2 0x187F JUMP JUMPDEST CALLER PUSH20 0xFFFFFFFFFFFFFFFFFFFFFFFFFFFFFFFFFFFFFFFF AND DUP5 PUSH20 0xFFFFFFFFFFFFFFFFFFFFFFFFFFFFFFFFFFFFFFFF AND PUSH32 0x8C5BE1E5EBEC7D5BD14F71427D1E84F3DD0314C0F7B2291E5B200AC8C7C3B925 PUSH1 0x1 PUSH1 0x0 DUP9 PUSH20 0xFFFFFFFFFFFFFFFFFFFFFFFFFFFFFFFFFFFFFFFF AND PUSH20 0xFFFFFFFFFFFFFFFFFFFFFFFFFFFFFFFFFFFFFFFF AND DUP2 MSTORE PUSH1 0x20 ADD SWAP1 DUP2 MSTORE PUSH1 0x20 ADD PUSH1 0x0 KECCAK256 PUSH1 0x0 CALLER PUSH20 0xFFFFFFFFFFFFFFFFFFFFFFFFFFFFFFFFFFFFFFFF AND PUSH20 0xFFFFFFFFFFFFFFFFFFFFFFFFFFFFFFFFFFFFFFFF AND DUP2 MSTORE PUSH1 0x20 ADD SWAP1 DUP2 MSTORE PUSH1 0x20 ADD PUSH1 0x0 KECCAK256 SLOAD PUSH1 0x40 MLOAD DUP1 DUP3 DUP2 MSTORE PUSH1 0x20 ADD SWAP2 POP POP PUSH1 0x40 MLOAD DUP1 SWAP2 SUB SWAP1 LOG3 PUSH1 0x1 SWAP1 POP SWAP4 SWAP3 POP POP POP JUMP JUMPDEST PUSH1 0x12 DUP2 JUMP JUMPDEST PUSH1 0x0 PUSH1 0x4 PUSH1 0x0 DUP4 PUSH20 0xFFFFFFFFFFFFFFFFFFFFFFFFFFFFFFFFFFFFFFFF AND PUSH20 0xFFFFFFFFFFFFFFFFFFFFFFFFFFFFFFFFFFFFFFFF AND DUP2 MSTORE PUSH1 0x20 ADD SWAP1 DUP2 MSTORE PUSH1 0x20 ADD PUSH1 0x0 KECCAK256 PUSH1 0x0 SWAP1 SLOAD SWAP1 PUSH2 0x100 EXP SWAP1 DIV PUSH1 0xFF AND SWAP1 POP SWAP2 SWAP1 POP JUMP JUMPDEST PUSH1 0x0 DUP1 PUSH20 0xFFFFFFFFFFFFFFFFFFFFFFFFFFFFFFFFFFFFFFFF AND DUP4 PUSH20 0xFFFFFFFFFFFFFFFFFFFFFFFFFFFFFFFFFFFFFFFF AND EQ ISZERO ISZERO ISZERO PUSH2 0xC9B JUMPI PUSH1 0x0 DUP1 REVERT JUMPDEST PUSH2 0xD2A DUP3 PUSH1 0x1 PUSH1 0x0 CALLER PUSH20 0xFFFFFFFFFFFFFFFFFFFFFFFFFFFFFFFFFFFFFFFF AND PUSH20 0xFFFFFFFFFFFFFFFFFFFFFFFFFFFFFFFFFFFFFFFF AND DUP2 MSTORE PUSH1 0x20 ADD SWAP1 DUP2 MSTORE PUSH1 0x20 ADD PUSH1 0x0 KECCAK256 PUSH1 0x0 DUP7 PUSH20 0xFFFFFFFFFFFFFFFFFFFFFFFFFFFFFFFFFFFFFFFF AND PUSH20 0xFFFFFFFFFFFFFFFFFFFFFFFFFFFFFFFFFFFFFFFF AND DUP2 MSTORE PUSH1 0x20 ADD SWAP1 DUP2 MSTORE PUSH1 0x20 ADD PUSH1 0x0 KECCAK256 SLOAD PUSH2 0x18D2 SWAP1 SWAP2 SWAP1 PUSH4 0xFFFFFFFF AND JUMP JUMPDEST PUSH1 0x1 PUSH1 0x0 CALLER PUSH20 0xFFFFFFFFFFFFFFFFFFFFFFFFFFFFFFFFFFFFFFFF AND PUSH20 0xFFFFFFFFFFFFFFFFFFFFFFFFFFFFFFFFFFFFFFFF AND DUP2 MSTORE PUSH1 0x20 ADD SWAP1 DUP2 MSTORE PUSH1 0x20 ADD PUSH1 0x0 KECCAK256 PUSH1 0x0 DUP6 PUSH20 0xFFFFFFFFFFFFFFFFFFFFFFFFFFFFFFFFFFFFFFFF AND PUSH20 0xFFFFFFFFFFFFFFFFFFFFFFFFFFFFFFFFFFFFFFFF AND DUP2 MSTORE PUSH1 0x20 ADD SWAP1 DUP2 MSTORE PUSH1 0x20 ADD PUSH1 0x0 KECCAK256 DUP2 SWAP1 SSTORE POP DUP3 PUSH20 0xFFFFFFFFFFFFFFFFFFFFFFFFFFFFFFFFFFFFFFFF AND CALLER PUSH20 0xFFFFFFFFFFFFFFFFFFFFFFFFFFFFFFFFFFFFFFFF AND PUSH32 0x8C5BE1E5EBEC7D5BD14F71427D1E84F3DD0314C0F7B2291E5B200AC8C7C3B925 PUSH1 0x1 PUSH1 0x0 CALLER PUSH20 0xFFFFFFFFFFFFFFFFFFFFFFFFFFFFFFFFFFFFFFFF AND PUSH20 0xFFFFFFFFFFFFFFFFFFFFFFFFFFFFFFFFFFFFFFFF AND DUP2 MSTORE PUSH1 0x20 ADD SWAP1 DUP2 MSTORE PUSH1 0x20 ADD PUSH1 0x0 KECCAK256 PUSH1 0x0 DUP8 PUSH20 0xFFFFFFFFFFFFFFFFFFFFFFFFFFFFFFFFFFFFFFFF AND PUSH20 0xFFFFFFFFFFFFFFFFFFFFFFFFFFFFFFFFFFFFFFFF AND DUP2 MSTORE PUSH1 0x20 ADD SWAP1 DUP2 MSTORE PUSH1 0x20 ADD PUSH1 0x0 KECCAK256 SLOAD PUSH1 0x40 MLOAD DUP1 DUP3 DUP2 MSTORE PUSH1 0x20 ADD SWAP2 POP POP PUSH1 0x40 MLOAD DUP1 SWAP2 SUB SWAP1 LOG3 PUSH1 0x1 SWAP1 POP SWAP3 SWAP2 POP POP JUMP JUMPDEST PUSH2 0xE9D PUSH2 0x11D3 JUMP JUMPDEST ISZERO ISZERO PUSH2 0xEA8 JUMPI PUSH1 0x0 DUP1 REVERT JUMPDEST PUSH1 0x3 PUSH1 0x14 SWAP1 SLOAD SWAP1 PUSH2 0x100 EXP SWAP1 DIV PUSH1 0xFF AND ISZERO ISZERO PUSH2 0xEC3 JUMPI PUSH1 0x0 DUP1 REVERT JUMPDEST PUSH1 0x0 PUSH1 0x3 PUSH1 0x14 PUSH2 0x100 EXP DUP2 SLOAD DUP2 PUSH1 0xFF MUL NOT AND SWAP1 DUP4 ISZERO ISZERO MUL OR SWAP1 SSTORE POP PUSH32 0xA45F47FDEA8A1EFDD9029A5691C7F759C32B7C698632B563573E155625D16933 PUSH1 0x40 MLOAD PUSH1 0x40 MLOAD DUP1 SWAP2 SUB SWAP1 LOG1 JUMP JUMPDEST PUSH2 0xF14 PUSH2 0x11D3 JUMP JUMPDEST ISZERO ISZERO PUSH2 0xF1F JUMPI PUSH1 0x0 DUP1 REVERT JUMPDEST PUSH2 0xF29 DUP3 DUP3 PUSH2 0x18F3 JUMP JUMPDEST POP POP JUMP JUMPDEST PUSH2 0xF35 PUSH2 0x11D3 JUMP JUMPDEST ISZERO ISZERO PUSH2 0xF40 JUMPI PUSH1 0x0 DUP1 REVERT JUMPDEST PUSH2 0xF4A CALLER DUP3 PUSH2 0x1A47 JUMP JUMPDEST POP JUMP JUMPDEST PUSH2 0xF55 PUSH2 0x11D3 JUMP JUMPDEST ISZERO ISZERO PUSH2 0xF60 JUMPI PUSH1 0x0 DUP1 REVERT JUMPDEST PUSH1 0x1 PUSH1 0x4 PUSH1 0x0 DUP4 PUSH20 0xFFFFFFFFFFFFFFFFFFFFFFFFFFFFFFFFFFFFFFFF AND PUSH20 0xFFFFFFFFFFFFFFFFFFFFFFFFFFFFFFFFFFFFFFFF AND DUP2 MSTORE PUSH1 0x20 ADD SWAP1 DUP2 MSTORE PUSH1 0x20 ADD PUSH1 0x0 KECCAK256 PUSH1 0x0 PUSH2 0x100 EXP DUP2 SLOAD DUP2 PUSH1 0xFF MUL NOT AND SWAP1 DUP4 ISZERO ISZERO MUL OR SWAP1 SSTORE POP DUP1 PUSH20 0xFFFFFFFFFFFFFFFFFFFFFFFFFFFFFFFFFFFFFFFF AND PUSH32 0x30F118E5A88DE7F2FE7F077D2112D8BCB6A98A62014FD5BFA85ADA912EE651D9 PUSH1 0x40 MLOAD PUSH1 0x40 MLOAD DUP1 SWAP2 SUB SWAP1 LOG2 POP JUMP JUMPDEST PUSH1 0x0 PUSH1 0x3 PUSH1 0x14 SWAP1 SLOAD SWAP1 PUSH2 0x100 EXP SWAP1 DIV PUSH1 0xFF AND SWAP1 POP SWAP1 JUMP JUMPDEST PUSH1 0x0 DUP1 PUSH1 0x0 DUP4 PUSH20 0xFFFFFFFFFFFFFFFFFFFFFFFFFFFFFFFFFFFFFFFF AND PUSH20 0xFFFFFFFFFFFFFFFFFFFFFFFFFFFFFFFFFFFFFFFF AND DUP2 MSTORE PUSH1 0x20 ADD SWAP1 DUP2 MSTORE PUSH1 0x20 ADD PUSH1 0x0 KECCAK256 SLOAD SWAP1 POP SWAP2 SWAP1 POP JUMP JUMPDEST PUSH2 0x1065 PUSH2 0x11D3 JUMP JUMPDEST ISZERO ISZERO PUSH2 0x1070 JUMPI PUSH1 0x0 DUP1 REVERT JUMPDEST PUSH1 0x0 PUSH20 0xFFFFFFFFFFFFFFFFFFFFFFFFFFFFFFFFFFFFFFFF AND PUSH1 0x3 PUSH1 0x0 SWAP1 SLOAD SWAP1 PUSH2 0x100 EXP SWAP1 DIV PUSH20 0xFFFFFFFFFFFFFFFFFFFFFFFFFFFFFFFFFFFFFFFF AND PUSH20 0xFFFFFFFFFFFFFFFFFFFFFFFFFFFFFFFFFFFFFFFF AND PUSH32 0x8BE0079C531659141344CD1FD0A4F28419497F9722A3DAAFE3B4186F6B6457E0 PUSH1 0x40 MLOAD PUSH1 0x40 MLOAD DUP1 SWAP2 SUB SWAP1 LOG3 PUSH1 0x0 PUSH1 0x3 PUSH1 0x0 PUSH2 0x100 EXP DUP2 SLOAD DUP2 PUSH20 0xFFFFFFFFFFFFFFFFFFFFFFFFFFFFFFFFFFFFFFFF MUL NOT AND SWAP1 DUP4 PUSH20 0xFFFFFFFFFFFFFFFFFFFFFFFFFFFFFFFFFFFFFFFF AND MUL OR SWAP1 SSTORE POP JUMP JUMPDEST PUSH2 0x1139 PUSH2 0x11D3 JUMP JUMPDEST ISZERO ISZERO PUSH2 0x1144 JUMPI PUSH1 0x0 DUP1 REVERT JUMPDEST PUSH1 0x3 PUSH1 0x14 SWAP1 SLOAD SWAP1 PUSH2 0x100 EXP SWAP1 DIV PUSH1 0xFF AND ISZERO ISZERO ISZERO PUSH2 0x1160 JUMPI PUSH1 0x0 DUP1 REVERT JUMPDEST PUSH1 0x1 PUSH1 0x3 PUSH1 0x14 PUSH2 0x100 EXP DUP2 SLOAD DUP2 PUSH1 0xFF MUL NOT AND SWAP1 DUP4 ISZERO ISZERO MUL OR SWAP1 SSTORE POP PUSH32 0x9E87FAC88FF661F02D44F95383C817FECE4BCE600A3DAB7A54406878B965E752 PUSH1 0x40 MLOAD PUSH1 0x40 MLOAD DUP1 SWAP2 SUB SWAP1 LOG1 JUMP JUMPDEST PUSH1 0x0 PUSH1 0x3 PUSH1 0x0 SWAP1 SLOAD SWAP1 PUSH2 0x100 EXP SWAP1 DIV PUSH20 0xFFFFFFFFFFFFFFFFFFFFFFFFFFFFFFFFFFFFFFFF AND SWAP1 POP SWAP1 JUMP JUMPDEST PUSH1 0x0 PUSH1 0x3 PUSH1 0x0 SWAP1 SLOAD SWAP1 PUSH2 0x100 EXP SWAP1 DIV PUSH20 0xFFFFFFFFFFFFFFFFFFFFFFFFFFFFFFFFFFFFFFFF AND PUSH20 0xFFFFFFFFFFFFFFFFFFFFFFFFFFFFFFFFFFFFFFFF AND CALLER PUSH20 0xFFFFFFFFFFFFFFFFFFFFFFFFFFFFFFFFFFFFFFFF AND EQ SWAP1 POP SWAP1 JUMP JUMPDEST PUSH1 0x40 DUP1 MLOAD SWAP1 DUP2 ADD PUSH1 0x40 MSTORE DUP1 PUSH1 0x3 DUP2 MSTORE PUSH1 0x20 ADD PUSH32 0x41504D0000000000000000000000000000000000000000000000000000000000 DUP2 MSTORE POP DUP2 JUMP JUMPDEST PUSH1 0x0 DUP1 PUSH20 0xFFFFFFFFFFFFFFFFFFFFFFFFFFFFFFFFFFFFFFFF AND DUP4 PUSH20 0xFFFFFFFFFFFFFFFFFFFFFFFFFFFFFFFFFFFFFFFF AND EQ ISZERO ISZERO ISZERO PUSH2 0x12A1 JUMPI PUSH1 0x0 DUP1 REVERT JUMPDEST PUSH2 0x1330 DUP3 PUSH1 0x1 PUSH1 0x0 CALLER PUSH20 0xFFFFFFFFFFFFFFFFFFFFFFFFFFFFFFFFFFFFFFFF AND PUSH20 0xFFFFFFFFFFFFFFFFFFFFFFFFFFFFFFFFFFFFFFFF AND DUP2 MSTORE PUSH1 0x20 ADD SWAP1 DUP2 MSTORE PUSH1 0x20 ADD PUSH1 0x0 KECCAK256 PUSH1 0x0 DUP7 PUSH20 0xFFFFFFFFFFFFFFFFFFFFFFFFFFFFFFFFFFFFFFFF AND PUSH20 0xFFFFFFFFFFFFFFFFFFFFFFFFFFFFFFFFFFFFFFFF AND DUP2 MSTORE PUSH1 0x20 ADD SWAP1 DUP2 MSTORE PUSH1 0x20 ADD PUSH1 0x0 KECCAK256 SLOAD PUSH2 0x185E SWAP1 SWAP2 SWAP1 PUSH4 0xFFFFFFFF AND JUMP JUMPDEST PUSH1 0x1 PUSH1 0x0 CALLER PUSH20 0xFFFFFFFFFFFFFFFFFFFFFFFFFFFFFFFFFFFFFFFF AND PUSH20 0xFFFFFFFFFFFFFFFFFFFFFFFFFFFFFFFFFFFFFFFF AND DUP2 MSTORE PUSH1 0x20 ADD SWAP1 DUP2 MSTORE PUSH1 0x20 ADD PUSH1 0x0 KECCAK256 PUSH1 0x0 DUP6 PUSH20 0xFFFFFFFFFFFFFFFFFFFFFFFFFFFFFFFFFFFFFFFF AND PUSH20 0xFFFFFFFFFFFFFFFFFFFFFFFFFFFFFFFFFFFFFFFF AND DUP2 MSTORE PUSH1 0x20 ADD SWAP1 DUP2 MSTORE PUSH1 0x20 ADD PUSH1 0x0 KECCAK256 DUP2 SWAP1 SSTORE POP DUP3 PUSH20 0xFFFFFFFFFFFFFFFFFFFFFFFFFFFFFFFFFFFFFFFF AND CALLER PUSH20 0xFFFFFFFFFFFFFFFFFFFFFFFFFFFFFFFFFFFFFFFF AND PUSH32 0x8C5BE1E5EBEC7D5BD14F71427D1E84F3DD0314C0F7B2291E5B200AC8C7C3B925 PUSH1 0x1 PUSH1 0x0 CALLER PUSH20 0xFFFFFFFFFFFFFFFFFFFFFFFFFFFFFFFFFFFFFFFF AND PUSH20 0xFFFFFFFFFFFFFFFFFFFFFFFFFFFFFFFFFFFFFFFF AND DUP2 MSTORE PUSH1 0x20 ADD SWAP1 DUP2 MSTORE PUSH1 0x20 ADD PUSH1 0x0 KECCAK256 PUSH1 0x0 DUP8 PUSH20 0xFFFFFFFFFFFFFFFFFFFFFFFFFFFFFFFFFFFFFFFF AND PUSH20 0xFFFFFFFFFFFFFFFFFFFFFFFFFFFFFFFFFFFFFFFF AND DUP2 MSTORE PUSH1 0x20 ADD SWAP1 DUP2 MSTORE PUSH1 0x20 ADD PUSH1 0x0 KECCAK256 SLOAD PUSH1 0x40 MLOAD DUP1 DUP3 DUP2 MSTORE PUSH1 0x20 ADD SWAP2 POP POP PUSH1 0x40 MLOAD DUP1 SWAP2 SUB SWAP1 LOG3 PUSH1 0x1 SWAP1 POP SWAP3 SWAP2 POP POP JUMP JUMPDEST PUSH1 0x0 PUSH2 0x14A8 CALLER DUP5 DUP5 PUSH2 0x187F JUMP JUMPDEST PUSH1 0x1 SWAP1 POP SWAP3 SWAP2 POP POP JUMP JUMPDEST PUSH2 0x14BA PUSH2 0x11D3 JUMP JUMPDEST ISZERO ISZERO PUSH2 0x14C5 JUMPI PUSH1 0x0 DUP1 REVERT JUMPDEST PUSH1 0x0 PUSH1 0x4 PUSH1 0x0 DUP4 PUSH20 0xFFFFFFFFFFFFFFFFFFFFFFFFFFFFFFFFFFFFFFFF AND PUSH20 0xFFFFFFFFFFFFFFFFFFFFFFFFFFFFFFFFFFFFFFFF AND DUP2 MSTORE PUSH1 0x20 ADD SWAP1 DUP2 MSTORE PUSH1 0x20 ADD PUSH1 0x0 KECCAK256 PUSH1 0x0 PUSH2 0x100 EXP DUP2 SLOAD DUP2 PUSH1 0xFF MUL NOT AND SWAP1 DUP4 ISZERO ISZERO MUL OR SWAP1 SSTORE POP DUP1 PUSH20 0xFFFFFFFFFFFFFFFFFFFFFFFFFFFFFFFFFFFFFFFF AND PUSH32 0xF6F6591340DF7CEF8EA71ABBF2673EF24690B370CB1CB48EDF38D9977A3142F1 PUSH1 0x40 MLOAD PUSH1 0x40 MLOAD DUP1 SWAP2 SUB SWAP1 LOG2 POP JUMP JUMPDEST PUSH1 0x0 PUSH1 0x1 PUSH1 0x0 DUP5 PUSH20 0xFFFFFFFFFFFFFFFFFFFFFFFFFFFFFFFFFFFFFFFF AND PUSH20 0xFFFFFFFFFFFFFFFFFFFFFFFFFFFFFFFFFFFFFFFF AND DUP2 MSTORE PUSH1 0x20 ADD SWAP1 DUP2 MSTORE PUSH1 0x20 ADD PUSH1 0x0 KECCAK256 PUSH1 0x0 DUP4 PUSH20 0xFFFFFFFFFFFFFFFFFFFFFFFFFFFFFFFFFFFFFFFF AND PUSH20 0xFFFFFFFFFFFFFFFFFFFFFFFFFFFFFFFFFFFFFFFF AND DUP2 MSTORE PUSH1 0x20 ADD SWAP1 DUP2 MSTORE PUSH1 0x20 ADD PUSH1 0x0 KECCAK256 SLOAD SWAP1 POP SWAP3 SWAP2 POP POP JUMP JUMPDEST PUSH2 0x15F2 PUSH2 0x11D3 JUMP JUMPDEST ISZERO ISZERO PUSH2 0x15FD JUMPI PUSH1 0x0 DUP1 REVERT JUMPDEST PUSH2 0x1606 DUP2 PUSH2 0x1B5F JUMP JUMPDEST POP JUMP JUMPDEST PUSH1 0x0 DUP1 PUSH1 0x0 DUP1 PUSH2 0x1617 PUSH2 0x11D3 JUMP JUMPDEST ISZERO ISZERO PUSH2 0x1622 JUMPI PUSH1 0x0 DUP1 REVERT JUMPDEST DUP6 SWAP4 POP ADDRESS SWAP3 POP DUP4 PUSH20 0xFFFFFFFFFFFFFFFFFFFFFFFFFFFFFFFFFFFFFFFF AND PUSH4 0x70A08231 DUP5 PUSH1 0x40 MLOAD DUP3 PUSH4 0xFFFFFFFF AND PUSH29 0x100000000000000000000000000000000000000000000000000000000 MUL DUP2 MSTORE PUSH1 0x4 ADD DUP1 DUP3 PUSH20 0xFFFFFFFFFFFFFFFFFFFFFFFFFFFFFFFFFFFFFFFF AND PUSH20 0xFFFFFFFFFFFFFFFFFFFFFFFFFFFFFFFFFFFFFFFF AND DUP2 MSTORE PUSH1 0x20 ADD SWAP2 POP POP PUSH1 0x20 PUSH1 0x40 MLOAD DUP1 DUP4 SUB DUP2 PUSH1 0x0 DUP8 DUP1 EXTCODESIZE ISZERO DUP1 ISZERO PUSH2 0x16C3 JUMPI PUSH1 0x0 DUP1 REVERT JUMPDEST POP GAS CALL ISZERO DUP1 ISZERO PUSH2 0x16D7 JUMPI RETURNDATASIZE PUSH1 0x0 DUP1 RETURNDATACOPY RETURNDATASIZE PUSH1 0x0 REVERT JUMPDEST POP POP POP POP PUSH1 0x40 MLOAD RETURNDATASIZE PUSH1 0x20 DUP2 LT ISZERO PUSH2 0x16ED JUMPI PUSH1 0x0 DUP1 REVERT JUMPDEST DUP2 ADD SWAP1 DUP1 DUP1 MLOAD SWAP1 PUSH1 0x20 ADD SWAP1 SWAP3 SWAP2 SWAP1 POP POP POP SWAP2 POP DUP5 DUP3 LT ISZERO ISZERO ISZERO PUSH2 0x170F JUMPI PUSH1 0x0 DUP1 REVERT JUMPDEST CALLER SWAP1 POP DUP4 PUSH20 0xFFFFFFFFFFFFFFFFFFFFFFFFFFFFFFFFFFFFFFFF AND PUSH4 0xA9059CBB DUP3 DUP8 PUSH1 0x40 MLOAD DUP4 PUSH4 0xFFFFFFFF AND PUSH29 0x100000000000000000000000000000000000000000000000000000000 MUL DUP2 MSTORE PUSH1 0x4 ADD DUP1 DUP4 PUSH20 0xFFFFFFFFFFFFFFFFFFFFFFFFFFFFFFFFFFFFFFFF AND PUSH20 0xFFFFFFFFFFFFFFFFFFFFFFFFFFFFFFFFFFFFFFFF AND DUP2 MSTORE PUSH1 0x20 ADD DUP3 DUP2 MSTORE PUSH1 0x20 ADD SWAP3 POP POP POP PUSH1 0x20 PUSH1 0x40 MLOAD DUP1 DUP4 SUB DUP2 PUSH1 0x0 DUP8 DUP1 EXTCODESIZE ISZERO DUP1 ISZERO PUSH2 0x17B5 JUMPI PUSH1 0x0 DUP1 REVERT JUMPDEST POP GAS CALL ISZERO DUP1 ISZERO PUSH2 0x17C9 JUMPI RETURNDATASIZE PUSH1 0x0 DUP1 RETURNDATACOPY RETURNDATASIZE PUSH1 0x0 REVERT JUMPDEST POP POP POP POP PUSH1 0x40 MLOAD RETURNDATASIZE PUSH1 0x20 DUP2 LT ISZERO PUSH2 0x17DF JUMPI PUSH1 0x0 DUP1 REVERT JUMPDEST DUP2 ADD SWAP1 DUP1 DUP1 MLOAD SWAP1 PUSH1 0x20 ADD SWAP1 SWAP3 SWAP2 SWAP1 POP POP POP POP DUP6 PUSH20 0xFFFFFFFFFFFFFFFFFFFFFFFFFFFFFFFFFFFFFFFF AND DUP2 PUSH20 0xFFFFFFFFFFFFFFFFFFFFFFFFFFFFFFFFFFFFFFFF AND PUSH32 0xF931EDB47C50B4B4104C187B5814A9AEF5F709E17E2ECF9617E860CACADE929C DUP8 PUSH1 0x40 MLOAD DUP1 DUP3 DUP2 MSTORE PUSH1 0x20 ADD SWAP2 POP POP PUSH1 0x40 MLOAD DUP1 SWAP2 SUB SWAP1 LOG3 POP POP POP POP POP POP JUMP JUMPDEST PUSH1 0x0 DUP1 DUP4 DUP4 GT ISZERO ISZERO ISZERO PUSH2 0x1870 JUMPI PUSH1 0x0 DUP1 REVERT JUMPDEST DUP3 DUP5 SUB SWAP1 POP DUP1 SWAP2 POP POP SWAP3 SWAP2 POP POP JUMP JUMPDEST PUSH1 0x3 PUSH1 0x14 SWAP1 SLOAD SWAP1 PUSH2 0x100 EXP SWAP1 DIV PUSH1 0xFF AND ISZERO ISZERO ISZERO PUSH2 0x189B JUMPI PUSH1 0x0 DUP1 REVERT JUMPDEST PUSH2 0x18A4 DUP4 PUSH2 0xC08 JUMP JUMPDEST ISZERO DUP1 ISZERO PUSH2 0x18B7 JUMPI POP PUSH2 0x18B5 DUP3 PUSH2 0xC08 JUMP JUMPDEST ISZERO JUMPDEST ISZERO ISZERO PUSH2 0x18C2 JUMPI PUSH1 0x0 DUP1 REVERT JUMPDEST PUSH2 0x18CD DUP4 DUP4 DUP4 PUSH2 0x1C5B JUMP JUMPDEST POP POP POP JUMP JUMPDEST PUSH1 0x0 DUP1 DUP3 DUP5 ADD SWAP1 POP DUP4 DUP2 LT ISZERO ISZERO ISZERO PUSH2 0x18E9 JUMPI PUSH1 0x0 DUP1 REVERT JUMPDEST DUP1 SWAP2 POP POP SWAP3 SWAP2 POP POP JUMP JUMPDEST PUSH1 0x0 PUSH20 0xFFFFFFFFFFFFFFFFFFFFFFFFFFFFFFFFFFFFFFFF AND DUP3 PUSH20 0xFFFFFFFFFFFFFFFFFFFFFFFFFFFFFFFFFFFFFFFF AND EQ ISZERO ISZERO ISZERO PUSH2 0x192F JUMPI PUSH1 0x0 DUP1 REVERT JUMPDEST PUSH2 0x1944 DUP2 PUSH1 0x2 SLOAD PUSH2 0x18D2 SWAP1 SWAP2 SWAP1 PUSH4 0xFFFFFFFF AND JUMP JUMPDEST PUSH1 0x2 DUP2 SWAP1 SSTORE POP PUSH2 0x199B DUP2 PUSH1 0x0 DUP1 DUP6 PUSH20 0xFFFFFFFFFFFFFFFFFFFFFFFFFFFFFFFFFFFFFFFF AND PUSH20 0xFFFFFFFFFFFFFFFFFFFFFFFFFFFFFFFFFFFFFFFF AND DUP2 MSTORE PUSH1 0x20 ADD SWAP1 DUP2 MSTORE PUSH1 0x20 ADD PUSH1 0x0 KECCAK256 SLOAD PUSH2 0x18D2 SWAP1 SWAP2 SWAP1 PUSH4 0xFFFFFFFF AND JUMP JUMPDEST PUSH1 0x0 DUP1 DUP5 PUSH20 0xFFFFFFFFFFFFFFFFFFFFFFFFFFFFFFFFFFFFFFFF AND PUSH20 0xFFFFFFFFFFFFFFFFFFFFFFFFFFFFFFFFFFFFFFFF AND DUP2 MSTORE PUSH1 0x20 ADD SWAP1 DUP2 MSTORE PUSH1 0x20 ADD PUSH1 0x0 KECCAK256 DUP2 SWAP1 SSTORE POP DUP2 PUSH20 0xFFFFFFFFFFFFFFFFFFFFFFFFFFFFFFFFFFFFFFFF AND PUSH1 0x0 PUSH20 0xFFFFFFFFFFFFFFFFFFFFFFFFFFFFFFFFFFFFFFFF AND PUSH32 0xDDF252AD1BE2C89B69C2B068FC378DAA952BA7F163C4A11628F55A4DF523B3EF DUP4 PUSH1 0x40 MLOAD DUP1 DUP3 DUP2 MSTORE PUSH1 0x20 ADD SWAP2 POP POP PUSH1 0x40 MLOAD DUP1 SWAP2 SUB SWAP1 LOG3 POP POP JUMP JUMPDEST PUSH2 0x1A5C DUP2 PUSH1 0x2 SLOAD PUSH2 0x185E SWAP1 SWAP2 SWAP1 PUSH4 0xFFFFFFFF AND JUMP JUMPDEST PUSH1 0x2 DUP2 SWAP1 SSTORE POP PUSH2 0x1AB3 DUP2 PUSH1 0x0 DUP1 DUP6 PUSH20 0xFFFFFFFFFFFFFFFFFFFFFFFFFFFFFFFFFFFFFFFF AND PUSH20 0xFFFFFFFFFFFFFFFFFFFFFFFFFFFFFFFFFFFFFFFF AND DUP2 MSTORE PUSH1 0x20 ADD SWAP1 DUP2 MSTORE PUSH1 0x20 ADD PUSH1 0x0 KECCAK256 SLOAD PUSH2 0x185E SWAP1 SWAP2 SWAP1 PUSH4 0xFFFFFFFF AND JUMP JUMPDEST PUSH1 0x0 DUP1 DUP5 PUSH20 0xFFFFFFFFFFFFFFFFFFFFFFFFFFFFFFFFFFFFFFFF AND PUSH20 0xFFFFFFFFFFFFFFFFFFFFFFFFFFFFFFFFFFFFFFFF AND DUP2 MSTORE PUSH1 0x20 ADD SWAP1 DUP2 MSTORE PUSH1 0x20 ADD PUSH1 0x0 KECCAK256 DUP2 SWAP1 SSTORE POP PUSH1 0x0 PUSH20 0xFFFFFFFFFFFFFFFFFFFFFFFFFFFFFFFFFFFFFFFF AND DUP3 PUSH20 0xFFFFFFFFFFFFFFFFFFFFFFFFFFFFFFFFFFFFFFFF AND PUSH32 0xDDF252AD1BE2C89B69C2B068FC378DAA952BA7F163C4A11628F55A4DF523B3EF DUP4 PUSH1 0x40 MLOAD DUP1 DUP3 DUP2 MSTORE PUSH1 0x20 ADD SWAP2 POP POP PUSH1 0x40 MLOAD DUP1 SWAP2 SUB SWAP1 LOG3 POP POP JUMP JUMPDEST PUSH1 0x0 PUSH20 0xFFFFFFFFFFFFFFFFFFFFFFFFFFFFFFFFFFFFFFFF AND DUP2 PUSH20 0xFFFFFFFFFFFFFFFFFFFFFFFFFFFFFFFFFFFFFFFF AND EQ ISZERO ISZERO ISZERO PUSH2 0x1B9B JUMPI PUSH1 0x0 DUP1 REVERT JUMPDEST DUP1 PUSH20 0xFFFFFFFFFFFFFFFFFFFFFFFFFFFFFFFFFFFFFFFF AND PUSH1 0x3 PUSH1 0x0 SWAP1 SLOAD SWAP1 PUSH2 0x100 EXP SWAP1 DIV PUSH20 0xFFFFFFFFFFFFFFFFFFFFFFFFFFFFFFFFFFFFFFFF AND PUSH20 0xFFFFFFFFFFFFFFFFFFFFFFFFFFFFFFFFFFFFFFFF AND PUSH32 0x8BE0079C531659141344CD1FD0A4F28419497F9722A3DAAFE3B4186F6B6457E0 PUSH1 0x40 MLOAD PUSH1 0x40 MLOAD DUP1 SWAP2 SUB SWAP1 LOG3 DUP1 PUSH1 0x3 PUSH1 0x0 PUSH2 0x100 EXP DUP2 SLOAD DUP2 PUSH20 0xFFFFFFFFFFFFFFFFFFFFFFFFFFFFFFFFFFFFFFFF MUL NOT AND SWAP1 DUP4 PUSH20 0xFFFFFFFFFFFFFFFFFFFFFFFFFFFFFFFFFFFFFFFF AND MUL OR SWAP1 SSTORE POP POP JUMP JUMPDEST PUSH1 0x0 PUSH20 0xFFFFFFFFFFFFFFFFFFFFFFFFFFFFFFFFFFFFFFFF AND DUP3 PUSH20 0xFFFFFFFFFFFFFFFFFFFFFFFFFFFFFFFFFFFFFFFF AND EQ ISZERO ISZERO ISZERO PUSH2 0x1C97 JUMPI PUSH1 0x0 DUP1 REVERT JUMPDEST PUSH2 0x1CE8 DUP2 PUSH1 0x0 DUP1 DUP7 PUSH20 0xFFFFFFFFFFFFFFFFFFFFFFFFFFFFFFFFFFFFFFFF AND PUSH20 0xFFFFFFFFFFFFFFFFFFFFFFFFFFFFFFFFFFFFFFFF AND DUP2 MSTORE PUSH1 0x20 ADD SWAP1 DUP2 MSTORE PUSH1 0x20 ADD PUSH1 0x0 KECCAK256 SLOAD PUSH2 0x185E SWAP1 SWAP2 SWAP1 PUSH4 0xFFFFFFFF AND JUMP JUMPDEST PUSH1 0x0 DUP1 DUP6 PUSH20 0xFFFFFFFFFFFFFFFFFFFFFFFFFFFFFFFFFFFFFFFF AND PUSH20 0xFFFFFFFFFFFFFFFFFFFFFFFFFFFFFFFFFFFFFFFF AND DUP2 MSTORE PUSH1 0x20 ADD SWAP1 DUP2 MSTORE PUSH1 0x20 ADD PUSH1 0x0 KECCAK256 DUP2 SWAP1 SSTORE POP PUSH2 0x1D7B DUP2 PUSH1 0x0 DUP1 DUP6 PUSH20 0xFFFFFFFFFFFFFFFFFFFFFFFFFFFFFFFFFFFFFFFF AND PUSH20 0xFFFFFFFFFFFFFFFFFFFFFFFFFFFFFFFFFFFFFFFF AND DUP2 MSTORE PUSH1 0x20 ADD SWAP1 DUP2 MSTORE PUSH1 0x20 ADD PUSH1 0x0 KECCAK256 SLOAD PUSH2 0x18D2 SWAP1 SWAP2 SWAP1 PUSH4 0xFFFFFFFF AND JUMP JUMPDEST PUSH1 0x0 DUP1 DUP5 PUSH20 0xFFFFFFFFFFFFFFFFFFFFFFFFFFFFFFFFFFFFFFFF AND PUSH20 0xFFFFFFFFFFFFFFFFFFFFFFFFFFFFFFFFFFFFFFFF AND DUP2 MSTORE PUSH1 0x20 ADD SWAP1 DUP2 MSTORE PUSH1 0x20 ADD PUSH1 0x0 KECCAK256 DUP2 SWAP1 SSTORE POP DUP2 PUSH20 0xFFFFFFFFFFFFFFFFFFFFFFFFFFFFFFFFFFFFFFFF AND DUP4 PUSH20 0xFFFFFFFFFFFFFFFFFFFFFFFFFFFFFFFFFFFFFFFF AND PUSH32 0xDDF252AD1BE2C89B69C2B068FC378DAA952BA7F163C4A11628F55A4DF523B3EF DUP4 PUSH1 0x40 MLOAD DUP1 DUP3 DUP2 MSTORE PUSH1 0x20 ADD SWAP2 POP POP PUSH1 0x40 MLOAD DUP1 SWAP2 SUB SWAP1 LOG3 POP POP POP JUMP STOP LOG1 PUSH6 0x627A7A723058 KECCAK256 SWAP8 0xdf 0xf6 0x4c PUSH17 0x8B0E1D1E0BAFD67E4E6DD7725A32D78054 DUP7 0xd1 PUSH21 0xA04092C72E96040029000000000000000000000000
0,PUSH1 0x80 PUSH1 0x40 MSTORE CALLVALUE DUP1 ISZERO PUSH3 0x11 JUMPI PUSH1 0x0 DUP1 REVERT JUMPDEST POP PUSH1 0x40 MLOAD PUSH1 0x20 DUP1 PUSH3 0x2115 DUP4 CODECOPY DUP2 ADD DUP1 PUSH1 0x40 MSTORE DUP2 ADD SWAP1 DUP1 DUP1 MLOAD SWAP1 PUSH1 0x20 ADD SWAP1 SWAP3 SWAP2 SWAP1 POP POP POP PUSH1 0x0 CALLER PUSH1 0x3 PUSH1 0x0 PUSH2 0x100 EXP DUP2 SLOAD DUP2 PUSH20 0xFFFFFFFFFFFFFFFFFFFFFFFFFFFFFFFFFFFFFFFF MUL NOT AND SWAP1 DUP4 PUSH20 0xFFFFFFFFFFFFFFFFFFFFFFFFFFFFFFFFFFFFFFFF AND MUL OR SWAP1 SSTORE POP PUSH1 0x3 PUSH1 0x0 SWAP1 SLOAD SWAP1 PUSH2 0x100 EXP SWAP1 DIV PUSH20 0xFFFFFFFFFFFFFFFFFFFFFFFFFFFFFFFFFFFFFFFF AND PUSH20 0xFFFFFFFFFFFFFFFFFFFFFFFFFFFFFFFFFFFFFFFF AND PUSH1 0x0 PUSH20 0xFFFFFFFFFFFFFFFFFFFFFFFFFFFFFFFFFFFFFFFF AND PUSH32 0x8BE0079C531659141344CD1FD0A4F28419497F9722A3DAAFE3B4186F6B6457E0 PUSH1 0x40 MLOAD PUSH1 0x40 MLOAD DUP1 SWAP2 SUB SWAP1 LOG3 DUP2 SWAP1 POP PUSH3 0x113 CALLER DUP3 PUSH3 0x11B PUSH5 0x100000000 MUL PUSH5 0x100000000 SWAP1 DIV JUMP JUMPDEST POP POP PUSH3 0x2B2 JUMP JUMPDEST PUSH1 0x0 PUSH20 0xFFFFFFFFFFFFFFFFFFFFFFFFFFFFFFFFFFFFFFFF AND DUP3 PUSH20 0xFFFFFFFFFFFFFFFFFFFFFFFFFFFFFFFFFFFFFFFF AND EQ ISZERO ISZERO ISZERO PUSH3 0x158 JUMPI PUSH1 0x0 DUP1 REVERT JUMPDEST PUSH3 0x17D DUP2 PUSH1 0x2 SLOAD PUSH3 0x290 PUSH5 0x100000000 MUL PUSH3 0x18D2 OR SWAP1 SWAP2 SWAP1 PUSH5 0x100000000 SWAP1 DIV JUMP JUMPDEST PUSH1 0x2 DUP2 SWAP1 SSTORE POP PUSH3 0x1E4 DUP2 PUSH1 0x0 DUP1 DUP6 PUSH20 0xFFFFFFFFFFFFFFFFFFFFFFFFFFFFFFFFFFFFFFFF AND PUSH20 0xFFFFFFFFFFFFFFFFFFFFFFFFFFFFFFFFFFFFFFFF AND DUP2 MSTORE PUSH1 0x20 ADD SWAP1 DUP2 MSTORE PUSH1 0x20 ADD PUSH1 0x0 KECCAK256 SLOAD PUSH3 0x290 PUSH5 0x100000000 MUL PUSH3 0x18D2 OR SWAP1 SWAP2 SWAP1 PUSH5 0x100000000 SWAP1 DIV JUMP JUMPDEST PUSH1 0x0 DUP1 DUP5 PUSH20 0xFFFFFFFFFFFFFFFFFFFFFFFFFFFFFFFFFFFFFFFF AND PUSH20 0xFFFFFFFFFFFFFFFFFFFFFFFFFFFFFFFFFFFFFFFF AND DUP2 MSTORE PUSH1 0x20 ADD SWAP1 DUP2 MSTORE PUSH1 0x20 ADD PUSH1 0x0 KECCAK256 DUP2 SWAP1 SSTORE POP DUP2 PUSH20 0xFFFFFFFFFFFFFFFFFFFFFFFFFFFFFFFFFFFFFFFF AND PUSH1 0x0 PUSH20 0xFFFFFFFFFFFFFFFFFFFFFFFFFFFFFFFFFFFFFFFF AND PUSH32 0xDDF252AD1BE2C89B69C2B068FC378DAA952BA7F163C4A11628F55A4DF523B3EF DUP4 PUSH1 0x40 MLOAD DUP1 DUP3 DUP2 MSTORE PUSH1 0x20 ADD SWAP2 POP POP PUSH1 0x40 MLOAD DUP1 SWAP2 SUB SWAP1 LOG3 POP POP JUMP JUMPDEST PUSH1 0x0 DUP1 DUP3 DUP5 ADD SWAP1 POP DUP4 DUP2 LT ISZERO ISZERO ISZERO PUSH3 0x2A8 JUMPI PUSH1 0x0 DUP1 REVERT JUMPDEST DUP1 SWAP2 POP POP SWAP3 SWAP2 POP POP JUMP JUMPDEST PUSH2 0x1E53 DUP1 PUSH3 0x2C2 PUSH1 0x0 CODECOPY PUSH1 0x0 RETURN STOP PUSH1 0x80 PUSH1 0x40 MSTORE PUSH1 0x4 CALLDATASIZE LT PUSH2 0x13E JUMPI PUSH1 0x0 CALLDATALOAD PUSH29 0x100000000000000000000000000000000000000000000000000000000 SWAP1 DIV PUSH4 0xFFFFFFFF AND DUP1 PUSH4 0x6FDDE03 EQ PUSH2 0x143 JUMPI DUP1 PUSH4 0x95EA7B3 EQ PUSH2 0x1D3 JUMPI DUP1 PUSH4 0x18160DDD EQ PUSH2 0x238 JUMPI DUP1 PUSH4 0x23B872DD EQ PUSH2 0x263 JUMPI DUP1 PUSH4 0x313CE567 EQ PUSH2 0x2E8 JUMPI DUP1 PUSH4 0x333E99DB EQ PUSH2 0x319 JUMPI DUP1 PUSH4 0x39509351 EQ PUSH2 0x374 JUMPI DUP1 PUSH4 0x3F4BA83A EQ PUSH2 0x3D9 JUMPI DUP1 PUSH4 0x40C10F19 EQ PUSH2 0x3F0 JUMPI DUP1 PUSH4 0x42966C68 EQ PUSH2 0x43D JUMPI DUP1 PUSH4 0x481313F3 EQ PUSH2 0x46A JUMPI DUP1 PUSH4 0x5C975ABB EQ PUSH2 0x4AD JUMPI DUP1 PUSH4 0x70A08231 EQ PUSH2 0x4DC JUMPI DUP1 PUSH4 0x715018A6 EQ PUSH2 0x533 JUMPI DUP1 PUSH4 0x8456CB59 EQ PUSH2 0x54A JUMPI DUP1 PUSH4 0x8DA5CB5B EQ PUSH2 0x561 JUMPI DUP1 PUSH4 0x8F32D59B EQ PUSH2 0x5B8 JUMPI DUP1 PUSH4 0x95D89B41 EQ PUSH2 0x5E7 JUMPI DUP1 PUSH4 0xA457C2D7 EQ PUSH2 0x677 JUMPI DUP1 PUSH4 0xA9059CBB EQ PUSH2 0x6DC JUMPI DUP1 PUSH4 0xB5881253 EQ PUSH2 0x741 JUMPI DUP1 PUSH4 0xDD62ED3E EQ PUSH2 0x784 JUMPI DUP1 PUSH4 0xF2FDE38B EQ PUSH2 0x7FB JUMPI DUP1 PUSH4 0xFE417FA5 EQ PUSH2 0x83E JUMPI JUMPDEST PUSH1 0x0 DUP1 REVERT JUMPDEST CALLVALUE DUP1 ISZERO PUSH2 0x14F JUMPI PUSH1 0x0 DUP1 REVERT JUMPDEST POP PUSH2 0x158 PUSH2 0x88B JUMP JUMPDEST PUSH1 0x40 MLOAD DUP1 DUP1 PUSH1 0x20 ADD DUP3 DUP2 SUB DUP3 MSTORE DUP4 DUP2 DUP2 MLOAD DUP2 MSTORE PUSH1 0x20 ADD SWAP2 POP DUP1 MLOAD SWAP1 PUSH1 0x20 ADD SWAP1 DUP1 DUP4 DUP4 PUSH1 0x0 JUMPDEST DUP4 DUP2 LT ISZERO PUSH2 0x198 JUMPI DUP1 DUP3 ADD MLOAD DUP2 DUP5 ADD MSTORE PUSH1 0x20 DUP2 ADD SWAP1 POP PUSH2 0x17D JUMP JUMPDEST POP POP POP POP SWAP1 POP SWAP1 DUP2 ADD SWAP1 PUSH1 0x1F AND DUP1 ISZERO PUSH2 0x1C5 JUMPI DUP1 DUP3 SUB DUP1 MLOAD PUSH1 0x1 DUP4 PUSH1 0x20 SUB PUSH2 0x100 EXP SUB NOT AND DUP2 MSTORE PUSH1 0x20 ADD SWAP2 POP JUMPDEST POP SWAP3 POP POP POP PUSH1 0x40 MLOAD DUP1 SWAP2 SUB SWAP1 RETURN JUMPDEST CALLVALUE DUP1 ISZERO PUSH2 0x1DF JUMPI PUSH1 0x0 DUP1 REVERT JUMPDEST POP PUSH2 0x21E PUSH1 0x4 DUP1 CALLDATASIZE SUB DUP2 ADD SWAP1 DUP1 DUP1 CALLDATALOAD PUSH20 0xFFFFFFFFFFFFFFFFFFFFFFFFFFFFFFFFFFFFFFFF AND SWAP1 PUSH1 0x20 ADD SWAP1 SWAP3 SWAP2 SWAP1 DUP1 CALLDATALOAD SWAP1 PUSH1 0x20 ADD SWAP1 SWAP3 SWAP2 SWAP1 POP POP POP PUSH2 0x8C4 JUMP JUMPDEST PUSH1 0x40 MLOAD DUP1 DUP3 ISZERO ISZERO ISZERO ISZERO DUP2 MSTORE PUSH1 0x20 ADD SWAP2 POP POP PUSH1 0x40 MLOAD DUP1 SWAP2 SUB SWAP1 RETURN JUMPDEST CALLVALUE DUP1 ISZERO PUSH2 0x244 JUMPI PUSH1 0x0 DUP1 REVERT JUMPDEST POP PUSH2 0x24D PUSH2 0x9F1 JUMP JUMPDEST PUSH1 0x40 MLOAD DUP1 DUP3 DUP2 MSTORE PUSH1 0x20 ADD SWAP2 POP POP PUSH1 0x40 MLOAD DUP1 SWAP2 SUB SWAP1 RETURN JUMPDEST CALLVALUE DUP1 ISZERO PUSH2 0x26F JUMPI PUSH1 0x0 DUP1 REVERT JUMPDEST POP PUSH2 0x2CE PUSH1 0x4 DUP1 CALLDATASIZE SUB DUP2 ADD SWAP1 DUP1 DUP1 CALLDATALOAD PUSH20 0xFFFFFFFFFFFFFFFFFFFFFFFFFFFFFFFFFFFFFFFF AND SWAP1 PUSH1 0x20 ADD SWAP1 SWAP3 SWAP2 SWAP1 DUP1 CALLDATALOAD PUSH20 0xFFFFFFFFFFFFFFFFFFFFFFFFFFFFFFFFFFFFFFFF AND SWAP1 PUSH1 0x20 ADD SWAP1 SWAP3 SWAP2 SWAP1 DUP1 CALLDATALOAD SWAP1 PUSH1 0x20 ADD SWAP1 SWAP3 SWAP2 SWAP1 POP POP POP PUSH2 0x9FB JUMP JUMPDEST PUSH1 0x40 MLOAD DUP1 DUP3 ISZERO ISZERO ISZERO ISZERO DUP2 MSTORE PUSH1 0x20 ADD SWAP2 POP POP PUSH1 0x40 MLOAD DUP1 SWAP2 SUB SWAP1 RETURN JUMPDEST CALLVALUE DUP1 ISZERO PUSH2 0x2F4 JUMPI PUSH1 0x0 DUP1 REVERT JUMPDEST POP PUSH2 0x2FD PUSH2 0xC03 JUMP JUMPDEST PUSH1 0x40 MLOAD DUP1 DUP3 PUSH1 0xFF AND PUSH1 0xFF AND DUP2 MSTORE PUSH1 0x20 ADD SWAP2 POP POP PUSH1 0x40 MLOAD DUP1 SWAP2 SUB SWAP1 RETURN JUMPDEST CALLVALUE DUP1 ISZERO PUSH2 0x325 JUMPI PUSH1 0x0 DUP1 REVERT JUMPDEST POP PUSH2 0x35A PUSH1 0x4 DUP1 CALLDATASIZE SUB DUP2 ADD SWAP1 DUP1 DUP1 CALLDATALOAD PUSH20 0xFFFFFFFFFFFFFFFFFFFFFFFFFFFFFFFFFFFFFFFF AND SWAP1 PUSH1 0x20 ADD SWAP1 SWAP3 SWAP2 SWAP1 POP POP POP PUSH2 0xC08 JUMP JUMPDEST PUSH1 0x40 MLOAD DUP1 DUP3 ISZERO ISZERO ISZERO ISZERO DUP2 MSTORE PUSH1 0x20 ADD SWAP2 POP POP PUSH1 0x40 MLOAD DUP1 SWAP2 SUB SWAP1 RETURN JUMPDEST CALLVALUE DUP1 ISZERO PUSH2 0x380 JUMPI PUSH1 0x0 DUP1 REVERT JUMPDEST POP PUSH2 0x3BF PUSH1 0x4 DUP1 CALLDATASIZE SUB DUP2 ADD SWAP1 DUP1 DUP1 CALLDATALOAD PUSH20 0xFFFFFFFFFFFFFFFFFFFFFFFFFFFFFFFFFFFFFFFF AND SWAP1 PUSH1 0x20 ADD SWAP1 SWAP3 SWAP2 SWAP1 DUP1 CALLDATALOAD SWAP1 PUSH1 0x20 ADD SWAP1 SWAP3 SWAP2 SWAP1 POP POP POP PUSH2 0xC5E JUMP JUMPDEST PUSH1 0x40 MLOAD DUP1 DUP3 ISZERO ISZERO ISZERO ISZERO DUP2 MSTORE PUSH1 0x20 ADD SWAP2 POP POP PUSH1 0x40 MLOAD DUP1 SWAP2 SUB SWAP1 RETURN JUMPDEST CALLVALUE DUP1 ISZERO PUSH2 0x3E5 JUMPI PUSH1 0x0 DUP1 REVERT JUMPDEST POP PUSH2 0x3EE PUSH2 0xE95 JUMP JUMPDEST STOP JUMPDEST CALLVALUE DUP1 ISZERO PUSH2 0x3FC JUMPI PUSH1 0x0 DUP1 REVERT JUMPDEST POP PUSH2 0x43B PUSH1 0x4 DUP1 CALLDATASIZE SUB DUP2 ADD SWAP1 DUP1 DUP1 CALLDATALOAD PUSH20 0xFFFFFFFFFFFFFFFFFFFFFFFFFFFFFFFFFFFFFFFF AND SWAP1 PUSH1 0x20 ADD SWAP1 SWAP3 SWAP2 SWAP1 DUP1 CALLDATALOAD SWAP1 PUSH1 0x20 ADD SWAP1 SWAP3 SWAP2 SWAP1 POP POP POP PUSH2 0xF0C JUMP JUMPDEST STOP JUMPDEST CALLVALUE DUP1 ISZERO PUSH2 0x449 JUMPI PUSH1 0x0 DUP1 REVERT JUMPDEST POP PUSH2 0x468 PUSH1 0x4 DUP1 CALLDATASIZE SUB DUP2 ADD SWAP1 DUP1 DUP1 CALLDATALOAD SWAP1 PUSH1 0x20 ADD SWAP1 SWAP3 SWAP2 SWAP1 POP POP POP PUSH2 0xF2D JUMP JUMPDEST STOP JUMPDEST CALLVALUE DUP1 ISZERO PUSH2 0x476 JUMPI PUSH1 0x0 DUP1 REVERT JUMPDEST POP PUSH2 0x4AB PUSH1 0x4 DUP1 CALLDATASIZE SUB DUP2 ADD SWAP1 DUP1 DUP1 CALLDATALOAD PUSH20 0xFFFFFFFFFFFFFFFFFFFFFFFFFFFFFFFFFFFFFFFF AND SWAP1 PUSH1 0x20 ADD SWAP1 SWAP3 SWAP2 SWAP1 POP POP POP PUSH2 0xF4D JUMP JUMPDEST STOP JUMPDEST CALLVALUE DUP1 ISZERO PUSH2 0x4B9 JUMPI PUSH1 0x0 DUP1 REVERT JUMPDEST POP PUSH2 0x4C2 PUSH2 0xFFE JUMP JUMPDEST PUSH1 0x40 MLOAD DUP1 DUP3 ISZERO ISZERO ISZERO ISZERO DUP2 MSTORE PUSH1 0x20 ADD SWAP2 POP POP PUSH1 0x40 MLOAD DUP1 SWAP2 SUB SWAP1 RETURN JUMPDEST CALLVALUE DUP1 ISZERO PUSH2 0x4E8 JUMPI PUSH1 0x0 DUP1 REVERT JUMPDEST POP PUSH2 0x51D PUSH1 0x4 DUP1 CALLDATASIZE SUB DUP2 ADD SWAP1 DUP1 DUP1 CALLDATALOAD PUSH20 0xFFFFFFFFFFFFFFFFFFFFFFFFFFFFFFFFFFFFFFFF AND SWAP1 PUSH1 0x20 ADD SWAP1 SWAP3 SWAP2 SWAP1 POP POP POP PUSH2 0x1015 JUMP JUMPDEST PUSH1 0x40 MLOAD DUP1 DUP3 DUP2 MSTORE PUSH1 0x20 ADD SWAP2 POP POP PUSH1 0x40 MLOAD DUP1 SWAP2 SUB SWAP1 RETURN JUMPDEST CALLVALUE DUP1 ISZERO PUSH2 0x53F JUMPI PUSH1 0x0 DUP1 REVERT JUMPDEST POP PUSH2 0x548 PUSH2 0x105D JUMP JUMPDEST STOP JUMPDEST CALLVALUE DUP1 ISZERO PUSH2 0x556 JUMPI PUSH1 0x0 DUP1 REVERT JUMPDEST POP PUSH2 0x55F PUSH2 0x1131 JUMP JUMPDEST STOP JUMPDEST CALLVALUE DUP1 ISZERO PUSH2 0x56D JUMPI PUSH1 0x0 DUP1 REVERT JUMPDEST POP PUSH2 0x576 PUSH2 0x11A9 JUMP JUMPDEST PUSH1 0x40 MLOAD DUP1 DUP3 PUSH20 0xFFFFFFFFFFFFFFFFFFFFFFFFFFFFFFFFFFFFFFFF AND PUSH20 0xFFFFFFFFFFFFFFFFFFFFFFFFFFFFFFFFFFFFFFFF AND DUP2 MSTORE PUSH1 0x20 ADD SWAP2 POP POP PUSH1 0x40 MLOAD DUP1 SWAP2 SUB SWAP1 RETURN JUMPDEST CALLVALUE DUP1 ISZERO PUSH2 0x5C4 JUMPI PUSH1 0x0 DUP1 REVERT JUMPDEST POP PUSH2 0x5CD PUSH2 0x11D3 JUMP JUMPDEST PUSH1 0x40 MLOAD DUP1 DUP3 ISZERO ISZERO ISZERO ISZERO DUP2 MSTORE PUSH1 0x20 ADD SWAP2 POP POP PUSH1 0x40 MLOAD DUP1 SWAP2 SUB SWAP1 RETURN JUMPDEST CALLVALUE DUP1 ISZERO PUSH2 0x5F3 JUMPI PUSH1 0x0 DUP1 REVERT JUMPDEST POP PUSH2 0x5FC PUSH2 0x122B JUMP JUMPDEST PUSH1 0x40 MLOAD DUP1 DUP1 PUSH1 0x20 ADD DUP3 DUP2 SUB DUP3 MSTORE DUP4 DUP2 DUP2 MLOAD DUP2 MSTORE PUSH1 0x20 ADD SWAP2 POP DUP1 MLOAD SWAP1 PUSH1 0x20 ADD SWAP1 DUP1 DUP4 DUP4 PUSH1 0x0 JUMPDEST DUP4 DUP2 LT ISZERO PUSH2 0x63C JUMPI DUP1 DUP3 ADD MLOAD DUP2 DUP5 ADD MSTORE PUSH1 0x20 DUP2 ADD SWAP1 POP PUSH2 0x621 JUMP JUMPDEST POP POP POP POP SWAP1 POP SWAP1 DUP2 ADD SWAP1 PUSH1 0x1F AND DUP1 ISZERO PUSH2 0x669 JUMPI DUP1 DUP3 SUB DUP1 MLOAD PUSH1 0x1 DUP4 PUSH1 0x20 SUB PUSH2 0x100 EXP SUB NOT AND DUP2 MSTORE PUSH1 0x20 ADD SWAP2 POP JUMPDEST POP SWAP3 POP POP POP PUSH1 0x40 MLOAD DUP1 SWAP2 SUB SWAP1 RETURN JUMPDEST CALLVALUE DUP1 ISZERO PUSH2 0x683 JUMPI PUSH1 0x0 DUP1 REVERT JUMPDEST POP PUSH2 0x6C2 PUSH1 0x4 DUP1 CALLDATASIZE SUB DUP2 ADD SWAP1 DUP1 DUP1 CALLDATALOAD PUSH20 0xFFFFFFFFFFFFFFFFFFFFFFFFFFFFFFFFFFFFFFFF AND SWAP1 PUSH1 0x20 ADD SWAP1 SWAP3 SWAP2 SWAP1 DUP1 CALLDATALOAD SWAP1 PUSH1 0x20 ADD SWAP1 SWAP3 SWAP2 SWAP1 POP POP POP PUSH2 0x1264 JUMP JUMPDEST PUSH1 0x40 MLOAD DUP1 DUP3 ISZERO ISZERO ISZERO ISZERO DUP2 MSTORE PUSH1 0x20 ADD SWAP2 POP POP PUSH1 0x40 MLOAD DUP1 SWAP2 SUB SWAP1 RETURN JUMPDEST CALLVALUE DUP1 ISZERO PUSH2 0x6E8 JUMPI PUSH1 0x0 DUP1 REVERT JUMPDEST POP PUSH2 0x727 PUSH1 0x4 DUP1 CALLDATASIZE SUB DUP2 ADD SWAP1 DUP1 DUP1 CALLDATALOAD PUSH20 0xFFFFFFFFFFFFFFFFFFFFFFFFFFFFFFFFFFFFFFFF AND SWAP1 PUSH1 0x20 ADD SWAP1 SWAP3 SWAP2 SWAP1 DUP1 CALLDATALOAD SWAP1 PUSH1 0x20 ADD SWAP1 SWAP3 SWAP2 SWAP1 POP POP POP PUSH2 0x149B JUMP JUMPDEST PUSH1 0x40 MLOAD DUP1 DUP3 ISZERO ISZERO ISZERO ISZERO DUP2 MSTORE PUSH1 0x20 ADD SWAP2 POP POP PUSH1 0x40 MLOAD DUP1 SWAP2 SUB SWAP1 RETURN JUMPDEST CALLVALUE DUP1 ISZERO PUSH2 0x74D JUMPI PUSH1 0x0 DUP1 REVERT JUMPDEST POP PUSH2 0x782 PUSH1 0x4 DUP1 CALLDATASIZE SUB DUP2 ADD SWAP1 DUP1 DUP1 CALLDATALOAD PUSH20 0xFFFFFFFFFFFFFFFFFFFFFFFFFFFFFFFFFFFFFFFF AND SWAP1 PUSH1 0x20 ADD SWAP1 SWAP3 SWAP2 SWAP1 POP POP POP PUSH2 0x14B2 JUMP JUMPDEST STOP JUMPDEST CALLVALUE DUP1 ISZERO PUSH2 0x790 JUMPI PUSH1 0x0 DUP1 REVERT JUMPDEST POP PUSH2 0x7E5 PUSH1 0x4 DUP1 CALLDATASIZE SUB DUP2 ADD SWAP1 DUP1 DUP1 CALLDATALOAD PUSH20 0xFFFFFFFFFFFFFFFFFFFFFFFFFFFFFFFFFFFFFFFF AND SWAP1 PUSH1 0x20 ADD SWAP1 SWAP3 SWAP2 SWAP1 DUP1 CALLDATALOAD PUSH20 0xFFFFFFFFFFFFFFFFFFFFFFFFFFFFFFFFFFFFFFFF AND SWAP1 PUSH1 0x20 ADD SWAP1 SWAP3 SWAP2 SWAP1 POP POP POP PUSH2 0x1563 JUMP JUMPDEST PUSH1 0x40 MLOAD DUP1 DUP3 DUP2 MSTORE PUSH1 0x20 ADD SWAP2 POP POP PUSH1 0x40 MLOAD DUP1 SWAP2 SUB SWAP1 RETURN JUMPDEST CALLVALUE DUP1 ISZERO PUSH2 0x807 JUMPI PUSH1 0x0 DUP1 REVERT JUMPDEST POP PUSH2 0x83C PUSH1 0x4 DUP1 CALLDATASIZE SUB DUP2 ADD SWAP1 DUP1 DUP1 CALLDATALOAD PUSH20 0xFFFFFFFFFFFFFFFFFFFFFFFFFFFFFFFFFFFFFFFF AND SWAP1 PUSH1 0x20 ADD SWAP1 SWAP3 SWAP2 SWAP1 POP POP POP PUSH2 0x15EA JUMP JUMPDEST STOP JUMPDEST CALLVALUE DUP1 ISZERO PUSH2 0x84A JUMPI PUSH1 0x0 DUP1 REVERT JUMPDEST POP PUSH2 0x889 PUSH1 0x4 DUP1 CALLDATASIZE SUB DUP2 ADD SWAP1 DUP1 DUP1 CALLDATALOAD PUSH20 0xFFFFFFFFFFFFFFFFFFFFFFFFFFFFFFFFFFFFFFFF AND SWAP1 PUSH1 0x20 ADD SWAP1 SWAP3 SWAP2 SWAP1 DUP1 CALLDATALOAD SWAP1 PUSH1 0x20 ADD SWAP1 SWAP3 SWAP2 SWAP1 POP POP POP PUSH2 0x1609 JUMP JUMPDEST STOP JUMPDEST PUSH1 0x40 DUP1 MLOAD SWAP1 DUP2 ADD PUSH1 0x40 MSTORE DUP1 PUSH1 0x8 DUP2 MSTORE PUSH1 0x20 ADD PUSH32 0x41504D20436F696E000000000000000000000000000000000000000000000000 DUP2 MSTORE POP DUP2 JUMP JUMPDEST PUSH1 0x0 DUP1 PUSH20 0xFFFFFFFFFFFFFFFFFFFFFFFFFFFFFFFFFFFFFFFF AND DUP4 PUSH20 0xFFFFFFFFFFFFFFFFFFFFFFFFFFFFFFFFFFFFFFFF AND EQ ISZERO ISZERO ISZERO PUSH2 0x901 JUMPI PUSH1 0x0 DUP1 REVERT JUMPDEST DUP2 PUSH1 0x1 PUSH1 0x0 CALLER PUSH20 0xFFFFFFFFFFFFFFFFFFFFFFFFFFFFFFFFFFFFFFFF AND PUSH20 0xFFFFFFFFFFFFFFFFFFFFFFFFFFFFFFFFFFFFFFFF AND DUP2 MSTORE PUSH1 0x20 ADD SWAP1 DUP2 MSTORE PUSH1 0x20 ADD PUSH1 0x0 KECCAK256 PUSH1 0x0 DUP6 PUSH20 0xFFFFFFFFFFFFFFFFFFFFFFFFFFFFFFFFFFFFFFFF AND PUSH20 0xFFFFFFFFFFFFFFFFFFFFFFFFFFFFFFFFFFFFFFFF AND DUP2 MSTORE PUSH1 0x20 ADD SWAP1 DUP2 MSTORE PUSH1 0x20 ADD PUSH1 0x0 KECCAK256 DUP2 SWAP1 SSTORE POP DUP3 PUSH20 0xFFFFFFFFFFFFFFFFFFFFFFFFFFFFFFFFFFFFFFFF AND CALLER PUSH20 0xFFFFFFFFFFFFFFFFFFFFFFFFFFFFFFFFFFFFFFFF AND PUSH32 0x8C5BE1E5EBEC7D5BD14F71427D1E84F3DD0314C0F7B2291E5B200AC8C7C3B925 DUP5 PUSH1 0x40 MLOAD DUP1 DUP3 DUP2 MSTORE PUSH1 0x20 ADD SWAP2 POP POP PUSH1 0x40 MLOAD DUP1 SWAP2 SUB SWAP1 LOG3 PUSH1 0x1 SWAP1 POP SWAP3 SWAP2 POP POP JUMP JUMPDEST PUSH1 0x0 PUSH1 0x2 SLOAD SWAP1 POP SWAP1 JUMP JUMPDEST PUSH1 0x0 PUSH2 0xA8C DUP3 PUSH1 0x1 PUSH1 0x0 DUP8 PUSH20 0xFFFFFFFFFFFFFFFFFFFFFFFFFFFFFFFFFFFFFFFF AND PUSH20 0xFFFFFFFFFFFFFFFFFFFFFFFFFFFFFFFFFFFFFFFF AND DUP2 MSTORE PUSH1 0x20 ADD SWAP1 DUP2 MSTORE PUSH1 0x20 ADD PUSH1 0x0 KECCAK256 PUSH1 0x0 CALLER PUSH20 0xFFFFFFFFFFFFFFFFFFFFFFFFFFFFFFFFFFFFFFFF AND PUSH20 0xFFFFFFFFFFFFFFFFFFFFFFFFFFFFFFFFFFFFFFFF AND DUP2 MSTORE PUSH1 0x20 ADD SWAP1 DUP2 MSTORE PUSH1 0x20 ADD PUSH1 0x0 KECCAK256 SLOAD PUSH2 0x185E SWAP1 SWAP2 SWAP1 PUSH4 0xFFFFFFFF AND JUMP JUMPDEST PUSH1 0x1 PUSH1 0x0 DUP7 PUSH20 0xFFFFFFFFFFFFFFFFFFFFFFFFFFFFFFFFFFFFFFFF AND PUSH20 0xFFFFFFFFFFFFFFFFFFFFFFFFFFFFFFFFFFFFFFFF AND DUP2 MSTORE PUSH1 0x20 ADD SWAP1 DUP2 MSTORE PUSH1 0x20 ADD PUSH1 0x0 KECCAK256 PUSH1 0x0 CALLER PUSH20 0xFFFFFFFFFFFFFFFFFFFFFFFFFFFFFFFFFFFFFFFF AND PUSH20 0xFFFFFFFFFFFFFFFFFFFFFFFFFFFFFFFFFFFFFFFF AND DUP2 MSTORE PUSH1 0x20 ADD SWAP1 DUP2 MSTORE PUSH1 0x20 ADD PUSH1 0x0 KECCAK256 DUP2 SWAP1 SSTORE POP PUSH2 0xB17 DUP5 DUP5 DUP5 PUSH2 0x187F JUMP JUMPDEST CALLER PUSH20 0xFFFFFFFFFFFFFFFFFFFFFFFFFFFFFFFFFFFFFFFF AND DUP5 PUSH20 0xFFFFFFFFFFFFFFFFFFFFFFFFFFFFFFFFFFFFFFFF AND PUSH32 0x8C5BE1E5EBEC7D5BD14F71427D1E84F3DD0314C0F7B2291E5B200AC8C7C3B925 PUSH1 0x1 PUSH1 0x0 DUP9 PUSH20 0xFFFFFFFFFFFFFFFFFFFFFFFFFFFFFFFFFFFFFFFF AND PUSH20 0xFFFFFFFFFFFFFFFFFFFFFFFFFFFFFFFFFFFFFFFF AND DUP2 MSTORE PUSH1 0x20 ADD SWAP1 DUP2 MSTORE PUSH1 0x20 ADD PUSH1 0x0 KECCAK256 PUSH1 0x0 CALLER PUSH20 0xFFFFFFFFFFFFFFFFFFFFFFFFFFFFFFFFFFFFFFFF AND PUSH20 0xFFFFFFFFFFFFFFFFFFFFFFFFFFFFFFFFFFFFFFFF AND DUP2 MSTORE PUSH1 0x20 ADD SWAP1 DUP2 MSTORE PUSH1 0x20 ADD PUSH1 0x0 KECCAK256 SLOAD PUSH1 0x40 MLOAD DUP1 DUP3 DUP2 MSTORE PUSH1 0x20 ADD SWAP2 POP POP PUSH1 0x40 MLOAD DUP1 SWAP2 SUB SWAP1 LOG3 PUSH1 0x1 SWAP1 POP SWAP4 SWAP3 POP POP POP JUMP JUMPDEST PUSH1 0x12 DUP2 JUMP JUMPDEST PUSH1 0x0 PUSH1 0x4 PUSH1 0x0 DUP4 PUSH20 0xFFFFFFFFFFFFFFFFFFFFFFFFFFFFFFFFFFFFFFFF AND PUSH20 0xFFFFFFFFFFFFFFFFFFFFFFFFFFFFFFFFFFFFFFFF AND DUP2 MSTORE PUSH1 0x20 ADD SWAP1 DUP2 MSTORE PUSH1 0x20 ADD PUSH1 0x0 KECCAK256 PUSH1 0x0 SWAP1 SLOAD SWAP1 PUSH2 0x100 EXP SWAP1 DIV PUSH1 0xFF AND SWAP1 POP SWAP2 SWAP1 POP JUMP JUMPDEST PUSH1 0x0 DUP1 PUSH20 0xFFFFFFFFFFFFFFFFFFFFFFFFFFFFFFFFFFFFFFFF AND DUP4 PUSH20 0xFFFFFFFFFFFFFFFFFFFFFFFFFFFFFFFFFFFFFFFF AND EQ ISZERO ISZERO ISZERO PUSH2 0xC9B JUMPI PUSH1 0x0 DUP1 REVERT JUMPDEST PUSH2 0xD2A DUP3 PUSH1 0x1 PUSH1 0x0 CALLER PUSH20 0xFFFFFFFFFFFFFFFFFFFFFFFFFFFFFFFFFFFFFFFF AND PUSH20 0xFFFFFFFFFFFFFFFFFFFFFFFFFFFFFFFFFFFFFFFF AND DUP2 MSTORE PUSH1 0x20 ADD SWAP1 DUP2 MSTORE PUSH1 0x20 ADD PUSH1 0x0 KECCAK256 PUSH1 0x0 DUP7 PUSH20 0xFFFFFFFFFFFFFFFFFFFFFFFFFFFFFFFFFFFFFFFF AND PUSH20 0xFFFFFFFFFFFFFFFFFFFFFFFFFFFFFFFFFFFFFFFF AND DUP2 MSTORE PUSH1 0x20 ADD SWAP1 DUP2 MSTORE PUSH1 0x20 ADD PUSH1 0x0 KECCAK256 SLOAD PUSH2 0x18D2 SWAP1 SWAP2 SWAP1 PUSH4 0xFFFFFFFF AND JUMP JUMPDEST PUSH1 0x1 PUSH1 0x0 CALLER PUSH20 0xFFFFFFFFFFFFFFFFFFFFFFFFFFFFFFFFFFFFFFFF AND PUSH20 0xFFFFFFFFFFFFFFFFFFFFFFFFFFFFFFFFFFFFFFFF AND DUP2 MSTORE PUSH1 0x20 ADD SWAP1 DUP2 MSTORE PUSH1 0x20 ADD PUSH1 0x0 KECCAK256 PUSH1 0x0 DUP6 PUSH20 0xFFFFFFFFFFFFFFFFFFFFFFFFFFFFFFFFFFFFFFFF AND PUSH20 0xFFFFFFFFFFFFFFFFFFFFFFFFFFFFFFFFFFFFFFFF AND DUP2 MSTORE PUSH1 0x20 ADD SWAP1 DUP2 MSTORE PUSH1 0x20 ADD PUSH1 0x0 KECCAK256 DUP2 SWAP1 SSTORE POP DUP3 PUSH20 0xFFFFFFFFFFFFFFFFFFFFFFFFFFFFFFFFFFFFFFFF AND CALLER PUSH20 0xFFFFFFFFFFFFFFFFFFFFFFFFFFFFFFFFFFFFFFFF AND PUSH32 0x8C5BE1E5EBEC7D5BD14F71427D1E84F3DD0314C0F7B2291E5B200AC8C7C3B925 PUSH1 0x1 PUSH1 0x0 CALLER PUSH20 0xFFFFFFFFFFFFFFFFFFFFFFFFFFFFFFFFFFFFFFFF AND PUSH20 0xFFFFFFFFFFFFFFFFFFFFFFFFFFFFFFFFFFFFFFFF AND DUP2 MSTORE PUSH1 0x20 ADD SWAP1 DUP2 MSTORE PUSH1 0x20 ADD PUSH1 0x0 KECCAK256 PUSH1 0x0 DUP8 PUSH20 0xFFFFFFFFFFFFFFFFFFFFFFFFFFFFFFFFFFFFFFFF AND PUSH20 0xFFFFFFFFFFFFFFFFFFFFFFFFFFFFFFFFFFFFFFFF AND DUP2 MSTORE PUSH1 0x20 ADD SWAP1 DUP2 MSTORE PUSH1 0x20 ADD PUSH1 0x0 KECCAK256 SLOAD PUSH1 0x40 MLOAD DUP1 DUP3 DUP2 MSTORE PUSH1 0x20 ADD SWAP2 POP POP PUSH1 0x40 MLOAD DUP1 SWAP2 SUB SWAP1 LOG3 PUSH1 0x1 SWAP1 POP SWAP3 SWAP2 POP POP JUMP JUMPDEST PUSH2 0xE9D PUSH2 0x11D3 JUMP JUMPDEST ISZERO ISZERO PUSH2 0xEA8 JUMPI PUSH1 0x0 DUP1 REVERT JUMPDEST PUSH1 0x3 PUSH1 0x14 SWAP1 SLOAD SWAP1 PUSH2 0x100 EXP SWAP1 DIV PUSH1 0xFF AND ISZERO ISZERO PUSH2 0xEC3 JUMPI PUSH1 0x0 DUP1 REVERT JUMPDEST PUSH1 0x0 PUSH1 0x3 PUSH1 0x14 PUSH2 0x100 EXP DUP2 SLOAD DUP2 PUSH1 0xFF MUL NOT AND SWAP1 DUP4 ISZERO ISZERO MUL OR SWAP1 SSTORE POP PUSH32 0xA45F47FDEA8A1EFDD9029A5691C7F759C32B7C698632B563573E155625D16933 PUSH1 0x40 MLOAD PUSH1 0x40 MLOAD DUP1 SWAP2 SUB SWAP1 LOG1 JUMP JUMPDEST PUSH2 0xF14 PUSH2 0x11D3 JUMP JUMPDEST ISZERO ISZERO PUSH2 0xF1F JUMPI PUSH1 0x0 DUP1 REVERT JUMPDEST PUSH2 0xF29 DUP3 DUP3 PUSH2 0x18F3 JUMP JUMPDEST POP POP JUMP JUMPDEST PUSH2 0xF35 PUSH2 0x11D3 JUMP JUMPDEST ISZERO ISZERO PUSH2 0xF40 JUMPI PUSH1 0x0 DUP1 REVERT JUMPDEST PUSH2 0xF4A CALLER DUP3 PUSH2 0x1A47 JUMP JUMPDEST POP JUMP JUMPDEST PUSH2 0xF55 PUSH2 0x11D3 JUMP JUMPDEST ISZERO ISZERO PUSH2 0xF60 JUMPI PUSH1 0x0 DUP1 REVERT JUMPDEST PUSH1 0x1 PUSH1 0x4 PUSH1 0x0 DUP4 PUSH20 0xFFFFFFFFFFFFFFFFFFFFFFFFFFFFFFFFFFFFFFFF AND PUSH20 0xFFFFFFFFFFFFFFFFFFFFFFFFFFFFFFFFFFFFFFFF AND DUP2 MSTORE PUSH1 0x20 ADD SWAP1 DUP2 MSTORE PUSH1 0x20 ADD PUSH1 0x0 KECCAK256 PUSH1 0x0 PUSH2 0x100 EXP DUP2 SLOAD DUP2 PUSH1 0xFF MUL NOT AND SWAP1 DUP4 ISZERO ISZERO MUL OR SWAP1 SSTORE POP DUP1 PUSH20 0xFFFFFFFFFFFFFFFFFFFFFFFFFFFFFFFFFFFFFFFF AND PUSH32 0x30F118E5A88DE7F2FE7F077D2112D8BCB6A98A62014FD5BFA85ADA912EE651D9 PUSH1 0x40 MLOAD PUSH1 0x40 MLOAD DUP1 SWAP2 SUB SWAP1 LOG2 POP JUMP JUMPDEST PUSH1 0x0 PUSH1 0x3 PUSH1 0x14 SWAP1 SLOAD SWAP1 PUSH2 0x100 EXP SWAP1 DIV PUSH1 0xFF AND SWAP1 POP SWAP1 JUMP JUMPDEST PUSH1 0x0 DUP1 PUSH1 0x0 DUP4 PUSH20 0xFFFFFFFFFFFFFFFFFFFFFFFFFFFFFFFFFFFFFFFF AND PUSH20 0xFFFFFFFFFFFFFFFFFFFFFFFFFFFFFFFFFFFFFFFF AND DUP2 MSTORE PUSH1 0x20 ADD SWAP1 DUP2 MSTORE PUSH1 0x20 ADD PUSH1 0x0 KECCAK256 SLOAD SWAP1 POP SWAP2 SWAP1 POP JUMP JUMPDEST PUSH2 0x1065 PUSH2 0x11D3 JUMP JUMPDEST ISZERO ISZERO PUSH2 0x1070 JUMPI PUSH1 0x0 DUP1 REVERT JUMPDEST PUSH1 0x0 PUSH20 0xFFFFFFFFFFFFFFFFFFFFFFFFFFFFFFFFFFFFFFFF AND PUSH1 0x3 PUSH1 0x0 SWAP1 SLOAD SWAP1 PUSH2 0x100 EXP SWAP1 DIV PUSH20 0xFFFFFFFFFFFFFFFFFFFFFFFFFFFFFFFFFFFFFFFF AND PUSH20 0xFFFFFFFFFFFFFFFFFFFFFFFFFFFFFFFFFFFFFFFF AND PUSH32 0x8BE0079C531659141344CD1FD0A4F28419497F9722A3DAAFE3B4186F6B6457E0 PUSH1 0x40 MLOAD PUSH1 0x40 MLOAD DUP1 SWAP2 SUB SWAP1 LOG3 PUSH1 0x0 PUSH1 0x3 PUSH1 0x0 PUSH2 0x100 EXP DUP2 SLOAD DUP2 PUSH20 0xFFFFFFFFFFFFFFFFFFFFFFFFFFFFFFFFFFFFFFFF MUL NOT AND SWAP1 DUP4 PUSH20 0xFFFFFFFFFFFFFFFFFFFFFFFFFFFFFFFFFFFFFFFF AND MUL OR SWAP1 SSTORE POP JUMP JUMPDEST PUSH2 0x1139 PUSH2 0x11D3 JUMP JUMPDEST ISZERO ISZERO PUSH2 0x1144 JUMPI PUSH1 0x0 DUP1 REVERT JUMPDEST PUSH1 0x3 PUSH1 0x14 SWAP1 SLOAD SWAP1 PUSH2 0x100 EXP SWAP1 DIV PUSH1 0xFF AND ISZERO ISZERO ISZERO PUSH2 0x1160 JUMPI PUSH1 0x0 DUP1 REVERT JUMPDEST PUSH1 0x1 PUSH1 0x3 PUSH1 0x14 PUSH2 0x100 EXP DUP2 SLOAD DUP2 PUSH1 0xFF MUL NOT AND SWAP1 DUP4 ISZERO ISZERO MUL OR SWAP1 SSTORE POP PUSH32 0x9E87FAC88FF661F02D44F95383C817FECE4BCE600A3DAB7A54406878B965E752 PUSH1 0x40 MLOAD PUSH1 0x40 MLOAD DUP1 SWAP2 SUB SWAP1 LOG1 JUMP JUMPDEST PUSH1 0x0 PUSH1 0x3 PUSH1 0x0 SWAP1 SLOAD SWAP1 PUSH2 0x100 EXP SWAP1 DIV PUSH20 0xFFFFFFFFFFFFFFFFFFFFFFFFFFFFFFFFFFFFFFFF AND SWAP1 POP SWAP1 JUMP JUMPDEST PUSH1 0x0 PUSH1 0x3 PUSH1 0x0 SWAP1 SLOAD SWAP1 PUSH2 0x100 EXP SWAP1 DIV PUSH20 0xFFFFFFFFFFFFFFFFFFFFFFFFFFFFFFFFFFFFFFFF AND PUSH20 0xFFFFFFFFFFFFFFFFFFFFFFFFFFFFFFFFFFFFFFFF AND CALLER PUSH20 0xFFFFFFFFFFFFFFFFFFFFFFFFFFFFFFFFFFFFFFFF AND EQ SWAP1 POP SWAP1 JUMP JUMPDEST PUSH1 0x40 DUP1 MLOAD SWAP1 DUP2 ADD PUSH1 0x40 MSTORE DUP1 PUSH1 0x3 DUP2 MSTORE PUSH1 0x20 ADD PUSH32 0x41504D0000000000000000000000000000000000000000000000000000000000 DUP2 MSTORE POP DUP2 JUMP JUMPDEST PUSH1 0x0 DUP1 PUSH20 0xFFFFFFFFFFFFFFFFFFFFFFFFFFFFFFFFFFFFFFFF AND DUP4 PUSH20 0xFFFFFFFFFFFFFFFFFFFFFFFFFFFFFFFFFFFFFFFF AND EQ ISZERO ISZERO ISZERO PUSH2 0x12A1 JUMPI PUSH1 0x0 DUP1 REVERT JUMPDEST PUSH2 0x1330 DUP3 PUSH1 0x1 PUSH1 0x0 CALLER PUSH20 0xFFFFFFFFFFFFFFFFFFFFFFFFFFFFFFFFFFFFFFFF AND PUSH20 0xFFFFFFFFFFFFFFFFFFFFFFFFFFFFFFFFFFFFFFFF AND DUP2 MSTORE PUSH1 0x20 ADD SWAP1 DUP2 MSTORE PUSH1 0x20 ADD PUSH1 0x0 KECCAK256 PUSH1 0x0 DUP7 PUSH20 0xFFFFFFFFFFFFFFFFFFFFFFFFFFFFFFFFFFFFFFFF AND PUSH20 0xFFFFFFFFFFFFFFFFFFFFFFFFFFFFFFFFFFFFFFFF AND DUP2 MSTORE PUSH1 0x20 ADD SWAP1 DUP2 MSTORE PUSH1 0x20 ADD PUSH1 0x0 KECCAK256 SLOAD PUSH2 0x185E SWAP1 SWAP2 SWAP1 PUSH4 0xFFFFFFFF AND JUMP JUMPDEST PUSH1 0x1 PUSH1 0x0 CALLER PUSH20 0xFFFFFFFFFFFFFFFFFFFFFFFFFFFFFFFFFFFFFFFF AND PUSH20 0xFFFFFFFFFFFFFFFFFFFFFFFFFFFFFFFFFFFFFFFF AND DUP2 MSTORE PUSH1 0x20 ADD SWAP1 DUP2 MSTORE PUSH1 0x20 ADD PUSH1 0x0 KECCAK256 PUSH1 0x0 DUP6 PUSH20 0xFFFFFFFFFFFFFFFFFFFFFFFFFFFFFFFFFFFFFFFF AND PUSH20 0xFFFFFFFFFFFFFFFFFFFFFFFFFFFFFFFFFFFFFFFF AND DUP2 MSTORE PUSH1 0x20 ADD SWAP1 DUP2 MSTORE PUSH1 0x20 ADD PUSH1 0x0 KECCAK256 DUP2 SWAP1 SSTORE POP DUP3 PUSH20 0xFFFFFFFFFFFFFFFFFFFFFFFFFFFFFFFFFFFFFFFF AND CALLER PUSH20 0xFFFFFFFFFFFFFFFFFFFFFFFFFFFFFFFFFFFFFFFF AND PUSH32 0x8C5BE1E5EBEC7D5BD14F71427D1E84F3DD0314C0F7B2291E5B200AC8C7C3B925 PUSH1 0x1 PUSH1 0x0 CALLER PUSH20 0xFFFFFFFFFFFFFFFFFFFFFFFFFFFFFFFFFFFFFFFF AND PUSH20 0xFFFFFFFFFFFFFFFFFFFFFFFFFFFFFFFFFFFFFFFF AND DUP2 MSTORE PUSH1 0x20 ADD SWAP1 DUP2 MSTORE PUSH1 0x20 ADD PUSH1 0x0 KECCAK256 PUSH1 0x0 DUP8 PUSH20 0xFFFFFFFFFFFFFFFFFFFFFFFFFFFFFFFFFFFFFFFF AND PUSH20 0xFFFFFFFFFFFFFFFFFFFFFFFFFFFFFFFFFFFFFFFF AND DUP2 MSTORE PUSH1 0x20 ADD SWAP1 DUP2 MSTORE PUSH1 0x20 ADD PUSH1 0x0 KECCAK256 SLOAD PUSH1 0x40 MLOAD DUP1 DUP3 DUP2 MSTORE PUSH1 0x20 ADD SWAP2 POP POP PUSH1 0x40 MLOAD DUP1 SWAP2 SUB SWAP1 LOG3 PUSH1 0x1 SWAP1 POP SWAP3 SWAP2 POP POP JUMP JUMPDEST PUSH1 0x0 PUSH2 0x14A8 CALLER DUP5 DUP5 PUSH2 0x187F JUMP JUMPDEST PUSH1 0x1 SWAP1 POP SWAP3 SWAP2 POP POP JUMP JUMPDEST PUSH2 0x14BA PUSH2 0x11D3 JUMP JUMPDEST ISZERO ISZERO PUSH2 0x14C5 JUMPI PUSH1 0x0 DUP1 REVERT JUMPDEST PUSH1 0x0 PUSH1 0x4 PUSH1 0x0 DUP4 PUSH20 0xFFFFFFFFFFFFFFFFFFFFFFFFFFFFFFFFFFFFFFFF AND PUSH20 0xFFFFFFFFFFFFFFFFFFFFFFFFFFFFFFFFFFFFFFFF AND DUP2 MSTORE PUSH1 0x20 ADD SWAP1 DUP2 MSTORE PUSH1 0x20 ADD PUSH1 0x0 KECCAK256 PUSH1 0x0 PUSH2 0x100 EXP DUP2 SLOAD DUP2 PUSH1 0xFF MUL NOT AND SWAP1 DUP4 ISZERO ISZERO MUL OR SWAP1 SSTORE POP DUP1 PUSH20 0xFFFFFFFFFFFFFFFFFFFFFFFFFFFFFFFFFFFFFFFF AND PUSH32 0xF6F6591340DF7CEF8EA71ABBF2673EF24690B370CB1CB48EDF38D9977A3142F1 PUSH1 0x40 MLOAD PUSH1 0x40 MLOAD DUP1 SWAP2 SUB SWAP1 LOG2 POP JUMP JUMPDEST PUSH1 0x0 PUSH1 0x1 PUSH1 0x0 DUP5 PUSH20 0xFFFFFFFFFFFFFFFFFFFFFFFFFFFFFFFFFFFFFFFF AND PUSH20 0xFFFFFFFFFFFFFFFFFFFFFFFFFFFFFFFFFFFFFFFF AND DUP2 MSTORE PUSH1 0x20 ADD SWAP1 DUP2 MSTORE PUSH1 0x20 ADD PUSH1 0x0 KECCAK256 PUSH1 0x0 DUP4 PUSH20 0xFFFFFFFFFFFFFFFFFFFFFFFFFFFFFFFFFFFFFFFF AND PUSH20 0xFFFFFFFFFFFFFFFFFFFFFFFFFFFFFFFFFFFFFFFF AND DUP2 MSTORE PUSH1 0x20 ADD SWAP1 DUP2 MSTORE PUSH1 0x20 ADD PUSH1 0x0 KECCAK256 SLOAD SWAP1 POP SWAP3 SWAP2 POP POP JUMP JUMPDEST PUSH2 0x15F2 PUSH2 0x11D3 JUMP JUMPDEST ISZERO ISZERO PUSH2 0x15FD JUMPI PUSH1 0x0 DUP1 REVERT JUMPDEST PUSH2 0x1606 DUP2 PUSH2 0x1B5F JUMP JUMPDEST POP JUMP JUMPDEST PUSH1 0x0 DUP1 PUSH1 0x0 DUP1 PUSH2 0x1617 PUSH2 0x11D3 JUMP JUMPDEST ISZERO ISZERO PUSH2 0x1622 JUMPI PUSH1 0x0 DUP1 REVERT JUMPDEST DUP6 SWAP4 POP ADDRESS SWAP3 POP DUP4 PUSH20 0xFFFFFFFFFFFFFFFFFFFFFFFFFFFFFFFFFFFFFFFF AND PUSH4 0x70A08231 DUP5 PUSH1 0x40 MLOAD DUP3 PUSH4 0xFFFFFFFF AND PUSH29 0x100000000000000000000000000000000000000000000000000000000 MUL DUP2 MSTORE PUSH1 0x4 ADD DUP1 DUP3 PUSH20 0xFFFFFFFFFFFFFFFFFFFFFFFFFFFFFFFFFFFFFFFF AND PUSH20 0xFFFFFFFFFFFFFFFFFFFFFFFFFFFFFFFFFFFFFFFF AND DUP2 MSTORE PUSH1 0x20 ADD SWAP2 POP POP PUSH1 0x20 PUSH1 0x40 MLOAD DUP1 DUP4 SUB DUP2 PUSH1 0x0 DUP8 DUP1 EXTCODESIZE ISZERO DUP1 ISZERO PUSH2 0x16C3 JUMPI PUSH1 0x0 DUP1 REVERT JUMPDEST POP GAS CALL ISZERO DUP1 ISZERO PUSH2 0x16D7 JUMPI RETURNDATASIZE PUSH1 0x0 DUP1 RETURNDATACOPY RETURNDATASIZE PUSH1 0x0 REVERT JUMPDEST POP POP POP POP PUSH1 0x40 MLOAD RETURNDATASIZE PUSH1 0x20 DUP2 LT ISZERO PUSH2 0x16ED JUMPI PUSH1 0x0 DUP1 REVERT JUMPDEST DUP2 ADD SWAP1 DUP1 DUP1 MLOAD SWAP1 PUSH1 0x20 ADD SWAP1 SWAP3 SWAP2 SWAP1 POP POP POP SWAP2 POP DUP5 DUP3 LT ISZERO ISZERO ISZERO PUSH2 0x170F JUMPI PUSH1 0x0 DUP1 REVERT JUMPDEST CALLER SWAP1 POP DUP4 PUSH20 0xFFFFFFFFFFFFFFFFFFFFFFFFFFFFFFFFFFFFFFFF AND PUSH4 0xA9059CBB DUP3 DUP8 PUSH1 0x40 MLOAD DUP4 PUSH4 0xFFFFFFFF AND PUSH29 0x100000000000000000000000000000000000000000000000000000000 MUL DUP2 MSTORE PUSH1 0x4 ADD DUP1 DUP4 PUSH20 0xFFFFFFFFFFFFFFFFFFFFFFFFFFFFFFFFFFFFFFFF AND PUSH20 0xFFFFFFFFFFFFFFFFFFFFFFFFFFFFFFFFFFFFFFFF AND DUP2 MSTORE PUSH1 0x20 ADD DUP3 DUP2 MSTORE PUSH1 0x20 ADD SWAP3 POP POP POP PUSH1 0x20 PUSH1 0x40 MLOAD DUP1 DUP4 SUB DUP2 PUSH1 0x0 DUP8 DUP1 EXTCODESIZE ISZERO DUP1 ISZERO PUSH2 0x17B5 JUMPI PUSH1 0x0 DUP1 REVERT JUMPDEST POP GAS CALL ISZERO DUP1 ISZERO PUSH2 0x17C9 JUMPI RETURNDATASIZE PUSH1 0x0 DUP1 RETURNDATACOPY RETURNDATASIZE PUSH1 0x0 REVERT JUMPDEST POP POP POP POP PUSH1 0x40 MLOAD RETURNDATASIZE PUSH1 0x20 DUP2 LT ISZERO PUSH2 0x17DF JUMPI PUSH1 0x0 DUP1 REVERT JUMPDEST DUP2 ADD SWAP1 DUP1 DUP1 MLOAD SWAP1 PUSH1 0x20 ADD SWAP1 SWAP3 SWAP2 SWAP1 POP POP POP POP DUP6 PUSH20 0xFFFFFFFFFFFFFFFFFFFFFFFFFFFFFFFFFFFFFFFF AND DUP2 PUSH20 0xFFFFFFFFFFFFFFFFFFFFFFFFFFFFFFFFFFFFFFFF AND PUSH32 0xF931EDB47C50B4B4104C187B5814A9AEF5F709E17E2ECF9617E860CACADE929C DUP8 PUSH1 0x40 MLOAD DUP1 DUP3 DUP2 MSTORE PUSH1 0x20 ADD SWAP2 POP POP PUSH1 0x40 MLOAD DUP1 SWAP2 SUB SWAP1 LOG3 POP POP POP POP POP POP JUMP JUMPDEST PUSH1 0x0 DUP1 DUP4 DUP4 GT ISZERO ISZERO ISZERO PUSH2 0x1870 JUMPI PUSH1 0x0 DUP1 REVERT JUMPDEST DUP3 DUP5 SUB SWAP1 POP DUP1 SWAP2 POP POP SWAP3 SWAP2 POP POP JUMP JUMPDEST PUSH1 0x3 PUSH1 0x14 SWAP1 SLOAD SWAP1 PUSH2 0x100 EXP SWAP1 DIV PUSH1 0xFF AND ISZERO ISZERO ISZERO PUSH2 0x189B JUMPI PUSH1 0x0 DUP1 REVERT JUMPDEST PUSH2 0x18A4 DUP4 PUSH2 0xC08 JUMP JUMPDEST ISZERO DUP1 ISZERO PUSH2 0x18B7 JUMPI POP PUSH2 0x18B5 DUP3 PUSH2 0xC08 JUMP JUMPDEST ISZERO JUMPDEST ISZERO ISZERO PUSH2 0x18C2 JUMPI PUSH1 0x0 DUP1 REVERT JUMPDEST PUSH2 0x18CD DUP4 DUP4 DUP4 PUSH2 0x1C5B JUMP JUMPDEST POP POP POP JUMP JUMPDEST PUSH1 0x0 DUP1 DUP3 DUP5 ADD SWAP1 POP DUP4 DUP2 LT ISZERO ISZERO ISZERO PUSH2 0x18E9 JUMPI PUSH1 0x0 DUP1 REVERT JUMPDEST DUP1 SWAP2 POP POP SWAP3 SWAP2 POP POP JUMP JUMPDEST PUSH1 0x0 PUSH20 0xFFFFFFFFFFFFFFFFFFFFFFFFFFFFFFFFFFFFFFFF AND DUP3 PUSH20 0xFFFFFFFFFFFFFFFFFFFFFFFFFFFFFFFFFFFFFFFF AND EQ ISZERO ISZERO ISZERO PUSH2 0x192F JUMPI PUSH1 0x0 DUP1 REVERT JUMPDEST PUSH2 0x1944 DUP2 PUSH1 0x2 SLOAD PUSH2 0x18D2 SWAP1 SWAP2 SWAP1 PUSH4 0xFFFFFFFF AND JUMP JUMPDEST PUSH1 0x2 DUP2 SWAP1 SSTORE POP PUSH2 0x199B DUP2 PUSH1 0x0 DUP1 DUP6 PUSH20 0xFFFFFFFFFFFFFFFFFFFFFFFFFFFFFFFFFFFFFFFF AND PUSH20 0xFFFFFFFFFFFFFFFFFFFFFFFFFFFFFFFFFFFFFFFF AND DUP2 MSTORE PUSH1 0x20 ADD SWAP1 DUP2 MSTORE PUSH1 0x20 ADD PUSH1 0x0 KECCAK256 SLOAD PUSH2 0x18D2 SWAP1 SWAP2 SWAP1 PUSH4 0xFFFFFFFF AND JUMP JUMPDEST PUSH1 0x0 DUP1 DUP5 PUSH20 0xFFFFFFFFFFFFFFFFFFFFFFFFFFFFFFFFFFFFFFFF AND PUSH20 0xFFFFFFFFFFFFFFFFFFFFFFFFFFFFFFFFFFFFFFFF AND DUP2 MSTORE PUSH1 0x20 ADD SWAP1 DUP2 MSTORE PUSH1 0x20 ADD PUSH1 0x0 KECCAK256 DUP2 SWAP1 SSTORE POP DUP2 PUSH20 0xFFFFFFFFFFFFFFFFFFFFFFFFFFFFFFFFFFFFFFFF AND PUSH1 0x0 PUSH20 0xFFFFFFFFFFFFFFFFFFFFFFFFFFFFFFFFFFFFFFFF AND PUSH32 0xDDF252AD1BE2C89B69C2B068FC378DAA952BA7F163C4A11628F55A4DF523B3EF DUP4 PUSH1 0x40 MLOAD DUP1 DUP3 DUP2 MSTORE PUSH1 0x20 ADD SWAP2 POP POP PUSH1 0x40 MLOAD DUP1 SWAP2 SUB SWAP1 LOG3 POP POP JUMP JUMPDEST PUSH2 0x1A5C DUP2 PUSH1 0x2 SLOAD PUSH2 0x185E SWAP1 SWAP2 SWAP1 PUSH4 0xFFFFFFFF AND JUMP JUMPDEST PUSH1 0x2 DUP2 SWAP1 SSTORE POP PUSH2 0x1AB3 DUP2 PUSH1 0x0 DUP1 DUP6 PUSH20 0xFFFFFFFFFFFFFFFFFFFFFFFFFFFFFFFFFFFFFFFF AND PUSH20 0xFFFFFFFFFFFFFFFFFFFFFFFFFFFFFFFFFFFFFFFF AND DUP2 MSTORE PUSH1 0x20 ADD SWAP1 DUP2 MSTORE PUSH1 0x20 ADD PUSH1 0x0 KECCAK256 SLOAD PUSH2 0x185E SWAP1 SWAP2 SWAP1 PUSH4 0xFFFFFFFF AND JUMP JUMPDEST PUSH1 0x0 DUP1 DUP5 PUSH20 0xFFFFFFFFFFFFFFFFFFFFFFFFFFFFFFFFFFFFFFFF AND PUSH20 0xFFFFFFFFFFFFFFFFFFFFFFFFFFFFFFFFFFFFFFFF AND DUP2 MSTORE PUSH1 0x20 ADD SWAP1 DUP2 MSTORE PUSH1 0x20 ADD PUSH1 0x0 KECCAK256 DUP2 SWAP1 SSTORE POP PUSH1 0x0 PUSH20 0xFFFFFFFFFFFFFFFFFFFFFFFFFFFFFFFFFFFFFFFF AND DUP3 PUSH20 0xFFFFFFFFFFFFFFFFFFFFFFFFFFFFFFFFFFFFFFFF AND PUSH32 0xDDF252AD1BE2C89B69C2B068FC378DAA952BA7F163C4A11628F55A4DF523B3EF DUP4 PUSH1 0x40 MLOAD DUP1 DUP3 DUP2 MSTORE PUSH1 0x20 ADD SWAP2 POP POP PUSH1 0x40 MLOAD DUP1 SWAP2 SUB SWAP1 LOG3 POP POP JUMP JUMPDEST PUSH1 0x0 PUSH20 0xFFFFFFFFFFFFFFFFFFFFFFFFFFFFFFFFFFFFFFFF AND DUP2 PUSH20 0xFFFFFFFFFFFFFFFFFFFFFFFFFFFFFFFFFFFFFFFF AND EQ ISZERO ISZERO ISZERO PUSH2 0x1B9B JUMPI PUSH1 0x0 DUP1 REVERT JUMPDEST DUP1 PUSH20 0xFFFFFFFFFFFFFFFFFFFFFFFFFFFFFFFFFFFFFFFF AND PUSH1 0x3 PUSH1 0x0 SWAP1 SLOAD SWAP1 PUSH2 0x100 EXP SWAP1 DIV PUSH20 0xFFFFFFFFFFFFFFFFFFFFFFFFFFFFFFFFFFFFFFFF AND PUSH20 0xFFFFFFFFFFFFFFFFFFFFFFFFFFFFFFFFFFFFFFFF AND PUSH32 0x8BE0079C531659141344CD1FD0A4F28419497F9722A3DAAFE3B4186F6B6457E0 PUSH1 0x40 MLOAD PUSH1 0x40 MLOAD DUP1 SWAP2 SUB SWAP1 LOG3 DUP1 PUSH1 0x3 PUSH1 0x0 PUSH2 0x100 EXP DUP2 SLOAD DUP2 PUSH20 0xFFFFFFFFFFFFFFFFFFFFFFFFFFFFFFFFFFFFFFFF MUL NOT AND SWAP1 DUP4 PUSH20 0xFFFFFFFFFFFFFFFFFFFFFFFFFFFFFFFFFFFFFFFF AND MUL OR SWAP1 SSTORE POP POP JUMP JUMPDEST PUSH1 0x0 PUSH20 0xFFFFFFFFFFFFFFFFFFFFFFFFFFFFFFFFFFFFFFFF AND DUP3 PUSH20 0xFFFFFFFFFFFFFFFFFFFFFFFFFFFFFFFFFFFFFFFF AND EQ ISZERO ISZERO ISZERO PUSH2 0x1C97 JUMPI PUSH1 0x0 DUP1 REVERT JUMPDEST PUSH2 0x1CE8 DUP2 PUSH1 0x0 DUP1 DUP7 PUSH20 0xFFFFFFFFFFFFFFFFFFFFFFFFFFFFFFFFFFFFFFFF AND PUSH20 0xFFFFFFFFFFFFFFFFFFFFFFFFFFFFFFFFFFFFFFFF AND DUP2 MSTORE PUSH1 0x20 ADD SWAP1 DUP2 MSTORE PUSH1 0x20 ADD PUSH1 0x0 KECCAK256 SLOAD PUSH2 0x185E SWAP1 SWAP2 SWAP1 PUSH4 0xFFFFFFFF AND JUMP JUMPDEST PUSH1 0x0 DUP1 DUP6 PUSH20 0xFFFFFFFFFFFFFFFFFFFFFFFFFFFFFFFFFFFFFFFF AND PUSH20 0xFFFFFFFFFFFFFFFFFFFFFFFFFFFFFFFFFFFFFFFF AND DUP2 MSTORE PUSH1 0x20 ADD SWAP1 DUP2 MSTORE PUSH1 0x20 ADD PUSH1 0x0 KECCAK256 DUP2 SWAP1 SSTORE POP PUSH2 0x1D7B DUP2 PUSH1 0x0 DUP1 DUP6 PUSH20 0xFFFFFFFFFFFFFFFFFFFFFFFFFFFFFFFFFFFFFFFF AND PUSH20 0xFFFFFFFFFFFFFFFFFFFFFFFFFFFFFFFFFFFFFFFF AND DUP2 MSTORE PUSH1 0x20 ADD SWAP1 DUP2 MSTORE PUSH1 0x20 ADD PUSH1 0x0 KECCAK256 SLOAD PUSH2 0x18D2 SWAP1 SWAP2 SWAP1 PUSH4 0xFFFFFFFF AND JUMP JUMPDEST PUSH1 0x0 DUP1 DUP5 PUSH20 0xFFFFFFFFFFFFFFFFFFFFFFFFFFFFFFFFFFFFFFFF AND PUSH20 0xFFFFFFFFFFFFFFFFFFFFFFFFFFFFFFFFFFFFFFFF AND DUP2 MSTORE PUSH1 0x20 ADD SWAP1 DUP2 MSTORE PUSH1 0x20 ADD PUSH1 0x0 KECCAK256 DUP2 SWAP1 SSTORE POP DUP2 PUSH20 0xFFFFFFFFFFFFFFFFFFFFFFFFFFFFFFFFFFFFFFFF AND DUP4 PUSH20 0xFFFFFFFFFFFFFFFFFFFFFFFFFFFFFFFFFFFFFFFF AND PUSH32 0xDDF252AD1BE2C89B69C2B068FC378DAA952BA7F163C4A11628F55A4DF523B3EF DUP4 PUSH1 0x40 MLOAD DUP1 DUP3 DUP2 MSTORE PUSH1 0x20 ADD SWAP2 POP POP PUSH1 0x40 MLOAD DUP1 SWAP2 SUB SWAP1 LOG3 POP POP POP JUMP STOP LOG1 PUSH6 0x627A7A723058 KECCAK256 0x2d GASPRICE 0x23 DUP10 0x24 0x4a SLOAD STOP 0xcd 0xc5 TIMESTAMP PUSH26 0x44A71CCDA54CD52C252EF0FD50E4E9817FDCE8F7002900000000
0,PUSH1 0x80 PUSH1 0x40 MSTORE PUSH1 0x12 PUSH1 0x2 PUSH1 0x0 PUSH2 0x100 EXP DUP2 SLOAD DUP2 PUSH1 0xFF MUL NOT AND SWAP1 DUP4 PUSH1 0xFF AND MUL OR SWAP1 SSTORE POP CALLVALUE DUP1 ISZERO PUSH3 0x2D JUMPI PUSH1 0x0 DUP1 REVERT JUMPDEST POP PUSH1 0x40 MLOAD PUSH3 0x1297 CODESIZE SUB DUP1 PUSH3 0x1297 DUP4 CODECOPY DUP2 ADD DUP1 PUSH1 0x40 MSTORE DUP2 ADD SWAP1 DUP1 DUP1 MLOAD SWAP1 PUSH1 0x20 ADD SWAP1 SWAP3 SWAP2 SWAP1 DUP1 MLOAD DUP3 ADD SWAP3 SWAP2 SWAP1 PUSH1 0x20 ADD DUP1 MLOAD DUP3 ADD SWAP3 SWAP2 SWAP1 POP POP POP PUSH1 0x2 PUSH1 0x0 SWAP1 SLOAD SWAP1 PUSH2 0x100 EXP SWAP1 DIV PUSH1 0xFF AND PUSH1 0xFF AND PUSH1 0xA EXP DUP4 MUL PUSH1 0x3 DUP2 SWAP1 SSTORE POP PUSH1 0x3 SLOAD PUSH1 0x4 PUSH1 0x0 CALLER PUSH20 0xFFFFFFFFFFFFFFFFFFFFFFFFFFFFFFFFFFFFFFFF AND PUSH20 0xFFFFFFFFFFFFFFFFFFFFFFFFFFFFFFFFFFFFFFFF AND DUP2 MSTORE PUSH1 0x20 ADD SWAP1 DUP2 MSTORE PUSH1 0x20 ADD PUSH1 0x0 KECCAK256 DUP2 SWAP1 SSTORE POP DUP2 PUSH1 0x0 SWAP1 DUP1 MLOAD SWAP1 PUSH1 0x20 ADD SWAP1 PUSH3 0xE2 SWAP3 SWAP2 SWAP1 PUSH3 0x105 JUMP JUMPDEST POP DUP1 PUSH1 0x1 SWAP1 DUP1 MLOAD SWAP1 PUSH1 0x20 ADD SWAP1 PUSH3 0xFB SWAP3 SWAP2 SWAP1 PUSH3 0x105 JUMP JUMPDEST POP POP POP POP PUSH3 0x1B4 JUMP JUMPDEST DUP3 DUP1 SLOAD PUSH1 0x1 DUP2 PUSH1 0x1 AND ISZERO PUSH2 0x100 MUL SUB AND PUSH1 0x2 SWAP1 DIV SWAP1 PUSH1 0x0 MSTORE PUSH1 0x20 PUSH1 0x0 KECCAK256 SWAP1 PUSH1 0x1F ADD PUSH1 0x20 SWAP1 DIV DUP2 ADD SWAP3 DUP3 PUSH1 0x1F LT PUSH3 0x148 JUMPI DUP1 MLOAD PUSH1 0xFF NOT AND DUP4 DUP1 ADD OR DUP6 SSTORE PUSH3 0x179 JUMP JUMPDEST DUP3 DUP1 ADD PUSH1 0x1 ADD DUP6 SSTORE DUP3 ISZERO PUSH3 0x179 JUMPI SWAP2 DUP3 ADD JUMPDEST DUP3 DUP2 GT ISZERO PUSH3 0x178 JUMPI DUP3 MLOAD DUP3 SSTORE SWAP2 PUSH1 0x20 ADD SWAP2 SWAP1 PUSH1 0x1 ADD SWAP1 PUSH3 0x15B JUMP JUMPDEST JUMPDEST POP SWAP1 POP PUSH3 0x188 SWAP2 SWAP1 PUSH3 0x18C JUMP JUMPDEST POP SWAP1 JUMP JUMPDEST PUSH3 0x1B1 SWAP2 SWAP1 JUMPDEST DUP1 DUP3 GT ISZERO PUSH3 0x1AD JUMPI PUSH1 0x0 DUP2 PUSH1 0x0 SWAP1 SSTORE POP PUSH1 0x1 ADD PUSH3 0x193 JUMP JUMPDEST POP SWAP1 JUMP JUMPDEST SWAP1 JUMP JUMPDEST PUSH2 0x10D3 DUP1 PUSH3 0x1C4 PUSH1 0x0 CODECOPY PUSH1 0x0 RETURN STOP PUSH1 0x80 PUSH1 0x40 MSTORE PUSH1 0x4 CALLDATASIZE LT PUSH2 0xBA JUMPI PUSH1 0x0 CALLDATALOAD PUSH29 0x100000000000000000000000000000000000000000000000000000000 SWAP1 DIV PUSH4 0xFFFFFFFF AND DUP1 PUSH4 0x6FDDE03 EQ PUSH2 0xBF JUMPI DUP1 PUSH4 0x95EA7B3 EQ PUSH2 0x14F JUMPI DUP1 PUSH4 0x18160DDD EQ PUSH2 0x1B4 JUMPI DUP1 PUSH4 0x23B872DD EQ PUSH2 0x1DF JUMPI DUP1 PUSH4 0x313CE567 EQ PUSH2 0x264 JUMPI DUP1 PUSH4 0x42966C68 EQ PUSH2 0x295 JUMPI DUP1 PUSH4 0x70A08231 EQ PUSH2 0x2DA JUMPI DUP1 PUSH4 0x79CC6790 EQ PUSH2 0x331 JUMPI DUP1 PUSH4 0x95D89B41 EQ PUSH2 0x396 JUMPI DUP1 PUSH4 0xA9059CBB EQ PUSH2 0x426 JUMPI DUP1 PUSH4 0xCAE9CA51 EQ PUSH2 0x473 JUMPI DUP1 PUSH4 0xDD62ED3E EQ PUSH2 0x51E JUMPI JUMPDEST PUSH1 0x0 DUP1 REVERT JUMPDEST CALLVALUE DUP1 ISZERO PUSH2 0xCB JUMPI PUSH1 0x0 DUP1 REVERT JUMPDEST POP PUSH2 0xD4 PUSH2 0x595 JUMP JUMPDEST PUSH1 0x40 MLOAD DUP1 DUP1 PUSH1 0x20 ADD DUP3 DUP2 SUB DUP3 MSTORE DUP4 DUP2 DUP2 MLOAD DUP2 MSTORE PUSH1 0x20 ADD SWAP2 POP DUP1 MLOAD SWAP1 PUSH1 0x20 ADD SWAP1 DUP1 DUP4 DUP4 PUSH1 0x0 JUMPDEST DUP4 DUP2 LT ISZERO PUSH2 0x114 JUMPI DUP1 DUP3 ADD MLOAD DUP2 DUP5 ADD MSTORE PUSH1 0x20 DUP2 ADD SWAP1 POP PUSH2 0xF9 JUMP JUMPDEST POP POP POP POP SWAP1 POP SWAP1 DUP2 ADD SWAP1 PUSH1 0x1F AND DUP1 ISZERO PUSH2 0x141 JUMPI DUP1 DUP3 SUB DUP1 MLOAD PUSH1 0x1 DUP4 PUSH1 0x20 SUB PUSH2 0x100 EXP SUB NOT AND DUP2 MSTORE PUSH1 0x20 ADD SWAP2 POP JUMPDEST POP SWAP3 POP POP POP PUSH1 0x40 MLOAD DUP1 SWAP2 SUB SWAP1 RETURN JUMPDEST CALLVALUE DUP1 ISZERO PUSH2 0x15B JUMPI PUSH1 0x0 DUP1 REVERT JUMPDEST POP PUSH2 0x19A PUSH1 0x4 DUP1 CALLDATASIZE SUB DUP2 ADD SWAP1 DUP1 DUP1 CALLDATALOAD PUSH20 0xFFFFFFFFFFFFFFFFFFFFFFFFFFFFFFFFFFFFFFFF AND SWAP1 PUSH1 0x20 ADD SWAP1 SWAP3 SWAP2 SWAP1 DUP1 CALLDATALOAD SWAP1 PUSH1 0x20 ADD SWAP1 SWAP3 SWAP2 SWAP1 POP POP POP PUSH2 0x633 JUMP JUMPDEST PUSH1 0x40 MLOAD DUP1 DUP3 ISZERO ISZERO ISZERO ISZERO DUP2 MSTORE PUSH1 0x20 ADD SWAP2 POP POP PUSH1 0x40 MLOAD DUP1 SWAP2 SUB SWAP1 RETURN JUMPDEST CALLVALUE DUP1 ISZERO PUSH2 0x1C0 JUMPI PUSH1 0x0 DUP1 REVERT JUMPDEST POP PUSH2 0x1C9 PUSH2 0x6C0 JUMP JUMPDEST PUSH1 0x40 MLOAD DUP1 DUP3 DUP2 MSTORE PUSH1 0x20 ADD SWAP2 POP POP PUSH1 0x40 MLOAD DUP1 SWAP2 SUB SWAP1 RETURN JUMPDEST CALLVALUE DUP1 ISZERO PUSH2 0x1EB JUMPI PUSH1 0x0 DUP1 REVERT JUMPDEST POP PUSH2 0x24A PUSH1 0x4 DUP1 CALLDATASIZE SUB DUP2 ADD SWAP1 DUP1 DUP1 CALLDATALOAD PUSH20 0xFFFFFFFFFFFFFFFFFFFFFFFFFFFFFFFFFFFFFFFF AND SWAP1 PUSH1 0x20 ADD SWAP1 SWAP3 SWAP2 SWAP1 DUP1 CALLDATALOAD PUSH20 0xFFFFFFFFFFFFFFFFFFFFFFFFFFFFFFFFFFFFFFFF AND SWAP1 PUSH1 0x20 ADD SWAP1 SWAP3 SWAP2 SWAP1 DUP1 CALLDATALOAD SWAP1 PUSH1 0x20 ADD SWAP1 SWAP3 SWAP2 SWAP1 POP POP POP PUSH2 0x6C6 JUMP JUMPDEST PUSH1 0x40 MLOAD DUP1 DUP3 ISZERO ISZERO ISZERO ISZERO DUP2 MSTORE PUSH1 0x20 ADD SWAP2 POP POP PUSH1 0x40 MLOAD DUP1 SWAP2 SUB SWAP1 RETURN JUMPDEST CALLVALUE DUP1 ISZERO PUSH2 0x270 JUMPI PUSH1 0x0 DUP1 REVERT JUMPDEST POP PUSH2 0x279 PUSH2 0x7F3 JUMP JUMPDEST PUSH1 0x40 MLOAD DUP1 DUP3 PUSH1 0xFF AND PUSH1 0xFF AND DUP2 MSTORE PUSH1 0x20 ADD SWAP2 POP POP PUSH1 0x40 MLOAD DUP1 SWAP2 SUB SWAP1 RETURN JUMPDEST CALLVALUE DUP1 ISZERO PUSH2 0x2A1 JUMPI PUSH1 0x0 DUP1 REVERT JUMPDEST POP PUSH2 0x2C0 PUSH1 0x4 DUP1 CALLDATASIZE SUB DUP2 ADD SWAP1 DUP1 DUP1 CALLDATALOAD SWAP1 PUSH1 0x20 ADD SWAP1 SWAP3 SWAP2 SWAP1 POP POP POP PUSH2 0x806 JUMP JUMPDEST PUSH1 0x40 MLOAD DUP1 DUP3 ISZERO ISZERO ISZERO ISZERO DUP2 MSTORE PUSH1 0x20 ADD SWAP2 POP POP PUSH1 0x40 MLOAD DUP1 SWAP2 SUB SWAP1 RETURN JUMPDEST CALLVALUE DUP1 ISZERO PUSH2 0x2E6 JUMPI PUSH1 0x0 DUP1 REVERT JUMPDEST POP PUSH2 0x31B PUSH1 0x4 DUP1 CALLDATASIZE SUB DUP2 ADD SWAP1 DUP1 DUP1 CALLDATALOAD PUSH20 0xFFFFFFFFFFFFFFFFFFFFFFFFFFFFFFFFFFFFFFFF AND SWAP1 PUSH1 0x20 ADD SWAP1 SWAP3 SWAP2 SWAP1 POP POP POP PUSH2 0x90A JUMP JUMPDEST PUSH1 0x40 MLOAD DUP1 DUP3 DUP2 MSTORE PUSH1 0x20 ADD SWAP2 POP POP PUSH1 0x40 MLOAD DUP1 SWAP2 SUB SWAP1 RETURN JUMPDEST CALLVALUE DUP1 ISZERO PUSH2 0x33D JUMPI PUSH1 0x0 DUP1 REVERT JUMPDEST POP PUSH2 0x37C PUSH1 0x4 DUP1 CALLDATASIZE SUB DUP2 ADD SWAP1 DUP1 DUP1 CALLDATALOAD PUSH20 0xFFFFFFFFFFFFFFFFFFFFFFFFFFFFFFFFFFFFFFFF AND SWAP1 PUSH1 0x20 ADD SWAP1 SWAP3 SWAP2 SWAP1 DUP1 CALLDATALOAD SWAP1 PUSH1 0x20 ADD SWAP1 SWAP3 SWAP2 SWAP1 POP POP POP PUSH2 0x922 JUMP JUMPDEST PUSH1 0x40 MLOAD DUP1 DUP3 ISZERO ISZERO ISZERO ISZERO DUP2 MSTORE PUSH1 0x20 ADD SWAP2 POP POP PUSH1 0x40 MLOAD DUP1 SWAP2 SUB SWAP1 RETURN JUMPDEST CALLVALUE DUP1 ISZERO PUSH2 0x3A2 JUMPI PUSH1 0x0 DUP1 REVERT JUMPDEST POP PUSH2 0x3AB PUSH2 0xB3C JUMP JUMPDEST PUSH1 0x40 MLOAD DUP1 DUP1 PUSH1 0x20 ADD DUP3 DUP2 SUB DUP3 MSTORE DUP4 DUP2 DUP2 MLOAD DUP2 MSTORE PUSH1 0x20 ADD SWAP2 POP DUP1 MLOAD SWAP1 PUSH1 0x20 ADD SWAP1 DUP1 DUP4 DUP4 PUSH1 0x0 JUMPDEST DUP4 DUP2 LT ISZERO PUSH2 0x3EB JUMPI DUP1 DUP3 ADD MLOAD DUP2 DUP5 ADD MSTORE PUSH1 0x20 DUP2 ADD SWAP1 POP PUSH2 0x3D0 JUMP JUMPDEST POP POP POP POP SWAP1 POP SWAP1 DUP2 ADD SWAP1 PUSH1 0x1F AND DUP1 ISZERO PUSH2 0x418 JUMPI DUP1 DUP3 SUB DUP1 MLOAD PUSH1 0x1 DUP4 PUSH1 0x20 SUB PUSH2 0x100 EXP SUB NOT AND DUP2 MSTORE PUSH1 0x20 ADD SWAP2 POP JUMPDEST POP SWAP3 POP POP POP PUSH1 0x40 MLOAD DUP1 SWAP2 SUB SWAP1 RETURN JUMPDEST CALLVALUE DUP1 ISZERO PUSH2 0x432 JUMPI PUSH1 0x0 DUP1 REVERT JUMPDEST POP PUSH2 0x471 PUSH1 0x4 DUP1 CALLDATASIZE SUB DUP2 ADD SWAP1 DUP1 DUP1 CALLDATALOAD PUSH20 0xFFFFFFFFFFFFFFFFFFFFFFFFFFFFFFFFFFFFFFFF AND SWAP1 PUSH1 0x20 ADD SWAP1 SWAP3 SWAP2 SWAP1 DUP1 CALLDATALOAD SWAP1 PUSH1 0x20 ADD SWAP1 SWAP3 SWAP2 SWAP1 POP POP POP PUSH2 0xBDA JUMP JUMPDEST STOP JUMPDEST CALLVALUE DUP1 ISZERO PUSH2 0x47F JUMPI PUSH1 0x0 DUP1 REVERT JUMPDEST POP PUSH2 0x504 PUSH1 0x4 DUP1 CALLDATASIZE SUB DUP2 ADD SWAP1 DUP1 DUP1 CALLDATALOAD PUSH20 0xFFFFFFFFFFFFFFFFFFFFFFFFFFFFFFFFFFFFFFFF AND SWAP1 PUSH1 0x20 ADD SWAP1 SWAP3 SWAP2 SWAP1 DUP1 CALLDATALOAD SWAP1 PUSH1 0x20 ADD SWAP1 SWAP3 SWAP2 SWAP1 DUP1 CALLDATALOAD SWAP1 PUSH1 0x20 ADD SWAP1 DUP3 ADD DUP1 CALLDATALOAD SWAP1 PUSH1 0x20 ADD SWAP1 DUP1 DUP1 PUSH1 0x1F ADD PUSH1 0x20 DUP1 SWAP2 DIV MUL PUSH1 0x20 ADD PUSH1 0x40 MLOAD SWAP1 DUP2 ADD PUSH1 0x40 MSTORE DUP1 SWAP4 SWAP3 SWAP2 SWAP1 DUP2 DUP2 MSTORE PUSH1 0x20 ADD DUP4 DUP4 DUP1 DUP3 DUP5 CALLDATACOPY DUP3 ADD SWAP2 POP POP POP POP POP POP SWAP2 SWAP3 SWAP2 SWAP3 SWAP1 POP POP POP PUSH2 0xBE9 JUMP JUMPDEST PUSH1 0x40 MLOAD DUP1 DUP3 ISZERO ISZERO ISZERO ISZERO DUP2 MSTORE PUSH1 0x20 ADD SWAP2 POP POP PUSH1 0x40 MLOAD DUP1 SWAP2 SUB SWAP1 RETURN JUMPDEST CALLVALUE DUP1 ISZERO PUSH2 0x52A JUMPI PUSH1 0x0 DUP1 REVERT JUMPDEST POP PUSH2 0x57F PUSH1 0x4 DUP1 CALLDATASIZE SUB DUP2 ADD SWAP1 DUP1 DUP1 CALLDATALOAD PUSH20 0xFFFFFFFFFFFFFFFFFFFFFFFFFFFFFFFFFFFFFFFF AND SWAP1 PUSH1 0x20 ADD SWAP1 SWAP3 SWAP2 SWAP1 DUP1 CALLDATALOAD PUSH20 0xFFFFFFFFFFFFFFFFFFFFFFFFFFFFFFFFFFFFFFFF AND SWAP1 PUSH1 0x20 ADD SWAP1 SWAP3 SWAP2 SWAP1 POP POP POP PUSH2 0xD6C JUMP JUMPDEST PUSH1 0x40 MLOAD DUP1 DUP3 DUP2 MSTORE PUSH1 0x20 ADD SWAP2 POP POP PUSH1 0x40 MLOAD DUP1 SWAP2 SUB SWAP1 RETURN JUMPDEST PUSH1 0x0 DUP1 SLOAD PUSH1 0x1 DUP2 PUSH1 0x1 AND ISZERO PUSH2 0x100 MUL SUB AND PUSH1 0x2 SWAP1 DIV DUP1 PUSH1 0x1F ADD PUSH1 0x20 DUP1 SWAP2 DIV MUL PUSH1 0x20 ADD PUSH1 0x40 MLOAD SWAP1 DUP2 ADD PUSH1 0x40 MSTORE DUP1 SWAP3 SWAP2 SWAP1 DUP2 DUP2 MSTORE PUSH1 0x20 ADD DUP3 DUP1 SLOAD PUSH1 0x1 DUP2 PUSH1 0x1 AND ISZERO PUSH2 0x100 MUL SUB AND PUSH1 0x2 SWAP1 DIV DUP1 ISZERO PUSH2 0x62B JUMPI DUP1 PUSH1 0x1F LT PUSH2 0x600 JUMPI PUSH2 0x100 DUP1 DUP4 SLOAD DIV MUL DUP4 MSTORE SWAP2 PUSH1 0x20 ADD SWAP2 PUSH2 0x62B JUMP JUMPDEST DUP3 ADD SWAP2 SWAP1 PUSH1 0x0 MSTORE PUSH1 0x20 PUSH1 0x0 KECCAK256 SWAP1 JUMPDEST DUP2 SLOAD DUP2 MSTORE SWAP1 PUSH1 0x1 ADD SWAP1 PUSH1 0x20 ADD DUP1 DUP4 GT PUSH2 0x60E JUMPI DUP3 SWAP1 SUB PUSH1 0x1F AND DUP3 ADD SWAP2 JUMPDEST POP POP POP POP POP DUP2 JUMP JUMPDEST PUSH1 0x0 DUP2 PUSH1 0x5 PUSH1 0x0 CALLER PUSH20 0xFFFFFFFFFFFFFFFFFFFFFFFFFFFFFFFFFFFFFFFF AND PUSH20 0xFFFFFFFFFFFFFFFFFFFFFFFFFFFFFFFFFFFFFFFF AND DUP2 MSTORE PUSH1 0x20 ADD SWAP1 DUP2 MSTORE PUSH1 0x20 ADD PUSH1 0x0 KECCAK256 PUSH1 0x0 DUP6 PUSH20 0xFFFFFFFFFFFFFFFFFFFFFFFFFFFFFFFFFFFFFFFF AND PUSH20 0xFFFFFFFFFFFFFFFFFFFFFFFFFFFFFFFFFFFFFFFF AND DUP2 MSTORE PUSH1 0x20 ADD SWAP1 DUP2 MSTORE PUSH1 0x20 ADD PUSH1 0x0 KECCAK256 DUP2 SWAP1 SSTORE POP PUSH1 0x1 SWAP1 POP SWAP3 SWAP2 POP POP JUMP JUMPDEST PUSH1 0x3 SLOAD DUP2 JUMP JUMPDEST PUSH1 0x0 PUSH1 0x5 PUSH1 0x0 DUP6 PUSH20 0xFFFFFFFFFFFFFFFFFFFFFFFFFFFFFFFFFFFFFFFF AND PUSH20 0xFFFFFFFFFFFFFFFFFFFFFFFFFFFFFFFFFFFFFFFF AND DUP2 MSTORE PUSH1 0x20 ADD SWAP1 DUP2 MSTORE PUSH1 0x20 ADD PUSH1 0x0 KECCAK256 PUSH1 0x0 CALLER PUSH20 0xFFFFFFFFFFFFFFFFFFFFFFFFFFFFFFFFFFFFFFFF AND PUSH20 0xFFFFFFFFFFFFFFFFFFFFFFFFFFFFFFFFFFFFFFFF AND DUP2 MSTORE PUSH1 0x20 ADD SWAP1 DUP2 MSTORE PUSH1 0x20 ADD PUSH1 0x0 KECCAK256 SLOAD DUP3 GT ISZERO ISZERO ISZERO PUSH2 0x753 JUMPI PUSH1 0x0 DUP1 REVERT JUMPDEST DUP2 PUSH1 0x5 PUSH1 0x0 DUP7 PUSH20 0xFFFFFFFFFFFFFFFFFFFFFFFFFFFFFFFFFFFFFFFF AND PUSH20 0xFFFFFFFFFFFFFFFFFFFFFFFFFFFFFFFFFFFFFFFF AND DUP2 MSTORE PUSH1 0x20 ADD SWAP1 DUP2 MSTORE PUSH1 0x20 ADD PUSH1 0x0 KECCAK256 PUSH1 0x0 CALLER PUSH20 0xFFFFFFFFFFFFFFFFFFFFFFFFFFFFFFFFFFFFFFFF AND PUSH20 0xFFFFFFFFFFFFFFFFFFFFFFFFFFFFFFFFFFFFFFFF AND DUP2 MSTORE PUSH1 0x20 ADD SWAP1 DUP2 MSTORE PUSH1 0x20 ADD PUSH1 0x0 KECCAK256 PUSH1 0x0 DUP3 DUP3 SLOAD SUB SWAP3 POP POP DUP2 SWAP1 SSTORE POP PUSH2 0x7E8 DUP5 DUP5 DUP5 PUSH2 0xD91 JUMP JUMPDEST PUSH1 0x1 SWAP1 POP SWAP4 SWAP3 POP POP POP JUMP JUMPDEST PUSH1 0x2 PUSH1 0x0 SWAP1 SLOAD SWAP1 PUSH2 0x100 EXP SWAP1 DIV PUSH1 0xFF AND DUP2 JUMP JUMPDEST PUSH1 0x0 DUP2 PUSH1 0x4 PUSH1 0x0 CALLER PUSH20 0xFFFFFFFFFFFFFFFFFFFFFFFFFFFFFFFFFFFFFFFF AND PUSH20 0xFFFFFFFFFFFFFFFFFFFFFFFFFFFFFFFFFFFFFFFF AND DUP2 MSTORE PUSH1 0x20 ADD SWAP1 DUP2 MSTORE PUSH1 0x20 ADD PUSH1 0x0 KECCAK256 SLOAD LT ISZERO ISZERO ISZERO PUSH2 0x856 JUMPI PUSH1 0x0 DUP1 REVERT JUMPDEST DUP2 PUSH1 0x4 PUSH1 0x0 CALLER PUSH20 0xFFFFFFFFFFFFFFFFFFFFFFFFFFFFFFFFFFFFFFFF AND PUSH20 0xFFFFFFFFFFFFFFFFFFFFFFFFFFFFFFFFFFFFFFFF AND DUP2 MSTORE PUSH1 0x20 ADD SWAP1 DUP2 MSTORE PUSH1 0x20 ADD PUSH1 0x0 KECCAK256 PUSH1 0x0 DUP3 DUP3 SLOAD SUB SWAP3 POP POP DUP2 SWAP1 SSTORE POP DUP2 PUSH1 0x3 PUSH1 0x0 DUP3 DUP3 SLOAD SUB SWAP3 POP POP DUP2 SWAP1 SSTORE POP CALLER PUSH20 0xFFFFFFFFFFFFFFFFFFFFFFFFFFFFFFFFFFFFFFFF AND PUSH32 0xCC16F5DBB4873280815C1EE09DBD06736CFFCC184412CF7A71A0FDB75D397CA5 DUP4 PUSH1 0x40 MLOAD DUP1 DUP3 DUP2 MSTORE PUSH1 0x20 ADD SWAP2 POP POP PUSH1 0x40 MLOAD DUP1 SWAP2 SUB SWAP1 LOG2 PUSH1 0x1 SWAP1 POP SWAP2 SWAP1 POP JUMP JUMPDEST PUSH1 0x4 PUSH1 0x20 MSTORE DUP1 PUSH1 0x0 MSTORE PUSH1 0x40 PUSH1 0x0 KECCAK256 PUSH1 0x0 SWAP2 POP SWAP1 POP SLOAD DUP2 JUMP JUMPDEST PUSH1 0x0 DUP2 PUSH1 0x4 PUSH1 0x0 DUP6 PUSH20 0xFFFFFFFFFFFFFFFFFFFFFFFFFFFFFFFFFFFFFFFF AND PUSH20 0xFFFFFFFFFFFFFFFFFFFFFFFFFFFFFFFFFFFFFFFF AND DUP2 MSTORE PUSH1 0x20 ADD SWAP1 DUP2 MSTORE PUSH1 0x20 ADD PUSH1 0x0 KECCAK256 SLOAD LT ISZERO ISZERO ISZERO PUSH2 0x972 JUMPI PUSH1 0x0 DUP1 REVERT JUMPDEST PUSH1 0x5 PUSH1 0x0 DUP5 PUSH20 0xFFFFFFFFFFFFFFFFFFFFFFFFFFFFFFFFFFFFFFFF AND PUSH20 0xFFFFFFFFFFFFFFFFFFFFFFFFFFFFFFFFFFFFFFFF AND DUP2 MSTORE PUSH1 0x20 ADD SWAP1 DUP2 MSTORE PUSH1 0x20 ADD PUSH1 0x0 KECCAK256 PUSH1 0x0 CALLER PUSH20 0xFFFFFFFFFFFFFFFFFFFFFFFFFFFFFFFFFFFFFFFF AND PUSH20 0xFFFFFFFFFFFFFFFFFFFFFFFFFFFFFFFFFFFFFFFF AND DUP2 MSTORE PUSH1 0x20 ADD SWAP1 DUP2 MSTORE PUSH1 0x20 ADD PUSH1 0x0 KECCAK256 SLOAD DUP3 GT ISZERO ISZERO ISZERO PUSH2 0x9FD JUMPI PUSH1 0x0 DUP1 REVERT JUMPDEST DUP2 PUSH1 0x4 PUSH1 0x0 DUP6 PUSH20 0xFFFFFFFFFFFFFFFFFFFFFFFFFFFFFFFFFFFFFFFF AND PUSH20 0xFFFFFFFFFFFFFFFFFFFFFFFFFFFFFFFFFFFFFFFF AND DUP2 MSTORE PUSH1 0x20 ADD SWAP1 DUP2 MSTORE PUSH1 0x20 ADD PUSH1 0x0 KECCAK256 PUSH1 0x0 DUP3 DUP3 SLOAD SUB SWAP3 POP POP DUP2 SWAP1 SSTORE POP DUP2 PUSH1 0x5 PUSH1 0x0 DUP6 PUSH20 0xFFFFFFFFFFFFFFFFFFFFFFFFFFFFFFFFFFFFFFFF AND PUSH20 0xFFFFFFFFFFFFFFFFFFFFFFFFFFFFFFFFFFFFFFFF AND DUP2 MSTORE PUSH1 0x20 ADD SWAP1 DUP2 MSTORE PUSH1 0x20 ADD PUSH1 0x0 KECCAK256 PUSH1 0x0 CALLER PUSH20 0xFFFFFFFFFFFFFFFFFFFFFFFFFFFFFFFFFFFFFFFF AND PUSH20 0xFFFFFFFFFFFFFFFFFFFFFFFFFFFFFFFFFFFFFFFF AND DUP2 MSTORE PUSH1 0x20 ADD SWAP1 DUP2 MSTORE PUSH1 0x20 ADD PUSH1 0x0 KECCAK256 PUSH1 0x0 DUP3 DUP3 SLOAD SUB SWAP3 POP POP DUP2 SWAP1 SSTORE POP DUP2 PUSH1 0x3 PUSH1 0x0 DUP3 DUP3 SLOAD SUB SWAP3 POP POP DUP2 SWAP1 SSTORE POP DUP3 PUSH20 0xFFFFFFFFFFFFFFFFFFFFFFFFFFFFFFFFFFFFFFFF AND PUSH32 0xCC16F5DBB4873280815C1EE09DBD06736CFFCC184412CF7A71A0FDB75D397CA5 DUP4 PUSH1 0x40 MLOAD DUP1 DUP3 DUP2 MSTORE PUSH1 0x20 ADD SWAP2 POP POP PUSH1 0x40 MLOAD DUP1 SWAP2 SUB SWAP1 LOG2 PUSH1 0x1 SWAP1 POP SWAP3 SWAP2 POP POP JUMP JUMPDEST PUSH1 0x1 DUP1 SLOAD PUSH1 0x1 DUP2 PUSH1 0x1 AND ISZERO PUSH2 0x100 MUL SUB AND PUSH1 0x2 SWAP1 DIV DUP1 PUSH1 0x1F ADD PUSH1 0x20 DUP1 SWAP2 DIV MUL PUSH1 0x20 ADD PUSH1 0x40 MLOAD SWAP1 DUP2 ADD PUSH1 0x40 MSTORE DUP1 SWAP3 SWAP2 SWAP1 DUP2 DUP2 MSTORE PUSH1 0x20 ADD DUP3 DUP1 SLOAD PUSH1 0x1 DUP2 PUSH1 0x1 AND ISZERO PUSH2 0x100 MUL SUB AND PUSH1 0x2 SWAP1 DIV DUP1 ISZERO PUSH2 0xBD2 JUMPI DUP1 PUSH1 0x1F LT PUSH2 0xBA7 JUMPI PUSH2 0x100 DUP1 DUP4 SLOAD DIV MUL DUP4 MSTORE SWAP2 PUSH1 0x20 ADD SWAP2 PUSH2 0xBD2 JUMP JUMPDEST DUP3 ADD SWAP2 SWAP1 PUSH1 0x0 MSTORE PUSH1 0x20 PUSH1 0x0 KECCAK256 SWAP1 JUMPDEST DUP2 SLOAD DUP2 MSTORE SWAP1 PUSH1 0x1 ADD SWAP1 PUSH1 0x20 ADD DUP1 DUP4 GT PUSH2 0xBB5 JUMPI DUP3 SWAP1 SUB PUSH1 0x1F AND DUP3 ADD SWAP2 JUMPDEST POP POP POP POP POP DUP2 JUMP JUMPDEST PUSH2 0xBE5 CALLER DUP4 DUP4 PUSH2 0xD91 JUMP JUMPDEST POP POP JUMP JUMPDEST PUSH1 0x0 DUP1 DUP5 SWAP1 POP PUSH2 0xBF9 DUP6 DUP6 PUSH2 0x633 JUMP JUMPDEST ISZERO PUSH2 0xD63 JUMPI DUP1 PUSH20 0xFFFFFFFFFFFFFFFFFFFFFFFFFFFFFFFFFFFFFFFF AND PUSH4 0x8F4FFCB1 CALLER DUP7 ADDRESS DUP8 PUSH1 0x40 MLOAD DUP6 PUSH4 0xFFFFFFFF AND PUSH29 0x100000000000000000000000000000000000000000000000000000000 MUL DUP2 MSTORE PUSH1 0x4 ADD DUP1 DUP6 PUSH20 0xFFFFFFFFFFFFFFFFFFFFFFFFFFFFFFFFFFFFFFFF AND PUSH20 0xFFFFFFFFFFFFFFFFFFFFFFFFFFFFFFFFFFFFFFFF AND DUP2 MSTORE PUSH1 0x20 ADD DUP5 DUP2 MSTORE PUSH1 0x20 ADD DUP4 PUSH20 0xFFFFFFFFFFFFFFFFFFFFFFFFFFFFFFFFFFFFFFFF AND PUSH20 0xFFFFFFFFFFFFFFFFFFFFFFFFFFFFFFFFFFFFFFFF AND DUP2 MSTORE PUSH1 0x20 ADD DUP1 PUSH1 0x20 ADD DUP3 DUP2 SUB DUP3 MSTORE DUP4 DUP2 DUP2 MLOAD DUP2 MSTORE PUSH1 0x20 ADD SWAP2 POP DUP1 MLOAD SWAP1 PUSH1 0x20 ADD SWAP1 DUP1 DUP4 DUP4 PUSH1 0x0 JUMPDEST DUP4 DUP2 LT ISZERO PUSH2 0xCF3 JUMPI DUP1 DUP3 ADD MLOAD DUP2 DUP5 ADD MSTORE PUSH1 0x20 DUP2 ADD SWAP1 POP PUSH2 0xCD8 JUMP JUMPDEST POP POP POP POP SWAP1 POP SWAP1 DUP2 ADD SWAP1 PUSH1 0x1F AND DUP1 ISZERO PUSH2 0xD20 JUMPI DUP1 DUP3 SUB DUP1 MLOAD PUSH1 0x1 DUP4 PUSH1 0x20 SUB PUSH2 0x100 EXP SUB NOT AND DUP2 MSTORE PUSH1 0x20 ADD SWAP2 POP JUMPDEST POP SWAP6 POP POP POP POP POP POP PUSH1 0x0 PUSH1 0x40 MLOAD DUP1 DUP4 SUB DUP2 PUSH1 0x0 DUP8 DUP1 EXTCODESIZE ISZERO DUP1 ISZERO PUSH2 0xD42 JUMPI PUSH1 0x0 DUP1 REVERT JUMPDEST POP GAS CALL ISZERO DUP1 ISZERO PUSH2 0xD56 JUMPI RETURNDATASIZE PUSH1 0x0 DUP1 RETURNDATACOPY RETURNDATASIZE PUSH1 0x0 REVERT JUMPDEST POP POP POP POP PUSH1 0x1 SWAP2 POP PUSH2 0xD64 JUMP JUMPDEST JUMPDEST POP SWAP4 SWAP3 POP POP POP JUMP JUMPDEST PUSH1 0x5 PUSH1 0x20 MSTORE DUP2 PUSH1 0x0 MSTORE PUSH1 0x40 PUSH1 0x0 KECCAK256 PUSH1 0x20 MSTORE DUP1 PUSH1 0x0 MSTORE PUSH1 0x40 PUSH1 0x0 KECCAK256 PUSH1 0x0 SWAP2 POP SWAP2 POP POP SLOAD DUP2 JUMP JUMPDEST PUSH1 0x0 DUP1 DUP4 PUSH20 0xFFFFFFFFFFFFFFFFFFFFFFFFFFFFFFFFFFFFFFFF AND EQ ISZERO ISZERO ISZERO PUSH2 0xDB8 JUMPI PUSH1 0x0 DUP1 REVERT JUMPDEST DUP2 PUSH1 0x4 PUSH1 0x0 DUP7 PUSH20 0xFFFFFFFFFFFFFFFFFFFFFFFFFFFFFFFFFFFFFFFF AND PUSH20 0xFFFFFFFFFFFFFFFFFFFFFFFFFFFFFFFFFFFFFFFF AND DUP2 MSTORE PUSH1 0x20 ADD SWAP1 DUP2 MSTORE PUSH1 0x20 ADD PUSH1 0x0 KECCAK256 SLOAD LT ISZERO ISZERO ISZERO PUSH2 0xE06 JUMPI PUSH1 0x0 DUP1 REVERT JUMPDEST PUSH1 0x4 PUSH1 0x0 DUP5 PUSH20 0xFFFFFFFFFFFFFFFFFFFFFFFFFFFFFFFFFFFFFFFF AND PUSH20 0xFFFFFFFFFFFFFFFFFFFFFFFFFFFFFFFFFFFFFFFF AND DUP2 MSTORE PUSH1 0x20 ADD SWAP1 DUP2 MSTORE PUSH1 0x20 ADD PUSH1 0x0 KECCAK256 SLOAD DUP3 PUSH1 0x4 PUSH1 0x0 DUP7 PUSH20 0xFFFFFFFFFFFFFFFFFFFFFFFFFFFFFFFFFFFFFFFF AND PUSH20 0xFFFFFFFFFFFFFFFFFFFFFFFFFFFFFFFFFFFFFFFF AND DUP2 MSTORE PUSH1 0x20 ADD SWAP1 DUP2 MSTORE PUSH1 0x20 ADD PUSH1 0x0 KECCAK256 SLOAD ADD GT ISZERO ISZERO PUSH2 0xE94 JUMPI PUSH1 0x0 DUP1 REVERT JUMPDEST PUSH1 0x4 PUSH1 0x0 DUP5 PUSH20 0xFFFFFFFFFFFFFFFFFFFFFFFFFFFFFFFFFFFFFFFF AND PUSH20 0xFFFFFFFFFFFFFFFFFFFFFFFFFFFFFFFFFFFFFFFF AND DUP2 MSTORE PUSH1 0x20 ADD SWAP1 DUP2 MSTORE PUSH1 0x20 ADD PUSH1 0x0 KECCAK256 SLOAD PUSH1 0x4 PUSH1 0x0 DUP7 PUSH20 0xFFFFFFFFFFFFFFFFFFFFFFFFFFFFFFFFFFFFFFFF AND PUSH20 0xFFFFFFFFFFFFFFFFFFFFFFFFFFFFFFFFFFFFFFFF AND DUP2 MSTORE PUSH1 0x20 ADD SWAP1 DUP2 MSTORE PUSH1 0x20 ADD PUSH1 0x0 KECCAK256 SLOAD ADD SWAP1 POP DUP2 PUSH1 0x4 PUSH1 0x0 DUP7 PUSH20 0xFFFFFFFFFFFFFFFFFFFFFFFFFFFFFFFFFFFFFFFF AND PUSH20 0xFFFFFFFFFFFFFFFFFFFFFFFFFFFFFFFFFFFFFFFF AND DUP2 MSTORE PUSH1 0x20 ADD SWAP1 DUP2 MSTORE PUSH1 0x20 ADD PUSH1 0x0 KECCAK256 PUSH1 0x0 DUP3 DUP3 SLOAD SUB SWAP3 POP POP DUP2 SWAP1 SSTORE POP DUP2 PUSH1 0x4 PUSH1 0x0 DUP6 PUSH20 0xFFFFFFFFFFFFFFFFFFFFFFFFFFFFFFFFFFFFFFFF AND PUSH20 0xFFFFFFFFFFFFFFFFFFFFFFFFFFFFFFFFFFFFFFFF AND DUP2 MSTORE PUSH1 0x20 ADD SWAP1 DUP2 MSTORE PUSH1 0x20 ADD PUSH1 0x0 KECCAK256 PUSH1 0x0 DUP3 DUP3 SLOAD ADD SWAP3 POP POP DUP2 SWAP1 SSTORE POP DUP3 PUSH20 0xFFFFFFFFFFFFFFFFFFFFFFFFFFFFFFFFFFFFFFFF AND DUP5 PUSH20 0xFFFFFFFFFFFFFFFFFFFFFFFFFFFFFFFFFFFFFFFF AND PUSH32 0xDDF252AD1BE2C89B69C2B068FC378DAA952BA7F163C4A11628F55A4DF523B3EF DUP5 PUSH1 0x40 MLOAD DUP1 DUP3 DUP2 MSTORE PUSH1 0x20 ADD SWAP2 POP POP PUSH1 0x40 MLOAD DUP1 SWAP2 SUB SWAP1 LOG3 DUP1 PUSH1 0x4 PUSH1 0x0 DUP6 PUSH20 0xFFFFFFFFFFFFFFFFFFFFFFFFFFFFFFFFFFFFFFFF AND PUSH20 0xFFFFFFFFFFFFFFFFFFFFFFFFFFFFFFFFFFFFFFFF AND DUP2 MSTORE PUSH1 0x20 ADD SWAP1 DUP2 MSTORE PUSH1 0x20 ADD PUSH1 0x0 KECCAK256 SLOAD PUSH1 0x4 PUSH1 0x0 DUP8 PUSH20 0xFFFFFFFFFFFFFFFFFFFFFFFFFFFFFFFFFFFFFFFF AND PUSH20 0xFFFFFFFFFFFFFFFFFFFFFFFFFFFFFFFFFFFFFFFF AND DUP2 MSTORE PUSH1 0x20 ADD SWAP1 DUP2 MSTORE PUSH1 0x20 ADD PUSH1 0x0 KECCAK256 SLOAD ADD EQ ISZERO ISZERO PUSH2 0x10A1 JUMPI INVALID JUMPDEST POP POP POP POP JUMP STOP LOG1 PUSH6 0x627A7A723058 KECCAK256 0xf7 0xb6 0x1e BALANCE CALLER PUSH28 0xBE46FFB0A9DBF993E8479900AD999BBE4222F295DA7F62A684B70029
0,PUSH1 0x80 PUSH1 0x40 MSTORE CALLVALUE DUP1 ISZERO PUSH2 0x10 JUMPI PUSH1 0x0 DUP1 REVERT JUMPDEST POP PUSH2 0x59F DUP1 PUSH2 0x20 PUSH1 0x0 CODECOPY PUSH1 0x0 RETURN STOP PUSH1 0x80 PUSH1 0x40 MSTORE PUSH1 0x4 CALLDATASIZE LT PUSH2 0x62 JUMPI PUSH1 0x0 CALLDATALOAD PUSH29 0x100000000000000000000000000000000000000000000000000000000 SWAP1 DIV PUSH4 0xFFFFFFFF AND DUP1 PUSH4 0x27E235E3 EQ PUSH2 0x67 JUMPI DUP1 PUSH4 0x2E1A7D4D EQ PUSH2 0xBE JUMPI DUP1 PUSH4 0xB69EF8A8 EQ PUSH2 0xFF JUMPI DUP1 PUSH4 0xD0E30DB0 EQ PUSH2 0x12A JUMPI JUMPDEST PUSH1 0x0 DUP1 REVERT JUMPDEST CALLVALUE DUP1 ISZERO PUSH2 0x73 JUMPI PUSH1 0x0 DUP1 REVERT JUMPDEST POP PUSH2 0xA8 PUSH1 0x4 DUP1 CALLDATASIZE SUB DUP2 ADD SWAP1 DUP1 DUP1 CALLDATALOAD PUSH20 0xFFFFFFFFFFFFFFFFFFFFFFFFFFFFFFFFFFFFFFFF AND SWAP1 PUSH1 0x20 ADD SWAP1 SWAP3 SWAP2 SWAP1 POP POP POP PUSH2 0x148 JUMP JUMPDEST PUSH1 0x40 MLOAD DUP1 DUP3 DUP2 MSTORE PUSH1 0x20 ADD SWAP2 POP POP PUSH1 0x40 MLOAD DUP1 SWAP2 SUB SWAP1 RETURN JUMPDEST CALLVALUE DUP1 ISZERO PUSH2 0xCA JUMPI PUSH1 0x0 DUP1 REVERT JUMPDEST POP PUSH2 0xE9 PUSH1 0x4 DUP1 CALLDATASIZE SUB DUP2 ADD SWAP1 DUP1 DUP1 CALLDATALOAD SWAP1 PUSH1 0x20 ADD SWAP1 SWAP3 SWAP2 SWAP1 POP POP POP PUSH2 0x160 JUMP JUMPDEST PUSH1 0x40 MLOAD DUP1 DUP3 DUP2 MSTORE PUSH1 0x20 ADD SWAP2 POP POP PUSH1 0x40 MLOAD DUP1 SWAP2 SUB SWAP1 RETURN JUMPDEST CALLVALUE DUP1 ISZERO PUSH2 0x10B JUMPI PUSH1 0x0 DUP1 REVERT JUMPDEST POP PUSH2 0x114 PUSH2 0x2CE JUMP JUMPDEST PUSH1 0x40 MLOAD DUP1 DUP3 DUP2 MSTORE PUSH1 0x20 ADD SWAP2 POP POP PUSH1 0x40 MLOAD DUP1 SWAP2 SUB SWAP1 RETURN JUMPDEST PUSH2 0x132 PUSH2 0x314 JUMP JUMPDEST PUSH1 0x40 MLOAD DUP1 DUP3 DUP2 MSTORE PUSH1 0x20 ADD SWAP2 POP POP PUSH1 0x40 MLOAD DUP1 SWAP2 SUB SWAP1 RETURN JUMPDEST PUSH1 0x0 PUSH1 0x20 MSTORE DUP1 PUSH1 0x0 MSTORE PUSH1 0x40 PUSH1 0x0 KECCAK256 PUSH1 0x0 SWAP2 POP SWAP1 POP SLOAD DUP2 JUMP JUMPDEST PUSH1 0x0 DUP2 PUSH2 0x1AB DUP4 PUSH1 0x0 DUP1 CALLER PUSH20 0xFFFFFFFFFFFFFFFFFFFFFFFFFFFFFFFFFFFFFFFF AND PUSH20 0xFFFFFFFFFFFFFFFFFFFFFFFFFFFFFFFFFFFFFFFF AND DUP2 MSTORE PUSH1 0x20 ADD SWAP1 DUP2 MSTORE PUSH1 0x20 ADD PUSH1 0x0 KECCAK256 SLOAD PUSH2 0x44F JUMP JUMPDEST EQ ISZERO ISZERO PUSH2 0x1B7 JUMPI PUSH1 0x0 DUP1 REVERT JUMPDEST PUSH2 0x1FF PUSH1 0x0 DUP1 CALLER PUSH20 0xFFFFFFFFFFFFFFFFFFFFFFFFFFFFFFFFFFFFFFFF AND PUSH20 0xFFFFFFFFFFFFFFFFFFFFFFFFFFFFFFFFFFFFFFFF AND DUP2 MSTORE PUSH1 0x20 ADD SWAP1 DUP2 MSTORE PUSH1 0x20 ADD PUSH1 0x0 KECCAK256 SLOAD DUP4 PUSH2 0x469 JUMP JUMPDEST PUSH1 0x0 DUP1 CALLER PUSH20 0xFFFFFFFFFFFFFFFFFFFFFFFFFFFFFFFFFFFFFFFF AND PUSH20 0xFFFFFFFFFFFFFFFFFFFFFFFFFFFFFFFFFFFFFFFF AND DUP2 MSTORE PUSH1 0x20 ADD SWAP1 DUP2 MSTORE PUSH1 0x20 ADD PUSH1 0x0 KECCAK256 DUP2 SWAP1 SSTORE POP CALLER PUSH20 0xFFFFFFFFFFFFFFFFFFFFFFFFFFFFFFFFFFFFFFFF AND PUSH2 0x8FC DUP4 SWAP1 DUP2 ISZERO MUL SWAP1 PUSH1 0x40 MLOAD PUSH1 0x0 PUSH1 0x40 MLOAD DUP1 DUP4 SUB DUP2 DUP6 DUP9 DUP9 CALL SWAP4 POP POP POP POP ISZERO DUP1 ISZERO PUSH2 0x287 JUMPI RETURNDATASIZE PUSH1 0x0 DUP1 RETURNDATACOPY RETURNDATASIZE PUSH1 0x0 REVERT JUMPDEST POP PUSH1 0x0 DUP1 CALLER PUSH20 0xFFFFFFFFFFFFFFFFFFFFFFFFFFFFFFFFFFFFFFFF AND PUSH20 0xFFFFFFFFFFFFFFFFFFFFFFFFFFFFFFFFFFFFFFFF AND DUP2 MSTORE PUSH1 0x20 ADD SWAP1 DUP2 MSTORE PUSH1 0x20 ADD PUSH1 0x0 KECCAK256 SLOAD SWAP1 POP SWAP2 SWAP1 POP JUMP JUMPDEST PUSH1 0x0 DUP1 PUSH1 0x0 CALLER PUSH20 0xFFFFFFFFFFFFFFFFFFFFFFFFFFFFFFFFFFFFFFFF AND PUSH20 0xFFFFFFFFFFFFFFFFFFFFFFFFFFFFFFFFFFFFFFFF AND DUP2 MSTORE PUSH1 0x20 ADD SWAP1 DUP2 MSTORE PUSH1 0x20 ADD PUSH1 0x0 KECCAK256 SLOAD SWAP1 POP SWAP1 JUMP JUMPDEST PUSH1 0x0 PUSH2 0x35E PUSH1 0x0 DUP1 CALLER PUSH20 0xFFFFFFFFFFFFFFFFFFFFFFFFFFFFFFFFFFFFFFFF AND PUSH20 0xFFFFFFFFFFFFFFFFFFFFFFFFFFFFFFFFFFFFFFFF AND DUP2 MSTORE PUSH1 0x20 ADD SWAP1 DUP2 MSTORE PUSH1 0x20 ADD PUSH1 0x0 KECCAK256 SLOAD CALLVALUE PUSH2 0x4EE JUMP JUMPDEST PUSH1 0x0 DUP1 CALLER PUSH20 0xFFFFFFFFFFFFFFFFFFFFFFFFFFFFFFFFFFFFFFFF AND PUSH20 0xFFFFFFFFFFFFFFFFFFFFFFFFFFFFFFFFFFFFFFFF AND DUP2 MSTORE PUSH1 0x20 ADD SWAP1 DUP2 MSTORE PUSH1 0x20 ADD PUSH1 0x0 KECCAK256 DUP2 SWAP1 SSTORE POP PUSH32 0xA8126F7572BB1FDEAE5B5AA9EC126438B91F658A07873F009D041AE690F3A193 CALLER CALLVALUE PUSH1 0x40 MLOAD DUP1 DUP4 PUSH20 0xFFFFFFFFFFFFFFFFFFFFFFFFFFFFFFFFFFFFFFFF AND PUSH20 0xFFFFFFFFFFFFFFFFFFFFFFFFFFFFFFFFFFFFFFFF AND DUP2 MSTORE PUSH1 0x20 ADD DUP3 DUP2 MSTORE PUSH1 0x20 ADD SWAP3 POP POP POP PUSH1 0x40 MLOAD DUP1 SWAP2 SUB SWAP1 LOG1 PUSH1 0x0 DUP1 CALLER PUSH20 0xFFFFFFFFFFFFFFFFFFFFFFFFFFFFFFFFFFFFFFFF AND PUSH20 0xFFFFFFFFFFFFFFFFFFFFFFFFFFFFFFFFFFFFFFFF AND DUP2 MSTORE PUSH1 0x20 ADD SWAP1 DUP2 MSTORE PUSH1 0x20 ADD PUSH1 0x0 KECCAK256 SLOAD SWAP1 POP SWAP1 JUMP JUMPDEST PUSH1 0x0 DUP2 DUP4 GT ISZERO PUSH2 0x45F JUMPI DUP2 PUSH2 0x461 JUMP JUMPDEST DUP3 JUMPDEST SWAP1 POP SWAP3 SWAP2 POP POP JUMP JUMPDEST PUSH1 0x0 DUP3 DUP3 DUP5 SUB SWAP2 POP DUP2 GT ISZERO ISZERO ISZERO PUSH2 0x4E8 JUMPI PUSH1 0x40 MLOAD PUSH32 0x8C379A000000000000000000000000000000000000000000000000000000000 DUP2 MSTORE PUSH1 0x4 ADD DUP1 DUP1 PUSH1 0x20 ADD DUP3 DUP2 SUB DUP3 MSTORE PUSH1 0x15 DUP2 MSTORE PUSH1 0x20 ADD DUP1 PUSH32 0x64732D6D6174682D7375622D756E646572666C6F770000000000000000000000 DUP2 MSTORE POP PUSH1 0x20 ADD SWAP2 POP POP PUSH1 0x40 MLOAD DUP1 SWAP2 SUB SWAP1 REVERT JUMPDEST SWAP3 SWAP2 POP POP JUMP JUMPDEST PUSH1 0x0 DUP3 DUP3 DUP5 ADD SWAP2 POP DUP2 LT ISZERO ISZERO ISZERO PUSH2 0x56D JUMPI PUSH1 0x40 MLOAD PUSH32 0x8C379A000000000000000000000000000000000000000000000000000000000 DUP2 MSTORE PUSH1 0x4 ADD DUP1 DUP1 PUSH1 0x20 ADD DUP3 DUP2 SUB DUP3 MSTORE PUSH1 0x14 DUP2 MSTORE PUSH1 0x20 ADD DUP1 PUSH32 0x64732D6D6174682D6164642D6F766572666C6F77000000000000000000000000 DUP2 MSTORE POP PUSH1 0x20 ADD SWAP2 POP POP PUSH1 0x40 MLOAD DUP1 SWAP2 SUB SWAP1 REVERT JUMPDEST SWAP3 SWAP2 POP POP JUMP STOP LOG1 PUSH6 0x627A7A723058 KECCAK256 SWAP13 MOD DUP15 0x4e 0xd7 0x1e 0xd4 JUMP ADD SMOD 0xec GAS DUP8 0xb9 SWAP3 0x3f 0x2b 0x4a TIMESTAMP PUSH5 0x84D0F714C7 PUSH15 0xB2363ABE9744002900000000000000
0,PUSH1 0x80 PUSH1 0x40 MSTORE CALLVALUE DUP1 ISZERO PUSH2 0x10 JUMPI PUSH1 0x0 DUP1 REVERT JUMPDEST POP PUSH2 0x1062 DUP1 PUSH2 0x20 PUSH1 0x0 CODECOPY PUSH1 0x0 RETURN STOP PUSH1 0x80 PUSH1 0x40 MSTORE PUSH1 0x4 CALLDATASIZE LT PUSH2 0x8E JUMPI PUSH1 0x0 CALLDATALOAD PUSH29 0x100000000000000000000000000000000000000000000000000000000 SWAP1 DIV PUSH4 0xFFFFFFFF AND DUP1 PUSH4 0x95EA7B3 EQ PUSH2 0x93 JUMPI DUP1 PUSH4 0x18160DDD EQ PUSH2 0xF8 JUMPI DUP1 PUSH4 0x23B872DD EQ PUSH2 0x123 JUMPI DUP1 PUSH4 0x39509351 EQ PUSH2 0x1A8 JUMPI DUP1 PUSH4 0x70A08231 EQ PUSH2 0x20D JUMPI DUP1 PUSH4 0xA457C2D7 EQ PUSH2 0x264 JUMPI DUP1 PUSH4 0xA9059CBB EQ PUSH2 0x2C9 JUMPI DUP1 PUSH4 0xDD62ED3E EQ PUSH2 0x32E JUMPI JUMPDEST PUSH1 0x0 DUP1 REVERT JUMPDEST CALLVALUE DUP1 ISZERO PUSH2 0x9F JUMPI PUSH1 0x0 DUP1 REVERT JUMPDEST POP PUSH2 0xDE PUSH1 0x4 DUP1 CALLDATASIZE SUB DUP2 ADD SWAP1 DUP1 DUP1 CALLDATALOAD PUSH20 0xFFFFFFFFFFFFFFFFFFFFFFFFFFFFFFFFFFFFFFFF AND SWAP1 PUSH1 0x20 ADD SWAP1 SWAP3 SWAP2 SWAP1 DUP1 CALLDATALOAD SWAP1 PUSH1 0x20 ADD SWAP1 SWAP3 SWAP2 SWAP1 POP POP POP PUSH2 0x3A5 JUMP JUMPDEST PUSH1 0x40 MLOAD DUP1 DUP3 ISZERO ISZERO ISZERO ISZERO DUP2 MSTORE PUSH1 0x20 ADD SWAP2 POP POP PUSH1 0x40 MLOAD DUP1 SWAP2 SUB SWAP1 RETURN JUMPDEST CALLVALUE DUP1 ISZERO PUSH2 0x104 JUMPI PUSH1 0x0 DUP1 REVERT JUMPDEST POP PUSH2 0x10D PUSH2 0x4D2 JUMP JUMPDEST PUSH1 0x40 MLOAD DUP1 DUP3 DUP2 MSTORE PUSH1 0x20 ADD SWAP2 POP POP PUSH1 0x40 MLOAD DUP1 SWAP2 SUB SWAP1 RETURN JUMPDEST CALLVALUE DUP1 ISZERO PUSH2 0x12F JUMPI PUSH1 0x0 DUP1 REVERT JUMPDEST POP PUSH2 0x18E PUSH1 0x4 DUP1 CALLDATASIZE SUB DUP2 ADD SWAP1 DUP1 DUP1 CALLDATALOAD PUSH20 0xFFFFFFFFFFFFFFFFFFFFFFFFFFFFFFFFFFFFFFFF AND SWAP1 PUSH1 0x20 ADD SWAP1 SWAP3 SWAP2 SWAP1 DUP1 CALLDATALOAD PUSH20 0xFFFFFFFFFFFFFFFFFFFFFFFFFFFFFFFFFFFFFFFF AND SWAP1 PUSH1 0x20 ADD SWAP1 SWAP3 SWAP2 SWAP1 DUP1 CALLDATALOAD SWAP1 PUSH1 0x20 ADD SWAP1 SWAP3 SWAP2 SWAP1 POP POP POP PUSH2 0x4DC JUMP JUMPDEST PUSH1 0x40 MLOAD DUP1 DUP3 ISZERO ISZERO ISZERO ISZERO DUP2 MSTORE PUSH1 0x20 ADD SWAP2 POP POP PUSH1 0x40 MLOAD DUP1 SWAP2 SUB SWAP1 RETURN JUMPDEST CALLVALUE DUP1 ISZERO PUSH2 0x1B4 JUMPI PUSH1 0x0 DUP1 REVERT JUMPDEST POP PUSH2 0x1F3 PUSH1 0x4 DUP1 CALLDATASIZE SUB DUP2 ADD SWAP1 DUP1 DUP1 CALLDATALOAD PUSH20 0xFFFFFFFFFFFFFFFFFFFFFFFFFFFFFFFFFFFFFFFF AND SWAP1 PUSH1 0x20 ADD SWAP1 SWAP3 SWAP2 SWAP1 DUP1 CALLDATALOAD SWAP1 PUSH1 0x20 ADD SWAP1 SWAP3 SWAP2 SWAP1 POP POP POP PUSH2 0x897 JUMP JUMPDEST PUSH1 0x40 MLOAD DUP1 DUP3 ISZERO ISZERO ISZERO ISZERO DUP2 MSTORE PUSH1 0x20 ADD SWAP2 POP POP PUSH1 0x40 MLOAD DUP1 SWAP2 SUB SWAP1 RETURN JUMPDEST CALLVALUE DUP1 ISZERO PUSH2 0x219 JUMPI PUSH1 0x0 DUP1 REVERT JUMPDEST POP PUSH2 0x24E PUSH1 0x4 DUP1 CALLDATASIZE SUB DUP2 ADD SWAP1 DUP1 DUP1 CALLDATALOAD PUSH20 0xFFFFFFFFFFFFFFFFFFFFFFFFFFFFFFFFFFFFFFFF AND SWAP1 PUSH1 0x20 ADD SWAP1 SWAP3 SWAP2 SWAP1 POP POP POP PUSH2 0xACE JUMP JUMPDEST PUSH1 0x40 MLOAD DUP1 DUP3 DUP2 MSTORE PUSH1 0x20 ADD SWAP2 POP POP PUSH1 0x40 MLOAD DUP1 SWAP2 SUB SWAP1 RETURN JUMPDEST CALLVALUE DUP1 ISZERO PUSH2 0x270 JUMPI PUSH1 0x0 DUP1 REVERT JUMPDEST POP PUSH2 0x2AF PUSH1 0x4 DUP1 CALLDATASIZE SUB DUP2 ADD SWAP1 DUP1 DUP1 CALLDATALOAD PUSH20 0xFFFFFFFFFFFFFFFFFFFFFFFFFFFFFFFFFFFFFFFF AND SWAP1 PUSH1 0x20 ADD SWAP1 SWAP3 SWAP2 SWAP1 DUP1 CALLDATALOAD SWAP1 PUSH1 0x20 ADD SWAP1 SWAP3 SWAP2 SWAP1 POP POP POP PUSH2 0xB16 JUMP JUMPDEST PUSH1 0x40 MLOAD DUP1 DUP3 ISZERO ISZERO ISZERO ISZERO DUP2 MSTORE PUSH1 0x20 ADD SWAP2 POP POP PUSH1 0x40 MLOAD DUP1 SWAP2 SUB SWAP1 RETURN JUMPDEST CALLVALUE DUP1 ISZERO PUSH2 0x2D5 JUMPI PUSH1 0x0 DUP1 REVERT JUMPDEST POP PUSH2 0x314 PUSH1 0x4 DUP1 CALLDATASIZE SUB DUP2 ADD SWAP1 DUP1 DUP1 CALLDATALOAD PUSH20 0xFFFFFFFFFFFFFFFFFFFFFFFFFFFFFFFFFFFFFFFF AND SWAP1 PUSH1 0x20 ADD SWAP1 SWAP3 SWAP2 SWAP1 DUP1 CALLDATALOAD SWAP1 PUSH1 0x20 ADD SWAP1 SWAP3 SWAP2 SWAP1 POP POP POP PUSH2 0xD4D JUMP JUMPDEST PUSH1 0x40 MLOAD DUP1 DUP3 ISZERO ISZERO ISZERO ISZERO DUP2 MSTORE PUSH1 0x20 ADD SWAP2 POP POP PUSH1 0x40 MLOAD DUP1 SWAP2 SUB SWAP1 RETURN JUMPDEST CALLVALUE DUP1 ISZERO PUSH2 0x33A JUMPI PUSH1 0x0 DUP1 REVERT JUMPDEST POP PUSH2 0x38F PUSH1 0x4 DUP1 CALLDATASIZE SUB DUP2 ADD SWAP1 DUP1 DUP1 CALLDATALOAD PUSH20 0xFFFFFFFFFFFFFFFFFFFFFFFFFFFFFFFFFFFFFFFF AND SWAP1 PUSH1 0x20 ADD SWAP1 SWAP3 SWAP2 SWAP1 DUP1 CALLDATALOAD PUSH20 0xFFFFFFFFFFFFFFFFFFFFFFFFFFFFFFFFFFFFFFFF AND SWAP1 PUSH1 0x20 ADD SWAP1 SWAP3 SWAP2 SWAP1 POP POP POP PUSH2 0xF6D JUMP JUMPDEST PUSH1 0x40 MLOAD DUP1 DUP3 DUP2 MSTORE PUSH1 0x20 ADD SWAP2 POP POP PUSH1 0x40 MLOAD DUP1 SWAP2 SUB SWAP1 RETURN JUMPDEST PUSH1 0x0 DUP1 PUSH20 0xFFFFFFFFFFFFFFFFFFFFFFFFFFFFFFFFFFFFFFFF AND DUP4 PUSH20 0xFFFFFFFFFFFFFFFFFFFFFFFFFFFFFFFFFFFFFFFF AND EQ ISZERO ISZERO ISZERO PUSH2 0x3E2 JUMPI PUSH1 0x0 DUP1 REVERT JUMPDEST DUP2 PUSH1 0x1 PUSH1 0x0 CALLER PUSH20 0xFFFFFFFFFFFFFFFFFFFFFFFFFFFFFFFFFFFFFFFF AND PUSH20 0xFFFFFFFFFFFFFFFFFFFFFFFFFFFFFFFFFFFFFFFF AND DUP2 MSTORE PUSH1 0x20 ADD SWAP1 DUP2 MSTORE PUSH1 0x20 ADD PUSH1 0x0 KECCAK256 PUSH1 0x0 DUP6 PUSH20 0xFFFFFFFFFFFFFFFFFFFFFFFFFFFFFFFFFFFFFFFF AND PUSH20 0xFFFFFFFFFFFFFFFFFFFFFFFFFFFFFFFFFFFFFFFF AND DUP2 MSTORE PUSH1 0x20 ADD SWAP1 DUP2 MSTORE PUSH1 0x20 ADD PUSH1 0x0 KECCAK256 DUP2 SWAP1 SSTORE POP DUP3 PUSH20 0xFFFFFFFFFFFFFFFFFFFFFFFFFFFFFFFFFFFFFFFF AND CALLER PUSH20 0xFFFFFFFFFFFFFFFFFFFFFFFFFFFFFFFFFFFFFFFF AND PUSH32 0x8C5BE1E5EBEC7D5BD14F71427D1E84F3DD0314C0F7B2291E5B200AC8C7C3B925 DUP5 PUSH1 0x40 MLOAD DUP1 DUP3 DUP2 MSTORE PUSH1 0x20 ADD SWAP2 POP POP PUSH1 0x40 MLOAD DUP1 SWAP2 SUB SWAP1 LOG3 PUSH1 0x1 SWAP1 POP SWAP3 SWAP2 POP POP JUMP JUMPDEST PUSH1 0x0 PUSH1 0x2 SLOAD SWAP1 POP SWAP1 JUMP JUMPDEST PUSH1 0x0 DUP1 PUSH1 0x0 DUP6 PUSH20 0xFFFFFFFFFFFFFFFFFFFFFFFFFFFFFFFFFFFFFFFF AND PUSH20 0xFFFFFFFFFFFFFFFFFFFFFFFFFFFFFFFFFFFFFFFF AND DUP2 MSTORE PUSH1 0x20 ADD SWAP1 DUP2 MSTORE PUSH1 0x20 ADD PUSH1 0x0 KECCAK256 SLOAD DUP3 GT ISZERO ISZERO ISZERO PUSH2 0x52B JUMPI PUSH1 0x0 DUP1 REVERT JUMPDEST PUSH1 0x1 PUSH1 0x0 DUP6 PUSH20 0xFFFFFFFFFFFFFFFFFFFFFFFFFFFFFFFFFFFFFFFF AND PUSH20 0xFFFFFFFFFFFFFFFFFFFFFFFFFFFFFFFFFFFFFFFF AND DUP2 MSTORE PUSH1 0x20 ADD SWAP1 DUP2 MSTORE PUSH1 0x20 ADD PUSH1 0x0 KECCAK256 PUSH1 0x0 CALLER PUSH20 0xFFFFFFFFFFFFFFFFFFFFFFFFFFFFFFFFFFFFFFFF AND PUSH20 0xFFFFFFFFFFFFFFFFFFFFFFFFFFFFFFFFFFFFFFFF AND DUP2 MSTORE PUSH1 0x20 ADD SWAP1 DUP2 MSTORE PUSH1 0x20 ADD PUSH1 0x0 KECCAK256 SLOAD DUP3 GT ISZERO ISZERO ISZERO PUSH2 0x5B6 JUMPI PUSH1 0x0 DUP1 REVERT JUMPDEST PUSH1 0x0 PUSH20 0xFFFFFFFFFFFFFFFFFFFFFFFFFFFFFFFFFFFFFFFF AND DUP4 PUSH20 0xFFFFFFFFFFFFFFFFFFFFFFFFFFFFFFFFFFFFFFFF AND EQ ISZERO ISZERO ISZERO PUSH2 0x5F2 JUMPI PUSH1 0x0 DUP1 REVERT JUMPDEST PUSH2 0x643 DUP3 PUSH1 0x0 DUP1 DUP8 PUSH20 0xFFFFFFFFFFFFFFFFFFFFFFFFFFFFFFFFFFFFFFFF AND PUSH20 0xFFFFFFFFFFFFFFFFFFFFFFFFFFFFFFFFFFFFFFFF AND DUP2 MSTORE PUSH1 0x20 ADD SWAP1 DUP2 MSTORE PUSH1 0x20 ADD PUSH1 0x0 KECCAK256 SLOAD PUSH2 0xFF4 SWAP1 SWAP2 SWAP1 PUSH4 0xFFFFFFFF AND JUMP JUMPDEST PUSH1 0x0 DUP1 DUP7 PUSH20 0xFFFFFFFFFFFFFFFFFFFFFFFFFFFFFFFFFFFFFFFF AND PUSH20 0xFFFFFFFFFFFFFFFFFFFFFFFFFFFFFFFFFFFFFFFF AND DUP2 MSTORE PUSH1 0x20 ADD SWAP1 DUP2 MSTORE PUSH1 0x20 ADD PUSH1 0x0 KECCAK256 DUP2 SWAP1 SSTORE POP PUSH2 0x6D6 DUP3 PUSH1 0x0 DUP1 DUP7 PUSH20 0xFFFFFFFFFFFFFFFFFFFFFFFFFFFFFFFFFFFFFFFF AND PUSH20 0xFFFFFFFFFFFFFFFFFFFFFFFFFFFFFFFFFFFFFFFF AND DUP2 MSTORE PUSH1 0x20 ADD SWAP1 DUP2 MSTORE PUSH1 0x20 ADD PUSH1 0x0 KECCAK256 SLOAD PUSH2 0x1015 SWAP1 SWAP2 SWAP1 PUSH4 0xFFFFFFFF AND JUMP JUMPDEST PUSH1 0x0 DUP1 DUP6 PUSH20 0xFFFFFFFFFFFFFFFFFFFFFFFFFFFFFFFFFFFFFFFF AND PUSH20 0xFFFFFFFFFFFFFFFFFFFFFFFFFFFFFFFFFFFFFFFF AND DUP2 MSTORE PUSH1 0x20 ADD SWAP1 DUP2 MSTORE PUSH1 0x20 ADD PUSH1 0x0 KECCAK256 DUP2 SWAP1 SSTORE POP PUSH2 0x7A7 DUP3 PUSH1 0x1 PUSH1 0x0 DUP8 PUSH20 0xFFFFFFFFFFFFFFFFFFFFFFFFFFFFFFFFFFFFFFFF AND PUSH20 0xFFFFFFFFFFFFFFFFFFFFFFFFFFFFFFFFFFFFFFFF AND DUP2 MSTORE PUSH1 0x20 ADD SWAP1 DUP2 MSTORE PUSH1 0x20 ADD PUSH1 0x0 KECCAK256 PUSH1 0x0 CALLER PUSH20 0xFFFFFFFFFFFFFFFFFFFFFFFFFFFFFFFFFFFFFFFF AND PUSH20 0xFFFFFFFFFFFFFFFFFFFFFFFFFFFFFFFFFFFFFFFF AND DUP2 MSTORE PUSH1 0x20 ADD SWAP1 DUP2 MSTORE PUSH1 0x20 ADD PUSH1 0x0 KECCAK256 SLOAD PUSH2 0xFF4 SWAP1 SWAP2 SWAP1 PUSH4 0xFFFFFFFF AND JUMP JUMPDEST PUSH1 0x1 PUSH1 0x0 DUP7 PUSH20 0xFFFFFFFFFFFFFFFFFFFFFFFFFFFFFFFFFFFFFFFF AND PUSH20 0xFFFFFFFFFFFFFFFFFFFFFFFFFFFFFFFFFFFFFFFF AND DUP2 MSTORE PUSH1 0x20 ADD SWAP1 DUP2 MSTORE PUSH1 0x20 ADD PUSH1 0x0 KECCAK256 PUSH1 0x0 CALLER PUSH20 0xFFFFFFFFFFFFFFFFFFFFFFFFFFFFFFFFFFFFFFFF AND PUSH20 0xFFFFFFFFFFFFFFFFFFFFFFFFFFFFFFFFFFFFFFFF AND DUP2 MSTORE PUSH1 0x20 ADD SWAP1 DUP2 MSTORE PUSH1 0x20 ADD PUSH1 0x0 KECCAK256 DUP2 SWAP1 SSTORE POP DUP3 PUSH20 0xFFFFFFFFFFFFFFFFFFFFFFFFFFFFFFFFFFFFFFFF AND DUP5 PUSH20 0xFFFFFFFFFFFFFFFFFFFFFFFFFFFFFFFFFFFFFFFF AND PUSH32 0xDDF252AD1BE2C89B69C2B068FC378DAA952BA7F163C4A11628F55A4DF523B3EF DUP5 PUSH1 0x40 MLOAD DUP1 DUP3 DUP2 MSTORE PUSH1 0x20 ADD SWAP2 POP POP PUSH1 0x40 MLOAD DUP1 SWAP2 SUB SWAP1 LOG3 PUSH1 0x1 SWAP1 POP SWAP4 SWAP3 POP POP POP JUMP JUMPDEST PUSH1 0x0 DUP1 PUSH20 0xFFFFFFFFFFFFFFFFFFFFFFFFFFFFFFFFFFFFFFFF AND DUP4 PUSH20 0xFFFFFFFFFFFFFFFFFFFFFFFFFFFFFFFFFFFFFFFF AND EQ ISZERO ISZERO ISZERO PUSH2 0x8D4 JUMPI PUSH1 0x0 DUP1 REVERT JUMPDEST PUSH2 0x963 DUP3 PUSH1 0x1 PUSH1 0x0 CALLER PUSH20 0xFFFFFFFFFFFFFFFFFFFFFFFFFFFFFFFFFFFFFFFF AND PUSH20 0xFFFFFFFFFFFFFFFFFFFFFFFFFFFFFFFFFFFFFFFF AND DUP2 MSTORE PUSH1 0x20 ADD SWAP1 DUP2 MSTORE PUSH1 0x20 ADD PUSH1 0x0 KECCAK256 PUSH1 0x0 DUP7 PUSH20 0xFFFFFFFFFFFFFFFFFFFFFFFFFFFFFFFFFFFFFFFF AND PUSH20 0xFFFFFFFFFFFFFFFFFFFFFFFFFFFFFFFFFFFFFFFF AND DUP2 MSTORE PUSH1 0x20 ADD SWAP1 DUP2 MSTORE PUSH1 0x20 ADD PUSH1 0x0 KECCAK256 SLOAD PUSH2 0x1015 SWAP1 SWAP2 SWAP1 PUSH4 0xFFFFFFFF AND JUMP JUMPDEST PUSH1 0x1 PUSH1 0x0 CALLER PUSH20 0xFFFFFFFFFFFFFFFFFFFFFFFFFFFFFFFFFFFFFFFF AND PUSH20 0xFFFFFFFFFFFFFFFFFFFFFFFFFFFFFFFFFFFFFFFF AND DUP2 MSTORE PUSH1 0x20 ADD SWAP1 DUP2 MSTORE PUSH1 0x20 ADD PUSH1 0x0 KECCAK256 PUSH1 0x0 DUP6 PUSH20 0xFFFFFFFFFFFFFFFFFFFFFFFFFFFFFFFFFFFFFFFF AND PUSH20 0xFFFFFFFFFFFFFFFFFFFFFFFFFFFFFFFFFFFFFFFF AND DUP2 MSTORE PUSH1 0x20 ADD SWAP1 DUP2 MSTORE PUSH1 0x20 ADD PUSH1 0x0 KECCAK256 DUP2 SWAP1 SSTORE POP DUP3 PUSH20 0xFFFFFFFFFFFFFFFFFFFFFFFFFFFFFFFFFFFFFFFF AND CALLER PUSH20 0xFFFFFFFFFFFFFFFFFFFFFFFFFFFFFFFFFFFFFFFF AND PUSH32 0x8C5BE1E5EBEC7D5BD14F71427D1E84F3DD0314C0F7B2291E5B200AC8C7C3B925 PUSH1 0x1 PUSH1 0x0 CALLER PUSH20 0xFFFFFFFFFFFFFFFFFFFFFFFFFFFFFFFFFFFFFFFF AND PUSH20 0xFFFFFFFFFFFFFFFFFFFFFFFFFFFFFFFFFFFFFFFF AND DUP2 MSTORE PUSH1 0x20 ADD SWAP1 DUP2 MSTORE PUSH1 0x20 ADD PUSH1 0x0 KECCAK256 PUSH1 0x0 DUP8 PUSH20 0xFFFFFFFFFFFFFFFFFFFFFFFFFFFFFFFFFFFFFFFF AND PUSH20 0xFFFFFFFFFFFFFFFFFFFFFFFFFFFFFFFFFFFFFFFF AND DUP2 MSTORE PUSH1 0x20 ADD SWAP1 DUP2 MSTORE PUSH1 0x20 ADD PUSH1 0x0 KECCAK256 SLOAD PUSH1 0x40 MLOAD DUP1 DUP3 DUP2 MSTORE PUSH1 0x20 ADD SWAP2 POP POP PUSH1 0x40 MLOAD DUP1 SWAP2 SUB SWAP1 LOG3 PUSH1 0x1 SWAP1 POP SWAP3 SWAP2 POP POP JUMP JUMPDEST PUSH1 0x0 DUP1 PUSH1 0x0 DUP4 PUSH20 0xFFFFFFFFFFFFFFFFFFFFFFFFFFFFFFFFFFFFFFFF AND PUSH20 0xFFFFFFFFFFFFFFFFFFFFFFFFFFFFFFFFFFFFFFFF AND DUP2 MSTORE PUSH1 0x20 ADD SWAP1 DUP2 MSTORE PUSH1 0x20 ADD PUSH1 0x0 KECCAK256 SLOAD SWAP1 POP SWAP2 SWAP1 POP JUMP JUMPDEST PUSH1 0x0 DUP1 PUSH20 0xFFFFFFFFFFFFFFFFFFFFFFFFFFFFFFFFFFFFFFFF AND DUP4 PUSH20 0xFFFFFFFFFFFFFFFFFFFFFFFFFFFFFFFFFFFFFFFF AND EQ ISZERO ISZERO ISZERO PUSH2 0xB53 JUMPI PUSH1 0x0 DUP1 REVERT JUMPDEST PUSH2 0xBE2 DUP3 PUSH1 0x1 PUSH1 0x0 CALLER PUSH20 0xFFFFFFFFFFFFFFFFFFFFFFFFFFFFFFFFFFFFFFFF AND PUSH20 0xFFFFFFFFFFFFFFFFFFFFFFFFFFFFFFFFFFFFFFFF AND DUP2 MSTORE PUSH1 0x20 ADD SWAP1 DUP2 MSTORE PUSH1 0x20 ADD PUSH1 0x0 KECCAK256 PUSH1 0x0 DUP7 PUSH20 0xFFFFFFFFFFFFFFFFFFFFFFFFFFFFFFFFFFFFFFFF AND PUSH20 0xFFFFFFFFFFFFFFFFFFFFFFFFFFFFFFFFFFFFFFFF AND DUP2 MSTORE PUSH1 0x20 ADD SWAP1 DUP2 MSTORE PUSH1 0x20 ADD PUSH1 0x0 KECCAK256 SLOAD PUSH2 0xFF4 SWAP1 SWAP2 SWAP1 PUSH4 0xFFFFFFFF AND JUMP JUMPDEST PUSH1 0x1 PUSH1 0x0 CALLER PUSH20 0xFFFFFFFFFFFFFFFFFFFFFFFFFFFFFFFFFFFFFFFF AND PUSH20 0xFFFFFFFFFFFFFFFFFFFFFFFFFFFFFFFFFFFFFFFF AND DUP2 MSTORE PUSH1 0x20 ADD SWAP1 DUP2 MSTORE PUSH1 0x20 ADD PUSH1 0x0 KECCAK256 PUSH1 0x0 DUP6 PUSH20 0xFFFFFFFFFFFFFFFFFFFFFFFFFFFFFFFFFFFFFFFF AND PUSH20 0xFFFFFFFFFFFFFFFFFFFFFFFFFFFFFFFFFFFFFFFF AND DUP2 MSTORE PUSH1 0x20 ADD SWAP1 DUP2 MSTORE PUSH1 0x20 ADD PUSH1 0x0 KECCAK256 DUP2 SWAP1 SSTORE POP DUP3 PUSH20 0xFFFFFFFFFFFFFFFFFFFFFFFFFFFFFFFFFFFFFFFF AND CALLER PUSH20 0xFFFFFFFFFFFFFFFFFFFFFFFFFFFFFFFFFFFFFFFF AND PUSH32 0x8C5BE1E5EBEC7D5BD14F71427D1E84F3DD0314C0F7B2291E5B200AC8C7C3B925 PUSH1 0x1 PUSH1 0x0 CALLER PUSH20 0xFFFFFFFFFFFFFFFFFFFFFFFFFFFFFFFFFFFFFFFF AND PUSH20 0xFFFFFFFFFFFFFFFFFFFFFFFFFFFFFFFFFFFFFFFF AND DUP2 MSTORE PUSH1 0x20 ADD SWAP1 DUP2 MSTORE PUSH1 0x20 ADD PUSH1 0x0 KECCAK256 PUSH1 0x0 DUP8 PUSH20 0xFFFFFFFFFFFFFFFFFFFFFFFFFFFFFFFFFFFFFFFF AND PUSH20 0xFFFFFFFFFFFFFFFFFFFFFFFFFFFFFFFFFFFFFFFF AND DUP2 MSTORE PUSH1 0x20 ADD SWAP1 DUP2 MSTORE PUSH1 0x20 ADD PUSH1 0x0 KECCAK256 SLOAD PUSH1 0x40 MLOAD DUP1 DUP3 DUP2 MSTORE PUSH1 0x20 ADD SWAP2 POP POP PUSH1 0x40 MLOAD DUP1 SWAP2 SUB SWAP1 LOG3 PUSH1 0x1 SWAP1 POP SWAP3 SWAP2 POP POP JUMP JUMPDEST PUSH1 0x0 DUP1 PUSH1 0x0 CALLER PUSH20 0xFFFFFFFFFFFFFFFFFFFFFFFFFFFFFFFFFFFFFFFF AND PUSH20 0xFFFFFFFFFFFFFFFFFFFFFFFFFFFFFFFFFFFFFFFF AND DUP2 MSTORE PUSH1 0x20 ADD SWAP1 DUP2 MSTORE PUSH1 0x20 ADD PUSH1 0x0 KECCAK256 SLOAD DUP3 GT ISZERO ISZERO ISZERO PUSH2 0xD9C JUMPI PUSH1 0x0 DUP1 REVERT JUMPDEST PUSH1 0x0 PUSH20 0xFFFFFFFFFFFFFFFFFFFFFFFFFFFFFFFFFFFFFFFF AND DUP4 PUSH20 0xFFFFFFFFFFFFFFFFFFFFFFFFFFFFFFFFFFFFFFFF AND EQ ISZERO ISZERO ISZERO PUSH2 0xDD8 JUMPI PUSH1 0x0 DUP1 REVERT JUMPDEST PUSH2 0xE29 DUP3 PUSH1 0x0 DUP1 CALLER PUSH20 0xFFFFFFFFFFFFFFFFFFFFFFFFFFFFFFFFFFFFFFFF AND PUSH20 0xFFFFFFFFFFFFFFFFFFFFFFFFFFFFFFFFFFFFFFFF AND DUP2 MSTORE PUSH1 0x20 ADD SWAP1 DUP2 MSTORE PUSH1 0x20 ADD PUSH1 0x0 KECCAK256 SLOAD PUSH2 0xFF4 SWAP1 SWAP2 SWAP1 PUSH4 0xFFFFFFFF AND JUMP JUMPDEST PUSH1 0x0 DUP1 CALLER PUSH20 0xFFFFFFFFFFFFFFFFFFFFFFFFFFFFFFFFFFFFFFFF AND PUSH20 0xFFFFFFFFFFFFFFFFFFFFFFFFFFFFFFFFFFFFFFFF AND DUP2 MSTORE PUSH1 0x20 ADD SWAP1 DUP2 MSTORE PUSH1 0x20 ADD PUSH1 0x0 KECCAK256 DUP2 SWAP1 SSTORE POP PUSH2 0xEBC DUP3 PUSH1 0x0 DUP1 DUP7 PUSH20 0xFFFFFFFFFFFFFFFFFFFFFFFFFFFFFFFFFFFFFFFF AND PUSH20 0xFFFFFFFFFFFFFFFFFFFFFFFFFFFFFFFFFFFFFFFF AND DUP2 MSTORE PUSH1 0x20 ADD SWAP1 DUP2 MSTORE PUSH1 0x20 ADD PUSH1 0x0 KECCAK256 SLOAD PUSH2 0x1015 SWAP1 SWAP2 SWAP1 PUSH4 0xFFFFFFFF AND JUMP JUMPDEST PUSH1 0x0 DUP1 DUP6 PUSH20 0xFFFFFFFFFFFFFFFFFFFFFFFFFFFFFFFFFFFFFFFF AND PUSH20 0xFFFFFFFFFFFFFFFFFFFFFFFFFFFFFFFFFFFFFFFF AND DUP2 MSTORE PUSH1 0x20 ADD SWAP1 DUP2 MSTORE PUSH1 0x20 ADD PUSH1 0x0 KECCAK256 DUP2 SWAP1 SSTORE POP DUP3 PUSH20 0xFFFFFFFFFFFFFFFFFFFFFFFFFFFFFFFFFFFFFFFF AND CALLER PUSH20 0xFFFFFFFFFFFFFFFFFFFFFFFFFFFFFFFFFFFFFFFF AND PUSH32 0xDDF252AD1BE2C89B69C2B068FC378DAA952BA7F163C4A11628F55A4DF523B3EF DUP5 PUSH1 0x40 MLOAD DUP1 DUP3 DUP2 MSTORE PUSH1 0x20 ADD SWAP2 POP POP PUSH1 0x40 MLOAD DUP1 SWAP2 SUB SWAP1 LOG3 PUSH1 0x1 SWAP1 POP SWAP3 SWAP2 POP POP JUMP JUMPDEST PUSH1 0x0 PUSH1 0x1 PUSH1 0x0 DUP5 PUSH20 0xFFFFFFFFFFFFFFFFFFFFFFFFFFFFFFFFFFFFFFFF AND PUSH20 0xFFFFFFFFFFFFFFFFFFFFFFFFFFFFFFFFFFFFFFFF AND DUP2 MSTORE PUSH1 0x20 ADD SWAP1 DUP2 MSTORE PUSH1 0x20 ADD PUSH1 0x0 KECCAK256 PUSH1 0x0 DUP4 PUSH20 0xFFFFFFFFFFFFFFFFFFFFFFFFFFFFFFFFFFFFFFFF AND PUSH20 0xFFFFFFFFFFFFFFFFFFFFFFFFFFFFFFFFFFFFFFFF AND DUP2 MSTORE PUSH1 0x20 ADD SWAP1 DUP2 MSTORE PUSH1 0x20 ADD PUSH1 0x0 KECCAK256 SLOAD SWAP1 POP SWAP3 SWAP2 POP POP JUMP JUMPDEST PUSH1 0x0 DUP1 DUP4 DUP4 GT ISZERO ISZERO ISZERO PUSH2 0x1006 JUMPI PUSH1 0x0 DUP1 REVERT JUMPDEST DUP3 DUP5 SUB SWAP1 POP DUP1 SWAP2 POP POP SWAP3 SWAP2 POP POP JUMP JUMPDEST PUSH1 0x0 DUP1 DUP3 DUP5 ADD SWAP1 POP DUP4 DUP2 LT ISZERO ISZERO ISZERO PUSH2 0x102C JUMPI PUSH1 0x0 DUP1 REVERT JUMPDEST DUP1 SWAP2 POP POP SWAP3 SWAP2 POP POP JUMP STOP LOG1 PUSH6 0x627A7A723058 KECCAK256 GT PUSH1 0x6 0xe 0xcd ADD 0xb9 DUP8 0xc3 0xdb DUP4 PUSH29 0x300E34228050D73A0104AB0A97395A83436AD787002900000000000000
0,PUSH1 0x80 PUSH1 0x40 MSTORE CALLVALUE DUP1 ISZERO PUSH2 0x10 JUMPI PUSH1 0x0 DUP1 REVERT JUMPDEST POP CALLER PUSH1 0x0 DUP1 PUSH2 0x100 EXP DUP2 SLOAD DUP2 PUSH20 0xFFFFFFFFFFFFFFFFFFFFFFFFFFFFFFFFFFFFFFFF MUL NOT AND SWAP1 DUP4 PUSH20 0xFFFFFFFFFFFFFFFFFFFFFFFFFFFFFFFFFFFFFFFF AND MUL OR SWAP1 SSTORE POP PUSH2 0x30E DUP1 PUSH2 0x60 PUSH1 0x0 CODECOPY PUSH1 0x0 RETURN INVALID PUSH1 0x80 PUSH1 0x40 MSTORE PUSH1 0x4 CALLDATASIZE LT PUSH2 0x5C JUMPI PUSH1 0x0 CALLDATALOAD PUSH29 0x100000000000000000000000000000000000000000000000000000000 SWAP1 DIV DUP1 PUSH4 0x900F010 EQ PUSH2 0x61 JUMPI DUP1 PUSH4 0x445DF0AC EQ PUSH2 0xB2 JUMPI DUP1 PUSH4 0x8DA5CB5B EQ PUSH2 0xDD JUMPI DUP1 PUSH4 0xFDACD576 EQ PUSH2 0x134 JUMPI JUMPDEST PUSH1 0x0 DUP1 REVERT JUMPDEST CALLVALUE DUP1 ISZERO PUSH2 0x6D JUMPI PUSH1 0x0 DUP1 REVERT JUMPDEST POP PUSH2 0xB0 PUSH1 0x4 DUP1 CALLDATASIZE SUB PUSH1 0x20 DUP2 LT ISZERO PUSH2 0x84 JUMPI PUSH1 0x0 DUP1 REVERT JUMPDEST DUP2 ADD SWAP1 DUP1 DUP1 CALLDATALOAD PUSH20 0xFFFFFFFFFFFFFFFFFFFFFFFFFFFFFFFFFFFFFFFF AND SWAP1 PUSH1 0x20 ADD SWAP1 SWAP3 SWAP2 SWAP1 POP POP POP PUSH2 0x16F JUMP JUMPDEST STOP JUMPDEST CALLVALUE DUP1 ISZERO PUSH2 0xBE JUMPI PUSH1 0x0 DUP1 REVERT JUMPDEST POP PUSH2 0xC7 PUSH2 0x257 JUMP JUMPDEST PUSH1 0x40 MLOAD DUP1 DUP3 DUP2 MSTORE PUSH1 0x20 ADD SWAP2 POP POP PUSH1 0x40 MLOAD DUP1 SWAP2 SUB SWAP1 RETURN JUMPDEST CALLVALUE DUP1 ISZERO PUSH2 0xE9 JUMPI PUSH1 0x0 DUP1 REVERT JUMPDEST POP PUSH2 0xF2 PUSH2 0x25D JUMP JUMPDEST PUSH1 0x40 MLOAD DUP1 DUP3 PUSH20 0xFFFFFFFFFFFFFFFFFFFFFFFFFFFFFFFFFFFFFFFF AND PUSH20 0xFFFFFFFFFFFFFFFFFFFFFFFFFFFFFFFFFFFFFFFF AND DUP2 MSTORE PUSH1 0x20 ADD SWAP2 POP POP PUSH1 0x40 MLOAD DUP1 SWAP2 SUB SWAP1 RETURN JUMPDEST CALLVALUE DUP1 ISZERO PUSH2 0x140 JUMPI PUSH1 0x0 DUP1 REVERT JUMPDEST POP PUSH2 0x16D PUSH1 0x4 DUP1 CALLDATASIZE SUB PUSH1 0x20 DUP2 LT ISZERO PUSH2 0x157 JUMPI PUSH1 0x0 DUP1 REVERT JUMPDEST DUP2 ADD SWAP1 DUP1 DUP1 CALLDATALOAD SWAP1 PUSH1 0x20 ADD SWAP1 SWAP3 SWAP2 SWAP1 POP POP POP PUSH2 0x282 JUMP JUMPDEST STOP JUMPDEST PUSH1 0x0 DUP1 SWAP1 SLOAD SWAP1 PUSH2 0x100 EXP SWAP1 DIV PUSH20 0xFFFFFFFFFFFFFFFFFFFFFFFFFFFFFFFFFFFFFFFF AND PUSH20 0xFFFFFFFFFFFFFFFFFFFFFFFFFFFFFFFFFFFFFFFF AND CALLER PUSH20 0xFFFFFFFFFFFFFFFFFFFFFFFFFFFFFFFFFFFFFFFF AND EQ ISZERO PUSH2 0x254 JUMPI PUSH1 0x0 DUP2 SWAP1 POP DUP1 PUSH20 0xFFFFFFFFFFFFFFFFFFFFFFFFFFFFFFFFFFFFFFFF AND PUSH4 0xFDACD576 PUSH1 0x1 SLOAD PUSH1 0x40 MLOAD DUP3 PUSH4 0xFFFFFFFF AND PUSH29 0x100000000000000000000000000000000000000000000000000000000 MUL DUP2 MSTORE PUSH1 0x4 ADD DUP1 DUP3 DUP2 MSTORE PUSH1 0x20 ADD SWAP2 POP POP PUSH1 0x0 PUSH1 0x40 MLOAD DUP1 DUP4 SUB DUP2 PUSH1 0x0 DUP8 DUP1 EXTCODESIZE ISZERO DUP1 ISZERO PUSH2 0x23A JUMPI PUSH1 0x0 DUP1 REVERT JUMPDEST POP GAS CALL ISZERO DUP1 ISZERO PUSH2 0x24E JUMPI RETURNDATASIZE PUSH1 0x0 DUP1 RETURNDATACOPY RETURNDATASIZE PUSH1 0x0 REVERT JUMPDEST POP POP POP POP POP JUMPDEST POP JUMP JUMPDEST PUSH1 0x1 SLOAD DUP2 JUMP JUMPDEST PUSH1 0x0 DUP1 SWAP1 SLOAD SWAP1 PUSH2 0x100 EXP SWAP1 DIV PUSH20 0xFFFFFFFFFFFFFFFFFFFFFFFFFFFFFFFFFFFFFFFF AND DUP2 JUMP JUMPDEST PUSH1 0x0 DUP1 SWAP1 SLOAD SWAP1 PUSH2 0x100 EXP SWAP1 DIV PUSH20 0xFFFFFFFFFFFFFFFFFFFFFFFFFFFFFFFFFFFFFFFF AND PUSH20 0xFFFFFFFFFFFFFFFFFFFFFFFFFFFFFFFFFFFFFFFF AND CALLER PUSH20 0xFFFFFFFFFFFFFFFFFFFFFFFFFFFFFFFFFFFFFFFF AND EQ ISZERO PUSH2 0x2DF JUMPI DUP1 PUSH1 0x1 DUP2 SWAP1 SSTORE POP JUMPDEST POP JUMP INVALID LOG1 PUSH6 0x627A7A723058 KECCAK256 SMOD 0xb1 0xb4 0xcb PUSH13 0xD6FEA7A4B80CE9BF553BBC83DD 0xaf 0xf8 ORIGIN 0xbe EQ LOG1 0xb5 SDIV 0xa7 SWAP16 PUSH3 0xC0643B STOP 0x29
0,PUSH1 0x80 PUSH1 0x40 MSTORE CALLVALUE DUP1 ISZERO PUSH2 0x10 JUMPI PUSH1 0x0 DUP1 REVERT JUMPDEST POP CALLER PUSH1 0x0 DUP1 PUSH2 0x100 EXP DUP2 SLOAD DUP2 PUSH20 0xFFFFFFFFFFFFFFFFFFFFFFFFFFFFFFFFFFFFFFFF MUL NOT AND SWAP1 DUP4 PUSH20 0xFFFFFFFFFFFFFFFFFFFFFFFFFFFFFFFFFFFFFFFF AND MUL OR SWAP1 SSTORE POP PUSH1 0xE3 DUP1 PUSH2 0x5F PUSH1 0x0 CODECOPY PUSH1 0x0 RETURN INVALID PUSH1 0x80 PUSH1 0x40 MSTORE PUSH1 0x4 CALLDATASIZE LT PUSH1 0x39 JUMPI PUSH1 0x0 CALLDATALOAD PUSH29 0x100000000000000000000000000000000000000000000000000000000 SWAP1 DIV DUP1 PUSH4 0x8DA5CB5B EQ PUSH1 0x3E JUMPI JUMPDEST PUSH1 0x0 DUP1 REVERT JUMPDEST CALLVALUE DUP1 ISZERO PUSH1 0x49 JUMPI PUSH1 0x0 DUP1 REVERT JUMPDEST POP PUSH1 0x50 PUSH1 0x92 JUMP JUMPDEST PUSH1 0x40 MLOAD DUP1 DUP3 PUSH20 0xFFFFFFFFFFFFFFFFFFFFFFFFFFFFFFFFFFFFFFFF AND PUSH20 0xFFFFFFFFFFFFFFFFFFFFFFFFFFFFFFFFFFFFFFFF AND DUP2 MSTORE PUSH1 0x20 ADD SWAP2 POP POP PUSH1 0x40 MLOAD DUP1 SWAP2 SUB SWAP1 RETURN JUMPDEST PUSH1 0x0 DUP1 SWAP1 SLOAD SWAP1 PUSH2 0x100 EXP SWAP1 DIV PUSH20 0xFFFFFFFFFFFFFFFFFFFFFFFFFFFFFFFFFFFFFFFF AND DUP2 JUMP INVALID LOG1 PUSH6 0x627A7A723058 KECCAK256 PUSH19 0xB4C2E7D63301B9A479351690FD9D9BB45A8CC2 SWAP2 0x4b SGT ADDRESS SSTORE 0xfb SWAP5 0x4c SWAP9 0xd9 SWAP1 EQ STOP 0x29
0,PUSH1 0x80 PUSH1 0x40 MSTORE PUSH20 0xC513B1DA33446A15BD4AFB5561AC3D5B1CB84EE PUSH1 0x5 PUSH1 0x0 PUSH2 0x100 EXP DUP2 SLOAD DUP2 PUSH20 0xFFFFFFFFFFFFFFFFFFFFFFFFFFFFFFFFFFFFFFFF MUL NOT AND SWAP1 DUP4 PUSH20 0xFFFFFFFFFFFFFFFFFFFFFFFFFFFFFFFFFFFFFFFF AND MUL OR SWAP1 SSTORE POP PUSH20 0x1B4360A5E654280FCD0149829DC88CB4B4F06556 PUSH1 0x6 PUSH1 0x0 PUSH2 0x100 EXP DUP2 SLOAD DUP2 PUSH20 0xFFFFFFFFFFFFFFFFFFFFFFFFFFFFFFFFFFFFFFFF MUL NOT AND SWAP1 DUP4 PUSH20 0xFFFFFFFFFFFFFFFFFFFFFFFFFFFFFFFFFFFFFFFF AND MUL OR SWAP1 SSTORE POP PUSH20 0x6D990AD82D60AAFEC9B193EC2E43CCAE7A514F59 PUSH1 0x7 PUSH1 0x0 PUSH2 0x100 EXP DUP2 SLOAD DUP2 PUSH20 0xFFFFFFFFFFFFFFFFFFFFFFFFFFFFFFFFFFFFFFFF MUL NOT AND SWAP1 DUP4 PUSH20 0xFFFFFFFFFFFFFFFFFFFFFFFFFFFFFFFFFFFFFFFF AND MUL OR SWAP1 SSTORE POP PUSH20 0x1FF0059F0173FE3484E51DD483049073AD444647 PUSH1 0x8 PUSH1 0x0 PUSH2 0x100 EXP DUP2 SLOAD DUP2 PUSH20 0xFFFFFFFFFFFFFFFFFFFFFFFFFFFFFFFFFFFFFFFF MUL NOT AND SWAP1 DUP4 PUSH20 0xFFFFFFFFFFFFFFFFFFFFFFFFFFFFFFFFFFFFFFFF AND MUL OR SWAP1 SSTORE POP PUSH20 0xEC886EFC31415B7C93030CD07CCB9592953EF6DE PUSH1 0x9 PUSH1 0x0 PUSH2 0x100 EXP DUP2 SLOAD DUP2 PUSH20 0xFFFFFFFFFFFFFFFFFFFFFFFFFFFFFFFFFFFFFFFF MUL NOT AND SWAP1 DUP4 PUSH20 0xFFFFFFFFFFFFFFFFFFFFFFFFFFFFFFFFFFFFFFFF AND MUL OR SWAP1 SSTORE POP PUSH20 0xD54F6FF455E9C4D54E5AD4F0D2AD9B8356FB625 PUSH1 0xA PUSH1 0x0 PUSH2 0x100 EXP DUP2 SLOAD DUP2 PUSH20 0xFFFFFFFFFFFFFFFFFFFFFFFFFFFFFFFFFFFFFFFF MUL NOT AND SWAP1 DUP4 PUSH20 0xFFFFFFFFFFFFFFFFFFFFFFFFFFFFFFFFFFFFFFFF AND MUL OR SWAP1 SSTORE POP PUSH20 0x1CA4F7BE21270DA59C0BD806888A82583AE48511 PUSH1 0xB PUSH1 0x0 PUSH2 0x100 EXP DUP2 SLOAD DUP2 PUSH20 0xFFFFFFFFFFFFFFFFFFFFFFFFFFFFFFFFFFFFFFFF MUL NOT AND SWAP1 DUP4 PUSH20 0xFFFFFFFFFFFFFFFFFFFFFFFFFFFFFFFFFFFFFFFF AND MUL OR SWAP1 SSTORE POP PUSH1 0x0 PUSH1 0xD SSTORE PUSH8 0x1BC16D674EC80000 PUSH1 0xE SSTORE PUSH4 0x5CB1EB60 PUSH1 0xF SSTORE PUSH3 0x292 PUSH1 0x57 PUSH1 0xA PUSH3 0x362 PUSH5 0x100000000 MUL PUSH3 0x295D OR PUSH5 0x100000000 SWAP1 DIV JUMP JUMPDEST PUSH1 0x10 SSTORE PUSH3 0x2B7 PUSH1 0x14 PUSH1 0xA PUSH3 0x362 PUSH5 0x100000000 MUL PUSH3 0x295D OR PUSH5 0x100000000 SWAP1 DIV JUMP JUMPDEST PUSH1 0x11 SSTORE CALLVALUE DUP1 ISZERO PUSH3 0x2C7 JUMPI PUSH1 0x0 DUP1 REVERT JUMPDEST POP CALLER PUSH1 0x0 DUP1 PUSH2 0x100 EXP DUP2 SLOAD DUP2 PUSH20 0xFFFFFFFFFFFFFFFFFFFFFFFFFFFFFFFFFFFFFFFF MUL NOT AND SWAP1 DUP4 PUSH20 0xFFFFFFFFFFFFFFFFFFFFFFFFFFFFFFFFFFFFFFFF AND MUL OR SWAP1 SSTORE POP PUSH20 0xC513B1DA33446A15BD4AFB5561AC3D5B1CB84EE PUSH1 0x0 DUP1 PUSH2 0x100 EXP DUP2 SLOAD DUP2 PUSH20 0xFFFFFFFFFFFFFFFFFFFFFFFFFFFFFFFFFFFFFFFF MUL NOT AND SWAP1 DUP4 PUSH20 0xFFFFFFFFFFFFFFFFFFFFFFFFFFFFFFFFFFFFFFFF AND MUL OR SWAP1 SSTORE POP PUSH3 0x37E JUMP JUMPDEST PUSH1 0x0 DUP1 DUP3 DUP5 DUP2 ISZERO ISZERO PUSH3 0x371 JUMPI INVALID JUMPDEST DIV SWAP1 POP DUP1 SWAP2 POP POP SWAP3 SWAP2 POP POP JUMP JUMPDEST PUSH2 0x2B02 DUP1 PUSH3 0x38E PUSH1 0x0 CODECOPY PUSH1 0x0 RETURN STOP PUSH1 0x80 PUSH1 0x40 MSTORE PUSH1 0x4 CALLDATASIZE LT PUSH2 0x1F9 JUMPI PUSH1 0x0 CALLDATALOAD PUSH29 0x100000000000000000000000000000000000000000000000000000000 SWAP1 DIV PUSH4 0xFFFFFFFF AND DUP1 PUSH4 0x40D50D4 EQ PUSH2 0x1FB JUMPI DUP1 PUSH4 0xBC649B2 EQ PUSH2 0x228 JUMPI DUP1 PUSH4 0xFC639F6 EQ PUSH2 0x26B JUMPI DUP1 PUSH4 0x12065FE0 EQ PUSH2 0x296 JUMPI DUP1 PUSH4 0x3CCFD60B EQ PUSH2 0x2C1 JUMPI DUP1 PUSH4 0x3EA4A796 EQ PUSH2 0x2D8 JUMPI DUP1 PUSH4 0x43C6E10D EQ PUSH2 0x31B JUMPI DUP1 PUSH4 0x45439B40 EQ PUSH2 0x346 JUMPI DUP1 PUSH4 0x4BA2363A EQ PUSH2 0x389 JUMPI DUP1 PUSH4 0x550EFEA4 EQ PUSH2 0x3B4 JUMPI DUP1 PUSH4 0x5C5F0265 EQ PUSH2 0x3DF JUMPI DUP1 PUSH4 0x5F3619B1 EQ PUSH2 0x436 JUMPI DUP1 PUSH4 0x624D7B72 EQ PUSH2 0x461 JUMPI DUP1 PUSH4 0x64E3CECB EQ PUSH2 0x4B8 JUMPI DUP1 PUSH4 0x6798DBAC EQ PUSH2 0x4E3 JUMPI DUP1 PUSH4 0x7777A0C2 EQ PUSH2 0x53A JUMPI DUP1 PUSH4 0x7A99BA4F EQ PUSH2 0x57D JUMPI DUP1 PUSH4 0x7BE00510 EQ PUSH2 0x5B3 JUMPI DUP1 PUSH4 0x8BDFF161 EQ PUSH2 0x60A JUMPI DUP1 PUSH4 0x8DA5CB5B EQ PUSH2 0x635 JUMPI DUP1 PUSH4 0x8F32D59B EQ PUSH2 0x68C JUMPI DUP1 PUSH4 0x901225E2 EQ PUSH2 0x6BB JUMPI DUP1 PUSH4 0x91CCA3DB EQ PUSH2 0x6E8 JUMPI DUP1 PUSH4 0x9E268C50 EQ PUSH2 0x73F JUMPI DUP1 PUSH4 0xAC3190DB EQ PUSH2 0x796 JUMPI DUP1 PUSH4 0xB7A92D38 EQ PUSH2 0x7ED JUMPI DUP1 PUSH4 0xBEFC3E2B EQ PUSH2 0x844 JUMPI DUP1 PUSH4 0xC3798844 EQ PUSH2 0x86F JUMPI DUP1 PUSH4 0xC600E1DC EQ PUSH2 0x8C6 JUMPI DUP1 PUSH4 0xCC2EB9E8 EQ PUSH2 0x91D JUMPI DUP1 PUSH4 0xCE138E64 EQ PUSH2 0x974 JUMPI DUP1 PUSH4 0xD67A9682 EQ PUSH2 0x99F JUMPI DUP1 PUSH4 0xD86479DF EQ PUSH2 0x9E2 JUMPI DUP1 PUSH4 0xE3B61135 EQ PUSH2 0xA39 JUMPI DUP1 PUSH4 0xECB7CB1B EQ PUSH2 0xA50 JUMPI DUP1 PUSH4 0xEDF6777E EQ PUSH2 0xAA7 JUMPI DUP1 PUSH4 0xF09DD7C6 EQ PUSH2 0xAEA JUMPI DUP1 PUSH4 0xF2FDE38B EQ PUSH2 0xB01 JUMPI DUP1 PUSH4 0xF69C96FC EQ PUSH2 0xB44 JUMPI DUP1 PUSH4 0xF7085EC7 EQ PUSH2 0xB9B JUMPI DUP1 PUSH4 0xF96941C8 EQ PUSH2 0xBC6 JUMPI JUMPDEST STOP JUMPDEST CALLVALUE DUP1 ISZERO PUSH2 0x207 JUMPI PUSH1 0x0 DUP1 REVERT JUMPDEST POP PUSH2 0x226 PUSH1 0x4 DUP1 CALLDATASIZE SUB DUP2 ADD SWAP1 DUP1 DUP1 CALLDATALOAD SWAP1 PUSH1 0x20 ADD SWAP1 SWAP3 SWAP2 SWAP1 POP POP POP PUSH2 0xC27 JUMP JUMPDEST STOP JUMPDEST CALLVALUE DUP1 ISZERO PUSH2 0x234 JUMPI PUSH1 0x0 DUP1 REVERT JUMPDEST POP PUSH2 0x269 PUSH1 0x4 DUP1 CALLDATASIZE SUB DUP2 ADD SWAP1 DUP1 DUP1 CALLDATALOAD PUSH20 0xFFFFFFFFFFFFFFFFFFFFFFFFFFFFFFFFFFFFFFFF AND SWAP1 PUSH1 0x20 ADD SWAP1 SWAP3 SWAP2 SWAP1 POP POP POP PUSH2 0xC44 JUMP JUMPDEST STOP JUMPDEST CALLVALUE DUP1 ISZERO PUSH2 0x277 JUMPI PUSH1 0x0 DUP1 REVERT JUMPDEST POP PUSH2 0x280 PUSH2 0xCD7 JUMP JUMPDEST PUSH1 0x40 MLOAD DUP1 DUP3 DUP2 MSTORE PUSH1 0x20 ADD SWAP2 POP POP PUSH1 0x40 MLOAD DUP1 SWAP2 SUB SWAP1 RETURN JUMPDEST CALLVALUE DUP1 ISZERO PUSH2 0x2A2 JUMPI PUSH1 0x0 DUP1 REVERT JUMPDEST POP PUSH2 0x2AB PUSH2 0xCEA JUMP JUMPDEST PUSH1 0x40 MLOAD DUP1 DUP3 DUP2 MSTORE PUSH1 0x20 ADD SWAP2 POP POP PUSH1 0x40 MLOAD DUP1 SWAP2 SUB SWAP1 RETURN JUMPDEST CALLVALUE DUP1 ISZERO PUSH2 0x2CD JUMPI PUSH1 0x0 DUP1 REVERT JUMPDEST POP PUSH2 0x2D6 PUSH2 0xD09 JUMP JUMPDEST STOP JUMPDEST CALLVALUE DUP1 ISZERO PUSH2 0x2E4 JUMPI PUSH1 0x0 DUP1 REVERT JUMPDEST POP PUSH2 0x319 PUSH1 0x4 DUP1 CALLDATASIZE SUB DUP2 ADD SWAP1 DUP1 DUP1 CALLDATALOAD PUSH20 0xFFFFFFFFFFFFFFFFFFFFFFFFFFFFFFFFFFFFFFFF AND SWAP1 PUSH1 0x20 ADD SWAP1 SWAP3 SWAP2 SWAP1 POP POP POP PUSH2 0x132E JUMP JUMPDEST STOP JUMPDEST CALLVALUE DUP1 ISZERO PUSH2 0x327 JUMPI PUSH1 0x0 DUP1 REVERT JUMPDEST POP PUSH2 0x330 PUSH2 0x13C1 JUMP JUMPDEST PUSH1 0x40 MLOAD DUP1 DUP3 DUP2 MSTORE PUSH1 0x20 ADD SWAP2 POP POP PUSH1 0x40 MLOAD DUP1 SWAP2 SUB SWAP1 RETURN JUMPDEST CALLVALUE DUP1 ISZERO PUSH2 0x352 JUMPI PUSH1 0x0 DUP1 REVERT JUMPDEST POP PUSH2 0x387 PUSH1 0x4 DUP1 CALLDATASIZE SUB DUP2 ADD SWAP1 DUP1 DUP1 CALLDATALOAD PUSH20 0xFFFFFFFFFFFFFFFFFFFFFFFFFFFFFFFFFFFFFFFF AND SWAP1 PUSH1 0x20 ADD SWAP1 SWAP3 SWAP2 SWAP1 POP POP POP PUSH2 0x1408 JUMP JUMPDEST STOP JUMPDEST CALLVALUE DUP1 ISZERO PUSH2 0x395 JUMPI PUSH1 0x0 DUP1 REVERT JUMPDEST POP PUSH2 0x39E PUSH2 0x149B JUMP JUMPDEST PUSH1 0x40 MLOAD DUP1 DUP3 DUP2 MSTORE PUSH1 0x20 ADD SWAP2 POP POP PUSH1 0x40 MLOAD DUP1 SWAP2 SUB SWAP1 RETURN JUMPDEST CALLVALUE DUP1 ISZERO PUSH2 0x3C0 JUMPI PUSH1 0x0 DUP1 REVERT JUMPDEST POP PUSH2 0x3C9 PUSH2 0x14A1 JUMP JUMPDEST PUSH1 0x40 MLOAD DUP1 DUP3 DUP2 MSTORE PUSH1 0x20 ADD SWAP2 POP POP PUSH1 0x40 MLOAD DUP1 SWAP2 SUB SWAP1 RETURN JUMPDEST CALLVALUE DUP1 ISZERO PUSH2 0x3EB JUMPI PUSH1 0x0 DUP1 REVERT JUMPDEST POP PUSH2 0x420 PUSH1 0x4 DUP1 CALLDATASIZE SUB DUP2 ADD SWAP1 DUP1 DUP1 CALLDATALOAD PUSH20 0xFFFFFFFFFFFFFFFFFFFFFFFFFFFFFFFFFFFFFFFF AND SWAP1 PUSH1 0x20 ADD SWAP1 SWAP3 SWAP2 SWAP1 POP POP POP PUSH2 0x14A7 JUMP JUMPDEST PUSH1 0x40 MLOAD DUP1 DUP3 DUP2 MSTORE PUSH1 0x20 ADD SWAP2 POP POP PUSH1 0x40 MLOAD DUP1 SWAP2 SUB SWAP1 RETURN JUMPDEST CALLVALUE DUP1 ISZERO PUSH2 0x442 JUMPI PUSH1 0x0 DUP1 REVERT JUMPDEST POP PUSH2 0x44B PUSH2 0x14BF JUMP JUMPDEST PUSH1 0x40 MLOAD DUP1 DUP3 DUP2 MSTORE PUSH1 0x20 ADD SWAP2 POP POP PUSH1 0x40 MLOAD DUP1 SWAP2 SUB SWAP1 RETURN JUMPDEST CALLVALUE DUP1 ISZERO PUSH2 0x46D JUMPI PUSH1 0x0 DUP1 REVERT JUMPDEST POP PUSH2 0x4A2 PUSH1 0x4 DUP1 CALLDATASIZE SUB DUP2 ADD SWAP1 DUP1 DUP1 CALLDATALOAD PUSH20 0xFFFFFFFFFFFFFFFFFFFFFFFFFFFFFFFFFFFFFFFF AND SWAP1 PUSH1 0x20 ADD SWAP1 SWAP3 SWAP2 SWAP1 POP POP POP PUSH2 0x14CF JUMP JUMPDEST PUSH1 0x40 MLOAD DUP1 DUP3 DUP2 MSTORE PUSH1 0x20 ADD SWAP2 POP POP PUSH1 0x40 MLOAD DUP1 SWAP2 SUB SWAP1 RETURN JUMPDEST CALLVALUE DUP1 ISZERO PUSH2 0x4C4 JUMPI PUSH1 0x0 DUP1 REVERT JUMPDEST POP PUSH2 0x4CD PUSH2 0x14E7 JUMP JUMPDEST PUSH1 0x40 MLOAD DUP1 DUP3 DUP2 MSTORE PUSH1 0x20 ADD SWAP2 POP POP PUSH1 0x40 MLOAD DUP1 SWAP2 SUB SWAP1 RETURN JUMPDEST CALLVALUE DUP1 ISZERO PUSH2 0x4EF JUMPI PUSH1 0x0 DUP1 REVERT JUMPDEST POP PUSH2 0x4F8 PUSH2 0x1531 JUMP JUMPDEST PUSH1 0x40 MLOAD DUP1 DUP3 PUSH20 0xFFFFFFFFFFFFFFFFFFFFFFFFFFFFFFFFFFFFFFFF AND PUSH20 0xFFFFFFFFFFFFFFFFFFFFFFFFFFFFFFFFFFFFFFFF AND DUP2 MSTORE PUSH1 0x20 ADD SWAP2 POP POP PUSH1 0x40 MLOAD DUP1 SWAP2 SUB SWAP1 RETURN JUMPDEST CALLVALUE DUP1 ISZERO PUSH2 0x546 JUMPI PUSH1 0x0 DUP1 REVERT JUMPDEST POP PUSH2 0x57B PUSH1 0x4 DUP1 CALLDATASIZE SUB DUP2 ADD SWAP1 DUP1 DUP1 CALLDATALOAD PUSH20 0xFFFFFFFFFFFFFFFFFFFFFFFFFFFFFFFFFFFFFFFF AND SWAP1 PUSH1 0x20 ADD SWAP1 SWAP3 SWAP2 SWAP1 POP POP POP PUSH2 0x1557 JUMP JUMPDEST STOP JUMPDEST PUSH2 0x5B1 PUSH1 0x4 DUP1 CALLDATASIZE SUB DUP2 ADD SWAP1 DUP1 DUP1 CALLDATALOAD PUSH20 0xFFFFFFFFFFFFFFFFFFFFFFFFFFFFFFFFFFFFFFFF AND SWAP1 PUSH1 0x20 ADD SWAP1 SWAP3 SWAP2 SWAP1 POP POP POP PUSH2 0x15EA JUMP JUMPDEST STOP JUMPDEST CALLVALUE DUP1 ISZERO PUSH2 0x5BF JUMPI PUSH1 0x0 DUP1 REVERT JUMPDEST POP PUSH2 0x5F4 PUSH1 0x4 DUP1 CALLDATASIZE SUB DUP2 ADD SWAP1 DUP1 DUP1 CALLDATALOAD PUSH20 0xFFFFFFFFFFFFFFFFFFFFFFFFFFFFFFFFFFFFFFFF AND SWAP1 PUSH1 0x20 ADD SWAP1 SWAP3 SWAP2 SWAP1 POP POP POP PUSH2 0x207E JUMP JUMPDEST PUSH1 0x40 MLOAD DUP1 DUP3 DUP2 MSTORE PUSH1 0x20 ADD SWAP2 POP POP PUSH1 0x40 MLOAD DUP1 SWAP2 SUB SWAP1 RETURN JUMPDEST CALLVALUE DUP1 ISZERO PUSH2 0x616 JUMPI PUSH1 0x0 DUP1 REVERT JUMPDEST POP PUSH2 0x61F PUSH2 0x2096 JUMP JUMPDEST PUSH1 0x40 MLOAD DUP1 DUP3 DUP2 MSTORE PUSH1 0x20 ADD SWAP2 POP POP PUSH1 0x40 MLOAD DUP1 SWAP2 SUB SWAP1 RETURN JUMPDEST CALLVALUE DUP1 ISZERO PUSH2 0x641 JUMPI PUSH1 0x0 DUP1 REVERT JUMPDEST POP PUSH2 0x64A PUSH2 0x217A JUMP JUMPDEST PUSH1 0x40 MLOAD DUP1 DUP3 PUSH20 0xFFFFFFFFFFFFFFFFFFFFFFFFFFFFFFFFFFFFFFFF AND PUSH20 0xFFFFFFFFFFFFFFFFFFFFFFFFFFFFFFFFFFFFFFFF AND DUP2 MSTORE PUSH1 0x20 ADD SWAP2 POP POP PUSH1 0x40 MLOAD DUP1 SWAP2 SUB SWAP1 RETURN JUMPDEST CALLVALUE DUP1 ISZERO PUSH2 0x698 JUMPI PUSH1 0x0 DUP1 REVERT JUMPDEST POP PUSH2 0x6A1 PUSH2 0x21A3 JUMP JUMPDEST PUSH1 0x40 MLOAD DUP1 DUP3 ISZERO ISZERO ISZERO ISZERO DUP2 MSTORE PUSH1 0x20 ADD SWAP2 POP POP PUSH1 0x40 MLOAD DUP1 SWAP2 SUB SWAP1 RETURN JUMPDEST CALLVALUE DUP1 ISZERO PUSH2 0x6C7 JUMPI PUSH1 0x0 DUP1 REVERT JUMPDEST POP PUSH2 0x6E6 PUSH1 0x4 DUP1 CALLDATASIZE SUB DUP2 ADD SWAP1 DUP1 DUP1 CALLDATALOAD SWAP1 PUSH1 0x20 ADD SWAP1 SWAP3 SWAP2 SWAP1 POP POP POP PUSH2 0x21FA JUMP JUMPDEST STOP JUMPDEST CALLVALUE DUP1 ISZERO PUSH2 0x6F4 JUMPI PUSH1 0x0 DUP1 REVERT JUMPDEST POP PUSH2 0x6FD PUSH2 0x2217 JUMP JUMPDEST PUSH1 0x40 MLOAD DUP1 DUP3 PUSH20 0xFFFFFFFFFFFFFFFFFFFFFFFFFFFFFFFFFFFFFFFF AND PUSH20 0xFFFFFFFFFFFFFFFFFFFFFFFFFFFFFFFFFFFFFFFF AND DUP2 MSTORE PUSH1 0x20 ADD SWAP2 POP POP PUSH1 0x40 MLOAD DUP1 SWAP2 SUB SWAP1 RETURN JUMPDEST CALLVALUE DUP1 ISZERO PUSH2 0x74B JUMPI PUSH1 0x0 DUP1 REVERT JUMPDEST POP PUSH2 0x754 PUSH2 0x223D JUMP JUMPDEST PUSH1 0x40 MLOAD DUP1 DUP3 PUSH20 0xFFFFFFFFFFFFFFFFFFFFFFFFFFFFFFFFFFFFFFFF AND PUSH20 0xFFFFFFFFFFFFFFFFFFFFFFFFFFFFFFFFFFFFFFFF AND DUP2 MSTORE PUSH1 0x20 ADD SWAP2 POP POP PUSH1 0x40 MLOAD DUP1 SWAP2 SUB SWAP1 RETURN JUMPDEST CALLVALUE DUP1 ISZERO PUSH2 0x7A2 JUMPI PUSH1 0x0 DUP1 REVERT JUMPDEST POP PUSH2 0x7AB PUSH2 0x2263 JUMP JUMPDEST PUSH1 0x40 MLOAD DUP1 DUP3 PUSH20 0xFFFFFFFFFFFFFFFFFFFFFFFFFFFFFFFFFFFFFFFF AND PUSH20 0xFFFFFFFFFFFFFFFFFFFFFFFFFFFFFFFFFFFFFFFF AND DUP2 MSTORE PUSH1 0x20 ADD SWAP2 POP POP PUSH1 0x40 MLOAD DUP1 SWAP2 SUB SWAP1 RETURN JUMPDEST CALLVALUE DUP1 ISZERO PUSH2 0x7F9 JUMPI PUSH1 0x0 DUP1 REVERT JUMPDEST POP PUSH2 0x802 PUSH2 0x2289 JUMP JUMPDEST PUSH1 0x40 MLOAD DUP1 DUP3 PUSH20 0xFFFFFFFFFFFFFFFFFFFFFFFFFFFFFFFFFFFFFFFF AND PUSH20 0xFFFFFFFFFFFFFFFFFFFFFFFFFFFFFFFFFFFFFFFF AND DUP2 MSTORE PUSH1 0x20 ADD SWAP2 POP POP PUSH1 0x40 MLOAD DUP1 SWAP2 SUB SWAP1 RETURN JUMPDEST CALLVALUE DUP1 ISZERO PUSH2 0x850 JUMPI PUSH1 0x0 DUP1 REVERT JUMPDEST POP PUSH2 0x859 PUSH2 0x22AF JUMP JUMPDEST PUSH1 0x40 MLOAD DUP1 DUP3 DUP2 MSTORE PUSH1 0x20 ADD SWAP2 POP POP PUSH1 0x40 MLOAD DUP1 SWAP2 SUB SWAP1 RETURN JUMPDEST CALLVALUE DUP1 ISZERO PUSH2 0x87B JUMPI PUSH1 0x0 DUP1 REVERT JUMPDEST POP PUSH2 0x884 PUSH2 0x22F6 JUMP JUMPDEST PUSH1 0x40 MLOAD DUP1 DUP3 PUSH20 0xFFFFFFFFFFFFFFFFFFFFFFFFFFFFFFFFFFFFFFFF AND PUSH20 0xFFFFFFFFFFFFFFFFFFFFFFFFFFFFFFFFFFFFFFFF AND DUP2 MSTORE PUSH1 0x20 ADD SWAP2 POP POP PUSH1 0x40 MLOAD DUP1 SWAP2 SUB SWAP1 RETURN JUMPDEST CALLVALUE DUP1 ISZERO PUSH2 0x8D2 JUMPI PUSH1 0x0 DUP1 REVERT JUMPDEST POP PUSH2 0x907 PUSH1 0x4 DUP1 CALLDATASIZE SUB DUP2 ADD SWAP1 DUP1 DUP1 CALLDATALOAD PUSH20 0xFFFFFFFFFFFFFFFFFFFFFFFFFFFFFFFFFFFFFFFF AND SWAP1 PUSH1 0x20 ADD SWAP1 SWAP3 SWAP2 SWAP1 POP POP POP PUSH2 0x231C JUMP JUMPDEST PUSH1 0x40 MLOAD DUP1 DUP3 DUP2 MSTORE PUSH1 0x20 ADD SWAP2 POP POP PUSH1 0x40 MLOAD DUP1 SWAP2 SUB SWAP1 RETURN JUMPDEST CALLVALUE DUP1 ISZERO PUSH2 0x929 JUMPI PUSH1 0x0 DUP1 REVERT JUMPDEST POP PUSH2 0x932 PUSH2 0x24B0 JUMP JUMPDEST PUSH1 0x40 MLOAD DUP1 DUP3 PUSH20 0xFFFFFFFFFFFFFFFFFFFFFFFFFFFFFFFFFFFFFFFF AND PUSH20 0xFFFFFFFFFFFFFFFFFFFFFFFFFFFFFFFFFFFFFFFF AND DUP2 MSTORE PUSH1 0x20 ADD SWAP2 POP POP PUSH1 0x40 MLOAD DUP1 SWAP2 SUB SWAP1 RETURN JUMPDEST CALLVALUE DUP1 ISZERO PUSH2 0x980 JUMPI PUSH1 0x0 DUP1 REVERT JUMPDEST POP PUSH2 0x989 PUSH2 0x24D6 JUMP JUMPDEST PUSH1 0x40 MLOAD DUP1 DUP3 DUP2 MSTORE PUSH1 0x20 ADD SWAP2 POP POP PUSH1 0x40 MLOAD DUP1 SWAP2 SUB SWAP1 RETURN JUMPDEST CALLVALUE DUP1 ISZERO PUSH2 0x9AB JUMPI PUSH1 0x0 DUP1 REVERT JUMPDEST POP PUSH2 0x9E0 PUSH1 0x4 DUP1 CALLDATASIZE SUB DUP2 ADD SWAP1 DUP1 DUP1 CALLDATALOAD PUSH20 0xFFFFFFFFFFFFFFFFFFFFFFFFFFFFFFFFFFFFFFFF AND SWAP1 PUSH1 0x20 ADD SWAP1 SWAP3 SWAP2 SWAP1 POP POP POP PUSH2 0x24DC JUMP JUMPDEST STOP JUMPDEST CALLVALUE DUP1 ISZERO PUSH2 0x9EE JUMPI PUSH1 0x0 DUP1 REVERT JUMPDEST POP PUSH2 0xA23 PUSH1 0x4 DUP1 CALLDATASIZE SUB DUP2 ADD SWAP1 DUP1 DUP1 CALLDATALOAD PUSH20 0xFFFFFFFFFFFFFFFFFFFFFFFFFFFFFFFFFFFFFFFF AND SWAP1 PUSH1 0x20 ADD SWAP1 SWAP3 SWAP2 SWAP1 POP POP POP PUSH2 0x256F JUMP JUMPDEST PUSH1 0x40 MLOAD DUP1 DUP3 DUP2 MSTORE PUSH1 0x20 ADD SWAP2 POP POP PUSH1 0x40 MLOAD DUP1 SWAP2 SUB SWAP1 RETURN JUMPDEST CALLVALUE DUP1 ISZERO PUSH2 0xA45 JUMPI PUSH1 0x0 DUP1 REVERT JUMPDEST POP PUSH2 0xA4E PUSH2 0x2587 JUMP JUMPDEST STOP JUMPDEST CALLVALUE DUP1 ISZERO PUSH2 0xA5C JUMPI PUSH1 0x0 DUP1 REVERT JUMPDEST POP PUSH2 0xA91 PUSH1 0x4 DUP1 CALLDATASIZE SUB DUP2 ADD SWAP1 DUP1 DUP1 CALLDATALOAD PUSH20 0xFFFFFFFFFFFFFFFFFFFFFFFFFFFFFFFFFFFFFFFF AND SWAP1 PUSH1 0x20 ADD SWAP1 SWAP3 SWAP2 SWAP1 POP POP POP PUSH2 0x26C3 JUMP JUMPDEST PUSH1 0x40 MLOAD DUP1 DUP3 DUP2 MSTORE PUSH1 0x20 ADD SWAP2 POP POP PUSH1 0x40 MLOAD DUP1 SWAP2 SUB SWAP1 RETURN JUMPDEST CALLVALUE DUP1 ISZERO PUSH2 0xAB3 JUMPI PUSH1 0x0 DUP1 REVERT JUMPDEST POP PUSH2 0xAE8 PUSH1 0x4 DUP1 CALLDATASIZE SUB DUP2 ADD SWAP1 DUP1 DUP1 CALLDATALOAD PUSH20 0xFFFFFFFFFFFFFFFFFFFFFFFFFFFFFFFFFFFFFFFF AND SWAP1 PUSH1 0x20 ADD SWAP1 SWAP3 SWAP2 SWAP1 POP POP POP PUSH2 0x26DB JUMP JUMPDEST STOP JUMPDEST CALLVALUE DUP1 ISZERO PUSH2 0xAF6 JUMPI PUSH1 0x0 DUP1 REVERT JUMPDEST POP PUSH2 0xAFF PUSH2 0x276E JUMP JUMPDEST STOP JUMPDEST CALLVALUE DUP1 ISZERO PUSH2 0xB0D JUMPI PUSH1 0x0 DUP1 REVERT JUMPDEST POP PUSH2 0xB42 PUSH1 0x4 DUP1 CALLDATASIZE SUB DUP2 ADD SWAP1 DUP1 DUP1 CALLDATALOAD PUSH20 0xFFFFFFFFFFFFFFFFFFFFFFFFFFFFFFFFFFFFFFFF AND SWAP1 PUSH1 0x20 ADD SWAP1 SWAP3 SWAP2 SWAP1 POP POP POP PUSH2 0x288E JUMP JUMPDEST STOP JUMPDEST CALLVALUE DUP1 ISZERO PUSH2 0xB50 JUMPI PUSH1 0x0 DUP1 REVERT JUMPDEST POP PUSH2 0xB59 PUSH2 0x28AD JUMP JUMPDEST PUSH1 0x40 MLOAD DUP1 DUP3 PUSH20 0xFFFFFFFFFFFFFFFFFFFFFFFFFFFFFFFFFFFFFFFF AND PUSH20 0xFFFFFFFFFFFFFFFFFFFFFFFFFFFFFFFFFFFFFFFF AND DUP2 MSTORE PUSH1 0x20 ADD SWAP2 POP POP PUSH1 0x40 MLOAD DUP1 SWAP2 SUB SWAP1 RETURN JUMPDEST CALLVALUE DUP1 ISZERO PUSH2 0xBA7 JUMPI PUSH1 0x0 DUP1 REVERT JUMPDEST POP PUSH2 0xBB0 PUSH2 0x28D3 JUMP JUMPDEST PUSH1 0x40 MLOAD DUP1 DUP3 DUP2 MSTORE PUSH1 0x20 ADD SWAP2 POP POP PUSH1 0x40 MLOAD DUP1 SWAP2 SUB SWAP1 RETURN JUMPDEST CALLVALUE DUP1 ISZERO PUSH2 0xBD2 JUMPI PUSH1 0x0 DUP1 REVERT JUMPDEST POP PUSH2 0xC11 PUSH1 0x4 DUP1 CALLDATASIZE SUB DUP2 ADD SWAP1 DUP1 DUP1 CALLDATALOAD PUSH20 0xFFFFFFFFFFFFFFFFFFFFFFFFFFFFFFFFFFFFFFFF AND SWAP1 PUSH1 0x20 ADD SWAP1 SWAP3 SWAP2 SWAP1 DUP1 CALLDATALOAD SWAP1 PUSH1 0x20 ADD SWAP1 SWAP3 SWAP2 SWAP1 POP POP POP PUSH2 0x28D9 JUMP JUMPDEST PUSH1 0x40 MLOAD DUP1 DUP3 DUP2 MSTORE PUSH1 0x20 ADD SWAP2 POP POP PUSH1 0x40 MLOAD DUP1 SWAP2 SUB SWAP1 RETURN JUMPDEST PUSH2 0xC2F PUSH2 0x21A3 JUMP JUMPDEST ISZERO ISZERO PUSH2 0xC3A JUMPI PUSH1 0x0 DUP1 REVERT JUMPDEST DUP1 PUSH1 0xF DUP2 SWAP1 SSTORE POP POP JUMP JUMPDEST PUSH2 0xC4C PUSH2 0x21A3 JUMP JUMPDEST ISZERO ISZERO PUSH2 0xC57 JUMPI PUSH1 0x0 DUP1 REVERT JUMPDEST PUSH1 0x0 PUSH20 0xFFFFFFFFFFFFFFFFFFFFFFFFFFFFFFFFFFFFFFFF AND DUP2 PUSH20 0xFFFFFFFFFFFFFFFFFFFFFFFFFFFFFFFFFFFFFFFF AND EQ ISZERO ISZERO ISZERO PUSH2 0xC93 JUMPI PUSH1 0x0 DUP1 REVERT JUMPDEST DUP1 PUSH1 0xB PUSH1 0x0 PUSH2 0x100 EXP DUP2 SLOAD DUP2 PUSH20 0xFFFFFFFFFFFFFFFFFFFFFFFFFFFFFFFFFFFFFFFF MUL NOT AND SWAP1 DUP4 PUSH20 0xFFFFFFFFFFFFFFFFFFFFFFFFFFFFFFFFFFFFFFFF AND MUL OR SWAP1 SSTORE POP POP JUMP JUMPDEST PUSH1 0x0 PUSH1 0x11 SLOAD PUSH2 0xCE4 PUSH2 0x22AF JUMP JUMPDEST MUL SWAP1 POP SWAP1 JUMP JUMPDEST PUSH1 0x0 ADDRESS PUSH20 0xFFFFFFFFFFFFFFFFFFFFFFFFFFFFFFFFFFFFFFFF AND BALANCE SWAP1 POP SWAP1 JUMP JUMPDEST PUSH1 0x0 DUP1 PUSH1 0x0 DUP1 PUSH1 0x0 DUP1 PUSH1 0x0 DUP1 PUSH1 0x0 DUP1 PUSH2 0xD21 CALLER PUSH2 0x231C JUMP JUMPDEST SWAP10 POP PUSH2 0xD2F TIMESTAMP PUSH1 0xF SLOAD PUSH2 0x2909 JUMP JUMPDEST SWAP9 POP PUSH2 0xD39 PUSH2 0xCD7 JUMP JUMPDEST SWAP8 POP PUSH1 0x12 PUSH1 0x0 CALLER PUSH20 0xFFFFFFFFFFFFFFFFFFFFFFFFFFFFFFFFFFFFFFFF AND PUSH20 0xFFFFFFFFFFFFFFFFFFFFFFFFFFFFFFFFFFFFFFFF AND DUP2 MSTORE PUSH1 0x20 ADD SWAP1 DUP2 MSTORE PUSH1 0x20 ADD PUSH1 0x0 KECCAK256 SLOAD DUP9 SUB SWAP7 POP PUSH2 0xDD4 PUSH2 0xDCD PUSH1 0x10 SLOAD PUSH1 0x1 PUSH1 0x0 CALLER PUSH20 0xFFFFFFFFFFFFFFFFFFFFFFFFFFFFFFFFFFFFFFFF AND PUSH20 0xFFFFFFFFFFFFFFFFFFFFFFFFFFFFFFFFFFFFFFFF AND DUP2 MSTORE PUSH1 0x20 ADD SWAP1 DUP2 MSTORE PUSH1 0x20 ADD PUSH1 0x0 KECCAK256 SLOAD PUSH2 0x2922 JUMP JUMPDEST PUSH1 0x64 PUSH2 0x295D JUMP JUMPDEST SWAP6 POP PUSH1 0x0 DUP11 GT ISZERO ISZERO PUSH2 0xDE5 JUMPI PUSH1 0x0 DUP1 REVERT JUMPDEST PUSH3 0x13C680 DUP10 LT ISZERO ISZERO ISZERO PUSH2 0xDF7 JUMPI PUSH1 0x0 DUP1 REVERT JUMPDEST TIMESTAMP PUSH1 0x2 PUSH1 0x0 CALLER PUSH20 0xFFFFFFFFFFFFFFFFFFFFFFFFFFFFFFFFFFFFFFFF AND PUSH20 0xFFFFFFFFFFFFFFFFFFFFFFFFFFFFFFFFFFFFFFFF AND DUP2 MSTORE PUSH1 0x20 ADD SWAP1 DUP2 MSTORE PUSH1 0x20 ADD PUSH1 0x0 KECCAK256 DUP2 SWAP1 SSTORE POP TIMESTAMP PUSH1 0x3 PUSH1 0x0 CALLER PUSH20 0xFFFFFFFFFFFFFFFFFFFFFFFFFFFFFFFFFFFFFFFF AND PUSH20 0xFFFFFFFFFFFFFFFFFFFFFFFFFFFFFFFFFFFFFFFF AND DUP2 MSTORE PUSH1 0x20 ADD SWAP1 DUP2 MSTORE PUSH1 0x20 ADD PUSH1 0x0 KECCAK256 DUP2 SWAP1 SSTORE POP DUP7 DUP11 LT ISZERO PUSH2 0x1067 JUMPI DUP6 DUP11 LT ISZERO PUSH2 0xF28 JUMPI DUP10 PUSH1 0x12 PUSH1 0x0 CALLER PUSH20 0xFFFFFFFFFFFFFFFFFFFFFFFFFFFFFFFFFFFFFFFF AND PUSH20 0xFFFFFFFFFFFFFFFFFFFFFFFFFFFFFFFFFFFFFFFF AND DUP2 MSTORE PUSH1 0x20 ADD SWAP1 DUP2 MSTORE PUSH1 0x20 ADD PUSH1 0x0 KECCAK256 PUSH1 0x0 DUP3 DUP3 SLOAD ADD SWAP3 POP POP DUP2 SWAP1 SSTORE POP CALLER PUSH20 0xFFFFFFFFFFFFFFFFFFFFFFFFFFFFFFFFFFFFFFFF AND PUSH2 0x8FC DUP12 SWAP1 DUP2 ISZERO MUL SWAP1 PUSH1 0x40 MLOAD PUSH1 0x0 PUSH1 0x40 MLOAD DUP1 DUP4 SUB DUP2 DUP6 DUP9 DUP9 CALL SWAP4 POP POP POP POP ISZERO DUP1 ISZERO PUSH2 0xF22 JUMPI RETURNDATASIZE PUSH1 0x0 DUP1 RETURNDATACOPY RETURNDATASIZE PUSH1 0x0 REVERT JUMPDEST POP PUSH2 0x1062 JUMP JUMPDEST DUP6 DUP11 LT ISZERO ISZERO PUSH2 0x1061 JUMPI DUP6 SWAP5 POP PUSH2 0xF3E DUP11 DUP7 PUSH2 0x2909 JUMP JUMPDEST SWAP4 POP DUP10 PUSH1 0x12 PUSH1 0x0 CALLER PUSH20 0xFFFFFFFFFFFFFFFFFFFFFFFFFFFFFFFFFFFFFFFF AND PUSH20 0xFFFFFFFFFFFFFFFFFFFFFFFFFFFFFFFFFFFFFFFF AND DUP2 MSTORE PUSH1 0x20 ADD SWAP1 DUP2 MSTORE PUSH1 0x20 ADD PUSH1 0x0 KECCAK256 PUSH1 0x0 DUP3 DUP3 SLOAD ADD SWAP3 POP POP DUP2 SWAP1 SSTORE POP CALLER PUSH20 0xFFFFFFFFFFFFFFFFFFFFFFFFFFFFFFFFFFFFFFFF AND PUSH2 0x8FC DUP7 SWAP1 DUP2 ISZERO MUL SWAP1 PUSH1 0x40 MLOAD PUSH1 0x0 PUSH1 0x40 MLOAD DUP1 DUP4 SUB DUP2 DUP6 DUP9 DUP9 CALL SWAP4 POP POP POP POP ISZERO DUP1 ISZERO PUSH2 0xFD3 JUMPI RETURNDATASIZE PUSH1 0x0 DUP1 RETURNDATACOPY RETURNDATASIZE PUSH1 0x0 REVERT JUMPDEST POP PUSH2 0x101D PUSH1 0x1 PUSH1 0x0 CALLER PUSH20 0xFFFFFFFFFFFFFFFFFFFFFFFFFFFFFFFFFFFFFFFF AND PUSH20 0xFFFFFFFFFFFFFFFFFFFFFFFFFFFFFFFFFFFFFFFF AND DUP2 MSTORE PUSH1 0x20 ADD SWAP1 DUP2 MSTORE PUSH1 0x20 ADD PUSH1 0x0 KECCAK256 SLOAD DUP6 PUSH2 0x2978 JUMP JUMPDEST PUSH1 0x1 PUSH1 0x0 CALLER PUSH20 0xFFFFFFFFFFFFFFFFFFFFFFFFFFFFFFFFFFFFFFFF AND PUSH20 0xFFFFFFFFFFFFFFFFFFFFFFFFFFFFFFFFFFFFFFFF AND DUP2 MSTORE PUSH1 0x20 ADD SWAP1 DUP2 MSTORE PUSH1 0x20 ADD PUSH1 0x0 KECCAK256 DUP2 SWAP1 SSTORE POP JUMPDEST JUMPDEST PUSH2 0x1322 JUMP JUMPDEST DUP7 DUP11 LT ISZERO DUP1 ISZERO PUSH2 0x10B5 JUMPI POP DUP8 PUSH1 0x12 PUSH1 0x0 CALLER PUSH20 0xFFFFFFFFFFFFFFFFFFFFFFFFFFFFFFFFFFFFFFFF AND PUSH20 0xFFFFFFFFFFFFFFFFFFFFFFFFFFFFFFFFFFFFFFFF AND DUP2 MSTORE PUSH1 0x20 ADD SWAP1 DUP2 MSTORE PUSH1 0x20 ADD PUSH1 0x0 KECCAK256 SLOAD LT JUMPDEST ISZERO PUSH2 0x1321 JUMPI DUP7 SWAP3 POP DUP6 DUP4 LT ISZERO PUSH2 0x11E6 JUMPI PUSH1 0x0 PUSH1 0x12 PUSH1 0x0 CALLER PUSH20 0xFFFFFFFFFFFFFFFFFFFFFFFFFFFFFFFFFFFFFFFF AND PUSH20 0xFFFFFFFFFFFFFFFFFFFFFFFFFFFFFFFFFFFFFFFF AND DUP2 MSTORE PUSH1 0x20 ADD SWAP1 DUP2 MSTORE PUSH1 0x20 ADD PUSH1 0x0 KECCAK256 DUP2 SWAP1 SSTORE POP PUSH1 0x0 PUSH1 0x1 PUSH1 0x0 CALLER PUSH20 0xFFFFFFFFFFFFFFFFFFFFFFFFFFFFFFFFFFFFFFFF AND PUSH20 0xFFFFFFFFFFFFFFFFFFFFFFFFFFFFFFFFFFFFFFFF AND DUP2 MSTORE PUSH1 0x20 ADD SWAP1 DUP2 MSTORE PUSH1 0x20 ADD PUSH1 0x0 KECCAK256 DUP2 SWAP1 SSTORE POP PUSH1 0x13 PUSH1 0x0 CALLER PUSH20 0xFFFFFFFFFFFFFFFFFFFFFFFFFFFFFFFFFFFFFFFF AND PUSH20 0xFFFFFFFFFFFFFFFFFFFFFFFFFFFFFFFFFFFFFFFF AND DUP2 MSTORE PUSH1 0x20 ADD SWAP1 DUP2 MSTORE PUSH1 0x20 ADD PUSH1 0x0 KECCAK256 PUSH1 0x0 PUSH2 0x119A SWAP2 SWAP1 PUSH2 0x2A90 JUMP JUMPDEST CALLER PUSH20 0xFFFFFFFFFFFFFFFFFFFFFFFFFFFFFFFFFFFFFFFF AND PUSH2 0x8FC DUP5 SWAP1 DUP2 ISZERO MUL SWAP1 PUSH1 0x40 MLOAD PUSH1 0x0 PUSH1 0x40 MLOAD DUP1 DUP4 SUB DUP2 DUP6 DUP9 DUP9 CALL SWAP4 POP POP POP POP ISZERO DUP1 ISZERO PUSH2 0x11E0 JUMPI RETURNDATASIZE PUSH1 0x0 DUP1 RETURNDATACOPY RETURNDATASIZE PUSH1 0x0 REVERT JUMPDEST POP PUSH2 0x1320 JUMP JUMPDEST DUP6 DUP4 LT ISZERO ISZERO PUSH2 0x131F JUMPI DUP6 SWAP2 POP PUSH2 0x11FC DUP4 DUP4 PUSH2 0x2909 JUMP JUMPDEST SWAP1 POP DUP3 PUSH1 0x12 PUSH1 0x0 CALLER PUSH20 0xFFFFFFFFFFFFFFFFFFFFFFFFFFFFFFFFFFFFFFFF AND PUSH20 0xFFFFFFFFFFFFFFFFFFFFFFFFFFFFFFFFFFFFFFFF AND DUP2 MSTORE PUSH1 0x20 ADD SWAP1 DUP2 MSTORE PUSH1 0x20 ADD PUSH1 0x0 KECCAK256 PUSH1 0x0 DUP3 DUP3 SLOAD ADD SWAP3 POP POP DUP2 SWAP1 SSTORE POP CALLER PUSH20 0xFFFFFFFFFFFFFFFFFFFFFFFFFFFFFFFFFFFFFFFF AND PUSH2 0x8FC DUP4 SWAP1 DUP2 ISZERO MUL SWAP1 PUSH1 0x40 MLOAD PUSH1 0x0 PUSH1 0x40 MLOAD DUP1 DUP4 SUB DUP2 DUP6 DUP9 DUP9 CALL SWAP4 POP POP POP POP ISZERO DUP1 ISZERO PUSH2 0x1291 JUMPI RETURNDATASIZE PUSH1 0x0 DUP1 RETURNDATACOPY RETURNDATASIZE PUSH1 0x0 REVERT JUMPDEST POP PUSH2 0x12DB PUSH1 0x1 PUSH1 0x0 CALLER PUSH20 0xFFFFFFFFFFFFFFFFFFFFFFFFFFFFFFFFFFFFFFFF AND PUSH20 0xFFFFFFFFFFFFFFFFFFFFFFFFFFFFFFFFFFFFFFFF AND DUP2 MSTORE PUSH1 0x20 ADD SWAP1 DUP2 MSTORE PUSH1 0x20 ADD PUSH1 0x0 KECCAK256 SLOAD DUP3 PUSH2 0x2978 JUMP JUMPDEST PUSH1 0x1 PUSH1 0x0 CALLER PUSH20 0xFFFFFFFFFFFFFFFFFFFFFFFFFFFFFFFFFFFFFFFF AND PUSH20 0xFFFFFFFFFFFFFFFFFFFFFFFFFFFFFFFFFFFFFFFF AND DUP2 MSTORE PUSH1 0x20 ADD SWAP1 DUP2 MSTORE PUSH1 0x20 ADD PUSH1 0x0 KECCAK256 DUP2 SWAP1 SSTORE POP JUMPDEST JUMPDEST JUMPDEST JUMPDEST POP POP POP POP POP POP POP POP POP POP JUMP JUMPDEST PUSH2 0x1336 PUSH2 0x21A3 JUMP JUMPDEST ISZERO ISZERO PUSH2 0x1341 JUMPI PUSH1 0x0 DUP1 REVERT JUMPDEST PUSH1 0x0 PUSH20 0xFFFFFFFFFFFFFFFFFFFFFFFFFFFFFFFFFFFFFFFF AND DUP2 PUSH20 0xFFFFFFFFFFFFFFFFFFFFFFFFFFFFFFFFFFFFFFFF AND EQ ISZERO ISZERO ISZERO PUSH2 0x137D JUMPI PUSH1 0x0 DUP1 REVERT JUMPDEST DUP1 PUSH1 0x7 PUSH1 0x0 PUSH2 0x100 EXP DUP2 SLOAD DUP2 PUSH20 0xFFFFFFFFFFFFFFFFFFFFFFFFFFFFFFFFFFFFFFFF MUL NOT AND SWAP1 DUP4 PUSH20 0xFFFFFFFFFFFFFFFFFFFFFFFFFFFFFFFFFFFFFFFF AND MUL OR SWAP1 SSTORE POP POP JUMP JUMPDEST PUSH1 0x0 PUSH1 0x4 PUSH1 0x0 CALLER PUSH20 0xFFFFFFFFFFFFFFFFFFFFFFFFFFFFFFFFFFFFFFFF AND PUSH20 0xFFFFFFFFFFFFFFFFFFFFFFFFFFFFFFFFFFFFFFFF AND DUP2 MSTORE PUSH1 0x20 ADD SWAP1 DUP2 MSTORE PUSH1 0x20 ADD PUSH1 0x0 KECCAK256 SLOAD SWAP1 POP SWAP1 JUMP JUMPDEST PUSH2 0x1410 PUSH2 0x21A3 JUMP JUMPDEST ISZERO ISZERO PUSH2 0x141B JUMPI PUSH1 0x0 DUP1 REVERT JUMPDEST PUSH1 0x0 PUSH20 0xFFFFFFFFFFFFFFFFFFFFFFFFFFFFFFFFFFFFFFFF AND DUP2 PUSH20 0xFFFFFFFFFFFFFFFFFFFFFFFFFFFFFFFFFFFFFFFF AND EQ ISZERO ISZERO ISZERO PUSH2 0x1457 JUMPI PUSH1 0x0 DUP1 REVERT JUMPDEST DUP1 PUSH1 0xA PUSH1 0x0 PUSH2 0x100 EXP DUP2 SLOAD DUP2 PUSH20 0xFFFFFFFFFFFFFFFFFFFFFFFFFFFFFFFFFFFFFFFF MUL NOT AND SWAP1 DUP4 PUSH20 0xFFFFFFFFFFFFFFFFFFFFFFFFFFFFFFFFFFFFFFFF AND MUL OR SWAP1 SSTORE POP POP JUMP JUMPDEST PUSH1 0xD SLOAD DUP2 JUMP JUMPDEST PUSH1 0xE SLOAD DUP2 JUMP JUMPDEST PUSH1 0x4 PUSH1 0x20 MSTORE DUP1 PUSH1 0x0 MSTORE PUSH1 0x40 PUSH1 0x0 KECCAK256 PUSH1 0x0 SWAP2 POP SWAP1 POP SLOAD DUP2 JUMP JUMPDEST PUSH1 0x0 PUSH2 0x14CA CALLER PUSH2 0x231C JUMP JUMPDEST SWAP1 POP SWAP1 JUMP JUMPDEST PUSH1 0x3 PUSH1 0x20 MSTORE DUP1 PUSH1 0x0 MSTORE PUSH1 0x40 PUSH1 0x0 KECCAK256 PUSH1 0x0 SWAP2 POP SWAP1 POP SLOAD DUP2 JUMP JUMPDEST PUSH1 0x0 PUSH1 0x13 PUSH1 0x0 CALLER PUSH20 0xFFFFFFFFFFFFFFFFFFFFFFFFFFFFFFFFFFFFFFFF AND PUSH20 0xFFFFFFFFFFFFFFFFFFFFFFFFFFFFFFFFFFFFFFFF AND DUP2 MSTORE PUSH1 0x20 ADD SWAP1 DUP2 MSTORE PUSH1 0x20 ADD PUSH1 0x0 KECCAK256 DUP1 SLOAD SWAP1 POP SWAP1 POP SWAP1 JUMP JUMPDEST PUSH1 0x8 PUSH1 0x0 SWAP1 SLOAD SWAP1 PUSH2 0x100 EXP SWAP1 DIV PUSH20 0xFFFFFFFFFFFFFFFFFFFFFFFFFFFFFFFFFFFFFFFF AND DUP2 JUMP JUMPDEST PUSH2 0x155F PUSH2 0x21A3 JUMP JUMPDEST ISZERO ISZERO PUSH2 0x156A JUMPI PUSH1 0x0 DUP1 REVERT JUMPDEST PUSH1 0x0 PUSH20 0xFFFFFFFFFFFFFFFFFFFFFFFFFFFFFFFFFFFFFFFF AND DUP2 PUSH20 0xFFFFFFFFFFFFFFFFFFFFFFFFFFFFFFFFFFFFFFFF AND EQ ISZERO ISZERO ISZERO PUSH2 0x15A6 JUMPI PUSH1 0x0 DUP1 REVERT JUMPDEST DUP1 PUSH1 0x9 PUSH1 0x0 PUSH2 0x100 EXP DUP2 SLOAD DUP2 PUSH20 0xFFFFFFFFFFFFFFFFFFFFFFFFFFFFFFFFFFFFFFFF MUL NOT AND SWAP1 DUP4 PUSH20 0xFFFFFFFFFFFFFFFFFFFFFFFFFFFFFFFFFFFFFFFF AND MUL OR SWAP1 SSTORE POP POP JUMP JUMPDEST PUSH1 0x0 DUP1 PUSH1 0x0 DUP1 PUSH1 0x0 DUP1 PUSH1 0x0 DUP1 PUSH1 0xF SLOAD TIMESTAMP LT ISZERO ISZERO ISZERO PUSH2 0x1607 JUMPI PUSH1 0x0 DUP1 REVERT JUMPDEST PUSH8 0x58D15E176280000 CALLVALUE LT ISZERO ISZERO ISZERO PUSH2 0x161E JUMPI PUSH1 0x0 DUP1 REVERT JUMPDEST PUSH2 0x162A TIMESTAMP PUSH1 0xF SLOAD PUSH2 0x2909 JUMP JUMPDEST SWAP8 POP PUSH3 0x13C680 DUP9 LT DUP1 ISZERO PUSH2 0x1646 JUMPI POP PUSH1 0x0 PUSH2 0x1644 CALLER PUSH2 0x231C JUMP JUMPDEST GT JUMPDEST ISZERO PUSH2 0x1654 JUMPI PUSH2 0x1653 PUSH2 0x2587 JUMP JUMPDEST JUMPDEST PUSH3 0x13C680 DUP9 GT DUP1 ISZERO PUSH2 0x166E JUMPI POP PUSH1 0x0 PUSH2 0x166C CALLER PUSH2 0x231C JUMP JUMPDEST GT JUMPDEST ISZERO PUSH2 0x179B JUMPI PUSH2 0x167C CALLER PUSH2 0x231C JUMP JUMPDEST SWAP7 POP TIMESTAMP PUSH1 0x2 PUSH1 0x0 CALLER PUSH20 0xFFFFFFFFFFFFFFFFFFFFFFFFFFFFFFFFFFFFFFFF AND PUSH20 0xFFFFFFFFFFFFFFFFFFFFFFFFFFFFFFFFFFFFFFFF AND DUP2 MSTORE PUSH1 0x20 ADD SWAP1 DUP2 MSTORE PUSH1 0x20 ADD PUSH1 0x0 KECCAK256 DUP2 SWAP1 SSTORE POP TIMESTAMP PUSH1 0x3 PUSH1 0x0 CALLER PUSH20 0xFFFFFFFFFFFFFFFFFFFFFFFFFFFFFFFFFFFFFFFF AND PUSH20 0xFFFFFFFFFFFFFFFFFFFFFFFFFFFFFFFFFFFFFFFF AND DUP2 MSTORE PUSH1 0x20 ADD SWAP1 DUP2 MSTORE PUSH1 0x20 ADD PUSH1 0x0 KECCAK256 DUP2 SWAP1 SSTORE POP DUP7 PUSH1 0x12 PUSH1 0x0 CALLER PUSH20 0xFFFFFFFFFFFFFFFFFFFFFFFFFFFFFFFFFFFFFFFF AND PUSH20 0xFFFFFFFFFFFFFFFFFFFFFFFFFFFFFFFFFFFFFFFF AND DUP2 MSTORE PUSH1 0x20 ADD SWAP1 DUP2 MSTORE PUSH1 0x20 ADD PUSH1 0x0 KECCAK256 PUSH1 0x0 DUP3 DUP3 SLOAD ADD SWAP3 POP POP DUP2 SWAP1 SSTORE POP CALLER PUSH20 0xFFFFFFFFFFFFFFFFFFFFFFFFFFFFFFFFFFFFFFFF AND PUSH2 0x8FC DUP9 SWAP1 DUP2 ISZERO MUL SWAP1 PUSH1 0x40 MLOAD PUSH1 0x0 PUSH1 0x40 MLOAD DUP1 DUP4 SUB DUP2 DUP6 DUP9 DUP9 CALL SWAP4 POP POP POP POP ISZERO DUP1 ISZERO PUSH2 0x1799 JUMPI RETURNDATASIZE PUSH1 0x0 DUP1 RETURNDATACOPY RETURNDATASIZE PUSH1 0x0 REVERT JUMPDEST POP JUMPDEST CALLVALUE SWAP2 POP PUSH2 0x17C5 PUSH1 0x64 PUSH2 0x17B7 PUSH1 0x7 DUP6 PUSH2 0x2922 SWAP1 SWAP2 SWAP1 PUSH4 0xFFFFFFFF AND JUMP JUMPDEST PUSH2 0x295D SWAP1 SWAP2 SWAP1 PUSH4 0xFFFFFFFF AND JUMP JUMPDEST SWAP6 POP PUSH2 0x17EE PUSH1 0x64 PUSH2 0x17E0 PUSH1 0x3 DUP6 PUSH2 0x2922 SWAP1 SWAP2 SWAP1 PUSH4 0xFFFFFFFF AND JUMP JUMPDEST PUSH2 0x295D SWAP1 SWAP2 SWAP1 PUSH4 0xFFFFFFFF AND JUMP JUMPDEST SWAP5 POP PUSH2 0x1817 PUSH1 0x64 PUSH2 0x1809 PUSH1 0x2 DUP6 PUSH2 0x2922 SWAP1 SWAP2 SWAP1 PUSH4 0xFFFFFFFF AND JUMP JUMPDEST PUSH2 0x295D SWAP1 SWAP2 SWAP1 PUSH4 0xFFFFFFFF AND JUMP JUMPDEST SWAP4 POP PUSH2 0x1840 PUSH1 0x64 PUSH2 0x1832 PUSH1 0x3 DUP6 PUSH2 0x2922 SWAP1 SWAP2 SWAP1 PUSH4 0xFFFFFFFF AND JUMP JUMPDEST PUSH2 0x295D SWAP1 SWAP2 SWAP1 PUSH4 0xFFFFFFFF AND JUMP JUMPDEST SWAP3 POP PUSH2 0x1857 DUP4 PUSH1 0xD SLOAD PUSH2 0x2978 SWAP1 SWAP2 SWAP1 PUSH4 0xFFFFFFFF AND JUMP JUMPDEST PUSH1 0xD DUP2 SWAP1 SSTORE POP DUP2 SWAP2 POP PUSH1 0x5 PUSH1 0x0 SWAP1 SLOAD SWAP1 PUSH2 0x100 EXP SWAP1 DIV PUSH20 0xFFFFFFFFFFFFFFFFFFFFFFFFFFFFFFFFFFFFFFFF AND PUSH20 0xFFFFFFFFFFFFFFFFFFFFFFFFFFFFFFFFFFFFFFFF AND PUSH2 0x8FC DUP7 SWAP1 DUP2 ISZERO MUL SWAP1 PUSH1 0x40 MLOAD PUSH1 0x0 PUSH1 0x40 MLOAD DUP1 DUP4 SUB DUP2 DUP6 DUP9 DUP9 CALL SWAP4 POP POP POP POP ISZERO DUP1 ISZERO PUSH2 0x18C8 JUMPI RETURNDATASIZE PUSH1 0x0 DUP1 RETURNDATACOPY RETURNDATASIZE PUSH1 0x0 REVERT JUMPDEST POP PUSH1 0x6 PUSH1 0x0 SWAP1 SLOAD SWAP1 PUSH2 0x100 EXP SWAP1 DIV PUSH20 0xFFFFFFFFFFFFFFFFFFFFFFFFFFFFFFFFFFFFFFFF AND PUSH20 0xFFFFFFFFFFFFFFFFFFFFFFFFFFFFFFFFFFFFFFFF AND PUSH2 0x8FC DUP7 SWAP1 DUP2 ISZERO MUL SWAP1 PUSH1 0x40 MLOAD PUSH1 0x0 PUSH1 0x40 MLOAD DUP1 DUP4 SUB DUP2 DUP6 DUP9 DUP9 CALL SWAP4 POP POP POP POP ISZERO DUP1 ISZERO PUSH2 0x1931 JUMPI RETURNDATASIZE PUSH1 0x0 DUP1 RETURNDATACOPY RETURNDATASIZE PUSH1 0x0 REVERT JUMPDEST POP PUSH1 0x7 PUSH1 0x0 SWAP1 SLOAD SWAP1 PUSH2 0x100 EXP SWAP1 DIV PUSH20 0xFFFFFFFFFFFFFFFFFFFFFFFFFFFFFFFFFFFFFFFF AND PUSH20 0xFFFFFFFFFFFFFFFFFFFFFFFFFFFFFFFFFFFFFFFF AND PUSH2 0x8FC DUP7 SWAP1 DUP2 ISZERO MUL SWAP1 PUSH1 0x40 MLOAD PUSH1 0x0 PUSH1 0x40 MLOAD DUP1 DUP4 SUB DUP2 DUP6 DUP9 DUP9 CALL SWAP4 POP POP POP POP ISZERO DUP1 ISZERO PUSH2 0x199A JUMPI RETURNDATASIZE PUSH1 0x0 DUP1 RETURNDATACOPY RETURNDATASIZE PUSH1 0x0 REVERT JUMPDEST POP PUSH1 0x8 PUSH1 0x0 SWAP1 SLOAD SWAP1 PUSH2 0x100 EXP SWAP1 DIV PUSH20 0xFFFFFFFFFFFFFFFFFFFFFFFFFFFFFFFFFFFFFFFF AND PUSH20 0xFFFFFFFFFFFFFFFFFFFFFFFFFFFFFFFFFFFFFFFF AND PUSH2 0x8FC DUP7 SWAP1 DUP2 ISZERO MUL SWAP1 PUSH1 0x40 MLOAD PUSH1 0x0 PUSH1 0x40 MLOAD DUP1 DUP4 SUB DUP2 DUP6 DUP9 DUP9 CALL SWAP4 POP POP POP POP ISZERO DUP1 ISZERO PUSH2 0x1A03 JUMPI RETURNDATASIZE PUSH1 0x0 DUP1 RETURNDATACOPY RETURNDATASIZE PUSH1 0x0 REVERT JUMPDEST POP PUSH1 0x9 PUSH1 0x0 SWAP1 SLOAD SWAP1 PUSH2 0x100 EXP SWAP1 DIV PUSH20 0xFFFFFFFFFFFFFFFFFFFFFFFFFFFFFFFFFFFFFFFF AND PUSH20 0xFFFFFFFFFFFFFFFFFFFFFFFFFFFFFFFFFFFFFFFF AND PUSH2 0x8FC DUP7 SWAP1 DUP2 ISZERO MUL SWAP1 PUSH1 0x40 MLOAD PUSH1 0x0 PUSH1 0x40 MLOAD DUP1 DUP4 SUB DUP2 DUP6 DUP9 DUP9 CALL SWAP4 POP POP POP POP ISZERO DUP1 ISZERO PUSH2 0x1A6C JUMPI RETURNDATASIZE PUSH1 0x0 DUP1 RETURNDATACOPY RETURNDATASIZE PUSH1 0x0 REVERT JUMPDEST POP PUSH1 0xA PUSH1 0x0 SWAP1 SLOAD SWAP1 PUSH2 0x100 EXP SWAP1 DIV PUSH20 0xFFFFFFFFFFFFFFFFFFFFFFFFFFFFFFFFFFFFFFFF AND PUSH20 0xFFFFFFFFFFFFFFFFFFFFFFFFFFFFFFFFFFFFFFFF AND PUSH2 0x8FC DUP7 SWAP1 DUP2 ISZERO MUL SWAP1 PUSH1 0x40 MLOAD PUSH1 0x0 PUSH1 0x40 MLOAD DUP1 DUP4 SUB DUP2 DUP6 DUP9 DUP9 CALL SWAP4 POP POP POP POP ISZERO DUP1 ISZERO PUSH2 0x1AD5 JUMPI RETURNDATASIZE PUSH1 0x0 DUP1 RETURNDATACOPY RETURNDATASIZE PUSH1 0x0 REVERT JUMPDEST POP PUSH1 0xB PUSH1 0x0 SWAP1 SLOAD SWAP1 PUSH2 0x100 EXP SWAP1 DIV PUSH20 0xFFFFFFFFFFFFFFFFFFFFFFFFFFFFFFFFFFFFFFFF AND PUSH20 0xFFFFFFFFFFFFFFFFFFFFFFFFFFFFFFFFFFFFFFFF AND PUSH2 0x8FC DUP6 SWAP1 DUP2 ISZERO MUL SWAP1 PUSH1 0x40 MLOAD PUSH1 0x0 PUSH1 0x40 MLOAD DUP1 DUP4 SUB DUP2 DUP6 DUP9 DUP9 CALL SWAP4 POP POP POP POP ISZERO DUP1 ISZERO PUSH2 0x1B3E JUMPI RETURNDATASIZE PUSH1 0x0 DUP1 RETURNDATACOPY RETURNDATASIZE PUSH1 0x0 REVERT JUMPDEST POP CALLER PUSH20 0xFFFFFFFFFFFFFFFFFFFFFFFFFFFFFFFFFFFFFFFF AND DUP10 PUSH20 0xFFFFFFFFFFFFFFFFFFFFFFFFFFFFFFFFFFFFFFFF AND EQ ISZERO DUP1 ISZERO PUSH2 0x1B92 JUMPI POP PUSH1 0x1 DUP10 PUSH20 0xFFFFFFFFFFFFFFFFFFFFFFFFFFFFFFFFFFFFFFFF AND EQ ISZERO JUMPDEST DUP1 ISZERO PUSH2 0x1BEC JUMPI POP PUSH1 0x6 PUSH1 0x0 SWAP1 SLOAD SWAP1 PUSH2 0x100 EXP SWAP1 DIV PUSH20 0xFFFFFFFFFFFFFFFFFFFFFFFFFFFFFFFFFFFFFFFF AND PUSH20 0xFFFFFFFFFFFFFFFFFFFFFFFFFFFFFFFFFFFFFFFF AND DUP10 PUSH20 0xFFFFFFFFFFFFFFFFFFFFFFFFFFFFFFFFFFFFFFFF AND EQ ISZERO JUMPDEST DUP1 ISZERO PUSH2 0x1C46 JUMPI POP PUSH1 0x7 PUSH1 0x0 SWAP1 SLOAD SWAP1 PUSH2 0x100 EXP SWAP1 DIV PUSH20 0xFFFFFFFFFFFFFFFFFFFFFFFFFFFFFFFFFFFFFFFF AND PUSH20 0xFFFFFFFFFFFFFFFFFFFFFFFFFFFFFFFFFFFFFFFF AND DUP10 PUSH20 0xFFFFFFFFFFFFFFFFFFFFFFFFFFFFFFFFFFFFFFFF AND EQ ISZERO JUMPDEST DUP1 ISZERO PUSH2 0x1CA0 JUMPI POP PUSH1 0x8 PUSH1 0x0 SWAP1 SLOAD SWAP1 PUSH2 0x100 EXP SWAP1 DIV PUSH20 0xFFFFFFFFFFFFFFFFFFFFFFFFFFFFFFFFFFFFFFFF AND PUSH20 0xFFFFFFFFFFFFFFFFFFFFFFFFFFFFFFFFFFFFFFFF AND DUP10 PUSH20 0xFFFFFFFFFFFFFFFFFFFFFFFFFFFFFFFFFFFFFFFF AND EQ ISZERO JUMPDEST DUP1 ISZERO PUSH2 0x1CFA JUMPI POP PUSH1 0x9 PUSH1 0x0 SWAP1 SLOAD SWAP1 PUSH2 0x100 EXP SWAP1 DIV PUSH20 0xFFFFFFFFFFFFFFFFFFFFFFFFFFFFFFFFFFFFFFFF AND PUSH20 0xFFFFFFFFFFFFFFFFFFFFFFFFFFFFFFFFFFFFFFFF AND DUP10 PUSH20 0xFFFFFFFFFFFFFFFFFFFFFFFFFFFFFFFFFFFFFFFF AND EQ ISZERO JUMPDEST DUP1 ISZERO PUSH2 0x1D54 JUMPI POP PUSH1 0xA PUSH1 0x0 SWAP1 SLOAD SWAP1 PUSH2 0x100 EXP SWAP1 DIV PUSH20 0xFFFFFFFFFFFFFFFFFFFFFFFFFFFFFFFFFFFFFFFF AND PUSH20 0xFFFFFFFFFFFFFFFFFFFFFFFFFFFFFFFFFFFFFFFF AND DUP10 PUSH20 0xFFFFFFFFFFFFFFFFFFFFFFFFFFFFFFFFFFFFFFFF AND EQ ISZERO JUMPDEST DUP1 ISZERO PUSH2 0x1DAE JUMPI POP PUSH1 0xB PUSH1 0x0 SWAP1 SLOAD SWAP1 PUSH2 0x100 EXP SWAP1 DIV PUSH20 0xFFFFFFFFFFFFFFFFFFFFFFFFFFFFFFFFFFFFFFFF AND PUSH20 0xFFFFFFFFFFFFFFFFFFFFFFFFFFFFFFFFFFFFFFFF AND DUP10 PUSH20 0xFFFFFFFFFFFFFFFFFFFFFFFFFFFFFFFFFFFFFFFF AND EQ ISZERO JUMPDEST ISZERO PUSH2 0x1E40 JUMPI PUSH2 0x1DFC PUSH1 0x4 PUSH1 0x0 DUP12 PUSH20 0xFFFFFFFFFFFFFFFFFFFFFFFFFFFFFFFFFFFFFFFF AND PUSH20 0xFFFFFFFFFFFFFFFFFFFFFFFFFFFFFFFFFFFFFFFF AND DUP2 MSTORE PUSH1 0x20 ADD SWAP1 DUP2 MSTORE PUSH1 0x20 ADD PUSH1 0x0 KECCAK256 SLOAD DUP8 PUSH2 0x2978 JUMP JUMPDEST PUSH1 0x4 PUSH1 0x0 DUP12 PUSH20 0xFFFFFFFFFFFFFFFFFFFFFFFFFFFFFFFFFFFFFFFF AND PUSH20 0xFFFFFFFFFFFFFFFFFFFFFFFFFFFFFFFFFFFFFFFF AND DUP2 MSTORE PUSH1 0x20 ADD SWAP1 DUP2 MSTORE PUSH1 0x20 ADD PUSH1 0x0 KECCAK256 DUP2 SWAP1 SSTORE POP JUMPDEST PUSH2 0x1E92 DUP3 PUSH1 0x1 PUSH1 0x0 CALLER PUSH20 0xFFFFFFFFFFFFFFFFFFFFFFFFFFFFFFFFFFFFFFFF AND PUSH20 0xFFFFFFFFFFFFFFFFFFFFFFFFFFFFFFFFFFFFFFFF AND DUP2 MSTORE PUSH1 0x20 ADD SWAP1 DUP2 MSTORE PUSH1 0x20 ADD PUSH1 0x0 KECCAK256 SLOAD PUSH2 0x2978 SWAP1 SWAP2 SWAP1 PUSH4 0xFFFFFFFF AND JUMP JUMPDEST PUSH1 0x1 PUSH1 0x0 CALLER PUSH20 0xFFFFFFFFFFFFFFFFFFFFFFFFFFFFFFFFFFFFFFFF AND PUSH20 0xFFFFFFFFFFFFFFFFFFFFFFFFFFFFFFFFFFFFFFFF AND DUP2 MSTORE PUSH1 0x20 ADD SWAP1 DUP2 MSTORE PUSH1 0x20 ADD PUSH1 0x0 KECCAK256 DUP2 SWAP1 SSTORE POP TIMESTAMP PUSH1 0x2 PUSH1 0x0 CALLER PUSH20 0xFFFFFFFFFFFFFFFFFFFFFFFFFFFFFFFFFFFFFFFF AND PUSH20 0xFFFFFFFFFFFFFFFFFFFFFFFFFFFFFFFFFFFFFFFF AND DUP2 MSTORE PUSH1 0x20 ADD SWAP1 DUP2 MSTORE PUSH1 0x20 ADD PUSH1 0x0 KECCAK256 DUP2 SWAP1 SSTORE POP PUSH1 0x13 PUSH1 0x0 CALLER PUSH20 0xFFFFFFFFFFFFFFFFFFFFFFFFFFFFFFFFFFFFFFFF AND PUSH20 0xFFFFFFFFFFFFFFFFFFFFFFFFFFFFFFFFFFFFFFFF AND DUP2 MSTORE PUSH1 0x20 ADD SWAP1 DUP2 MSTORE PUSH1 0x20 ADD PUSH1 0x0 KECCAK256 DUP3 SWAP1 DUP1 PUSH1 0x1 DUP2 SLOAD ADD DUP1 DUP3 SSTORE DUP1 SWAP2 POP POP SWAP1 PUSH1 0x1 DUP3 SUB SWAP1 PUSH1 0x0 MSTORE PUSH1 0x20 PUSH1 0x0 KECCAK256 ADD PUSH1 0x0 SWAP1 SWAP2 SWAP3 SWAP1 SWAP2 SWAP1 SWAP2 POP SSTORE POP PUSH1 0xE SLOAD PUSH1 0xD SLOAD LT ISZERO ISZERO PUSH2 0x2073 JUMPI PUSH1 0xD SLOAD SWAP1 POP CALLER PUSH20 0xFFFFFFFFFFFFFFFFFFFFFFFFFFFFFFFFFFFFFFFF AND PUSH2 0x8FC DUP3 SWAP1 DUP2 ISZERO MUL SWAP1 PUSH1 0x40 MLOAD PUSH1 0x0 PUSH1 0x40 MLOAD DUP1 DUP4 SUB DUP2 DUP6 DUP9 DUP9 CALL SWAP4 POP POP POP POP ISZERO DUP1 ISZERO PUSH2 0x1FDA JUMPI RETURNDATASIZE PUSH1 0x0 DUP1 RETURNDATACOPY RETURNDATASIZE PUSH1 0x0 REVERT JUMPDEST POP CALLER PUSH1 0xC PUSH1 0x0 PUSH2 0x100 EXP DUP2 SLOAD DUP2 PUSH20 0xFFFFFFFFFFFFFFFFFFFFFFFFFFFFFFFFFFFFFFFF MUL NOT AND SWAP1 DUP4 PUSH20 0xFFFFFFFFFFFFFFFFFFFFFFFFFFFFFFFFFFFFFFFF AND MUL OR SWAP1 SSTORE POP CALLER PUSH20 0xFFFFFFFFFFFFFFFFFFFFFFFFFFFFFFFFFFFFFFFF AND PUSH32 0x55C760794E652D1FA3C4DFC0E0E192F75796BA998FFF30D990B7F6ACC8B04A8F DUP3 PUSH1 0x40 MLOAD DUP1 DUP3 DUP2 MSTORE PUSH1 0x20 ADD SWAP2 POP POP PUSH1 0x40 MLOAD DUP1 SWAP2 SUB SWAP1 LOG2 PUSH1 0x0 PUSH1 0xD DUP2 SWAP1 SSTORE POP JUMPDEST POP POP POP POP POP POP POP POP POP JUMP JUMPDEST PUSH1 0x2 PUSH1 0x20 MSTORE DUP1 PUSH1 0x0 MSTORE PUSH1 0x40 PUSH1 0x0 KECCAK256 PUSH1 0x0 SWAP2 POP SWAP1 POP SLOAD DUP2 JUMP JUMPDEST PUSH1 0x0 DUP1 PUSH2 0x20A1 PUSH2 0x22AF JUMP JUMPDEST SWAP1 POP PUSH8 0x6F05B59D3B20000 DUP2 LT ISZERO DUP1 ISZERO PUSH2 0x20C3 JUMPI POP DUP1 PUSH8 0x3782DACE9D900000 LT ISZERO JUMPDEST ISZERO PUSH2 0x20D1 JUMPI PUSH1 0x0 SWAP2 POP PUSH2 0x2176 JUMP JUMPDEST PUSH8 0x37A661C10D510000 DUP2 LT ISZERO DUP1 ISZERO PUSH2 0x20F1 JUMPI POP DUP1 PUSH8 0x6124FEE993BC0000 LT ISZERO JUMPDEST ISZERO PUSH2 0x20FF JUMPI PUSH1 0x14 SWAP2 POP PUSH2 0x2176 JUMP JUMPDEST PUSH8 0x614885DC037D0000 DUP2 LT ISZERO DUP1 ISZERO PUSH2 0x211F JUMPI POP DUP1 PUSH8 0x8AC7230489E80000 LT ISZERO JUMPDEST ISZERO PUSH2 0x212D JUMPI PUSH1 0x28 SWAP2 POP PUSH2 0x2176 JUMP JUMPDEST PUSH8 0x8AEAA9F6F9A90000 DUP2 LT ISZERO DUP1 ISZERO PUSH2 0x214D JUMPI POP DUP1 PUSH8 0xD02AB486CEDC0000 LT ISZERO JUMPDEST ISZERO PUSH2 0x215B JUMPI PUSH1 0x3C SWAP2 POP PUSH2 0x2176 JUMP JUMPDEST PUSH8 0xD04E3B793E9D0000 DUP2 LT ISZERO ISZERO PUSH2 0x2175 JUMPI PUSH1 0x63 SWAP2 POP PUSH2 0x2176 JUMP JUMPDEST JUMPDEST POP SWAP1 JUMP JUMPDEST PUSH1 0x0 DUP1 PUSH1 0x0 SWAP1 SLOAD SWAP1 PUSH2 0x100 EXP SWAP1 DIV PUSH20 0xFFFFFFFFFFFFFFFFFFFFFFFFFFFFFFFFFFFFFFFF AND SWAP1 POP SWAP1 JUMP JUMPDEST PUSH1 0x0 DUP1 PUSH1 0x0 SWAP1 SLOAD SWAP1 PUSH2 0x100 EXP SWAP1 DIV PUSH20 0xFFFFFFFFFFFFFFFFFFFFFFFFFFFFFFFFFFFFFFFF AND PUSH20 0xFFFFFFFFFFFFFFFFFFFFFFFFFFFFFFFFFFFFFFFF AND CALLER PUSH20 0xFFFFFFFFFFFFFFFFFFFFFFFFFFFFFFFFFFFFFFFF AND EQ SWAP1 POP SWAP1 JUMP JUMPDEST PUSH2 0x2202 PUSH2 0x21A3 JUMP JUMPDEST ISZERO ISZERO PUSH2 0x220D JUMPI PUSH1 0x0 DUP1 REVERT JUMPDEST DUP1 PUSH1 0xE DUP2 SWAP1 SSTORE POP POP JUMP JUMPDEST PUSH1 0x5 PUSH1 0x0 SWAP1 SLOAD SWAP1 PUSH2 0x100 EXP SWAP1 DIV PUSH20 0xFFFFFFFFFFFFFFFFFFFFFFFFFFFFFFFFFFFFFFFF AND DUP2 JUMP JUMPDEST PUSH1 0x9 PUSH1 0x0 SWAP1 SLOAD SWAP1 PUSH2 0x100 EXP SWAP1 DIV PUSH20 0xFFFFFFFFFFFFFFFFFFFFFFFFFFFFFFFFFFFFFFFF AND DUP2 JUMP JUMPDEST PUSH1 0xA PUSH1 0x0 SWAP1 SLOAD SWAP1 PUSH2 0x100 EXP SWAP1 DIV PUSH20 0xFFFFFFFFFFFFFFFFFFFFFFFFFFFFFFFFFFFFFFFF AND DUP2 JUMP JUMPDEST PUSH1 0xC PUSH1 0x0 SWAP1 SLOAD SWAP1 PUSH2 0x100 EXP SWAP1 DIV PUSH20 0xFFFFFFFFFFFFFFFFFFFFFFFFFFFFFFFFFFFFFFFF AND DUP2 JUMP JUMPDEST PUSH1 0x0 PUSH1 0x1 PUSH1 0x0 CALLER PUSH20 0xFFFFFFFFFFFFFFFFFFFFFFFFFFFFFFFFFFFFFFFF AND PUSH20 0xFFFFFFFFFFFFFFFFFFFFFFFFFFFFFFFFFFFFFFFF AND DUP2 MSTORE PUSH1 0x20 ADD SWAP1 DUP2 MSTORE PUSH1 0x20 ADD PUSH1 0x0 KECCAK256 SLOAD SWAP1 POP SWAP1 JUMP JUMPDEST PUSH1 0xB PUSH1 0x0 SWAP1 SLOAD SWAP1 PUSH2 0x100 EXP SWAP1 DIV PUSH20 0xFFFFFFFFFFFFFFFFFFFFFFFFFFFFFFFFFFFFFFFF AND DUP2 JUMP JUMPDEST PUSH1 0x0 DUP1 PUSH1 0x0 DUP1 PUSH1 0x0 DUP1 PUSH2 0x236E TIMESTAMP PUSH1 0x2 PUSH1 0x0 DUP11 PUSH20 0xFFFFFFFFFFFFFFFFFFFFFFFFFFFFFFFFFFFFFFFF AND PUSH20 0xFFFFFFFFFFFFFFFFFFFFFFFFFFFFFFFFFFFFFFFF AND DUP2 MSTORE PUSH1 0x20 ADD SWAP1 DUP2 MSTORE PUSH1 0x20 ADD PUSH1 0x0 KECCAK256 SLOAD PUSH2 0x2909 JUMP JUMPDEST SWAP5 POP PUSH2 0x23C5 PUSH2 0x23BC DUP7 PUSH1 0x1 PUSH1 0x0 DUP12 PUSH20 0xFFFFFFFFFFFFFFFFFFFFFFFFFFFFFFFFFFFFFFFF AND PUSH20 0xFFFFFFFFFFFFFFFFFFFFFFFFFFFFFFFFFFFFFFFF AND DUP2 MSTORE PUSH1 0x20 ADD SWAP1 DUP2 MSTORE PUSH1 0x20 ADD PUSH1 0x0 KECCAK256 SLOAD PUSH2 0x2922 JUMP JUMPDEST PUSH3 0x12D608 PUSH2 0x295D JUMP JUMPDEST SWAP4 POP PUSH2 0x23CF PUSH2 0xCD7 JUMP JUMPDEST SWAP3 POP PUSH1 0x12 PUSH1 0x0 CALLER PUSH20 0xFFFFFFFFFFFFFFFFFFFFFFFFFFFFFFFFFFFFFFFF AND PUSH20 0xFFFFFFFFFFFFFFFFFFFFFFFFFFFFFFFFFFFFFFFF AND DUP2 MSTORE PUSH1 0x20 ADD SWAP1 DUP2 MSTORE PUSH1 0x20 ADD PUSH1 0x0 KECCAK256 SLOAD DUP4 SUB SWAP2 POP DUP2 DUP5 GT DUP1 ISZERO PUSH2 0x2462 JUMPI POP DUP3 PUSH1 0x12 PUSH1 0x0 CALLER PUSH20 0xFFFFFFFFFFFFFFFFFFFFFFFFFFFFFFFFFFFFFFFF AND PUSH20 0xFFFFFFFFFFFFFFFFFFFFFFFFFFFFFFFFFFFFFFFF AND DUP2 MSTORE PUSH1 0x20 ADD SWAP1 DUP2 MSTORE PUSH1 0x20 ADD PUSH1 0x0 KECCAK256 SLOAD LT JUMPDEST ISZERO PUSH2 0x246B JUMPI DUP2 SWAP4 POP JUMPDEST PUSH2 0x2473 PUSH2 0x2096 JUMP JUMPDEST SWAP1 POP PUSH1 0x0 DUP2 EQ ISZERO PUSH2 0x2486 JUMPI DUP4 SWAP6 POP PUSH2 0x24A6 JUMP JUMPDEST PUSH2 0x24A3 DUP5 PUSH2 0x249E PUSH2 0x2497 DUP8 DUP6 PUSH2 0x2922 JUMP JUMPDEST PUSH1 0x64 PUSH2 0x295D JUMP JUMPDEST PUSH2 0x2978 JUMP JUMPDEST SWAP6 POP JUMPDEST POP POP POP POP POP SWAP2 SWAP1 POP JUMP JUMPDEST PUSH1 0x7 PUSH1 0x0 SWAP1 SLOAD SWAP1 PUSH2 0x100 EXP SWAP1 DIV PUSH20 0xFFFFFFFFFFFFFFFFFFFFFFFFFFFFFFFFFFFFFFFF AND DUP2 JUMP JUMPDEST PUSH1 0x10 SLOAD DUP2 JUMP JUMPDEST PUSH2 0x24E4 PUSH2 0x21A3 JUMP JUMPDEST ISZERO ISZERO PUSH2 0x24EF JUMPI PUSH1 0x0 DUP1 REVERT JUMPDEST PUSH1 0x0 PUSH20 0xFFFFFFFFFFFFFFFFFFFFFFFFFFFFFFFFFFFFFFFF AND DUP2 PUSH20 0xFFFFFFFFFFFFFFFFFFFFFFFFFFFFFFFFFFFFFFFF AND EQ ISZERO ISZERO ISZERO PUSH2 0x252B JUMPI PUSH1 0x0 DUP1 REVERT JUMPDEST DUP1 PUSH1 0x6 PUSH1 0x0 PUSH2 0x100 EXP DUP2 SLOAD DUP2 PUSH20 0xFFFFFFFFFFFFFFFFFFFFFFFFFFFFFFFFFFFFFFFF MUL NOT AND SWAP1 DUP4 PUSH20 0xFFFFFFFFFFFFFFFFFFFFFFFFFFFFFFFFFFFFFFFF AND MUL OR SWAP1 SSTORE POP POP JUMP JUMPDEST PUSH1 0x1 PUSH1 0x20 MSTORE DUP1 PUSH1 0x0 MSTORE PUSH1 0x40 PUSH1 0x0 KECCAK256 PUSH1 0x0 SWAP2 POP SWAP1 POP SLOAD DUP2 JUMP JUMPDEST PUSH1 0x0 PUSH2 0x2592 CALLER PUSH2 0x231C JUMP JUMPDEST SWAP1 POP PUSH1 0x0 DUP2 GT ISZERO ISZERO PUSH2 0x25A3 JUMPI PUSH1 0x0 DUP1 REVERT JUMPDEST TIMESTAMP PUSH1 0x2 PUSH1 0x0 CALLER PUSH20 0xFFFFFFFFFFFFFFFFFFFFFFFFFFFFFFFFFFFFFFFF AND PUSH20 0xFFFFFFFFFFFFFFFFFFFFFFFFFFFFFFFFFFFFFFFF AND DUP2 MSTORE PUSH1 0x20 ADD SWAP1 DUP2 MSTORE PUSH1 0x20 ADD PUSH1 0x0 KECCAK256 DUP2 SWAP1 SSTORE POP DUP1 PUSH1 0x12 PUSH1 0x0 CALLER PUSH20 0xFFFFFFFFFFFFFFFFFFFFFFFFFFFFFFFFFFFFFFFF AND PUSH20 0xFFFFFFFFFFFFFFFFFFFFFFFFFFFFFFFFFFFFFFFF AND DUP2 MSTORE PUSH1 0x20 ADD SWAP1 DUP2 MSTORE PUSH1 0x20 ADD PUSH1 0x0 KECCAK256 PUSH1 0x0 DUP3 DUP3 SLOAD ADD SWAP3 POP POP DUP2 SWAP1 SSTORE POP PUSH2 0x267D PUSH1 0x1 PUSH1 0x0 CALLER PUSH20 0xFFFFFFFFFFFFFFFFFFFFFFFFFFFFFFFFFFFFFFFF AND PUSH20 0xFFFFFFFFFFFFFFFFFFFFFFFFFFFFFFFFFFFFFFFF AND DUP2 MSTORE PUSH1 0x20 ADD SWAP1 DUP2 MSTORE PUSH1 0x20 ADD PUSH1 0x0 KECCAK256 SLOAD DUP3 PUSH2 0x2978 JUMP JUMPDEST PUSH1 0x1 PUSH1 0x0 CALLER PUSH20 0xFFFFFFFFFFFFFFFFFFFFFFFFFFFFFFFFFFFFFFFF AND PUSH20 0xFFFFFFFFFFFFFFFFFFFFFFFFFFFFFFFFFFFFFFFF AND DUP2 MSTORE PUSH1 0x20 ADD SWAP1 DUP2 MSTORE PUSH1 0x20 ADD PUSH1 0x0 KECCAK256 DUP2 SWAP1 SSTORE POP POP JUMP JUMPDEST PUSH1 0x12 PUSH1 0x20 MSTORE DUP1 PUSH1 0x0 MSTORE PUSH1 0x40 PUSH1 0x0 KECCAK256 PUSH1 0x0 SWAP2 POP SWAP1 POP SLOAD DUP2 JUMP JUMPDEST PUSH2 0x26E3 PUSH2 0x21A3 JUMP JUMPDEST ISZERO ISZERO PUSH2 0x26EE JUMPI PUSH1 0x0 DUP1 REVERT JUMPDEST PUSH1 0x0 PUSH20 0xFFFFFFFFFFFFFFFFFFFFFFFFFFFFFFFFFFFFFFFF AND DUP2 PUSH20 0xFFFFFFFFFFFFFFFFFFFFFFFFFFFFFFFFFFFFFFFF AND EQ ISZERO ISZERO ISZERO PUSH2 0x272A JUMPI PUSH1 0x0 DUP1 REVERT JUMPDEST DUP1 PUSH1 0x8 PUSH1 0x0 PUSH2 0x100 EXP DUP2 SLOAD DUP2 PUSH20 0xFFFFFFFFFFFFFFFFFFFFFFFFFFFFFFFFFFFFFFFF MUL NOT AND SWAP1 DUP4 PUSH20 0xFFFFFFFFFFFFFFFFFFFFFFFFFFFFFFFFFFFFFFFF AND MUL OR SWAP1 SSTORE POP POP JUMP JUMPDEST PUSH1 0x0 DUP1 PUSH1 0x4 PUSH1 0x0 CALLER PUSH20 0xFFFFFFFFFFFFFFFFFFFFFFFFFFFFFFFFFFFFFFFF AND PUSH20 0xFFFFFFFFFFFFFFFFFFFFFFFFFFFFFFFFFFFFFFFF AND DUP2 MSTORE PUSH1 0x20 ADD SWAP1 DUP2 MSTORE PUSH1 0x20 ADD PUSH1 0x0 KECCAK256 SLOAD GT ISZERO ISZERO PUSH2 0x27BD JUMPI PUSH1 0x0 DUP1 REVERT JUMPDEST PUSH1 0x4 PUSH1 0x0 CALLER PUSH20 0xFFFFFFFFFFFFFFFFFFFFFFFFFFFFFFFFFFFFFFFF AND PUSH20 0xFFFFFFFFFFFFFFFFFFFFFFFFFFFFFFFFFFFFFFFF AND DUP2 MSTORE PUSH1 0x20 ADD SWAP1 DUP2 MSTORE PUSH1 0x20 ADD PUSH1 0x0 KECCAK256 SLOAD SWAP1 POP PUSH1 0x0 PUSH1 0x4 PUSH1 0x0 CALLER PUSH20 0xFFFFFFFFFFFFFFFFFFFFFFFFFFFFFFFFFFFFFFFF AND PUSH20 0xFFFFFFFFFFFFFFFFFFFFFFFFFFFFFFFFFFFFFFFF AND DUP2 MSTORE PUSH1 0x20 ADD SWAP1 DUP2 MSTORE PUSH1 0x20 ADD PUSH1 0x0 KECCAK256 DUP2 SWAP1 SSTORE POP CALLER PUSH20 0xFFFFFFFFFFFFFFFFFFFFFFFFFFFFFFFFFFFFFFFF AND PUSH2 0x8FC DUP3 SWAP1 DUP2 ISZERO MUL SWAP1 PUSH1 0x40 MLOAD PUSH1 0x0 PUSH1 0x40 MLOAD DUP1 DUP4 SUB DUP2 DUP6 DUP9 DUP9 CALL SWAP4 POP POP POP POP ISZERO DUP1 ISZERO PUSH2 0x288A JUMPI RETURNDATASIZE PUSH1 0x0 DUP1 RETURNDATACOPY RETURNDATASIZE PUSH1 0x0 REVERT JUMPDEST POP POP JUMP JUMPDEST PUSH2 0x2896 PUSH2 0x21A3 JUMP JUMPDEST ISZERO ISZERO PUSH2 0x28A1 JUMPI PUSH1 0x0 DUP1 REVERT JUMPDEST PUSH2 0x28AA DUP2 PUSH2 0x2996 JUMP JUMPDEST POP JUMP JUMPDEST PUSH1 0x6 PUSH1 0x0 SWAP1 SLOAD SWAP1 PUSH2 0x100 EXP SWAP1 DIV PUSH20 0xFFFFFFFFFFFFFFFFFFFFFFFFFFFFFFFFFFFFFFFF AND DUP2 JUMP JUMPDEST PUSH1 0xF SLOAD DUP2 JUMP JUMPDEST PUSH1 0x13 PUSH1 0x20 MSTORE DUP2 PUSH1 0x0 MSTORE PUSH1 0x40 PUSH1 0x0 KECCAK256 DUP2 DUP2 SLOAD DUP2 LT ISZERO ISZERO PUSH2 0x28F4 JUMPI INVALID JUMPDEST SWAP1 PUSH1 0x0 MSTORE PUSH1 0x20 PUSH1 0x0 KECCAK256 ADD PUSH1 0x0 SWAP2 POP SWAP2 POP POP SLOAD DUP2 JUMP JUMPDEST PUSH1 0x0 DUP3 DUP3 GT ISZERO ISZERO ISZERO PUSH2 0x2917 JUMPI INVALID JUMPDEST DUP2 DUP4 SUB SWAP1 POP SWAP3 SWAP2 POP POP JUMP JUMPDEST PUSH1 0x0 DUP1 PUSH1 0x0 DUP5 EQ ISZERO PUSH2 0x2937 JUMPI PUSH1 0x0 SWAP2 POP PUSH2 0x2956 JUMP JUMPDEST DUP3 DUP5 MUL SWAP1 POP DUP3 DUP5 DUP3 DUP2 ISZERO ISZERO PUSH2 0x2948 JUMPI INVALID JUMPDEST DIV EQ ISZERO ISZERO PUSH2 0x2952 JUMPI INVALID JUMPDEST DUP1 SWAP2 POP JUMPDEST POP SWAP3 SWAP2 POP POP JUMP JUMPDEST PUSH1 0x0 DUP1 DUP3 DUP5 DUP2 ISZERO ISZERO PUSH2 0x296B JUMPI INVALID JUMPDEST DIV SWAP1 POP DUP1 SWAP2 POP POP SWAP3 SWAP2 POP POP JUMP JUMPDEST PUSH1 0x0 DUP1 DUP3 DUP5 ADD SWAP1 POP DUP4 DUP2 LT ISZERO ISZERO ISZERO PUSH2 0x298C JUMPI INVALID JUMPDEST DUP1 SWAP2 POP POP SWAP3 SWAP2 POP POP JUMP JUMPDEST PUSH1 0x0 PUSH20 0xFFFFFFFFFFFFFFFFFFFFFFFFFFFFFFFFFFFFFFFF AND DUP2 PUSH20 0xFFFFFFFFFFFFFFFFFFFFFFFFFFFFFFFFFFFFFFFF AND EQ ISZERO ISZERO ISZERO PUSH2 0x29D2 JUMPI PUSH1 0x0 DUP1 REVERT JUMPDEST DUP1 PUSH20 0xFFFFFFFFFFFFFFFFFFFFFFFFFFFFFFFFFFFFFFFF AND PUSH1 0x0 DUP1 SWAP1 SLOAD SWAP1 PUSH2 0x100 EXP SWAP1 DIV PUSH20 0xFFFFFFFFFFFFFFFFFFFFFFFFFFFFFFFFFFFFFFFF AND PUSH20 0xFFFFFFFFFFFFFFFFFFFFFFFFFFFFFFFFFFFFFFFF AND PUSH32 0x8BE0079C531659141344CD1FD0A4F28419497F9722A3DAAFE3B4186F6B6457E0 PUSH1 0x40 MLOAD PUSH1 0x40 MLOAD DUP1 SWAP2 SUB SWAP1 LOG3 DUP1 PUSH1 0x0 DUP1 PUSH2 0x100 EXP DUP2 SLOAD DUP2 PUSH20 0xFFFFFFFFFFFFFFFFFFFFFFFFFFFFFFFFFFFFFFFF MUL NOT AND SWAP1 DUP4 PUSH20 0xFFFFFFFFFFFFFFFFFFFFFFFFFFFFFFFFFFFFFFFF AND MUL OR SWAP1 SSTORE POP POP JUMP JUMPDEST POP DUP1 SLOAD PUSH1 0x0 DUP3 SSTORE SWAP1 PUSH1 0x0 MSTORE PUSH1 0x20 PUSH1 0x0 KECCAK256 SWAP1 DUP2 ADD SWAP1 PUSH2 0x2AAE SWAP2 SWAP1 PUSH2 0x2AB1 JUMP JUMPDEST POP JUMP JUMPDEST PUSH2 0x2AD3 SWAP2 SWAP1 JUMPDEST DUP1 DUP3 GT ISZERO PUSH2 0x2ACF JUMPI PUSH1 0x0 DUP2 PUSH1 0x0 SWAP1 SSTORE POP PUSH1 0x1 ADD PUSH2 0x2AB7 JUMP JUMPDEST POP SWAP1 JUMP JUMPDEST SWAP1 JUMP STOP LOG1 PUSH6 0x627A7A723058 KECCAK256 DUP13 0xe5 0xc8 0xba 0x2c 0xb4 0xd4 0xad DUP13 0xee DUP16 0xe3 LOG2 JUMP 0xb4 SWAP12 RETURNDATASIZE LOG4 KECCAK256 0xdb 0xe7 0x4e 0x5f PUSH32 0x27170A3DDB0FEC48002900000000000000000000000000000000000000000000
0,PUSH1 0x80 PUSH1 0x40 MSTORE CALLVALUE DUP1 ISZERO PUSH2 0x10 JUMPI PUSH1 0x0 DUP1 REVERT JUMPDEST POP CALLER PUSH1 0x0 DUP1 PUSH2 0x100 EXP DUP2 SLOAD DUP2 PUSH20 0xFFFFFFFFFFFFFFFFFFFFFFFFFFFFFFFFFFFFFFFF MUL NOT AND SWAP1 DUP4 PUSH20 0xFFFFFFFFFFFFFFFFFFFFFFFFFFFFFFFFFFFFFFFF AND MUL OR SWAP1 SSTORE POP PUSH1 0xE3 DUP1 PUSH2 0x5F PUSH1 0x0 CODECOPY PUSH1 0x0 RETURN INVALID PUSH1 0x80 PUSH1 0x40 MSTORE PUSH1 0x4 CALLDATASIZE LT PUSH1 0x39 JUMPI PUSH1 0x0 CALLDATALOAD PUSH29 0x100000000000000000000000000000000000000000000000000000000 SWAP1 DIV DUP1 PUSH4 0x8DA5CB5B EQ PUSH1 0x3E JUMPI JUMPDEST PUSH1 0x0 DUP1 REVERT JUMPDEST CALLVALUE DUP1 ISZERO PUSH1 0x49 JUMPI PUSH1 0x0 DUP1 REVERT JUMPDEST POP PUSH1 0x50 PUSH1 0x92 JUMP JUMPDEST PUSH1 0x40 MLOAD DUP1 DUP3 PUSH20 0xFFFFFFFFFFFFFFFFFFFFFFFFFFFFFFFFFFFFFFFF AND PUSH20 0xFFFFFFFFFFFFFFFFFFFFFFFFFFFFFFFFFFFFFFFF AND DUP2 MSTORE PUSH1 0x20 ADD SWAP2 POP POP PUSH1 0x40 MLOAD DUP1 SWAP2 SUB SWAP1 RETURN JUMPDEST PUSH1 0x0 DUP1 SWAP1 SLOAD SWAP1 PUSH2 0x100 EXP SWAP1 DIV PUSH20 0xFFFFFFFFFFFFFFFFFFFFFFFFFFFFFFFFFFFFFFFF AND DUP2 JUMP INVALID LOG1 PUSH6 0x627A7A723058 KECCAK256 0xb4 ISZERO XOR 0xc2 0xe1 0xe8 0xcb 0xf8 0xb7 0xdf DIV 0xcb 0xed PUSH20 0xFA4A51BCD74A90AA34100C17EE9E6634A4EF0029
0,PUSH1 0x80 PUSH1 0x40 MSTORE CALLVALUE DUP1 ISZERO PUSH2 0x10 JUMPI PUSH1 0x0 DUP1 REVERT JUMPDEST POP PUSH2 0x419 DUP1 PUSH2 0x20 PUSH1 0x0 CODECOPY PUSH1 0x0 RETURN STOP PUSH1 0x80 PUSH1 0x40 MSTORE PUSH1 0x4 CALLDATASIZE LT PUSH2 0x57 JUMPI PUSH1 0x0 CALLDATALOAD PUSH29 0x100000000000000000000000000000000000000000000000000000000 SWAP1 DIV PUSH4 0xFFFFFFFF AND DUP1 PUSH4 0x18160DDD EQ PUSH2 0x5C JUMPI DUP1 PUSH4 0x70A08231 EQ PUSH2 0x87 JUMPI DUP1 PUSH4 0xA9059CBB EQ PUSH2 0xDE JUMPI JUMPDEST PUSH1 0x0 DUP1 REVERT JUMPDEST CALLVALUE DUP1 ISZERO PUSH2 0x68 JUMPI PUSH1 0x0 DUP1 REVERT JUMPDEST POP PUSH2 0x71 PUSH2 0x143 JUMP JUMPDEST PUSH1 0x40 MLOAD DUP1 DUP3 DUP2 MSTORE PUSH1 0x20 ADD SWAP2 POP POP PUSH1 0x40 MLOAD DUP1 SWAP2 SUB SWAP1 RETURN JUMPDEST CALLVALUE DUP1 ISZERO PUSH2 0x93 JUMPI PUSH1 0x0 DUP1 REVERT JUMPDEST POP PUSH2 0xC8 PUSH1 0x4 DUP1 CALLDATASIZE SUB DUP2 ADD SWAP1 DUP1 DUP1 CALLDATALOAD PUSH20 0xFFFFFFFFFFFFFFFFFFFFFFFFFFFFFFFFFFFFFFFF AND SWAP1 PUSH1 0x20 ADD SWAP1 SWAP3 SWAP2 SWAP1 POP POP POP PUSH2 0x149 JUMP JUMPDEST PUSH1 0x40 MLOAD DUP1 DUP3 DUP2 MSTORE PUSH1 0x20 ADD SWAP2 POP POP PUSH1 0x40 MLOAD DUP1 SWAP2 SUB SWAP1 RETURN JUMPDEST CALLVALUE DUP1 ISZERO PUSH2 0xEA JUMPI PUSH1 0x0 DUP1 REVERT JUMPDEST POP PUSH2 0x129 PUSH1 0x4 DUP1 CALLDATASIZE SUB DUP2 ADD SWAP1 DUP1 DUP1 CALLDATALOAD PUSH20 0xFFFFFFFFFFFFFFFFFFFFFFFFFFFFFFFFFFFFFFFF AND SWAP1 PUSH1 0x20 ADD SWAP1 SWAP3 SWAP2 SWAP1 DUP1 CALLDATALOAD SWAP1 PUSH1 0x20 ADD SWAP1 SWAP3 SWAP2 SWAP1 POP POP POP PUSH2 0x192 JUMP JUMPDEST PUSH1 0x40 MLOAD DUP1 DUP3 ISZERO ISZERO ISZERO ISZERO DUP2 MSTORE PUSH1 0x20 ADD SWAP2 POP POP PUSH1 0x40 MLOAD DUP1 SWAP2 SUB SWAP1 RETURN JUMPDEST PUSH1 0x0 SLOAD DUP2 JUMP JUMPDEST PUSH1 0x0 PUSH1 0x1 PUSH1 0x0 DUP4 PUSH20 0xFFFFFFFFFFFFFFFFFFFFFFFFFFFFFFFFFFFFFFFF AND PUSH20 0xFFFFFFFFFFFFFFFFFFFFFFFFFFFFFFFFFFFFFFFF AND DUP2 MSTORE PUSH1 0x20 ADD SWAP1 DUP2 MSTORE PUSH1 0x20 ADD PUSH1 0x0 KECCAK256 SLOAD SWAP1 POP SWAP2 SWAP1 POP JUMP JUMPDEST PUSH1 0x0 DUP1 PUSH20 0xFFFFFFFFFFFFFFFFFFFFFFFFFFFFFFFFFFFFFFFF AND DUP4 PUSH20 0xFFFFFFFFFFFFFFFFFFFFFFFFFFFFFFFFFFFFFFFF AND EQ ISZERO ISZERO ISZERO PUSH2 0x1CF JUMPI PUSH1 0x0 DUP1 REVERT JUMPDEST PUSH1 0x1 PUSH1 0x0 CALLER PUSH20 0xFFFFFFFFFFFFFFFFFFFFFFFFFFFFFFFFFFFFFFFF AND PUSH20 0xFFFFFFFFFFFFFFFFFFFFFFFFFFFFFFFFFFFFFFFF AND DUP2 MSTORE PUSH1 0x20 ADD SWAP1 DUP2 MSTORE PUSH1 0x20 ADD PUSH1 0x0 KECCAK256 SLOAD DUP3 GT ISZERO ISZERO ISZERO PUSH2 0x21D JUMPI PUSH1 0x0 DUP1 REVERT JUMPDEST PUSH2 0x26F DUP3 PUSH1 0x1 PUSH1 0x0 CALLER PUSH20 0xFFFFFFFFFFFFFFFFFFFFFFFFFFFFFFFFFFFFFFFF AND PUSH20 0xFFFFFFFFFFFFFFFFFFFFFFFFFFFFFFFFFFFFFFFF AND DUP2 MSTORE PUSH1 0x20 ADD SWAP1 DUP2 MSTORE PUSH1 0x20 ADD PUSH1 0x0 KECCAK256 SLOAD PUSH2 0x3B6 SWAP1 SWAP2 SWAP1 PUSH4 0xFFFFFFFF AND JUMP JUMPDEST PUSH1 0x1 PUSH1 0x0 CALLER PUSH20 0xFFFFFFFFFFFFFFFFFFFFFFFFFFFFFFFFFFFFFFFF AND PUSH20 0xFFFFFFFFFFFFFFFFFFFFFFFFFFFFFFFFFFFFFFFF AND DUP2 MSTORE PUSH1 0x20 ADD SWAP1 DUP2 MSTORE PUSH1 0x20 ADD PUSH1 0x0 KECCAK256 DUP2 SWAP1 SSTORE POP PUSH2 0x304 DUP3 PUSH1 0x1 PUSH1 0x0 DUP7 PUSH20 0xFFFFFFFFFFFFFFFFFFFFFFFFFFFFFFFFFFFFFFFF AND PUSH20 0xFFFFFFFFFFFFFFFFFFFFFFFFFFFFFFFFFFFFFFFF AND DUP2 MSTORE PUSH1 0x20 ADD SWAP1 DUP2 MSTORE PUSH1 0x20 ADD PUSH1 0x0 KECCAK256 SLOAD PUSH2 0x3CF SWAP1 SWAP2 SWAP1 PUSH4 0xFFFFFFFF AND JUMP JUMPDEST PUSH1 0x1 PUSH1 0x0 DUP6 PUSH20 0xFFFFFFFFFFFFFFFFFFFFFFFFFFFFFFFFFFFFFFFF AND PUSH20 0xFFFFFFFFFFFFFFFFFFFFFFFFFFFFFFFFFFFFFFFF AND DUP2 MSTORE PUSH1 0x20 ADD SWAP1 DUP2 MSTORE PUSH1 0x20 ADD PUSH1 0x0 KECCAK256 DUP2 SWAP1 SSTORE POP DUP3 PUSH20 0xFFFFFFFFFFFFFFFFFFFFFFFFFFFFFFFFFFFFFFFF AND CALLER PUSH20 0xFFFFFFFFFFFFFFFFFFFFFFFFFFFFFFFFFFFFFFFF AND PUSH32 0xDDF252AD1BE2C89B69C2B068FC378DAA952BA7F163C4A11628F55A4DF523B3EF DUP5 PUSH1 0x40 MLOAD DUP1 DUP3 DUP2 MSTORE PUSH1 0x20 ADD SWAP2 POP POP PUSH1 0x40 MLOAD DUP1 SWAP2 SUB SWAP1 LOG3 PUSH1 0x1 SWAP1 POP SWAP3 SWAP2 POP POP JUMP JUMPDEST PUSH1 0x0 DUP3 DUP3 GT ISZERO ISZERO ISZERO PUSH2 0x3C4 JUMPI INVALID JUMPDEST DUP2 DUP4 SUB SWAP1 POP SWAP3 SWAP2 POP POP JUMP JUMPDEST PUSH1 0x0 DUP1 DUP3 DUP5 ADD SWAP1 POP DUP4 DUP2 LT ISZERO ISZERO ISZERO PUSH2 0x3E3 JUMPI INVALID JUMPDEST DUP1 SWAP2 POP POP SWAP3 SWAP2 POP POP JUMP STOP LOG1 PUSH6 0x627A7A723058 KECCAK256 0x26 0xb5 DUP3 DUP14 0x4b 0xa8 0xe9 0x4b 0xd6 JUMPI DIFFICULTY 0xc9 0xd3 RETURNDATACOPY PUSH1 0x1C 0x28 KECCAK256 SGT PUSH25 0x82013DCDE0CF0997B29DCE6B00290000000000000000000000
0,PUSH1 0x4C PUSH1 0x2C PUSH1 0xB DUP3 DUP3 DUP3 CODECOPY DUP1 MLOAD PUSH1 0x0 BYTE PUSH1 0x73 EQ PUSH1 0x0 DUP2 EQ PUSH1 0x1C JUMPI PUSH1 0x1E JUMP JUMPDEST INVALID JUMPDEST POP ADDRESS PUSH1 0x0 MSTORE PUSH1 0x73 DUP2 MSTORE8 DUP3 DUP2 RETURN INVALID PUSH20 0x0 ADDRESS EQ PUSH1 0x80 PUSH1 0x40 MSTORE PUSH1 0x0 DUP1 REVERT INVALID LOG1 PUSH6 0x627A7A723058 KECCAK256 SUB 0xce 0x26 SGT 0x2a 0xe1 PUSH15 0xC62BB26E5797FC163988E6A2CDECBB SWAP5 CALLDATALOAD PUSH6 0x557BB61DAB49 AND STOP 0x29
0,PUSH1 0x80 PUSH1 0x40 MSTORE PUSH20 0xC513B1DA33446A15BD4AFB5561AC3D5B1CB84EE PUSH1 0x5 PUSH1 0x0 PUSH2 0x100 EXP DUP2 SLOAD DUP2 PUSH20 0xFFFFFFFFFFFFFFFFFFFFFFFFFFFFFFFFFFFFFFFF MUL NOT AND SWAP1 DUP4 PUSH20 0xFFFFFFFFFFFFFFFFFFFFFFFFFFFFFFFFFFFFFFFF AND MUL OR SWAP1 SSTORE POP PUSH20 0x1B4360A5E654280FCD0149829DC88CB4B4F06556 PUSH1 0x6 PUSH1 0x0 PUSH2 0x100 EXP DUP2 SLOAD DUP2 PUSH20 0xFFFFFFFFFFFFFFFFFFFFFFFFFFFFFFFFFFFFFFFF MUL NOT AND SWAP1 DUP4 PUSH20 0xFFFFFFFFFFFFFFFFFFFFFFFFFFFFFFFFFFFFFFFF AND MUL OR SWAP1 SSTORE POP PUSH20 0x6D990AD82D60AAFEC9B193EC2E43CCAE7A514F59 PUSH1 0x7 PUSH1 0x0 PUSH2 0x100 EXP DUP2 SLOAD DUP2 PUSH20 0xFFFFFFFFFFFFFFFFFFFFFFFFFFFFFFFFFFFFFFFF MUL NOT AND SWAP1 DUP4 PUSH20 0xFFFFFFFFFFFFFFFFFFFFFFFFFFFFFFFFFFFFFFFF AND MUL OR SWAP1 SSTORE POP PUSH20 0x1FF0059F0173FE3484E51DD483049073AD444647 PUSH1 0x8 PUSH1 0x0 PUSH2 0x100 EXP DUP2 SLOAD DUP2 PUSH20 0xFFFFFFFFFFFFFFFFFFFFFFFFFFFFFFFFFFFFFFFF MUL NOT AND SWAP1 DUP4 PUSH20 0xFFFFFFFFFFFFFFFFFFFFFFFFFFFFFFFFFFFFFFFF AND MUL OR SWAP1 SSTORE POP PUSH20 0xEC886EFC31415B7C93030CD07CCB9592953EF6DE PUSH1 0x9 PUSH1 0x0 PUSH2 0x100 EXP DUP2 SLOAD DUP2 PUSH20 0xFFFFFFFFFFFFFFFFFFFFFFFFFFFFFFFFFFFFFFFF MUL NOT AND SWAP1 DUP4 PUSH20 0xFFFFFFFFFFFFFFFFFFFFFFFFFFFFFFFFFFFFFFFF AND MUL OR SWAP1 SSTORE POP PUSH20 0xD54F6FF455E9C4D54E5AD4F0D2AD9B8356FB625 PUSH1 0xA PUSH1 0x0 PUSH2 0x100 EXP DUP2 SLOAD DUP2 PUSH20 0xFFFFFFFFFFFFFFFFFFFFFFFFFFFFFFFFFFFFFFFF MUL NOT AND SWAP1 DUP4 PUSH20 0xFFFFFFFFFFFFFFFFFFFFFFFFFFFFFFFFFFFFFFFF AND MUL OR SWAP1 SSTORE POP PUSH20 0x1CA4F7BE21270DA59C0BD806888A82583AE48511 PUSH1 0xB PUSH1 0x0 PUSH2 0x100 EXP DUP2 SLOAD DUP2 PUSH20 0xFFFFFFFFFFFFFFFFFFFFFFFFFFFFFFFFFFFFFFFF MUL NOT AND SWAP1 DUP4 PUSH20 0xFFFFFFFFFFFFFFFFFFFFFFFFFFFFFFFFFFFFFFFF AND MUL OR SWAP1 SSTORE POP PUSH1 0x0 PUSH1 0xD SSTORE PUSH8 0x1BC16D674EC80000 PUSH1 0xE SSTORE PUSH4 0x5CB1EB60 PUSH1 0xF SSTORE PUSH3 0x292 PUSH1 0x57 PUSH1 0xA PUSH3 0x362 PUSH5 0x100000000 MUL PUSH3 0x295D OR PUSH5 0x100000000 SWAP1 DIV JUMP JUMPDEST PUSH1 0x10 SSTORE PUSH3 0x2B7 PUSH1 0x14 PUSH1 0xA PUSH3 0x362 PUSH5 0x100000000 MUL PUSH3 0x295D OR PUSH5 0x100000000 SWAP1 DIV JUMP JUMPDEST PUSH1 0x11 SSTORE CALLVALUE DUP1 ISZERO PUSH3 0x2C7 JUMPI PUSH1 0x0 DUP1 REVERT JUMPDEST POP CALLER PUSH1 0x0 DUP1 PUSH2 0x100 EXP DUP2 SLOAD DUP2 PUSH20 0xFFFFFFFFFFFFFFFFFFFFFFFFFFFFFFFFFFFFFFFF MUL NOT AND SWAP1 DUP4 PUSH20 0xFFFFFFFFFFFFFFFFFFFFFFFFFFFFFFFFFFFFFFFF AND MUL OR SWAP1 SSTORE POP PUSH20 0xC513B1DA33446A15BD4AFB5561AC3D5B1CB84EE PUSH1 0x0 DUP1 PUSH2 0x100 EXP DUP2 SLOAD DUP2 PUSH20 0xFFFFFFFFFFFFFFFFFFFFFFFFFFFFFFFFFFFFFFFF MUL NOT AND SWAP1 DUP4 PUSH20 0xFFFFFFFFFFFFFFFFFFFFFFFFFFFFFFFFFFFFFFFF AND MUL OR SWAP1 SSTORE POP PUSH3 0x37E JUMP JUMPDEST PUSH1 0x0 DUP1 DUP3 DUP5 DUP2 ISZERO ISZERO PUSH3 0x371 JUMPI INVALID JUMPDEST DIV SWAP1 POP DUP1 SWAP2 POP POP SWAP3 SWAP2 POP POP JUMP JUMPDEST PUSH2 0x2B02 DUP1 PUSH3 0x38E PUSH1 0x0 CODECOPY PUSH1 0x0 RETURN STOP PUSH1 0x80 PUSH1 0x40 MSTORE PUSH1 0x4 CALLDATASIZE LT PUSH2 0x1F9 JUMPI PUSH1 0x0 CALLDATALOAD PUSH29 0x100000000000000000000000000000000000000000000000000000000 SWAP1 DIV PUSH4 0xFFFFFFFF AND DUP1 PUSH4 0x40D50D4 EQ PUSH2 0x1FB JUMPI DUP1 PUSH4 0xBC649B2 EQ PUSH2 0x228 JUMPI DUP1 PUSH4 0xFC639F6 EQ PUSH2 0x26B JUMPI DUP1 PUSH4 0x12065FE0 EQ PUSH2 0x296 JUMPI DUP1 PUSH4 0x3CCFD60B EQ PUSH2 0x2C1 JUMPI DUP1 PUSH4 0x3EA4A796 EQ PUSH2 0x2D8 JUMPI DUP1 PUSH4 0x43C6E10D EQ PUSH2 0x31B JUMPI DUP1 PUSH4 0x45439B40 EQ PUSH2 0x346 JUMPI DUP1 PUSH4 0x4BA2363A EQ PUSH2 0x389 JUMPI DUP1 PUSH4 0x550EFEA4 EQ PUSH2 0x3B4 JUMPI DUP1 PUSH4 0x5C5F0265 EQ PUSH2 0x3DF JUMPI DUP1 PUSH4 0x5F3619B1 EQ PUSH2 0x436 JUMPI DUP1 PUSH4 0x624D7B72 EQ PUSH2 0x461 JUMPI DUP1 PUSH4 0x64E3CECB EQ PUSH2 0x4B8 JUMPI DUP1 PUSH4 0x6798DBAC EQ PUSH2 0x4E3 JUMPI DUP1 PUSH4 0x7777A0C2 EQ PUSH2 0x53A JUMPI DUP1 PUSH4 0x7A99BA4F EQ PUSH2 0x57D JUMPI DUP1 PUSH4 0x7BE00510 EQ PUSH2 0x5B3 JUMPI DUP1 PUSH4 0x8BDFF161 EQ PUSH2 0x60A JUMPI DUP1 PUSH4 0x8DA5CB5B EQ PUSH2 0x635 JUMPI DUP1 PUSH4 0x8F32D59B EQ PUSH2 0x68C JUMPI DUP1 PUSH4 0x901225E2 EQ PUSH2 0x6BB JUMPI DUP1 PUSH4 0x91CCA3DB EQ PUSH2 0x6E8 JUMPI DUP1 PUSH4 0x9E268C50 EQ PUSH2 0x73F JUMPI DUP1 PUSH4 0xAC3190DB EQ PUSH2 0x796 JUMPI DUP1 PUSH4 0xB7A92D38 EQ PUSH2 0x7ED JUMPI DUP1 PUSH4 0xBEFC3E2B EQ PUSH2 0x844 JUMPI DUP1 PUSH4 0xC3798844 EQ PUSH2 0x86F JUMPI DUP1 PUSH4 0xC600E1DC EQ PUSH2 0x8C6 JUMPI DUP1 PUSH4 0xCC2EB9E8 EQ PUSH2 0x91D JUMPI DUP1 PUSH4 0xCE138E64 EQ PUSH2 0x974 JUMPI DUP1 PUSH4 0xD67A9682 EQ PUSH2 0x99F JUMPI DUP1 PUSH4 0xD86479DF EQ PUSH2 0x9E2 JUMPI DUP1 PUSH4 0xE3B61135 EQ PUSH2 0xA39 JUMPI DUP1 PUSH4 0xECB7CB1B EQ PUSH2 0xA50 JUMPI DUP1 PUSH4 0xEDF6777E EQ PUSH2 0xAA7 JUMPI DUP1 PUSH4 0xF09DD7C6 EQ PUSH2 0xAEA JUMPI DUP1 PUSH4 0xF2FDE38B EQ PUSH2 0xB01 JUMPI DUP1 PUSH4 0xF69C96FC EQ PUSH2 0xB44 JUMPI DUP1 PUSH4 0xF7085EC7 EQ PUSH2 0xB9B JUMPI DUP1 PUSH4 0xF96941C8 EQ PUSH2 0xBC6 JUMPI JUMPDEST STOP JUMPDEST CALLVALUE DUP1 ISZERO PUSH2 0x207 JUMPI PUSH1 0x0 DUP1 REVERT JUMPDEST POP PUSH2 0x226 PUSH1 0x4 DUP1 CALLDATASIZE SUB DUP2 ADD SWAP1 DUP1 DUP1 CALLDATALOAD SWAP1 PUSH1 0x20 ADD SWAP1 SWAP3 SWAP2 SWAP1 POP POP POP PUSH2 0xC27 JUMP JUMPDEST STOP JUMPDEST CALLVALUE DUP1 ISZERO PUSH2 0x234 JUMPI PUSH1 0x0 DUP1 REVERT JUMPDEST POP PUSH2 0x269 PUSH1 0x4 DUP1 CALLDATASIZE SUB DUP2 ADD SWAP1 DUP1 DUP1 CALLDATALOAD PUSH20 0xFFFFFFFFFFFFFFFFFFFFFFFFFFFFFFFFFFFFFFFF AND SWAP1 PUSH1 0x20 ADD SWAP1 SWAP3 SWAP2 SWAP1 POP POP POP PUSH2 0xC44 JUMP JUMPDEST STOP JUMPDEST CALLVALUE DUP1 ISZERO PUSH2 0x277 JUMPI PUSH1 0x0 DUP1 REVERT JUMPDEST POP PUSH2 0x280 PUSH2 0xCD7 JUMP JUMPDEST PUSH1 0x40 MLOAD DUP1 DUP3 DUP2 MSTORE PUSH1 0x20 ADD SWAP2 POP POP PUSH1 0x40 MLOAD DUP1 SWAP2 SUB SWAP1 RETURN JUMPDEST CALLVALUE DUP1 ISZERO PUSH2 0x2A2 JUMPI PUSH1 0x0 DUP1 REVERT JUMPDEST POP PUSH2 0x2AB PUSH2 0xCEA JUMP JUMPDEST PUSH1 0x40 MLOAD DUP1 DUP3 DUP2 MSTORE PUSH1 0x20 ADD SWAP2 POP POP PUSH1 0x40 MLOAD DUP1 SWAP2 SUB SWAP1 RETURN JUMPDEST CALLVALUE DUP1 ISZERO PUSH2 0x2CD JUMPI PUSH1 0x0 DUP1 REVERT JUMPDEST POP PUSH2 0x2D6 PUSH2 0xD09 JUMP JUMPDEST STOP JUMPDEST CALLVALUE DUP1 ISZERO PUSH2 0x2E4 JUMPI PUSH1 0x0 DUP1 REVERT JUMPDEST POP PUSH2 0x319 PUSH1 0x4 DUP1 CALLDATASIZE SUB DUP2 ADD SWAP1 DUP1 DUP1 CALLDATALOAD PUSH20 0xFFFFFFFFFFFFFFFFFFFFFFFFFFFFFFFFFFFFFFFF AND SWAP1 PUSH1 0x20 ADD SWAP1 SWAP3 SWAP2 SWAP1 POP POP POP PUSH2 0x132E JUMP JUMPDEST STOP JUMPDEST CALLVALUE DUP1 ISZERO PUSH2 0x327 JUMPI PUSH1 0x0 DUP1 REVERT JUMPDEST POP PUSH2 0x330 PUSH2 0x13C1 JUMP JUMPDEST PUSH1 0x40 MLOAD DUP1 DUP3 DUP2 MSTORE PUSH1 0x20 ADD SWAP2 POP POP PUSH1 0x40 MLOAD DUP1 SWAP2 SUB SWAP1 RETURN JUMPDEST CALLVALUE DUP1 ISZERO PUSH2 0x352 JUMPI PUSH1 0x0 DUP1 REVERT JUMPDEST POP PUSH2 0x387 PUSH1 0x4 DUP1 CALLDATASIZE SUB DUP2 ADD SWAP1 DUP1 DUP1 CALLDATALOAD PUSH20 0xFFFFFFFFFFFFFFFFFFFFFFFFFFFFFFFFFFFFFFFF AND SWAP1 PUSH1 0x20 ADD SWAP1 SWAP3 SWAP2 SWAP1 POP POP POP PUSH2 0x1408 JUMP JUMPDEST STOP JUMPDEST CALLVALUE DUP1 ISZERO PUSH2 0x395 JUMPI PUSH1 0x0 DUP1 REVERT JUMPDEST POP PUSH2 0x39E PUSH2 0x149B JUMP JUMPDEST PUSH1 0x40 MLOAD DUP1 DUP3 DUP2 MSTORE PUSH1 0x20 ADD SWAP2 POP POP PUSH1 0x40 MLOAD DUP1 SWAP2 SUB SWAP1 RETURN JUMPDEST CALLVALUE DUP1 ISZERO PUSH2 0x3C0 JUMPI PUSH1 0x0 DUP1 REVERT JUMPDEST POP PUSH2 0x3C9 PUSH2 0x14A1 JUMP JUMPDEST PUSH1 0x40 MLOAD DUP1 DUP3 DUP2 MSTORE PUSH1 0x20 ADD SWAP2 POP POP PUSH1 0x40 MLOAD DUP1 SWAP2 SUB SWAP1 RETURN JUMPDEST CALLVALUE DUP1 ISZERO PUSH2 0x3EB JUMPI PUSH1 0x0 DUP1 REVERT JUMPDEST POP PUSH2 0x420 PUSH1 0x4 DUP1 CALLDATASIZE SUB DUP2 ADD SWAP1 DUP1 DUP1 CALLDATALOAD PUSH20 0xFFFFFFFFFFFFFFFFFFFFFFFFFFFFFFFFFFFFFFFF AND SWAP1 PUSH1 0x20 ADD SWAP1 SWAP3 SWAP2 SWAP1 POP POP POP PUSH2 0x14A7 JUMP JUMPDEST PUSH1 0x40 MLOAD DUP1 DUP3 DUP2 MSTORE PUSH1 0x20 ADD SWAP2 POP POP PUSH1 0x40 MLOAD DUP1 SWAP2 SUB SWAP1 RETURN JUMPDEST CALLVALUE DUP1 ISZERO PUSH2 0x442 JUMPI PUSH1 0x0 DUP1 REVERT JUMPDEST POP PUSH2 0x44B PUSH2 0x14BF JUMP JUMPDEST PUSH1 0x40 MLOAD DUP1 DUP3 DUP2 MSTORE PUSH1 0x20 ADD SWAP2 POP POP PUSH1 0x40 MLOAD DUP1 SWAP2 SUB SWAP1 RETURN JUMPDEST CALLVALUE DUP1 ISZERO PUSH2 0x46D JUMPI PUSH1 0x0 DUP1 REVERT JUMPDEST POP PUSH2 0x4A2 PUSH1 0x4 DUP1 CALLDATASIZE SUB DUP2 ADD SWAP1 DUP1 DUP1 CALLDATALOAD PUSH20 0xFFFFFFFFFFFFFFFFFFFFFFFFFFFFFFFFFFFFFFFF AND SWAP1 PUSH1 0x20 ADD SWAP1 SWAP3 SWAP2 SWAP1 POP POP POP PUSH2 0x14CF JUMP JUMPDEST PUSH1 0x40 MLOAD DUP1 DUP3 DUP2 MSTORE PUSH1 0x20 ADD SWAP2 POP POP PUSH1 0x40 MLOAD DUP1 SWAP2 SUB SWAP1 RETURN JUMPDEST CALLVALUE DUP1 ISZERO PUSH2 0x4C4 JUMPI PUSH1 0x0 DUP1 REVERT JUMPDEST POP PUSH2 0x4CD PUSH2 0x14E7 JUMP JUMPDEST PUSH1 0x40 MLOAD DUP1 DUP3 DUP2 MSTORE PUSH1 0x20 ADD SWAP2 POP POP PUSH1 0x40 MLOAD DUP1 SWAP2 SUB SWAP1 RETURN JUMPDEST CALLVALUE DUP1 ISZERO PUSH2 0x4EF JUMPI PUSH1 0x0 DUP1 REVERT JUMPDEST POP PUSH2 0x4F8 PUSH2 0x1531 JUMP JUMPDEST PUSH1 0x40 MLOAD DUP1 DUP3 PUSH20 0xFFFFFFFFFFFFFFFFFFFFFFFFFFFFFFFFFFFFFFFF AND PUSH20 0xFFFFFFFFFFFFFFFFFFFFFFFFFFFFFFFFFFFFFFFF AND DUP2 MSTORE PUSH1 0x20 ADD SWAP2 POP POP PUSH1 0x40 MLOAD DUP1 SWAP2 SUB SWAP1 RETURN JUMPDEST CALLVALUE DUP1 ISZERO PUSH2 0x546 JUMPI PUSH1 0x0 DUP1 REVERT JUMPDEST POP PUSH2 0x57B PUSH1 0x4 DUP1 CALLDATASIZE SUB DUP2 ADD SWAP1 DUP1 DUP1 CALLDATALOAD PUSH20 0xFFFFFFFFFFFFFFFFFFFFFFFFFFFFFFFFFFFFFFFF AND SWAP1 PUSH1 0x20 ADD SWAP1 SWAP3 SWAP2 SWAP1 POP POP POP PUSH2 0x1557 JUMP JUMPDEST STOP JUMPDEST PUSH2 0x5B1 PUSH1 0x4 DUP1 CALLDATASIZE SUB DUP2 ADD SWAP1 DUP1 DUP1 CALLDATALOAD PUSH20 0xFFFFFFFFFFFFFFFFFFFFFFFFFFFFFFFFFFFFFFFF AND SWAP1 PUSH1 0x20 ADD SWAP1 SWAP3 SWAP2 SWAP1 POP POP POP PUSH2 0x15EA JUMP JUMPDEST STOP JUMPDEST CALLVALUE DUP1 ISZERO PUSH2 0x5BF JUMPI PUSH1 0x0 DUP1 REVERT JUMPDEST POP PUSH2 0x5F4 PUSH1 0x4 DUP1 CALLDATASIZE SUB DUP2 ADD SWAP1 DUP1 DUP1 CALLDATALOAD PUSH20 0xFFFFFFFFFFFFFFFFFFFFFFFFFFFFFFFFFFFFFFFF AND SWAP1 PUSH1 0x20 ADD SWAP1 SWAP3 SWAP2 SWAP1 POP POP POP PUSH2 0x207E JUMP JUMPDEST PUSH1 0x40 MLOAD DUP1 DUP3 DUP2 MSTORE PUSH1 0x20 ADD SWAP2 POP POP PUSH1 0x40 MLOAD DUP1 SWAP2 SUB SWAP1 RETURN JUMPDEST CALLVALUE DUP1 ISZERO PUSH2 0x616 JUMPI PUSH1 0x0 DUP1 REVERT JUMPDEST POP PUSH2 0x61F PUSH2 0x2096 JUMP JUMPDEST PUSH1 0x40 MLOAD DUP1 DUP3 DUP2 MSTORE PUSH1 0x20 ADD SWAP2 POP POP PUSH1 0x40 MLOAD DUP1 SWAP2 SUB SWAP1 RETURN JUMPDEST CALLVALUE DUP1 ISZERO PUSH2 0x641 JUMPI PUSH1 0x0 DUP1 REVERT JUMPDEST POP PUSH2 0x64A PUSH2 0x217A JUMP JUMPDEST PUSH1 0x40 MLOAD DUP1 DUP3 PUSH20 0xFFFFFFFFFFFFFFFFFFFFFFFFFFFFFFFFFFFFFFFF AND PUSH20 0xFFFFFFFFFFFFFFFFFFFFFFFFFFFFFFFFFFFFFFFF AND DUP2 MSTORE PUSH1 0x20 ADD SWAP2 POP POP PUSH1 0x40 MLOAD DUP1 SWAP2 SUB SWAP1 RETURN JUMPDEST CALLVALUE DUP1 ISZERO PUSH2 0x698 JUMPI PUSH1 0x0 DUP1 REVERT JUMPDEST POP PUSH2 0x6A1 PUSH2 0x21A3 JUMP JUMPDEST PUSH1 0x40 MLOAD DUP1 DUP3 ISZERO ISZERO ISZERO ISZERO DUP2 MSTORE PUSH1 0x20 ADD SWAP2 POP POP PUSH1 0x40 MLOAD DUP1 SWAP2 SUB SWAP1 RETURN JUMPDEST CALLVALUE DUP1 ISZERO PUSH2 0x6C7 JUMPI PUSH1 0x0 DUP1 REVERT JUMPDEST POP PUSH2 0x6E6 PUSH1 0x4 DUP1 CALLDATASIZE SUB DUP2 ADD SWAP1 DUP1 DUP1 CALLDATALOAD SWAP1 PUSH1 0x20 ADD SWAP1 SWAP3 SWAP2 SWAP1 POP POP POP PUSH2 0x21FA JUMP JUMPDEST STOP JUMPDEST CALLVALUE DUP1 ISZERO PUSH2 0x6F4 JUMPI PUSH1 0x0 DUP1 REVERT JUMPDEST POP PUSH2 0x6FD PUSH2 0x2217 JUMP JUMPDEST PUSH1 0x40 MLOAD DUP1 DUP3 PUSH20 0xFFFFFFFFFFFFFFFFFFFFFFFFFFFFFFFFFFFFFFFF AND PUSH20 0xFFFFFFFFFFFFFFFFFFFFFFFFFFFFFFFFFFFFFFFF AND DUP2 MSTORE PUSH1 0x20 ADD SWAP2 POP POP PUSH1 0x40 MLOAD DUP1 SWAP2 SUB SWAP1 RETURN JUMPDEST CALLVALUE DUP1 ISZERO PUSH2 0x74B JUMPI PUSH1 0x0 DUP1 REVERT JUMPDEST POP PUSH2 0x754 PUSH2 0x223D JUMP JUMPDEST PUSH1 0x40 MLOAD DUP1 DUP3 PUSH20 0xFFFFFFFFFFFFFFFFFFFFFFFFFFFFFFFFFFFFFFFF AND PUSH20 0xFFFFFFFFFFFFFFFFFFFFFFFFFFFFFFFFFFFFFFFF AND DUP2 MSTORE PUSH1 0x20 ADD SWAP2 POP POP PUSH1 0x40 MLOAD DUP1 SWAP2 SUB SWAP1 RETURN JUMPDEST CALLVALUE DUP1 ISZERO PUSH2 0x7A2 JUMPI PUSH1 0x0 DUP1 REVERT JUMPDEST POP PUSH2 0x7AB PUSH2 0x2263 JUMP JUMPDEST PUSH1 0x40 MLOAD DUP1 DUP3 PUSH20 0xFFFFFFFFFFFFFFFFFFFFFFFFFFFFFFFFFFFFFFFF AND PUSH20 0xFFFFFFFFFFFFFFFFFFFFFFFFFFFFFFFFFFFFFFFF AND DUP2 MSTORE PUSH1 0x20 ADD SWAP2 POP POP PUSH1 0x40 MLOAD DUP1 SWAP2 SUB SWAP1 RETURN JUMPDEST CALLVALUE DUP1 ISZERO PUSH2 0x7F9 JUMPI PUSH1 0x0 DUP1 REVERT JUMPDEST POP PUSH2 0x802 PUSH2 0x2289 JUMP JUMPDEST PUSH1 0x40 MLOAD DUP1 DUP3 PUSH20 0xFFFFFFFFFFFFFFFFFFFFFFFFFFFFFFFFFFFFFFFF AND PUSH20 0xFFFFFFFFFFFFFFFFFFFFFFFFFFFFFFFFFFFFFFFF AND DUP2 MSTORE PUSH1 0x20 ADD SWAP2 POP POP PUSH1 0x40 MLOAD DUP1 SWAP2 SUB SWAP1 RETURN JUMPDEST CALLVALUE DUP1 ISZERO PUSH2 0x850 JUMPI PUSH1 0x0 DUP1 REVERT JUMPDEST POP PUSH2 0x859 PUSH2 0x22AF JUMP JUMPDEST PUSH1 0x40 MLOAD DUP1 DUP3 DUP2 MSTORE PUSH1 0x20 ADD SWAP2 POP POP PUSH1 0x40 MLOAD DUP1 SWAP2 SUB SWAP1 RETURN JUMPDEST CALLVALUE DUP1 ISZERO PUSH2 0x87B JUMPI PUSH1 0x0 DUP1 REVERT JUMPDEST POP PUSH2 0x884 PUSH2 0x22F6 JUMP JUMPDEST PUSH1 0x40 MLOAD DUP1 DUP3 PUSH20 0xFFFFFFFFFFFFFFFFFFFFFFFFFFFFFFFFFFFFFFFF AND PUSH20 0xFFFFFFFFFFFFFFFFFFFFFFFFFFFFFFFFFFFFFFFF AND DUP2 MSTORE PUSH1 0x20 ADD SWAP2 POP POP PUSH1 0x40 MLOAD DUP1 SWAP2 SUB SWAP1 RETURN JUMPDEST CALLVALUE DUP1 ISZERO PUSH2 0x8D2 JUMPI PUSH1 0x0 DUP1 REVERT JUMPDEST POP PUSH2 0x907 PUSH1 0x4 DUP1 CALLDATASIZE SUB DUP2 ADD SWAP1 DUP1 DUP1 CALLDATALOAD PUSH20 0xFFFFFFFFFFFFFFFFFFFFFFFFFFFFFFFFFFFFFFFF AND SWAP1 PUSH1 0x20 ADD SWAP1 SWAP3 SWAP2 SWAP1 POP POP POP PUSH2 0x231C JUMP JUMPDEST PUSH1 0x40 MLOAD DUP1 DUP3 DUP2 MSTORE PUSH1 0x20 ADD SWAP2 POP POP PUSH1 0x40 MLOAD DUP1 SWAP2 SUB SWAP1 RETURN JUMPDEST CALLVALUE DUP1 ISZERO PUSH2 0x929 JUMPI PUSH1 0x0 DUP1 REVERT JUMPDEST POP PUSH2 0x932 PUSH2 0x24B0 JUMP JUMPDEST PUSH1 0x40 MLOAD DUP1 DUP3 PUSH20 0xFFFFFFFFFFFFFFFFFFFFFFFFFFFFFFFFFFFFFFFF AND PUSH20 0xFFFFFFFFFFFFFFFFFFFFFFFFFFFFFFFFFFFFFFFF AND DUP2 MSTORE PUSH1 0x20 ADD SWAP2 POP POP PUSH1 0x40 MLOAD DUP1 SWAP2 SUB SWAP1 RETURN JUMPDEST CALLVALUE DUP1 ISZERO PUSH2 0x980 JUMPI PUSH1 0x0 DUP1 REVERT JUMPDEST POP PUSH2 0x989 PUSH2 0x24D6 JUMP JUMPDEST PUSH1 0x40 MLOAD DUP1 DUP3 DUP2 MSTORE PUSH1 0x20 ADD SWAP2 POP POP PUSH1 0x40 MLOAD DUP1 SWAP2 SUB SWAP1 RETURN JUMPDEST CALLVALUE DUP1 ISZERO PUSH2 0x9AB JUMPI PUSH1 0x0 DUP1 REVERT JUMPDEST POP PUSH2 0x9E0 PUSH1 0x4 DUP1 CALLDATASIZE SUB DUP2 ADD SWAP1 DUP1 DUP1 CALLDATALOAD PUSH20 0xFFFFFFFFFFFFFFFFFFFFFFFFFFFFFFFFFFFFFFFF AND SWAP1 PUSH1 0x20 ADD SWAP1 SWAP3 SWAP2 SWAP1 POP POP POP PUSH2 0x24DC JUMP JUMPDEST STOP JUMPDEST CALLVALUE DUP1 ISZERO PUSH2 0x9EE JUMPI PUSH1 0x0 DUP1 REVERT JUMPDEST POP PUSH2 0xA23 PUSH1 0x4 DUP1 CALLDATASIZE SUB DUP2 ADD SWAP1 DUP1 DUP1 CALLDATALOAD PUSH20 0xFFFFFFFFFFFFFFFFFFFFFFFFFFFFFFFFFFFFFFFF AND SWAP1 PUSH1 0x20 ADD SWAP1 SWAP3 SWAP2 SWAP1 POP POP POP PUSH2 0x256F JUMP JUMPDEST PUSH1 0x40 MLOAD DUP1 DUP3 DUP2 MSTORE PUSH1 0x20 ADD SWAP2 POP POP PUSH1 0x40 MLOAD DUP1 SWAP2 SUB SWAP1 RETURN JUMPDEST CALLVALUE DUP1 ISZERO PUSH2 0xA45 JUMPI PUSH1 0x0 DUP1 REVERT JUMPDEST POP PUSH2 0xA4E PUSH2 0x2587 JUMP JUMPDEST STOP JUMPDEST CALLVALUE DUP1 ISZERO PUSH2 0xA5C JUMPI PUSH1 0x0 DUP1 REVERT JUMPDEST POP PUSH2 0xA91 PUSH1 0x4 DUP1 CALLDATASIZE SUB DUP2 ADD SWAP1 DUP1 DUP1 CALLDATALOAD PUSH20 0xFFFFFFFFFFFFFFFFFFFFFFFFFFFFFFFFFFFFFFFF AND SWAP1 PUSH1 0x20 ADD SWAP1 SWAP3 SWAP2 SWAP1 POP POP POP PUSH2 0x26C3 JUMP JUMPDEST PUSH1 0x40 MLOAD DUP1 DUP3 DUP2 MSTORE PUSH1 0x20 ADD SWAP2 POP POP PUSH1 0x40 MLOAD DUP1 SWAP2 SUB SWAP1 RETURN JUMPDEST CALLVALUE DUP1 ISZERO PUSH2 0xAB3 JUMPI PUSH1 0x0 DUP1 REVERT JUMPDEST POP PUSH2 0xAE8 PUSH1 0x4 DUP1 CALLDATASIZE SUB DUP2 ADD SWAP1 DUP1 DUP1 CALLDATALOAD PUSH20 0xFFFFFFFFFFFFFFFFFFFFFFFFFFFFFFFFFFFFFFFF AND SWAP1 PUSH1 0x20 ADD SWAP1 SWAP3 SWAP2 SWAP1 POP POP POP PUSH2 0x26DB JUMP JUMPDEST STOP JUMPDEST CALLVALUE DUP1 ISZERO PUSH2 0xAF6 JUMPI PUSH1 0x0 DUP1 REVERT JUMPDEST POP PUSH2 0xAFF PUSH2 0x276E JUMP JUMPDEST STOP JUMPDEST CALLVALUE DUP1 ISZERO PUSH2 0xB0D JUMPI PUSH1 0x0 DUP1 REVERT JUMPDEST POP PUSH2 0xB42 PUSH1 0x4 DUP1 CALLDATASIZE SUB DUP2 ADD SWAP1 DUP1 DUP1 CALLDATALOAD PUSH20 0xFFFFFFFFFFFFFFFFFFFFFFFFFFFFFFFFFFFFFFFF AND SWAP1 PUSH1 0x20 ADD SWAP1 SWAP3 SWAP2 SWAP1 POP POP POP PUSH2 0x288E JUMP JUMPDEST STOP JUMPDEST CALLVALUE DUP1 ISZERO PUSH2 0xB50 JUMPI PUSH1 0x0 DUP1 REVERT JUMPDEST POP PUSH2 0xB59 PUSH2 0x28AD JUMP JUMPDEST PUSH1 0x40 MLOAD DUP1 DUP3 PUSH20 0xFFFFFFFFFFFFFFFFFFFFFFFFFFFFFFFFFFFFFFFF AND PUSH20 0xFFFFFFFFFFFFFFFFFFFFFFFFFFFFFFFFFFFFFFFF AND DUP2 MSTORE PUSH1 0x20 ADD SWAP2 POP POP PUSH1 0x40 MLOAD DUP1 SWAP2 SUB SWAP1 RETURN JUMPDEST CALLVALUE DUP1 ISZERO PUSH2 0xBA7 JUMPI PUSH1 0x0 DUP1 REVERT JUMPDEST POP PUSH2 0xBB0 PUSH2 0x28D3 JUMP JUMPDEST PUSH1 0x40 MLOAD DUP1 DUP3 DUP2 MSTORE PUSH1 0x20 ADD SWAP2 POP POP PUSH1 0x40 MLOAD DUP1 SWAP2 SUB SWAP1 RETURN JUMPDEST CALLVALUE DUP1 ISZERO PUSH2 0xBD2 JUMPI PUSH1 0x0 DUP1 REVERT JUMPDEST POP PUSH2 0xC11 PUSH1 0x4 DUP1 CALLDATASIZE SUB DUP2 ADD SWAP1 DUP1 DUP1 CALLDATALOAD PUSH20 0xFFFFFFFFFFFFFFFFFFFFFFFFFFFFFFFFFFFFFFFF AND SWAP1 PUSH1 0x20 ADD SWAP1 SWAP3 SWAP2 SWAP1 DUP1 CALLDATALOAD SWAP1 PUSH1 0x20 ADD SWAP1 SWAP3 SWAP2 SWAP1 POP POP POP PUSH2 0x28D9 JUMP JUMPDEST PUSH1 0x40 MLOAD DUP1 DUP3 DUP2 MSTORE PUSH1 0x20 ADD SWAP2 POP POP PUSH1 0x40 MLOAD DUP1 SWAP2 SUB SWAP1 RETURN JUMPDEST PUSH2 0xC2F PUSH2 0x21A3 JUMP JUMPDEST ISZERO ISZERO PUSH2 0xC3A JUMPI PUSH1 0x0 DUP1 REVERT JUMPDEST DUP1 PUSH1 0xF DUP2 SWAP1 SSTORE POP POP JUMP JUMPDEST PUSH2 0xC4C PUSH2 0x21A3 JUMP JUMPDEST ISZERO ISZERO PUSH2 0xC57 JUMPI PUSH1 0x0 DUP1 REVERT JUMPDEST PUSH1 0x0 PUSH20 0xFFFFFFFFFFFFFFFFFFFFFFFFFFFFFFFFFFFFFFFF AND DUP2 PUSH20 0xFFFFFFFFFFFFFFFFFFFFFFFFFFFFFFFFFFFFFFFF AND EQ ISZERO ISZERO ISZERO PUSH2 0xC93 JUMPI PUSH1 0x0 DUP1 REVERT JUMPDEST DUP1 PUSH1 0xB PUSH1 0x0 PUSH2 0x100 EXP DUP2 SLOAD DUP2 PUSH20 0xFFFFFFFFFFFFFFFFFFFFFFFFFFFFFFFFFFFFFFFF MUL NOT AND SWAP1 DUP4 PUSH20 0xFFFFFFFFFFFFFFFFFFFFFFFFFFFFFFFFFFFFFFFF AND MUL OR SWAP1 SSTORE POP POP JUMP JUMPDEST PUSH1 0x0 PUSH1 0x11 SLOAD PUSH2 0xCE4 PUSH2 0x22AF JUMP JUMPDEST MUL SWAP1 POP SWAP1 JUMP JUMPDEST PUSH1 0x0 ADDRESS PUSH20 0xFFFFFFFFFFFFFFFFFFFFFFFFFFFFFFFFFFFFFFFF AND BALANCE SWAP1 POP SWAP1 JUMP JUMPDEST PUSH1 0x0 DUP1 PUSH1 0x0 DUP1 PUSH1 0x0 DUP1 PUSH1 0x0 DUP1 PUSH1 0x0 DUP1 PUSH2 0xD21 CALLER PUSH2 0x231C JUMP JUMPDEST SWAP10 POP PUSH2 0xD2F TIMESTAMP PUSH1 0xF SLOAD PUSH2 0x2909 JUMP JUMPDEST SWAP9 POP PUSH2 0xD39 PUSH2 0xCD7 JUMP JUMPDEST SWAP8 POP PUSH1 0x12 PUSH1 0x0 CALLER PUSH20 0xFFFFFFFFFFFFFFFFFFFFFFFFFFFFFFFFFFFFFFFF AND PUSH20 0xFFFFFFFFFFFFFFFFFFFFFFFFFFFFFFFFFFFFFFFF AND DUP2 MSTORE PUSH1 0x20 ADD SWAP1 DUP2 MSTORE PUSH1 0x20 ADD PUSH1 0x0 KECCAK256 SLOAD DUP9 SUB SWAP7 POP PUSH2 0xDD4 PUSH2 0xDCD PUSH1 0x10 SLOAD PUSH1 0x1 PUSH1 0x0 CALLER PUSH20 0xFFFFFFFFFFFFFFFFFFFFFFFFFFFFFFFFFFFFFFFF AND PUSH20 0xFFFFFFFFFFFFFFFFFFFFFFFFFFFFFFFFFFFFFFFF AND DUP2 MSTORE PUSH1 0x20 ADD SWAP1 DUP2 MSTORE PUSH1 0x20 ADD PUSH1 0x0 KECCAK256 SLOAD PUSH2 0x2922 JUMP JUMPDEST PUSH1 0x64 PUSH2 0x295D JUMP JUMPDEST SWAP6 POP PUSH1 0x0 DUP11 GT ISZERO ISZERO PUSH2 0xDE5 JUMPI PUSH1 0x0 DUP1 REVERT JUMPDEST PUSH3 0x13C680 DUP10 LT ISZERO ISZERO ISZERO PUSH2 0xDF7 JUMPI PUSH1 0x0 DUP1 REVERT JUMPDEST TIMESTAMP PUSH1 0x2 PUSH1 0x0 CALLER PUSH20 0xFFFFFFFFFFFFFFFFFFFFFFFFFFFFFFFFFFFFFFFF AND PUSH20 0xFFFFFFFFFFFFFFFFFFFFFFFFFFFFFFFFFFFFFFFF AND DUP2 MSTORE PUSH1 0x20 ADD SWAP1 DUP2 MSTORE PUSH1 0x20 ADD PUSH1 0x0 KECCAK256 DUP2 SWAP1 SSTORE POP TIMESTAMP PUSH1 0x3 PUSH1 0x0 CALLER PUSH20 0xFFFFFFFFFFFFFFFFFFFFFFFFFFFFFFFFFFFFFFFF AND PUSH20 0xFFFFFFFFFFFFFFFFFFFFFFFFFFFFFFFFFFFFFFFF AND DUP2 MSTORE PUSH1 0x20 ADD SWAP1 DUP2 MSTORE PUSH1 0x20 ADD PUSH1 0x0 KECCAK256 DUP2 SWAP1 SSTORE POP DUP7 DUP11 LT ISZERO PUSH2 0x1067 JUMPI DUP6 DUP11 LT ISZERO PUSH2 0xF28 JUMPI DUP10 PUSH1 0x12 PUSH1 0x0 CALLER PUSH20 0xFFFFFFFFFFFFFFFFFFFFFFFFFFFFFFFFFFFFFFFF AND PUSH20 0xFFFFFFFFFFFFFFFFFFFFFFFFFFFFFFFFFFFFFFFF AND DUP2 MSTORE PUSH1 0x20 ADD SWAP1 DUP2 MSTORE PUSH1 0x20 ADD PUSH1 0x0 KECCAK256 PUSH1 0x0 DUP3 DUP3 SLOAD ADD SWAP3 POP POP DUP2 SWAP1 SSTORE POP CALLER PUSH20 0xFFFFFFFFFFFFFFFFFFFFFFFFFFFFFFFFFFFFFFFF AND PUSH2 0x8FC DUP12 SWAP1 DUP2 ISZERO MUL SWAP1 PUSH1 0x40 MLOAD PUSH1 0x0 PUSH1 0x40 MLOAD DUP1 DUP4 SUB DUP2 DUP6 DUP9 DUP9 CALL SWAP4 POP POP POP POP ISZERO DUP1 ISZERO PUSH2 0xF22 JUMPI RETURNDATASIZE PUSH1 0x0 DUP1 RETURNDATACOPY RETURNDATASIZE PUSH1 0x0 REVERT JUMPDEST POP PUSH2 0x1062 JUMP JUMPDEST DUP6 DUP11 LT ISZERO ISZERO PUSH2 0x1061 JUMPI DUP6 SWAP5 POP PUSH2 0xF3E DUP11 DUP7 PUSH2 0x2909 JUMP JUMPDEST SWAP4 POP DUP10 PUSH1 0x12 PUSH1 0x0 CALLER PUSH20 0xFFFFFFFFFFFFFFFFFFFFFFFFFFFFFFFFFFFFFFFF AND PUSH20 0xFFFFFFFFFFFFFFFFFFFFFFFFFFFFFFFFFFFFFFFF AND DUP2 MSTORE PUSH1 0x20 ADD SWAP1 DUP2 MSTORE PUSH1 0x20 ADD PUSH1 0x0 KECCAK256 PUSH1 0x0 DUP3 DUP3 SLOAD ADD SWAP3 POP POP DUP2 SWAP1 SSTORE POP CALLER PUSH20 0xFFFFFFFFFFFFFFFFFFFFFFFFFFFFFFFFFFFFFFFF AND PUSH2 0x8FC DUP7 SWAP1 DUP2 ISZERO MUL SWAP1 PUSH1 0x40 MLOAD PUSH1 0x0 PUSH1 0x40 MLOAD DUP1 DUP4 SUB DUP2 DUP6 DUP9 DUP9 CALL SWAP4 POP POP POP POP ISZERO DUP1 ISZERO PUSH2 0xFD3 JUMPI RETURNDATASIZE PUSH1 0x0 DUP1 RETURNDATACOPY RETURNDATASIZE PUSH1 0x0 REVERT JUMPDEST POP PUSH2 0x101D PUSH1 0x1 PUSH1 0x0 CALLER PUSH20 0xFFFFFFFFFFFFFFFFFFFFFFFFFFFFFFFFFFFFFFFF AND PUSH20 0xFFFFFFFFFFFFFFFFFFFFFFFFFFFFFFFFFFFFFFFF AND DUP2 MSTORE PUSH1 0x20 ADD SWAP1 DUP2 MSTORE PUSH1 0x20 ADD PUSH1 0x0 KECCAK256 SLOAD DUP6 PUSH2 0x2978 JUMP JUMPDEST PUSH1 0x1 PUSH1 0x0 CALLER PUSH20 0xFFFFFFFFFFFFFFFFFFFFFFFFFFFFFFFFFFFFFFFF AND PUSH20 0xFFFFFFFFFFFFFFFFFFFFFFFFFFFFFFFFFFFFFFFF AND DUP2 MSTORE PUSH1 0x20 ADD SWAP1 DUP2 MSTORE PUSH1 0x20 ADD PUSH1 0x0 KECCAK256 DUP2 SWAP1 SSTORE POP JUMPDEST JUMPDEST PUSH2 0x1322 JUMP JUMPDEST DUP7 DUP11 LT ISZERO DUP1 ISZERO PUSH2 0x10B5 JUMPI POP DUP8 PUSH1 0x12 PUSH1 0x0 CALLER PUSH20 0xFFFFFFFFFFFFFFFFFFFFFFFFFFFFFFFFFFFFFFFF AND PUSH20 0xFFFFFFFFFFFFFFFFFFFFFFFFFFFFFFFFFFFFFFFF AND DUP2 MSTORE PUSH1 0x20 ADD SWAP1 DUP2 MSTORE PUSH1 0x20 ADD PUSH1 0x0 KECCAK256 SLOAD LT JUMPDEST ISZERO PUSH2 0x1321 JUMPI DUP7 SWAP3 POP DUP6 DUP4 LT ISZERO PUSH2 0x11E6 JUMPI PUSH1 0x0 PUSH1 0x12 PUSH1 0x0 CALLER PUSH20 0xFFFFFFFFFFFFFFFFFFFFFFFFFFFFFFFFFFFFFFFF AND PUSH20 0xFFFFFFFFFFFFFFFFFFFFFFFFFFFFFFFFFFFFFFFF AND DUP2 MSTORE PUSH1 0x20 ADD SWAP1 DUP2 MSTORE PUSH1 0x20 ADD PUSH1 0x0 KECCAK256 DUP2 SWAP1 SSTORE POP PUSH1 0x0 PUSH1 0x1 PUSH1 0x0 CALLER PUSH20 0xFFFFFFFFFFFFFFFFFFFFFFFFFFFFFFFFFFFFFFFF AND PUSH20 0xFFFFFFFFFFFFFFFFFFFFFFFFFFFFFFFFFFFFFFFF AND DUP2 MSTORE PUSH1 0x20 ADD SWAP1 DUP2 MSTORE PUSH1 0x20 ADD PUSH1 0x0 KECCAK256 DUP2 SWAP1 SSTORE POP PUSH1 0x13 PUSH1 0x0 CALLER PUSH20 0xFFFFFFFFFFFFFFFFFFFFFFFFFFFFFFFFFFFFFFFF AND PUSH20 0xFFFFFFFFFFFFFFFFFFFFFFFFFFFFFFFFFFFFFFFF AND DUP2 MSTORE PUSH1 0x20 ADD SWAP1 DUP2 MSTORE PUSH1 0x20 ADD PUSH1 0x0 KECCAK256 PUSH1 0x0 PUSH2 0x119A SWAP2 SWAP1 PUSH2 0x2A90 JUMP JUMPDEST CALLER PUSH20 0xFFFFFFFFFFFFFFFFFFFFFFFFFFFFFFFFFFFFFFFF AND PUSH2 0x8FC DUP5 SWAP1 DUP2 ISZERO MUL SWAP1 PUSH1 0x40 MLOAD PUSH1 0x0 PUSH1 0x40 MLOAD DUP1 DUP4 SUB DUP2 DUP6 DUP9 DUP9 CALL SWAP4 POP POP POP POP ISZERO DUP1 ISZERO PUSH2 0x11E0 JUMPI RETURNDATASIZE PUSH1 0x0 DUP1 RETURNDATACOPY RETURNDATASIZE PUSH1 0x0 REVERT JUMPDEST POP PUSH2 0x1320 JUMP JUMPDEST DUP6 DUP4 LT ISZERO ISZERO PUSH2 0x131F JUMPI DUP6 SWAP2 POP PUSH2 0x11FC DUP4 DUP4 PUSH2 0x2909 JUMP JUMPDEST SWAP1 POP DUP3 PUSH1 0x12 PUSH1 0x0 CALLER PUSH20 0xFFFFFFFFFFFFFFFFFFFFFFFFFFFFFFFFFFFFFFFF AND PUSH20 0xFFFFFFFFFFFFFFFFFFFFFFFFFFFFFFFFFFFFFFFF AND DUP2 MSTORE PUSH1 0x20 ADD SWAP1 DUP2 MSTORE PUSH1 0x20 ADD PUSH1 0x0 KECCAK256 PUSH1 0x0 DUP3 DUP3 SLOAD ADD SWAP3 POP POP DUP2 SWAP1 SSTORE POP CALLER PUSH20 0xFFFFFFFFFFFFFFFFFFFFFFFFFFFFFFFFFFFFFFFF AND PUSH2 0x8FC DUP4 SWAP1 DUP2 ISZERO MUL SWAP1 PUSH1 0x40 MLOAD PUSH1 0x0 PUSH1 0x40 MLOAD DUP1 DUP4 SUB DUP2 DUP6 DUP9 DUP9 CALL SWAP4 POP POP POP POP ISZERO DUP1 ISZERO PUSH2 0x1291 JUMPI RETURNDATASIZE PUSH1 0x0 DUP1 RETURNDATACOPY RETURNDATASIZE PUSH1 0x0 REVERT JUMPDEST POP PUSH2 0x12DB PUSH1 0x1 PUSH1 0x0 CALLER PUSH20 0xFFFFFFFFFFFFFFFFFFFFFFFFFFFFFFFFFFFFFFFF AND PUSH20 0xFFFFFFFFFFFFFFFFFFFFFFFFFFFFFFFFFFFFFFFF AND DUP2 MSTORE PUSH1 0x20 ADD SWAP1 DUP2 MSTORE PUSH1 0x20 ADD PUSH1 0x0 KECCAK256 SLOAD DUP3 PUSH2 0x2978 JUMP JUMPDEST PUSH1 0x1 PUSH1 0x0 CALLER PUSH20 0xFFFFFFFFFFFFFFFFFFFFFFFFFFFFFFFFFFFFFFFF AND PUSH20 0xFFFFFFFFFFFFFFFFFFFFFFFFFFFFFFFFFFFFFFFF AND DUP2 MSTORE PUSH1 0x20 ADD SWAP1 DUP2 MSTORE PUSH1 0x20 ADD PUSH1 0x0 KECCAK256 DUP2 SWAP1 SSTORE POP JUMPDEST JUMPDEST JUMPDEST JUMPDEST POP POP POP POP POP POP POP POP POP POP JUMP JUMPDEST PUSH2 0x1336 PUSH2 0x21A3 JUMP JUMPDEST ISZERO ISZERO PUSH2 0x1341 JUMPI PUSH1 0x0 DUP1 REVERT JUMPDEST PUSH1 0x0 PUSH20 0xFFFFFFFFFFFFFFFFFFFFFFFFFFFFFFFFFFFFFFFF AND DUP2 PUSH20 0xFFFFFFFFFFFFFFFFFFFFFFFFFFFFFFFFFFFFFFFF AND EQ ISZERO ISZERO ISZERO PUSH2 0x137D JUMPI PUSH1 0x0 DUP1 REVERT JUMPDEST DUP1 PUSH1 0x7 PUSH1 0x0 PUSH2 0x100 EXP DUP2 SLOAD DUP2 PUSH20 0xFFFFFFFFFFFFFFFFFFFFFFFFFFFFFFFFFFFFFFFF MUL NOT AND SWAP1 DUP4 PUSH20 0xFFFFFFFFFFFFFFFFFFFFFFFFFFFFFFFFFFFFFFFF AND MUL OR SWAP1 SSTORE POP POP JUMP JUMPDEST PUSH1 0x0 PUSH1 0x4 PUSH1 0x0 CALLER PUSH20 0xFFFFFFFFFFFFFFFFFFFFFFFFFFFFFFFFFFFFFFFF AND PUSH20 0xFFFFFFFFFFFFFFFFFFFFFFFFFFFFFFFFFFFFFFFF AND DUP2 MSTORE PUSH1 0x20 ADD SWAP1 DUP2 MSTORE PUSH1 0x20 ADD PUSH1 0x0 KECCAK256 SLOAD SWAP1 POP SWAP1 JUMP JUMPDEST PUSH2 0x1410 PUSH2 0x21A3 JUMP JUMPDEST ISZERO ISZERO PUSH2 0x141B JUMPI PUSH1 0x0 DUP1 REVERT JUMPDEST PUSH1 0x0 PUSH20 0xFFFFFFFFFFFFFFFFFFFFFFFFFFFFFFFFFFFFFFFF AND DUP2 PUSH20 0xFFFFFFFFFFFFFFFFFFFFFFFFFFFFFFFFFFFFFFFF AND EQ ISZERO ISZERO ISZERO PUSH2 0x1457 JUMPI PUSH1 0x0 DUP1 REVERT JUMPDEST DUP1 PUSH1 0xA PUSH1 0x0 PUSH2 0x100 EXP DUP2 SLOAD DUP2 PUSH20 0xFFFFFFFFFFFFFFFFFFFFFFFFFFFFFFFFFFFFFFFF MUL NOT AND SWAP1 DUP4 PUSH20 0xFFFFFFFFFFFFFFFFFFFFFFFFFFFFFFFFFFFFFFFF AND MUL OR SWAP1 SSTORE POP POP JUMP JUMPDEST PUSH1 0xD SLOAD DUP2 JUMP JUMPDEST PUSH1 0xE SLOAD DUP2 JUMP JUMPDEST PUSH1 0x4 PUSH1 0x20 MSTORE DUP1 PUSH1 0x0 MSTORE PUSH1 0x40 PUSH1 0x0 KECCAK256 PUSH1 0x0 SWAP2 POP SWAP1 POP SLOAD DUP2 JUMP JUMPDEST PUSH1 0x0 PUSH2 0x14CA CALLER PUSH2 0x231C JUMP JUMPDEST SWAP1 POP SWAP1 JUMP JUMPDEST PUSH1 0x3 PUSH1 0x20 MSTORE DUP1 PUSH1 0x0 MSTORE PUSH1 0x40 PUSH1 0x0 KECCAK256 PUSH1 0x0 SWAP2 POP SWAP1 POP SLOAD DUP2 JUMP JUMPDEST PUSH1 0x0 PUSH1 0x13 PUSH1 0x0 CALLER PUSH20 0xFFFFFFFFFFFFFFFFFFFFFFFFFFFFFFFFFFFFFFFF AND PUSH20 0xFFFFFFFFFFFFFFFFFFFFFFFFFFFFFFFFFFFFFFFF AND DUP2 MSTORE PUSH1 0x20 ADD SWAP1 DUP2 MSTORE PUSH1 0x20 ADD PUSH1 0x0 KECCAK256 DUP1 SLOAD SWAP1 POP SWAP1 POP SWAP1 JUMP JUMPDEST PUSH1 0x8 PUSH1 0x0 SWAP1 SLOAD SWAP1 PUSH2 0x100 EXP SWAP1 DIV PUSH20 0xFFFFFFFFFFFFFFFFFFFFFFFFFFFFFFFFFFFFFFFF AND DUP2 JUMP JUMPDEST PUSH2 0x155F PUSH2 0x21A3 JUMP JUMPDEST ISZERO ISZERO PUSH2 0x156A JUMPI PUSH1 0x0 DUP1 REVERT JUMPDEST PUSH1 0x0 PUSH20 0xFFFFFFFFFFFFFFFFFFFFFFFFFFFFFFFFFFFFFFFF AND DUP2 PUSH20 0xFFFFFFFFFFFFFFFFFFFFFFFFFFFFFFFFFFFFFFFF AND EQ ISZERO ISZERO ISZERO PUSH2 0x15A6 JUMPI PUSH1 0x0 DUP1 REVERT JUMPDEST DUP1 PUSH1 0x9 PUSH1 0x0 PUSH2 0x100 EXP DUP2 SLOAD DUP2 PUSH20 0xFFFFFFFFFFFFFFFFFFFFFFFFFFFFFFFFFFFFFFFF MUL NOT AND SWAP1 DUP4 PUSH20 0xFFFFFFFFFFFFFFFFFFFFFFFFFFFFFFFFFFFFFFFF AND MUL OR SWAP1 SSTORE POP POP JUMP JUMPDEST PUSH1 0x0 DUP1 PUSH1 0x0 DUP1 PUSH1 0x0 DUP1 PUSH1 0x0 DUP1 PUSH1 0xF SLOAD TIMESTAMP LT ISZERO ISZERO ISZERO PUSH2 0x1607 JUMPI PUSH1 0x0 DUP1 REVERT JUMPDEST PUSH8 0x58D15E176280000 CALLVALUE LT ISZERO ISZERO ISZERO PUSH2 0x161E JUMPI PUSH1 0x0 DUP1 REVERT JUMPDEST PUSH2 0x162A TIMESTAMP PUSH1 0xF SLOAD PUSH2 0x2909 JUMP JUMPDEST SWAP8 POP PUSH3 0x13C680 DUP9 LT DUP1 ISZERO PUSH2 0x1646 JUMPI POP PUSH1 0x0 PUSH2 0x1644 CALLER PUSH2 0x231C JUMP JUMPDEST GT JUMPDEST ISZERO PUSH2 0x1654 JUMPI PUSH2 0x1653 PUSH2 0x2587 JUMP JUMPDEST JUMPDEST PUSH3 0x13C680 DUP9 GT DUP1 ISZERO PUSH2 0x166E JUMPI POP PUSH1 0x0 PUSH2 0x166C CALLER PUSH2 0x231C JUMP JUMPDEST GT JUMPDEST ISZERO PUSH2 0x179B JUMPI PUSH2 0x167C CALLER PUSH2 0x231C JUMP JUMPDEST SWAP7 POP TIMESTAMP PUSH1 0x2 PUSH1 0x0 CALLER PUSH20 0xFFFFFFFFFFFFFFFFFFFFFFFFFFFFFFFFFFFFFFFF AND PUSH20 0xFFFFFFFFFFFFFFFFFFFFFFFFFFFFFFFFFFFFFFFF AND DUP2 MSTORE PUSH1 0x20 ADD SWAP1 DUP2 MSTORE PUSH1 0x20 ADD PUSH1 0x0 KECCAK256 DUP2 SWAP1 SSTORE POP TIMESTAMP PUSH1 0x3 PUSH1 0x0 CALLER PUSH20 0xFFFFFFFFFFFFFFFFFFFFFFFFFFFFFFFFFFFFFFFF AND PUSH20 0xFFFFFFFFFFFFFFFFFFFFFFFFFFFFFFFFFFFFFFFF AND DUP2 MSTORE PUSH1 0x20 ADD SWAP1 DUP2 MSTORE PUSH1 0x20 ADD PUSH1 0x0 KECCAK256 DUP2 SWAP1 SSTORE POP DUP7 PUSH1 0x12 PUSH1 0x0 CALLER PUSH20 0xFFFFFFFFFFFFFFFFFFFFFFFFFFFFFFFFFFFFFFFF AND PUSH20 0xFFFFFFFFFFFFFFFFFFFFFFFFFFFFFFFFFFFFFFFF AND DUP2 MSTORE PUSH1 0x20 ADD SWAP1 DUP2 MSTORE PUSH1 0x20 ADD PUSH1 0x0 KECCAK256 PUSH1 0x0 DUP3 DUP3 SLOAD ADD SWAP3 POP POP DUP2 SWAP1 SSTORE POP CALLER PUSH20 0xFFFFFFFFFFFFFFFFFFFFFFFFFFFFFFFFFFFFFFFF AND PUSH2 0x8FC DUP9 SWAP1 DUP2 ISZERO MUL SWAP1 PUSH1 0x40 MLOAD PUSH1 0x0 PUSH1 0x40 MLOAD DUP1 DUP4 SUB DUP2 DUP6 DUP9 DUP9 CALL SWAP4 POP POP POP POP ISZERO DUP1 ISZERO PUSH2 0x1799 JUMPI RETURNDATASIZE PUSH1 0x0 DUP1 RETURNDATACOPY RETURNDATASIZE PUSH1 0x0 REVERT JUMPDEST POP JUMPDEST CALLVALUE SWAP2 POP PUSH2 0x17C5 PUSH1 0x64 PUSH2 0x17B7 PUSH1 0x7 DUP6 PUSH2 0x2922 SWAP1 SWAP2 SWAP1 PUSH4 0xFFFFFFFF AND JUMP JUMPDEST PUSH2 0x295D SWAP1 SWAP2 SWAP1 PUSH4 0xFFFFFFFF AND JUMP JUMPDEST SWAP6 POP PUSH2 0x17EE PUSH1 0x64 PUSH2 0x17E0 PUSH1 0x3 DUP6 PUSH2 0x2922 SWAP1 SWAP2 SWAP1 PUSH4 0xFFFFFFFF AND JUMP JUMPDEST PUSH2 0x295D SWAP1 SWAP2 SWAP1 PUSH4 0xFFFFFFFF AND JUMP JUMPDEST SWAP5 POP PUSH2 0x1817 PUSH1 0x64 PUSH2 0x1809 PUSH1 0x2 DUP6 PUSH2 0x2922 SWAP1 SWAP2 SWAP1 PUSH4 0xFFFFFFFF AND JUMP JUMPDEST PUSH2 0x295D SWAP1 SWAP2 SWAP1 PUSH4 0xFFFFFFFF AND JUMP JUMPDEST SWAP4 POP PUSH2 0x1840 PUSH1 0x64 PUSH2 0x1832 PUSH1 0x3 DUP6 PUSH2 0x2922 SWAP1 SWAP2 SWAP1 PUSH4 0xFFFFFFFF AND JUMP JUMPDEST PUSH2 0x295D SWAP1 SWAP2 SWAP1 PUSH4 0xFFFFFFFF AND JUMP JUMPDEST SWAP3 POP PUSH2 0x1857 DUP4 PUSH1 0xD SLOAD PUSH2 0x2978 SWAP1 SWAP2 SWAP1 PUSH4 0xFFFFFFFF AND JUMP JUMPDEST PUSH1 0xD DUP2 SWAP1 SSTORE POP DUP2 SWAP2 POP PUSH1 0x5 PUSH1 0x0 SWAP1 SLOAD SWAP1 PUSH2 0x100 EXP SWAP1 DIV PUSH20 0xFFFFFFFFFFFFFFFFFFFFFFFFFFFFFFFFFFFFFFFF AND PUSH20 0xFFFFFFFFFFFFFFFFFFFFFFFFFFFFFFFFFFFFFFFF AND PUSH2 0x8FC DUP7 SWAP1 DUP2 ISZERO MUL SWAP1 PUSH1 0x40 MLOAD PUSH1 0x0 PUSH1 0x40 MLOAD DUP1 DUP4 SUB DUP2 DUP6 DUP9 DUP9 CALL SWAP4 POP POP POP POP ISZERO DUP1 ISZERO PUSH2 0x18C8 JUMPI RETURNDATASIZE PUSH1 0x0 DUP1 RETURNDATACOPY RETURNDATASIZE PUSH1 0x0 REVERT JUMPDEST POP PUSH1 0x6 PUSH1 0x0 SWAP1 SLOAD SWAP1 PUSH2 0x100 EXP SWAP1 DIV PUSH20 0xFFFFFFFFFFFFFFFFFFFFFFFFFFFFFFFFFFFFFFFF AND PUSH20 0xFFFFFFFFFFFFFFFFFFFFFFFFFFFFFFFFFFFFFFFF AND PUSH2 0x8FC DUP7 SWAP1 DUP2 ISZERO MUL SWAP1 PUSH1 0x40 MLOAD PUSH1 0x0 PUSH1 0x40 MLOAD DUP1 DUP4 SUB DUP2 DUP6 DUP9 DUP9 CALL SWAP4 POP POP POP POP ISZERO DUP1 ISZERO PUSH2 0x1931 JUMPI RETURNDATASIZE PUSH1 0x0 DUP1 RETURNDATACOPY RETURNDATASIZE PUSH1 0x0 REVERT JUMPDEST POP PUSH1 0x7 PUSH1 0x0 SWAP1 SLOAD SWAP1 PUSH2 0x100 EXP SWAP1 DIV PUSH20 0xFFFFFFFFFFFFFFFFFFFFFFFFFFFFFFFFFFFFFFFF AND PUSH20 0xFFFFFFFFFFFFFFFFFFFFFFFFFFFFFFFFFFFFFFFF AND PUSH2 0x8FC DUP7 SWAP1 DUP2 ISZERO MUL SWAP1 PUSH1 0x40 MLOAD PUSH1 0x0 PUSH1 0x40 MLOAD DUP1 DUP4 SUB DUP2 DUP6 DUP9 DUP9 CALL SWAP4 POP POP POP POP ISZERO DUP1 ISZERO PUSH2 0x199A JUMPI RETURNDATASIZE PUSH1 0x0 DUP1 RETURNDATACOPY RETURNDATASIZE PUSH1 0x0 REVERT JUMPDEST POP PUSH1 0x8 PUSH1 0x0 SWAP1 SLOAD SWAP1 PUSH2 0x100 EXP SWAP1 DIV PUSH20 0xFFFFFFFFFFFFFFFFFFFFFFFFFFFFFFFFFFFFFFFF AND PUSH20 0xFFFFFFFFFFFFFFFFFFFFFFFFFFFFFFFFFFFFFFFF AND PUSH2 0x8FC DUP7 SWAP1 DUP2 ISZERO MUL SWAP1 PUSH1 0x40 MLOAD PUSH1 0x0 PUSH1 0x40 MLOAD DUP1 DUP4 SUB DUP2 DUP6 DUP9 DUP9 CALL SWAP4 POP POP POP POP ISZERO DUP1 ISZERO PUSH2 0x1A03 JUMPI RETURNDATASIZE PUSH1 0x0 DUP1 RETURNDATACOPY RETURNDATASIZE PUSH1 0x0 REVERT JUMPDEST POP PUSH1 0x9 PUSH1 0x0 SWAP1 SLOAD SWAP1 PUSH2 0x100 EXP SWAP1 DIV PUSH20 0xFFFFFFFFFFFFFFFFFFFFFFFFFFFFFFFFFFFFFFFF AND PUSH20 0xFFFFFFFFFFFFFFFFFFFFFFFFFFFFFFFFFFFFFFFF AND PUSH2 0x8FC DUP7 SWAP1 DUP2 ISZERO MUL SWAP1 PUSH1 0x40 MLOAD PUSH1 0x0 PUSH1 0x40 MLOAD DUP1 DUP4 SUB DUP2 DUP6 DUP9 DUP9 CALL SWAP4 POP POP POP POP ISZERO DUP1 ISZERO PUSH2 0x1A6C JUMPI RETURNDATASIZE PUSH1 0x0 DUP1 RETURNDATACOPY RETURNDATASIZE PUSH1 0x0 REVERT JUMPDEST POP PUSH1 0xA PUSH1 0x0 SWAP1 SLOAD SWAP1 PUSH2 0x100 EXP SWAP1 DIV PUSH20 0xFFFFFFFFFFFFFFFFFFFFFFFFFFFFFFFFFFFFFFFF AND PUSH20 0xFFFFFFFFFFFFFFFFFFFFFFFFFFFFFFFFFFFFFFFF AND PUSH2 0x8FC DUP7 SWAP1 DUP2 ISZERO MUL SWAP1 PUSH1 0x40 MLOAD PUSH1 0x0 PUSH1 0x40 MLOAD DUP1 DUP4 SUB DUP2 DUP6 DUP9 DUP9 CALL SWAP4 POP POP POP POP ISZERO DUP1 ISZERO PUSH2 0x1AD5 JUMPI RETURNDATASIZE PUSH1 0x0 DUP1 RETURNDATACOPY RETURNDATASIZE PUSH1 0x0 REVERT JUMPDEST POP PUSH1 0xB PUSH1 0x0 SWAP1 SLOAD SWAP1 PUSH2 0x100 EXP SWAP1 DIV PUSH20 0xFFFFFFFFFFFFFFFFFFFFFFFFFFFFFFFFFFFFFFFF AND PUSH20 0xFFFFFFFFFFFFFFFFFFFFFFFFFFFFFFFFFFFFFFFF AND PUSH2 0x8FC DUP6 SWAP1 DUP2 ISZERO MUL SWAP1 PUSH1 0x40 MLOAD PUSH1 0x0 PUSH1 0x40 MLOAD DUP1 DUP4 SUB DUP2 DUP6 DUP9 DUP9 CALL SWAP4 POP POP POP POP ISZERO DUP1 ISZERO PUSH2 0x1B3E JUMPI RETURNDATASIZE PUSH1 0x0 DUP1 RETURNDATACOPY RETURNDATASIZE PUSH1 0x0 REVERT JUMPDEST POP CALLER PUSH20 0xFFFFFFFFFFFFFFFFFFFFFFFFFFFFFFFFFFFFFFFF AND DUP10 PUSH20 0xFFFFFFFFFFFFFFFFFFFFFFFFFFFFFFFFFFFFFFFF AND EQ ISZERO DUP1 ISZERO PUSH2 0x1B92 JUMPI POP PUSH1 0x1 DUP10 PUSH20 0xFFFFFFFFFFFFFFFFFFFFFFFFFFFFFFFFFFFFFFFF AND EQ ISZERO JUMPDEST DUP1 ISZERO PUSH2 0x1BEC JUMPI POP PUSH1 0x6 PUSH1 0x0 SWAP1 SLOAD SWAP1 PUSH2 0x100 EXP SWAP1 DIV PUSH20 0xFFFFFFFFFFFFFFFFFFFFFFFFFFFFFFFFFFFFFFFF AND PUSH20 0xFFFFFFFFFFFFFFFFFFFFFFFFFFFFFFFFFFFFFFFF AND DUP10 PUSH20 0xFFFFFFFFFFFFFFFFFFFFFFFFFFFFFFFFFFFFFFFF AND EQ ISZERO JUMPDEST DUP1 ISZERO PUSH2 0x1C46 JUMPI POP PUSH1 0x7 PUSH1 0x0 SWAP1 SLOAD SWAP1 PUSH2 0x100 EXP SWAP1 DIV PUSH20 0xFFFFFFFFFFFFFFFFFFFFFFFFFFFFFFFFFFFFFFFF AND PUSH20 0xFFFFFFFFFFFFFFFFFFFFFFFFFFFFFFFFFFFFFFFF AND DUP10 PUSH20 0xFFFFFFFFFFFFFFFFFFFFFFFFFFFFFFFFFFFFFFFF AND EQ ISZERO JUMPDEST DUP1 ISZERO PUSH2 0x1CA0 JUMPI POP PUSH1 0x8 PUSH1 0x0 SWAP1 SLOAD SWAP1 PUSH2 0x100 EXP SWAP1 DIV PUSH20 0xFFFFFFFFFFFFFFFFFFFFFFFFFFFFFFFFFFFFFFFF AND PUSH20 0xFFFFFFFFFFFFFFFFFFFFFFFFFFFFFFFFFFFFFFFF AND DUP10 PUSH20 0xFFFFFFFFFFFFFFFFFFFFFFFFFFFFFFFFFFFFFFFF AND EQ ISZERO JUMPDEST DUP1 ISZERO PUSH2 0x1CFA JUMPI POP PUSH1 0x9 PUSH1 0x0 SWAP1 SLOAD SWAP1 PUSH2 0x100 EXP SWAP1 DIV PUSH20 0xFFFFFFFFFFFFFFFFFFFFFFFFFFFFFFFFFFFFFFFF AND PUSH20 0xFFFFFFFFFFFFFFFFFFFFFFFFFFFFFFFFFFFFFFFF AND DUP10 PUSH20 0xFFFFFFFFFFFFFFFFFFFFFFFFFFFFFFFFFFFFFFFF AND EQ ISZERO JUMPDEST DUP1 ISZERO PUSH2 0x1D54 JUMPI POP PUSH1 0xA PUSH1 0x0 SWAP1 SLOAD SWAP1 PUSH2 0x100 EXP SWAP1 DIV PUSH20 0xFFFFFFFFFFFFFFFFFFFFFFFFFFFFFFFFFFFFFFFF AND PUSH20 0xFFFFFFFFFFFFFFFFFFFFFFFFFFFFFFFFFFFFFFFF AND DUP10 PUSH20 0xFFFFFFFFFFFFFFFFFFFFFFFFFFFFFFFFFFFFFFFF AND EQ ISZERO JUMPDEST DUP1 ISZERO PUSH2 0x1DAE JUMPI POP PUSH1 0xB PUSH1 0x0 SWAP1 SLOAD SWAP1 PUSH2 0x100 EXP SWAP1 DIV PUSH20 0xFFFFFFFFFFFFFFFFFFFFFFFFFFFFFFFFFFFFFFFF AND PUSH20 0xFFFFFFFFFFFFFFFFFFFFFFFFFFFFFFFFFFFFFFFF AND DUP10 PUSH20 0xFFFFFFFFFFFFFFFFFFFFFFFFFFFFFFFFFFFFFFFF AND EQ ISZERO JUMPDEST ISZERO PUSH2 0x1E40 JUMPI PUSH2 0x1DFC PUSH1 0x4 PUSH1 0x0 DUP12 PUSH20 0xFFFFFFFFFFFFFFFFFFFFFFFFFFFFFFFFFFFFFFFF AND PUSH20 0xFFFFFFFFFFFFFFFFFFFFFFFFFFFFFFFFFFFFFFFF AND DUP2 MSTORE PUSH1 0x20 ADD SWAP1 DUP2 MSTORE PUSH1 0x20 ADD PUSH1 0x0 KECCAK256 SLOAD DUP8 PUSH2 0x2978 JUMP JUMPDEST PUSH1 0x4 PUSH1 0x0 DUP12 PUSH20 0xFFFFFFFFFFFFFFFFFFFFFFFFFFFFFFFFFFFFFFFF AND PUSH20 0xFFFFFFFFFFFFFFFFFFFFFFFFFFFFFFFFFFFFFFFF AND DUP2 MSTORE PUSH1 0x20 ADD SWAP1 DUP2 MSTORE PUSH1 0x20 ADD PUSH1 0x0 KECCAK256 DUP2 SWAP1 SSTORE POP JUMPDEST PUSH2 0x1E92 DUP3 PUSH1 0x1 PUSH1 0x0 CALLER PUSH20 0xFFFFFFFFFFFFFFFFFFFFFFFFFFFFFFFFFFFFFFFF AND PUSH20 0xFFFFFFFFFFFFFFFFFFFFFFFFFFFFFFFFFFFFFFFF AND DUP2 MSTORE PUSH1 0x20 ADD SWAP1 DUP2 MSTORE PUSH1 0x20 ADD PUSH1 0x0 KECCAK256 SLOAD PUSH2 0x2978 SWAP1 SWAP2 SWAP1 PUSH4 0xFFFFFFFF AND JUMP JUMPDEST PUSH1 0x1 PUSH1 0x0 CALLER PUSH20 0xFFFFFFFFFFFFFFFFFFFFFFFFFFFFFFFFFFFFFFFF AND PUSH20 0xFFFFFFFFFFFFFFFFFFFFFFFFFFFFFFFFFFFFFFFF AND DUP2 MSTORE PUSH1 0x20 ADD SWAP1 DUP2 MSTORE PUSH1 0x20 ADD PUSH1 0x0 KECCAK256 DUP2 SWAP1 SSTORE POP TIMESTAMP PUSH1 0x2 PUSH1 0x0 CALLER PUSH20 0xFFFFFFFFFFFFFFFFFFFFFFFFFFFFFFFFFFFFFFFF AND PUSH20 0xFFFFFFFFFFFFFFFFFFFFFFFFFFFFFFFFFFFFFFFF AND DUP2 MSTORE PUSH1 0x20 ADD SWAP1 DUP2 MSTORE PUSH1 0x20 ADD PUSH1 0x0 KECCAK256 DUP2 SWAP1 SSTORE POP PUSH1 0x13 PUSH1 0x0 CALLER PUSH20 0xFFFFFFFFFFFFFFFFFFFFFFFFFFFFFFFFFFFFFFFF AND PUSH20 0xFFFFFFFFFFFFFFFFFFFFFFFFFFFFFFFFFFFFFFFF AND DUP2 MSTORE PUSH1 0x20 ADD SWAP1 DUP2 MSTORE PUSH1 0x20 ADD PUSH1 0x0 KECCAK256 DUP3 SWAP1 DUP1 PUSH1 0x1 DUP2 SLOAD ADD DUP1 DUP3 SSTORE DUP1 SWAP2 POP POP SWAP1 PUSH1 0x1 DUP3 SUB SWAP1 PUSH1 0x0 MSTORE PUSH1 0x20 PUSH1 0x0 KECCAK256 ADD PUSH1 0x0 SWAP1 SWAP2 SWAP3 SWAP1 SWAP2 SWAP1 SWAP2 POP SSTORE POP PUSH1 0xE SLOAD PUSH1 0xD SLOAD LT ISZERO ISZERO PUSH2 0x2073 JUMPI PUSH1 0xD SLOAD SWAP1 POP CALLER PUSH20 0xFFFFFFFFFFFFFFFFFFFFFFFFFFFFFFFFFFFFFFFF AND PUSH2 0x8FC DUP3 SWAP1 DUP2 ISZERO MUL SWAP1 PUSH1 0x40 MLOAD PUSH1 0x0 PUSH1 0x40 MLOAD DUP1 DUP4 SUB DUP2 DUP6 DUP9 DUP9 CALL SWAP4 POP POP POP POP ISZERO DUP1 ISZERO PUSH2 0x1FDA JUMPI RETURNDATASIZE PUSH1 0x0 DUP1 RETURNDATACOPY RETURNDATASIZE PUSH1 0x0 REVERT JUMPDEST POP CALLER PUSH1 0xC PUSH1 0x0 PUSH2 0x100 EXP DUP2 SLOAD DUP2 PUSH20 0xFFFFFFFFFFFFFFFFFFFFFFFFFFFFFFFFFFFFFFFF MUL NOT AND SWAP1 DUP4 PUSH20 0xFFFFFFFFFFFFFFFFFFFFFFFFFFFFFFFFFFFFFFFF AND MUL OR SWAP1 SSTORE POP CALLER PUSH20 0xFFFFFFFFFFFFFFFFFFFFFFFFFFFFFFFFFFFFFFFF AND PUSH32 0x55C760794E652D1FA3C4DFC0E0E192F75796BA998FFF30D990B7F6ACC8B04A8F DUP3 PUSH1 0x40 MLOAD DUP1 DUP3 DUP2 MSTORE PUSH1 0x20 ADD SWAP2 POP POP PUSH1 0x40 MLOAD DUP1 SWAP2 SUB SWAP1 LOG2 PUSH1 0x0 PUSH1 0xD DUP2 SWAP1 SSTORE POP JUMPDEST POP POP POP POP POP POP POP POP POP JUMP JUMPDEST PUSH1 0x2 PUSH1 0x20 MSTORE DUP1 PUSH1 0x0 MSTORE PUSH1 0x40 PUSH1 0x0 KECCAK256 PUSH1 0x0 SWAP2 POP SWAP1 POP SLOAD DUP2 JUMP JUMPDEST PUSH1 0x0 DUP1 PUSH2 0x20A1 PUSH2 0x22AF JUMP JUMPDEST SWAP1 POP PUSH8 0x6F05B59D3B20000 DUP2 LT ISZERO DUP1 ISZERO PUSH2 0x20C3 JUMPI POP DUP1 PUSH8 0x3782DACE9D900000 LT ISZERO JUMPDEST ISZERO PUSH2 0x20D1 JUMPI PUSH1 0x0 SWAP2 POP PUSH2 0x2176 JUMP JUMPDEST PUSH8 0x37A661C10D510000 DUP2 LT ISZERO DUP1 ISZERO PUSH2 0x20F1 JUMPI POP DUP1 PUSH8 0x6124FEE993BC0000 LT ISZERO JUMPDEST ISZERO PUSH2 0x20FF JUMPI PUSH1 0x14 SWAP2 POP PUSH2 0x2176 JUMP JUMPDEST PUSH8 0x614885DC037D0000 DUP2 LT ISZERO DUP1 ISZERO PUSH2 0x211F JUMPI POP DUP1 PUSH8 0x8AC7230489E80000 LT ISZERO JUMPDEST ISZERO PUSH2 0x212D JUMPI PUSH1 0x28 SWAP2 POP PUSH2 0x2176 JUMP JUMPDEST PUSH8 0x8AEAA9F6F9A90000 DUP2 LT ISZERO DUP1 ISZERO PUSH2 0x214D JUMPI POP DUP1 PUSH8 0xD02AB486CEDC0000 LT ISZERO JUMPDEST ISZERO PUSH2 0x215B JUMPI PUSH1 0x3C SWAP2 POP PUSH2 0x2176 JUMP JUMPDEST PUSH8 0xD04E3B793E9D0000 DUP2 LT ISZERO ISZERO PUSH2 0x2175 JUMPI PUSH1 0x63 SWAP2 POP PUSH2 0x2176 JUMP JUMPDEST JUMPDEST POP SWAP1 JUMP JUMPDEST PUSH1 0x0 DUP1 PUSH1 0x0 SWAP1 SLOAD SWAP1 PUSH2 0x100 EXP SWAP1 DIV PUSH20 0xFFFFFFFFFFFFFFFFFFFFFFFFFFFFFFFFFFFFFFFF AND SWAP1 POP SWAP1 JUMP JUMPDEST PUSH1 0x0 DUP1 PUSH1 0x0 SWAP1 SLOAD SWAP1 PUSH2 0x100 EXP SWAP1 DIV PUSH20 0xFFFFFFFFFFFFFFFFFFFFFFFFFFFFFFFFFFFFFFFF AND PUSH20 0xFFFFFFFFFFFFFFFFFFFFFFFFFFFFFFFFFFFFFFFF AND CALLER PUSH20 0xFFFFFFFFFFFFFFFFFFFFFFFFFFFFFFFFFFFFFFFF AND EQ SWAP1 POP SWAP1 JUMP JUMPDEST PUSH2 0x2202 PUSH2 0x21A3 JUMP JUMPDEST ISZERO ISZERO PUSH2 0x220D JUMPI PUSH1 0x0 DUP1 REVERT JUMPDEST DUP1 PUSH1 0xE DUP2 SWAP1 SSTORE POP POP JUMP JUMPDEST PUSH1 0x5 PUSH1 0x0 SWAP1 SLOAD SWAP1 PUSH2 0x100 EXP SWAP1 DIV PUSH20 0xFFFFFFFFFFFFFFFFFFFFFFFFFFFFFFFFFFFFFFFF AND DUP2 JUMP JUMPDEST PUSH1 0x9 PUSH1 0x0 SWAP1 SLOAD SWAP1 PUSH2 0x100 EXP SWAP1 DIV PUSH20 0xFFFFFFFFFFFFFFFFFFFFFFFFFFFFFFFFFFFFFFFF AND DUP2 JUMP JUMPDEST PUSH1 0xA PUSH1 0x0 SWAP1 SLOAD SWAP1 PUSH2 0x100 EXP SWAP1 DIV PUSH20 0xFFFFFFFFFFFFFFFFFFFFFFFFFFFFFFFFFFFFFFFF AND DUP2 JUMP JUMPDEST PUSH1 0xC PUSH1 0x0 SWAP1 SLOAD SWAP1 PUSH2 0x100 EXP SWAP1 DIV PUSH20 0xFFFFFFFFFFFFFFFFFFFFFFFFFFFFFFFFFFFFFFFF AND DUP2 JUMP JUMPDEST PUSH1 0x0 PUSH1 0x1 PUSH1 0x0 CALLER PUSH20 0xFFFFFFFFFFFFFFFFFFFFFFFFFFFFFFFFFFFFFFFF AND PUSH20 0xFFFFFFFFFFFFFFFFFFFFFFFFFFFFFFFFFFFFFFFF AND DUP2 MSTORE PUSH1 0x20 ADD SWAP1 DUP2 MSTORE PUSH1 0x20 ADD PUSH1 0x0 KECCAK256 SLOAD SWAP1 POP SWAP1 JUMP JUMPDEST PUSH1 0xB PUSH1 0x0 SWAP1 SLOAD SWAP1 PUSH2 0x100 EXP SWAP1 DIV PUSH20 0xFFFFFFFFFFFFFFFFFFFFFFFFFFFFFFFFFFFFFFFF AND DUP2 JUMP JUMPDEST PUSH1 0x0 DUP1 PUSH1 0x0 DUP1 PUSH1 0x0 DUP1 PUSH2 0x236E TIMESTAMP PUSH1 0x2 PUSH1 0x0 DUP11 PUSH20 0xFFFFFFFFFFFFFFFFFFFFFFFFFFFFFFFFFFFFFFFF AND PUSH20 0xFFFFFFFFFFFFFFFFFFFFFFFFFFFFFFFFFFFFFFFF AND DUP2 MSTORE PUSH1 0x20 ADD SWAP1 DUP2 MSTORE PUSH1 0x20 ADD PUSH1 0x0 KECCAK256 SLOAD PUSH2 0x2909 JUMP JUMPDEST SWAP5 POP PUSH2 0x23C5 PUSH2 0x23BC DUP7 PUSH1 0x1 PUSH1 0x0 DUP12 PUSH20 0xFFFFFFFFFFFFFFFFFFFFFFFFFFFFFFFFFFFFFFFF AND PUSH20 0xFFFFFFFFFFFFFFFFFFFFFFFFFFFFFFFFFFFFFFFF AND DUP2 MSTORE PUSH1 0x20 ADD SWAP1 DUP2 MSTORE PUSH1 0x20 ADD PUSH1 0x0 KECCAK256 SLOAD PUSH2 0x2922 JUMP JUMPDEST PUSH3 0x12D608 PUSH2 0x295D JUMP JUMPDEST SWAP4 POP PUSH2 0x23CF PUSH2 0xCD7 JUMP JUMPDEST SWAP3 POP PUSH1 0x12 PUSH1 0x0 CALLER PUSH20 0xFFFFFFFFFFFFFFFFFFFFFFFFFFFFFFFFFFFFFFFF AND PUSH20 0xFFFFFFFFFFFFFFFFFFFFFFFFFFFFFFFFFFFFFFFF AND DUP2 MSTORE PUSH1 0x20 ADD SWAP1 DUP2 MSTORE PUSH1 0x20 ADD PUSH1 0x0 KECCAK256 SLOAD DUP4 SUB SWAP2 POP DUP2 DUP5 GT DUP1 ISZERO PUSH2 0x2462 JUMPI POP DUP3 PUSH1 0x12 PUSH1 0x0 CALLER PUSH20 0xFFFFFFFFFFFFFFFFFFFFFFFFFFFFFFFFFFFFFFFF AND PUSH20 0xFFFFFFFFFFFFFFFFFFFFFFFFFFFFFFFFFFFFFFFF AND DUP2 MSTORE PUSH1 0x20 ADD SWAP1 DUP2 MSTORE PUSH1 0x20 ADD PUSH1 0x0 KECCAK256 SLOAD LT JUMPDEST ISZERO PUSH2 0x246B JUMPI DUP2 SWAP4 POP JUMPDEST PUSH2 0x2473 PUSH2 0x2096 JUMP JUMPDEST SWAP1 POP PUSH1 0x0 DUP2 EQ ISZERO PUSH2 0x2486 JUMPI DUP4 SWAP6 POP PUSH2 0x24A6 JUMP JUMPDEST PUSH2 0x24A3 DUP5 PUSH2 0x249E PUSH2 0x2497 DUP8 DUP6 PUSH2 0x2922 JUMP JUMPDEST PUSH1 0x64 PUSH2 0x295D JUMP JUMPDEST PUSH2 0x2978 JUMP JUMPDEST SWAP6 POP JUMPDEST POP POP POP POP POP SWAP2 SWAP1 POP JUMP JUMPDEST PUSH1 0x7 PUSH1 0x0 SWAP1 SLOAD SWAP1 PUSH2 0x100 EXP SWAP1 DIV PUSH20 0xFFFFFFFFFFFFFFFFFFFFFFFFFFFFFFFFFFFFFFFF AND DUP2 JUMP JUMPDEST PUSH1 0x10 SLOAD DUP2 JUMP JUMPDEST PUSH2 0x24E4 PUSH2 0x21A3 JUMP JUMPDEST ISZERO ISZERO PUSH2 0x24EF JUMPI PUSH1 0x0 DUP1 REVERT JUMPDEST PUSH1 0x0 PUSH20 0xFFFFFFFFFFFFFFFFFFFFFFFFFFFFFFFFFFFFFFFF AND DUP2 PUSH20 0xFFFFFFFFFFFFFFFFFFFFFFFFFFFFFFFFFFFFFFFF AND EQ ISZERO ISZERO ISZERO PUSH2 0x252B JUMPI PUSH1 0x0 DUP1 REVERT JUMPDEST DUP1 PUSH1 0x6 PUSH1 0x0 PUSH2 0x100 EXP DUP2 SLOAD DUP2 PUSH20 0xFFFFFFFFFFFFFFFFFFFFFFFFFFFFFFFFFFFFFFFF MUL NOT AND SWAP1 DUP4 PUSH20 0xFFFFFFFFFFFFFFFFFFFFFFFFFFFFFFFFFFFFFFFF AND MUL OR SWAP1 SSTORE POP POP JUMP JUMPDEST PUSH1 0x1 PUSH1 0x20 MSTORE DUP1 PUSH1 0x0 MSTORE PUSH1 0x40 PUSH1 0x0 KECCAK256 PUSH1 0x0 SWAP2 POP SWAP1 POP SLOAD DUP2 JUMP JUMPDEST PUSH1 0x0 PUSH2 0x2592 CALLER PUSH2 0x231C JUMP JUMPDEST SWAP1 POP PUSH1 0x0 DUP2 GT ISZERO ISZERO PUSH2 0x25A3 JUMPI PUSH1 0x0 DUP1 REVERT JUMPDEST TIMESTAMP PUSH1 0x2 PUSH1 0x0 CALLER PUSH20 0xFFFFFFFFFFFFFFFFFFFFFFFFFFFFFFFFFFFFFFFF AND PUSH20 0xFFFFFFFFFFFFFFFFFFFFFFFFFFFFFFFFFFFFFFFF AND DUP2 MSTORE PUSH1 0x20 ADD SWAP1 DUP2 MSTORE PUSH1 0x20 ADD PUSH1 0x0 KECCAK256 DUP2 SWAP1 SSTORE POP DUP1 PUSH1 0x12 PUSH1 0x0 CALLER PUSH20 0xFFFFFFFFFFFFFFFFFFFFFFFFFFFFFFFFFFFFFFFF AND PUSH20 0xFFFFFFFFFFFFFFFFFFFFFFFFFFFFFFFFFFFFFFFF AND DUP2 MSTORE PUSH1 0x20 ADD SWAP1 DUP2 MSTORE PUSH1 0x20 ADD PUSH1 0x0 KECCAK256 PUSH1 0x0 DUP3 DUP3 SLOAD ADD SWAP3 POP POP DUP2 SWAP1 SSTORE POP PUSH2 0x267D PUSH1 0x1 PUSH1 0x0 CALLER PUSH20 0xFFFFFFFFFFFFFFFFFFFFFFFFFFFFFFFFFFFFFFFF AND PUSH20 0xFFFFFFFFFFFFFFFFFFFFFFFFFFFFFFFFFFFFFFFF AND DUP2 MSTORE PUSH1 0x20 ADD SWAP1 DUP2 MSTORE PUSH1 0x20 ADD PUSH1 0x0 KECCAK256 SLOAD DUP3 PUSH2 0x2978 JUMP JUMPDEST PUSH1 0x1 PUSH1 0x0 CALLER PUSH20 0xFFFFFFFFFFFFFFFFFFFFFFFFFFFFFFFFFFFFFFFF AND PUSH20 0xFFFFFFFFFFFFFFFFFFFFFFFFFFFFFFFFFFFFFFFF AND DUP2 MSTORE PUSH1 0x20 ADD SWAP1 DUP2 MSTORE PUSH1 0x20 ADD PUSH1 0x0 KECCAK256 DUP2 SWAP1 SSTORE POP POP JUMP JUMPDEST PUSH1 0x12 PUSH1 0x20 MSTORE DUP1 PUSH1 0x0 MSTORE PUSH1 0x40 PUSH1 0x0 KECCAK256 PUSH1 0x0 SWAP2 POP SWAP1 POP SLOAD DUP2 JUMP JUMPDEST PUSH2 0x26E3 PUSH2 0x21A3 JUMP JUMPDEST ISZERO ISZERO PUSH2 0x26EE JUMPI PUSH1 0x0 DUP1 REVERT JUMPDEST PUSH1 0x0 PUSH20 0xFFFFFFFFFFFFFFFFFFFFFFFFFFFFFFFFFFFFFFFF AND DUP2 PUSH20 0xFFFFFFFFFFFFFFFFFFFFFFFFFFFFFFFFFFFFFFFF AND EQ ISZERO ISZERO ISZERO PUSH2 0x272A JUMPI PUSH1 0x0 DUP1 REVERT JUMPDEST DUP1 PUSH1 0x8 PUSH1 0x0 PUSH2 0x100 EXP DUP2 SLOAD DUP2 PUSH20 0xFFFFFFFFFFFFFFFFFFFFFFFFFFFFFFFFFFFFFFFF MUL NOT AND SWAP1 DUP4 PUSH20 0xFFFFFFFFFFFFFFFFFFFFFFFFFFFFFFFFFFFFFFFF AND MUL OR SWAP1 SSTORE POP POP JUMP JUMPDEST PUSH1 0x0 DUP1 PUSH1 0x4 PUSH1 0x0 CALLER PUSH20 0xFFFFFFFFFFFFFFFFFFFFFFFFFFFFFFFFFFFFFFFF AND PUSH20 0xFFFFFFFFFFFFFFFFFFFFFFFFFFFFFFFFFFFFFFFF AND DUP2 MSTORE PUSH1 0x20 ADD SWAP1 DUP2 MSTORE PUSH1 0x20 ADD PUSH1 0x0 KECCAK256 SLOAD GT ISZERO ISZERO PUSH2 0x27BD JUMPI PUSH1 0x0 DUP1 REVERT JUMPDEST PUSH1 0x4 PUSH1 0x0 CALLER PUSH20 0xFFFFFFFFFFFFFFFFFFFFFFFFFFFFFFFFFFFFFFFF AND PUSH20 0xFFFFFFFFFFFFFFFFFFFFFFFFFFFFFFFFFFFFFFFF AND DUP2 MSTORE PUSH1 0x20 ADD SWAP1 DUP2 MSTORE PUSH1 0x20 ADD PUSH1 0x0 KECCAK256 SLOAD SWAP1 POP PUSH1 0x0 PUSH1 0x4 PUSH1 0x0 CALLER PUSH20 0xFFFFFFFFFFFFFFFFFFFFFFFFFFFFFFFFFFFFFFFF AND PUSH20 0xFFFFFFFFFFFFFFFFFFFFFFFFFFFFFFFFFFFFFFFF AND DUP2 MSTORE PUSH1 0x20 ADD SWAP1 DUP2 MSTORE PUSH1 0x20 ADD PUSH1 0x0 KECCAK256 DUP2 SWAP1 SSTORE POP CALLER PUSH20 0xFFFFFFFFFFFFFFFFFFFFFFFFFFFFFFFFFFFFFFFF AND PUSH2 0x8FC DUP3 SWAP1 DUP2 ISZERO MUL SWAP1 PUSH1 0x40 MLOAD PUSH1 0x0 PUSH1 0x40 MLOAD DUP1 DUP4 SUB DUP2 DUP6 DUP9 DUP9 CALL SWAP4 POP POP POP POP ISZERO DUP1 ISZERO PUSH2 0x288A JUMPI RETURNDATASIZE PUSH1 0x0 DUP1 RETURNDATACOPY RETURNDATASIZE PUSH1 0x0 REVERT JUMPDEST POP POP JUMP JUMPDEST PUSH2 0x2896 PUSH2 0x21A3 JUMP JUMPDEST ISZERO ISZERO PUSH2 0x28A1 JUMPI PUSH1 0x0 DUP1 REVERT JUMPDEST PUSH2 0x28AA DUP2 PUSH2 0x2996 JUMP JUMPDEST POP JUMP JUMPDEST PUSH1 0x6 PUSH1 0x0 SWAP1 SLOAD SWAP1 PUSH2 0x100 EXP SWAP1 DIV PUSH20 0xFFFFFFFFFFFFFFFFFFFFFFFFFFFFFFFFFFFFFFFF AND DUP2 JUMP JUMPDEST PUSH1 0xF SLOAD DUP2 JUMP JUMPDEST PUSH1 0x13 PUSH1 0x20 MSTORE DUP2 PUSH1 0x0 MSTORE PUSH1 0x40 PUSH1 0x0 KECCAK256 DUP2 DUP2 SLOAD DUP2 LT ISZERO ISZERO PUSH2 0x28F4 JUMPI INVALID JUMPDEST SWAP1 PUSH1 0x0 MSTORE PUSH1 0x20 PUSH1 0x0 KECCAK256 ADD PUSH1 0x0 SWAP2 POP SWAP2 POP POP SLOAD DUP2 JUMP JUMPDEST PUSH1 0x0 DUP3 DUP3 GT ISZERO ISZERO ISZERO PUSH2 0x2917 JUMPI INVALID JUMPDEST DUP2 DUP4 SUB SWAP1 POP SWAP3 SWAP2 POP POP JUMP JUMPDEST PUSH1 0x0 DUP1 PUSH1 0x0 DUP5 EQ ISZERO PUSH2 0x2937 JUMPI PUSH1 0x0 SWAP2 POP PUSH2 0x2956 JUMP JUMPDEST DUP3 DUP5 MUL SWAP1 POP DUP3 DUP5 DUP3 DUP2 ISZERO ISZERO PUSH2 0x2948 JUMPI INVALID JUMPDEST DIV EQ ISZERO ISZERO PUSH2 0x2952 JUMPI INVALID JUMPDEST DUP1 SWAP2 POP JUMPDEST POP SWAP3 SWAP2 POP POP JUMP JUMPDEST PUSH1 0x0 DUP1 DUP3 DUP5 DUP2 ISZERO ISZERO PUSH2 0x296B JUMPI INVALID JUMPDEST DIV SWAP1 POP DUP1 SWAP2 POP POP SWAP3 SWAP2 POP POP JUMP JUMPDEST PUSH1 0x0 DUP1 DUP3 DUP5 ADD SWAP1 POP DUP4 DUP2 LT ISZERO ISZERO ISZERO PUSH2 0x298C JUMPI INVALID JUMPDEST DUP1 SWAP2 POP POP SWAP3 SWAP2 POP POP JUMP JUMPDEST PUSH1 0x0 PUSH20 0xFFFFFFFFFFFFFFFFFFFFFFFFFFFFFFFFFFFFFFFF AND DUP2 PUSH20 0xFFFFFFFFFFFFFFFFFFFFFFFFFFFFFFFFFFFFFFFF AND EQ ISZERO ISZERO ISZERO PUSH2 0x29D2 JUMPI PUSH1 0x0 DUP1 REVERT JUMPDEST DUP1 PUSH20 0xFFFFFFFFFFFFFFFFFFFFFFFFFFFFFFFFFFFFFFFF AND PUSH1 0x0 DUP1 SWAP1 SLOAD SWAP1 PUSH2 0x100 EXP SWAP1 DIV PUSH20 0xFFFFFFFFFFFFFFFFFFFFFFFFFFFFFFFFFFFFFFFF AND PUSH20 0xFFFFFFFFFFFFFFFFFFFFFFFFFFFFFFFFFFFFFFFF AND PUSH32 0x8BE0079C531659141344CD1FD0A4F28419497F9722A3DAAFE3B4186F6B6457E0 PUSH1 0x40 MLOAD PUSH1 0x40 MLOAD DUP1 SWAP2 SUB SWAP1 LOG3 DUP1 PUSH1 0x0 DUP1 PUSH2 0x100 EXP DUP2 SLOAD DUP2 PUSH20 0xFFFFFFFFFFFFFFFFFFFFFFFFFFFFFFFFFFFFFFFF MUL NOT AND SWAP1 DUP4 PUSH20 0xFFFFFFFFFFFFFFFFFFFFFFFFFFFFFFFFFFFFFFFF AND MUL OR SWAP1 SSTORE POP POP JUMP JUMPDEST POP DUP1 SLOAD PUSH1 0x0 DUP3 SSTORE SWAP1 PUSH1 0x0 MSTORE PUSH1 0x20 PUSH1 0x0 KECCAK256 SWAP1 DUP2 ADD SWAP1 PUSH2 0x2AAE SWAP2 SWAP1 PUSH2 0x2AB1 JUMP JUMPDEST POP JUMP JUMPDEST PUSH2 0x2AD3 SWAP2 SWAP1 JUMPDEST DUP1 DUP3 GT ISZERO PUSH2 0x2ACF JUMPI PUSH1 0x0 DUP2 PUSH1 0x0 SWAP1 SSTORE POP PUSH1 0x1 ADD PUSH2 0x2AB7 JUMP JUMPDEST POP SWAP1 JUMP JUMPDEST SWAP1 JUMP STOP LOG1 PUSH6 0x627A7A723058 KECCAK256 0xb4 0xe 0xac 0xb2 DUP3 0xe3 CREATE DIV 0x48 DUP11 JUMPI GT 0xe2 0xda PUSH7 0xEBE8243FD420D6 PUSH5 0x46A1F51521 PUSH27 0xD5DA22002900000000000000000000000000000000000000000000
0,PUSH1 0x4C PUSH1 0x23 PUSH1 0xB DUP3 DUP3 DUP3 CODECOPY DUP1 MLOAD PUSH1 0x0 BYTE PUSH1 0x73 EQ PUSH1 0x16 JUMPI INVALID JUMPDEST ADDRESS PUSH1 0x0 MSTORE PUSH1 0x73 DUP2 MSTORE8 DUP3 DUP2 RETURN INVALID PUSH20 0x0 ADDRESS EQ PUSH1 0x80 PUSH1 0x40 MSTORE PUSH1 0x0 DUP1 REVERT INVALID LOG1 PUSH6 0x627A7A723058 KECCAK256 0x26 SIGNEXTEND 0xe3 PUSH11 0x31C84C5C41D5D6E00D66C5 ISZERO PUSH2 0x71C8 SWAP3 0x48 0xb6 0xf6 EQ 0xe2 0xe1 DUP14 0x5e DUP4 MSTORE8 0xc3 0xaf STOP 0x29
0,PUSH1 0x80 PUSH1 0x40 MSTORE PUSH1 0x40 MLOAD DUP1 PUSH1 0x40 ADD PUSH1 0x40 MSTORE DUP1 PUSH1 0x10 DUP2 MSTORE PUSH1 0x20 ADD PUSH32 0x94E44445F4554485F495F383833090900000000000000000000000000000000 DUP2 MSTORE POP PUSH1 0x1 SWAP1 DUP1 MLOAD SWAP1 PUSH1 0x20 ADD SWAP1 PUSH2 0x4F SWAP3 SWAP2 SWAP1 PUSH2 0xDA JUMP JUMPDEST POP PUSH1 0x40 MLOAD DUP1 PUSH1 0x40 ADD PUSH1 0x40 MSTORE DUP1 PUSH1 0x13 DUP2 MSTORE PUSH1 0x20 ADD PUSH32 0x94E44445F4554485F495F317375624454090900000000000000000000000000 DUP2 MSTORE POP PUSH1 0x2 SWAP1 DUP1 MLOAD SWAP1 PUSH1 0x20 ADD SWAP1 PUSH2 0x9B SWAP3 SWAP2 SWAP1 PUSH2 0xDA JUMP JUMPDEST POP PUSH1 0x12 PUSH1 0x3 PUSH1 0x0 PUSH2 0x100 EXP DUP2 SLOAD DUP2 PUSH1 0xFF MUL NOT AND SWAP1 DUP4 PUSH1 0xFF AND MUL OR SWAP1 SSTORE POP PUSH12 0x79F48F0A2F5259504DE6C000 PUSH1 0x4 SSTORE CALLVALUE DUP1 ISZERO PUSH2 0xD4 JUMPI PUSH1 0x0 DUP1 REVERT JUMPDEST POP PUSH2 0x17F JUMP JUMPDEST DUP3 DUP1 SLOAD PUSH1 0x1 DUP2 PUSH1 0x1 AND ISZERO PUSH2 0x100 MUL SUB AND PUSH1 0x2 SWAP1 DIV SWAP1 PUSH1 0x0 MSTORE PUSH1 0x20 PUSH1 0x0 KECCAK256 SWAP1 PUSH1 0x1F ADD PUSH1 0x20 SWAP1 DIV DUP2 ADD SWAP3 DUP3 PUSH1 0x1F LT PUSH2 0x11B JUMPI DUP1 MLOAD PUSH1 0xFF NOT AND DUP4 DUP1 ADD OR DUP6 SSTORE PUSH2 0x149 JUMP JUMPDEST DUP3 DUP1 ADD PUSH1 0x1 ADD DUP6 SSTORE DUP3 ISZERO PUSH2 0x149 JUMPI SWAP2 DUP3 ADD JUMPDEST DUP3 DUP2 GT ISZERO PUSH2 0x148 JUMPI DUP3 MLOAD DUP3 SSTORE SWAP2 PUSH1 0x20 ADD SWAP2 SWAP1 PUSH1 0x1 ADD SWAP1 PUSH2 0x12D JUMP JUMPDEST JUMPDEST POP SWAP1 POP PUSH2 0x156 SWAP2 SWAP1 PUSH2 0x15A JUMP JUMPDEST POP SWAP1 JUMP JUMPDEST PUSH2 0x17C SWAP2 SWAP1 JUMPDEST DUP1 DUP3 GT ISZERO PUSH2 0x178 JUMPI PUSH1 0x0 DUP2 PUSH1 0x0 SWAP1 SSTORE POP PUSH1 0x1 ADD PUSH2 0x160 JUMP JUMPDEST POP SWAP1 JUMP JUMPDEST SWAP1 JUMP JUMPDEST PUSH2 0xB32 DUP1 PUSH2 0x18E PUSH1 0x0 CODECOPY PUSH1 0x0 RETURN INVALID PUSH1 0x80 PUSH1 0x40 MSTORE CALLVALUE DUP1 ISZERO PUSH2 0x10 JUMPI PUSH1 0x0 DUP1 REVERT JUMPDEST POP PUSH1 0x4 CALLDATASIZE LT PUSH2 0x9E JUMPI PUSH1 0x0 CALLDATALOAD PUSH1 0xE0 SHR DUP1 PUSH4 0x70A08231 GT PUSH2 0x66 JUMPI DUP1 PUSH4 0x70A08231 EQ PUSH2 0x254 JUMPI DUP1 PUSH4 0x95D89B41 EQ PUSH2 0x2AC JUMPI DUP1 PUSH4 0xA9059CBB EQ PUSH2 0x32F JUMPI DUP1 PUSH4 0xB5C8F317 EQ PUSH2 0x395 JUMPI DUP1 PUSH4 0xDD62ED3E EQ PUSH2 0x39F JUMPI PUSH2 0x9E JUMP JUMPDEST DUP1 PUSH4 0x6FDDE03 EQ PUSH2 0xA3 JUMPI DUP1 PUSH4 0x95EA7B3 EQ PUSH2 0x126 JUMPI DUP1 PUSH4 0x18160DDD EQ PUSH2 0x18C JUMPI DUP1 PUSH4 0x23B872DD EQ PUSH2 0x1AA JUMPI DUP1 PUSH4 0x313CE567 EQ PUSH2 0x230 JUMPI JUMPDEST PUSH1 0x0 DUP1 REVERT JUMPDEST PUSH2 0xAB PUSH2 0x417 JUMP JUMPDEST PUSH1 0x40 MLOAD DUP1 DUP1 PUSH1 0x20 ADD DUP3 DUP2 SUB DUP3 MSTORE DUP4 DUP2 DUP2 MLOAD DUP2 MSTORE PUSH1 0x20 ADD SWAP2 POP DUP1 MLOAD SWAP1 PUSH1 0x20 ADD SWAP1 DUP1 DUP4 DUP4 PUSH1 0x0 JUMPDEST DUP4 DUP2 LT ISZERO PUSH2 0xEB JUMPI DUP1 DUP3 ADD MLOAD DUP2 DUP5 ADD MSTORE PUSH1 0x20 DUP2 ADD SWAP1 POP PUSH2 0xD0 JUMP JUMPDEST POP POP POP POP SWAP1 POP SWAP1 DUP2 ADD SWAP1 PUSH1 0x1F AND DUP1 ISZERO PUSH2 0x118 JUMPI DUP1 DUP3 SUB DUP1 MLOAD PUSH1 0x1 DUP4 PUSH1 0x20 SUB PUSH2 0x100 EXP SUB NOT AND DUP2 MSTORE PUSH1 0x20 ADD SWAP2 POP JUMPDEST POP SWAP3 POP POP POP PUSH1 0x40 MLOAD DUP1 SWAP2 SUB SWAP1 RETURN JUMPDEST PUSH2 0x172 PUSH1 0x4 DUP1 CALLDATASIZE SUB PUSH1 0x40 DUP2 LT ISZERO PUSH2 0x13C JUMPI PUSH1 0x0 DUP1 REVERT JUMPDEST DUP2 ADD SWAP1 DUP1 DUP1 CALLDATALOAD PUSH20 0xFFFFFFFFFFFFFFFFFFFFFFFFFFFFFFFFFFFFFFFF AND SWAP1 PUSH1 0x20 ADD SWAP1 SWAP3 SWAP2 SWAP1 DUP1 CALLDATALOAD SWAP1 PUSH1 0x20 ADD SWAP1 SWAP3 SWAP2 SWAP1 POP POP POP PUSH2 0x4B5 JUMP JUMPDEST PUSH1 0x40 MLOAD DUP1 DUP3 ISZERO ISZERO ISZERO ISZERO DUP2 MSTORE PUSH1 0x20 ADD SWAP2 POP POP PUSH1 0x40 MLOAD DUP1 SWAP2 SUB SWAP1 RETURN JUMPDEST PUSH2 0x194 PUSH2 0x5A7 JUMP JUMPDEST PUSH1 0x40 MLOAD DUP1 DUP3 DUP2 MSTORE PUSH1 0x20 ADD SWAP2 POP POP PUSH1 0x40 MLOAD DUP1 SWAP2 SUB SWAP1 RETURN JUMPDEST PUSH2 0x216 PUSH1 0x4 DUP1 CALLDATASIZE SUB PUSH1 0x60 DUP2 LT ISZERO PUSH2 0x1C0 JUMPI PUSH1 0x0 DUP1 REVERT JUMPDEST DUP2 ADD SWAP1 DUP1 DUP1 CALLDATALOAD PUSH20 0xFFFFFFFFFFFFFFFFFFFFFFFFFFFFFFFFFFFFFFFF AND SWAP1 PUSH1 0x20 ADD SWAP1 SWAP3 SWAP2 SWAP1 DUP1 CALLDATALOAD PUSH20 0xFFFFFFFFFFFFFFFFFFFFFFFFFFFFFFFFFFFFFFFF AND SWAP1 PUSH1 0x20 ADD SWAP1 SWAP3 SWAP2 SWAP1 DUP1 CALLDATALOAD SWAP1 PUSH1 0x20 ADD SWAP1 SWAP3 SWAP2 SWAP1 POP POP POP PUSH2 0x5AD JUMP JUMPDEST PUSH1 0x40 MLOAD DUP1 DUP3 ISZERO ISZERO ISZERO ISZERO DUP2 MSTORE PUSH1 0x20 ADD SWAP2 POP POP PUSH1 0x40 MLOAD DUP1 SWAP2 SUB SWAP1 RETURN JUMPDEST PUSH2 0x238 PUSH2 0x815 JUMP JUMPDEST PUSH1 0x40 MLOAD DUP1 DUP3 PUSH1 0xFF AND PUSH1 0xFF AND DUP2 MSTORE PUSH1 0x20 ADD SWAP2 POP POP PUSH1 0x40 MLOAD DUP1 SWAP2 SUB SWAP1 RETURN JUMPDEST PUSH2 0x296 PUSH1 0x4 DUP1 CALLDATASIZE SUB PUSH1 0x20 DUP2 LT ISZERO PUSH2 0x26A JUMPI PUSH1 0x0 DUP1 REVERT JUMPDEST DUP2 ADD SWAP1 DUP1 DUP1 CALLDATALOAD PUSH20 0xFFFFFFFFFFFFFFFFFFFFFFFFFFFFFFFFFFFFFFFF AND SWAP1 PUSH1 0x20 ADD SWAP1 SWAP3 SWAP2 SWAP1 POP POP POP PUSH2 0x828 JUMP JUMPDEST PUSH1 0x40 MLOAD DUP1 DUP3 DUP2 MSTORE PUSH1 0x20 ADD SWAP2 POP POP PUSH1 0x40 MLOAD DUP1 SWAP2 SUB SWAP1 RETURN JUMPDEST PUSH2 0x2B4 PUSH2 0x840 JUMP JUMPDEST PUSH1 0x40 MLOAD DUP1 DUP1 PUSH1 0x20 ADD DUP3 DUP2 SUB DUP3 MSTORE DUP4 DUP2 DUP2 MLOAD DUP2 MSTORE PUSH1 0x20 ADD SWAP2 POP DUP1 MLOAD SWAP1 PUSH1 0x20 ADD SWAP1 DUP1 DUP4 DUP4 PUSH1 0x0 JUMPDEST DUP4 DUP2 LT ISZERO PUSH2 0x2F4 JUMPI DUP1 DUP3 ADD MLOAD DUP2 DUP5 ADD MSTORE PUSH1 0x20 DUP2 ADD SWAP1 POP PUSH2 0x2D9 JUMP JUMPDEST POP POP POP POP SWAP1 POP SWAP1 DUP2 ADD SWAP1 PUSH1 0x1F AND DUP1 ISZERO PUSH2 0x321 JUMPI DUP1 DUP3 SUB DUP1 MLOAD PUSH1 0x1 DUP4 PUSH1 0x20 SUB PUSH2 0x100 EXP SUB NOT AND DUP2 MSTORE PUSH1 0x20 ADD SWAP2 POP JUMPDEST POP SWAP3 POP POP POP PUSH1 0x40 MLOAD DUP1 SWAP2 SUB SWAP1 RETURN JUMPDEST PUSH2 0x37B PUSH1 0x4 DUP1 CALLDATASIZE SUB PUSH1 0x40 DUP2 LT ISZERO PUSH2 0x345 JUMPI PUSH1 0x0 DUP1 REVERT JUMPDEST DUP2 ADD SWAP1 DUP1 DUP1 CALLDATALOAD PUSH20 0xFFFFFFFFFFFFFFFFFFFFFFFFFFFFFFFFFFFFFFFF AND SWAP1 PUSH1 0x20 ADD SWAP1 SWAP3 SWAP2 SWAP1 DUP1 CALLDATALOAD SWAP1 PUSH1 0x20 ADD SWAP1 SWAP3 SWAP2 SWAP1 POP POP POP PUSH2 0x8DE JUMP JUMPDEST PUSH1 0x40 MLOAD DUP1 DUP3 ISZERO ISZERO ISZERO ISZERO DUP2 MSTORE PUSH1 0x20 ADD SWAP2 POP POP PUSH1 0x40 MLOAD DUP1 SWAP2 SUB SWAP1 RETURN JUMPDEST PUSH2 0x39D PUSH2 0xA32 JUMP JUMPDEST STOP JUMPDEST PUSH2 0x401 PUSH1 0x4 DUP1 CALLDATASIZE SUB PUSH1 0x40 DUP2 LT ISZERO PUSH2 0x3B5 JUMPI PUSH1 0x0 DUP1 REVERT JUMPDEST DUP2 ADD SWAP1 DUP1 DUP1 CALLDATALOAD PUSH20 0xFFFFFFFFFFFFFFFFFFFFFFFFFFFFFFFFFFFFFFFF AND SWAP1 PUSH1 0x20 ADD SWAP1 SWAP3 SWAP2 SWAP1 DUP1 CALLDATALOAD PUSH20 0xFFFFFFFFFFFFFFFFFFFFFFFFFFFFFFFFFFFFFFFF AND SWAP1 PUSH1 0x20 ADD SWAP1 SWAP3 SWAP2 SWAP1 POP POP POP PUSH2 0xAE1 JUMP JUMPDEST PUSH1 0x40 MLOAD DUP1 DUP3 DUP2 MSTORE PUSH1 0x20 ADD SWAP2 POP POP PUSH1 0x40 MLOAD DUP1 SWAP2 SUB SWAP1 RETURN JUMPDEST PUSH1 0x1 DUP1 SLOAD PUSH1 0x1 DUP2 PUSH1 0x1 AND ISZERO PUSH2 0x100 MUL SUB AND PUSH1 0x2 SWAP1 DIV DUP1 PUSH1 0x1F ADD PUSH1 0x20 DUP1 SWAP2 DIV MUL PUSH1 0x20 ADD PUSH1 0x40 MLOAD SWAP1 DUP2 ADD PUSH1 0x40 MSTORE DUP1 SWAP3 SWAP2 SWAP1 DUP2 DUP2 MSTORE PUSH1 0x20 ADD DUP3 DUP1 SLOAD PUSH1 0x1 DUP2 PUSH1 0x1 AND ISZERO PUSH2 0x100 MUL SUB AND PUSH1 0x2 SWAP1 DIV DUP1 ISZERO PUSH2 0x4AD JUMPI DUP1 PUSH1 0x1F LT PUSH2 0x482 JUMPI PUSH2 0x100 DUP1 DUP4 SLOAD DIV MUL DUP4 MSTORE SWAP2 PUSH1 0x20 ADD SWAP2 PUSH2 0x4AD JUMP JUMPDEST DUP3 ADD SWAP2 SWAP1 PUSH1 0x0 MSTORE PUSH1 0x20 PUSH1 0x0 KECCAK256 SWAP1 JUMPDEST DUP2 SLOAD DUP2 MSTORE SWAP1 PUSH1 0x1 ADD SWAP1 PUSH1 0x20 ADD DUP1 DUP4 GT PUSH2 0x490 JUMPI DUP3 SWAP1 SUB PUSH1 0x1F AND DUP3 ADD SWAP2 JUMPDEST POP POP POP POP POP DUP2 JUMP JUMPDEST PUSH1 0x0 DUP2 PUSH1 0x5 PUSH1 0x0 CALLER PUSH20 0xFFFFFFFFFFFFFFFFFFFFFFFFFFFFFFFFFFFFFFFF AND PUSH20 0xFFFFFFFFFFFFFFFFFFFFFFFFFFFFFFFFFFFFFFFF AND DUP2 MSTORE PUSH1 0x20 ADD SWAP1 DUP2 MSTORE PUSH1 0x20 ADD PUSH1 0x0 KECCAK256 PUSH1 0x0 DUP6 PUSH20 0xFFFFFFFFFFFFFFFFFFFFFFFFFFFFFFFFFFFFFFFF AND PUSH20 0xFFFFFFFFFFFFFFFFFFFFFFFFFFFFFFFFFFFFFFFF AND DUP2 MSTORE PUSH1 0x20 ADD SWAP1 DUP2 MSTORE PUSH1 0x20 ADD PUSH1 0x0 KECCAK256 DUP2 SWAP1 SSTORE POP DUP3 PUSH20 0xFFFFFFFFFFFFFFFFFFFFFFFFFFFFFFFFFFFFFFFF AND CALLER PUSH20 0xFFFFFFFFFFFFFFFFFFFFFFFFFFFFFFFFFFFFFFFF AND PUSH32 0x8C5BE1E5EBEC7D5BD14F71427D1E84F3DD0314C0F7B2291E5B200AC8C7C3B925 DUP5 PUSH1 0x40 MLOAD DUP1 DUP3 DUP2 MSTORE PUSH1 0x20 ADD SWAP2 POP POP PUSH1 0x40 MLOAD DUP1 SWAP2 SUB SWAP1 LOG3 PUSH1 0x1 SWAP1 POP SWAP3 SWAP2 POP POP JUMP JUMPDEST PUSH1 0x4 SLOAD DUP2 JUMP JUMPDEST PUSH1 0x0 DUP1 PUSH1 0x0 DUP6 PUSH20 0xFFFFFFFFFFFFFFFFFFFFFFFFFFFFFFFFFFFFFFFF AND PUSH20 0xFFFFFFFFFFFFFFFFFFFFFFFFFFFFFFFFFFFFFFFF AND DUP2 MSTORE PUSH1 0x20 ADD SWAP1 DUP2 MSTORE PUSH1 0x20 ADD PUSH1 0x0 KECCAK256 SLOAD DUP3 GT ISZERO PUSH2 0x5FA JUMPI PUSH1 0x0 DUP1 REVERT JUMPDEST PUSH1 0x5 PUSH1 0x0 DUP6 PUSH20 0xFFFFFFFFFFFFFFFFFFFFFFFFFFFFFFFFFFFFFFFF AND PUSH20 0xFFFFFFFFFFFFFFFFFFFFFFFFFFFFFFFFFFFFFFFF AND DUP2 MSTORE PUSH1 0x20 ADD SWAP1 DUP2 MSTORE PUSH1 0x20 ADD PUSH1 0x0 KECCAK256 PUSH1 0x0 CALLER PUSH20 0xFFFFFFFFFFFFFFFFFFFFFFFFFFFFFFFFFFFFFFFF AND PUSH20 0xFFFFFFFFFFFFFFFFFFFFFFFFFFFFFFFFFFFFFFFF AND DUP2 MSTORE PUSH1 0x20 ADD SWAP1 DUP2 MSTORE PUSH1 0x20 ADD PUSH1 0x0 KECCAK256 SLOAD DUP3 GT ISZERO PUSH2 0x683 JUMPI PUSH1 0x0 DUP1 REVERT JUMPDEST DUP2 PUSH1 0x0 DUP1 DUP7 PUSH20 0xFFFFFFFFFFFFFFFFFFFFFFFFFFFFFFFFFFFFFFFF AND PUSH20 0xFFFFFFFFFFFFFFFFFFFFFFFFFFFFFFFFFFFFFFFF AND DUP2 MSTORE PUSH1 0x20 ADD SWAP1 DUP2 MSTORE PUSH1 0x20 ADD PUSH1 0x0 KECCAK256 PUSH1 0x0 DUP3 DUP3 SLOAD SUB SWAP3 POP POP DUP2 SWAP1 SSTORE POP DUP2 PUSH1 0x0 DUP1 DUP6 PUSH20 0xFFFFFFFFFFFFFFFFFFFFFFFFFFFFFFFFFFFFFFFF AND PUSH20 0xFFFFFFFFFFFFFFFFFFFFFFFFFFFFFFFFFFFFFFFF AND DUP2 MSTORE PUSH1 0x20 ADD SWAP1 DUP2 MSTORE PUSH1 0x20 ADD PUSH1 0x0 KECCAK256 PUSH1 0x0 DUP3 DUP3 SLOAD ADD SWAP3 POP POP DUP2 SWAP1 SSTORE POP DUP2 PUSH1 0x5 PUSH1 0x0 DUP7 PUSH20 0xFFFFFFFFFFFFFFFFFFFFFFFFFFFFFFFFFFFFFFFF AND PUSH20 0xFFFFFFFFFFFFFFFFFFFFFFFFFFFFFFFFFFFFFFFF AND DUP2 MSTORE PUSH1 0x20 ADD SWAP1 DUP2 MSTORE PUSH1 0x20 ADD PUSH1 0x0 KECCAK256 PUSH1 0x0 CALLER PUSH20 0xFFFFFFFFFFFFFFFFFFFFFFFFFFFFFFFFFFFFFFFF AND PUSH20 0xFFFFFFFFFFFFFFFFFFFFFFFFFFFFFFFFFFFFFFFF AND DUP2 MSTORE PUSH1 0x20 ADD SWAP1 DUP2 MSTORE PUSH1 0x20 ADD PUSH1 0x0 KECCAK256 PUSH1 0x0 DUP3 DUP3 SLOAD SUB SWAP3 POP POP DUP2 SWAP1 SSTORE POP DUP3 PUSH20 0xFFFFFFFFFFFFFFFFFFFFFFFFFFFFFFFFFFFFFFFF AND DUP5 PUSH20 0xFFFFFFFFFFFFFFFFFFFFFFFFFFFFFFFFFFFFFFFF AND PUSH32 0xDDF252AD1BE2C89B69C2B068FC378DAA952BA7F163C4A11628F55A4DF523B3EF DUP5 PUSH1 0x40 MLOAD DUP1 DUP3 DUP2 MSTORE PUSH1 0x20 ADD SWAP2 POP POP PUSH1 0x40 MLOAD DUP1 SWAP2 SUB SWAP1 LOG3 PUSH1 0x1 SWAP1 POP SWAP4 SWAP3 POP POP POP JUMP JUMPDEST PUSH1 0x3 PUSH1 0x0 SWAP1 SLOAD SWAP1 PUSH2 0x100 EXP SWAP1 DIV PUSH1 0xFF AND DUP2 JUMP JUMPDEST PUSH1 0x0 PUSH1 0x20 MSTORE DUP1 PUSH1 0x0 MSTORE PUSH1 0x40 PUSH1 0x0 KECCAK256 PUSH1 0x0 SWAP2 POP SWAP1 POP SLOAD DUP2 JUMP JUMPDEST PUSH1 0x2 DUP1 SLOAD PUSH1 0x1 DUP2 PUSH1 0x1 AND ISZERO PUSH2 0x100 MUL SUB AND PUSH1 0x2 SWAP1 DIV DUP1 PUSH1 0x1F ADD PUSH1 0x20 DUP1 SWAP2 DIV MUL PUSH1 0x20 ADD PUSH1 0x40 MLOAD SWAP1 DUP2 ADD PUSH1 0x40 MSTORE DUP1 SWAP3 SWAP2 SWAP1 DUP2 DUP2 MSTORE PUSH1 0x20 ADD DUP3 DUP1 SLOAD PUSH1 0x1 DUP2 PUSH1 0x1 AND ISZERO PUSH2 0x100 MUL SUB AND PUSH1 0x2 SWAP1 DIV DUP1 ISZERO PUSH2 0x8D6 JUMPI DUP1 PUSH1 0x1F LT PUSH2 0x8AB JUMPI PUSH2 0x100 DUP1 DUP4 SLOAD DIV MUL DUP4 MSTORE SWAP2 PUSH1 0x20 ADD SWAP2 PUSH2 0x8D6 JUMP JUMPDEST DUP3 ADD SWAP2 SWAP1 PUSH1 0x0 MSTORE PUSH1 0x20 PUSH1 0x0 KECCAK256 SWAP1 JUMPDEST DUP2 SLOAD DUP2 MSTORE SWAP1 PUSH1 0x1 ADD SWAP1 PUSH1 0x20 ADD DUP1 DUP4 GT PUSH2 0x8B9 JUMPI DUP3 SWAP1 SUB PUSH1 0x1F AND DUP3 ADD SWAP2 JUMPDEST POP POP POP POP POP DUP2 JUMP JUMPDEST PUSH1 0x0 DUP2 PUSH1 0x0 DUP1 CALLER PUSH20 0xFFFFFFFFFFFFFFFFFFFFFFFFFFFFFFFFFFFFFFFF AND PUSH20 0xFFFFFFFFFFFFFFFFFFFFFFFFFFFFFFFFFFFFFFFF AND DUP2 MSTORE PUSH1 0x20 ADD SWAP1 DUP2 MSTORE PUSH1 0x20 ADD PUSH1 0x0 KECCAK256 SLOAD LT ISZERO PUSH2 0x92B JUMPI PUSH1 0x0 DUP1 REVERT JUMPDEST DUP2 PUSH1 0x0 DUP1 CALLER PUSH20 0xFFFFFFFFFFFFFFFFFFFFFFFFFFFFFFFFFFFFFFFF AND PUSH20 0xFFFFFFFFFFFFFFFFFFFFFFFFFFFFFFFFFFFFFFFF AND DUP2 MSTORE PUSH1 0x20 ADD SWAP1 DUP2 MSTORE PUSH1 0x20 ADD PUSH1 0x0 KECCAK256 PUSH1 0x0 DUP3 DUP3 SLOAD SUB SWAP3 POP POP DUP2 SWAP1 SSTORE POP DUP2 PUSH1 0x0 DUP1 DUP6 PUSH20 0xFFFFFFFFFFFFFFFFFFFFFFFFFFFFFFFFFFFFFFFF AND PUSH20 0xFFFFFFFFFFFFFFFFFFFFFFFFFFFFFFFFFFFFFFFF AND DUP2 MSTORE PUSH1 0x20 ADD SWAP1 DUP2 MSTORE PUSH1 0x20 ADD PUSH1 0x0 KECCAK256 PUSH1 0x0 DUP3 DUP3 SLOAD ADD SWAP3 POP POP DUP2 SWAP1 SSTORE POP DUP3 PUSH20 0xFFFFFFFFFFFFFFFFFFFFFFFFFFFFFFFFFFFFFFFF AND CALLER PUSH20 0xFFFFFFFFFFFFFFFFFFFFFFFFFFFFFFFFFFFFFFFF AND PUSH32 0xDDF252AD1BE2C89B69C2B068FC378DAA952BA7F163C4A11628F55A4DF523B3EF DUP5 PUSH1 0x40 MLOAD DUP1 DUP3 DUP2 MSTORE PUSH1 0x20 ADD SWAP2 POP POP PUSH1 0x40 MLOAD DUP1 SWAP2 SUB SWAP1 LOG3 PUSH1 0x1 SWAP1 POP SWAP3 SWAP2 POP POP JUMP JUMPDEST PUSH1 0x4 SLOAD PUSH1 0x0 DUP1 CALLER PUSH20 0xFFFFFFFFFFFFFFFFFFFFFFFFFFFFFFFFFFFFFFFF AND PUSH20 0xFFFFFFFFFFFFFFFFFFFFFFFFFFFFFFFFFFFFFFFF AND DUP2 MSTORE PUSH1 0x20 ADD SWAP1 DUP2 MSTORE PUSH1 0x20 ADD PUSH1 0x0 KECCAK256 DUP2 SWAP1 SSTORE POP CALLER PUSH20 0xFFFFFFFFFFFFFFFFFFFFFFFFFFFFFFFFFFFFFFFF AND PUSH1 0x0 PUSH20 0xFFFFFFFFFFFFFFFFFFFFFFFFFFFFFFFFFFFFFFFF AND PUSH32 0xDDF252AD1BE2C89B69C2B068FC378DAA952BA7F163C4A11628F55A4DF523B3EF PUSH1 0x4 SLOAD PUSH1 0x40 MLOAD DUP1 DUP3 DUP2 MSTORE PUSH1 0x20 ADD SWAP2 POP POP PUSH1 0x40 MLOAD DUP1 SWAP2 SUB SWAP1 LOG3 JUMP JUMPDEST PUSH1 0x5 PUSH1 0x20 MSTORE DUP2 PUSH1 0x0 MSTORE PUSH1 0x40 PUSH1 0x0 KECCAK256 PUSH1 0x20 MSTORE DUP1 PUSH1 0x0 MSTORE PUSH1 0x40 PUSH1 0x0 KECCAK256 PUSH1 0x0 SWAP2 POP SWAP2 POP POP SLOAD DUP2 JUMP INVALID LOG1 PUSH6 0x627A7A723058 KECCAK256 0xc9 EQ 0x47 0xb6 0xb8 0x26 0xb2 PUSH16 0xEA7212E70752E7F8AC4950A60FE421E CALLCODE 0xae 0xe9 CALLVALUE SMOD MULMOD 0x4c NUMBER STOP 0x29
0,PUSH1 0x80 PUSH1 0x40 MSTORE PUSH1 0x40 MLOAD DUP1 PUSH1 0x40 ADD PUSH1 0x40 MSTORE DUP1 PUSH1 0x19 DUP2 MSTORE PUSH1 0x20 ADD PUSH32 0x94343445F5052425F4259525F32303139303431325F31090900000000000000 DUP2 MSTORE POP PUSH1 0x1 SWAP1 DUP1 MLOAD SWAP1 PUSH1 0x20 ADD SWAP1 PUSH2 0x4F SWAP3 SWAP2 SWAP1 PUSH2 0xD9 JUMP JUMPDEST POP PUSH1 0x40 MLOAD DUP1 PUSH1 0x40 ADD PUSH1 0x40 MSTORE DUP1 PUSH1 0x1F DUP2 MSTORE PUSH1 0x20 ADD PUSH32 0x94343445F5052425F4259525F32303139303431325F315F7375624454090900 DUP2 MSTORE POP PUSH1 0x2 SWAP1 DUP1 MLOAD SWAP1 PUSH1 0x20 ADD SWAP1 PUSH2 0x9B SWAP3 SWAP2 SWAP1 PUSH2 0xD9 JUMP JUMPDEST POP PUSH1 0x12 PUSH1 0x3 PUSH1 0x0 PUSH2 0x100 EXP DUP2 SLOAD DUP2 PUSH1 0xFF MUL NOT AND SWAP1 DUP4 PUSH1 0xFF AND MUL OR SWAP1 SSTORE POP PUSH11 0x1060D026983FFAA7000000 PUSH1 0x4 SSTORE CALLVALUE DUP1 ISZERO PUSH2 0xD3 JUMPI PUSH1 0x0 DUP1 REVERT JUMPDEST POP PUSH2 0x17E JUMP JUMPDEST DUP3 DUP1 SLOAD PUSH1 0x1 DUP2 PUSH1 0x1 AND ISZERO PUSH2 0x100 MUL SUB AND PUSH1 0x2 SWAP1 DIV SWAP1 PUSH1 0x0 MSTORE PUSH1 0x20 PUSH1 0x0 KECCAK256 SWAP1 PUSH1 0x1F ADD PUSH1 0x20 SWAP1 DIV DUP2 ADD SWAP3 DUP3 PUSH1 0x1F LT PUSH2 0x11A JUMPI DUP1 MLOAD PUSH1 0xFF NOT AND DUP4 DUP1 ADD OR DUP6 SSTORE PUSH2 0x148 JUMP JUMPDEST DUP3 DUP1 ADD PUSH1 0x1 ADD DUP6 SSTORE DUP3 ISZERO PUSH2 0x148 JUMPI SWAP2 DUP3 ADD JUMPDEST DUP3 DUP2 GT ISZERO PUSH2 0x147 JUMPI DUP3 MLOAD DUP3 SSTORE SWAP2 PUSH1 0x20 ADD SWAP2 SWAP1 PUSH1 0x1 ADD SWAP1 PUSH2 0x12C JUMP JUMPDEST JUMPDEST POP SWAP1 POP PUSH2 0x155 SWAP2 SWAP1 PUSH2 0x159 JUMP JUMPDEST POP SWAP1 JUMP JUMPDEST PUSH2 0x17B SWAP2 SWAP1 JUMPDEST DUP1 DUP3 GT ISZERO PUSH2 0x177 JUMPI PUSH1 0x0 DUP2 PUSH1 0x0 SWAP1 SSTORE POP PUSH1 0x1 ADD PUSH2 0x15F JUMP JUMPDEST POP SWAP1 JUMP JUMPDEST SWAP1 JUMP JUMPDEST PUSH2 0xB32 DUP1 PUSH2 0x18D PUSH1 0x0 CODECOPY PUSH1 0x0 RETURN INVALID PUSH1 0x80 PUSH1 0x40 MSTORE CALLVALUE DUP1 ISZERO PUSH2 0x10 JUMPI PUSH1 0x0 DUP1 REVERT JUMPDEST POP PUSH1 0x4 CALLDATASIZE LT PUSH2 0x9E JUMPI PUSH1 0x0 CALLDATALOAD PUSH1 0xE0 SHR DUP1 PUSH4 0x70A08231 GT PUSH2 0x66 JUMPI DUP1 PUSH4 0x70A08231 EQ PUSH2 0x254 JUMPI DUP1 PUSH4 0x95D89B41 EQ PUSH2 0x2AC JUMPI DUP1 PUSH4 0xA9059CBB EQ PUSH2 0x32F JUMPI DUP1 PUSH4 0xB5C8F317 EQ PUSH2 0x395 JUMPI DUP1 PUSH4 0xDD62ED3E EQ PUSH2 0x39F JUMPI PUSH2 0x9E JUMP JUMPDEST DUP1 PUSH4 0x6FDDE03 EQ PUSH2 0xA3 JUMPI DUP1 PUSH4 0x95EA7B3 EQ PUSH2 0x126 JUMPI DUP1 PUSH4 0x18160DDD EQ PUSH2 0x18C JUMPI DUP1 PUSH4 0x23B872DD EQ PUSH2 0x1AA JUMPI DUP1 PUSH4 0x313CE567 EQ PUSH2 0x230 JUMPI JUMPDEST PUSH1 0x0 DUP1 REVERT JUMPDEST PUSH2 0xAB PUSH2 0x417 JUMP JUMPDEST PUSH1 0x40 MLOAD DUP1 DUP1 PUSH1 0x20 ADD DUP3 DUP2 SUB DUP3 MSTORE DUP4 DUP2 DUP2 MLOAD DUP2 MSTORE PUSH1 0x20 ADD SWAP2 POP DUP1 MLOAD SWAP1 PUSH1 0x20 ADD SWAP1 DUP1 DUP4 DUP4 PUSH1 0x0 JUMPDEST DUP4 DUP2 LT ISZERO PUSH2 0xEB JUMPI DUP1 DUP3 ADD MLOAD DUP2 DUP5 ADD MSTORE PUSH1 0x20 DUP2 ADD SWAP1 POP PUSH2 0xD0 JUMP JUMPDEST POP POP POP POP SWAP1 POP SWAP1 DUP2 ADD SWAP1 PUSH1 0x1F AND DUP1 ISZERO PUSH2 0x118 JUMPI DUP1 DUP3 SUB DUP1 MLOAD PUSH1 0x1 DUP4 PUSH1 0x20 SUB PUSH2 0x100 EXP SUB NOT AND DUP2 MSTORE PUSH1 0x20 ADD SWAP2 POP JUMPDEST POP SWAP3 POP POP POP PUSH1 0x40 MLOAD DUP1 SWAP2 SUB SWAP1 RETURN JUMPDEST PUSH2 0x172 PUSH1 0x4 DUP1 CALLDATASIZE SUB PUSH1 0x40 DUP2 LT ISZERO PUSH2 0x13C JUMPI PUSH1 0x0 DUP1 REVERT JUMPDEST DUP2 ADD SWAP1 DUP1 DUP1 CALLDATALOAD PUSH20 0xFFFFFFFFFFFFFFFFFFFFFFFFFFFFFFFFFFFFFFFF AND SWAP1 PUSH1 0x20 ADD SWAP1 SWAP3 SWAP2 SWAP1 DUP1 CALLDATALOAD SWAP1 PUSH1 0x20 ADD SWAP1 SWAP3 SWAP2 SWAP1 POP POP POP PUSH2 0x4B5 JUMP JUMPDEST PUSH1 0x40 MLOAD DUP1 DUP3 ISZERO ISZERO ISZERO ISZERO DUP2 MSTORE PUSH1 0x20 ADD SWAP2 POP POP PUSH1 0x40 MLOAD DUP1 SWAP2 SUB SWAP1 RETURN JUMPDEST PUSH2 0x194 PUSH2 0x5A7 JUMP JUMPDEST PUSH1 0x40 MLOAD DUP1 DUP3 DUP2 MSTORE PUSH1 0x20 ADD SWAP2 POP POP PUSH1 0x40 MLOAD DUP1 SWAP2 SUB SWAP1 RETURN JUMPDEST PUSH2 0x216 PUSH1 0x4 DUP1 CALLDATASIZE SUB PUSH1 0x60 DUP2 LT ISZERO PUSH2 0x1C0 JUMPI PUSH1 0x0 DUP1 REVERT JUMPDEST DUP2 ADD SWAP1 DUP1 DUP1 CALLDATALOAD PUSH20 0xFFFFFFFFFFFFFFFFFFFFFFFFFFFFFFFFFFFFFFFF AND SWAP1 PUSH1 0x20 ADD SWAP1 SWAP3 SWAP2 SWAP1 DUP1 CALLDATALOAD PUSH20 0xFFFFFFFFFFFFFFFFFFFFFFFFFFFFFFFFFFFFFFFF AND SWAP1 PUSH1 0x20 ADD SWAP1 SWAP3 SWAP2 SWAP1 DUP1 CALLDATALOAD SWAP1 PUSH1 0x20 ADD SWAP1 SWAP3 SWAP2 SWAP1 POP POP POP PUSH2 0x5AD JUMP JUMPDEST PUSH1 0x40 MLOAD DUP1 DUP3 ISZERO ISZERO ISZERO ISZERO DUP2 MSTORE PUSH1 0x20 ADD SWAP2 POP POP PUSH1 0x40 MLOAD DUP1 SWAP2 SUB SWAP1 RETURN JUMPDEST PUSH2 0x238 PUSH2 0x815 JUMP JUMPDEST PUSH1 0x40 MLOAD DUP1 DUP3 PUSH1 0xFF AND PUSH1 0xFF AND DUP2 MSTORE PUSH1 0x20 ADD SWAP2 POP POP PUSH1 0x40 MLOAD DUP1 SWAP2 SUB SWAP1 RETURN JUMPDEST PUSH2 0x296 PUSH1 0x4 DUP1 CALLDATASIZE SUB PUSH1 0x20 DUP2 LT ISZERO PUSH2 0x26A JUMPI PUSH1 0x0 DUP1 REVERT JUMPDEST DUP2 ADD SWAP1 DUP1 DUP1 CALLDATALOAD PUSH20 0xFFFFFFFFFFFFFFFFFFFFFFFFFFFFFFFFFFFFFFFF AND SWAP1 PUSH1 0x20 ADD SWAP1 SWAP3 SWAP2 SWAP1 POP POP POP PUSH2 0x828 JUMP JUMPDEST PUSH1 0x40 MLOAD DUP1 DUP3 DUP2 MSTORE PUSH1 0x20 ADD SWAP2 POP POP PUSH1 0x40 MLOAD DUP1 SWAP2 SUB SWAP1 RETURN JUMPDEST PUSH2 0x2B4 PUSH2 0x840 JUMP JUMPDEST PUSH1 0x40 MLOAD DUP1 DUP1 PUSH1 0x20 ADD DUP3 DUP2 SUB DUP3 MSTORE DUP4 DUP2 DUP2 MLOAD DUP2 MSTORE PUSH1 0x20 ADD SWAP2 POP DUP1 MLOAD SWAP1 PUSH1 0x20 ADD SWAP1 DUP1 DUP4 DUP4 PUSH1 0x0 JUMPDEST DUP4 DUP2 LT ISZERO PUSH2 0x2F4 JUMPI DUP1 DUP3 ADD MLOAD DUP2 DUP5 ADD MSTORE PUSH1 0x20 DUP2 ADD SWAP1 POP PUSH2 0x2D9 JUMP JUMPDEST POP POP POP POP SWAP1 POP SWAP1 DUP2 ADD SWAP1 PUSH1 0x1F AND DUP1 ISZERO PUSH2 0x321 JUMPI DUP1 DUP3 SUB DUP1 MLOAD PUSH1 0x1 DUP4 PUSH1 0x20 SUB PUSH2 0x100 EXP SUB NOT AND DUP2 MSTORE PUSH1 0x20 ADD SWAP2 POP JUMPDEST POP SWAP3 POP POP POP PUSH1 0x40 MLOAD DUP1 SWAP2 SUB SWAP1 RETURN JUMPDEST PUSH2 0x37B PUSH1 0x4 DUP1 CALLDATASIZE SUB PUSH1 0x40 DUP2 LT ISZERO PUSH2 0x345 JUMPI PUSH1 0x0 DUP1 REVERT JUMPDEST DUP2 ADD SWAP1 DUP1 DUP1 CALLDATALOAD PUSH20 0xFFFFFFFFFFFFFFFFFFFFFFFFFFFFFFFFFFFFFFFF AND SWAP1 PUSH1 0x20 ADD SWAP1 SWAP3 SWAP2 SWAP1 DUP1 CALLDATALOAD SWAP1 PUSH1 0x20 ADD SWAP1 SWAP3 SWAP2 SWAP1 POP POP POP PUSH2 0x8DE JUMP JUMPDEST PUSH1 0x40 MLOAD DUP1 DUP3 ISZERO ISZERO ISZERO ISZERO DUP2 MSTORE PUSH1 0x20 ADD SWAP2 POP POP PUSH1 0x40 MLOAD DUP1 SWAP2 SUB SWAP1 RETURN JUMPDEST PUSH2 0x39D PUSH2 0xA32 JUMP JUMPDEST STOP JUMPDEST PUSH2 0x401 PUSH1 0x4 DUP1 CALLDATASIZE SUB PUSH1 0x40 DUP2 LT ISZERO PUSH2 0x3B5 JUMPI PUSH1 0x0 DUP1 REVERT JUMPDEST DUP2 ADD SWAP1 DUP1 DUP1 CALLDATALOAD PUSH20 0xFFFFFFFFFFFFFFFFFFFFFFFFFFFFFFFFFFFFFFFF AND SWAP1 PUSH1 0x20 ADD SWAP1 SWAP3 SWAP2 SWAP1 DUP1 CALLDATALOAD PUSH20 0xFFFFFFFFFFFFFFFFFFFFFFFFFFFFFFFFFFFFFFFF AND SWAP1 PUSH1 0x20 ADD SWAP1 SWAP3 SWAP2 SWAP1 POP POP POP PUSH2 0xAE1 JUMP JUMPDEST PUSH1 0x40 MLOAD DUP1 DUP3 DUP2 MSTORE PUSH1 0x20 ADD SWAP2 POP POP PUSH1 0x40 MLOAD DUP1 SWAP2 SUB SWAP1 RETURN JUMPDEST PUSH1 0x1 DUP1 SLOAD PUSH1 0x1 DUP2 PUSH1 0x1 AND ISZERO PUSH2 0x100 MUL SUB AND PUSH1 0x2 SWAP1 DIV DUP1 PUSH1 0x1F ADD PUSH1 0x20 DUP1 SWAP2 DIV MUL PUSH1 0x20 ADD PUSH1 0x40 MLOAD SWAP1 DUP2 ADD PUSH1 0x40 MSTORE DUP1 SWAP3 SWAP2 SWAP1 DUP2 DUP2 MSTORE PUSH1 0x20 ADD DUP3 DUP1 SLOAD PUSH1 0x1 DUP2 PUSH1 0x1 AND ISZERO PUSH2 0x100 MUL SUB AND PUSH1 0x2 SWAP1 DIV DUP1 ISZERO PUSH2 0x4AD JUMPI DUP1 PUSH1 0x1F LT PUSH2 0x482 JUMPI PUSH2 0x100 DUP1 DUP4 SLOAD DIV MUL DUP4 MSTORE SWAP2 PUSH1 0x20 ADD SWAP2 PUSH2 0x4AD JUMP JUMPDEST DUP3 ADD SWAP2 SWAP1 PUSH1 0x0 MSTORE PUSH1 0x20 PUSH1 0x0 KECCAK256 SWAP1 JUMPDEST DUP2 SLOAD DUP2 MSTORE SWAP1 PUSH1 0x1 ADD SWAP1 PUSH1 0x20 ADD DUP1 DUP4 GT PUSH2 0x490 JUMPI DUP3 SWAP1 SUB PUSH1 0x1F AND DUP3 ADD SWAP2 JUMPDEST POP POP POP POP POP DUP2 JUMP JUMPDEST PUSH1 0x0 DUP2 PUSH1 0x5 PUSH1 0x0 CALLER PUSH20 0xFFFFFFFFFFFFFFFFFFFFFFFFFFFFFFFFFFFFFFFF AND PUSH20 0xFFFFFFFFFFFFFFFFFFFFFFFFFFFFFFFFFFFFFFFF AND DUP2 MSTORE PUSH1 0x20 ADD SWAP1 DUP2 MSTORE PUSH1 0x20 ADD PUSH1 0x0 KECCAK256 PUSH1 0x0 DUP6 PUSH20 0xFFFFFFFFFFFFFFFFFFFFFFFFFFFFFFFFFFFFFFFF AND PUSH20 0xFFFFFFFFFFFFFFFFFFFFFFFFFFFFFFFFFFFFFFFF AND DUP2 MSTORE PUSH1 0x20 ADD SWAP1 DUP2 MSTORE PUSH1 0x20 ADD PUSH1 0x0 KECCAK256 DUP2 SWAP1 SSTORE POP DUP3 PUSH20 0xFFFFFFFFFFFFFFFFFFFFFFFFFFFFFFFFFFFFFFFF AND CALLER PUSH20 0xFFFFFFFFFFFFFFFFFFFFFFFFFFFFFFFFFFFFFFFF AND PUSH32 0x8C5BE1E5EBEC7D5BD14F71427D1E84F3DD0314C0F7B2291E5B200AC8C7C3B925 DUP5 PUSH1 0x40 MLOAD DUP1 DUP3 DUP2 MSTORE PUSH1 0x20 ADD SWAP2 POP POP PUSH1 0x40 MLOAD DUP1 SWAP2 SUB SWAP1 LOG3 PUSH1 0x1 SWAP1 POP SWAP3 SWAP2 POP POP JUMP JUMPDEST PUSH1 0x4 SLOAD DUP2 JUMP JUMPDEST PUSH1 0x0 DUP1 PUSH1 0x0 DUP6 PUSH20 0xFFFFFFFFFFFFFFFFFFFFFFFFFFFFFFFFFFFFFFFF AND PUSH20 0xFFFFFFFFFFFFFFFFFFFFFFFFFFFFFFFFFFFFFFFF AND DUP2 MSTORE PUSH1 0x20 ADD SWAP1 DUP2 MSTORE PUSH1 0x20 ADD PUSH1 0x0 KECCAK256 SLOAD DUP3 GT ISZERO PUSH2 0x5FA JUMPI PUSH1 0x0 DUP1 REVERT JUMPDEST PUSH1 0x5 PUSH1 0x0 DUP6 PUSH20 0xFFFFFFFFFFFFFFFFFFFFFFFFFFFFFFFFFFFFFFFF AND PUSH20 0xFFFFFFFFFFFFFFFFFFFFFFFFFFFFFFFFFFFFFFFF AND DUP2 MSTORE PUSH1 0x20 ADD SWAP1 DUP2 MSTORE PUSH1 0x20 ADD PUSH1 0x0 KECCAK256 PUSH1 0x0 CALLER PUSH20 0xFFFFFFFFFFFFFFFFFFFFFFFFFFFFFFFFFFFFFFFF AND PUSH20 0xFFFFFFFFFFFFFFFFFFFFFFFFFFFFFFFFFFFFFFFF AND DUP2 MSTORE PUSH1 0x20 ADD SWAP1 DUP2 MSTORE PUSH1 0x20 ADD PUSH1 0x0 KECCAK256 SLOAD DUP3 GT ISZERO PUSH2 0x683 JUMPI PUSH1 0x0 DUP1 REVERT JUMPDEST DUP2 PUSH1 0x0 DUP1 DUP7 PUSH20 0xFFFFFFFFFFFFFFFFFFFFFFFFFFFFFFFFFFFFFFFF AND PUSH20 0xFFFFFFFFFFFFFFFFFFFFFFFFFFFFFFFFFFFFFFFF AND DUP2 MSTORE PUSH1 0x20 ADD SWAP1 DUP2 MSTORE PUSH1 0x20 ADD PUSH1 0x0 KECCAK256 PUSH1 0x0 DUP3 DUP3 SLOAD SUB SWAP3 POP POP DUP2 SWAP1 SSTORE POP DUP2 PUSH1 0x0 DUP1 DUP6 PUSH20 0xFFFFFFFFFFFFFFFFFFFFFFFFFFFFFFFFFFFFFFFF AND PUSH20 0xFFFFFFFFFFFFFFFFFFFFFFFFFFFFFFFFFFFFFFFF AND DUP2 MSTORE PUSH1 0x20 ADD SWAP1 DUP2 MSTORE PUSH1 0x20 ADD PUSH1 0x0 KECCAK256 PUSH1 0x0 DUP3 DUP3 SLOAD ADD SWAP3 POP POP DUP2 SWAP1 SSTORE POP DUP2 PUSH1 0x5 PUSH1 0x0 DUP7 PUSH20 0xFFFFFFFFFFFFFFFFFFFFFFFFFFFFFFFFFFFFFFFF AND PUSH20 0xFFFFFFFFFFFFFFFFFFFFFFFFFFFFFFFFFFFFFFFF AND DUP2 MSTORE PUSH1 0x20 ADD SWAP1 DUP2 MSTORE PUSH1 0x20 ADD PUSH1 0x0 KECCAK256 PUSH1 0x0 CALLER PUSH20 0xFFFFFFFFFFFFFFFFFFFFFFFFFFFFFFFFFFFFFFFF AND PUSH20 0xFFFFFFFFFFFFFFFFFFFFFFFFFFFFFFFFFFFFFFFF AND DUP2 MSTORE PUSH1 0x20 ADD SWAP1 DUP2 MSTORE PUSH1 0x20 ADD PUSH1 0x0 KECCAK256 PUSH1 0x0 DUP3 DUP3 SLOAD SUB SWAP3 POP POP DUP2 SWAP1 SSTORE POP DUP3 PUSH20 0xFFFFFFFFFFFFFFFFFFFFFFFFFFFFFFFFFFFFFFFF AND DUP5 PUSH20 0xFFFFFFFFFFFFFFFFFFFFFFFFFFFFFFFFFFFFFFFF AND PUSH32 0xDDF252AD1BE2C89B69C2B068FC378DAA952BA7F163C4A11628F55A4DF523B3EF DUP5 PUSH1 0x40 MLOAD DUP1 DUP3 DUP2 MSTORE PUSH1 0x20 ADD SWAP2 POP POP PUSH1 0x40 MLOAD DUP1 SWAP2 SUB SWAP1 LOG3 PUSH1 0x1 SWAP1 POP SWAP4 SWAP3 POP POP POP JUMP JUMPDEST PUSH1 0x3 PUSH1 0x0 SWAP1 SLOAD SWAP1 PUSH2 0x100 EXP SWAP1 DIV PUSH1 0xFF AND DUP2 JUMP JUMPDEST PUSH1 0x0 PUSH1 0x20 MSTORE DUP1 PUSH1 0x0 MSTORE PUSH1 0x40 PUSH1 0x0 KECCAK256 PUSH1 0x0 SWAP2 POP SWAP1 POP SLOAD DUP2 JUMP JUMPDEST PUSH1 0x2 DUP1 SLOAD PUSH1 0x1 DUP2 PUSH1 0x1 AND ISZERO PUSH2 0x100 MUL SUB AND PUSH1 0x2 SWAP1 DIV DUP1 PUSH1 0x1F ADD PUSH1 0x20 DUP1 SWAP2 DIV MUL PUSH1 0x20 ADD PUSH1 0x40 MLOAD SWAP1 DUP2 ADD PUSH1 0x40 MSTORE DUP1 SWAP3 SWAP2 SWAP1 DUP2 DUP2 MSTORE PUSH1 0x20 ADD DUP3 DUP1 SLOAD PUSH1 0x1 DUP2 PUSH1 0x1 AND ISZERO PUSH2 0x100 MUL SUB AND PUSH1 0x2 SWAP1 DIV DUP1 ISZERO PUSH2 0x8D6 JUMPI DUP1 PUSH1 0x1F LT PUSH2 0x8AB JUMPI PUSH2 0x100 DUP1 DUP4 SLOAD DIV MUL DUP4 MSTORE SWAP2 PUSH1 0x20 ADD SWAP2 PUSH2 0x8D6 JUMP JUMPDEST DUP3 ADD SWAP2 SWAP1 PUSH1 0x0 MSTORE PUSH1 0x20 PUSH1 0x0 KECCAK256 SWAP1 JUMPDEST DUP2 SLOAD DUP2 MSTORE SWAP1 PUSH1 0x1 ADD SWAP1 PUSH1 0x20 ADD DUP1 DUP4 GT PUSH2 0x8B9 JUMPI DUP3 SWAP1 SUB PUSH1 0x1F AND DUP3 ADD SWAP2 JUMPDEST POP POP POP POP POP DUP2 JUMP JUMPDEST PUSH1 0x0 DUP2 PUSH1 0x0 DUP1 CALLER PUSH20 0xFFFFFFFFFFFFFFFFFFFFFFFFFFFFFFFFFFFFFFFF AND PUSH20 0xFFFFFFFFFFFFFFFFFFFFFFFFFFFFFFFFFFFFFFFF AND DUP2 MSTORE PUSH1 0x20 ADD SWAP1 DUP2 MSTORE PUSH1 0x20 ADD PUSH1 0x0 KECCAK256 SLOAD LT ISZERO PUSH2 0x92B JUMPI PUSH1 0x0 DUP1 REVERT JUMPDEST DUP2 PUSH1 0x0 DUP1 CALLER PUSH20 0xFFFFFFFFFFFFFFFFFFFFFFFFFFFFFFFFFFFFFFFF AND PUSH20 0xFFFFFFFFFFFFFFFFFFFFFFFFFFFFFFFFFFFFFFFF AND DUP2 MSTORE PUSH1 0x20 ADD SWAP1 DUP2 MSTORE PUSH1 0x20 ADD PUSH1 0x0 KECCAK256 PUSH1 0x0 DUP3 DUP3 SLOAD SUB SWAP3 POP POP DUP2 SWAP1 SSTORE POP DUP2 PUSH1 0x0 DUP1 DUP6 PUSH20 0xFFFFFFFFFFFFFFFFFFFFFFFFFFFFFFFFFFFFFFFF AND PUSH20 0xFFFFFFFFFFFFFFFFFFFFFFFFFFFFFFFFFFFFFFFF AND DUP2 MSTORE PUSH1 0x20 ADD SWAP1 DUP2 MSTORE PUSH1 0x20 ADD PUSH1 0x0 KECCAK256 PUSH1 0x0 DUP3 DUP3 SLOAD ADD SWAP3 POP POP DUP2 SWAP1 SSTORE POP DUP3 PUSH20 0xFFFFFFFFFFFFFFFFFFFFFFFFFFFFFFFFFFFFFFFF AND CALLER PUSH20 0xFFFFFFFFFFFFFFFFFFFFFFFFFFFFFFFFFFFFFFFF AND PUSH32 0xDDF252AD1BE2C89B69C2B068FC378DAA952BA7F163C4A11628F55A4DF523B3EF DUP5 PUSH1 0x40 MLOAD DUP1 DUP3 DUP2 MSTORE PUSH1 0x20 ADD SWAP2 POP POP PUSH1 0x40 MLOAD DUP1 SWAP2 SUB SWAP1 LOG3 PUSH1 0x1 SWAP1 POP SWAP3 SWAP2 POP POP JUMP JUMPDEST PUSH1 0x4 SLOAD PUSH1 0x0 DUP1 CALLER PUSH20 0xFFFFFFFFFFFFFFFFFFFFFFFFFFFFFFFFFFFFFFFF AND PUSH20 0xFFFFFFFFFFFFFFFFFFFFFFFFFFFFFFFFFFFFFFFF AND DUP2 MSTORE PUSH1 0x20 ADD SWAP1 DUP2 MSTORE PUSH1 0x20 ADD PUSH1 0x0 KECCAK256 DUP2 SWAP1 SSTORE POP CALLER PUSH20 0xFFFFFFFFFFFFFFFFFFFFFFFFFFFFFFFFFFFFFFFF AND PUSH1 0x0 PUSH20 0xFFFFFFFFFFFFFFFFFFFFFFFFFFFFFFFFFFFFFFFF AND PUSH32 0xDDF252AD1BE2C89B69C2B068FC378DAA952BA7F163C4A11628F55A4DF523B3EF PUSH1 0x4 SLOAD PUSH1 0x40 MLOAD DUP1 DUP3 DUP2 MSTORE PUSH1 0x20 ADD SWAP2 POP POP PUSH1 0x40 MLOAD DUP1 SWAP2 SUB SWAP1 LOG3 JUMP JUMPDEST PUSH1 0x5 PUSH1 0x20 MSTORE DUP2 PUSH1 0x0 MSTORE PUSH1 0x40 PUSH1 0x0 KECCAK256 PUSH1 0x20 MSTORE DUP1 PUSH1 0x0 MSTORE PUSH1 0x40 PUSH1 0x0 KECCAK256 PUSH1 0x0 SWAP2 POP SWAP2 POP POP SLOAD DUP2 JUMP INVALID LOG1 PUSH6 0x627A7A723058 KECCAK256 PUSH16 0x213EB5348D5C32AB8F1E4B4FD4A71738 PUSH26 0xBEAE5E4AF30F4B0E65C5F88E372D002900000000000000000000
0,PUSH1 0x80 PUSH1 0x40 MSTORE CALLVALUE DUP1 ISZERO PUSH2 0x10 JUMPI PUSH1 0x0 DUP1 REVERT JUMPDEST POP PUSH1 0x8 PUSH1 0x4 PUSH1 0x0 PUSH2 0x100 EXP DUP2 SLOAD DUP2 PUSH1 0xFF MUL NOT AND SWAP1 DUP4 PUSH1 0xFF AND MUL OR SWAP1 SSTORE POP PUSH1 0x4 PUSH1 0x0 SWAP1 SLOAD SWAP1 PUSH2 0x100 EXP SWAP1 DIV PUSH1 0xFF AND PUSH1 0xFF AND PUSH1 0xA EXP PUSH4 0x1FF2B60 MUL PUSH1 0x2 DUP2 SWAP1 SSTORE POP PUSH1 0x2 SLOAD PUSH1 0x0 DUP1 CALLER PUSH20 0xFFFFFFFFFFFFFFFFFFFFFFFFFFFFFFFFFFFFFFFF AND PUSH20 0xFFFFFFFFFFFFFFFFFFFFFFFFFFFFFFFFFFFFFFFF AND DUP2 MSTORE PUSH1 0x20 ADD SWAP1 DUP2 MSTORE PUSH1 0x20 ADD PUSH1 0x0 KECCAK256 DUP2 SWAP1 SSTORE POP PUSH1 0x40 DUP1 MLOAD SWAP1 DUP2 ADD PUSH1 0x40 MSTORE DUP1 PUSH1 0xD DUP2 MSTORE PUSH1 0x20 ADD PUSH32 0x46696E6578626F78546F6B656E00000000000000000000000000000000000000 DUP2 MSTORE POP PUSH1 0x3 SWAP1 DUP1 MLOAD SWAP1 PUSH1 0x20 ADD SWAP1 PUSH2 0xDF SWAP3 SWAP2 SWAP1 PUSH2 0x131 JUMP JUMPDEST POP PUSH1 0x40 DUP1 MLOAD SWAP1 DUP2 ADD PUSH1 0x40 MSTORE DUP1 PUSH1 0x3 DUP2 MSTORE PUSH1 0x20 ADD PUSH32 0x464E420000000000000000000000000000000000000000000000000000000000 DUP2 MSTORE POP PUSH1 0x5 SWAP1 DUP1 MLOAD SWAP1 PUSH1 0x20 ADD SWAP1 PUSH2 0x12B SWAP3 SWAP2 SWAP1 PUSH2 0x131 JUMP JUMPDEST POP PUSH2 0x1D6 JUMP JUMPDEST DUP3 DUP1 SLOAD PUSH1 0x1 DUP2 PUSH1 0x1 AND ISZERO PUSH2 0x100 MUL SUB AND PUSH1 0x2 SWAP1 DIV SWAP1 PUSH1 0x0 MSTORE PUSH1 0x20 PUSH1 0x0 KECCAK256 SWAP1 PUSH1 0x1F ADD PUSH1 0x20 SWAP1 DIV DUP2 ADD SWAP3 DUP3 PUSH1 0x1F LT PUSH2 0x172 JUMPI DUP1 MLOAD PUSH1 0xFF NOT AND DUP4 DUP1 ADD OR DUP6 SSTORE PUSH2 0x1A0 JUMP JUMPDEST DUP3 DUP1 ADD PUSH1 0x1 ADD DUP6 SSTORE DUP3 ISZERO PUSH2 0x1A0 JUMPI SWAP2 DUP3 ADD JUMPDEST DUP3 DUP2 GT ISZERO PUSH2 0x19F JUMPI DUP3 MLOAD DUP3 SSTORE SWAP2 PUSH1 0x20 ADD SWAP2 SWAP1 PUSH1 0x1 ADD SWAP1 PUSH2 0x184 JUMP JUMPDEST JUMPDEST POP SWAP1 POP PUSH2 0x1AD SWAP2 SWAP1 PUSH2 0x1B1 JUMP JUMPDEST POP SWAP1 JUMP JUMPDEST PUSH2 0x1D3 SWAP2 SWAP1 JUMPDEST DUP1 DUP3 GT ISZERO PUSH2 0x1CF JUMPI PUSH1 0x0 DUP2 PUSH1 0x0 SWAP1 SSTORE POP PUSH1 0x1 ADD PUSH2 0x1B7 JUMP JUMPDEST POP SWAP1 JUMP JUMPDEST SWAP1 JUMP JUMPDEST PUSH2 0xD78 DUP1 PUSH2 0x1E5 PUSH1 0x0 CODECOPY PUSH1 0x0 RETURN STOP PUSH1 0x80 PUSH1 0x40 MSTORE PUSH1 0x4 CALLDATASIZE LT PUSH2 0xA4 JUMPI PUSH1 0x0 CALLDATALOAD PUSH29 0x100000000000000000000000000000000000000000000000000000000 SWAP1 DIV PUSH4 0xFFFFFFFF AND DUP1 PUSH4 0x6FDDE03 EQ PUSH2 0xA9 JUMPI DUP1 PUSH4 0x95EA7B3 EQ PUSH2 0x139 JUMPI DUP1 PUSH4 0x18160DDD EQ PUSH2 0x19E JUMPI DUP1 PUSH4 0x23B872DD EQ PUSH2 0x1C9 JUMPI DUP1 PUSH4 0x313CE567 EQ PUSH2 0x24E JUMPI DUP1 PUSH4 0x42966C68 EQ PUSH2 0x27F JUMPI DUP1 PUSH4 0x70A08231 EQ PUSH2 0x2AC JUMPI DUP1 PUSH4 0x95D89B41 EQ PUSH2 0x303 JUMPI DUP1 PUSH4 0xA9059CBB EQ PUSH2 0x393 JUMPI DUP1 PUSH4 0xDD62ED3E EQ PUSH2 0x3F8 JUMPI JUMPDEST PUSH1 0x0 DUP1 REVERT JUMPDEST CALLVALUE DUP1 ISZERO PUSH2 0xB5 JUMPI PUSH1 0x0 DUP1 REVERT JUMPDEST POP PUSH2 0xBE PUSH2 0x46F JUMP JUMPDEST PUSH1 0x40 MLOAD DUP1 DUP1 PUSH1 0x20 ADD DUP3 DUP2 SUB DUP3 MSTORE DUP4 DUP2 DUP2 MLOAD DUP2 MSTORE PUSH1 0x20 ADD SWAP2 POP DUP1 MLOAD SWAP1 PUSH1 0x20 ADD SWAP1 DUP1 DUP4 DUP4 PUSH1 0x0 JUMPDEST DUP4 DUP2 LT ISZERO PUSH2 0xFE JUMPI DUP1 DUP3 ADD MLOAD DUP2 DUP5 ADD MSTORE PUSH1 0x20 DUP2 ADD SWAP1 POP PUSH2 0xE3 JUMP JUMPDEST POP POP POP POP SWAP1 POP SWAP1 DUP2 ADD SWAP1 PUSH1 0x1F AND DUP1 ISZERO PUSH2 0x12B JUMPI DUP1 DUP3 SUB DUP1 MLOAD PUSH1 0x1 DUP4 PUSH1 0x20 SUB PUSH2 0x100 EXP SUB NOT AND DUP2 MSTORE PUSH1 0x20 ADD SWAP2 POP JUMPDEST POP SWAP3 POP POP POP PUSH1 0x40 MLOAD DUP1 SWAP2 SUB SWAP1 RETURN JUMPDEST CALLVALUE DUP1 ISZERO PUSH2 0x145 JUMPI PUSH1 0x0 DUP1 REVERT JUMPDEST POP PUSH2 0x184 PUSH1 0x4 DUP1 CALLDATASIZE SUB DUP2 ADD SWAP1 DUP1 DUP1 CALLDATALOAD PUSH20 0xFFFFFFFFFFFFFFFFFFFFFFFFFFFFFFFFFFFFFFFF AND SWAP1 PUSH1 0x20 ADD SWAP1 SWAP3 SWAP2 SWAP1 DUP1 CALLDATALOAD SWAP1 PUSH1 0x20 ADD SWAP1 SWAP3 SWAP2 SWAP1 POP POP POP PUSH2 0x50D JUMP JUMPDEST PUSH1 0x40 MLOAD DUP1 DUP3 ISZERO ISZERO ISZERO ISZERO DUP2 MSTORE PUSH1 0x20 ADD SWAP2 POP POP PUSH1 0x40 MLOAD DUP1 SWAP2 SUB SWAP1 RETURN JUMPDEST CALLVALUE DUP1 ISZERO PUSH2 0x1AA JUMPI PUSH1 0x0 DUP1 REVERT JUMPDEST POP PUSH2 0x1B3 PUSH2 0x63A JUMP JUMPDEST PUSH1 0x40 MLOAD DUP1 DUP3 DUP2 MSTORE PUSH1 0x20 ADD SWAP2 POP POP PUSH1 0x40 MLOAD DUP1 SWAP2 SUB SWAP1 RETURN JUMPDEST CALLVALUE DUP1 ISZERO PUSH2 0x1D5 JUMPI PUSH1 0x0 DUP1 REVERT JUMPDEST POP PUSH2 0x234 PUSH1 0x4 DUP1 CALLDATASIZE SUB DUP2 ADD SWAP1 DUP1 DUP1 CALLDATALOAD PUSH20 0xFFFFFFFFFFFFFFFFFFFFFFFFFFFFFFFFFFFFFFFF AND SWAP1 PUSH1 0x20 ADD SWAP1 SWAP3 SWAP2 SWAP1 DUP1 CALLDATALOAD PUSH20 0xFFFFFFFFFFFFFFFFFFFFFFFFFFFFFFFFFFFFFFFF AND SWAP1 PUSH1 0x20 ADD SWAP1 SWAP3 SWAP2 SWAP1 DUP1 CALLDATALOAD SWAP1 PUSH1 0x20 ADD SWAP1 SWAP3 SWAP2 SWAP1 POP POP POP PUSH2 0x644 JUMP JUMPDEST PUSH1 0x40 MLOAD DUP1 DUP3 ISZERO ISZERO ISZERO ISZERO DUP2 MSTORE PUSH1 0x20 ADD SWAP2 POP POP PUSH1 0x40 MLOAD DUP1 SWAP2 SUB SWAP1 RETURN JUMPDEST CALLVALUE DUP1 ISZERO PUSH2 0x25A JUMPI PUSH1 0x0 DUP1 REVERT JUMPDEST POP PUSH2 0x263 PUSH2 0x7F6 JUMP JUMPDEST PUSH1 0x40 MLOAD DUP1 DUP3 PUSH1 0xFF AND PUSH1 0xFF AND DUP2 MSTORE PUSH1 0x20 ADD SWAP2 POP POP PUSH1 0x40 MLOAD DUP1 SWAP2 SUB SWAP1 RETURN JUMPDEST CALLVALUE DUP1 ISZERO PUSH2 0x28B JUMPI PUSH1 0x0 DUP1 REVERT JUMPDEST POP PUSH2 0x2AA PUSH1 0x4 DUP1 CALLDATASIZE SUB DUP2 ADD SWAP1 DUP1 DUP1 CALLDATALOAD SWAP1 PUSH1 0x20 ADD SWAP1 SWAP3 SWAP2 SWAP1 POP POP POP PUSH2 0x809 JUMP JUMPDEST STOP JUMPDEST CALLVALUE DUP1 ISZERO PUSH2 0x2B8 JUMPI PUSH1 0x0 DUP1 REVERT JUMPDEST POP PUSH2 0x2ED PUSH1 0x4 DUP1 CALLDATASIZE SUB DUP2 ADD SWAP1 DUP1 DUP1 CALLDATALOAD PUSH20 0xFFFFFFFFFFFFFFFFFFFFFFFFFFFFFFFFFFFFFFFF AND SWAP1 PUSH1 0x20 ADD SWAP1 SWAP3 SWAP2 SWAP1 POP POP POP PUSH2 0x96D JUMP JUMPDEST PUSH1 0x40 MLOAD DUP1 DUP3 DUP2 MSTORE PUSH1 0x20 ADD SWAP2 POP POP PUSH1 0x40 MLOAD DUP1 SWAP2 SUB SWAP1 RETURN JUMPDEST CALLVALUE DUP1 ISZERO PUSH2 0x30F JUMPI PUSH1 0x0 DUP1 REVERT JUMPDEST POP PUSH2 0x318 PUSH2 0x9B5 JUMP JUMPDEST PUSH1 0x40 MLOAD DUP1 DUP1 PUSH1 0x20 ADD DUP3 DUP2 SUB DUP3 MSTORE DUP4 DUP2 DUP2 MLOAD DUP2 MSTORE PUSH1 0x20 ADD SWAP2 POP DUP1 MLOAD SWAP1 PUSH1 0x20 ADD SWAP1 DUP1 DUP4 DUP4 PUSH1 0x0 JUMPDEST DUP4 DUP2 LT ISZERO PUSH2 0x358 JUMPI DUP1 DUP3 ADD MLOAD DUP2 DUP5 ADD MSTORE PUSH1 0x20 DUP2 ADD SWAP1 POP PUSH2 0x33D JUMP JUMPDEST POP POP POP POP SWAP1 POP SWAP1 DUP2 ADD SWAP1 PUSH1 0x1F AND DUP1 ISZERO PUSH2 0x385 JUMPI DUP1 DUP3 SUB DUP1 MLOAD PUSH1 0x1 DUP4 PUSH1 0x20 SUB PUSH2 0x100 EXP SUB NOT AND DUP2 MSTORE PUSH1 0x20 ADD SWAP2 POP JUMPDEST POP SWAP3 POP POP POP PUSH1 0x40 MLOAD DUP1 SWAP2 SUB SWAP1 RETURN JUMPDEST CALLVALUE DUP1 ISZERO PUSH2 0x39F JUMPI PUSH1 0x0 DUP1 REVERT JUMPDEST POP PUSH2 0x3DE PUSH1 0x4 DUP1 CALLDATASIZE SUB DUP2 ADD SWAP1 DUP1 DUP1 CALLDATALOAD PUSH20 0xFFFFFFFFFFFFFFFFFFFFFFFFFFFFFFFFFFFFFFFF AND SWAP1 PUSH1 0x20 ADD SWAP1 SWAP3 SWAP2 SWAP1 DUP1 CALLDATALOAD SWAP1 PUSH1 0x20 ADD SWAP1 SWAP3 SWAP2 SWAP1 POP POP POP PUSH2 0xA53 JUMP JUMPDEST PUSH1 0x40 MLOAD DUP1 DUP3 ISZERO ISZERO ISZERO ISZERO DUP2 MSTORE PUSH1 0x20 ADD SWAP2 POP POP PUSH1 0x40 MLOAD DUP1 SWAP2 SUB SWAP1 RETURN JUMPDEST CALLVALUE DUP1 ISZERO PUSH2 0x404 JUMPI PUSH1 0x0 DUP1 REVERT JUMPDEST POP PUSH2 0x459 PUSH1 0x4 DUP1 CALLDATASIZE SUB DUP2 ADD SWAP1 DUP1 DUP1 CALLDATALOAD PUSH20 0xFFFFFFFFFFFFFFFFFFFFFFFFFFFFFFFFFFFFFFFF AND SWAP1 PUSH1 0x20 ADD SWAP1 SWAP3 SWAP2 SWAP1 DUP1 CALLDATALOAD PUSH20 0xFFFFFFFFFFFFFFFFFFFFFFFFFFFFFFFFFFFFFFFF AND SWAP1 PUSH1 0x20 ADD SWAP1 SWAP3 SWAP2 SWAP1 POP POP POP PUSH2 0xA6A JUMP JUMPDEST PUSH1 0x40 MLOAD DUP1 DUP3 DUP2 MSTORE PUSH1 0x20 ADD SWAP2 POP POP PUSH1 0x40 MLOAD DUP1 SWAP2 SUB SWAP1 RETURN JUMPDEST PUSH1 0x3 DUP1 SLOAD PUSH1 0x1 DUP2 PUSH1 0x1 AND ISZERO PUSH2 0x100 MUL SUB AND PUSH1 0x2 SWAP1 DIV DUP1 PUSH1 0x1F ADD PUSH1 0x20 DUP1 SWAP2 DIV MUL PUSH1 0x20 ADD PUSH1 0x40 MLOAD SWAP1 DUP2 ADD PUSH1 0x40 MSTORE DUP1 SWAP3 SWAP2 SWAP1 DUP2 DUP2 MSTORE PUSH1 0x20 ADD DUP3 DUP1 SLOAD PUSH1 0x1 DUP2 PUSH1 0x1 AND ISZERO PUSH2 0x100 MUL SUB AND PUSH1 0x2 SWAP1 DIV DUP1 ISZERO PUSH2 0x505 JUMPI DUP1 PUSH1 0x1F LT PUSH2 0x4DA JUMPI PUSH2 0x100 DUP1 DUP4 SLOAD DIV MUL DUP4 MSTORE SWAP2 PUSH1 0x20 ADD SWAP2 PUSH2 0x505 JUMP JUMPDEST DUP3 ADD SWAP2 SWAP1 PUSH1 0x0 MSTORE PUSH1 0x20 PUSH1 0x0 KECCAK256 SWAP1 JUMPDEST DUP2 SLOAD DUP2 MSTORE SWAP1 PUSH1 0x1 ADD SWAP1 PUSH1 0x20 ADD DUP1 DUP4 GT PUSH2 0x4E8 JUMPI DUP3 SWAP1 SUB PUSH1 0x1F AND DUP3 ADD SWAP2 JUMPDEST POP POP POP POP POP DUP2 JUMP JUMPDEST PUSH1 0x0 DUP1 PUSH20 0xFFFFFFFFFFFFFFFFFFFFFFFFFFFFFFFFFFFFFFFF AND DUP4 PUSH20 0xFFFFFFFFFFFFFFFFFFFFFFFFFFFFFFFFFFFFFFFF AND EQ ISZERO ISZERO ISZERO PUSH2 0x54A JUMPI PUSH1 0x0 DUP1 REVERT JUMPDEST DUP2 PUSH1 0x1 PUSH1 0x0 CALLER PUSH20 0xFFFFFFFFFFFFFFFFFFFFFFFFFFFFFFFFFFFFFFFF AND PUSH20 0xFFFFFFFFFFFFFFFFFFFFFFFFFFFFFFFFFFFFFFFF AND DUP2 MSTORE PUSH1 0x20 ADD SWAP1 DUP2 MSTORE PUSH1 0x20 ADD PUSH1 0x0 KECCAK256 PUSH1 0x0 DUP6 PUSH20 0xFFFFFFFFFFFFFFFFFFFFFFFFFFFFFFFFFFFFFFFF AND PUSH20 0xFFFFFFFFFFFFFFFFFFFFFFFFFFFFFFFFFFFFFFFF AND DUP2 MSTORE PUSH1 0x20 ADD SWAP1 DUP2 MSTORE PUSH1 0x20 ADD PUSH1 0x0 KECCAK256 DUP2 SWAP1 SSTORE POP DUP3 PUSH20 0xFFFFFFFFFFFFFFFFFFFFFFFFFFFFFFFFFFFFFFFF AND CALLER PUSH20 0xFFFFFFFFFFFFFFFFFFFFFFFFFFFFFFFFFFFFFFFF AND PUSH32 0x8C5BE1E5EBEC7D5BD14F71427D1E84F3DD0314C0F7B2291E5B200AC8C7C3B925 DUP5 PUSH1 0x40 MLOAD DUP1 DUP3 DUP2 MSTORE PUSH1 0x20 ADD SWAP2 POP POP PUSH1 0x40 MLOAD DUP1 SWAP2 SUB SWAP1 LOG3 PUSH1 0x1 SWAP1 POP SWAP3 SWAP2 POP POP JUMP JUMPDEST PUSH1 0x0 PUSH1 0x2 SLOAD SWAP1 POP SWAP1 JUMP JUMPDEST PUSH1 0x0 PUSH1 0x1 PUSH1 0x0 DUP6 PUSH20 0xFFFFFFFFFFFFFFFFFFFFFFFFFFFFFFFFFFFFFFFF AND PUSH20 0xFFFFFFFFFFFFFFFFFFFFFFFFFFFFFFFFFFFFFFFF AND DUP2 MSTORE PUSH1 0x20 ADD SWAP1 DUP2 MSTORE PUSH1 0x20 ADD PUSH1 0x0 KECCAK256 PUSH1 0x0 CALLER PUSH20 0xFFFFFFFFFFFFFFFFFFFFFFFFFFFFFFFFFFFFFFFF AND PUSH20 0xFFFFFFFFFFFFFFFFFFFFFFFFFFFFFFFFFFFFFFFF AND DUP2 MSTORE PUSH1 0x20 ADD SWAP1 DUP2 MSTORE PUSH1 0x20 ADD PUSH1 0x0 KECCAK256 SLOAD DUP3 GT ISZERO ISZERO ISZERO PUSH2 0x6D1 JUMPI PUSH1 0x0 DUP1 REVERT JUMPDEST PUSH2 0x760 DUP3 PUSH1 0x1 PUSH1 0x0 DUP8 PUSH20 0xFFFFFFFFFFFFFFFFFFFFFFFFFFFFFFFFFFFFFFFF AND PUSH20 0xFFFFFFFFFFFFFFFFFFFFFFFFFFFFFFFFFFFFFFFF AND DUP2 MSTORE PUSH1 0x20 ADD SWAP1 DUP2 MSTORE PUSH1 0x20 ADD PUSH1 0x0 KECCAK256 PUSH1 0x0 CALLER PUSH20 0xFFFFFFFFFFFFFFFFFFFFFFFFFFFFFFFFFFFFFFFF AND PUSH20 0xFFFFFFFFFFFFFFFFFFFFFFFFFFFFFFFFFFFFFFFF AND DUP2 MSTORE PUSH1 0x20 ADD SWAP1 DUP2 MSTORE PUSH1 0x20 ADD PUSH1 0x0 KECCAK256 SLOAD PUSH2 0xAF1 SWAP1 SWAP2 SWAP1 PUSH4 0xFFFFFFFF AND JUMP JUMPDEST PUSH1 0x1 PUSH1 0x0 DUP7 PUSH20 0xFFFFFFFFFFFFFFFFFFFFFFFFFFFFFFFFFFFFFFFF AND PUSH20 0xFFFFFFFFFFFFFFFFFFFFFFFFFFFFFFFFFFFFFFFF AND DUP2 MSTORE PUSH1 0x20 ADD SWAP1 DUP2 MSTORE PUSH1 0x20 ADD PUSH1 0x0 KECCAK256 PUSH1 0x0 CALLER PUSH20 0xFFFFFFFFFFFFFFFFFFFFFFFFFFFFFFFFFFFFFFFF AND PUSH20 0xFFFFFFFFFFFFFFFFFFFFFFFFFFFFFFFFFFFFFFFF AND DUP2 MSTORE PUSH1 0x20 ADD SWAP1 DUP2 MSTORE PUSH1 0x20 ADD PUSH1 0x0 KECCAK256 DUP2 SWAP1 SSTORE POP PUSH2 0x7EB DUP5 DUP5 DUP5 PUSH2 0xB12 JUMP JUMPDEST PUSH1 0x1 SWAP1 POP SWAP4 SWAP3 POP POP POP JUMP JUMPDEST PUSH1 0x4 PUSH1 0x0 SWAP1 SLOAD SWAP1 PUSH2 0x100 EXP SWAP1 DIV PUSH1 0xFF AND DUP2 JUMP JUMPDEST PUSH1 0x0 DUP1 CALLER PUSH20 0xFFFFFFFFFFFFFFFFFFFFFFFFFFFFFFFFFFFFFFFF AND PUSH20 0xFFFFFFFFFFFFFFFFFFFFFFFFFFFFFFFFFFFFFFFF AND DUP2 MSTORE PUSH1 0x20 ADD SWAP1 DUP2 MSTORE PUSH1 0x20 ADD PUSH1 0x0 KECCAK256 SLOAD DUP2 GT ISZERO ISZERO ISZERO PUSH2 0x856 JUMPI PUSH1 0x0 DUP1 REVERT JUMPDEST PUSH2 0x86B DUP2 PUSH1 0x2 SLOAD PUSH2 0xAF1 SWAP1 SWAP2 SWAP1 PUSH4 0xFFFFFFFF AND JUMP JUMPDEST PUSH1 0x2 DUP2 SWAP1 SSTORE POP PUSH2 0x8C2 DUP2 PUSH1 0x0 DUP1 CALLER PUSH20 0xFFFFFFFFFFFFFFFFFFFFFFFFFFFFFFFFFFFFFFFF AND PUSH20 0xFFFFFFFFFFFFFFFFFFFFFFFFFFFFFFFFFFFFFFFF AND DUP2 MSTORE PUSH1 0x20 ADD SWAP1 DUP2 MSTORE PUSH1 0x20 ADD PUSH1 0x0 KECCAK256 SLOAD PUSH2 0xAF1 SWAP1 SWAP2 SWAP1 PUSH4 0xFFFFFFFF AND JUMP JUMPDEST PUSH1 0x0 DUP1 CALLER PUSH20 0xFFFFFFFFFFFFFFFFFFFFFFFFFFFFFFFFFFFFFFFF AND PUSH20 0xFFFFFFFFFFFFFFFFFFFFFFFFFFFFFFFFFFFFFFFF AND DUP2 MSTORE PUSH1 0x20 ADD SWAP1 DUP2 MSTORE PUSH1 0x20 ADD PUSH1 0x0 KECCAK256 DUP2 SWAP1 SSTORE POP PUSH1 0x0 PUSH20 0xFFFFFFFFFFFFFFFFFFFFFFFFFFFFFFFFFFFFFFFF AND CALLER PUSH20 0xFFFFFFFFFFFFFFFFFFFFFFFFFFFFFFFFFFFFFFFF AND PUSH32 0xDDF252AD1BE2C89B69C2B068FC378DAA952BA7F163C4A11628F55A4DF523B3EF DUP4 PUSH1 0x40 MLOAD DUP1 DUP3 DUP2 MSTORE PUSH1 0x20 ADD SWAP2 POP POP PUSH1 0x40 MLOAD DUP1 SWAP2 SUB SWAP1 LOG3 POP JUMP JUMPDEST PUSH1 0x0 DUP1 PUSH1 0x0 DUP4 PUSH20 0xFFFFFFFFFFFFFFFFFFFFFFFFFFFFFFFFFFFFFFFF AND PUSH20 0xFFFFFFFFFFFFFFFFFFFFFFFFFFFFFFFFFFFFFFFF AND DUP2 MSTORE PUSH1 0x20 ADD SWAP1 DUP2 MSTORE PUSH1 0x20 ADD PUSH1 0x0 KECCAK256 SLOAD SWAP1 POP SWAP2 SWAP1 POP JUMP JUMPDEST PUSH1 0x5 DUP1 SLOAD PUSH1 0x1 DUP2 PUSH1 0x1 AND ISZERO PUSH2 0x100 MUL SUB AND PUSH1 0x2 SWAP1 DIV DUP1 PUSH1 0x1F ADD PUSH1 0x20 DUP1 SWAP2 DIV MUL PUSH1 0x20 ADD PUSH1 0x40 MLOAD SWAP1 DUP2 ADD PUSH1 0x40 MSTORE DUP1 SWAP3 SWAP2 SWAP1 DUP2 DUP2 MSTORE PUSH1 0x20 ADD DUP3 DUP1 SLOAD PUSH1 0x1 DUP2 PUSH1 0x1 AND ISZERO PUSH2 0x100 MUL SUB AND PUSH1 0x2 SWAP1 DIV DUP1 ISZERO PUSH2 0xA4B JUMPI DUP1 PUSH1 0x1F LT PUSH2 0xA20 JUMPI PUSH2 0x100 DUP1 DUP4 SLOAD DIV MUL DUP4 MSTORE SWAP2 PUSH1 0x20 ADD SWAP2 PUSH2 0xA4B JUMP JUMPDEST DUP3 ADD SWAP2 SWAP1 PUSH1 0x0 MSTORE PUSH1 0x20 PUSH1 0x0 KECCAK256 SWAP1 JUMPDEST DUP2 SLOAD DUP2 MSTORE SWAP1 PUSH1 0x1 ADD SWAP1 PUSH1 0x20 ADD DUP1 DUP4 GT PUSH2 0xA2E JUMPI DUP3 SWAP1 SUB PUSH1 0x1F AND DUP3 ADD SWAP2 JUMPDEST POP POP POP POP POP DUP2 JUMP JUMPDEST PUSH1 0x0 PUSH2 0xA60 CALLER DUP5 DUP5 PUSH2 0xB12 JUMP JUMPDEST PUSH1 0x1 SWAP1 POP SWAP3 SWAP2 POP POP JUMP JUMPDEST PUSH1 0x0 PUSH1 0x1 PUSH1 0x0 DUP5 PUSH20 0xFFFFFFFFFFFFFFFFFFFFFFFFFFFFFFFFFFFFFFFF AND PUSH20 0xFFFFFFFFFFFFFFFFFFFFFFFFFFFFFFFFFFFFFFFF AND DUP2 MSTORE PUSH1 0x20 ADD SWAP1 DUP2 MSTORE PUSH1 0x20 ADD PUSH1 0x0 KECCAK256 PUSH1 0x0 DUP4 PUSH20 0xFFFFFFFFFFFFFFFFFFFFFFFFFFFFFFFFFFFFFFFF AND PUSH20 0xFFFFFFFFFFFFFFFFFFFFFFFFFFFFFFFFFFFFFFFF AND DUP2 MSTORE PUSH1 0x20 ADD SWAP1 DUP2 MSTORE PUSH1 0x20 ADD PUSH1 0x0 KECCAK256 SLOAD SWAP1 POP SWAP3 SWAP2 POP POP JUMP JUMPDEST PUSH1 0x0 DUP1 DUP4 DUP4 GT ISZERO ISZERO ISZERO PUSH2 0xB03 JUMPI PUSH1 0x0 DUP1 REVERT JUMPDEST DUP3 DUP5 SUB SWAP1 POP DUP1 SWAP2 POP POP SWAP3 SWAP2 POP POP JUMP JUMPDEST PUSH1 0x0 DUP1 DUP5 PUSH20 0xFFFFFFFFFFFFFFFFFFFFFFFFFFFFFFFFFFFFFFFF AND PUSH20 0xFFFFFFFFFFFFFFFFFFFFFFFFFFFFFFFFFFFFFFFF AND DUP2 MSTORE PUSH1 0x20 ADD SWAP1 DUP2 MSTORE PUSH1 0x20 ADD PUSH1 0x0 KECCAK256 SLOAD DUP2 GT ISZERO ISZERO ISZERO PUSH2 0xB5F JUMPI PUSH1 0x0 DUP1 REVERT JUMPDEST PUSH1 0x0 PUSH20 0xFFFFFFFFFFFFFFFFFFFFFFFFFFFFFFFFFFFFFFFF AND DUP3 PUSH20 0xFFFFFFFFFFFFFFFFFFFFFFFFFFFFFFFFFFFFFFFF AND EQ ISZERO ISZERO ISZERO PUSH2 0xB9B JUMPI PUSH1 0x0 DUP1 REVERT JUMPDEST PUSH2 0xBEC DUP2 PUSH1 0x0 DUP1 DUP7 PUSH20 0xFFFFFFFFFFFFFFFFFFFFFFFFFFFFFFFFFFFFFFFF AND PUSH20 0xFFFFFFFFFFFFFFFFFFFFFFFFFFFFFFFFFFFFFFFF AND DUP2 MSTORE PUSH1 0x20 ADD SWAP1 DUP2 MSTORE PUSH1 0x20 ADD PUSH1 0x0 KECCAK256 SLOAD PUSH2 0xAF1 SWAP1 SWAP2 SWAP1 PUSH4 0xFFFFFFFF AND JUMP JUMPDEST PUSH1 0x0 DUP1 DUP6 PUSH20 0xFFFFFFFFFFFFFFFFFFFFFFFFFFFFFFFFFFFFFFFF AND PUSH20 0xFFFFFFFFFFFFFFFFFFFFFFFFFFFFFFFFFFFFFFFF AND DUP2 MSTORE PUSH1 0x20 ADD SWAP1 DUP2 MSTORE PUSH1 0x20 ADD PUSH1 0x0 KECCAK256 DUP2 SWAP1 SSTORE POP PUSH2 0xC7F DUP2 PUSH1 0x0 DUP1 DUP6 PUSH20 0xFFFFFFFFFFFFFFFFFFFFFFFFFFFFFFFFFFFFFFFF AND PUSH20 0xFFFFFFFFFFFFFFFFFFFFFFFFFFFFFFFFFFFFFFFF AND DUP2 MSTORE PUSH1 0x20 ADD SWAP1 DUP2 MSTORE PUSH1 0x20 ADD PUSH1 0x0 KECCAK256 SLOAD PUSH2 0xD2B SWAP1 SWAP2 SWAP1 PUSH4 0xFFFFFFFF AND JUMP JUMPDEST PUSH1 0x0 DUP1 DUP5 PUSH20 0xFFFFFFFFFFFFFFFFFFFFFFFFFFFFFFFFFFFFFFFF AND PUSH20 0xFFFFFFFFFFFFFFFFFFFFFFFFFFFFFFFFFFFFFFFF AND DUP2 MSTORE PUSH1 0x20 ADD SWAP1 DUP2 MSTORE PUSH1 0x20 ADD PUSH1 0x0 KECCAK256 DUP2 SWAP1 SSTORE POP DUP2 PUSH20 0xFFFFFFFFFFFFFFFFFFFFFFFFFFFFFFFFFFFFFFFF AND DUP4 PUSH20 0xFFFFFFFFFFFFFFFFFFFFFFFFFFFFFFFFFFFFFFFF AND PUSH32 0xDDF252AD1BE2C89B69C2B068FC378DAA952BA7F163C4A11628F55A4DF523B3EF DUP4 PUSH1 0x40 MLOAD DUP1 DUP3 DUP2 MSTORE PUSH1 0x20 ADD SWAP2 POP POP PUSH1 0x40 MLOAD DUP1 SWAP2 SUB SWAP1 LOG3 POP POP POP JUMP JUMPDEST PUSH1 0x0 DUP1 DUP3 DUP5 ADD SWAP1 POP DUP4 DUP2 LT ISZERO ISZERO ISZERO PUSH2 0xD42 JUMPI PUSH1 0x0 DUP1 REVERT JUMPDEST DUP1 SWAP2 POP POP SWAP3 SWAP2 POP POP JUMP STOP LOG1 PUSH6 0x627A7A723058 KECCAK256 SLT 0x5f 0xdf 0x1f 0x24 DIFFICULTY 0xeb PUSH17 0x26369E39EEB05A70B02D9B67CC755A9E7C SWAP5 0x1f 0xbd 0xdf 0xaa ADDMOD JUMPDEST STOP 0x29
0,PUSH1 0x80 PUSH1 0x40 MSTORE CALLVALUE DUP1 ISZERO PUSH2 0x10 JUMPI PUSH1 0x0 DUP1 REVERT JUMPDEST POP PUSH2 0x612 DUP1 PUSH2 0x20 PUSH1 0x0 CODECOPY PUSH1 0x0 RETURN STOP PUSH1 0x80 PUSH1 0x40 MSTORE PUSH1 0x4 CALLDATASIZE LT PUSH2 0x62 JUMPI PUSH1 0x0 CALLDATALOAD PUSH29 0x100000000000000000000000000000000000000000000000000000000 SWAP1 DIV PUSH4 0xFFFFFFFF AND DUP1 PUSH4 0x3053D425 EQ PUSH2 0x67 JUMPI DUP1 PUSH4 0xD1D6B739 EQ PUSH2 0xA2 JUMPI DUP1 PUSH4 0xE28D717B EQ PUSH2 0xF3 JUMPI DUP1 PUSH4 0xF1D9A150 EQ PUSH2 0xFD JUMPI JUMPDEST PUSH1 0x0 DUP1 REVERT JUMPDEST CALLVALUE DUP1 ISZERO PUSH2 0x73 JUMPI PUSH1 0x0 DUP1 REVERT JUMPDEST POP PUSH2 0xA0 PUSH1 0x4 DUP1 CALLDATASIZE SUB PUSH1 0x20 DUP2 LT ISZERO PUSH2 0x8A JUMPI PUSH1 0x0 DUP1 REVERT JUMPDEST DUP2 ADD SWAP1 DUP1 DUP1 CALLDATALOAD SWAP1 PUSH1 0x20 ADD SWAP1 SWAP3 SWAP2 SWAP1 POP POP POP PUSH2 0x154 JUMP JUMPDEST STOP JUMPDEST CALLVALUE DUP1 ISZERO PUSH2 0xAE JUMPI PUSH1 0x0 DUP1 REVERT JUMPDEST POP PUSH2 0xF1 PUSH1 0x4 DUP1 CALLDATASIZE SUB PUSH1 0x20 DUP2 LT ISZERO PUSH2 0xC5 JUMPI PUSH1 0x0 DUP1 REVERT JUMPDEST DUP2 ADD SWAP1 DUP1 DUP1 CALLDATALOAD PUSH20 0xFFFFFFFFFFFFFFFFFFFFFFFFFFFFFFFFFFFFFFFF AND SWAP1 PUSH1 0x20 ADD SWAP1 SWAP3 SWAP2 SWAP1 POP POP POP PUSH2 0x287 JUMP JUMPDEST STOP JUMPDEST PUSH2 0xFB PUSH2 0x4E8 JUMP JUMPDEST STOP JUMPDEST CALLVALUE DUP1 ISZERO PUSH2 0x109 JUMPI PUSH1 0x0 DUP1 REVERT JUMPDEST POP PUSH2 0x112 PUSH2 0x5CA JUMP JUMPDEST PUSH1 0x40 MLOAD DUP1 DUP3 PUSH20 0xFFFFFFFFFFFFFFFFFFFFFFFFFFFFFFFFFFFFFFFF AND PUSH20 0xFFFFFFFFFFFFFFFFFFFFFFFFFFFFFFFFFFFFFFFF AND DUP2 MSTORE PUSH1 0x20 ADD SWAP2 POP POP PUSH1 0x40 MLOAD DUP1 SWAP2 SUB SWAP1 RETURN JUMPDEST PUSH2 0x15C PUSH2 0x5CA JUMP JUMPDEST PUSH20 0xFFFFFFFFFFFFFFFFFFFFFFFFFFFFFFFFFFFFFFFF AND PUSH4 0xBAA8529C DUP3 PUSH1 0x1 MUL CALLER PUSH1 0x40 MLOAD DUP4 PUSH4 0xFFFFFFFF AND PUSH29 0x100000000000000000000000000000000000000000000000000000000 MUL DUP2 MSTORE PUSH1 0x4 ADD DUP1 DUP4 DUP2 MSTORE PUSH1 0x20 ADD DUP3 PUSH20 0xFFFFFFFFFFFFFFFFFFFFFFFFFFFFFFFFFFFFFFFF AND PUSH20 0xFFFFFFFFFFFFFFFFFFFFFFFFFFFFFFFFFFFFFFFF AND DUP2 MSTORE PUSH1 0x20 ADD SWAP3 POP POP POP PUSH1 0x0 PUSH1 0x40 MLOAD DUP1 DUP4 SUB DUP2 PUSH1 0x0 DUP8 DUP1 EXTCODESIZE ISZERO DUP1 ISZERO PUSH2 0x201 JUMPI PUSH1 0x0 DUP1 REVERT JUMPDEST POP GAS CALL ISZERO DUP1 ISZERO PUSH2 0x215 JUMPI RETURNDATASIZE PUSH1 0x0 DUP1 RETURNDATACOPY RETURNDATASIZE PUSH1 0x0 REVERT JUMPDEST POP POP POP POP PUSH32 0x81EDD4DB25E5F4DD9FF05ADC61A5F7367C7580D8377FC1515F123DC2F8F0660E DUP2 CALLER PUSH1 0x40 MLOAD DUP1 DUP4 DUP2 MSTORE PUSH1 0x20 ADD DUP3 PUSH20 0xFFFFFFFFFFFFFFFFFFFFFFFFFFFFFFFFFFFFFFFF AND PUSH20 0xFFFFFFFFFFFFFFFFFFFFFFFFFFFFFFFFFFFFFFFF AND DUP2 MSTORE PUSH1 0x20 ADD SWAP3 POP POP POP PUSH1 0x40 MLOAD DUP1 SWAP2 SUB SWAP1 LOG1 POP JUMP JUMPDEST PUSH1 0x0 DUP1 DUP3 SWAP2 POP DUP2 PUSH20 0xFFFFFFFFFFFFFFFFFFFFFFFFFFFFFFFFFFFFFFFF AND PUSH4 0x70A08231 ADDRESS PUSH1 0x40 MLOAD DUP3 PUSH4 0xFFFFFFFF AND PUSH29 0x100000000000000000000000000000000000000000000000000000000 MUL DUP2 MSTORE PUSH1 0x4 ADD DUP1 DUP3 PUSH20 0xFFFFFFFFFFFFFFFFFFFFFFFFFFFFFFFFFFFFFFFF AND PUSH20 0xFFFFFFFFFFFFFFFFFFFFFFFFFFFFFFFFFFFFFFFF AND DUP2 MSTORE PUSH1 0x20 ADD SWAP2 POP POP PUSH1 0x20 PUSH1 0x40 MLOAD DUP1 DUP4 SUB DUP2 PUSH1 0x0 DUP8 DUP1 EXTCODESIZE ISZERO DUP1 ISZERO PUSH2 0x328 JUMPI PUSH1 0x0 DUP1 REVERT JUMPDEST POP GAS CALL ISZERO DUP1 ISZERO PUSH2 0x33C JUMPI RETURNDATASIZE PUSH1 0x0 DUP1 RETURNDATACOPY RETURNDATASIZE PUSH1 0x0 REVERT JUMPDEST POP POP POP POP PUSH1 0x40 MLOAD RETURNDATASIZE PUSH1 0x20 DUP2 LT ISZERO PUSH2 0x352 JUMPI PUSH1 0x0 DUP1 REVERT JUMPDEST DUP2 ADD SWAP1 DUP1 DUP1 MLOAD SWAP1 PUSH1 0x20 ADD SWAP1 SWAP3 SWAP2 SWAP1 POP POP POP SWAP1 POP DUP2 PUSH20 0xFFFFFFFFFFFFFFFFFFFFFFFFFFFFFFFFFFFFFFFF AND PUSH4 0xA9059CBB CALLER DUP4 PUSH1 0x40 MLOAD DUP4 PUSH4 0xFFFFFFFF AND PUSH29 0x100000000000000000000000000000000000000000000000000000000 MUL DUP2 MSTORE PUSH1 0x4 ADD DUP1 DUP4 PUSH20 0xFFFFFFFFFFFFFFFFFFFFFFFFFFFFFFFFFFFFFFFF AND PUSH20 0xFFFFFFFFFFFFFFFFFFFFFFFFFFFFFFFFFFFFFFFF AND DUP2 MSTORE PUSH1 0x20 ADD DUP3 DUP2 MSTORE PUSH1 0x20 ADD SWAP3 POP POP POP PUSH1 0x20 PUSH1 0x40 MLOAD DUP1 DUP4 SUB DUP2 PUSH1 0x0 DUP8 DUP1 EXTCODESIZE ISZERO DUP1 ISZERO PUSH2 0x408 JUMPI PUSH1 0x0 DUP1 REVERT JUMPDEST POP GAS CALL ISZERO DUP1 ISZERO PUSH2 0x41C JUMPI RETURNDATASIZE PUSH1 0x0 DUP1 RETURNDATACOPY RETURNDATASIZE PUSH1 0x0 REVERT JUMPDEST POP POP POP POP PUSH1 0x40 MLOAD RETURNDATASIZE PUSH1 0x20 DUP2 LT ISZERO PUSH2 0x432 JUMPI PUSH1 0x0 DUP1 REVERT JUMPDEST DUP2 ADD SWAP1 DUP1 DUP1 MLOAD SWAP1 PUSH1 0x20 ADD SWAP1 SWAP3 SWAP2 SWAP1 POP POP POP POP PUSH32 0xD8F79F5D849793FDF5BE89C8A0AF0A3098DA237CFF4E584F0A1425D965F0A54B DUP4 CALLER DUP4 PUSH1 0x40 MLOAD DUP1 DUP5 PUSH20 0xFFFFFFFFFFFFFFFFFFFFFFFFFFFFFFFFFFFFFFFF AND PUSH20 0xFFFFFFFFFFFFFFFFFFFFFFFFFFFFFFFFFFFFFFFF AND DUP2 MSTORE PUSH1 0x20 ADD DUP4 PUSH20 0xFFFFFFFFFFFFFFFFFFFFFFFFFFFFFFFFFFFFFFFF AND PUSH20 0xFFFFFFFFFFFFFFFFFFFFFFFFFFFFFFFFFFFFFFFF AND DUP2 MSTORE PUSH1 0x20 ADD DUP3 DUP2 MSTORE PUSH1 0x20 ADD SWAP4 POP POP POP POP PUSH1 0x40 MLOAD DUP1 SWAP2 SUB SWAP1 LOG1 POP POP POP JUMP JUMPDEST CALLER PUSH20 0xFFFFFFFFFFFFFFFFFFFFFFFFFFFFFFFFFFFFFFFF AND PUSH2 0x8FC ADDRESS PUSH20 0xFFFFFFFFFFFFFFFFFFFFFFFFFFFFFFFFFFFFFFFF AND BALANCE SWAP1 DUP2 ISZERO MUL SWAP1 PUSH1 0x40 MLOAD PUSH1 0x0 PUSH1 0x40 MLOAD DUP1 DUP4 SUB DUP2 DUP6 DUP9 DUP9 CALL SWAP4 POP POP POP POP ISZERO DUP1 ISZERO PUSH2 0x545 JUMPI RETURNDATASIZE PUSH1 0x0 DUP1 RETURNDATACOPY RETURNDATASIZE PUSH1 0x0 REVERT JUMPDEST POP PUSH32 0xE50F164895B3088B33908095AF6C4942D11B68E181077937B8C0483E087A7B79 CALLER ADDRESS PUSH20 0xFFFFFFFFFFFFFFFFFFFFFFFFFFFFFFFFFFFFFFFF AND BALANCE PUSH1 0x40 MLOAD DUP1 DUP4 PUSH20 0xFFFFFFFFFFFFFFFFFFFFFFFFFFFFFFFFFFFFFFFF AND PUSH20 0xFFFFFFFFFFFFFFFFFFFFFFFFFFFFFFFFFFFFFFFF AND DUP2 MSTORE PUSH1 0x20 ADD DUP3 DUP2 MSTORE PUSH1 0x20 ADD SWAP3 POP POP POP PUSH1 0x40 MLOAD DUP1 SWAP2 SUB SWAP1 LOG1 JUMP JUMPDEST PUSH1 0x0 PUSH20 0x448A5065AEBB8E423F0896E6C5D525C040F59AF3 SWAP1 POP SWAP1 JUMP STOP LOG1 PUSH6 0x627A7A723058 KECCAK256 LOG3 PUSH3 0xB11AAA PUSH1 0x97 JUMPI 0x47 JUMPDEST 0xe7 LT PUSH5 0xC23049A78D SWAP12 0x2a 0xe3 0xc4 0xc6 0xe2 0xd4 0x48 0xe5 PUSH27 0x6E7456B20029000000000000000000000000000000000000000000
0,PUSH1 0x80 PUSH1 0x40 MSTORE PUSH1 0x12 PUSH1 0x2 PUSH1 0x0 PUSH2 0x100 EXP DUP2 SLOAD DUP2 PUSH1 0xFF MUL NOT AND SWAP1 DUP4 PUSH1 0xFF AND MUL OR SWAP1 SSTORE POP CALLVALUE DUP1 ISZERO PUSH3 0x2D JUMPI PUSH1 0x0 DUP1 REVERT JUMPDEST POP PUSH1 0x40 MLOAD PUSH3 0x1712 CODESIZE SUB DUP1 PUSH3 0x1712 DUP4 CODECOPY DUP2 ADD DUP1 PUSH1 0x40 MSTORE DUP2 ADD SWAP1 DUP1 DUP1 MLOAD SWAP1 PUSH1 0x20 ADD SWAP1 SWAP3 SWAP2 SWAP1 DUP1 MLOAD DUP3 ADD SWAP3 SWAP2 SWAP1 PUSH1 0x20 ADD DUP1 MLOAD DUP3 ADD SWAP3 SWAP2 SWAP1 POP POP POP CALLER PUSH1 0x4 PUSH1 0x0 PUSH2 0x100 EXP DUP2 SLOAD DUP2 PUSH20 0xFFFFFFFFFFFFFFFFFFFFFFFFFFFFFFFFFFFFFFFF MUL NOT AND SWAP1 DUP4 PUSH20 0xFFFFFFFFFFFFFFFFFFFFFFFFFFFFFFFFFFFFFFFF AND MUL OR SWAP1 SSTORE POP PUSH1 0x2 PUSH1 0x0 SWAP1 SLOAD SWAP1 PUSH2 0x100 EXP SWAP1 DIV PUSH1 0xFF AND PUSH1 0xFF AND PUSH1 0xA EXP DUP4 MUL PUSH1 0x3 DUP2 SWAP1 SSTORE POP PUSH1 0x3 SLOAD PUSH1 0x5 PUSH1 0x0 CALLER PUSH20 0xFFFFFFFFFFFFFFFFFFFFFFFFFFFFFFFFFFFFFFFF AND PUSH20 0xFFFFFFFFFFFFFFFFFFFFFFFFFFFFFFFFFFFFFFFF AND DUP2 MSTORE PUSH1 0x20 ADD SWAP1 DUP2 MSTORE PUSH1 0x20 ADD PUSH1 0x0 KECCAK256 DUP2 SWAP1 SSTORE POP DUP2 PUSH1 0x0 SWAP1 DUP1 MLOAD SWAP1 PUSH1 0x20 ADD SWAP1 PUSH3 0x123 SWAP3 SWAP2 SWAP1 PUSH3 0x146 JUMP JUMPDEST POP DUP1 PUSH1 0x1 SWAP1 DUP1 MLOAD SWAP1 PUSH1 0x20 ADD SWAP1 PUSH3 0x13C SWAP3 SWAP2 SWAP1 PUSH3 0x146 JUMP JUMPDEST POP POP POP POP PUSH3 0x1F5 JUMP JUMPDEST DUP3 DUP1 SLOAD PUSH1 0x1 DUP2 PUSH1 0x1 AND ISZERO PUSH2 0x100 MUL SUB AND PUSH1 0x2 SWAP1 DIV SWAP1 PUSH1 0x0 MSTORE PUSH1 0x20 PUSH1 0x0 KECCAK256 SWAP1 PUSH1 0x1F ADD PUSH1 0x20 SWAP1 DIV DUP2 ADD SWAP3 DUP3 PUSH1 0x1F LT PUSH3 0x189 JUMPI DUP1 MLOAD PUSH1 0xFF NOT AND DUP4 DUP1 ADD OR DUP6 SSTORE PUSH3 0x1BA JUMP JUMPDEST DUP3 DUP1 ADD PUSH1 0x1 ADD DUP6 SSTORE DUP3 ISZERO PUSH3 0x1BA JUMPI SWAP2 DUP3 ADD JUMPDEST DUP3 DUP2 GT ISZERO PUSH3 0x1B9 JUMPI DUP3 MLOAD DUP3 SSTORE SWAP2 PUSH1 0x20 ADD SWAP2 SWAP1 PUSH1 0x1 ADD SWAP1 PUSH3 0x19C JUMP JUMPDEST JUMPDEST POP SWAP1 POP PUSH3 0x1C9 SWAP2 SWAP1 PUSH3 0x1CD JUMP JUMPDEST POP SWAP1 JUMP JUMPDEST PUSH3 0x1F2 SWAP2 SWAP1 JUMPDEST DUP1 DUP3 GT ISZERO PUSH3 0x1EE JUMPI PUSH1 0x0 DUP2 PUSH1 0x0 SWAP1 SSTORE POP PUSH1 0x1 ADD PUSH3 0x1D4 JUMP JUMPDEST POP SWAP1 JUMP JUMPDEST SWAP1 JUMP JUMPDEST PUSH2 0x150D DUP1 PUSH3 0x205 PUSH1 0x0 CODECOPY PUSH1 0x0 RETURN STOP PUSH1 0x80 PUSH1 0x40 MSTORE PUSH1 0x4 CALLDATASIZE LT PUSH2 0xDB JUMPI PUSH1 0x0 CALLDATALOAD PUSH29 0x100000000000000000000000000000000000000000000000000000000 SWAP1 DIV PUSH4 0xFFFFFFFF AND DUP1 PUSH4 0x6FDDE03 EQ PUSH2 0xE0 JUMPI DUP1 PUSH4 0x95EA7B3 EQ PUSH2 0x170 JUMPI DUP1 PUSH4 0x18160DDD EQ PUSH2 0x1D5 JUMPI DUP1 PUSH4 0x23B872DD EQ PUSH2 0x200 JUMPI DUP1 PUSH4 0x313CE567 EQ PUSH2 0x285 JUMPI DUP1 PUSH4 0x70A08231 EQ PUSH2 0x2B6 JUMPI DUP1 PUSH4 0x79C65068 EQ PUSH2 0x30D JUMPI DUP1 PUSH4 0x95D89B41 EQ PUSH2 0x372 JUMPI DUP1 PUSH4 0x99B38974 EQ PUSH2 0x402 JUMPI DUP1 PUSH4 0xA9059CBB EQ PUSH2 0x45D JUMPI DUP1 PUSH4 0xADCB0F8D EQ PUSH2 0x4C2 JUMPI DUP1 PUSH4 0xB414D4B6 EQ PUSH2 0x527 JUMPI DUP1 PUSH4 0xC046F5D5 EQ PUSH2 0x582 JUMPI DUP1 PUSH4 0xDD62ED3E EQ PUSH2 0x5D9 JUMPI DUP1 PUSH4 0xE724529C EQ PUSH2 0x650 JUMPI JUMPDEST PUSH1 0x0 DUP1 REVERT JUMPDEST CALLVALUE DUP1 ISZERO PUSH2 0xEC JUMPI PUSH1 0x0 DUP1 REVERT JUMPDEST POP PUSH2 0xF5 PUSH2 0x6B7 JUMP JUMPDEST PUSH1 0x40 MLOAD DUP1 DUP1 PUSH1 0x20 ADD DUP3 DUP2 SUB DUP3 MSTORE DUP4 DUP2 DUP2 MLOAD DUP2 MSTORE PUSH1 0x20 ADD SWAP2 POP DUP1 MLOAD SWAP1 PUSH1 0x20 ADD SWAP1 DUP1 DUP4 DUP4 PUSH1 0x0 JUMPDEST DUP4 DUP2 LT ISZERO PUSH2 0x135 JUMPI DUP1 DUP3 ADD MLOAD DUP2 DUP5 ADD MSTORE PUSH1 0x20 DUP2 ADD SWAP1 POP PUSH2 0x11A JUMP JUMPDEST POP POP POP POP SWAP1 POP SWAP1 DUP2 ADD SWAP1 PUSH1 0x1F AND DUP1 ISZERO PUSH2 0x162 JUMPI DUP1 DUP3 SUB DUP1 MLOAD PUSH1 0x1 DUP4 PUSH1 0x20 SUB PUSH2 0x100 EXP SUB NOT AND DUP2 MSTORE PUSH1 0x20 ADD SWAP2 POP JUMPDEST POP SWAP3 POP POP POP PUSH1 0x40 MLOAD DUP1 SWAP2 SUB SWAP1 RETURN JUMPDEST CALLVALUE DUP1 ISZERO PUSH2 0x17C JUMPI PUSH1 0x0 DUP1 REVERT JUMPDEST POP PUSH2 0x1BB PUSH1 0x4 DUP1 CALLDATASIZE SUB DUP2 ADD SWAP1 DUP1 DUP1 CALLDATALOAD PUSH20 0xFFFFFFFFFFFFFFFFFFFFFFFFFFFFFFFFFFFFFFFF AND SWAP1 PUSH1 0x20 ADD SWAP1 SWAP3 SWAP2 SWAP1 DUP1 CALLDATALOAD SWAP1 PUSH1 0x20 ADD SWAP1 SWAP3 SWAP2 SWAP1 POP POP POP PUSH2 0x755 JUMP JUMPDEST PUSH1 0x40 MLOAD DUP1 DUP3 ISZERO ISZERO ISZERO ISZERO DUP2 MSTORE PUSH1 0x20 ADD SWAP2 POP POP PUSH1 0x40 MLOAD DUP1 SWAP2 SUB SWAP1 RETURN JUMPDEST CALLVALUE DUP1 ISZERO PUSH2 0x1E1 JUMPI PUSH1 0x0 DUP1 REVERT JUMPDEST POP PUSH2 0x1EA PUSH2 0x892 JUMP JUMPDEST PUSH1 0x40 MLOAD DUP1 DUP3 DUP2 MSTORE PUSH1 0x20 ADD SWAP2 POP POP PUSH1 0x40 MLOAD DUP1 SWAP2 SUB SWAP1 RETURN JUMPDEST CALLVALUE DUP1 ISZERO PUSH2 0x20C JUMPI PUSH1 0x0 DUP1 REVERT JUMPDEST POP PUSH2 0x26B PUSH1 0x4 DUP1 CALLDATASIZE SUB DUP2 ADD SWAP1 DUP1 DUP1 CALLDATALOAD PUSH20 0xFFFFFFFFFFFFFFFFFFFFFFFFFFFFFFFFFFFFFFFF AND SWAP1 PUSH1 0x20 ADD SWAP1 SWAP3 SWAP2 SWAP1 DUP1 CALLDATALOAD PUSH20 0xFFFFFFFFFFFFFFFFFFFFFFFFFFFFFFFFFFFFFFFF AND SWAP1 PUSH1 0x20 ADD SWAP1 SWAP3 SWAP2 SWAP1 DUP1 CALLDATALOAD SWAP1 PUSH1 0x20 ADD SWAP1 SWAP3 SWAP2 SWAP1 POP POP POP PUSH2 0x898 JUMP JUMPDEST PUSH1 0x40 MLOAD DUP1 DUP3 ISZERO ISZERO ISZERO ISZERO DUP2 MSTORE PUSH1 0x20 ADD SWAP2 POP POP PUSH1 0x40 MLOAD DUP1 SWAP2 SUB SWAP1 RETURN JUMPDEST CALLVALUE DUP1 ISZERO PUSH2 0x291 JUMPI PUSH1 0x0 DUP1 REVERT JUMPDEST POP PUSH2 0x29A PUSH2 0x9C5 JUMP JUMPDEST PUSH1 0x40 MLOAD DUP1 DUP3 PUSH1 0xFF AND PUSH1 0xFF AND DUP2 MSTORE PUSH1 0x20 ADD SWAP2 POP POP PUSH1 0x40 MLOAD DUP1 SWAP2 SUB SWAP1 RETURN JUMPDEST CALLVALUE DUP1 ISZERO PUSH2 0x2C2 JUMPI PUSH1 0x0 DUP1 REVERT JUMPDEST POP PUSH2 0x2F7 PUSH1 0x4 DUP1 CALLDATASIZE SUB DUP2 ADD SWAP1 DUP1 DUP1 CALLDATALOAD PUSH20 0xFFFFFFFFFFFFFFFFFFFFFFFFFFFFFFFFFFFFFFFF AND SWAP1 PUSH1 0x20 ADD SWAP1 SWAP3 SWAP2 SWAP1 POP POP POP PUSH2 0x9D8 JUMP JUMPDEST PUSH1 0x40 MLOAD DUP1 DUP3 DUP2 MSTORE PUSH1 0x20 ADD SWAP2 POP POP PUSH1 0x40 MLOAD DUP1 SWAP2 SUB SWAP1 RETURN JUMPDEST CALLVALUE DUP1 ISZERO PUSH2 0x319 JUMPI PUSH1 0x0 DUP1 REVERT JUMPDEST POP PUSH2 0x358 PUSH1 0x4 DUP1 CALLDATASIZE SUB DUP2 ADD SWAP1 DUP1 DUP1 CALLDATALOAD PUSH20 0xFFFFFFFFFFFFFFFFFFFFFFFFFFFFFFFFFFFFFFFF AND SWAP1 PUSH1 0x20 ADD SWAP1 SWAP3 SWAP2 SWAP1 DUP1 CALLDATALOAD SWAP1 PUSH1 0x20 ADD SWAP1 SWAP3 SWAP2 SWAP1 POP POP POP PUSH2 0x9F0 JUMP JUMPDEST PUSH1 0x40 MLOAD DUP1 DUP3 ISZERO ISZERO ISZERO ISZERO DUP2 MSTORE PUSH1 0x20 ADD SWAP2 POP POP PUSH1 0x40 MLOAD DUP1 SWAP2 SUB SWAP1 RETURN JUMPDEST CALLVALUE DUP1 ISZERO PUSH2 0x37E JUMPI PUSH1 0x0 DUP1 REVERT JUMPDEST POP PUSH2 0x387 PUSH2 0xB6C JUMP JUMPDEST PUSH1 0x40 MLOAD DUP1 DUP1 PUSH1 0x20 ADD DUP3 DUP2 SUB DUP3 MSTORE DUP4 DUP2 DUP2 MLOAD DUP2 MSTORE PUSH1 0x20 ADD SWAP2 POP DUP1 MLOAD SWAP1 PUSH1 0x20 ADD SWAP1 DUP1 DUP4 DUP4 PUSH1 0x0 JUMPDEST DUP4 DUP2 LT ISZERO PUSH2 0x3C7 JUMPI DUP1 DUP3 ADD MLOAD DUP2 DUP5 ADD MSTORE PUSH1 0x20 DUP2 ADD SWAP1 POP PUSH2 0x3AC JUMP JUMPDEST POP POP POP POP SWAP1 POP SWAP1 DUP2 ADD SWAP1 PUSH1 0x1F AND DUP1 ISZERO PUSH2 0x3F4 JUMPI DUP1 DUP3 SUB DUP1 MLOAD PUSH1 0x1 DUP4 PUSH1 0x20 SUB PUSH2 0x100 EXP SUB NOT AND DUP2 MSTORE PUSH1 0x20 ADD SWAP2 POP JUMPDEST POP SWAP3 POP POP POP PUSH1 0x40 MLOAD DUP1 SWAP2 SUB SWAP1 RETURN JUMPDEST CALLVALUE DUP1 ISZERO PUSH2 0x40E JUMPI PUSH1 0x0 DUP1 REVERT JUMPDEST POP PUSH2 0x443 PUSH1 0x4 DUP1 CALLDATASIZE SUB DUP2 ADD SWAP1 DUP1 DUP1 CALLDATALOAD PUSH20 0xFFFFFFFFFFFFFFFFFFFFFFFFFFFFFFFFFFFFFFFF AND SWAP1 PUSH1 0x20 ADD SWAP1 SWAP3 SWAP2 SWAP1 POP POP POP PUSH2 0xC0A JUMP JUMPDEST PUSH1 0x40 MLOAD DUP1 DUP3 ISZERO ISZERO ISZERO ISZERO DUP2 MSTORE PUSH1 0x20 ADD SWAP2 POP POP PUSH1 0x40 MLOAD DUP1 SWAP2 SUB SWAP1 RETURN JUMPDEST CALLVALUE DUP1 ISZERO PUSH2 0x469 JUMPI PUSH1 0x0 DUP1 REVERT JUMPDEST POP PUSH2 0x4A8 PUSH1 0x4 DUP1 CALLDATASIZE SUB DUP2 ADD SWAP1 DUP1 DUP1 CALLDATALOAD PUSH20 0xFFFFFFFFFFFFFFFFFFFFFFFFFFFFFFFFFFFFFFFF AND SWAP1 PUSH1 0x20 ADD SWAP1 SWAP3 SWAP2 SWAP1 DUP1 CALLDATALOAD SWAP1 PUSH1 0x20 ADD SWAP1 SWAP3 SWAP2 SWAP1 POP POP POP PUSH2 0xD4B JUMP JUMPDEST PUSH1 0x40 MLOAD DUP1 DUP3 ISZERO ISZERO ISZERO ISZERO DUP2 MSTORE PUSH1 0x20 ADD SWAP2 POP POP PUSH1 0x40 MLOAD DUP1 SWAP2 SUB SWAP1 RETURN JUMPDEST CALLVALUE DUP1 ISZERO PUSH2 0x4CE JUMPI PUSH1 0x0 DUP1 REVERT JUMPDEST POP PUSH2 0x50D PUSH1 0x4 DUP1 CALLDATASIZE SUB DUP2 ADD SWAP1 DUP1 DUP1 CALLDATALOAD PUSH20 0xFFFFFFFFFFFFFFFFFFFFFFFFFFFFFFFFFFFFFFFF AND SWAP1 PUSH1 0x20 ADD SWAP1 SWAP3 SWAP2 SWAP1 DUP1 CALLDATALOAD SWAP1 PUSH1 0x20 ADD SWAP1 SWAP3 SWAP2 SWAP1 POP POP POP PUSH2 0xD62 JUMP JUMPDEST PUSH1 0x40 MLOAD DUP1 DUP3 ISZERO ISZERO ISZERO ISZERO DUP2 MSTORE PUSH1 0x20 ADD SWAP2 POP POP PUSH1 0x40 MLOAD DUP1 SWAP2 SUB SWAP1 RETURN JUMPDEST CALLVALUE DUP1 ISZERO PUSH2 0x533 JUMPI PUSH1 0x0 DUP1 REVERT JUMPDEST POP PUSH2 0x568 PUSH1 0x4 DUP1 CALLDATASIZE SUB DUP2 ADD SWAP1 DUP1 DUP1 CALLDATALOAD PUSH20 0xFFFFFFFFFFFFFFFFFFFFFFFFFFFFFFFFFFFFFFFF AND SWAP1 PUSH1 0x20 ADD SWAP1 SWAP3 SWAP2 SWAP1 POP POP POP PUSH2 0xF2C JUMP JUMPDEST PUSH1 0x40 MLOAD DUP1 DUP3 ISZERO ISZERO ISZERO ISZERO DUP2 MSTORE PUSH1 0x20 ADD SWAP2 POP POP PUSH1 0x40 MLOAD DUP1 SWAP2 SUB SWAP1 RETURN JUMPDEST CALLVALUE DUP1 ISZERO PUSH2 0x58E JUMPI PUSH1 0x0 DUP1 REVERT JUMPDEST POP PUSH2 0x597 PUSH2 0xF4C JUMP JUMPDEST PUSH1 0x40 MLOAD DUP1 DUP3 PUSH20 0xFFFFFFFFFFFFFFFFFFFFFFFFFFFFFFFFFFFFFFFF AND PUSH20 0xFFFFFFFFFFFFFFFFFFFFFFFFFFFFFFFFFFFFFFFF AND DUP2 MSTORE PUSH1 0x20 ADD SWAP2 POP POP PUSH1 0x40 MLOAD DUP1 SWAP2 SUB SWAP1 RETURN JUMPDEST CALLVALUE DUP1 ISZERO PUSH2 0x5E5 JUMPI PUSH1 0x0 DUP1 REVERT JUMPDEST POP PUSH2 0x63A PUSH1 0x4 DUP1 CALLDATASIZE SUB DUP2 ADD SWAP1 DUP1 DUP1 CALLDATALOAD PUSH20 0xFFFFFFFFFFFFFFFFFFFFFFFFFFFFFFFFFFFFFFFF AND SWAP1 PUSH1 0x20 ADD SWAP1 SWAP3 SWAP2 SWAP1 DUP1 CALLDATALOAD PUSH20 0xFFFFFFFFFFFFFFFFFFFFFFFFFFFFFFFFFFFFFFFF AND SWAP1 PUSH1 0x20 ADD SWAP1 SWAP3 SWAP2 SWAP1 POP POP POP PUSH2 0xF72 JUMP JUMPDEST PUSH1 0x40 MLOAD DUP1 DUP3 DUP2 MSTORE PUSH1 0x20 ADD SWAP2 POP POP PUSH1 0x40 MLOAD DUP1 SWAP2 SUB SWAP1 RETURN JUMPDEST CALLVALUE DUP1 ISZERO PUSH2 0x65C JUMPI PUSH1 0x0 DUP1 REVERT JUMPDEST POP PUSH2 0x69D PUSH1 0x4 DUP1 CALLDATASIZE SUB DUP2 ADD SWAP1 DUP1 DUP1 CALLDATALOAD PUSH20 0xFFFFFFFFFFFFFFFFFFFFFFFFFFFFFFFFFFFFFFFF AND SWAP1 PUSH1 0x20 ADD SWAP1 SWAP3 SWAP2 SWAP1 DUP1 CALLDATALOAD ISZERO ISZERO SWAP1 PUSH1 0x20 ADD SWAP1 SWAP3 SWAP2 SWAP1 POP POP POP PUSH2 0xF97 JUMP JUMPDEST PUSH1 0x40 MLOAD DUP1 DUP3 ISZERO ISZERO ISZERO ISZERO DUP2 MSTORE PUSH1 0x20 ADD SWAP2 POP POP PUSH1 0x40 MLOAD DUP1 SWAP2 SUB SWAP1 RETURN JUMPDEST PUSH1 0x0 DUP1 SLOAD PUSH1 0x1 DUP2 PUSH1 0x1 AND ISZERO PUSH2 0x100 MUL SUB AND PUSH1 0x2 SWAP1 DIV DUP1 PUSH1 0x1F ADD PUSH1 0x20 DUP1 SWAP2 DIV MUL PUSH1 0x20 ADD PUSH1 0x40 MLOAD SWAP1 DUP2 ADD PUSH1 0x40 MSTORE DUP1 SWAP3 SWAP2 SWAP1 DUP2 DUP2 MSTORE PUSH1 0x20 ADD DUP3 DUP1 SLOAD PUSH1 0x1 DUP2 PUSH1 0x1 AND ISZERO PUSH2 0x100 MUL SUB AND PUSH1 0x2 SWAP1 DIV DUP1 ISZERO PUSH2 0x74D JUMPI DUP1 PUSH1 0x1F LT PUSH2 0x722 JUMPI PUSH2 0x100 DUP1 DUP4 SLOAD DIV MUL DUP4 MSTORE SWAP2 PUSH1 0x20 ADD SWAP2 PUSH2 0x74D JUMP JUMPDEST DUP3 ADD SWAP2 SWAP1 PUSH1 0x0 MSTORE PUSH1 0x20 PUSH1 0x0 KECCAK256 SWAP1 JUMPDEST DUP2 SLOAD DUP2 MSTORE SWAP1 PUSH1 0x1 ADD SWAP1 PUSH1 0x20 ADD DUP1 DUP4 GT PUSH2 0x730 JUMPI DUP3 SWAP1 SUB PUSH1 0x1F AND DUP3 ADD SWAP2 JUMPDEST POP POP POP POP POP DUP2 JUMP JUMPDEST PUSH1 0x0 DUP1 PUSH20 0xFFFFFFFFFFFFFFFFFFFFFFFFFFFFFFFFFFFFFFFF AND DUP4 PUSH20 0xFFFFFFFFFFFFFFFFFFFFFFFFFFFFFFFFFFFFFFFF AND EQ ISZERO ISZERO ISZERO PUSH2 0x792 JUMPI PUSH1 0x0 DUP1 REVERT JUMPDEST PUSH1 0x0 DUP3 EQ ISZERO ISZERO ISZERO PUSH2 0x7A2 JUMPI PUSH1 0x0 DUP1 REVERT JUMPDEST DUP2 PUSH1 0x6 PUSH1 0x0 CALLER PUSH20 0xFFFFFFFFFFFFFFFFFFFFFFFFFFFFFFFFFFFFFFFF AND PUSH20 0xFFFFFFFFFFFFFFFFFFFFFFFFFFFFFFFFFFFFFFFF AND DUP2 MSTORE PUSH1 0x20 ADD SWAP1 DUP2 MSTORE PUSH1 0x20 ADD PUSH1 0x0 KECCAK256 PUSH1 0x0 DUP6 PUSH20 0xFFFFFFFFFFFFFFFFFFFFFFFFFFFFFFFFFFFFFFFF AND PUSH20 0xFFFFFFFFFFFFFFFFFFFFFFFFFFFFFFFFFFFFFFFF AND DUP2 MSTORE PUSH1 0x20 ADD SWAP1 DUP2 MSTORE PUSH1 0x20 ADD PUSH1 0x0 KECCAK256 DUP2 SWAP1 SSTORE POP DUP3 PUSH20 0xFFFFFFFFFFFFFFFFFFFFFFFFFFFFFFFFFFFFFFFF AND CALLER PUSH20 0xFFFFFFFFFFFFFFFFFFFFFFFFFFFFFFFFFFFFFFFF AND PUSH32 0x8C5BE1E5EBEC7D5BD14F71427D1E84F3DD0314C0F7B2291E5B200AC8C7C3B925 DUP5 PUSH1 0x40 MLOAD DUP1 DUP3 DUP2 MSTORE PUSH1 0x20 ADD SWAP2 POP POP PUSH1 0x40 MLOAD DUP1 SWAP2 SUB SWAP1 LOG3 PUSH1 0x1 SWAP1 POP SWAP3 SWAP2 POP POP JUMP JUMPDEST PUSH1 0x3 SLOAD DUP2 JUMP JUMPDEST PUSH1 0x0 PUSH1 0x6 PUSH1 0x0 DUP6 PUSH20 0xFFFFFFFFFFFFFFFFFFFFFFFFFFFFFFFFFFFFFFFF AND PUSH20 0xFFFFFFFFFFFFFFFFFFFFFFFFFFFFFFFFFFFFFFFF AND DUP2 MSTORE PUSH1 0x20 ADD SWAP1 DUP2 MSTORE PUSH1 0x20 ADD PUSH1 0x0 KECCAK256 PUSH1 0x0 CALLER PUSH20 0xFFFFFFFFFFFFFFFFFFFFFFFFFFFFFFFFFFFFFFFF AND PUSH20 0xFFFFFFFFFFFFFFFFFFFFFFFFFFFFFFFFFFFFFFFF AND DUP2 MSTORE PUSH1 0x20 ADD SWAP1 DUP2 MSTORE PUSH1 0x20 ADD PUSH1 0x0 KECCAK256 SLOAD DUP3 GT ISZERO ISZERO ISZERO PUSH2 0x925 JUMPI PUSH1 0x0 DUP1 REVERT JUMPDEST PUSH2 0x930 DUP5 DUP5 DUP5 PUSH2 0x1101 JUMP JUMPDEST DUP2 PUSH1 0x6 PUSH1 0x0 DUP7 PUSH20 0xFFFFFFFFFFFFFFFFFFFFFFFFFFFFFFFFFFFFFFFF AND PUSH20 0xFFFFFFFFFFFFFFFFFFFFFFFFFFFFFFFFFFFFFFFF AND DUP2 MSTORE PUSH1 0x20 ADD SWAP1 DUP2 MSTORE PUSH1 0x20 ADD PUSH1 0x0 KECCAK256 PUSH1 0x0 CALLER PUSH20 0xFFFFFFFFFFFFFFFFFFFFFFFFFFFFFFFFFFFFFFFF AND PUSH20 0xFFFFFFFFFFFFFFFFFFFFFFFFFFFFFFFFFFFFFFFF AND DUP2 MSTORE PUSH1 0x20 ADD SWAP1 DUP2 MSTORE PUSH1 0x20 ADD PUSH1 0x0 KECCAK256 PUSH1 0x0 DUP3 DUP3 SLOAD SUB SWAP3 POP POP DUP2 SWAP1 SSTORE POP PUSH1 0x1 SWAP1 POP SWAP4 SWAP3 POP POP POP JUMP JUMPDEST PUSH1 0x2 PUSH1 0x0 SWAP1 SLOAD SWAP1 PUSH2 0x100 EXP SWAP1 DIV PUSH1 0xFF AND DUP2 JUMP JUMPDEST PUSH1 0x5 PUSH1 0x20 MSTORE DUP1 PUSH1 0x0 MSTORE PUSH1 0x40 PUSH1 0x0 KECCAK256 PUSH1 0x0 SWAP2 POP SWAP1 POP SLOAD DUP2 JUMP JUMPDEST PUSH1 0x0 PUSH1 0x4 PUSH1 0x0 SWAP1 SLOAD SWAP1 PUSH2 0x100 EXP SWAP1 DIV PUSH20 0xFFFFFFFFFFFFFFFFFFFFFFFFFFFFFFFFFFFFFFFF AND PUSH20 0xFFFFFFFFFFFFFFFFFFFFFFFFFFFFFFFFFFFFFFFF AND CALLER PUSH20 0xFFFFFFFFFFFFFFFFFFFFFFFFFFFFFFFFFFFFFFFF AND EQ ISZERO ISZERO PUSH2 0xA4E JUMPI PUSH1 0x0 DUP1 REVERT JUMPDEST PUSH1 0x0 PUSH20 0xFFFFFFFFFFFFFFFFFFFFFFFFFFFFFFFFFFFFFFFF AND DUP4 PUSH20 0xFFFFFFFFFFFFFFFFFFFFFFFFFFFFFFFFFFFFFFFF AND EQ ISZERO ISZERO ISZERO PUSH2 0xA8A JUMPI PUSH1 0x0 DUP1 REVERT JUMPDEST PUSH1 0x0 DUP3 EQ ISZERO ISZERO ISZERO PUSH2 0xA9A JUMPI PUSH1 0x0 DUP1 REVERT JUMPDEST DUP2 PUSH1 0x5 PUSH1 0x0 DUP6 PUSH20 0xFFFFFFFFFFFFFFFFFFFFFFFFFFFFFFFFFFFFFFFF AND PUSH20 0xFFFFFFFFFFFFFFFFFFFFFFFFFFFFFFFFFFFFFFFF AND DUP2 MSTORE PUSH1 0x20 ADD SWAP1 DUP2 MSTORE PUSH1 0x20 ADD PUSH1 0x0 KECCAK256 PUSH1 0x0 DUP3 DUP3 SLOAD ADD SWAP3 POP POP DUP2 SWAP1 SSTORE POP DUP2 PUSH1 0x3 PUSH1 0x0 DUP3 DUP3 SLOAD ADD SWAP3 POP POP DUP2 SWAP1 SSTORE POP PUSH32 0xDCDEA898CAF5576419F89CAF69301592A4758349A0BD62300B58849213420A72 DUP4 DUP4 PUSH1 0x40 MLOAD DUP1 DUP4 PUSH20 0xFFFFFFFFFFFFFFFFFFFFFFFFFFFFFFFFFFFFFFFF AND PUSH20 0xFFFFFFFFFFFFFFFFFFFFFFFFFFFFFFFFFFFFFFFF AND DUP2 MSTORE PUSH1 0x20 ADD DUP3 DUP2 MSTORE PUSH1 0x20 ADD SWAP3 POP POP POP PUSH1 0x40 MLOAD DUP1 SWAP2 SUB SWAP1 LOG1 PUSH1 0x1 SWAP1 POP SWAP3 SWAP2 POP POP JUMP JUMPDEST PUSH1 0x1 DUP1 SLOAD PUSH1 0x1 DUP2 PUSH1 0x1 AND ISZERO PUSH2 0x100 MUL SUB AND PUSH1 0x2 SWAP1 DIV DUP1 PUSH1 0x1F ADD PUSH1 0x20 DUP1 SWAP2 DIV MUL PUSH1 0x20 ADD PUSH1 0x40 MLOAD SWAP1 DUP2 ADD PUSH1 0x40 MSTORE DUP1 SWAP3 SWAP2 SWAP1 DUP2 DUP2 MSTORE PUSH1 0x20 ADD DUP3 DUP1 SLOAD PUSH1 0x1 DUP2 PUSH1 0x1 AND ISZERO PUSH2 0x100 MUL SUB AND PUSH1 0x2 SWAP1 DIV DUP1 ISZERO PUSH2 0xC02 JUMPI DUP1 PUSH1 0x1F LT PUSH2 0xBD7 JUMPI PUSH2 0x100 DUP1 DUP4 SLOAD DIV MUL DUP4 MSTORE SWAP2 PUSH1 0x20 ADD SWAP2 PUSH2 0xC02 JUMP JUMPDEST DUP3 ADD SWAP2 SWAP1 PUSH1 0x0 MSTORE PUSH1 0x20 PUSH1 0x0 KECCAK256 SWAP1 JUMPDEST DUP2 SLOAD DUP2 MSTORE SWAP1 PUSH1 0x1 ADD SWAP1 PUSH1 0x20 ADD DUP1 DUP4 GT PUSH2 0xBE5 JUMPI DUP3 SWAP1 SUB PUSH1 0x1F AND DUP3 ADD SWAP2 JUMPDEST POP POP POP POP POP DUP2 JUMP JUMPDEST PUSH1 0x0 PUSH1 0x4 PUSH1 0x0 SWAP1 SLOAD SWAP1 PUSH2 0x100 EXP SWAP1 DIV PUSH20 0xFFFFFFFFFFFFFFFFFFFFFFFFFFFFFFFFFFFFFFFF AND PUSH20 0xFFFFFFFFFFFFFFFFFFFFFFFFFFFFFFFFFFFFFFFF AND CALLER PUSH20 0xFFFFFFFFFFFFFFFFFFFFFFFFFFFFFFFFFFFFFFFF AND EQ ISZERO ISZERO PUSH2 0xC68 JUMPI PUSH1 0x0 DUP1 REVERT JUMPDEST PUSH1 0x0 PUSH20 0xFFFFFFFFFFFFFFFFFFFFFFFFFFFFFFFFFFFFFFFF AND DUP3 PUSH20 0xFFFFFFFFFFFFFFFFFFFFFFFFFFFFFFFFFFFFFFFF AND EQ ISZERO ISZERO ISZERO PUSH2 0xCA4 JUMPI PUSH1 0x0 DUP1 REVERT JUMPDEST PUSH1 0x4 PUSH1 0x0 SWAP1 SLOAD SWAP1 PUSH2 0x100 EXP SWAP1 DIV PUSH20 0xFFFFFFFFFFFFFFFFFFFFFFFFFFFFFFFFFFFFFFFF AND PUSH20 0xFFFFFFFFFFFFFFFFFFFFFFFFFFFFFFFFFFFFFFFF AND DUP3 PUSH20 0xFFFFFFFFFFFFFFFFFFFFFFFFFFFFFFFFFFFFFFFF AND EQ ISZERO ISZERO ISZERO PUSH2 0xD01 JUMPI PUSH1 0x0 DUP1 REVERT JUMPDEST DUP2 PUSH1 0x4 PUSH1 0x0 PUSH2 0x100 EXP DUP2 SLOAD DUP2 PUSH20 0xFFFFFFFFFFFFFFFFFFFFFFFFFFFFFFFFFFFFFFFF MUL NOT AND SWAP1 DUP4 PUSH20 0xFFFFFFFFFFFFFFFFFFFFFFFFFFFFFFFFFFFFFFFF AND MUL OR SWAP1 SSTORE POP PUSH1 0x1 SWAP1 POP SWAP2 SWAP1 POP JUMP JUMPDEST PUSH1 0x0 PUSH2 0xD58 CALLER DUP5 DUP5 PUSH2 0x1101 JUMP JUMPDEST PUSH1 0x1 SWAP1 POP SWAP3 SWAP2 POP POP JUMP JUMPDEST PUSH1 0x0 PUSH1 0x4 PUSH1 0x0 SWAP1 SLOAD SWAP1 PUSH2 0x100 EXP SWAP1 DIV PUSH20 0xFFFFFFFFFFFFFFFFFFFFFFFFFFFFFFFFFFFFFFFF AND PUSH20 0xFFFFFFFFFFFFFFFFFFFFFFFFFFFFFFFFFFFFFFFF AND CALLER PUSH20 0xFFFFFFFFFFFFFFFFFFFFFFFFFFFFFFFFFFFFFFFF AND EQ ISZERO ISZERO PUSH2 0xDC0 JUMPI PUSH1 0x0 DUP1 REVERT JUMPDEST PUSH1 0x0 PUSH20 0xFFFFFFFFFFFFFFFFFFFFFFFFFFFFFFFFFFFFFFFF AND DUP4 PUSH20 0xFFFFFFFFFFFFFFFFFFFFFFFFFFFFFFFFFFFFFFFF AND EQ ISZERO ISZERO ISZERO PUSH2 0xDFC JUMPI PUSH1 0x0 DUP1 REVERT JUMPDEST PUSH1 0x5 PUSH1 0x0 DUP5 PUSH20 0xFFFFFFFFFFFFFFFFFFFFFFFFFFFFFFFFFFFFFFFF AND PUSH20 0xFFFFFFFFFFFFFFFFFFFFFFFFFFFFFFFFFFFFFFFF AND DUP2 MSTORE PUSH1 0x20 ADD SWAP1 DUP2 MSTORE PUSH1 0x20 ADD PUSH1 0x0 KECCAK256 SLOAD DUP3 GT ISZERO ISZERO ISZERO PUSH2 0xE4A JUMPI PUSH1 0x0 DUP1 REVERT JUMPDEST PUSH1 0x0 DUP3 EQ ISZERO ISZERO ISZERO PUSH2 0xE5A JUMPI PUSH1 0x0 DUP1 REVERT JUMPDEST DUP2 PUSH1 0x5 PUSH1 0x0 DUP6 PUSH20 0xFFFFFFFFFFFFFFFFFFFFFFFFFFFFFFFFFFFFFFFF AND PUSH20 0xFFFFFFFFFFFFFFFFFFFFFFFFFFFFFFFFFFFFFFFF AND DUP2 MSTORE PUSH1 0x20 ADD SWAP1 DUP2 MSTORE PUSH1 0x20 ADD PUSH1 0x0 KECCAK256 PUSH1 0x0 DUP3 DUP3 SLOAD SUB SWAP3 POP POP DUP2 SWAP1 SSTORE POP DUP2 PUSH1 0x3 PUSH1 0x0 DUP3 DUP3 SLOAD SUB SWAP3 POP POP DUP2 SWAP1 SSTORE POP PUSH32 0x9B9DD246172E4953CCE2AF73BFE315CFD0B1BBC809E72321D9A1F1533348D5E DUP4 DUP4 PUSH1 0x40 MLOAD DUP1 DUP4 PUSH20 0xFFFFFFFFFFFFFFFFFFFFFFFFFFFFFFFFFFFFFFFF AND PUSH20 0xFFFFFFFFFFFFFFFFFFFFFFFFFFFFFFFFFFFFFFFF AND DUP2 MSTORE PUSH1 0x20 ADD DUP3 DUP2 MSTORE PUSH1 0x20 ADD SWAP3 POP POP POP PUSH1 0x40 MLOAD DUP1 SWAP2 SUB SWAP1 LOG1 PUSH1 0x1 SWAP1 POP SWAP3 SWAP2 POP POP JUMP JUMPDEST PUSH1 0x7 PUSH1 0x20 MSTORE DUP1 PUSH1 0x0 MSTORE PUSH1 0x40 PUSH1 0x0 KECCAK256 PUSH1 0x0 SWAP2 POP SLOAD SWAP1 PUSH2 0x100 EXP SWAP1 DIV PUSH1 0xFF AND DUP2 JUMP JUMPDEST PUSH1 0x4 PUSH1 0x0 SWAP1 SLOAD SWAP1 PUSH2 0x100 EXP SWAP1 DIV PUSH20 0xFFFFFFFFFFFFFFFFFFFFFFFFFFFFFFFFFFFFFFFF AND DUP2 JUMP JUMPDEST PUSH1 0x6 PUSH1 0x20 MSTORE DUP2 PUSH1 0x0 MSTORE PUSH1 0x40 PUSH1 0x0 KECCAK256 PUSH1 0x20 MSTORE DUP1 PUSH1 0x0 MSTORE PUSH1 0x40 PUSH1 0x0 KECCAK256 PUSH1 0x0 SWAP2 POP SWAP2 POP POP SLOAD DUP2 JUMP JUMPDEST PUSH1 0x0 PUSH1 0x4 PUSH1 0x0 SWAP1 SLOAD SWAP1 PUSH2 0x100 EXP SWAP1 DIV PUSH20 0xFFFFFFFFFFFFFFFFFFFFFFFFFFFFFFFFFFFFFFFF AND PUSH20 0xFFFFFFFFFFFFFFFFFFFFFFFFFFFFFFFFFFFFFFFF AND CALLER PUSH20 0xFFFFFFFFFFFFFFFFFFFFFFFFFFFFFFFFFFFFFFFF AND EQ ISZERO ISZERO PUSH2 0xFF5 JUMPI PUSH1 0x0 DUP1 REVERT JUMPDEST PUSH1 0x0 PUSH20 0xFFFFFFFFFFFFFFFFFFFFFFFFFFFFFFFFFFFFFFFF AND DUP4 PUSH20 0xFFFFFFFFFFFFFFFFFFFFFFFFFFFFFFFFFFFFFFFF AND EQ ISZERO ISZERO ISZERO PUSH2 0x1031 JUMPI PUSH1 0x0 DUP1 REVERT JUMPDEST DUP2 PUSH1 0x7 PUSH1 0x0 DUP6 PUSH20 0xFFFFFFFFFFFFFFFFFFFFFFFFFFFFFFFFFFFFFFFF AND PUSH20 0xFFFFFFFFFFFFFFFFFFFFFFFFFFFFFFFFFFFFFFFF AND DUP2 MSTORE PUSH1 0x20 ADD SWAP1 DUP2 MSTORE PUSH1 0x20 ADD PUSH1 0x0 KECCAK256 PUSH1 0x0 PUSH2 0x100 EXP DUP2 SLOAD DUP2 PUSH1 0xFF MUL NOT AND SWAP1 DUP4 ISZERO ISZERO MUL OR SWAP1 SSTORE POP PUSH32 0x214E012BFB855983AB4586D1B234C17D1F29B44AF16A1F261DB8817267731AC4 DUP4 DUP4 PUSH1 0x40 MLOAD DUP1 DUP4 PUSH20 0xFFFFFFFFFFFFFFFFFFFFFFFFFFFFFFFFFFFFFFFF AND PUSH20 0xFFFFFFFFFFFFFFFFFFFFFFFFFFFFFFFFFFFFFFFF AND DUP2 MSTORE PUSH1 0x20 ADD DUP3 ISZERO ISZERO ISZERO ISZERO DUP2 MSTORE PUSH1 0x20 ADD SWAP3 POP POP POP PUSH1 0x40 MLOAD DUP1 SWAP2 SUB SWAP1 LOG1 PUSH1 0x1 SWAP1 POP SWAP3 SWAP2 POP POP JUMP JUMPDEST PUSH1 0x0 PUSH1 0x7 PUSH1 0x0 DUP6 PUSH20 0xFFFFFFFFFFFFFFFFFFFFFFFFFFFFFFFFFFFFFFFF AND PUSH20 0xFFFFFFFFFFFFFFFFFFFFFFFFFFFFFFFFFFFFFFFF AND DUP2 MSTORE PUSH1 0x20 ADD SWAP1 DUP2 MSTORE PUSH1 0x20 ADD PUSH1 0x0 KECCAK256 PUSH1 0x0 SWAP1 SLOAD SWAP1 PUSH2 0x100 EXP SWAP1 DIV PUSH1 0xFF AND ISZERO ISZERO ISZERO PUSH2 0x115C JUMPI PUSH1 0x0 DUP1 REVERT JUMPDEST PUSH1 0x7 PUSH1 0x0 DUP5 PUSH20 0xFFFFFFFFFFFFFFFFFFFFFFFFFFFFFFFFFFFFFFFF AND PUSH20 0xFFFFFFFFFFFFFFFFFFFFFFFFFFFFFFFFFFFFFFFF AND DUP2 MSTORE PUSH1 0x20 ADD SWAP1 DUP2 MSTORE PUSH1 0x20 ADD PUSH1 0x0 KECCAK256 PUSH1 0x0 SWAP1 SLOAD SWAP1 PUSH2 0x100 EXP SWAP1 DIV PUSH1 0xFF AND ISZERO ISZERO ISZERO PUSH2 0x11B5 JUMPI PUSH1 0x0 DUP1 REVERT JUMPDEST PUSH1 0x0 PUSH20 0xFFFFFFFFFFFFFFFFFFFFFFFFFFFFFFFFFFFFFFFF AND DUP4 PUSH20 0xFFFFFFFFFFFFFFFFFFFFFFFFFFFFFFFFFFFFFFFF AND EQ ISZERO ISZERO ISZERO PUSH2 0x11F1 JUMPI PUSH1 0x0 DUP1 REVERT JUMPDEST DUP2 PUSH1 0x5 PUSH1 0x0 DUP7 PUSH20 0xFFFFFFFFFFFFFFFFFFFFFFFFFFFFFFFFFFFFFFFF AND PUSH20 0xFFFFFFFFFFFFFFFFFFFFFFFFFFFFFFFFFFFFFFFF AND DUP2 MSTORE PUSH1 0x20 ADD SWAP1 DUP2 MSTORE PUSH1 0x20 ADD PUSH1 0x0 KECCAK256 SLOAD LT ISZERO ISZERO ISZERO PUSH2 0x123F JUMPI PUSH1 0x0 DUP1 REVERT JUMPDEST PUSH1 0x5 PUSH1 0x0 DUP5 PUSH20 0xFFFFFFFFFFFFFFFFFFFFFFFFFFFFFFFFFFFFFFFF AND PUSH20 0xFFFFFFFFFFFFFFFFFFFFFFFFFFFFFFFFFFFFFFFF AND DUP2 MSTORE PUSH1 0x20 ADD SWAP1 DUP2 MSTORE PUSH1 0x20 ADD PUSH1 0x0 KECCAK256 SLOAD DUP3 PUSH1 0x5 PUSH1 0x0 DUP7 PUSH20 0xFFFFFFFFFFFFFFFFFFFFFFFFFFFFFFFFFFFFFFFF AND PUSH20 0xFFFFFFFFFFFFFFFFFFFFFFFFFFFFFFFFFFFFFFFF AND DUP2 MSTORE PUSH1 0x20 ADD SWAP1 DUP2 MSTORE PUSH1 0x20 ADD PUSH1 0x0 KECCAK256 SLOAD ADD LT ISZERO ISZERO ISZERO PUSH2 0x12CE JUMPI PUSH1 0x0 DUP1 REVERT JUMPDEST PUSH1 0x5 PUSH1 0x0 DUP5 PUSH20 0xFFFFFFFFFFFFFFFFFFFFFFFFFFFFFFFFFFFFFFFF AND PUSH20 0xFFFFFFFFFFFFFFFFFFFFFFFFFFFFFFFFFFFFFFFF AND DUP2 MSTORE PUSH1 0x20 ADD SWAP1 DUP2 MSTORE PUSH1 0x20 ADD PUSH1 0x0 KECCAK256 SLOAD PUSH1 0x5 PUSH1 0x0 DUP7 PUSH20 0xFFFFFFFFFFFFFFFFFFFFFFFFFFFFFFFFFFFFFFFF AND PUSH20 0xFFFFFFFFFFFFFFFFFFFFFFFFFFFFFFFFFFFFFFFF AND DUP2 MSTORE PUSH1 0x20 ADD SWAP1 DUP2 MSTORE PUSH1 0x20 ADD PUSH1 0x0 KECCAK256 SLOAD ADD SWAP1 POP DUP2 PUSH1 0x5 PUSH1 0x0 DUP7 PUSH20 0xFFFFFFFFFFFFFFFFFFFFFFFFFFFFFFFFFFFFFFFF AND PUSH20 0xFFFFFFFFFFFFFFFFFFFFFFFFFFFFFFFFFFFFFFFF AND DUP2 MSTORE PUSH1 0x20 ADD SWAP1 DUP2 MSTORE PUSH1 0x20 ADD PUSH1 0x0 KECCAK256 PUSH1 0x0 DUP3 DUP3 SLOAD SUB SWAP3 POP POP DUP2 SWAP1 SSTORE POP DUP2 PUSH1 0x5 PUSH1 0x0 DUP6 PUSH20 0xFFFFFFFFFFFFFFFFFFFFFFFFFFFFFFFFFFFFFFFF AND PUSH20 0xFFFFFFFFFFFFFFFFFFFFFFFFFFFFFFFFFFFFFFFF AND DUP2 MSTORE PUSH1 0x20 ADD SWAP1 DUP2 MSTORE PUSH1 0x20 ADD PUSH1 0x0 KECCAK256 PUSH1 0x0 DUP3 DUP3 SLOAD ADD SWAP3 POP POP DUP2 SWAP1 SSTORE POP DUP3 PUSH20 0xFFFFFFFFFFFFFFFFFFFFFFFFFFFFFFFFFFFFFFFF AND DUP5 PUSH20 0xFFFFFFFFFFFFFFFFFFFFFFFFFFFFFFFFFFFFFFFF AND PUSH32 0xDDF252AD1BE2C89B69C2B068FC378DAA952BA7F163C4A11628F55A4DF523B3EF DUP5 PUSH1 0x40 MLOAD DUP1 DUP3 DUP2 MSTORE PUSH1 0x20 ADD SWAP2 POP POP PUSH1 0x40 MLOAD DUP1 SWAP2 SUB SWAP1 LOG3 DUP1 PUSH1 0x5 PUSH1 0x0 DUP6 PUSH20 0xFFFFFFFFFFFFFFFFFFFFFFFFFFFFFFFFFFFFFFFF AND PUSH20 0xFFFFFFFFFFFFFFFFFFFFFFFFFFFFFFFFFFFFFFFF AND DUP2 MSTORE PUSH1 0x20 ADD SWAP1 DUP2 MSTORE PUSH1 0x20 ADD PUSH1 0x0 KECCAK256 SLOAD PUSH1 0x5 PUSH1 0x0 DUP8 PUSH20 0xFFFFFFFFFFFFFFFFFFFFFFFFFFFFFFFFFFFFFFFF AND PUSH20 0xFFFFFFFFFFFFFFFFFFFFFFFFFFFFFFFFFFFFFFFF AND DUP2 MSTORE PUSH1 0x20 ADD SWAP1 DUP2 MSTORE PUSH1 0x20 ADD PUSH1 0x0 KECCAK256 SLOAD ADD EQ ISZERO ISZERO PUSH2 0x14DB JUMPI INVALID JUMPDEST POP POP POP POP JUMP STOP LOG1 PUSH6 0x627A7A723058 KECCAK256 0xdb DUP5 MLOAD SWAP2 0x46 ADD 0x46 0xc0 0xca 0xee 0x5f CODESIZE DUP5 PUSH30 0x1436DFA9349E7843E38668C7F16F87667A3B002900000000000000000000
0,PUSH1 0x80 PUSH1 0x40 MSTORE CALLVALUE DUP1 ISZERO PUSH2 0x10 JUMPI PUSH1 0x0 DUP1 REVERT JUMPDEST POP PUSH2 0xE69 DUP1 PUSH2 0x20 PUSH1 0x0 CODECOPY PUSH1 0x0 RETURN STOP PUSH1 0x80 PUSH1 0x40 MSTORE PUSH1 0x4 CALLDATASIZE LT PUSH2 0x8E JUMPI PUSH1 0x0 CALLDATALOAD PUSH29 0x100000000000000000000000000000000000000000000000000000000 SWAP1 DIV PUSH4 0xFFFFFFFF AND DUP1 PUSH4 0x95EA7B3 EQ PUSH2 0x93 JUMPI DUP1 PUSH4 0x18160DDD EQ PUSH2 0xF8 JUMPI DUP1 PUSH4 0x23B872DD EQ PUSH2 0x123 JUMPI DUP1 PUSH4 0x39509351 EQ PUSH2 0x1A8 JUMPI DUP1 PUSH4 0x70A08231 EQ PUSH2 0x20D JUMPI DUP1 PUSH4 0xA457C2D7 EQ PUSH2 0x264 JUMPI DUP1 PUSH4 0xA9059CBB EQ PUSH2 0x2C9 JUMPI DUP1 PUSH4 0xDD62ED3E EQ PUSH2 0x32E JUMPI JUMPDEST PUSH1 0x0 DUP1 REVERT JUMPDEST CALLVALUE DUP1 ISZERO PUSH2 0x9F JUMPI PUSH1 0x0 DUP1 REVERT JUMPDEST POP PUSH2 0xDE PUSH1 0x4 DUP1 CALLDATASIZE SUB DUP2 ADD SWAP1 DUP1 DUP1 CALLDATALOAD PUSH20 0xFFFFFFFFFFFFFFFFFFFFFFFFFFFFFFFFFFFFFFFF AND SWAP1 PUSH1 0x20 ADD SWAP1 SWAP3 SWAP2 SWAP1 DUP1 CALLDATALOAD SWAP1 PUSH1 0x20 ADD SWAP1 SWAP3 SWAP2 SWAP1 POP POP POP PUSH2 0x3A5 JUMP JUMPDEST PUSH1 0x40 MLOAD DUP1 DUP3 ISZERO ISZERO ISZERO ISZERO DUP2 MSTORE PUSH1 0x20 ADD SWAP2 POP POP PUSH1 0x40 MLOAD DUP1 SWAP2 SUB SWAP1 RETURN JUMPDEST CALLVALUE DUP1 ISZERO PUSH2 0x104 JUMPI PUSH1 0x0 DUP1 REVERT JUMPDEST POP PUSH2 0x10D PUSH2 0x4D2 JUMP JUMPDEST PUSH1 0x40 MLOAD DUP1 DUP3 DUP2 MSTORE PUSH1 0x20 ADD SWAP2 POP POP PUSH1 0x40 MLOAD DUP1 SWAP2 SUB SWAP1 RETURN JUMPDEST CALLVALUE DUP1 ISZERO PUSH2 0x12F JUMPI PUSH1 0x0 DUP1 REVERT JUMPDEST POP PUSH2 0x18E PUSH1 0x4 DUP1 CALLDATASIZE SUB DUP2 ADD SWAP1 DUP1 DUP1 CALLDATALOAD PUSH20 0xFFFFFFFFFFFFFFFFFFFFFFFFFFFFFFFFFFFFFFFF AND SWAP1 PUSH1 0x20 ADD SWAP1 SWAP3 SWAP2 SWAP1 DUP1 CALLDATALOAD PUSH20 0xFFFFFFFFFFFFFFFFFFFFFFFFFFFFFFFFFFFFFFFF AND SWAP1 PUSH1 0x20 ADD SWAP1 SWAP3 SWAP2 SWAP1 DUP1 CALLDATALOAD SWAP1 PUSH1 0x20 ADD SWAP1 SWAP3 SWAP2 SWAP1 POP POP POP PUSH2 0x4DC JUMP JUMPDEST PUSH1 0x40 MLOAD DUP1 DUP3 ISZERO ISZERO ISZERO ISZERO DUP2 MSTORE PUSH1 0x20 ADD SWAP2 POP POP PUSH1 0x40 MLOAD DUP1 SWAP2 SUB SWAP1 RETURN JUMPDEST CALLVALUE DUP1 ISZERO PUSH2 0x1B4 JUMPI PUSH1 0x0 DUP1 REVERT JUMPDEST POP PUSH2 0x1F3 PUSH1 0x4 DUP1 CALLDATASIZE SUB DUP2 ADD SWAP1 DUP1 DUP1 CALLDATALOAD PUSH20 0xFFFFFFFFFFFFFFFFFFFFFFFFFFFFFFFFFFFFFFFF AND SWAP1 PUSH1 0x20 ADD SWAP1 SWAP3 SWAP2 SWAP1 DUP1 CALLDATALOAD SWAP1 PUSH1 0x20 ADD SWAP1 SWAP3 SWAP2 SWAP1 POP POP POP PUSH2 0x68E JUMP JUMPDEST PUSH1 0x40 MLOAD DUP1 DUP3 ISZERO ISZERO ISZERO ISZERO DUP2 MSTORE PUSH1 0x20 ADD SWAP2 POP POP PUSH1 0x40 MLOAD DUP1 SWAP2 SUB SWAP1 RETURN JUMPDEST CALLVALUE DUP1 ISZERO PUSH2 0x219 JUMPI PUSH1 0x0 DUP1 REVERT JUMPDEST POP PUSH2 0x24E PUSH1 0x4 DUP1 CALLDATASIZE SUB DUP2 ADD SWAP1 DUP1 DUP1 CALLDATALOAD PUSH20 0xFFFFFFFFFFFFFFFFFFFFFFFFFFFFFFFFFFFFFFFF AND SWAP1 PUSH1 0x20 ADD SWAP1 SWAP3 SWAP2 SWAP1 POP POP POP PUSH2 0x8C5 JUMP JUMPDEST PUSH1 0x40 MLOAD DUP1 DUP3 DUP2 MSTORE PUSH1 0x20 ADD SWAP2 POP POP PUSH1 0x40 MLOAD DUP1 SWAP2 SUB SWAP1 RETURN JUMPDEST CALLVALUE DUP1 ISZERO PUSH2 0x270 JUMPI PUSH1 0x0 DUP1 REVERT JUMPDEST POP PUSH2 0x2AF PUSH1 0x4 DUP1 CALLDATASIZE SUB DUP2 ADD SWAP1 DUP1 DUP1 CALLDATALOAD PUSH20 0xFFFFFFFFFFFFFFFFFFFFFFFFFFFFFFFFFFFFFFFF AND SWAP1 PUSH1 0x20 ADD SWAP1 SWAP3 SWAP2 SWAP1 DUP1 CALLDATALOAD SWAP1 PUSH1 0x20 ADD SWAP1 SWAP3 SWAP2 SWAP1 POP POP POP PUSH2 0x90D JUMP JUMPDEST PUSH1 0x40 MLOAD DUP1 DUP3 ISZERO ISZERO ISZERO ISZERO DUP2 MSTORE PUSH1 0x20 ADD SWAP2 POP POP PUSH1 0x40 MLOAD DUP1 SWAP2 SUB SWAP1 RETURN JUMPDEST CALLVALUE DUP1 ISZERO PUSH2 0x2D5 JUMPI PUSH1 0x0 DUP1 REVERT JUMPDEST POP PUSH2 0x314 PUSH1 0x4 DUP1 CALLDATASIZE SUB DUP2 ADD SWAP1 DUP1 DUP1 CALLDATALOAD PUSH20 0xFFFFFFFFFFFFFFFFFFFFFFFFFFFFFFFFFFFFFFFF AND SWAP1 PUSH1 0x20 ADD SWAP1 SWAP3 SWAP2 SWAP1 DUP1 CALLDATALOAD SWAP1 PUSH1 0x20 ADD SWAP1 SWAP3 SWAP2 SWAP1 POP POP POP PUSH2 0xB44 JUMP JUMPDEST PUSH1 0x40 MLOAD DUP1 DUP3 ISZERO ISZERO ISZERO ISZERO DUP2 MSTORE PUSH1 0x20 ADD SWAP2 POP POP PUSH1 0x40 MLOAD DUP1 SWAP2 SUB SWAP1 RETURN JUMPDEST CALLVALUE DUP1 ISZERO PUSH2 0x33A JUMPI PUSH1 0x0 DUP1 REVERT JUMPDEST POP PUSH2 0x38F PUSH1 0x4 DUP1 CALLDATASIZE SUB DUP2 ADD SWAP1 DUP1 DUP1 CALLDATALOAD PUSH20 0xFFFFFFFFFFFFFFFFFFFFFFFFFFFFFFFFFFFFFFFF AND SWAP1 PUSH1 0x20 ADD SWAP1 SWAP3 SWAP2 SWAP1 DUP1 CALLDATALOAD PUSH20 0xFFFFFFFFFFFFFFFFFFFFFFFFFFFFFFFFFFFFFFFF AND SWAP1 PUSH1 0x20 ADD SWAP1 SWAP3 SWAP2 SWAP1 POP POP POP PUSH2 0xB5B JUMP JUMPDEST PUSH1 0x40 MLOAD DUP1 DUP3 DUP2 MSTORE PUSH1 0x20 ADD SWAP2 POP POP PUSH1 0x40 MLOAD DUP1 SWAP2 SUB SWAP1 RETURN JUMPDEST PUSH1 0x0 DUP1 PUSH20 0xFFFFFFFFFFFFFFFFFFFFFFFFFFFFFFFFFFFFFFFF AND DUP4 PUSH20 0xFFFFFFFFFFFFFFFFFFFFFFFFFFFFFFFFFFFFFFFF AND EQ ISZERO ISZERO ISZERO PUSH2 0x3E2 JUMPI PUSH1 0x0 DUP1 REVERT JUMPDEST DUP2 PUSH1 0x1 PUSH1 0x0 CALLER PUSH20 0xFFFFFFFFFFFFFFFFFFFFFFFFFFFFFFFFFFFFFFFF AND PUSH20 0xFFFFFFFFFFFFFFFFFFFFFFFFFFFFFFFFFFFFFFFF AND DUP2 MSTORE PUSH1 0x20 ADD SWAP1 DUP2 MSTORE PUSH1 0x20 ADD PUSH1 0x0 KECCAK256 PUSH1 0x0 DUP6 PUSH20 0xFFFFFFFFFFFFFFFFFFFFFFFFFFFFFFFFFFFFFFFF AND PUSH20 0xFFFFFFFFFFFFFFFFFFFFFFFFFFFFFFFFFFFFFFFF AND DUP2 MSTORE PUSH1 0x20 ADD SWAP1 DUP2 MSTORE PUSH1 0x20 ADD PUSH1 0x0 KECCAK256 DUP2 SWAP1 SSTORE POP DUP3 PUSH20 0xFFFFFFFFFFFFFFFFFFFFFFFFFFFFFFFFFFFFFFFF AND CALLER PUSH20 0xFFFFFFFFFFFFFFFFFFFFFFFFFFFFFFFFFFFFFFFF AND PUSH32 0x8C5BE1E5EBEC7D5BD14F71427D1E84F3DD0314C0F7B2291E5B200AC8C7C3B925 DUP5 PUSH1 0x40 MLOAD DUP1 DUP3 DUP2 MSTORE PUSH1 0x20 ADD SWAP2 POP POP PUSH1 0x40 MLOAD DUP1 SWAP2 SUB SWAP1 LOG3 PUSH1 0x1 SWAP1 POP SWAP3 SWAP2 POP POP JUMP JUMPDEST PUSH1 0x0 PUSH1 0x2 SLOAD SWAP1 POP SWAP1 JUMP JUMPDEST PUSH1 0x0 PUSH1 0x1 PUSH1 0x0 DUP6 PUSH20 0xFFFFFFFFFFFFFFFFFFFFFFFFFFFFFFFFFFFFFFFF AND PUSH20 0xFFFFFFFFFFFFFFFFFFFFFFFFFFFFFFFFFFFFFFFF AND DUP2 MSTORE PUSH1 0x20 ADD SWAP1 DUP2 MSTORE PUSH1 0x20 ADD PUSH1 0x0 KECCAK256 PUSH1 0x0 CALLER PUSH20 0xFFFFFFFFFFFFFFFFFFFFFFFFFFFFFFFFFFFFFFFF AND PUSH20 0xFFFFFFFFFFFFFFFFFFFFFFFFFFFFFFFFFFFFFFFF AND DUP2 MSTORE PUSH1 0x20 ADD SWAP1 DUP2 MSTORE PUSH1 0x20 ADD PUSH1 0x0 KECCAK256 SLOAD DUP3 GT ISZERO ISZERO ISZERO PUSH2 0x569 JUMPI PUSH1 0x0 DUP1 REVERT JUMPDEST PUSH2 0x5F8 DUP3 PUSH1 0x1 PUSH1 0x0 DUP8 PUSH20 0xFFFFFFFFFFFFFFFFFFFFFFFFFFFFFFFFFFFFFFFF AND PUSH20 0xFFFFFFFFFFFFFFFFFFFFFFFFFFFFFFFFFFFFFFFF AND DUP2 MSTORE PUSH1 0x20 ADD SWAP1 DUP2 MSTORE PUSH1 0x20 ADD PUSH1 0x0 KECCAK256 PUSH1 0x0 CALLER PUSH20 0xFFFFFFFFFFFFFFFFFFFFFFFFFFFFFFFFFFFFFFFF AND PUSH20 0xFFFFFFFFFFFFFFFFFFFFFFFFFFFFFFFFFFFFFFFF AND DUP2 MSTORE PUSH1 0x20 ADD SWAP1 DUP2 MSTORE PUSH1 0x20 ADD PUSH1 0x0 KECCAK256 SLOAD PUSH2 0xBE2 SWAP1 SWAP2 SWAP1 PUSH4 0xFFFFFFFF AND JUMP JUMPDEST PUSH1 0x1 PUSH1 0x0 DUP7 PUSH20 0xFFFFFFFFFFFFFFFFFFFFFFFFFFFFFFFFFFFFFFFF AND PUSH20 0xFFFFFFFFFFFFFFFFFFFFFFFFFFFFFFFFFFFFFFFF AND DUP2 MSTORE PUSH1 0x20 ADD SWAP1 DUP2 MSTORE PUSH1 0x20 ADD PUSH1 0x0 KECCAK256 PUSH1 0x0 CALLER PUSH20 0xFFFFFFFFFFFFFFFFFFFFFFFFFFFFFFFFFFFFFFFF AND PUSH20 0xFFFFFFFFFFFFFFFFFFFFFFFFFFFFFFFFFFFFFFFF AND DUP2 MSTORE PUSH1 0x20 ADD SWAP1 DUP2 MSTORE PUSH1 0x20 ADD PUSH1 0x0 KECCAK256 DUP2 SWAP1 SSTORE POP PUSH2 0x683 DUP5 DUP5 DUP5 PUSH2 0xC03 JUMP JUMPDEST PUSH1 0x1 SWAP1 POP SWAP4 SWAP3 POP POP POP JUMP JUMPDEST PUSH1 0x0 DUP1 PUSH20 0xFFFFFFFFFFFFFFFFFFFFFFFFFFFFFFFFFFFFFFFF AND DUP4 PUSH20 0xFFFFFFFFFFFFFFFFFFFFFFFFFFFFFFFFFFFFFFFF AND EQ ISZERO ISZERO ISZERO PUSH2 0x6CB JUMPI PUSH1 0x0 DUP1 REVERT JUMPDEST PUSH2 0x75A DUP3 PUSH1 0x1 PUSH1 0x0 CALLER PUSH20 0xFFFFFFFFFFFFFFFFFFFFFFFFFFFFFFFFFFFFFFFF AND PUSH20 0xFFFFFFFFFFFFFFFFFFFFFFFFFFFFFFFFFFFFFFFF AND DUP2 MSTORE PUSH1 0x20 ADD SWAP1 DUP2 MSTORE PUSH1 0x20 ADD PUSH1 0x0 KECCAK256 PUSH1 0x0 DUP7 PUSH20 0xFFFFFFFFFFFFFFFFFFFFFFFFFFFFFFFFFFFFFFFF AND PUSH20 0xFFFFFFFFFFFFFFFFFFFFFFFFFFFFFFFFFFFFFFFF AND DUP2 MSTORE PUSH1 0x20 ADD SWAP1 DUP2 MSTORE PUSH1 0x20 ADD PUSH1 0x0 KECCAK256 SLOAD PUSH2 0xE1C SWAP1 SWAP2 SWAP1 PUSH4 0xFFFFFFFF AND JUMP JUMPDEST PUSH1 0x1 PUSH1 0x0 CALLER PUSH20 0xFFFFFFFFFFFFFFFFFFFFFFFFFFFFFFFFFFFFFFFF AND PUSH20 0xFFFFFFFFFFFFFFFFFFFFFFFFFFFFFFFFFFFFFFFF AND DUP2 MSTORE PUSH1 0x20 ADD SWAP1 DUP2 MSTORE PUSH1 0x20 ADD PUSH1 0x0 KECCAK256 PUSH1 0x0 DUP6 PUSH20 0xFFFFFFFFFFFFFFFFFFFFFFFFFFFFFFFFFFFFFFFF AND PUSH20 0xFFFFFFFFFFFFFFFFFFFFFFFFFFFFFFFFFFFFFFFF AND DUP2 MSTORE PUSH1 0x20 ADD SWAP1 DUP2 MSTORE PUSH1 0x20 ADD PUSH1 0x0 KECCAK256 DUP2 SWAP1 SSTORE POP DUP3 PUSH20 0xFFFFFFFFFFFFFFFFFFFFFFFFFFFFFFFFFFFFFFFF AND CALLER PUSH20 0xFFFFFFFFFFFFFFFFFFFFFFFFFFFFFFFFFFFFFFFF AND PUSH32 0x8C5BE1E5EBEC7D5BD14F71427D1E84F3DD0314C0F7B2291E5B200AC8C7C3B925 PUSH1 0x1 PUSH1 0x0 CALLER PUSH20 0xFFFFFFFFFFFFFFFFFFFFFFFFFFFFFFFFFFFFFFFF AND PUSH20 0xFFFFFFFFFFFFFFFFFFFFFFFFFFFFFFFFFFFFFFFF AND DUP2 MSTORE PUSH1 0x20 ADD SWAP1 DUP2 MSTORE PUSH1 0x20 ADD PUSH1 0x0 KECCAK256 PUSH1 0x0 DUP8 PUSH20 0xFFFFFFFFFFFFFFFFFFFFFFFFFFFFFFFFFFFFFFFF AND PUSH20 0xFFFFFFFFFFFFFFFFFFFFFFFFFFFFFFFFFFFFFFFF AND DUP2 MSTORE PUSH1 0x20 ADD SWAP1 DUP2 MSTORE PUSH1 0x20 ADD PUSH1 0x0 KECCAK256 SLOAD PUSH1 0x40 MLOAD DUP1 DUP3 DUP2 MSTORE PUSH1 0x20 ADD SWAP2 POP POP PUSH1 0x40 MLOAD DUP1 SWAP2 SUB SWAP1 LOG3 PUSH1 0x1 SWAP1 POP SWAP3 SWAP2 POP POP JUMP JUMPDEST PUSH1 0x0 DUP1 PUSH1 0x0 DUP4 PUSH20 0xFFFFFFFFFFFFFFFFFFFFFFFFFFFFFFFFFFFFFFFF AND PUSH20 0xFFFFFFFFFFFFFFFFFFFFFFFFFFFFFFFFFFFFFFFF AND DUP2 MSTORE PUSH1 0x20 ADD SWAP1 DUP2 MSTORE PUSH1 0x20 ADD PUSH1 0x0 KECCAK256 SLOAD SWAP1 POP SWAP2 SWAP1 POP JUMP JUMPDEST PUSH1 0x0 DUP1 PUSH20 0xFFFFFFFFFFFFFFFFFFFFFFFFFFFFFFFFFFFFFFFF AND DUP4 PUSH20 0xFFFFFFFFFFFFFFFFFFFFFFFFFFFFFFFFFFFFFFFF AND EQ ISZERO ISZERO ISZERO PUSH2 0x94A JUMPI PUSH1 0x0 DUP1 REVERT JUMPDEST PUSH2 0x9D9 DUP3 PUSH1 0x1 PUSH1 0x0 CALLER PUSH20 0xFFFFFFFFFFFFFFFFFFFFFFFFFFFFFFFFFFFFFFFF AND PUSH20 0xFFFFFFFFFFFFFFFFFFFFFFFFFFFFFFFFFFFFFFFF AND DUP2 MSTORE PUSH1 0x20 ADD SWAP1 DUP2 MSTORE PUSH1 0x20 ADD PUSH1 0x0 KECCAK256 PUSH1 0x0 DUP7 PUSH20 0xFFFFFFFFFFFFFFFFFFFFFFFFFFFFFFFFFFFFFFFF AND PUSH20 0xFFFFFFFFFFFFFFFFFFFFFFFFFFFFFFFFFFFFFFFF AND DUP2 MSTORE PUSH1 0x20 ADD SWAP1 DUP2 MSTORE PUSH1 0x20 ADD PUSH1 0x0 KECCAK256 SLOAD PUSH2 0xBE2 SWAP1 SWAP2 SWAP1 PUSH4 0xFFFFFFFF AND JUMP JUMPDEST PUSH1 0x1 PUSH1 0x0 CALLER PUSH20 0xFFFFFFFFFFFFFFFFFFFFFFFFFFFFFFFFFFFFFFFF AND PUSH20 0xFFFFFFFFFFFFFFFFFFFFFFFFFFFFFFFFFFFFFFFF AND DUP2 MSTORE PUSH1 0x20 ADD SWAP1 DUP2 MSTORE PUSH1 0x20 ADD PUSH1 0x0 KECCAK256 PUSH1 0x0 DUP6 PUSH20 0xFFFFFFFFFFFFFFFFFFFFFFFFFFFFFFFFFFFFFFFF AND PUSH20 0xFFFFFFFFFFFFFFFFFFFFFFFFFFFFFFFFFFFFFFFF AND DUP2 MSTORE PUSH1 0x20 ADD SWAP1 DUP2 MSTORE PUSH1 0x20 ADD PUSH1 0x0 KECCAK256 DUP2 SWAP1 SSTORE POP DUP3 PUSH20 0xFFFFFFFFFFFFFFFFFFFFFFFFFFFFFFFFFFFFFFFF AND CALLER PUSH20 0xFFFFFFFFFFFFFFFFFFFFFFFFFFFFFFFFFFFFFFFF AND PUSH32 0x8C5BE1E5EBEC7D5BD14F71427D1E84F3DD0314C0F7B2291E5B200AC8C7C3B925 PUSH1 0x1 PUSH1 0x0 CALLER PUSH20 0xFFFFFFFFFFFFFFFFFFFFFFFFFFFFFFFFFFFFFFFF AND PUSH20 0xFFFFFFFFFFFFFFFFFFFFFFFFFFFFFFFFFFFFFFFF AND DUP2 MSTORE PUSH1 0x20 ADD SWAP1 DUP2 MSTORE PUSH1 0x20 ADD PUSH1 0x0 KECCAK256 PUSH1 0x0 DUP8 PUSH20 0xFFFFFFFFFFFFFFFFFFFFFFFFFFFFFFFFFFFFFFFF AND PUSH20 0xFFFFFFFFFFFFFFFFFFFFFFFFFFFFFFFFFFFFFFFF AND DUP2 MSTORE PUSH1 0x20 ADD SWAP1 DUP2 MSTORE PUSH1 0x20 ADD PUSH1 0x0 KECCAK256 SLOAD PUSH1 0x40 MLOAD DUP1 DUP3 DUP2 MSTORE PUSH1 0x20 ADD SWAP2 POP POP PUSH1 0x40 MLOAD DUP1 SWAP2 SUB SWAP1 LOG3 PUSH1 0x1 SWAP1 POP SWAP3 SWAP2 POP POP JUMP JUMPDEST PUSH1 0x0 PUSH2 0xB51 CALLER DUP5 DUP5 PUSH2 0xC03 JUMP JUMPDEST PUSH1 0x1 SWAP1 POP SWAP3 SWAP2 POP POP JUMP JUMPDEST PUSH1 0x0 PUSH1 0x1 PUSH1 0x0 DUP5 PUSH20 0xFFFFFFFFFFFFFFFFFFFFFFFFFFFFFFFFFFFFFFFF AND PUSH20 0xFFFFFFFFFFFFFFFFFFFFFFFFFFFFFFFFFFFFFFFF AND DUP2 MSTORE PUSH1 0x20 ADD SWAP1 DUP2 MSTORE PUSH1 0x20 ADD PUSH1 0x0 KECCAK256 PUSH1 0x0 DUP4 PUSH20 0xFFFFFFFFFFFFFFFFFFFFFFFFFFFFFFFFFFFFFFFF AND PUSH20 0xFFFFFFFFFFFFFFFFFFFFFFFFFFFFFFFFFFFFFFFF AND DUP2 MSTORE PUSH1 0x20 ADD SWAP1 DUP2 MSTORE PUSH1 0x20 ADD PUSH1 0x0 KECCAK256 SLOAD SWAP1 POP SWAP3 SWAP2 POP POP JUMP JUMPDEST PUSH1 0x0 DUP1 DUP4 DUP4 GT ISZERO ISZERO ISZERO PUSH2 0xBF4 JUMPI PUSH1 0x0 DUP1 REVERT JUMPDEST DUP3 DUP5 SUB SWAP1 POP DUP1 SWAP2 POP POP SWAP3 SWAP2 POP POP JUMP JUMPDEST PUSH1 0x0 DUP1 DUP5 PUSH20 0xFFFFFFFFFFFFFFFFFFFFFFFFFFFFFFFFFFFFFFFF AND PUSH20 0xFFFFFFFFFFFFFFFFFFFFFFFFFFFFFFFFFFFFFFFF AND DUP2 MSTORE PUSH1 0x20 ADD SWAP1 DUP2 MSTORE PUSH1 0x20 ADD PUSH1 0x0 KECCAK256 SLOAD DUP2 GT ISZERO ISZERO ISZERO PUSH2 0xC50 JUMPI PUSH1 0x0 DUP1 REVERT JUMPDEST PUSH1 0x0 PUSH20 0xFFFFFFFFFFFFFFFFFFFFFFFFFFFFFFFFFFFFFFFF AND DUP3 PUSH20 0xFFFFFFFFFFFFFFFFFFFFFFFFFFFFFFFFFFFFFFFF AND EQ ISZERO ISZERO ISZERO PUSH2 0xC8C JUMPI PUSH1 0x0 DUP1 REVERT JUMPDEST PUSH2 0xCDD DUP2 PUSH1 0x0 DUP1 DUP7 PUSH20 0xFFFFFFFFFFFFFFFFFFFFFFFFFFFFFFFFFFFFFFFF AND PUSH20 0xFFFFFFFFFFFFFFFFFFFFFFFFFFFFFFFFFFFFFFFF AND DUP2 MSTORE PUSH1 0x20 ADD SWAP1 DUP2 MSTORE PUSH1 0x20 ADD PUSH1 0x0 KECCAK256 SLOAD PUSH2 0xBE2 SWAP1 SWAP2 SWAP1 PUSH4 0xFFFFFFFF AND JUMP JUMPDEST PUSH1 0x0 DUP1 DUP6 PUSH20 0xFFFFFFFFFFFFFFFFFFFFFFFFFFFFFFFFFFFFFFFF AND PUSH20 0xFFFFFFFFFFFFFFFFFFFFFFFFFFFFFFFFFFFFFFFF AND DUP2 MSTORE PUSH1 0x20 ADD SWAP1 DUP2 MSTORE PUSH1 0x20 ADD PUSH1 0x0 KECCAK256 DUP2 SWAP1 SSTORE POP PUSH2 0xD70 DUP2 PUSH1 0x0 DUP1 DUP6 PUSH20 0xFFFFFFFFFFFFFFFFFFFFFFFFFFFFFFFFFFFFFFFF AND PUSH20 0xFFFFFFFFFFFFFFFFFFFFFFFFFFFFFFFFFFFFFFFF AND DUP2 MSTORE PUSH1 0x20 ADD SWAP1 DUP2 MSTORE PUSH1 0x20 ADD PUSH1 0x0 KECCAK256 SLOAD PUSH2 0xE1C SWAP1 SWAP2 SWAP1 PUSH4 0xFFFFFFFF AND JUMP JUMPDEST PUSH1 0x0 DUP1 DUP5 PUSH20 0xFFFFFFFFFFFFFFFFFFFFFFFFFFFFFFFFFFFFFFFF AND PUSH20 0xFFFFFFFFFFFFFFFFFFFFFFFFFFFFFFFFFFFFFFFF AND DUP2 MSTORE PUSH1 0x20 ADD SWAP1 DUP2 MSTORE PUSH1 0x20 ADD PUSH1 0x0 KECCAK256 DUP2 SWAP1 SSTORE POP DUP2 PUSH20 0xFFFFFFFFFFFFFFFFFFFFFFFFFFFFFFFFFFFFFFFF AND DUP4 PUSH20 0xFFFFFFFFFFFFFFFFFFFFFFFFFFFFFFFFFFFFFFFF AND PUSH32 0xDDF252AD1BE2C89B69C2B068FC378DAA952BA7F163C4A11628F55A4DF523B3EF DUP4 PUSH1 0x40 MLOAD DUP1 DUP3 DUP2 MSTORE PUSH1 0x20 ADD SWAP2 POP POP PUSH1 0x40 MLOAD DUP1 SWAP2 SUB SWAP1 LOG3 POP POP POP JUMP JUMPDEST PUSH1 0x0 DUP1 DUP3 DUP5 ADD SWAP1 POP DUP4 DUP2 LT ISZERO ISZERO ISZERO PUSH2 0xE33 JUMPI PUSH1 0x0 DUP1 REVERT JUMPDEST DUP1 SWAP2 POP POP SWAP3 SWAP2 POP POP JUMP STOP LOG1 PUSH6 0x627A7A723058 KECCAK256 SHL 0xe6 REVERT 0xd5 0xa5 0xd6 EQ JUMP PUSH21 0xEB08E5856823FCBBAC08D37EE160071E9334587862 PUSH16 0x69002900000000000000000000000000
0,PUSH1 0x80 PUSH1 0x40 MSTORE PUSH1 0x8 PUSH1 0x3 PUSH1 0x0 PUSH2 0x100 EXP DUP2 SLOAD DUP2 PUSH1 0xFF MUL NOT AND SWAP1 DUP4 PUSH1 0xFF AND MUL OR SWAP1 SSTORE POP CALLVALUE DUP1 ISZERO PUSH3 0x2D JUMPI PUSH1 0x0 DUP1 REVERT JUMPDEST POP PUSH1 0x40 MLOAD PUSH3 0x1A63 CODESIZE SUB DUP1 PUSH3 0x1A63 DUP4 CODECOPY DUP2 ADD DUP1 PUSH1 0x40 MSTORE DUP2 ADD SWAP1 DUP1 DUP1 MLOAD SWAP1 PUSH1 0x20 ADD SWAP1 SWAP3 SWAP2 SWAP1 DUP1 MLOAD DUP3 ADD SWAP3 SWAP2 SWAP1 PUSH1 0x20 ADD DUP1 MLOAD DUP3 ADD SWAP3 SWAP2 SWAP1 POP POP POP DUP3 DUP3 DUP3 CALLER PUSH1 0x0 DUP1 PUSH2 0x100 EXP DUP2 SLOAD DUP2 PUSH20 0xFFFFFFFFFFFFFFFFFFFFFFFFFFFFFFFFFFFFFFFF MUL NOT AND SWAP1 DUP4 PUSH20 0xFFFFFFFFFFFFFFFFFFFFFFFFFFFFFFFFFFFFFFFF AND MUL OR SWAP1 SSTORE POP PUSH1 0x3 PUSH1 0x0 SWAP1 SLOAD SWAP1 PUSH2 0x100 EXP SWAP1 DIV PUSH1 0xFF AND PUSH1 0xFF AND PUSH1 0xA EXP DUP4 MUL PUSH1 0x4 DUP2 SWAP1 SSTORE POP PUSH1 0x4 SLOAD PUSH1 0x5 PUSH1 0x0 CALLER PUSH20 0xFFFFFFFFFFFFFFFFFFFFFFFFFFFFFFFFFFFFFFFF AND PUSH20 0xFFFFFFFFFFFFFFFFFFFFFFFFFFFFFFFFFFFFFFFF AND DUP2 MSTORE PUSH1 0x20 ADD SWAP1 DUP2 MSTORE PUSH1 0x20 ADD PUSH1 0x0 KECCAK256 DUP2 SWAP1 SSTORE POP DUP2 PUSH1 0x1 SWAP1 DUP1 MLOAD SWAP1 PUSH1 0x20 ADD SWAP1 PUSH3 0x125 SWAP3 SWAP2 SWAP1 PUSH3 0x14B JUMP JUMPDEST POP DUP1 PUSH1 0x2 SWAP1 DUP1 MLOAD SWAP1 PUSH1 0x20 ADD SWAP1 PUSH3 0x13E SWAP3 SWAP2 SWAP1 PUSH3 0x14B JUMP JUMPDEST POP POP POP POP POP POP POP PUSH3 0x1FA JUMP JUMPDEST DUP3 DUP1 SLOAD PUSH1 0x1 DUP2 PUSH1 0x1 AND ISZERO PUSH2 0x100 MUL SUB AND PUSH1 0x2 SWAP1 DIV SWAP1 PUSH1 0x0 MSTORE PUSH1 0x20 PUSH1 0x0 KECCAK256 SWAP1 PUSH1 0x1F ADD PUSH1 0x20 SWAP1 DIV DUP2 ADD SWAP3 DUP3 PUSH1 0x1F LT PUSH3 0x18E JUMPI DUP1 MLOAD PUSH1 0xFF NOT AND DUP4 DUP1 ADD OR DUP6 SSTORE PUSH3 0x1BF JUMP JUMPDEST DUP3 DUP1 ADD PUSH1 0x1 ADD DUP6 SSTORE DUP3 ISZERO PUSH3 0x1BF JUMPI SWAP2 DUP3 ADD JUMPDEST DUP3 DUP2 GT ISZERO PUSH3 0x1BE JUMPI DUP3 MLOAD DUP3 SSTORE SWAP2 PUSH1 0x20 ADD SWAP2 SWAP1 PUSH1 0x1 ADD SWAP1 PUSH3 0x1A1 JUMP JUMPDEST JUMPDEST POP SWAP1 POP PUSH3 0x1CE SWAP2 SWAP1 PUSH3 0x1D2 JUMP JUMPDEST POP SWAP1 JUMP JUMPDEST PUSH3 0x1F7 SWAP2 SWAP1 JUMPDEST DUP1 DUP3 GT ISZERO PUSH3 0x1F3 JUMPI PUSH1 0x0 DUP2 PUSH1 0x0 SWAP1 SSTORE POP PUSH1 0x1 ADD PUSH3 0x1D9 JUMP JUMPDEST POP SWAP1 JUMP JUMPDEST SWAP1 JUMP JUMPDEST PUSH2 0x1859 DUP1 PUSH3 0x20A PUSH1 0x0 CODECOPY PUSH1 0x0 RETURN STOP PUSH1 0x80 PUSH1 0x40 MSTORE PUSH1 0x4 CALLDATASIZE LT PUSH2 0x128 JUMPI PUSH1 0x0 CALLDATALOAD PUSH29 0x100000000000000000000000000000000000000000000000000000000 SWAP1 DIV PUSH4 0xFFFFFFFF AND DUP1 PUSH4 0x5FEFDA7 EQ PUSH2 0x12D JUMPI DUP1 PUSH4 0x6FDDE03 EQ PUSH2 0x164 JUMPI DUP1 PUSH4 0x95EA7B3 EQ PUSH2 0x1F4 JUMPI DUP1 PUSH4 0x18160DDD EQ PUSH2 0x259 JUMPI DUP1 PUSH4 0x23B872DD EQ PUSH2 0x284 JUMPI DUP1 PUSH4 0x313CE567 EQ PUSH2 0x309 JUMPI DUP1 PUSH4 0x42966C68 EQ PUSH2 0x33A JUMPI DUP1 PUSH4 0x4B750334 EQ PUSH2 0x37F JUMPI DUP1 PUSH4 0x70A08231 EQ PUSH2 0x3AA JUMPI DUP1 PUSH4 0x79C65068 EQ PUSH2 0x401 JUMPI DUP1 PUSH4 0x79CC6790 EQ PUSH2 0x44E JUMPI DUP1 PUSH4 0x8620410B EQ PUSH2 0x4B3 JUMPI DUP1 PUSH4 0x8DA5CB5B EQ PUSH2 0x4DE JUMPI DUP1 PUSH4 0x95D89B41 EQ PUSH2 0x535 JUMPI DUP1 PUSH4 0xA6F2AE3A EQ PUSH2 0x5C5 JUMPI DUP1 PUSH4 0xA9059CBB EQ PUSH2 0x5CF JUMPI DUP1 PUSH4 0xB414D4B6 EQ PUSH2 0x634 JUMPI DUP1 PUSH4 0xCAE9CA51 EQ PUSH2 0x68F JUMPI DUP1 PUSH4 0xDD62ED3E EQ PUSH2 0x73A JUMPI DUP1 PUSH4 0xE4849B32 EQ PUSH2 0x7B1 JUMPI DUP1 PUSH4 0xE724529C EQ PUSH2 0x7DE JUMPI DUP1 PUSH4 0xF2FDE38B EQ PUSH2 0x82D JUMPI JUMPDEST PUSH1 0x0 DUP1 REVERT JUMPDEST CALLVALUE DUP1 ISZERO PUSH2 0x139 JUMPI PUSH1 0x0 DUP1 REVERT JUMPDEST POP PUSH2 0x162 PUSH1 0x4 DUP1 CALLDATASIZE SUB DUP2 ADD SWAP1 DUP1 DUP1 CALLDATALOAD SWAP1 PUSH1 0x20 ADD SWAP1 SWAP3 SWAP2 SWAP1 DUP1 CALLDATALOAD SWAP1 PUSH1 0x20 ADD SWAP1 SWAP3 SWAP2 SWAP1 POP POP POP PUSH2 0x870 JUMP JUMPDEST STOP JUMPDEST CALLVALUE DUP1 ISZERO PUSH2 0x170 JUMPI PUSH1 0x0 DUP1 REVERT JUMPDEST POP PUSH2 0x179 PUSH2 0x8DD JUMP JUMPDEST PUSH1 0x40 MLOAD DUP1 DUP1 PUSH1 0x20 ADD DUP3 DUP2 SUB DUP3 MSTORE DUP4 DUP2 DUP2 MLOAD DUP2 MSTORE PUSH1 0x20 ADD SWAP2 POP DUP1 MLOAD SWAP1 PUSH1 0x20 ADD SWAP1 DUP1 DUP4 DUP4 PUSH1 0x0 JUMPDEST DUP4 DUP2 LT ISZERO PUSH2 0x1B9 JUMPI DUP1 DUP3 ADD MLOAD DUP2 DUP5 ADD MSTORE PUSH1 0x20 DUP2 ADD SWAP1 POP PUSH2 0x19E JUMP JUMPDEST POP POP POP POP SWAP1 POP SWAP1 DUP2 ADD SWAP1 PUSH1 0x1F AND DUP1 ISZERO PUSH2 0x1E6 JUMPI DUP1 DUP3 SUB DUP1 MLOAD PUSH1 0x1 DUP4 PUSH1 0x20 SUB PUSH2 0x100 EXP SUB NOT AND DUP2 MSTORE PUSH1 0x20 ADD SWAP2 POP JUMPDEST POP SWAP3 POP POP POP PUSH1 0x40 MLOAD DUP1 SWAP2 SUB SWAP1 RETURN JUMPDEST CALLVALUE DUP1 ISZERO PUSH2 0x200 JUMPI PUSH1 0x0 DUP1 REVERT JUMPDEST POP PUSH2 0x23F PUSH1 0x4 DUP1 CALLDATASIZE SUB DUP2 ADD SWAP1 DUP1 DUP1 CALLDATALOAD PUSH20 0xFFFFFFFFFFFFFFFFFFFFFFFFFFFFFFFFFFFFFFFF AND SWAP1 PUSH1 0x20 ADD SWAP1 SWAP3 SWAP2 SWAP1 DUP1 CALLDATALOAD SWAP1 PUSH1 0x20 ADD SWAP1 SWAP3 SWAP2 SWAP1 POP POP POP PUSH2 0x97B JUMP JUMPDEST PUSH1 0x40 MLOAD DUP1 DUP3 ISZERO ISZERO ISZERO ISZERO DUP2 MSTORE PUSH1 0x20 ADD SWAP2 POP POP PUSH1 0x40 MLOAD DUP1 SWAP2 SUB SWAP1 RETURN JUMPDEST CALLVALUE DUP1 ISZERO PUSH2 0x265 JUMPI PUSH1 0x0 DUP1 REVERT JUMPDEST POP PUSH2 0x26E PUSH2 0xA6D JUMP JUMPDEST PUSH1 0x40 MLOAD DUP1 DUP3 DUP2 MSTORE PUSH1 0x20 ADD SWAP2 POP POP PUSH1 0x40 MLOAD DUP1 SWAP2 SUB SWAP1 RETURN JUMPDEST CALLVALUE DUP1 ISZERO PUSH2 0x290 JUMPI PUSH1 0x0 DUP1 REVERT JUMPDEST POP PUSH2 0x2EF PUSH1 0x4 DUP1 CALLDATASIZE SUB DUP2 ADD SWAP1 DUP1 DUP1 CALLDATALOAD PUSH20 0xFFFFFFFFFFFFFFFFFFFFFFFFFFFFFFFFFFFFFFFF AND SWAP1 PUSH1 0x20 ADD SWAP1 SWAP3 SWAP2 SWAP1 DUP1 CALLDATALOAD PUSH20 0xFFFFFFFFFFFFFFFFFFFFFFFFFFFFFFFFFFFFFFFF AND SWAP1 PUSH1 0x20 ADD SWAP1 SWAP3 SWAP2 SWAP1 DUP1 CALLDATALOAD SWAP1 PUSH1 0x20 ADD SWAP1 SWAP3 SWAP2 SWAP1 POP POP POP PUSH2 0xA73 JUMP JUMPDEST PUSH1 0x40 MLOAD DUP1 DUP3 ISZERO ISZERO ISZERO ISZERO DUP2 MSTORE PUSH1 0x20 ADD SWAP2 POP POP PUSH1 0x40 MLOAD DUP1 SWAP2 SUB SWAP1 RETURN JUMPDEST CALLVALUE DUP1 ISZERO PUSH2 0x315 JUMPI PUSH1 0x0 DUP1 REVERT JUMPDEST POP PUSH2 0x31E PUSH2 0xBA0 JUMP JUMPDEST PUSH1 0x40 MLOAD DUP1 DUP3 PUSH1 0xFF AND PUSH1 0xFF AND DUP2 MSTORE PUSH1 0x20 ADD SWAP2 POP POP PUSH1 0x40 MLOAD DUP1 SWAP2 SUB SWAP1 RETURN JUMPDEST CALLVALUE DUP1 ISZERO PUSH2 0x346 JUMPI PUSH1 0x0 DUP1 REVERT JUMPDEST POP PUSH2 0x365 PUSH1 0x4 DUP1 CALLDATASIZE SUB DUP2 ADD SWAP1 DUP1 DUP1 CALLDATALOAD SWAP1 PUSH1 0x20 ADD SWAP1 SWAP3 SWAP2 SWAP1 POP POP POP PUSH2 0xBB3 JUMP JUMPDEST PUSH1 0x40 MLOAD DUP1 DUP3 ISZERO ISZERO ISZERO ISZERO DUP2 MSTORE PUSH1 0x20 ADD SWAP2 POP POP PUSH1 0x40 MLOAD DUP1 SWAP2 SUB SWAP1 RETURN JUMPDEST CALLVALUE DUP1 ISZERO PUSH2 0x38B JUMPI PUSH1 0x0 DUP1 REVERT JUMPDEST POP PUSH2 0x394 PUSH2 0xCB7 JUMP JUMPDEST PUSH1 0x40 MLOAD DUP1 DUP3 DUP2 MSTORE PUSH1 0x20 ADD SWAP2 POP POP PUSH1 0x40 MLOAD DUP1 SWAP2 SUB SWAP1 RETURN JUMPDEST CALLVALUE DUP1 ISZERO PUSH2 0x3B6 JUMPI PUSH1 0x0 DUP1 REVERT JUMPDEST POP PUSH2 0x3EB PUSH1 0x4 DUP1 CALLDATASIZE SUB DUP2 ADD SWAP1 DUP1 DUP1 CALLDATALOAD PUSH20 0xFFFFFFFFFFFFFFFFFFFFFFFFFFFFFFFFFFFFFFFF AND SWAP1 PUSH1 0x20 ADD SWAP1 SWAP3 SWAP2 SWAP1 POP POP POP PUSH2 0xCBD JUMP JUMPDEST PUSH1 0x40 MLOAD DUP1 DUP3 DUP2 MSTORE PUSH1 0x20 ADD SWAP2 POP POP PUSH1 0x40 MLOAD DUP1 SWAP2 SUB SWAP1 RETURN JUMPDEST CALLVALUE DUP1 ISZERO PUSH2 0x40D JUMPI PUSH1 0x0 DUP1 REVERT JUMPDEST POP PUSH2 0x44C PUSH1 0x4 DUP1 CALLDATASIZE SUB DUP2 ADD SWAP1 DUP1 DUP1 CALLDATALOAD PUSH20 0xFFFFFFFFFFFFFFFFFFFFFFFFFFFFFFFFFFFFFFFF AND SWAP1 PUSH1 0x20 ADD SWAP1 SWAP3 SWAP2 SWAP1 DUP1 CALLDATALOAD SWAP1 PUSH1 0x20 ADD SWAP1 SWAP3 SWAP2 SWAP1 POP POP POP PUSH2 0xCD5 JUMP JUMPDEST STOP JUMPDEST CALLVALUE DUP1 ISZERO PUSH2 0x45A JUMPI PUSH1 0x0 DUP1 REVERT JUMPDEST POP PUSH2 0x499 PUSH1 0x4 DUP1 CALLDATASIZE SUB DUP2 ADD SWAP1 DUP1 DUP1 CALLDATALOAD PUSH20 0xFFFFFFFFFFFFFFFFFFFFFFFFFFFFFFFFFFFFFFFF AND SWAP1 PUSH1 0x20 ADD SWAP1 SWAP3 SWAP2 SWAP1 DUP1 CALLDATALOAD SWAP1 PUSH1 0x20 ADD SWAP1 SWAP3 SWAP2 SWAP1 POP POP POP PUSH2 0xE46 JUMP JUMPDEST PUSH1 0x40 MLOAD DUP1 DUP3 ISZERO ISZERO ISZERO ISZERO DUP2 MSTORE PUSH1 0x20 ADD SWAP2 POP POP PUSH1 0x40 MLOAD DUP1 SWAP2 SUB SWAP1 RETURN JUMPDEST CALLVALUE DUP1 ISZERO PUSH2 0x4BF JUMPI PUSH1 0x0 DUP1 REVERT JUMPDEST POP PUSH2 0x4C8 PUSH2 0x1060 JUMP JUMPDEST PUSH1 0x40 MLOAD DUP1 DUP3 DUP2 MSTORE PUSH1 0x20 ADD SWAP2 POP POP PUSH1 0x40 MLOAD DUP1 SWAP2 SUB SWAP1 RETURN JUMPDEST CALLVALUE DUP1 ISZERO PUSH2 0x4EA JUMPI PUSH1 0x0 DUP1 REVERT JUMPDEST POP PUSH2 0x4F3 PUSH2 0x1066 JUMP JUMPDEST PUSH1 0x40 MLOAD DUP1 DUP3 PUSH20 0xFFFFFFFFFFFFFFFFFFFFFFFFFFFFFFFFFFFFFFFF AND PUSH20 0xFFFFFFFFFFFFFFFFFFFFFFFFFFFFFFFFFFFFFFFF AND DUP2 MSTORE PUSH1 0x20 ADD SWAP2 POP POP PUSH1 0x40 MLOAD DUP1 SWAP2 SUB SWAP1 RETURN JUMPDEST CALLVALUE DUP1 ISZERO PUSH2 0x541 JUMPI PUSH1 0x0 DUP1 REVERT JUMPDEST POP PUSH2 0x54A PUSH2 0x108B JUMP JUMPDEST PUSH1 0x40 MLOAD DUP1 DUP1 PUSH1 0x20 ADD DUP3 DUP2 SUB DUP3 MSTORE DUP4 DUP2 DUP2 MLOAD DUP2 MSTORE PUSH1 0x20 ADD SWAP2 POP DUP1 MLOAD SWAP1 PUSH1 0x20 ADD SWAP1 DUP1 DUP4 DUP4 PUSH1 0x0 JUMPDEST DUP4 DUP2 LT ISZERO PUSH2 0x58A JUMPI DUP1 DUP3 ADD MLOAD DUP2 DUP5 ADD MSTORE PUSH1 0x20 DUP2 ADD SWAP1 POP PUSH2 0x56F JUMP JUMPDEST POP POP POP POP SWAP1 POP SWAP1 DUP2 ADD SWAP1 PUSH1 0x1F AND DUP1 ISZERO PUSH2 0x5B7 JUMPI DUP1 DUP3 SUB DUP1 MLOAD PUSH1 0x1 DUP4 PUSH1 0x20 SUB PUSH2 0x100 EXP SUB NOT AND DUP2 MSTORE PUSH1 0x20 ADD SWAP2 POP JUMPDEST POP SWAP3 POP POP POP PUSH1 0x40 MLOAD DUP1 SWAP2 SUB SWAP1 RETURN JUMPDEST PUSH2 0x5CD PUSH2 0x1129 JUMP JUMPDEST STOP JUMPDEST CALLVALUE DUP1 ISZERO PUSH2 0x5DB JUMPI PUSH1 0x0 DUP1 REVERT JUMPDEST POP PUSH2 0x61A PUSH1 0x4 DUP1 CALLDATASIZE SUB DUP2 ADD SWAP1 DUP1 DUP1 CALLDATALOAD PUSH20 0xFFFFFFFFFFFFFFFFFFFFFFFFFFFFFFFFFFFFFFFF AND SWAP1 PUSH1 0x20 ADD SWAP1 SWAP3 SWAP2 SWAP1 DUP1 CALLDATALOAD SWAP1 PUSH1 0x20 ADD SWAP1 SWAP3 SWAP2 SWAP1 POP POP POP PUSH2 0x1149 JUMP JUMPDEST PUSH1 0x40 MLOAD DUP1 DUP3 ISZERO ISZERO ISZERO ISZERO DUP2 MSTORE PUSH1 0x20 ADD SWAP2 POP POP PUSH1 0x40 MLOAD DUP1 SWAP2 SUB SWAP1 RETURN JUMPDEST CALLVALUE DUP1 ISZERO PUSH2 0x640 JUMPI PUSH1 0x0 DUP1 REVERT JUMPDEST POP PUSH2 0x675 PUSH1 0x4 DUP1 CALLDATASIZE SUB DUP2 ADD SWAP1 DUP1 DUP1 CALLDATALOAD PUSH20 0xFFFFFFFFFFFFFFFFFFFFFFFFFFFFFFFFFFFFFFFF AND SWAP1 PUSH1 0x20 ADD SWAP1 SWAP3 SWAP2 SWAP1 POP POP POP PUSH2 0x1160 JUMP JUMPDEST PUSH1 0x40 MLOAD DUP1 DUP3 ISZERO ISZERO ISZERO ISZERO DUP2 MSTORE PUSH1 0x20 ADD SWAP2 POP POP PUSH1 0x40 MLOAD DUP1 SWAP2 SUB SWAP1 RETURN JUMPDEST CALLVALUE DUP1 ISZERO PUSH2 0x69B JUMPI PUSH1 0x0 DUP1 REVERT JUMPDEST POP PUSH2 0x720 PUSH1 0x4 DUP1 CALLDATASIZE SUB DUP2 ADD SWAP1 DUP1 DUP1 CALLDATALOAD PUSH20 0xFFFFFFFFFFFFFFFFFFFFFFFFFFFFFFFFFFFFFFFF AND SWAP1 PUSH1 0x20 ADD SWAP1 SWAP3 SWAP2 SWAP1 DUP1 CALLDATALOAD SWAP1 PUSH1 0x20 ADD SWAP1 SWAP3 SWAP2 SWAP1 DUP1 CALLDATALOAD SWAP1 PUSH1 0x20 ADD SWAP1 DUP3 ADD DUP1 CALLDATALOAD SWAP1 PUSH1 0x20 ADD SWAP1 DUP1 DUP1 PUSH1 0x1F ADD PUSH1 0x20 DUP1 SWAP2 DIV MUL PUSH1 0x20 ADD PUSH1 0x40 MLOAD SWAP1 DUP2 ADD PUSH1 0x40 MSTORE DUP1 SWAP4 SWAP3 SWAP2 SWAP1 DUP2 DUP2 MSTORE PUSH1 0x20 ADD DUP4 DUP4 DUP1 DUP3 DUP5 CALLDATACOPY DUP3 ADD SWAP2 POP POP POP POP POP POP SWAP2 SWAP3 SWAP2 SWAP3 SWAP1 POP POP POP PUSH2 0x1180 JUMP JUMPDEST PUSH1 0x40 MLOAD DUP1 DUP3 ISZERO ISZERO ISZERO ISZERO DUP2 MSTORE PUSH1 0x20 ADD SWAP2 POP POP PUSH1 0x40 MLOAD DUP1 SWAP2 SUB SWAP1 RETURN JUMPDEST CALLVALUE DUP1 ISZERO PUSH2 0x746 JUMPI PUSH1 0x0 DUP1 REVERT JUMPDEST POP PUSH2 0x79B PUSH1 0x4 DUP1 CALLDATASIZE SUB DUP2 ADD SWAP1 DUP1 DUP1 CALLDATALOAD PUSH20 0xFFFFFFFFFFFFFFFFFFFFFFFFFFFFFFFFFFFFFFFF AND SWAP1 PUSH1 0x20 ADD SWAP1 SWAP3 SWAP2 SWAP1 DUP1 CALLDATALOAD PUSH20 0xFFFFFFFFFFFFFFFFFFFFFFFFFFFFFFFFFFFFFFFF AND SWAP1 PUSH1 0x20 ADD SWAP1 SWAP3 SWAP2 SWAP1 POP POP POP PUSH2 0x1303 JUMP JUMPDEST PUSH1 0x40 MLOAD DUP1 DUP3 DUP2 MSTORE PUSH1 0x20 ADD SWAP2 POP POP PUSH1 0x40 MLOAD DUP1 SWAP2 SUB SWAP1 RETURN JUMPDEST CALLVALUE DUP1 ISZERO PUSH2 0x7BD JUMPI PUSH1 0x0 DUP1 REVERT JUMPDEST POP PUSH2 0x7DC PUSH1 0x4 DUP1 CALLDATASIZE SUB DUP2 ADD SWAP1 DUP1 DUP1 CALLDATALOAD SWAP1 PUSH1 0x20 ADD SWAP1 SWAP3 SWAP2 SWAP1 POP POP POP PUSH2 0x1328 JUMP JUMPDEST STOP JUMPDEST CALLVALUE DUP1 ISZERO PUSH2 0x7EA JUMPI PUSH1 0x0 DUP1 REVERT JUMPDEST POP PUSH2 0x82B PUSH1 0x4 DUP1 CALLDATASIZE SUB DUP2 ADD SWAP1 DUP1 DUP1 CALLDATALOAD PUSH20 0xFFFFFFFFFFFFFFFFFFFFFFFFFFFFFFFFFFFFFFFF AND SWAP1 PUSH1 0x20 ADD SWAP1 SWAP3 SWAP2 SWAP1 DUP1 CALLDATALOAD ISZERO ISZERO SWAP1 PUSH1 0x20 ADD SWAP1 SWAP3 SWAP2 SWAP1 POP POP POP PUSH2 0x13B1 JUMP JUMPDEST STOP JUMPDEST CALLVALUE DUP1 ISZERO PUSH2 0x839 JUMPI PUSH1 0x0 DUP1 REVERT JUMPDEST POP PUSH2 0x86E PUSH1 0x4 DUP1 CALLDATASIZE SUB DUP2 ADD SWAP1 DUP1 DUP1 CALLDATALOAD PUSH20 0xFFFFFFFFFFFFFFFFFFFFFFFFFFFFFFFFFFFFFFFF AND SWAP1 PUSH1 0x20 ADD SWAP1 SWAP3 SWAP2 SWAP1 POP POP POP PUSH2 0x14D6 JUMP JUMPDEST STOP JUMPDEST PUSH1 0x0 DUP1 SWAP1 SLOAD SWAP1 PUSH2 0x100 EXP SWAP1 DIV PUSH20 0xFFFFFFFFFFFFFFFFFFFFFFFFFFFFFFFFFFFFFFFF AND PUSH20 0xFFFFFFFFFFFFFFFFFFFFFFFFFFFFFFFFFFFFFFFF AND CALLER PUSH20 0xFFFFFFFFFFFFFFFFFFFFFFFFFFFFFFFFFFFFFFFF AND EQ ISZERO ISZERO PUSH2 0x8CB JUMPI PUSH1 0x0 DUP1 REVERT JUMPDEST DUP2 PUSH1 0x7 DUP2 SWAP1 SSTORE POP DUP1 PUSH1 0x8 DUP2 SWAP1 SSTORE POP POP POP JUMP JUMPDEST PUSH1 0x1 DUP1 SLOAD PUSH1 0x1 DUP2 PUSH1 0x1 AND ISZERO PUSH2 0x100 MUL SUB AND PUSH1 0x2 SWAP1 DIV DUP1 PUSH1 0x1F ADD PUSH1 0x20 DUP1 SWAP2 DIV MUL PUSH1 0x20 ADD PUSH1 0x40 MLOAD SWAP1 DUP2 ADD PUSH1 0x40 MSTORE DUP1 SWAP3 SWAP2 SWAP1 DUP2 DUP2 MSTORE PUSH1 0x20 ADD DUP3 DUP1 SLOAD PUSH1 0x1 DUP2 PUSH1 0x1 AND ISZERO PUSH2 0x100 MUL SUB AND PUSH1 0x2 SWAP1 DIV DUP1 ISZERO PUSH2 0x973 JUMPI DUP1 PUSH1 0x1F LT PUSH2 0x948 JUMPI PUSH2 0x100 DUP1 DUP4 SLOAD DIV MUL DUP4 MSTORE SWAP2 PUSH1 0x20 ADD SWAP2 PUSH2 0x973 JUMP JUMPDEST DUP3 ADD SWAP2 SWAP1 PUSH1 0x0 MSTORE PUSH1 0x20 PUSH1 0x0 KECCAK256 SWAP1 JUMPDEST DUP2 SLOAD DUP2 MSTORE SWAP1 PUSH1 0x1 ADD SWAP1 PUSH1 0x20 ADD DUP1 DUP4 GT PUSH2 0x956 JUMPI DUP3 SWAP1 SUB PUSH1 0x1F AND DUP3 ADD SWAP2 JUMPDEST POP POP POP POP POP DUP2 JUMP JUMPDEST PUSH1 0x0 DUP2 PUSH1 0x6 PUSH1 0x0 CALLER PUSH20 0xFFFFFFFFFFFFFFFFFFFFFFFFFFFFFFFFFFFFFFFF AND PUSH20 0xFFFFFFFFFFFFFFFFFFFFFFFFFFFFFFFFFFFFFFFF AND DUP2 MSTORE PUSH1 0x20 ADD SWAP1 DUP2 MSTORE PUSH1 0x20 ADD PUSH1 0x0 KECCAK256 PUSH1 0x0 DUP6 PUSH20 0xFFFFFFFFFFFFFFFFFFFFFFFFFFFFFFFFFFFFFFFF AND PUSH20 0xFFFFFFFFFFFFFFFFFFFFFFFFFFFFFFFFFFFFFFFF AND DUP2 MSTORE PUSH1 0x20 ADD SWAP1 DUP2 MSTORE PUSH1 0x20 ADD PUSH1 0x0 KECCAK256 DUP2 SWAP1 SSTORE POP DUP3 PUSH20 0xFFFFFFFFFFFFFFFFFFFFFFFFFFFFFFFFFFFFFFFF AND CALLER PUSH20 0xFFFFFFFFFFFFFFFFFFFFFFFFFFFFFFFFFFFFFFFF AND PUSH32 0x8C5BE1E5EBEC7D5BD14F71427D1E84F3DD0314C0F7B2291E5B200AC8C7C3B925 DUP5 PUSH1 0x40 MLOAD DUP1 DUP3 DUP2 MSTORE PUSH1 0x20 ADD SWAP2 POP POP PUSH1 0x40 MLOAD DUP1 SWAP2 SUB SWAP1 LOG3 PUSH1 0x1 SWAP1 POP SWAP3 SWAP2 POP POP JUMP JUMPDEST PUSH1 0x4 SLOAD DUP2 JUMP JUMPDEST PUSH1 0x0 PUSH1 0x6 PUSH1 0x0 DUP6 PUSH20 0xFFFFFFFFFFFFFFFFFFFFFFFFFFFFFFFFFFFFFFFF AND PUSH20 0xFFFFFFFFFFFFFFFFFFFFFFFFFFFFFFFFFFFFFFFF AND DUP2 MSTORE PUSH1 0x20 ADD SWAP1 DUP2 MSTORE PUSH1 0x20 ADD PUSH1 0x0 KECCAK256 PUSH1 0x0 CALLER PUSH20 0xFFFFFFFFFFFFFFFFFFFFFFFFFFFFFFFFFFFFFFFF AND PUSH20 0xFFFFFFFFFFFFFFFFFFFFFFFFFFFFFFFFFFFFFFFF AND DUP2 MSTORE PUSH1 0x20 ADD SWAP1 DUP2 MSTORE PUSH1 0x20 ADD PUSH1 0x0 KECCAK256 SLOAD DUP3 GT ISZERO ISZERO ISZERO PUSH2 0xB00 JUMPI PUSH1 0x0 DUP1 REVERT JUMPDEST DUP2 PUSH1 0x6 PUSH1 0x0 DUP7 PUSH20 0xFFFFFFFFFFFFFFFFFFFFFFFFFFFFFFFFFFFFFFFF AND PUSH20 0xFFFFFFFFFFFFFFFFFFFFFFFFFFFFFFFFFFFFFFFF AND DUP2 MSTORE PUSH1 0x20 ADD SWAP1 DUP2 MSTORE PUSH1 0x20 ADD PUSH1 0x0 KECCAK256 PUSH1 0x0 CALLER PUSH20 0xFFFFFFFFFFFFFFFFFFFFFFFFFFFFFFFFFFFFFFFF AND PUSH20 0xFFFFFFFFFFFFFFFFFFFFFFFFFFFFFFFFFFFFFFFF AND DUP2 MSTORE PUSH1 0x20 ADD SWAP1 DUP2 MSTORE PUSH1 0x20 ADD PUSH1 0x0 KECCAK256 PUSH1 0x0 DUP3 DUP3 SLOAD SUB SWAP3 POP POP DUP2 SWAP1 SSTORE POP PUSH2 0xB95 DUP5 DUP5 DUP5 PUSH2 0x1574 JUMP JUMPDEST PUSH1 0x1 SWAP1 POP SWAP4 SWAP3 POP POP POP JUMP JUMPDEST PUSH1 0x3 PUSH1 0x0 SWAP1 SLOAD SWAP1 PUSH2 0x100 EXP SWAP1 DIV PUSH1 0xFF AND DUP2 JUMP JUMPDEST PUSH1 0x0 DUP2 PUSH1 0x5 PUSH1 0x0 CALLER PUSH20 0xFFFFFFFFFFFFFFFFFFFFFFFFFFFFFFFFFFFFFFFF AND PUSH20 0xFFFFFFFFFFFFFFFFFFFFFFFFFFFFFFFFFFFFFFFF AND DUP2 MSTORE PUSH1 0x20 ADD SWAP1 DUP2 MSTORE PUSH1 0x20 ADD PUSH1 0x0 KECCAK256 SLOAD LT ISZERO ISZERO ISZERO PUSH2 0xC03 JUMPI PUSH1 0x0 DUP1 REVERT JUMPDEST DUP2 PUSH1 0x5 PUSH1 0x0 CALLER PUSH20 0xFFFFFFFFFFFFFFFFFFFFFFFFFFFFFFFFFFFFFFFF AND PUSH20 0xFFFFFFFFFFFFFFFFFFFFFFFFFFFFFFFFFFFFFFFF AND DUP2 MSTORE PUSH1 0x20 ADD SWAP1 DUP2 MSTORE PUSH1 0x20 ADD PUSH1 0x0 KECCAK256 PUSH1 0x0 DUP3 DUP3 SLOAD SUB SWAP3 POP POP DUP2 SWAP1 SSTORE POP DUP2 PUSH1 0x4 PUSH1 0x0 DUP3 DUP3 SLOAD SUB SWAP3 POP POP DUP2 SWAP1 SSTORE POP CALLER PUSH20 0xFFFFFFFFFFFFFFFFFFFFFFFFFFFFFFFFFFFFFFFF AND PUSH32 0xCC16F5DBB4873280815C1EE09DBD06736CFFCC184412CF7A71A0FDB75D397CA5 DUP4 PUSH1 0x40 MLOAD DUP1 DUP3 DUP2 MSTORE PUSH1 0x20 ADD SWAP2 POP POP PUSH1 0x40 MLOAD DUP1 SWAP2 SUB SWAP1 LOG2 PUSH1 0x1 SWAP1 POP SWAP2 SWAP1 POP JUMP JUMPDEST PUSH1 0x7 SLOAD DUP2 JUMP JUMPDEST PUSH1 0x5 PUSH1 0x20 MSTORE DUP1 PUSH1 0x0 MSTORE PUSH1 0x40 PUSH1 0x0 KECCAK256 PUSH1 0x0 SWAP2 POP SWAP1 POP SLOAD DUP2 JUMP JUMPDEST PUSH1 0x0 DUP1 SWAP1 SLOAD SWAP1 PUSH2 0x100 EXP SWAP1 DIV PUSH20 0xFFFFFFFFFFFFFFFFFFFFFFFFFFFFFFFFFFFFFFFF AND PUSH20 0xFFFFFFFFFFFFFFFFFFFFFFFFFFFFFFFFFFFFFFFF AND CALLER PUSH20 0xFFFFFFFFFFFFFFFFFFFFFFFFFFFFFFFFFFFFFFFF AND EQ ISZERO ISZERO PUSH2 0xD30 JUMPI PUSH1 0x0 DUP1 REVERT JUMPDEST DUP1 PUSH1 0x5 PUSH1 0x0 DUP5 PUSH20 0xFFFFFFFFFFFFFFFFFFFFFFFFFFFFFFFFFFFFFFFF AND PUSH20 0xFFFFFFFFFFFFFFFFFFFFFFFFFFFFFFFFFFFFFFFF AND DUP2 MSTORE PUSH1 0x20 ADD SWAP1 DUP2 MSTORE PUSH1 0x20 ADD PUSH1 0x0 KECCAK256 PUSH1 0x0 DUP3 DUP3 SLOAD ADD SWAP3 POP POP DUP2 SWAP1 SSTORE POP DUP1 PUSH1 0x4 PUSH1 0x0 DUP3 DUP3 SLOAD ADD SWAP3 POP POP DUP2 SWAP1 SSTORE POP ADDRESS PUSH20 0xFFFFFFFFFFFFFFFFFFFFFFFFFFFFFFFFFFFFFFFF AND PUSH1 0x0 PUSH32 0xDDF252AD1BE2C89B69C2B068FC378DAA952BA7F163C4A11628F55A4DF523B3EF DUP4 PUSH1 0x40 MLOAD DUP1 DUP3 DUP2 MSTORE PUSH1 0x20 ADD SWAP2 POP POP PUSH1 0x40 MLOAD DUP1 SWAP2 SUB SWAP1 LOG3 DUP2 PUSH20 0xFFFFFFFFFFFFFFFFFFFFFFFFFFFFFFFFFFFFFFFF AND ADDRESS PUSH20 0xFFFFFFFFFFFFFFFFFFFFFFFFFFFFFFFFFFFFFFFF AND PUSH32 0xDDF252AD1BE2C89B69C2B068FC378DAA952BA7F163C4A11628F55A4DF523B3EF DUP4 PUSH1 0x40 MLOAD DUP1 DUP3 DUP2 MSTORE PUSH1 0x20 ADD SWAP2 POP POP PUSH1 0x40 MLOAD DUP1 SWAP2 SUB SWAP1 LOG3 POP POP JUMP JUMPDEST PUSH1 0x0 DUP2 PUSH1 0x5 PUSH1 0x0 DUP6 PUSH20 0xFFFFFFFFFFFFFFFFFFFFFFFFFFFFFFFFFFFFFFFF AND PUSH20 0xFFFFFFFFFFFFFFFFFFFFFFFFFFFFFFFFFFFFFFFF AND DUP2 MSTORE PUSH1 0x20 ADD SWAP1 DUP2 MSTORE PUSH1 0x20 ADD PUSH1 0x0 KECCAK256 SLOAD LT ISZERO ISZERO ISZERO PUSH2 0xE96 JUMPI PUSH1 0x0 DUP1 REVERT JUMPDEST PUSH1 0x6 PUSH1 0x0 DUP5 PUSH20 0xFFFFFFFFFFFFFFFFFFFFFFFFFFFFFFFFFFFFFFFF AND PUSH20 0xFFFFFFFFFFFFFFFFFFFFFFFFFFFFFFFFFFFFFFFF AND DUP2 MSTORE PUSH1 0x20 ADD SWAP1 DUP2 MSTORE PUSH1 0x20 ADD PUSH1 0x0 KECCAK256 PUSH1 0x0 CALLER PUSH20 0xFFFFFFFFFFFFFFFFFFFFFFFFFFFFFFFFFFFFFFFF AND PUSH20 0xFFFFFFFFFFFFFFFFFFFFFFFFFFFFFFFFFFFFFFFF AND DUP2 MSTORE PUSH1 0x20 ADD SWAP1 DUP2 MSTORE PUSH1 0x20 ADD PUSH1 0x0 KECCAK256 SLOAD DUP3 GT ISZERO ISZERO ISZERO PUSH2 0xF21 JUMPI PUSH1 0x0 DUP1 REVERT JUMPDEST DUP2 PUSH1 0x5 PUSH1 0x0 DUP6 PUSH20 0xFFFFFFFFFFFFFFFFFFFFFFFFFFFFFFFFFFFFFFFF AND PUSH20 0xFFFFFFFFFFFFFFFFFFFFFFFFFFFFFFFFFFFFFFFF AND DUP2 MSTORE PUSH1 0x20 ADD SWAP1 DUP2 MSTORE PUSH1 0x20 ADD PUSH1 0x0 KECCAK256 PUSH1 0x0 DUP3 DUP3 SLOAD SUB SWAP3 POP POP DUP2 SWAP1 SSTORE POP DUP2 PUSH1 0x6 PUSH1 0x0 DUP6 PUSH20 0xFFFFFFFFFFFFFFFFFFFFFFFFFFFFFFFFFFFFFFFF AND PUSH20 0xFFFFFFFFFFFFFFFFFFFFFFFFFFFFFFFFFFFFFFFF AND DUP2 MSTORE PUSH1 0x20 ADD SWAP1 DUP2 MSTORE PUSH1 0x20 ADD PUSH1 0x0 KECCAK256 PUSH1 0x0 CALLER PUSH20 0xFFFFFFFFFFFFFFFFFFFFFFFFFFFFFFFFFFFFFFFF AND PUSH20 0xFFFFFFFFFFFFFFFFFFFFFFFFFFFFFFFFFFFFFFFF AND DUP2 MSTORE PUSH1 0x20 ADD SWAP1 DUP2 MSTORE PUSH1 0x20 ADD PUSH1 0x0 KECCAK256 PUSH1 0x0 DUP3 DUP3 SLOAD SUB SWAP3 POP POP DUP2 SWAP1 SSTORE POP DUP2 PUSH1 0x4 PUSH1 0x0 DUP3 DUP3 SLOAD SUB SWAP3 POP POP DUP2 SWAP1 SSTORE POP DUP3 PUSH20 0xFFFFFFFFFFFFFFFFFFFFFFFFFFFFFFFFFFFFFFFF AND PUSH32 0xCC16F5DBB4873280815C1EE09DBD06736CFFCC184412CF7A71A0FDB75D397CA5 DUP4 PUSH1 0x40 MLOAD DUP1 DUP3 DUP2 MSTORE PUSH1 0x20 ADD SWAP2 POP POP PUSH1 0x40 MLOAD DUP1 SWAP2 SUB SWAP1 LOG2 PUSH1 0x1 SWAP1 POP SWAP3 SWAP2 POP POP JUMP JUMPDEST PUSH1 0x8 SLOAD DUP2 JUMP JUMPDEST PUSH1 0x0 DUP1 SWAP1 SLOAD SWAP1 PUSH2 0x100 EXP SWAP1 DIV PUSH20 0xFFFFFFFFFFFFFFFFFFFFFFFFFFFFFFFFFFFFFFFF AND DUP2 JUMP JUMPDEST PUSH1 0x2 DUP1 SLOAD PUSH1 0x1 DUP2 PUSH1 0x1 AND ISZERO PUSH2 0x100 MUL SUB AND PUSH1 0x2 SWAP1 DIV DUP1 PUSH1 0x1F ADD PUSH1 0x20 DUP1 SWAP2 DIV MUL PUSH1 0x20 ADD PUSH1 0x40 MLOAD SWAP1 DUP2 ADD PUSH1 0x40 MSTORE DUP1 SWAP3 SWAP2 SWAP1 DUP2 DUP2 MSTORE PUSH1 0x20 ADD DUP3 DUP1 SLOAD PUSH1 0x1 DUP2 PUSH1 0x1 AND ISZERO PUSH2 0x100 MUL SUB AND PUSH1 0x2 SWAP1 DIV DUP1 ISZERO PUSH2 0x1121 JUMPI DUP1 PUSH1 0x1F LT PUSH2 0x10F6 JUMPI PUSH2 0x100 DUP1 DUP4 SLOAD DIV MUL DUP4 MSTORE SWAP2 PUSH1 0x20 ADD SWAP2 PUSH2 0x1121 JUMP JUMPDEST DUP3 ADD SWAP2 SWAP1 PUSH1 0x0 MSTORE PUSH1 0x20 PUSH1 0x0 KECCAK256 SWAP1 JUMPDEST DUP2 SLOAD DUP2 MSTORE SWAP1 PUSH1 0x1 ADD SWAP1 PUSH1 0x20 ADD DUP1 DUP4 GT PUSH2 0x1104 JUMPI DUP3 SWAP1 SUB PUSH1 0x1F AND DUP3 ADD SWAP2 JUMPDEST POP POP POP POP POP DUP2 JUMP JUMPDEST PUSH1 0x0 PUSH1 0x8 SLOAD CALLVALUE DUP2 ISZERO ISZERO PUSH2 0x1138 JUMPI INVALID JUMPDEST DIV SWAP1 POP PUSH2 0x1146 ADDRESS CALLER DUP4 PUSH2 0x1574 JUMP JUMPDEST POP JUMP JUMPDEST PUSH1 0x0 PUSH2 0x1156 CALLER DUP5 DUP5 PUSH2 0x1574 JUMP JUMPDEST PUSH1 0x1 SWAP1 POP SWAP3 SWAP2 POP POP JUMP JUMPDEST PUSH1 0x9 PUSH1 0x20 MSTORE DUP1 PUSH1 0x0 MSTORE PUSH1 0x40 PUSH1 0x0 KECCAK256 PUSH1 0x0 SWAP2 POP SLOAD SWAP1 PUSH2 0x100 EXP SWAP1 DIV PUSH1 0xFF AND DUP2 JUMP JUMPDEST PUSH1 0x0 DUP1 DUP5 SWAP1 POP PUSH2 0x1190 DUP6 DUP6 PUSH2 0x97B JUMP JUMPDEST ISZERO PUSH2 0x12FA JUMPI DUP1 PUSH20 0xFFFFFFFFFFFFFFFFFFFFFFFFFFFFFFFFFFFFFFFF AND PUSH4 0x8F4FFCB1 CALLER DUP7 ADDRESS DUP8 PUSH1 0x40 MLOAD DUP6 PUSH4 0xFFFFFFFF AND PUSH29 0x100000000000000000000000000000000000000000000000000000000 MUL DUP2 MSTORE PUSH1 0x4 ADD DUP1 DUP6 PUSH20 0xFFFFFFFFFFFFFFFFFFFFFFFFFFFFFFFFFFFFFFFF AND PUSH20 0xFFFFFFFFFFFFFFFFFFFFFFFFFFFFFFFFFFFFFFFF AND DUP2 MSTORE PUSH1 0x20 ADD DUP5 DUP2 MSTORE PUSH1 0x20 ADD DUP4 PUSH20 0xFFFFFFFFFFFFFFFFFFFFFFFFFFFFFFFFFFFFFFFF AND PUSH20 0xFFFFFFFFFFFFFFFFFFFFFFFFFFFFFFFFFFFFFFFF AND DUP2 MSTORE PUSH1 0x20 ADD DUP1 PUSH1 0x20 ADD DUP3 DUP2 SUB DUP3 MSTORE DUP4 DUP2 DUP2 MLOAD DUP2 MSTORE PUSH1 0x20 ADD SWAP2 POP DUP1 MLOAD SWAP1 PUSH1 0x20 ADD SWAP1 DUP1 DUP4 DUP4 PUSH1 0x0 JUMPDEST DUP4 DUP2 LT ISZERO PUSH2 0x128A JUMPI DUP1 DUP3 ADD MLOAD DUP2 DUP5 ADD MSTORE PUSH1 0x20 DUP2 ADD SWAP1 POP PUSH2 0x126F JUMP JUMPDEST POP POP POP POP SWAP1 POP SWAP1 DUP2 ADD SWAP1 PUSH1 0x1F AND DUP1 ISZERO PUSH2 0x12B7 JUMPI DUP1 DUP3 SUB DUP1 MLOAD PUSH1 0x1 DUP4 PUSH1 0x20 SUB PUSH2 0x100 EXP SUB NOT AND DUP2 MSTORE PUSH1 0x20 ADD SWAP2 POP JUMPDEST POP SWAP6 POP POP POP POP POP POP PUSH1 0x0 PUSH1 0x40 MLOAD DUP1 DUP4 SUB DUP2 PUSH1 0x0 DUP8 DUP1 EXTCODESIZE ISZERO DUP1 ISZERO PUSH2 0x12D9 JUMPI PUSH1 0x0 DUP1 REVERT JUMPDEST POP GAS CALL ISZERO DUP1 ISZERO PUSH2 0x12ED JUMPI RETURNDATASIZE PUSH1 0x0 DUP1 RETURNDATACOPY RETURNDATASIZE PUSH1 0x0 REVERT JUMPDEST POP POP POP POP PUSH1 0x1 SWAP2 POP PUSH2 0x12FB JUMP JUMPDEST JUMPDEST POP SWAP4 SWAP3 POP POP POP JUMP JUMPDEST PUSH1 0x6 PUSH1 0x20 MSTORE DUP2 PUSH1 0x0 MSTORE PUSH1 0x40 PUSH1 0x0 KECCAK256 PUSH1 0x20 MSTORE DUP1 PUSH1 0x0 MSTORE PUSH1 0x40 PUSH1 0x0 KECCAK256 PUSH1 0x0 SWAP2 POP SWAP2 POP POP SLOAD DUP2 JUMP JUMPDEST PUSH1 0x0 ADDRESS SWAP1 POP PUSH1 0x7 SLOAD DUP3 MUL DUP2 PUSH20 0xFFFFFFFFFFFFFFFFFFFFFFFFFFFFFFFFFFFFFFFF AND BALANCE LT ISZERO ISZERO ISZERO PUSH2 0x1357 JUMPI PUSH1 0x0 DUP1 REVERT JUMPDEST PUSH2 0x1362 CALLER ADDRESS DUP5 PUSH2 0x1574 JUMP JUMPDEST CALLER PUSH20 0xFFFFFFFFFFFFFFFFFFFFFFFFFFFFFFFFFFFFFFFF AND PUSH2 0x8FC PUSH1 0x7 SLOAD DUP5 MUL SWAP1 DUP2 ISZERO MUL SWAP1 PUSH1 0x40 MLOAD PUSH1 0x0 PUSH1 0x40 MLOAD DUP1 DUP4 SUB DUP2 DUP6 DUP9 DUP9 CALL SWAP4 POP POP POP POP ISZERO DUP1 ISZERO PUSH2 0x13AC JUMPI RETURNDATASIZE PUSH1 0x0 DUP1 RETURNDATACOPY RETURNDATASIZE PUSH1 0x0 REVERT JUMPDEST POP POP POP JUMP JUMPDEST PUSH1 0x0 DUP1 SWAP1 SLOAD SWAP1 PUSH2 0x100 EXP SWAP1 DIV PUSH20 0xFFFFFFFFFFFFFFFFFFFFFFFFFFFFFFFFFFFFFFFF AND PUSH20 0xFFFFFFFFFFFFFFFFFFFFFFFFFFFFFFFFFFFFFFFF AND CALLER PUSH20 0xFFFFFFFFFFFFFFFFFFFFFFFFFFFFFFFFFFFFFFFF AND EQ ISZERO ISZERO PUSH2 0x140C JUMPI PUSH1 0x0 DUP1 REVERT JUMPDEST DUP1 PUSH1 0x9 PUSH1 0x0 DUP5 PUSH20 0xFFFFFFFFFFFFFFFFFFFFFFFFFFFFFFFFFFFFFFFF AND PUSH20 0xFFFFFFFFFFFFFFFFFFFFFFFFFFFFFFFFFFFFFFFF AND DUP2 MSTORE PUSH1 0x20 ADD SWAP1 DUP2 MSTORE PUSH1 0x20 ADD PUSH1 0x0 KECCAK256 PUSH1 0x0 PUSH2 0x100 EXP DUP2 SLOAD DUP2 PUSH1 0xFF MUL NOT AND SWAP1 DUP4 ISZERO ISZERO MUL OR SWAP1 SSTORE POP PUSH32 0x48335238B4855F35377ED80F164E8C6F3C366E54AC00B96A6402D4A9814A03A5 DUP3 DUP3 PUSH1 0x40 MLOAD DUP1 DUP4 PUSH20 0xFFFFFFFFFFFFFFFFFFFFFFFFFFFFFFFFFFFFFFFF AND PUSH20 0xFFFFFFFFFFFFFFFFFFFFFFFFFFFFFFFFFFFFFFFF AND DUP2 MSTORE PUSH1 0x20 ADD DUP3 ISZERO ISZERO ISZERO ISZERO DUP2 MSTORE PUSH1 0x20 ADD SWAP3 POP POP POP PUSH1 0x40 MLOAD DUP1 SWAP2 SUB SWAP1 LOG1 POP POP JUMP JUMPDEST PUSH1 0x0 DUP1 SWAP1 SLOAD SWAP1 PUSH2 0x100 EXP SWAP1 DIV PUSH20 0xFFFFFFFFFFFFFFFFFFFFFFFFFFFFFFFFFFFFFFFF AND PUSH20 0xFFFFFFFFFFFFFFFFFFFFFFFFFFFFFFFFFFFFFFFF AND CALLER PUSH20 0xFFFFFFFFFFFFFFFFFFFFFFFFFFFFFFFFFFFFFFFF AND EQ ISZERO ISZERO PUSH2 0x1531 JUMPI PUSH1 0x0 DUP1 REVERT JUMPDEST DUP1 PUSH1 0x0 DUP1 PUSH2 0x100 EXP DUP2 SLOAD DUP2 PUSH20 0xFFFFFFFFFFFFFFFFFFFFFFFFFFFFFFFFFFFFFFFF MUL NOT AND SWAP1 DUP4 PUSH20 0xFFFFFFFFFFFFFFFFFFFFFFFFFFFFFFFFFFFFFFFF AND MUL OR SWAP1 SSTORE POP POP JUMP JUMPDEST PUSH1 0x0 DUP3 PUSH20 0xFFFFFFFFFFFFFFFFFFFFFFFFFFFFFFFFFFFFFFFF AND EQ ISZERO ISZERO ISZERO PUSH2 0x159A JUMPI PUSH1 0x0 DUP1 REVERT JUMPDEST DUP1 PUSH1 0x5 PUSH1 0x0 DUP6 PUSH20 0xFFFFFFFFFFFFFFFFFFFFFFFFFFFFFFFFFFFFFFFF AND PUSH20 0xFFFFFFFFFFFFFFFFFFFFFFFFFFFFFFFFFFFFFFFF AND DUP2 MSTORE PUSH1 0x20 ADD SWAP1 DUP2 MSTORE PUSH1 0x20 ADD PUSH1 0x0 KECCAK256 SLOAD LT ISZERO ISZERO ISZERO PUSH2 0x15E8 JUMPI PUSH1 0x0 DUP1 REVERT JUMPDEST PUSH1 0x5 PUSH1 0x0 DUP4 PUSH20 0xFFFFFFFFFFFFFFFFFFFFFFFFFFFFFFFFFFFFFFFF AND PUSH20 0xFFFFFFFFFFFFFFFFFFFFFFFFFFFFFFFFFFFFFFFF AND DUP2 MSTORE PUSH1 0x20 ADD SWAP1 DUP2 MSTORE PUSH1 0x20 ADD PUSH1 0x0 KECCAK256 SLOAD DUP2 PUSH1 0x5 PUSH1 0x0 DUP6 PUSH20 0xFFFFFFFFFFFFFFFFFFFFFFFFFFFFFFFFFFFFFFFF AND PUSH20 0xFFFFFFFFFFFFFFFFFFFFFFFFFFFFFFFFFFFFFFFF AND DUP2 MSTORE PUSH1 0x20 ADD SWAP1 DUP2 MSTORE PUSH1 0x20 ADD PUSH1 0x0 KECCAK256 SLOAD ADD LT ISZERO ISZERO ISZERO PUSH2 0x1677 JUMPI PUSH1 0x0 DUP1 REVERT JUMPDEST PUSH1 0x9 PUSH1 0x0 DUP5 PUSH20 0xFFFFFFFFFFFFFFFFFFFFFFFFFFFFFFFFFFFFFFFF AND PUSH20 0xFFFFFFFFFFFFFFFFFFFFFFFFFFFFFFFFFFFFFFFF AND DUP2 MSTORE PUSH1 0x20 ADD SWAP1 DUP2 MSTORE PUSH1 0x20 ADD PUSH1 0x0 KECCAK256 PUSH1 0x0 SWAP1 SLOAD SWAP1 PUSH2 0x100 EXP SWAP1 DIV PUSH1 0xFF AND ISZERO ISZERO ISZERO PUSH2 0x16D0 JUMPI PUSH1 0x0 DUP1 REVERT JUMPDEST PUSH1 0x9 PUSH1 0x0 DUP4 PUSH20 0xFFFFFFFFFFFFFFFFFFFFFFFFFFFFFFFFFFFFFFFF AND PUSH20 0xFFFFFFFFFFFFFFFFFFFFFFFFFFFFFFFFFFFFFFFF AND DUP2 MSTORE PUSH1 0x20 ADD SWAP1 DUP2 MSTORE PUSH1 0x20 ADD PUSH1 0x0 KECCAK256 PUSH1 0x0 SWAP1 SLOAD SWAP1 PUSH2 0x100 EXP SWAP1 DIV PUSH1 0xFF AND ISZERO ISZERO ISZERO PUSH2 0x1729 JUMPI PUSH1 0x0 DUP1 REVERT JUMPDEST DUP1 PUSH1 0x5 PUSH1 0x0 DUP6 PUSH20 0xFFFFFFFFFFFFFFFFFFFFFFFFFFFFFFFFFFFFFFFF AND PUSH20 0xFFFFFFFFFFFFFFFFFFFFFFFFFFFFFFFFFFFFFFFF AND DUP2 MSTORE PUSH1 0x20 ADD SWAP1 DUP2 MSTORE PUSH1 0x20 ADD PUSH1 0x0 KECCAK256 PUSH1 0x0 DUP3 DUP3 SLOAD SUB SWAP3 POP POP DUP2 SWAP1 SSTORE POP DUP1 PUSH1 0x5 PUSH1 0x0 DUP5 PUSH20 0xFFFFFFFFFFFFFFFFFFFFFFFFFFFFFFFFFFFFFFFF AND PUSH20 0xFFFFFFFFFFFFFFFFFFFFFFFFFFFFFFFFFFFFFFFF AND DUP2 MSTORE PUSH1 0x20 ADD SWAP1 DUP2 MSTORE PUSH1 0x20 ADD PUSH1 0x0 KECCAK256 PUSH1 0x0 DUP3 DUP3 SLOAD ADD SWAP3 POP POP DUP2 SWAP1 SSTORE POP DUP2 PUSH20 0xFFFFFFFFFFFFFFFFFFFFFFFFFFFFFFFFFFFFFFFF AND DUP4 PUSH20 0xFFFFFFFFFFFFFFFFFFFFFFFFFFFFFFFFFFFFFFFF AND PUSH32 0xDDF252AD1BE2C89B69C2B068FC378DAA952BA7F163C4A11628F55A4DF523B3EF DUP4 PUSH1 0x40 MLOAD DUP1 DUP3 DUP2 MSTORE PUSH1 0x20 ADD SWAP2 POP POP PUSH1 0x40 MLOAD DUP1 SWAP2 SUB SWAP1 LOG3 POP POP POP JUMP STOP LOG1 PUSH6 0x627A7A723058 KECCAK256 SAR DUP6 PC 0xc8 0xef DUP13 0xbf SLT 0x5c PUSH7 0x4793005FC2FAD4 EQ 0xdd 0xab 0x46 SWAP11 0x4b 0x21 PUSH1 0xBF STOP 0xe2 0x22 XOR ADDRESS PUSH13 0x290000000000000000000000
0,PUSH1 0x80 PUSH1 0x40 MSTORE PUSH1 0x40 DUP1 MLOAD SWAP1 DUP2 ADD PUSH1 0x40 MSTORE DUP1 PUSH1 0x9 DUP2 MSTORE PUSH1 0x20 ADD PUSH32 0x52454E54434841494E0000000000000000000000000000000000000000000000 DUP2 MSTORE POP PUSH1 0x0 SWAP1 DUP1 MLOAD SWAP1 PUSH1 0x20 ADD SWAP1 PUSH3 0x51 SWAP3 SWAP2 SWAP1 PUSH3 0x156 JUMP JUMPDEST POP PUSH1 0x40 DUP1 MLOAD SWAP1 DUP2 ADD PUSH1 0x40 MSTORE DUP1 PUSH1 0x4 DUP2 MSTORE PUSH1 0x20 ADD PUSH32 0x52454E5400000000000000000000000000000000000000000000000000000000 DUP2 MSTORE POP PUSH1 0x1 SWAP1 DUP1 MLOAD SWAP1 PUSH1 0x20 ADD SWAP1 PUSH3 0x9F SWAP3 SWAP2 SWAP1 PUSH3 0x156 JUMP JUMPDEST POP PUSH6 0x1B5B8BB7000 PUSH1 0x4 SSTORE CALLVALUE DUP1 ISZERO PUSH3 0xB7 JUMPI PUSH1 0x0 DUP1 REVERT JUMPDEST POP PUSH1 0x4 SLOAD PUSH1 0x2 PUSH1 0x0 CALLER PUSH20 0xFFFFFFFFFFFFFFFFFFFFFFFFFFFFFFFFFFFFFFFF AND PUSH20 0xFFFFFFFFFFFFFFFFFFFFFFFFFFFFFFFFFFFFFFFF AND DUP2 MSTORE PUSH1 0x20 ADD SWAP1 DUP2 MSTORE PUSH1 0x20 ADD PUSH1 0x0 KECCAK256 DUP2 SWAP1 SSTORE POP CALLER PUSH20 0xFFFFFFFFFFFFFFFFFFFFFFFFFFFFFFFFFFFFFFFF AND PUSH1 0x0 PUSH32 0xDDF252AD1BE2C89B69C2B068FC378DAA952BA7F163C4A11628F55A4DF523B3EF PUSH1 0x4 SLOAD PUSH1 0x40 MLOAD DUP1 DUP3 DUP2 MSTORE PUSH1 0x20 ADD SWAP2 POP POP PUSH1 0x40 MLOAD DUP1 SWAP2 SUB SWAP1 LOG3 PUSH3 0x205 JUMP JUMPDEST DUP3 DUP1 SLOAD PUSH1 0x1 DUP2 PUSH1 0x1 AND ISZERO PUSH2 0x100 MUL SUB AND PUSH1 0x2 SWAP1 DIV SWAP1 PUSH1 0x0 MSTORE PUSH1 0x20 PUSH1 0x0 KECCAK256 SWAP1 PUSH1 0x1F ADD PUSH1 0x20 SWAP1 DIV DUP2 ADD SWAP3 DUP3 PUSH1 0x1F LT PUSH3 0x199 JUMPI DUP1 MLOAD PUSH1 0xFF NOT AND DUP4 DUP1 ADD OR DUP6 SSTORE PUSH3 0x1CA JUMP JUMPDEST DUP3 DUP1 ADD PUSH1 0x1 ADD DUP6 SSTORE DUP3 ISZERO PUSH3 0x1CA JUMPI SWAP2 DUP3 ADD JUMPDEST DUP3 DUP2 GT ISZERO PUSH3 0x1C9 JUMPI DUP3 MLOAD DUP3 SSTORE SWAP2 PUSH1 0x20 ADD SWAP2 SWAP1 PUSH1 0x1 ADD SWAP1 PUSH3 0x1AC JUMP JUMPDEST JUMPDEST POP SWAP1 POP PUSH3 0x1D9 SWAP2 SWAP1 PUSH3 0x1DD JUMP JUMPDEST POP SWAP1 JUMP JUMPDEST PUSH3 0x202 SWAP2 SWAP1 JUMPDEST DUP1 DUP3 GT ISZERO PUSH3 0x1FE JUMPI PUSH1 0x0 DUP2 PUSH1 0x0 SWAP1 SSTORE POP PUSH1 0x1 ADD PUSH3 0x1E4 JUMP JUMPDEST POP SWAP1 JUMP JUMPDEST SWAP1 JUMP JUMPDEST PUSH2 0xF8C DUP1 PUSH3 0x215 PUSH1 0x0 CODECOPY PUSH1 0x0 RETURN STOP PUSH1 0x80 PUSH1 0x40 MSTORE PUSH1 0x4 CALLDATASIZE LT PUSH2 0xA4 JUMPI PUSH1 0x0 CALLDATALOAD PUSH29 0x100000000000000000000000000000000000000000000000000000000 SWAP1 DIV PUSH4 0xFFFFFFFF AND DUP1 PUSH4 0x6FDDE03 EQ PUSH2 0xA9 JUMPI DUP1 PUSH4 0x95EA7B3 EQ PUSH2 0x139 JUMPI DUP1 PUSH4 0x18160DDD EQ PUSH2 0x19E JUMPI DUP1 PUSH4 0x23B872DD EQ PUSH2 0x1C9 JUMPI DUP1 PUSH4 0x313CE567 EQ PUSH2 0x24E JUMPI DUP1 PUSH4 0x70A08231 EQ PUSH2 0x27F JUMPI DUP1 PUSH4 0x95D89B41 EQ PUSH2 0x2D6 JUMPI DUP1 PUSH4 0xA9059CBB EQ PUSH2 0x366 JUMPI DUP1 PUSH4 0xBA0FB861 EQ PUSH2 0x3CB JUMPI DUP1 PUSH4 0xDD62ED3E EQ PUSH2 0x442 JUMPI JUMPDEST PUSH1 0x0 DUP1 REVERT JUMPDEST CALLVALUE DUP1 ISZERO PUSH2 0xB5 JUMPI PUSH1 0x0 DUP1 REVERT JUMPDEST POP PUSH2 0xBE PUSH2 0x4B9 JUMP JUMPDEST PUSH1 0x40 MLOAD DUP1 DUP1 PUSH1 0x20 ADD DUP3 DUP2 SUB DUP3 MSTORE DUP4 DUP2 DUP2 MLOAD DUP2 MSTORE PUSH1 0x20 ADD SWAP2 POP DUP1 MLOAD SWAP1 PUSH1 0x20 ADD SWAP1 DUP1 DUP4 DUP4 PUSH1 0x0 JUMPDEST DUP4 DUP2 LT ISZERO PUSH2 0xFE JUMPI DUP1 DUP3 ADD MLOAD DUP2 DUP5 ADD MSTORE PUSH1 0x20 DUP2 ADD SWAP1 POP PUSH2 0xE3 JUMP JUMPDEST POP POP POP POP SWAP1 POP SWAP1 DUP2 ADD SWAP1 PUSH1 0x1F AND DUP1 ISZERO PUSH2 0x12B JUMPI DUP1 DUP3 SUB DUP1 MLOAD PUSH1 0x1 DUP4 PUSH1 0x20 SUB PUSH2 0x100 EXP SUB NOT AND DUP2 MSTORE PUSH1 0x20 ADD SWAP2 POP JUMPDEST POP SWAP3 POP POP POP PUSH1 0x40 MLOAD DUP1 SWAP2 SUB SWAP1 RETURN JUMPDEST CALLVALUE DUP1 ISZERO PUSH2 0x145 JUMPI PUSH1 0x0 DUP1 REVERT JUMPDEST POP PUSH2 0x184 PUSH1 0x4 DUP1 CALLDATASIZE SUB DUP2 ADD SWAP1 DUP1 DUP1 CALLDATALOAD PUSH20 0xFFFFFFFFFFFFFFFFFFFFFFFFFFFFFFFFFFFFFFFF AND SWAP1 PUSH1 0x20 ADD SWAP1 SWAP3 SWAP2 SWAP1 DUP1 CALLDATALOAD SWAP1 PUSH1 0x20 ADD SWAP1 SWAP3 SWAP2 SWAP1 POP POP POP PUSH2 0x557 JUMP JUMPDEST PUSH1 0x40 MLOAD DUP1 DUP3 ISZERO ISZERO ISZERO ISZERO DUP2 MSTORE PUSH1 0x20 ADD SWAP2 POP POP PUSH1 0x40 MLOAD DUP1 SWAP2 SUB SWAP1 RETURN JUMPDEST CALLVALUE DUP1 ISZERO PUSH2 0x1AA JUMPI PUSH1 0x0 DUP1 REVERT JUMPDEST POP PUSH2 0x1B3 PUSH2 0x684 JUMP JUMPDEST PUSH1 0x40 MLOAD DUP1 DUP3 DUP2 MSTORE PUSH1 0x20 ADD SWAP2 POP POP PUSH1 0x40 MLOAD DUP1 SWAP2 SUB SWAP1 RETURN JUMPDEST CALLVALUE DUP1 ISZERO PUSH2 0x1D5 JUMPI PUSH1 0x0 DUP1 REVERT JUMPDEST POP PUSH2 0x234 PUSH1 0x4 DUP1 CALLDATASIZE SUB DUP2 ADD SWAP1 DUP1 DUP1 CALLDATALOAD PUSH20 0xFFFFFFFFFFFFFFFFFFFFFFFFFFFFFFFFFFFFFFFF AND SWAP1 PUSH1 0x20 ADD SWAP1 SWAP3 SWAP2 SWAP1 DUP1 CALLDATALOAD PUSH20 0xFFFFFFFFFFFFFFFFFFFFFFFFFFFFFFFFFFFFFFFF AND SWAP1 PUSH1 0x20 ADD SWAP1 SWAP3 SWAP2 SWAP1 DUP1 CALLDATALOAD SWAP1 PUSH1 0x20 ADD SWAP1 SWAP3 SWAP2 SWAP1 POP POP POP PUSH2 0x68A JUMP JUMPDEST PUSH1 0x40 MLOAD DUP1 DUP3 ISZERO ISZERO ISZERO ISZERO DUP2 MSTORE PUSH1 0x20 ADD SWAP2 POP POP PUSH1 0x40 MLOAD DUP1 SWAP2 SUB SWAP1 RETURN JUMPDEST CALLVALUE DUP1 ISZERO PUSH2 0x25A JUMPI PUSH1 0x0 DUP1 REVERT JUMPDEST POP PUSH2 0x263 PUSH2 0xAC9 JUMP JUMPDEST PUSH1 0x40 MLOAD DUP1 DUP3 PUSH1 0xFF AND PUSH1 0xFF AND DUP2 MSTORE PUSH1 0x20 ADD SWAP2 POP POP PUSH1 0x40 MLOAD DUP1 SWAP2 SUB SWAP1 RETURN JUMPDEST CALLVALUE DUP1 ISZERO PUSH2 0x28B JUMPI PUSH1 0x0 DUP1 REVERT JUMPDEST POP PUSH2 0x2C0 PUSH1 0x4 DUP1 CALLDATASIZE SUB DUP2 ADD SWAP1 DUP1 DUP1 CALLDATALOAD PUSH20 0xFFFFFFFFFFFFFFFFFFFFFFFFFFFFFFFFFFFFFFFF AND SWAP1 PUSH1 0x20 ADD SWAP1 SWAP3 SWAP2 SWAP1 POP POP POP PUSH2 0xACE JUMP JUMPDEST PUSH1 0x40 MLOAD DUP1 DUP3 DUP2 MSTORE PUSH1 0x20 ADD SWAP2 POP POP PUSH1 0x40 MLOAD DUP1 SWAP2 SUB SWAP1 RETURN JUMPDEST CALLVALUE DUP1 ISZERO PUSH2 0x2E2 JUMPI PUSH1 0x0 DUP1 REVERT JUMPDEST POP PUSH2 0x2EB PUSH2 0xB17 JUMP JUMPDEST PUSH1 0x40 MLOAD DUP1 DUP1 PUSH1 0x20 ADD DUP3 DUP2 SUB DUP3 MSTORE DUP4 DUP2 DUP2 MLOAD DUP2 MSTORE PUSH1 0x20 ADD SWAP2 POP DUP1 MLOAD SWAP1 PUSH1 0x20 ADD SWAP1 DUP1 DUP4 DUP4 PUSH1 0x0 JUMPDEST DUP4 DUP2 LT ISZERO PUSH2 0x32B JUMPI DUP1 DUP3 ADD MLOAD DUP2 DUP5 ADD MSTORE PUSH1 0x20 DUP2 ADD SWAP1 POP PUSH2 0x310 JUMP JUMPDEST POP POP POP POP SWAP1 POP SWAP1 DUP2 ADD SWAP1 PUSH1 0x1F AND DUP1 ISZERO PUSH2 0x358 JUMPI DUP1 DUP3 SUB DUP1 MLOAD PUSH1 0x1 DUP4 PUSH1 0x20 SUB PUSH2 0x100 EXP SUB NOT AND DUP2 MSTORE PUSH1 0x20 ADD SWAP2 POP JUMPDEST POP SWAP3 POP POP POP PUSH1 0x40 MLOAD DUP1 SWAP2 SUB SWAP1 RETURN JUMPDEST CALLVALUE DUP1 ISZERO PUSH2 0x372 JUMPI PUSH1 0x0 DUP1 REVERT JUMPDEST POP PUSH2 0x3B1 PUSH1 0x4 DUP1 CALLDATASIZE SUB DUP2 ADD SWAP1 DUP1 DUP1 CALLDATALOAD PUSH20 0xFFFFFFFFFFFFFFFFFFFFFFFFFFFFFFFFFFFFFFFF AND SWAP1 PUSH1 0x20 ADD SWAP1 SWAP3 SWAP2 SWAP1 DUP1 CALLDATALOAD SWAP1 PUSH1 0x20 ADD SWAP1 SWAP3 SWAP2 SWAP1 POP POP POP PUSH2 0xBB5 JUMP JUMPDEST PUSH1 0x40 MLOAD DUP1 DUP3 ISZERO ISZERO ISZERO ISZERO DUP2 MSTORE PUSH1 0x20 ADD SWAP2 POP POP PUSH1 0x40 MLOAD DUP1 SWAP2 SUB SWAP1 RETURN JUMPDEST CALLVALUE DUP1 ISZERO PUSH2 0x3D7 JUMPI PUSH1 0x0 DUP1 REVERT JUMPDEST POP PUSH2 0x42C PUSH1 0x4 DUP1 CALLDATASIZE SUB DUP2 ADD SWAP1 DUP1 DUP1 CALLDATALOAD PUSH20 0xFFFFFFFFFFFFFFFFFFFFFFFFFFFFFFFFFFFFFFFF AND SWAP1 PUSH1 0x20 ADD SWAP1 SWAP3 SWAP2 SWAP1 DUP1 CALLDATALOAD PUSH20 0xFFFFFFFFFFFFFFFFFFFFFFFFFFFFFFFFFFFFFFFF AND SWAP1 PUSH1 0x20 ADD SWAP1 SWAP3 SWAP2 SWAP1 POP POP POP PUSH2 0xE62 JUMP JUMPDEST PUSH1 0x40 MLOAD DUP1 DUP3 DUP2 MSTORE PUSH1 0x20 ADD SWAP2 POP POP PUSH1 0x40 MLOAD DUP1 SWAP2 SUB SWAP1 RETURN JUMPDEST CALLVALUE DUP1 ISZERO PUSH2 0x44E JUMPI PUSH1 0x0 DUP1 REVERT JUMPDEST POP PUSH2 0x4A3 PUSH1 0x4 DUP1 CALLDATASIZE SUB DUP2 ADD SWAP1 DUP1 DUP1 CALLDATALOAD PUSH20 0xFFFFFFFFFFFFFFFFFFFFFFFFFFFFFFFFFFFFFFFF AND SWAP1 PUSH1 0x20 ADD SWAP1 SWAP3 SWAP2 SWAP1 DUP1 CALLDATALOAD PUSH20 0xFFFFFFFFFFFFFFFFFFFFFFFFFFFFFFFFFFFFFFFF AND SWAP1 PUSH1 0x20 ADD SWAP1 SWAP3 SWAP2 SWAP1 POP POP POP PUSH2 0xE87 JUMP JUMPDEST PUSH1 0x40 MLOAD DUP1 DUP3 DUP2 MSTORE PUSH1 0x20 ADD SWAP2 POP POP PUSH1 0x40 MLOAD DUP1 SWAP2 SUB SWAP1 RETURN JUMPDEST PUSH1 0x0 DUP1 SLOAD PUSH1 0x1 DUP2 PUSH1 0x1 AND ISZERO PUSH2 0x100 MUL SUB AND PUSH1 0x2 SWAP1 DIV DUP1 PUSH1 0x1F ADD PUSH1 0x20 DUP1 SWAP2 DIV MUL PUSH1 0x20 ADD PUSH1 0x40 MLOAD SWAP1 DUP2 ADD PUSH1 0x40 MSTORE DUP1 SWAP3 SWAP2 SWAP1 DUP2 DUP2 MSTORE PUSH1 0x20 ADD DUP3 DUP1 SLOAD PUSH1 0x1 DUP2 PUSH1 0x1 AND ISZERO PUSH2 0x100 MUL SUB AND PUSH1 0x2 SWAP1 DIV DUP1 ISZERO PUSH2 0x54F JUMPI DUP1 PUSH1 0x1F LT PUSH2 0x524 JUMPI PUSH2 0x100 DUP1 DUP4 SLOAD DIV MUL DUP4 MSTORE SWAP2 PUSH1 0x20 ADD SWAP2 PUSH2 0x54F JUMP JUMPDEST DUP3 ADD SWAP2 SWAP1 PUSH1 0x0 MSTORE PUSH1 0x20 PUSH1 0x0 KECCAK256 SWAP1 JUMPDEST DUP2 SLOAD DUP2 MSTORE SWAP1 PUSH1 0x1 ADD SWAP1 PUSH1 0x20 ADD DUP1 DUP4 GT PUSH2 0x532 JUMPI DUP3 SWAP1 SUB PUSH1 0x1F AND DUP3 ADD SWAP2 JUMPDEST POP POP POP POP POP DUP2 JUMP JUMPDEST PUSH1 0x0 DUP1 PUSH20 0xFFFFFFFFFFFFFFFFFFFFFFFFFFFFFFFFFFFFFFFF AND DUP4 PUSH20 0xFFFFFFFFFFFFFFFFFFFFFFFFFFFFFFFFFFFFFFFF AND EQ ISZERO ISZERO ISZERO PUSH2 0x594 JUMPI PUSH1 0x0 DUP1 REVERT JUMPDEST DUP2 PUSH1 0x3 PUSH1 0x0 CALLER PUSH20 0xFFFFFFFFFFFFFFFFFFFFFFFFFFFFFFFFFFFFFFFF AND PUSH20 0xFFFFFFFFFFFFFFFFFFFFFFFFFFFFFFFFFFFFFFFF AND DUP2 MSTORE PUSH1 0x20 ADD SWAP1 DUP2 MSTORE PUSH1 0x20 ADD PUSH1 0x0 KECCAK256 PUSH1 0x0 DUP6 PUSH20 0xFFFFFFFFFFFFFFFFFFFFFFFFFFFFFFFFFFFFFFFF AND PUSH20 0xFFFFFFFFFFFFFFFFFFFFFFFFFFFFFFFFFFFFFFFF AND DUP2 MSTORE PUSH1 0x20 ADD SWAP1 DUP2 MSTORE PUSH1 0x20 ADD PUSH1 0x0 KECCAK256 DUP2 SWAP1 SSTORE POP DUP3 PUSH20 0xFFFFFFFFFFFFFFFFFFFFFFFFFFFFFFFFFFFFFFFF AND CALLER PUSH20 0xFFFFFFFFFFFFFFFFFFFFFFFFFFFFFFFFFFFFFFFF AND PUSH32 0x8C5BE1E5EBEC7D5BD14F71427D1E84F3DD0314C0F7B2291E5B200AC8C7C3B925 DUP5 PUSH1 0x40 MLOAD DUP1 DUP3 DUP2 MSTORE PUSH1 0x20 ADD SWAP2 POP POP PUSH1 0x40 MLOAD DUP1 SWAP2 SUB SWAP1 LOG3 PUSH1 0x1 SWAP1 POP SWAP3 SWAP2 POP POP JUMP JUMPDEST PUSH1 0x4 SLOAD DUP2 JUMP JUMPDEST PUSH1 0x0 DUP1 PUSH20 0xFFFFFFFFFFFFFFFFFFFFFFFFFFFFFFFFFFFFFFFF AND DUP4 PUSH20 0xFFFFFFFFFFFFFFFFFFFFFFFFFFFFFFFFFFFFFFFF AND EQ ISZERO ISZERO ISZERO PUSH2 0x6C7 JUMPI PUSH1 0x0 DUP1 REVERT JUMPDEST DUP2 PUSH1 0x2 PUSH1 0x0 DUP7 PUSH20 0xFFFFFFFFFFFFFFFFFFFFFFFFFFFFFFFFFFFFFFFF AND PUSH20 0xFFFFFFFFFFFFFFFFFFFFFFFFFFFFFFFFFFFFFFFF AND DUP2 MSTORE PUSH1 0x20 ADD SWAP1 DUP2 MSTORE PUSH1 0x20 ADD PUSH1 0x0 KECCAK256 SLOAD LT ISZERO DUP1 ISZERO PUSH2 0x716 JUMPI POP PUSH1 0x0 DUP3 GT JUMPDEST ISZERO ISZERO PUSH2 0x721 JUMPI PUSH1 0x0 DUP1 REVERT JUMPDEST PUSH1 0x2 PUSH1 0x0 DUP5 PUSH20 0xFFFFFFFFFFFFFFFFFFFFFFFFFFFFFFFFFFFFFFFF AND PUSH20 0xFFFFFFFFFFFFFFFFFFFFFFFFFFFFFFFFFFFFFFFF AND DUP2 MSTORE PUSH1 0x20 ADD SWAP1 DUP2 MSTORE PUSH1 0x20 ADD PUSH1 0x0 KECCAK256 SLOAD DUP3 PUSH1 0x2 PUSH1 0x0 DUP7 PUSH20 0xFFFFFFFFFFFFFFFFFFFFFFFFFFFFFFFFFFFFFFFF AND PUSH20 0xFFFFFFFFFFFFFFFFFFFFFFFFFFFFFFFFFFFFFFFF AND DUP2 MSTORE PUSH1 0x20 ADD SWAP1 DUP2 MSTORE PUSH1 0x20 ADD PUSH1 0x0 KECCAK256 SLOAD ADD LT ISZERO ISZERO ISZERO PUSH2 0x7B0 JUMPI PUSH1 0x0 DUP1 REVERT JUMPDEST DUP2 PUSH1 0x3 PUSH1 0x0 DUP7 PUSH20 0xFFFFFFFFFFFFFFFFFFFFFFFFFFFFFFFFFFFFFFFF AND PUSH20 0xFFFFFFFFFFFFFFFFFFFFFFFFFFFFFFFFFFFFFFFF AND DUP2 MSTORE PUSH1 0x20 ADD SWAP1 DUP2 MSTORE PUSH1 0x20 ADD PUSH1 0x0 KECCAK256 PUSH1 0x0 CALLER PUSH20 0xFFFFFFFFFFFFFFFFFFFFFFFFFFFFFFFFFFFFFFFF AND PUSH20 0xFFFFFFFFFFFFFFFFFFFFFFFFFFFFFFFFFFFFFFFF AND DUP2 MSTORE PUSH1 0x20 ADD SWAP1 DUP2 MSTORE PUSH1 0x20 ADD PUSH1 0x0 KECCAK256 SLOAD LT ISZERO ISZERO ISZERO PUSH2 0x83B JUMPI PUSH1 0x0 DUP1 REVERT JUMPDEST PUSH2 0x884 PUSH1 0x2 PUSH1 0x0 DUP6 PUSH20 0xFFFFFFFFFFFFFFFFFFFFFFFFFFFFFFFFFFFFFFFF AND PUSH20 0xFFFFFFFFFFFFFFFFFFFFFFFFFFFFFFFFFFFFFFFF AND DUP2 MSTORE PUSH1 0x20 ADD SWAP1 DUP2 MSTORE PUSH1 0x20 ADD PUSH1 0x0 KECCAK256 SLOAD DUP4 PUSH2 0xF0E JUMP JUMPDEST PUSH1 0x2 PUSH1 0x0 DUP6 PUSH20 0xFFFFFFFFFFFFFFFFFFFFFFFFFFFFFFFFFFFFFFFF AND PUSH20 0xFFFFFFFFFFFFFFFFFFFFFFFFFFFFFFFFFFFFFFFF AND DUP2 MSTORE PUSH1 0x20 ADD SWAP1 DUP2 MSTORE PUSH1 0x20 ADD PUSH1 0x0 KECCAK256 DUP2 SWAP1 SSTORE POP PUSH2 0x910 PUSH1 0x2 PUSH1 0x0 DUP7 PUSH20 0xFFFFFFFFFFFFFFFFFFFFFFFFFFFFFFFFFFFFFFFF AND PUSH20 0xFFFFFFFFFFFFFFFFFFFFFFFFFFFFFFFFFFFFFFFF AND DUP2 MSTORE PUSH1 0x20 ADD SWAP1 DUP2 MSTORE PUSH1 0x20 ADD PUSH1 0x0 KECCAK256 SLOAD DUP4 PUSH2 0xF38 JUMP JUMPDEST PUSH1 0x2 PUSH1 0x0 DUP7 PUSH20 0xFFFFFFFFFFFFFFFFFFFFFFFFFFFFFFFFFFFFFFFF AND PUSH20 0xFFFFFFFFFFFFFFFFFFFFFFFFFFFFFFFFFFFFFFFF AND DUP2 MSTORE PUSH1 0x20 ADD SWAP1 DUP2 MSTORE PUSH1 0x20 ADD PUSH1 0x0 KECCAK256 DUP2 SWAP1 SSTORE POP PUSH2 0x9D9 PUSH1 0x3 PUSH1 0x0 DUP7 PUSH20 0xFFFFFFFFFFFFFFFFFFFFFFFFFFFFFFFFFFFFFFFF AND PUSH20 0xFFFFFFFFFFFFFFFFFFFFFFFFFFFFFFFFFFFFFFFF AND DUP2 MSTORE PUSH1 0x20 ADD SWAP1 DUP2 MSTORE PUSH1 0x20 ADD PUSH1 0x0 KECCAK256 PUSH1 0x0 CALLER PUSH20 0xFFFFFFFFFFFFFFFFFFFFFFFFFFFFFFFFFFFFFFFF AND PUSH20 0xFFFFFFFFFFFFFFFFFFFFFFFFFFFFFFFFFFFFFFFF AND DUP2 MSTORE PUSH1 0x20 ADD SWAP1 DUP2 MSTORE PUSH1 0x20 ADD PUSH1 0x0 KECCAK256 SLOAD DUP4 PUSH2 0xF38 JUMP JUMPDEST PUSH1 0x3 PUSH1 0x0 DUP7 PUSH20 0xFFFFFFFFFFFFFFFFFFFFFFFFFFFFFFFFFFFFFFFF AND PUSH20 0xFFFFFFFFFFFFFFFFFFFFFFFFFFFFFFFFFFFFFFFF AND DUP2 MSTORE PUSH1 0x20 ADD SWAP1 DUP2 MSTORE PUSH1 0x20 ADD PUSH1 0x0 KECCAK256 PUSH1 0x0 CALLER PUSH20 0xFFFFFFFFFFFFFFFFFFFFFFFFFFFFFFFFFFFFFFFF AND PUSH20 0xFFFFFFFFFFFFFFFFFFFFFFFFFFFFFFFFFFFFFFFF AND DUP2 MSTORE PUSH1 0x20 ADD SWAP1 DUP2 MSTORE PUSH1 0x20 ADD PUSH1 0x0 KECCAK256 DUP2 SWAP1 SSTORE POP DUP3 PUSH20 0xFFFFFFFFFFFFFFFFFFFFFFFFFFFFFFFFFFFFFFFF AND DUP5 PUSH20 0xFFFFFFFFFFFFFFFFFFFFFFFFFFFFFFFFFFFFFFFF AND PUSH32 0xDDF252AD1BE2C89B69C2B068FC378DAA952BA7F163C4A11628F55A4DF523B3EF DUP5 PUSH1 0x40 MLOAD DUP1 DUP3 DUP2 MSTORE PUSH1 0x20 ADD SWAP2 POP POP PUSH1 0x40 MLOAD DUP1 SWAP2 SUB SWAP1 LOG3 PUSH1 0x1 SWAP1 POP SWAP4 SWAP3 POP POP POP JUMP JUMPDEST PUSH1 0x2 DUP2 JUMP JUMPDEST PUSH1 0x0 PUSH1 0x2 PUSH1 0x0 DUP4 PUSH20 0xFFFFFFFFFFFFFFFFFFFFFFFFFFFFFFFFFFFFFFFF AND PUSH20 0xFFFFFFFFFFFFFFFFFFFFFFFFFFFFFFFFFFFFFFFF AND DUP2 MSTORE PUSH1 0x20 ADD SWAP1 DUP2 MSTORE PUSH1 0x20 ADD PUSH1 0x0 KECCAK256 SLOAD SWAP1 POP SWAP2 SWAP1 POP JUMP JUMPDEST PUSH1 0x1 DUP1 SLOAD PUSH1 0x1 DUP2 PUSH1 0x1 AND ISZERO PUSH2 0x100 MUL SUB AND PUSH1 0x2 SWAP1 DIV DUP1 PUSH1 0x1F ADD PUSH1 0x20 DUP1 SWAP2 DIV MUL PUSH1 0x20 ADD PUSH1 0x40 MLOAD SWAP1 DUP2 ADD PUSH1 0x40 MSTORE DUP1 SWAP3 SWAP2 SWAP1 DUP2 DUP2 MSTORE PUSH1 0x20 ADD DUP3 DUP1 SLOAD PUSH1 0x1 DUP2 PUSH1 0x1 AND ISZERO PUSH2 0x100 MUL SUB AND PUSH1 0x2 SWAP1 DIV DUP1 ISZERO PUSH2 0xBAD JUMPI DUP1 PUSH1 0x1F LT PUSH2 0xB82 JUMPI PUSH2 0x100 DUP1 DUP4 SLOAD DIV MUL DUP4 MSTORE SWAP2 PUSH1 0x20 ADD SWAP2 PUSH2 0xBAD JUMP JUMPDEST DUP3 ADD SWAP2 SWAP1 PUSH1 0x0 MSTORE PUSH1 0x20 PUSH1 0x0 KECCAK256 SWAP1 JUMPDEST DUP2 SLOAD DUP2 MSTORE SWAP1 PUSH1 0x1 ADD SWAP1 PUSH1 0x20 ADD DUP1 DUP4 GT PUSH2 0xB90 JUMPI DUP3 SWAP1 SUB PUSH1 0x1F AND DUP3 ADD SWAP2 JUMPDEST POP POP POP POP POP DUP2 JUMP JUMPDEST PUSH1 0x0 DUP1 PUSH20 0xFFFFFFFFFFFFFFFFFFFFFFFFFFFFFFFFFFFFFFFF AND DUP4 PUSH20 0xFFFFFFFFFFFFFFFFFFFFFFFFFFFFFFFFFFFFFFFF AND EQ ISZERO ISZERO ISZERO PUSH2 0xBF2 JUMPI PUSH1 0x0 DUP1 REVERT JUMPDEST DUP2 PUSH1 0x2 PUSH1 0x0 CALLER PUSH20 0xFFFFFFFFFFFFFFFFFFFFFFFFFFFFFFFFFFFFFFFF AND PUSH20 0xFFFFFFFFFFFFFFFFFFFFFFFFFFFFFFFFFFFFFFFF AND DUP2 MSTORE PUSH1 0x20 ADD SWAP1 DUP2 MSTORE PUSH1 0x20 ADD PUSH1 0x0 KECCAK256 SLOAD LT ISZERO DUP1 ISZERO PUSH2 0xC41 JUMPI POP PUSH1 0x0 DUP3 GT JUMPDEST ISZERO ISZERO PUSH2 0xC4C JUMPI PUSH1 0x0 DUP1 REVERT JUMPDEST PUSH1 0x2 PUSH1 0x0 DUP5 PUSH20 0xFFFFFFFFFFFFFFFFFFFFFFFFFFFFFFFFFFFFFFFF AND PUSH20 0xFFFFFFFFFFFFFFFFFFFFFFFFFFFFFFFFFFFFFFFF AND DUP2 MSTORE PUSH1 0x20 ADD SWAP1 DUP2 MSTORE PUSH1 0x20 ADD PUSH1 0x0 KECCAK256 SLOAD DUP3 PUSH1 0x2 PUSH1 0x0 DUP7 PUSH20 0xFFFFFFFFFFFFFFFFFFFFFFFFFFFFFFFFFFFFFFFF AND PUSH20 0xFFFFFFFFFFFFFFFFFFFFFFFFFFFFFFFFFFFFFFFF AND DUP2 MSTORE PUSH1 0x20 ADD SWAP1 DUP2 MSTORE PUSH1 0x20 ADD PUSH1 0x0 KECCAK256 SLOAD ADD LT ISZERO ISZERO ISZERO PUSH2 0xCDB JUMPI PUSH1 0x0 DUP1 REVERT JUMPDEST PUSH2 0xD24 PUSH1 0x2 PUSH1 0x0 CALLER PUSH20 0xFFFFFFFFFFFFFFFFFFFFFFFFFFFFFFFFFFFFFFFF AND PUSH20 0xFFFFFFFFFFFFFFFFFFFFFFFFFFFFFFFFFFFFFFFF AND DUP2 MSTORE PUSH1 0x20 ADD SWAP1 DUP2 MSTORE PUSH1 0x20 ADD PUSH1 0x0 KECCAK256 SLOAD DUP4 PUSH2 0xF38 JUMP JUMPDEST PUSH1 0x2 PUSH1 0x0 CALLER PUSH20 0xFFFFFFFFFFFFFFFFFFFFFFFFFFFFFFFFFFFFFFFF AND PUSH20 0xFFFFFFFFFFFFFFFFFFFFFFFFFFFFFFFFFFFFFFFF AND DUP2 MSTORE PUSH1 0x20 ADD SWAP1 DUP2 MSTORE PUSH1 0x20 ADD PUSH1 0x0 KECCAK256 DUP2 SWAP1 SSTORE POP PUSH2 0xDB0 PUSH1 0x2 PUSH1 0x0 DUP6 PUSH20 0xFFFFFFFFFFFFFFFFFFFFFFFFFFFFFFFFFFFFFFFF AND PUSH20 0xFFFFFFFFFFFFFFFFFFFFFFFFFFFFFFFFFFFFFFFF AND DUP2 MSTORE PUSH1 0x20 ADD SWAP1 DUP2 MSTORE PUSH1 0x20 ADD PUSH1 0x0 KECCAK256 SLOAD DUP4 PUSH2 0xF0E JUMP JUMPDEST PUSH1 0x2 PUSH1 0x0 DUP6 PUSH20 0xFFFFFFFFFFFFFFFFFFFFFFFFFFFFFFFFFFFFFFFF AND PUSH20 0xFFFFFFFFFFFFFFFFFFFFFFFFFFFFFFFFFFFFFFFF AND DUP2 MSTORE PUSH1 0x20 ADD SWAP1 DUP2 MSTORE PUSH1 0x20 ADD PUSH1 0x0 KECCAK256 DUP2 SWAP1 SSTORE POP DUP3 PUSH20 0xFFFFFFFFFFFFFFFFFFFFFFFFFFFFFFFFFFFFFFFF AND CALLER PUSH20 0xFFFFFFFFFFFFFFFFFFFFFFFFFFFFFFFFFFFFFFFF AND PUSH32 0xDDF252AD1BE2C89B69C2B068FC378DAA952BA7F163C4A11628F55A4DF523B3EF DUP5 PUSH1 0x40 MLOAD DUP1 DUP3 DUP2 MSTORE PUSH1 0x20 ADD SWAP2 POP POP PUSH1 0x40 MLOAD DUP1 SWAP2 SUB SWAP1 LOG3 PUSH1 0x1 SWAP1 POP SWAP3 SWAP2 POP POP JUMP JUMPDEST PUSH1 0x3 PUSH1 0x20 MSTORE DUP2 PUSH1 0x0 MSTORE PUSH1 0x40 PUSH1 0x0 KECCAK256 PUSH1 0x20 MSTORE DUP1 PUSH1 0x0 MSTORE PUSH1 0x40 PUSH1 0x0 KECCAK256 PUSH1 0x0 SWAP2 POP SWAP2 POP POP SLOAD DUP2 JUMP JUMPDEST PUSH1 0x0 PUSH1 0x3 PUSH1 0x0 DUP5 PUSH20 0xFFFFFFFFFFFFFFFFFFFFFFFFFFFFFFFFFFFFFFFF AND PUSH20 0xFFFFFFFFFFFFFFFFFFFFFFFFFFFFFFFFFFFFFFFF AND DUP2 MSTORE PUSH1 0x20 ADD SWAP1 DUP2 MSTORE PUSH1 0x20 ADD PUSH1 0x0 KECCAK256 PUSH1 0x0 DUP4 PUSH20 0xFFFFFFFFFFFFFFFFFFFFFFFFFFFFFFFFFFFFFFFF AND PUSH20 0xFFFFFFFFFFFFFFFFFFFFFFFFFFFFFFFFFFFFFFFF AND DUP2 MSTORE PUSH1 0x20 ADD SWAP1 DUP2 MSTORE PUSH1 0x20 ADD PUSH1 0x0 KECCAK256 SLOAD SWAP1 POP SWAP3 SWAP2 POP POP JUMP JUMPDEST PUSH1 0x0 DUP1 DUP3 DUP5 ADD SWAP1 POP PUSH2 0xF2E DUP5 DUP3 LT ISZERO DUP1 ISZERO PUSH2 0xF29 JUMPI POP DUP4 DUP3 LT ISZERO JUMPDEST PUSH2 0xF51 JUMP JUMPDEST DUP1 SWAP2 POP POP SWAP3 SWAP2 POP POP JUMP JUMPDEST PUSH1 0x0 PUSH2 0xF46 DUP4 DUP4 GT ISZERO PUSH2 0xF51 JUMP JUMPDEST DUP2 DUP4 SUB SWAP1 POP SWAP3 SWAP2 POP POP JUMP JUMPDEST DUP1 ISZERO ISZERO PUSH2 0xF5D JUMPI PUSH1 0x0 DUP1 REVERT JUMPDEST POP JUMP STOP LOG1 PUSH6 0x627A7A723058 KECCAK256 SWAP14 MUL CALLVALUE PUSH29 0xB21DD615E90517399D6550C0E6C31CA10589FB39B5C68110D36F199700 0x29
0,PUSH1 0x80 PUSH1 0x40 MSTORE CALLVALUE DUP1 ISZERO PUSH2 0x10 JUMPI PUSH1 0x0 DUP1 REVERT JUMPDEST POP PUSH2 0xE74 DUP1 PUSH2 0x20 PUSH1 0x0 CODECOPY PUSH1 0x0 RETURN STOP PUSH1 0x80 PUSH1 0x40 MSTORE PUSH1 0x4 CALLDATASIZE LT PUSH2 0x57 JUMPI PUSH1 0x0 CALLDATALOAD PUSH29 0x100000000000000000000000000000000000000000000000000000000 SWAP1 DIV PUSH4 0xFFFFFFFF AND DUP1 PUSH4 0x1AFBE0E1 EQ PUSH2 0x5C JUMPI DUP1 PUSH4 0xBD9A548B EQ PUSH2 0xF4 JUMPI DUP1 PUSH4 0xC84AAE17 EQ PUSH2 0x160 JUMPI JUMPDEST PUSH1 0x0 DUP1 REVERT JUMPDEST CALLVALUE DUP1 ISZERO PUSH2 0x68 JUMPI PUSH1 0x0 DUP1 REVERT JUMPDEST POP PUSH2 0x9D PUSH1 0x4 DUP1 CALLDATASIZE SUB DUP2 ADD SWAP1 DUP1 DUP1 CALLDATALOAD PUSH20 0xFFFFFFFFFFFFFFFFFFFFFFFFFFFFFFFFFFFFFFFF AND SWAP1 PUSH1 0x20 ADD SWAP1 SWAP3 SWAP2 SWAP1 POP POP POP PUSH2 0x24E JUMP JUMPDEST PUSH1 0x40 MLOAD DUP1 DUP1 PUSH1 0x20 ADD DUP3 DUP2 SUB DUP3 MSTORE DUP4 DUP2 DUP2 MLOAD DUP2 MSTORE PUSH1 0x20 ADD SWAP2 POP DUP1 MLOAD SWAP1 PUSH1 0x20 ADD SWAP1 PUSH1 0x20 MUL DUP1 DUP4 DUP4 PUSH1 0x0 JUMPDEST DUP4 DUP2 LT ISZERO PUSH2 0xE0 JUMPI DUP1 DUP3 ADD MLOAD DUP2 DUP5 ADD MSTORE PUSH1 0x20 DUP2 ADD SWAP1 POP PUSH2 0xC5 JUMP JUMPDEST POP POP POP POP SWAP1 POP ADD SWAP3 POP POP POP PUSH1 0x40 MLOAD DUP1 SWAP2 SUB SWAP1 RETURN JUMPDEST CALLVALUE DUP1 ISZERO PUSH2 0x100 JUMPI PUSH1 0x0 DUP1 REVERT JUMPDEST POP PUSH2 0x109 PUSH2 0x527 JUMP JUMPDEST PUSH1 0x40 MLOAD DUP1 DUP1 PUSH1 0x20 ADD DUP3 DUP2 SUB DUP3 MSTORE DUP4 DUP2 DUP2 MLOAD DUP2 MSTORE PUSH1 0x20 ADD SWAP2 POP DUP1 MLOAD SWAP1 PUSH1 0x20 ADD SWAP1 PUSH1 0x20 MUL DUP1 DUP4 DUP4 PUSH1 0x0 JUMPDEST DUP4 DUP2 LT ISZERO PUSH2 0x14C JUMPI DUP1 DUP3 ADD MLOAD DUP2 DUP5 ADD MSTORE PUSH1 0x20 DUP2 ADD SWAP1 POP PUSH2 0x131 JUMP JUMPDEST POP POP POP POP SWAP1 POP ADD SWAP3 POP POP POP PUSH1 0x40 MLOAD DUP1 SWAP2 SUB SWAP1 RETURN JUMPDEST CALLVALUE DUP1 ISZERO PUSH2 0x16C JUMPI PUSH1 0x0 DUP1 REVERT JUMPDEST POP PUSH2 0x1A1 PUSH1 0x4 DUP1 CALLDATASIZE SUB DUP2 ADD SWAP1 DUP1 DUP1 CALLDATALOAD PUSH20 0xFFFFFFFFFFFFFFFFFFFFFFFFFFFFFFFFFFFFFFFF AND SWAP1 PUSH1 0x20 ADD SWAP1 SWAP3 SWAP2 SWAP1 POP POP POP PUSH2 0x7FE JUMP JUMPDEST PUSH1 0x40 MLOAD DUP1 DUP1 PUSH1 0x20 ADD DUP1 PUSH1 0x20 ADD DUP6 DUP2 MSTORE PUSH1 0x20 ADD DUP5 DUP2 MSTORE PUSH1 0x20 ADD DUP4 DUP2 SUB DUP4 MSTORE DUP8 DUP2 DUP2 MLOAD DUP2 MSTORE PUSH1 0x20 ADD SWAP2 POP DUP1 MLOAD SWAP1 PUSH1 0x20 ADD SWAP1 PUSH1 0x20 MUL DUP1 DUP4 DUP4 PUSH1 0x0 JUMPDEST DUP4 DUP2 LT ISZERO PUSH2 0x1F4 JUMPI DUP1 DUP3 ADD MLOAD DUP2 DUP5 ADD MSTORE PUSH1 0x20 DUP2 ADD SWAP1 POP PUSH2 0x1D9 JUMP JUMPDEST POP POP POP POP SWAP1 POP ADD DUP4 DUP2 SUB DUP3 MSTORE DUP7 DUP2 DUP2 MLOAD DUP2 MSTORE PUSH1 0x20 ADD SWAP2 POP DUP1 MLOAD SWAP1 PUSH1 0x20 ADD SWAP1 PUSH1 0x20 MUL DUP1 DUP4 DUP4 PUSH1 0x0 JUMPDEST DUP4 DUP2 LT ISZERO PUSH2 0x236 JUMPI DUP1 DUP3 ADD MLOAD DUP2 DUP5 ADD MSTORE PUSH1 0x20 DUP2 ADD SWAP1 POP PUSH2 0x21B JUMP JUMPDEST POP POP POP POP SWAP1 POP ADD SWAP7 POP POP POP POP POP POP POP PUSH1 0x40 MLOAD DUP1 SWAP2 SUB SWAP1 RETURN JUMPDEST PUSH1 0x60 PUSH1 0x0 DUP1 PUSH1 0x0 PUSH20 0x3FDA67F7583380E67EF93072294A7FAC882FD7E7 SWAP3 POP PUSH1 0x0 SWAP1 POP JUMPDEST DUP3 PUSH20 0xFFFFFFFFFFFFFFFFFFFFFFFFFFFFFFFFFFFFFFFF AND PUSH4 0x6E2EDE03 PUSH1 0x40 MLOAD DUP2 PUSH4 0xFFFFFFFF AND PUSH29 0x100000000000000000000000000000000000000000000000000000000 MUL DUP2 MSTORE PUSH1 0x4 ADD PUSH1 0x20 PUSH1 0x40 MLOAD DUP1 DUP4 SUB DUP2 PUSH1 0x0 DUP8 DUP1 EXTCODESIZE ISZERO DUP1 ISZERO PUSH2 0x2D5 JUMPI PUSH1 0x0 DUP1 REVERT JUMPDEST POP GAS CALL ISZERO DUP1 ISZERO PUSH2 0x2E9 JUMPI RETURNDATASIZE PUSH1 0x0 DUP1 RETURNDATACOPY RETURNDATASIZE PUSH1 0x0 REVERT JUMPDEST POP POP POP POP PUSH1 0x40 MLOAD RETURNDATASIZE PUSH1 0x20 DUP2 LT ISZERO PUSH2 0x2FF JUMPI PUSH1 0x0 DUP1 REVERT JUMPDEST DUP2 ADD SWAP1 DUP1 DUP1 MLOAD SWAP1 PUSH1 0x20 ADD SWAP1 SWAP3 SWAP2 SWAP1 POP POP POP DUP2 LT ISZERO PUSH2 0x4CD JUMPI DUP2 DUP4 PUSH20 0xFFFFFFFFFFFFFFFFFFFFFFFFFFFFFFFFFFFFFFFF AND PUSH4 0xBEB54615 DUP4 PUSH1 0x40 MLOAD DUP3 PUSH4 0xFFFFFFFF AND PUSH29 0x100000000000000000000000000000000000000000000000000000000 MUL DUP2 MSTORE PUSH1 0x4 ADD DUP1 DUP3 DUP2 MSTORE PUSH1 0x20 ADD SWAP2 POP POP PUSH1 0x20 PUSH1 0x40 MLOAD DUP1 DUP4 SUB DUP2 PUSH1 0x0 DUP8 DUP1 EXTCODESIZE ISZERO DUP1 ISZERO PUSH2 0x387 JUMPI PUSH1 0x0 DUP1 REVERT JUMPDEST POP GAS CALL ISZERO DUP1 ISZERO PUSH2 0x39B JUMPI RETURNDATASIZE PUSH1 0x0 DUP1 RETURNDATACOPY RETURNDATASIZE PUSH1 0x0 REVERT JUMPDEST POP POP POP POP PUSH1 0x40 MLOAD RETURNDATASIZE PUSH1 0x20 DUP2 LT ISZERO PUSH2 0x3B1 JUMPI PUSH1 0x0 DUP1 REVERT JUMPDEST DUP2 ADD SWAP1 DUP1 DUP1 MLOAD SWAP1 PUSH1 0x20 ADD SWAP1 SWAP3 SWAP2 SWAP1 POP POP POP PUSH20 0xFFFFFFFFFFFFFFFFFFFFFFFFFFFFFFFFFFFFFFFF AND PUSH4 0x70A08231 DUP8 PUSH1 0x40 MLOAD DUP3 PUSH4 0xFFFFFFFF AND PUSH29 0x100000000000000000000000000000000000000000000000000000000 MUL DUP2 MSTORE PUSH1 0x4 ADD DUP1 DUP3 PUSH20 0xFFFFFFFFFFFFFFFFFFFFFFFFFFFFFFFFFFFFFFFF AND PUSH20 0xFFFFFFFFFFFFFFFFFFFFFFFFFFFFFFFFFFFFFFFF AND DUP2 MSTORE PUSH1 0x20 ADD SWAP2 POP POP PUSH1 0x20 PUSH1 0x40 MLOAD DUP1 DUP4 SUB DUP2 PUSH1 0x0 DUP8 DUP1 EXTCODESIZE ISZERO DUP1 ISZERO PUSH2 0x45C JUMPI PUSH1 0x0 DUP1 REVERT JUMPDEST POP GAS CALL ISZERO DUP1 ISZERO PUSH2 0x470 JUMPI RETURNDATASIZE PUSH1 0x0 DUP1 RETURNDATACOPY RETURNDATASIZE PUSH1 0x0 REVERT JUMPDEST POP POP POP POP PUSH1 0x40 MLOAD RETURNDATASIZE PUSH1 0x20 DUP2 LT ISZERO PUSH2 0x486 JUMPI PUSH1 0x0 DUP1 REVERT JUMPDEST DUP2 ADD SWAP1 DUP1 DUP1 MLOAD SWAP1 PUSH1 0x20 ADD SWAP1 SWAP3 SWAP2 SWAP1 POP POP POP SWAP1 DUP1 PUSH1 0x1 DUP2 SLOAD ADD DUP1 DUP3 SSTORE DUP1 SWAP2 POP POP SWAP1 PUSH1 0x1 DUP3 SUB SWAP1 PUSH1 0x0 MSTORE PUSH1 0x20 PUSH1 0x0 KECCAK256 ADD PUSH1 0x0 SWAP1 SWAP2 SWAP3 SWAP1 SWAP2 SWAP1 SWAP2 POP SSTORE POP DUP1 DUP1 PUSH1 0x1 ADD SWAP2 POP POP PUSH2 0x271 JUMP JUMPDEST DUP2 DUP1 SLOAD DUP1 PUSH1 0x20 MUL PUSH1 0x20 ADD PUSH1 0x40 MLOAD SWAP1 DUP2 ADD PUSH1 0x40 MSTORE DUP1 SWAP3 SWAP2 SWAP1 DUP2 DUP2 MSTORE PUSH1 0x20 ADD DUP3 DUP1 SLOAD DUP1 ISZERO PUSH2 0x518 JUMPI PUSH1 0x20 MUL DUP3 ADD SWAP2 SWAP1 PUSH1 0x0 MSTORE PUSH1 0x20 PUSH1 0x0 KECCAK256 SWAP1 JUMPDEST DUP2 SLOAD DUP2 MSTORE PUSH1 0x20 ADD SWAP1 PUSH1 0x1 ADD SWAP1 DUP1 DUP4 GT PUSH2 0x504 JUMPI JUMPDEST POP POP POP POP POP SWAP4 POP POP POP POP SWAP2 SWAP1 POP JUMP JUMPDEST PUSH1 0x60 PUSH1 0x0 DUP1 PUSH1 0x0 PUSH20 0x3FDA67F7583380E67EF93072294A7FAC882FD7E7 SWAP3 POP PUSH1 0x0 SWAP1 POP JUMPDEST DUP3 PUSH20 0xFFFFFFFFFFFFFFFFFFFFFFFFFFFFFFFFFFFFFFFF AND PUSH4 0x6E2EDE03 PUSH1 0x40 MLOAD DUP2 PUSH4 0xFFFFFFFF AND PUSH29 0x100000000000000000000000000000000000000000000000000000000 MUL DUP2 MSTORE PUSH1 0x4 ADD PUSH1 0x20 PUSH1 0x40 MLOAD DUP1 DUP4 SUB DUP2 PUSH1 0x0 DUP8 DUP1 EXTCODESIZE ISZERO DUP1 ISZERO PUSH2 0x5AE JUMPI PUSH1 0x0 DUP1 REVERT JUMPDEST POP GAS CALL ISZERO DUP1 ISZERO PUSH2 0x5C2 JUMPI RETURNDATASIZE PUSH1 0x0 DUP1 RETURNDATACOPY RETURNDATASIZE PUSH1 0x0 REVERT JUMPDEST POP POP POP POP PUSH1 0x40 MLOAD RETURNDATASIZE PUSH1 0x20 DUP2 LT ISZERO PUSH2 0x5D8 JUMPI PUSH1 0x0 DUP1 REVERT JUMPDEST DUP2 ADD SWAP1 DUP1 DUP1 MLOAD SWAP1 PUSH1 0x20 ADD SWAP1 SWAP3 SWAP2 SWAP1 POP POP POP DUP2 LT ISZERO PUSH2 0x7A6 JUMPI DUP2 DUP4 PUSH20 0xFFFFFFFFFFFFFFFFFFFFFFFFFFFFFFFFFFFFFFFF AND PUSH4 0x5E9A523C DUP6 PUSH20 0xFFFFFFFFFFFFFFFFFFFFFFFFFFFFFFFFFFFFFFFF AND PUSH4 0xBEB54615 DUP6 PUSH1 0x40 MLOAD DUP3 PUSH4 0xFFFFFFFF AND PUSH29 0x100000000000000000000000000000000000000000000000000000000 MUL DUP2 MSTORE PUSH1 0x4 ADD DUP1 DUP3 DUP2 MSTORE PUSH1 0x20 ADD SWAP2 POP POP PUSH1 0x20 PUSH1 0x40 MLOAD DUP1 DUP4 SUB DUP2 PUSH1 0x0 DUP8 DUP1 EXTCODESIZE ISZERO DUP1 ISZERO PUSH2 0x67C JUMPI PUSH1 0x0 DUP1 REVERT JUMPDEST POP GAS CALL ISZERO DUP1 ISZERO PUSH2 0x690 JUMPI RETURNDATASIZE PUSH1 0x0 DUP1 RETURNDATACOPY RETURNDATASIZE PUSH1 0x0 REVERT JUMPDEST POP POP POP POP PUSH1 0x40 MLOAD RETURNDATASIZE PUSH1 0x20 DUP2 LT ISZERO PUSH2 0x6A6 JUMPI PUSH1 0x0 DUP1 REVERT JUMPDEST DUP2 ADD SWAP1 DUP1 DUP1 MLOAD SWAP1 PUSH1 0x20 ADD SWAP1 SWAP3 SWAP2 SWAP1 POP POP POP PUSH1 0x40 MLOAD DUP3 PUSH4 0xFFFFFFFF AND PUSH29 0x100000000000000000000000000000000000000000000000000000000 MUL DUP2 MSTORE PUSH1 0x4 ADD DUP1 DUP3 PUSH20 0xFFFFFFFFFFFFFFFFFFFFFFFFFFFFFFFFFFFFFFFF AND PUSH20 0xFFFFFFFFFFFFFFFFFFFFFFFFFFFFFFFFFFFFFFFF AND DUP2 MSTORE PUSH1 0x20 ADD SWAP2 POP POP PUSH1 0x20 PUSH1 0x40 MLOAD DUP1 DUP4 SUB DUP2 PUSH1 0x0 DUP8 DUP1 EXTCODESIZE ISZERO DUP1 ISZERO PUSH2 0x735 JUMPI PUSH1 0x0 DUP1 REVERT JUMPDEST POP GAS CALL ISZERO DUP1 ISZERO PUSH2 0x749 JUMPI RETURNDATASIZE PUSH1 0x0 DUP1 RETURNDATACOPY RETURNDATASIZE PUSH1 0x0 REVERT JUMPDEST POP POP POP POP PUSH1 0x40 MLOAD RETURNDATASIZE PUSH1 0x20 DUP2 LT ISZERO PUSH2 0x75F JUMPI PUSH1 0x0 DUP1 REVERT JUMPDEST DUP2 ADD SWAP1 DUP1 DUP1 MLOAD SWAP1 PUSH1 0x20 ADD SWAP1 SWAP3 SWAP2 SWAP1 POP POP POP SWAP1 DUP1 PUSH1 0x1 DUP2 SLOAD ADD DUP1 DUP3 SSTORE DUP1 SWAP2 POP POP SWAP1 PUSH1 0x1 DUP3 SUB SWAP1 PUSH1 0x0 MSTORE PUSH1 0x20 PUSH1 0x0 KECCAK256 ADD PUSH1 0x0 SWAP1 SWAP2 SWAP3 SWAP1 SWAP2 SWAP1 SWAP2 POP SSTORE POP DUP1 DUP1 PUSH1 0x1 ADD SWAP2 POP POP PUSH2 0x54A JUMP JUMPDEST DUP2 DUP1 SLOAD DUP1 PUSH1 0x20 MUL PUSH1 0x20 ADD PUSH1 0x40 MLOAD SWAP1 DUP2 ADD PUSH1 0x40 MSTORE DUP1 SWAP3 SWAP2 SWAP1 DUP2 DUP2 MSTORE PUSH1 0x20 ADD DUP3 DUP1 SLOAD DUP1 ISZERO PUSH2 0x7F1 JUMPI PUSH1 0x20 MUL DUP3 ADD SWAP2 SWAP1 PUSH1 0x0 MSTORE PUSH1 0x20 PUSH1 0x0 KECCAK256 SWAP1 JUMPDEST DUP2 SLOAD DUP2 MSTORE PUSH1 0x20 ADD SWAP1 PUSH1 0x1 ADD SWAP1 DUP1 DUP4 GT PUSH2 0x7DD JUMPI JUMPDEST POP POP POP POP POP SWAP4 POP POP POP POP SWAP1 JUMP JUMPDEST PUSH1 0x60 DUP1 PUSH1 0x0 DUP1 PUSH1 0x0 DUP1 PUSH1 0x0 DUP1 PUSH1 0x0 DUP1 PUSH20 0x3FDA67F7583380E67EF93072294A7FAC882FD7E7 SWAP6 POP PUSH1 0x0 SWAP3 POP JUMPDEST DUP6 PUSH20 0xFFFFFFFFFFFFFFFFFFFFFFFFFFFFFFFFFFFFFFFF AND PUSH4 0x6E2EDE03 PUSH1 0x40 MLOAD DUP2 PUSH4 0xFFFFFFFF AND PUSH29 0x100000000000000000000000000000000000000000000000000000000 MUL DUP2 MSTORE PUSH1 0x4 ADD PUSH1 0x20 PUSH1 0x40 MLOAD DUP1 DUP4 SUB DUP2 PUSH1 0x0 DUP8 DUP1 EXTCODESIZE ISZERO DUP1 ISZERO PUSH2 0x88D JUMPI PUSH1 0x0 DUP1 REVERT JUMPDEST POP GAS CALL ISZERO DUP1 ISZERO PUSH2 0x8A1 JUMPI RETURNDATASIZE PUSH1 0x0 DUP1 RETURNDATACOPY RETURNDATASIZE PUSH1 0x0 REVERT JUMPDEST POP POP POP POP PUSH1 0x40 MLOAD RETURNDATASIZE PUSH1 0x20 DUP2 LT ISZERO PUSH2 0x8B7 JUMPI PUSH1 0x0 DUP1 REVERT JUMPDEST DUP2 ADD SWAP1 DUP1 DUP1 MLOAD SWAP1 PUSH1 0x20 ADD SWAP1 SWAP3 SWAP2 SWAP1 POP POP POP DUP4 LT ISZERO PUSH2 0xC96 JUMPI DUP5 DUP7 PUSH20 0xFFFFFFFFFFFFFFFFFFFFFFFFFFFFFFFFFFFFFFFF AND PUSH4 0xBA377731 DUP14 DUP10 PUSH20 0xFFFFFFFFFFFFFFFFFFFFFFFFFFFFFFFFFFFFFFFF AND PUSH4 0xBEB54615 DUP9 PUSH1 0x40 MLOAD DUP3 PUSH4 0xFFFFFFFF AND PUSH29 0x100000000000000000000000000000000000000000000000000000000 MUL DUP2 MSTORE PUSH1 0x4 ADD DUP1 DUP3 DUP2 MSTORE PUSH1 0x20 ADD SWAP2 POP POP PUSH1 0x20 PUSH1 0x40 MLOAD DUP1 DUP4 SUB DUP2 PUSH1 0x0 DUP8 DUP1 EXTCODESIZE ISZERO DUP1 ISZERO PUSH2 0x95C JUMPI PUSH1 0x0 DUP1 REVERT JUMPDEST POP GAS CALL ISZERO DUP1 ISZERO PUSH2 0x970 JUMPI RETURNDATASIZE PUSH1 0x0 DUP1 RETURNDATACOPY RETURNDATASIZE PUSH1 0x0 REVERT JUMPDEST POP POP POP POP PUSH1 0x40 MLOAD RETURNDATASIZE PUSH1 0x20 DUP2 LT ISZERO PUSH2 0x986 JUMPI PUSH1 0x0 DUP1 REVERT JUMPDEST DUP2 ADD SWAP1 DUP1 DUP1 MLOAD SWAP1 PUSH1 0x20 ADD SWAP1 SWAP3 SWAP2 SWAP1 POP POP POP PUSH1 0x40 MLOAD DUP4 PUSH4 0xFFFFFFFF AND PUSH29 0x100000000000000000000000000000000000000000000000000000000 MUL DUP2 MSTORE PUSH1 0x4 ADD DUP1 DUP4 PUSH20 0xFFFFFFFFFFFFFFFFFFFFFFFFFFFFFFFFFFFFFFFF AND PUSH20 0xFFFFFFFFFFFFFFFFFFFFFFFFFFFFFFFFFFFFFFFF AND DUP2 MSTORE PUSH1 0x20 ADD DUP3 PUSH20 0xFFFFFFFFFFFFFFFFFFFFFFFFFFFFFFFFFFFFFFFF AND PUSH20 0xFFFFFFFFFFFFFFFFFFFFFFFFFFFFFFFFFFFFFFFF AND DUP2 MSTORE PUSH1 0x20 ADD SWAP3 POP POP POP PUSH1 0x20 PUSH1 0x40 MLOAD DUP1 DUP4 SUB DUP2 PUSH1 0x0 DUP8 DUP1 EXTCODESIZE ISZERO DUP1 ISZERO PUSH2 0xA48 JUMPI PUSH1 0x0 DUP1 REVERT JUMPDEST POP GAS CALL ISZERO DUP1 ISZERO PUSH2 0xA5C JUMPI RETURNDATASIZE PUSH1 0x0 DUP1 RETURNDATACOPY RETURNDATASIZE PUSH1 0x0 REVERT JUMPDEST POP POP POP POP PUSH1 0x40 MLOAD RETURNDATASIZE PUSH1 0x20 DUP2 LT ISZERO PUSH2 0xA72 JUMPI PUSH1 0x0 DUP1 REVERT JUMPDEST DUP2 ADD SWAP1 DUP1 DUP1 MLOAD SWAP1 PUSH1 0x20 ADD SWAP1 SWAP3 SWAP2 SWAP1 POP POP POP SWAP1 DUP1 PUSH1 0x1 DUP2 SLOAD ADD DUP1 DUP3 SSTORE DUP1 SWAP2 POP POP SWAP1 PUSH1 0x1 DUP3 SUB SWAP1 PUSH1 0x0 MSTORE PUSH1 0x20 PUSH1 0x0 KECCAK256 ADD PUSH1 0x0 SWAP1 SWAP2 SWAP3 SWAP1 SWAP2 SWAP1 SWAP2 POP SSTORE POP DUP4 DUP7 PUSH20 0xFFFFFFFFFFFFFFFFFFFFFFFFFFFFFFFFFFFFFFFF AND PUSH4 0x118E31B7 DUP14 DUP10 PUSH20 0xFFFFFFFFFFFFFFFFFFFFFFFFFFFFFFFFFFFFFFFF AND PUSH4 0xBEB54615 DUP9 PUSH1 0x40 MLOAD DUP3 PUSH4 0xFFFFFFFF AND PUSH29 0x100000000000000000000000000000000000000000000000000000000 MUL DUP2 MSTORE PUSH1 0x4 ADD DUP1 DUP3 DUP2 MSTORE PUSH1 0x20 ADD SWAP2 POP POP PUSH1 0x20 PUSH1 0x40 MLOAD DUP1 DUP4 SUB DUP2 PUSH1 0x0 DUP8 DUP1 EXTCODESIZE ISZERO DUP1 ISZERO PUSH2 0xB39 JUMPI PUSH1 0x0 DUP1 REVERT JUMPDEST POP GAS CALL ISZERO DUP1 ISZERO PUSH2 0xB4D JUMPI RETURNDATASIZE PUSH1 0x0 DUP1 RETURNDATACOPY RETURNDATASIZE PUSH1 0x0 REVERT JUMPDEST POP POP POP POP PUSH1 0x40 MLOAD RETURNDATASIZE PUSH1 0x20 DUP2 LT ISZERO PUSH2 0xB63 JUMPI PUSH1 0x0 DUP1 REVERT JUMPDEST DUP2 ADD SWAP1 DUP1 DUP1 MLOAD SWAP1 PUSH1 0x20 ADD SWAP1 SWAP3 SWAP2 SWAP1 POP POP POP PUSH1 0x40 MLOAD DUP4 PUSH4 0xFFFFFFFF AND PUSH29 0x100000000000000000000000000000000000000000000000000000000 MUL DUP2 MSTORE PUSH1 0x4 ADD DUP1 DUP4 PUSH20 0xFFFFFFFFFFFFFFFFFFFFFFFFFFFFFFFFFFFFFFFF AND PUSH20 0xFFFFFFFFFFFFFFFFFFFFFFFFFFFFFFFFFFFFFFFF AND DUP2 MSTORE PUSH1 0x20 ADD DUP3 PUSH20 0xFFFFFFFFFFFFFFFFFFFFFFFFFFFFFFFFFFFFFFFF AND PUSH20 0xFFFFFFFFFFFFFFFFFFFFFFFFFFFFFFFFFFFFFFFF AND DUP2 MSTORE PUSH1 0x20 ADD SWAP3 POP POP POP PUSH1 0x20 PUSH1 0x40 MLOAD DUP1 DUP4 SUB DUP2 PUSH1 0x0 DUP8 DUP1 EXTCODESIZE ISZERO DUP1 ISZERO PUSH2 0xC25 JUMPI PUSH1 0x0 DUP1 REVERT JUMPDEST POP GAS CALL ISZERO DUP1 ISZERO PUSH2 0xC39 JUMPI RETURNDATASIZE PUSH1 0x0 DUP1 RETURNDATACOPY RETURNDATASIZE PUSH1 0x0 REVERT JUMPDEST POP POP POP POP PUSH1 0x40 MLOAD RETURNDATASIZE PUSH1 0x20 DUP2 LT ISZERO PUSH2 0xC4F JUMPI PUSH1 0x0 DUP1 REVERT JUMPDEST DUP2 ADD SWAP1 DUP1 DUP1 MLOAD SWAP1 PUSH1 0x20 ADD SWAP1 SWAP3 SWAP2 SWAP1 POP POP POP SWAP1 DUP1 PUSH1 0x1 DUP2 SLOAD ADD DUP1 DUP3 SSTORE DUP1 SWAP2 POP POP SWAP1 PUSH1 0x1 DUP3 SUB SWAP1 PUSH1 0x0 MSTORE PUSH1 0x20 PUSH1 0x0 KECCAK256 ADD PUSH1 0x0 SWAP1 SWAP2 SWAP3 SWAP1 SWAP2 SWAP1 SWAP2 POP SSTORE POP DUP3 DUP1 PUSH1 0x1 ADD SWAP4 POP POP PUSH2 0x829 JUMP JUMPDEST DUP6 PUSH20 0xFFFFFFFFFFFFFFFFFFFFFFFFFFFFFFFFFFFFFFFF AND PUSH4 0x9F180CF1 DUP13 PUSH1 0x40 MLOAD DUP3 PUSH4 0xFFFFFFFF AND PUSH29 0x100000000000000000000000000000000000000000000000000000000 MUL DUP2 MSTORE PUSH1 0x4 ADD DUP1 DUP3 PUSH20 0xFFFFFFFFFFFFFFFFFFFFFFFFFFFFFFFFFFFFFFFF AND PUSH20 0xFFFFFFFFFFFFFFFFFFFFFFFFFFFFFFFFFFFFFFFF AND DUP2 MSTORE PUSH1 0x20 ADD SWAP2 POP POP PUSH1 0x60 PUSH1 0x40 MLOAD DUP1 DUP4 SUB DUP2 PUSH1 0x0 DUP8 DUP1 EXTCODESIZE ISZERO DUP1 ISZERO PUSH2 0xD31 JUMPI PUSH1 0x0 DUP1 REVERT JUMPDEST POP GAS CALL ISZERO DUP1 ISZERO PUSH2 0xD45 JUMPI RETURNDATASIZE PUSH1 0x0 DUP1 RETURNDATACOPY RETURNDATASIZE PUSH1 0x0 REVERT JUMPDEST POP POP POP POP PUSH1 0x40 MLOAD RETURNDATASIZE PUSH1 0x60 DUP2 LT ISZERO PUSH2 0xD5B JUMPI PUSH1 0x0 DUP1 REVERT JUMPDEST DUP2 ADD SWAP1 DUP1 DUP1 MLOAD SWAP1 PUSH1 0x20 ADD SWAP1 SWAP3 SWAP2 SWAP1 DUP1 MLOAD SWAP1 PUSH1 0x20 ADD SWAP1 SWAP3 SWAP2 SWAP1 DUP1 MLOAD SWAP1 PUSH1 0x20 ADD SWAP1 SWAP3 SWAP2 SWAP1 POP POP POP SWAP1 SWAP2 POP DUP1 SWAP3 POP DUP2 SWAP4 POP POP POP DUP5 DUP5 DUP4 DUP4 DUP4 DUP1 SLOAD DUP1 PUSH1 0x20 MUL PUSH1 0x20 ADD PUSH1 0x40 MLOAD SWAP1 DUP2 ADD PUSH1 0x40 MSTORE DUP1 SWAP3 SWAP2 SWAP1 DUP2 DUP2 MSTORE PUSH1 0x20 ADD DUP3 DUP1 SLOAD DUP1 ISZERO PUSH2 0xDDA JUMPI PUSH1 0x20 MUL DUP3 ADD SWAP2 SWAP1 PUSH1 0x0 MSTORE PUSH1 0x20 PUSH1 0x0 KECCAK256 SWAP1 JUMPDEST DUP2 SLOAD DUP2 MSTORE PUSH1 0x20 ADD SWAP1 PUSH1 0x1 ADD SWAP1 DUP1 DUP4 GT PUSH2 0xDC6 JUMPI JUMPDEST POP POP POP POP POP SWAP4 POP DUP3 DUP1 SLOAD DUP1 PUSH1 0x20 MUL PUSH1 0x20 ADD PUSH1 0x40 MLOAD SWAP1 DUP2 ADD PUSH1 0x40 MSTORE DUP1 SWAP3 SWAP2 SWAP1 DUP2 DUP2 MSTORE PUSH1 0x20 ADD DUP3 DUP1 SLOAD DUP1 ISZERO PUSH2 0xE2C JUMPI PUSH1 0x20 MUL DUP3 ADD SWAP2 SWAP1 PUSH1 0x0 MSTORE PUSH1 0x20 PUSH1 0x0 KECCAK256 SWAP1 JUMPDEST DUP2 SLOAD DUP2 MSTORE PUSH1 0x20 ADD SWAP1 PUSH1 0x1 ADD SWAP1 DUP1 DUP4 GT PUSH2 0xE18 JUMPI JUMPDEST POP POP POP POP POP SWAP3 POP SWAP10 POP SWAP10 POP SWAP10 POP SWAP10 POP POP POP POP POP POP POP SWAP2 SWAP4 POP SWAP2 SWAP4 JUMP STOP LOG1 PUSH6 0x627A7A723058 KECCAK256 0x2d 0x5c DUP5 AND SAR 0xab 0xdb SUB 0xd3 0x5f DUP5 0xf6 0x46 0xc9 0xab PUSH12 0xBE371A3D71F34852748F6639 LOG3 0xc7 PUSH9 0x140029000000000000
0,PUSH1 0x80 PUSH1 0x40 MSTORE PUSH1 0x40 DUP1 MLOAD SWAP1 DUP2 ADD PUSH1 0x40 MSTORE DUP1 PUSH1 0x18 DUP2 MSTORE PUSH1 0x20 ADD PUSH32 0x94343445F4B4F484C455F32305F323031393034313109090000000000000000 DUP2 MSTORE POP PUSH1 0x1 SWAP1 DUP1 MLOAD SWAP1 PUSH1 0x20 ADD SWAP1 PUSH2 0x4F SWAP3 SWAP2 SWAP1 PUSH2 0xD9 JUMP JUMPDEST POP PUSH1 0x40 DUP1 MLOAD SWAP1 DUP2 ADD PUSH1 0x40 MSTORE DUP1 PUSH1 0x1E DUP2 MSTORE PUSH1 0x20 ADD PUSH32 0x94343445F4B4F484C455F32305F32303139303431315F737562445409090000 DUP2 MSTORE POP PUSH1 0x2 SWAP1 DUP1 MLOAD SWAP1 PUSH1 0x20 ADD SWAP1 PUSH2 0x9B SWAP3 SWAP2 SWAP1 PUSH2 0xD9 JUMP JUMPDEST POP PUSH1 0x12 PUSH1 0x3 PUSH1 0x0 PUSH2 0x100 EXP DUP2 SLOAD DUP2 PUSH1 0xFF MUL NOT AND SWAP1 DUP4 PUSH1 0xFF AND MUL OR SWAP1 SSTORE POP PUSH11 0x1060D026983FFAA7000000 PUSH1 0x4 SSTORE CALLVALUE DUP1 ISZERO PUSH2 0xD3 JUMPI PUSH1 0x0 DUP1 REVERT JUMPDEST POP PUSH2 0x17E JUMP JUMPDEST DUP3 DUP1 SLOAD PUSH1 0x1 DUP2 PUSH1 0x1 AND ISZERO PUSH2 0x100 MUL SUB AND PUSH1 0x2 SWAP1 DIV SWAP1 PUSH1 0x0 MSTORE PUSH1 0x20 PUSH1 0x0 KECCAK256 SWAP1 PUSH1 0x1F ADD PUSH1 0x20 SWAP1 DIV DUP2 ADD SWAP3 DUP3 PUSH1 0x1F LT PUSH2 0x11A JUMPI DUP1 MLOAD PUSH1 0xFF NOT AND DUP4 DUP1 ADD OR DUP6 SSTORE PUSH2 0x148 JUMP JUMPDEST DUP3 DUP1 ADD PUSH1 0x1 ADD DUP6 SSTORE DUP3 ISZERO PUSH2 0x148 JUMPI SWAP2 DUP3 ADD JUMPDEST DUP3 DUP2 GT ISZERO PUSH2 0x147 JUMPI DUP3 MLOAD DUP3 SSTORE SWAP2 PUSH1 0x20 ADD SWAP2 SWAP1 PUSH1 0x1 ADD SWAP1 PUSH2 0x12C JUMP JUMPDEST JUMPDEST POP SWAP1 POP PUSH2 0x155 SWAP2 SWAP1 PUSH2 0x159 JUMP JUMPDEST POP SWAP1 JUMP JUMPDEST PUSH2 0x17B SWAP2 SWAP1 JUMPDEST DUP1 DUP3 GT ISZERO PUSH2 0x177 JUMPI PUSH1 0x0 DUP2 PUSH1 0x0 SWAP1 SSTORE POP PUSH1 0x1 ADD PUSH2 0x15F JUMP JUMPDEST POP SWAP1 JUMP JUMPDEST SWAP1 JUMP JUMPDEST PUSH2 0xBBA DUP1 PUSH2 0x18D PUSH1 0x0 CODECOPY PUSH1 0x0 RETURN INVALID PUSH1 0x80 PUSH1 0x40 MSTORE PUSH1 0x4 CALLDATASIZE LT PUSH2 0x9E JUMPI PUSH1 0x0 CALLDATALOAD PUSH29 0x100000000000000000000000000000000000000000000000000000000 SWAP1 DIV DUP1 PUSH4 0x6FDDE03 EQ PUSH2 0xA3 JUMPI DUP1 PUSH4 0x95EA7B3 EQ PUSH2 0x133 JUMPI DUP1 PUSH4 0x18160DDD EQ PUSH2 0x1A6 JUMPI DUP1 PUSH4 0x23B872DD EQ PUSH2 0x1D1 JUMPI DUP1 PUSH4 0x313CE567 EQ PUSH2 0x264 JUMPI DUP1 PUSH4 0x70A08231 EQ PUSH2 0x295 JUMPI DUP1 PUSH4 0x95D89B41 EQ PUSH2 0x2FA JUMPI DUP1 PUSH4 0xA9059CBB EQ PUSH2 0x38A JUMPI DUP1 PUSH4 0xB5C8F317 EQ PUSH2 0x3FD JUMPI DUP1 PUSH4 0xDD62ED3E EQ PUSH2 0x414 JUMPI JUMPDEST PUSH1 0x0 DUP1 REVERT JUMPDEST CALLVALUE DUP1 ISZERO PUSH2 0xAF JUMPI PUSH1 0x0 DUP1 REVERT JUMPDEST POP PUSH2 0xB8 PUSH2 0x499 JUMP JUMPDEST PUSH1 0x40 MLOAD DUP1 DUP1 PUSH1 0x20 ADD DUP3 DUP2 SUB DUP3 MSTORE DUP4 DUP2 DUP2 MLOAD DUP2 MSTORE PUSH1 0x20 ADD SWAP2 POP DUP1 MLOAD SWAP1 PUSH1 0x20 ADD SWAP1 DUP1 DUP4 DUP4 PUSH1 0x0 JUMPDEST DUP4 DUP2 LT ISZERO PUSH2 0xF8 JUMPI DUP1 DUP3 ADD MLOAD DUP2 DUP5 ADD MSTORE PUSH1 0x20 DUP2 ADD SWAP1 POP PUSH2 0xDD JUMP JUMPDEST POP POP POP POP SWAP1 POP SWAP1 DUP2 ADD SWAP1 PUSH1 0x1F AND DUP1 ISZERO PUSH2 0x125 JUMPI DUP1 DUP3 SUB DUP1 MLOAD PUSH1 0x1 DUP4 PUSH1 0x20 SUB PUSH2 0x100 EXP SUB NOT AND DUP2 MSTORE PUSH1 0x20 ADD SWAP2 POP JUMPDEST POP SWAP3 POP POP POP PUSH1 0x40 MLOAD DUP1 SWAP2 SUB SWAP1 RETURN JUMPDEST CALLVALUE DUP1 ISZERO PUSH2 0x13F JUMPI PUSH1 0x0 DUP1 REVERT JUMPDEST POP PUSH2 0x18C PUSH1 0x4 DUP1 CALLDATASIZE SUB PUSH1 0x40 DUP2 LT ISZERO PUSH2 0x156 JUMPI PUSH1 0x0 DUP1 REVERT JUMPDEST DUP2 ADD SWAP1 DUP1 DUP1 CALLDATALOAD PUSH20 0xFFFFFFFFFFFFFFFFFFFFFFFFFFFFFFFFFFFFFFFF AND SWAP1 PUSH1 0x20 ADD SWAP1 SWAP3 SWAP2 SWAP1 DUP1 CALLDATALOAD SWAP1 PUSH1 0x20 ADD SWAP1 SWAP3 SWAP2 SWAP1 POP POP POP PUSH2 0x537 JUMP JUMPDEST PUSH1 0x40 MLOAD DUP1 DUP3 ISZERO ISZERO ISZERO ISZERO DUP2 MSTORE PUSH1 0x20 ADD SWAP2 POP POP PUSH1 0x40 MLOAD DUP1 SWAP2 SUB SWAP1 RETURN JUMPDEST CALLVALUE DUP1 ISZERO PUSH2 0x1B2 JUMPI PUSH1 0x0 DUP1 REVERT JUMPDEST POP PUSH2 0x1BB PUSH2 0x629 JUMP JUMPDEST PUSH1 0x40 MLOAD DUP1 DUP3 DUP2 MSTORE PUSH1 0x20 ADD SWAP2 POP POP PUSH1 0x40 MLOAD DUP1 SWAP2 SUB SWAP1 RETURN JUMPDEST CALLVALUE DUP1 ISZERO PUSH2 0x1DD JUMPI PUSH1 0x0 DUP1 REVERT JUMPDEST POP PUSH2 0x24A PUSH1 0x4 DUP1 CALLDATASIZE SUB PUSH1 0x60 DUP2 LT ISZERO PUSH2 0x1F4 JUMPI PUSH1 0x0 DUP1 REVERT JUMPDEST DUP2 ADD SWAP1 DUP1 DUP1 CALLDATALOAD PUSH20 0xFFFFFFFFFFFFFFFFFFFFFFFFFFFFFFFFFFFFFFFF AND SWAP1 PUSH1 0x20 ADD SWAP1 SWAP3 SWAP2 SWAP1 DUP1 CALLDATALOAD PUSH20 0xFFFFFFFFFFFFFFFFFFFFFFFFFFFFFFFFFFFFFFFF AND SWAP1 PUSH1 0x20 ADD SWAP1 SWAP3 SWAP2 SWAP1 DUP1 CALLDATALOAD SWAP1 PUSH1 0x20 ADD SWAP1 SWAP3 SWAP2 SWAP1 POP POP POP PUSH2 0x62F JUMP JUMPDEST PUSH1 0x40 MLOAD DUP1 DUP3 ISZERO ISZERO ISZERO ISZERO DUP2 MSTORE PUSH1 0x20 ADD SWAP2 POP POP PUSH1 0x40 MLOAD DUP1 SWAP2 SUB SWAP1 RETURN JUMPDEST CALLVALUE DUP1 ISZERO PUSH2 0x270 JUMPI PUSH1 0x0 DUP1 REVERT JUMPDEST POP PUSH2 0x279 PUSH2 0x89B JUMP JUMPDEST PUSH1 0x40 MLOAD DUP1 DUP3 PUSH1 0xFF AND PUSH1 0xFF AND DUP2 MSTORE PUSH1 0x20 ADD SWAP2 POP POP PUSH1 0x40 MLOAD DUP1 SWAP2 SUB SWAP1 RETURN JUMPDEST CALLVALUE DUP1 ISZERO PUSH2 0x2A1 JUMPI PUSH1 0x0 DUP1 REVERT JUMPDEST POP PUSH2 0x2E4 PUSH1 0x4 DUP1 CALLDATASIZE SUB PUSH1 0x20 DUP2 LT ISZERO PUSH2 0x2B8 JUMPI PUSH1 0x0 DUP1 REVERT JUMPDEST DUP2 ADD SWAP1 DUP1 DUP1 CALLDATALOAD PUSH20 0xFFFFFFFFFFFFFFFFFFFFFFFFFFFFFFFFFFFFFFFF AND SWAP1 PUSH1 0x20 ADD SWAP1 SWAP3 SWAP2 SWAP1 POP POP POP PUSH2 0x8AE JUMP JUMPDEST PUSH1 0x40 MLOAD DUP1 DUP3 DUP2 MSTORE PUSH1 0x20 ADD SWAP2 POP POP PUSH1 0x40 MLOAD DUP1 SWAP2 SUB SWAP1 RETURN JUMPDEST CALLVALUE DUP1 ISZERO PUSH2 0x306 JUMPI PUSH1 0x0 DUP1 REVERT JUMPDEST POP PUSH2 0x30F PUSH2 0x8C6 JUMP JUMPDEST PUSH1 0x40 MLOAD DUP1 DUP1 PUSH1 0x20 ADD DUP3 DUP2 SUB DUP3 MSTORE DUP4 DUP2 DUP2 MLOAD DUP2 MSTORE PUSH1 0x20 ADD SWAP2 POP DUP1 MLOAD SWAP1 PUSH1 0x20 ADD SWAP1 DUP1 DUP4 DUP4 PUSH1 0x0 JUMPDEST DUP4 DUP2 LT ISZERO PUSH2 0x34F JUMPI DUP1 DUP3 ADD MLOAD DUP2 DUP5 ADD MSTORE PUSH1 0x20 DUP2 ADD SWAP1 POP PUSH2 0x334 JUMP JUMPDEST POP POP POP POP SWAP1 POP SWAP1 DUP2 ADD SWAP1 PUSH1 0x1F AND DUP1 ISZERO PUSH2 0x37C JUMPI DUP1 DUP3 SUB DUP1 MLOAD PUSH1 0x1 DUP4 PUSH1 0x20 SUB PUSH2 0x100 EXP SUB NOT AND DUP2 MSTORE PUSH1 0x20 ADD SWAP2 POP JUMPDEST POP SWAP3 POP POP POP PUSH1 0x40 MLOAD DUP1 SWAP2 SUB SWAP1 RETURN JUMPDEST CALLVALUE DUP1 ISZERO PUSH2 0x396 JUMPI PUSH1 0x0 DUP1 REVERT JUMPDEST POP PUSH2 0x3E3 PUSH1 0x4 DUP1 CALLDATASIZE SUB PUSH1 0x40 DUP2 LT ISZERO PUSH2 0x3AD JUMPI PUSH1 0x0 DUP1 REVERT JUMPDEST DUP2 ADD SWAP1 DUP1 DUP1 CALLDATALOAD PUSH20 0xFFFFFFFFFFFFFFFFFFFFFFFFFFFFFFFFFFFFFFFF AND SWAP1 PUSH1 0x20 ADD SWAP1 SWAP3 SWAP2 SWAP1 DUP1 CALLDATALOAD SWAP1 PUSH1 0x20 ADD SWAP1 SWAP3 SWAP2 SWAP1 POP POP POP PUSH2 0x964 JUMP JUMPDEST PUSH1 0x40 MLOAD DUP1 DUP3 ISZERO ISZERO ISZERO ISZERO DUP2 MSTORE PUSH1 0x20 ADD SWAP2 POP POP PUSH1 0x40 MLOAD DUP1 SWAP2 SUB SWAP1 RETURN JUMPDEST CALLVALUE DUP1 ISZERO PUSH2 0x409 JUMPI PUSH1 0x0 DUP1 REVERT JUMPDEST POP PUSH2 0x412 PUSH2 0xABA JUMP JUMPDEST STOP JUMPDEST CALLVALUE DUP1 ISZERO PUSH2 0x420 JUMPI PUSH1 0x0 DUP1 REVERT JUMPDEST POP PUSH2 0x483 PUSH1 0x4 DUP1 CALLDATASIZE SUB PUSH1 0x40 DUP2 LT ISZERO PUSH2 0x437 JUMPI PUSH1 0x0 DUP1 REVERT JUMPDEST DUP2 ADD SWAP1 DUP1 DUP1 CALLDATALOAD PUSH20 0xFFFFFFFFFFFFFFFFFFFFFFFFFFFFFFFFFFFFFFFF AND SWAP1 PUSH1 0x20 ADD SWAP1 SWAP3 SWAP2 SWAP1 DUP1 CALLDATALOAD PUSH20 0xFFFFFFFFFFFFFFFFFFFFFFFFFFFFFFFFFFFFFFFF AND SWAP1 PUSH1 0x20 ADD SWAP1 SWAP3 SWAP2 SWAP1 POP POP POP PUSH2 0xB69 JUMP JUMPDEST PUSH1 0x40 MLOAD DUP1 DUP3 DUP2 MSTORE PUSH1 0x20 ADD SWAP2 POP POP PUSH1 0x40 MLOAD DUP1 SWAP2 SUB SWAP1 RETURN JUMPDEST PUSH1 0x1 DUP1 SLOAD PUSH1 0x1 DUP2 PUSH1 0x1 AND ISZERO PUSH2 0x100 MUL SUB AND PUSH1 0x2 SWAP1 DIV DUP1 PUSH1 0x1F ADD PUSH1 0x20 DUP1 SWAP2 DIV MUL PUSH1 0x20 ADD PUSH1 0x40 MLOAD SWAP1 DUP2 ADD PUSH1 0x40 MSTORE DUP1 SWAP3 SWAP2 SWAP1 DUP2 DUP2 MSTORE PUSH1 0x20 ADD DUP3 DUP1 SLOAD PUSH1 0x1 DUP2 PUSH1 0x1 AND ISZERO PUSH2 0x100 MUL SUB AND PUSH1 0x2 SWAP1 DIV DUP1 ISZERO PUSH2 0x52F JUMPI DUP1 PUSH1 0x1F LT PUSH2 0x504 JUMPI PUSH2 0x100 DUP1 DUP4 SLOAD DIV MUL DUP4 MSTORE SWAP2 PUSH1 0x20 ADD SWAP2 PUSH2 0x52F JUMP JUMPDEST DUP3 ADD SWAP2 SWAP1 PUSH1 0x0 MSTORE PUSH1 0x20 PUSH1 0x0 KECCAK256 SWAP1 JUMPDEST DUP2 SLOAD DUP2 MSTORE SWAP1 PUSH1 0x1 ADD SWAP1 PUSH1 0x20 ADD DUP1 DUP4 GT PUSH2 0x512 JUMPI DUP3 SWAP1 SUB PUSH1 0x1F AND DUP3 ADD SWAP2 JUMPDEST POP POP POP POP POP DUP2 JUMP JUMPDEST PUSH1 0x0 DUP2 PUSH1 0x5 PUSH1 0x0 CALLER PUSH20 0xFFFFFFFFFFFFFFFFFFFFFFFFFFFFFFFFFFFFFFFF AND PUSH20 0xFFFFFFFFFFFFFFFFFFFFFFFFFFFFFFFFFFFFFFFF AND DUP2 MSTORE PUSH1 0x20 ADD SWAP1 DUP2 MSTORE PUSH1 0x20 ADD PUSH1 0x0 KECCAK256 PUSH1 0x0 DUP6 PUSH20 0xFFFFFFFFFFFFFFFFFFFFFFFFFFFFFFFFFFFFFFFF AND PUSH20 0xFFFFFFFFFFFFFFFFFFFFFFFFFFFFFFFFFFFFFFFF AND DUP2 MSTORE PUSH1 0x20 ADD SWAP1 DUP2 MSTORE PUSH1 0x20 ADD PUSH1 0x0 KECCAK256 DUP2 SWAP1 SSTORE POP DUP3 PUSH20 0xFFFFFFFFFFFFFFFFFFFFFFFFFFFFFFFFFFFFFFFF AND CALLER PUSH20 0xFFFFFFFFFFFFFFFFFFFFFFFFFFFFFFFFFFFFFFFF AND PUSH32 0x8C5BE1E5EBEC7D5BD14F71427D1E84F3DD0314C0F7B2291E5B200AC8C7C3B925 DUP5 PUSH1 0x40 MLOAD DUP1 DUP3 DUP2 MSTORE PUSH1 0x20 ADD SWAP2 POP POP PUSH1 0x40 MLOAD DUP1 SWAP2 SUB SWAP1 LOG3 PUSH1 0x1 SWAP1 POP SWAP3 SWAP2 POP POP JUMP JUMPDEST PUSH1 0x4 SLOAD DUP2 JUMP JUMPDEST PUSH1 0x0 DUP1 PUSH1 0x0 DUP6 PUSH20 0xFFFFFFFFFFFFFFFFFFFFFFFFFFFFFFFFFFFFFFFF AND PUSH20 0xFFFFFFFFFFFFFFFFFFFFFFFFFFFFFFFFFFFFFFFF AND DUP2 MSTORE PUSH1 0x20 ADD SWAP1 DUP2 MSTORE PUSH1 0x20 ADD PUSH1 0x0 KECCAK256 SLOAD DUP3 GT ISZERO ISZERO ISZERO PUSH2 0x67E JUMPI PUSH1 0x0 DUP1 REVERT JUMPDEST PUSH1 0x5 PUSH1 0x0 DUP6 PUSH20 0xFFFFFFFFFFFFFFFFFFFFFFFFFFFFFFFFFFFFFFFF AND PUSH20 0xFFFFFFFFFFFFFFFFFFFFFFFFFFFFFFFFFFFFFFFF AND DUP2 MSTORE PUSH1 0x20 ADD SWAP1 DUP2 MSTORE PUSH1 0x20 ADD PUSH1 0x0 KECCAK256 PUSH1 0x0 CALLER PUSH20 0xFFFFFFFFFFFFFFFFFFFFFFFFFFFFFFFFFFFFFFFF AND PUSH20 0xFFFFFFFFFFFFFFFFFFFFFFFFFFFFFFFFFFFFFFFF AND DUP2 MSTORE PUSH1 0x20 ADD SWAP1 DUP2 MSTORE PUSH1 0x20 ADD PUSH1 0x0 KECCAK256 SLOAD DUP3 GT ISZERO ISZERO ISZERO PUSH2 0x709 JUMPI PUSH1 0x0 DUP1 REVERT JUMPDEST DUP2 PUSH1 0x0 DUP1 DUP7 PUSH20 0xFFFFFFFFFFFFFFFFFFFFFFFFFFFFFFFFFFFFFFFF AND PUSH20 0xFFFFFFFFFFFFFFFFFFFFFFFFFFFFFFFFFFFFFFFF AND DUP2 MSTORE PUSH1 0x20 ADD SWAP1 DUP2 MSTORE PUSH1 0x20 ADD PUSH1 0x0 KECCAK256 PUSH1 0x0 DUP3 DUP3 SLOAD SUB SWAP3 POP POP DUP2 SWAP1 SSTORE POP DUP2 PUSH1 0x0 DUP1 DUP6 PUSH20 0xFFFFFFFFFFFFFFFFFFFFFFFFFFFFFFFFFFFFFFFF AND PUSH20 0xFFFFFFFFFFFFFFFFFFFFFFFFFFFFFFFFFFFFFFFF AND DUP2 MSTORE PUSH1 0x20 ADD SWAP1 DUP2 MSTORE PUSH1 0x20 ADD PUSH1 0x0 KECCAK256 PUSH1 0x0 DUP3 DUP3 SLOAD ADD SWAP3 POP POP DUP2 SWAP1 SSTORE POP DUP2 PUSH1 0x5 PUSH1 0x0 DUP7 PUSH20 0xFFFFFFFFFFFFFFFFFFFFFFFFFFFFFFFFFFFFFFFF AND PUSH20 0xFFFFFFFFFFFFFFFFFFFFFFFFFFFFFFFFFFFFFFFF AND DUP2 MSTORE PUSH1 0x20 ADD SWAP1 DUP2 MSTORE PUSH1 0x20 ADD PUSH1 0x0 KECCAK256 PUSH1 0x0 CALLER PUSH20 0xFFFFFFFFFFFFFFFFFFFFFFFFFFFFFFFFFFFFFFFF AND PUSH20 0xFFFFFFFFFFFFFFFFFFFFFFFFFFFFFFFFFFFFFFFF AND DUP2 MSTORE PUSH1 0x20 ADD SWAP1 DUP2 MSTORE PUSH1 0x20 ADD PUSH1 0x0 KECCAK256 PUSH1 0x0 DUP3 DUP3 SLOAD SUB SWAP3 POP POP DUP2 SWAP1 SSTORE POP DUP3 PUSH20 0xFFFFFFFFFFFFFFFFFFFFFFFFFFFFFFFFFFFFFFFF AND DUP5 PUSH20 0xFFFFFFFFFFFFFFFFFFFFFFFFFFFFFFFFFFFFFFFF AND PUSH32 0xDDF252AD1BE2C89B69C2B068FC378DAA952BA7F163C4A11628F55A4DF523B3EF DUP5 PUSH1 0x40 MLOAD DUP1 DUP3 DUP2 MSTORE PUSH1 0x20 ADD SWAP2 POP POP PUSH1 0x40 MLOAD DUP1 SWAP2 SUB SWAP1 LOG3 PUSH1 0x1 SWAP1 POP SWAP4 SWAP3 POP POP POP JUMP JUMPDEST PUSH1 0x3 PUSH1 0x0 SWAP1 SLOAD SWAP1 PUSH2 0x100 EXP SWAP1 DIV PUSH1 0xFF AND DUP2 JUMP JUMPDEST PUSH1 0x0 PUSH1 0x20 MSTORE DUP1 PUSH1 0x0 MSTORE PUSH1 0x40 PUSH1 0x0 KECCAK256 PUSH1 0x0 SWAP2 POP SWAP1 POP SLOAD DUP2 JUMP JUMPDEST PUSH1 0x2 DUP1 SLOAD PUSH1 0x1 DUP2 PUSH1 0x1 AND ISZERO PUSH2 0x100 MUL SUB AND PUSH1 0x2 SWAP1 DIV DUP1 PUSH1 0x1F ADD PUSH1 0x20 DUP1 SWAP2 DIV MUL PUSH1 0x20 ADD PUSH1 0x40 MLOAD SWAP1 DUP2 ADD PUSH1 0x40 MSTORE DUP1 SWAP3 SWAP2 SWAP1 DUP2 DUP2 MSTORE PUSH1 0x20 ADD DUP3 DUP1 SLOAD PUSH1 0x1 DUP2 PUSH1 0x1 AND ISZERO PUSH2 0x100 MUL SUB AND PUSH1 0x2 SWAP1 DIV DUP1 ISZERO PUSH2 0x95C JUMPI DUP1 PUSH1 0x1F LT PUSH2 0x931 JUMPI PUSH2 0x100 DUP1 DUP4 SLOAD DIV MUL DUP4 MSTORE SWAP2 PUSH1 0x20 ADD SWAP2 PUSH2 0x95C JUMP JUMPDEST DUP3 ADD SWAP2 SWAP1 PUSH1 0x0 MSTORE PUSH1 0x20 PUSH1 0x0 KECCAK256 SWAP1 JUMPDEST DUP2 SLOAD DUP2 MSTORE SWAP1 PUSH1 0x1 ADD SWAP1 PUSH1 0x20 ADD DUP1 DUP4 GT PUSH2 0x93F JUMPI DUP3 SWAP1 SUB PUSH1 0x1F AND DUP3 ADD SWAP2 JUMPDEST POP POP POP POP POP DUP2 JUMP JUMPDEST PUSH1 0x0 DUP2 PUSH1 0x0 DUP1 CALLER PUSH20 0xFFFFFFFFFFFFFFFFFFFFFFFFFFFFFFFFFFFFFFFF AND PUSH20 0xFFFFFFFFFFFFFFFFFFFFFFFFFFFFFFFFFFFFFFFF AND DUP2 MSTORE PUSH1 0x20 ADD SWAP1 DUP2 MSTORE PUSH1 0x20 ADD PUSH1 0x0 KECCAK256 SLOAD LT ISZERO ISZERO ISZERO PUSH2 0x9B3 JUMPI PUSH1 0x0 DUP1 REVERT JUMPDEST DUP2 PUSH1 0x0 DUP1 CALLER PUSH20 0xFFFFFFFFFFFFFFFFFFFFFFFFFFFFFFFFFFFFFFFF AND PUSH20 0xFFFFFFFFFFFFFFFFFFFFFFFFFFFFFFFFFFFFFFFF AND DUP2 MSTORE PUSH1 0x20 ADD SWAP1 DUP2 MSTORE PUSH1 0x20 ADD PUSH1 0x0 KECCAK256 PUSH1 0x0 DUP3 DUP3 SLOAD SUB SWAP3 POP POP DUP2 SWAP1 SSTORE POP DUP2 PUSH1 0x0 DUP1 DUP6 PUSH20 0xFFFFFFFFFFFFFFFFFFFFFFFFFFFFFFFFFFFFFFFF AND PUSH20 0xFFFFFFFFFFFFFFFFFFFFFFFFFFFFFFFFFFFFFFFF AND DUP2 MSTORE PUSH1 0x20 ADD SWAP1 DUP2 MSTORE PUSH1 0x20 ADD PUSH1 0x0 KECCAK256 PUSH1 0x0 DUP3 DUP3 SLOAD ADD SWAP3 POP POP DUP2 SWAP1 SSTORE POP DUP3 PUSH20 0xFFFFFFFFFFFFFFFFFFFFFFFFFFFFFFFFFFFFFFFF AND CALLER PUSH20 0xFFFFFFFFFFFFFFFFFFFFFFFFFFFFFFFFFFFFFFFF AND PUSH32 0xDDF252AD1BE2C89B69C2B068FC378DAA952BA7F163C4A11628F55A4DF523B3EF DUP5 PUSH1 0x40 MLOAD DUP1 DUP3 DUP2 MSTORE PUSH1 0x20 ADD SWAP2 POP POP PUSH1 0x40 MLOAD DUP1 SWAP2 SUB SWAP1 LOG3 PUSH1 0x1 SWAP1 POP SWAP3 SWAP2 POP POP JUMP JUMPDEST PUSH1 0x4 SLOAD PUSH1 0x0 DUP1 CALLER PUSH20 0xFFFFFFFFFFFFFFFFFFFFFFFFFFFFFFFFFFFFFFFF AND PUSH20 0xFFFFFFFFFFFFFFFFFFFFFFFFFFFFFFFFFFFFFFFF AND DUP2 MSTORE PUSH1 0x20 ADD SWAP1 DUP2 MSTORE PUSH1 0x20 ADD PUSH1 0x0 KECCAK256 DUP2 SWAP1 SSTORE POP CALLER PUSH20 0xFFFFFFFFFFFFFFFFFFFFFFFFFFFFFFFFFFFFFFFF AND PUSH1 0x0 PUSH20 0xFFFFFFFFFFFFFFFFFFFFFFFFFFFFFFFFFFFFFFFF AND PUSH32 0xDDF252AD1BE2C89B69C2B068FC378DAA952BA7F163C4A11628F55A4DF523B3EF PUSH1 0x4 SLOAD PUSH1 0x40 MLOAD DUP1 DUP3 DUP2 MSTORE PUSH1 0x20 ADD SWAP2 POP POP PUSH1 0x40 MLOAD DUP1 SWAP2 SUB SWAP1 LOG3 JUMP JUMPDEST PUSH1 0x5 PUSH1 0x20 MSTORE DUP2 PUSH1 0x0 MSTORE PUSH1 0x40 PUSH1 0x0 KECCAK256 PUSH1 0x20 MSTORE DUP1 PUSH1 0x0 MSTORE PUSH1 0x40 PUSH1 0x0 KECCAK256 PUSH1 0x0 SWAP2 POP SWAP2 POP POP SLOAD DUP2 JUMP INVALID LOG1 PUSH6 0x627A7A723058 KECCAK256 0xad EXP DUP9 RETURN BLOCKHASH 0xe6 PUSH11 0x55C803D3F414BADDE913A3 0x5f 0xd0 LOG0 PUSH18 0x7CDD6BD6BDADEE06E4800029000000000000
0,PUSH1 0x80 PUSH1 0x40 MSTORE PUSH1 0x40 DUP1 MLOAD SWAP1 DUP2 ADD PUSH1 0x40 MSTORE DUP1 PUSH1 0x18 DUP2 MSTORE PUSH1 0x20 ADD PUSH32 0x94343445F4B4F484C455F31395F323031393034313109090000000000000000 DUP2 MSTORE POP PUSH1 0x1 SWAP1 DUP1 MLOAD SWAP1 PUSH1 0x20 ADD SWAP1 PUSH2 0x4F SWAP3 SWAP2 SWAP1 PUSH2 0xD9 JUMP JUMPDEST POP PUSH1 0x40 DUP1 MLOAD SWAP1 DUP2 ADD PUSH1 0x40 MSTORE DUP1 PUSH1 0x1E DUP2 MSTORE PUSH1 0x20 ADD PUSH32 0x94343445F4B4F484C455F31395F32303139303431315F737562445409090000 DUP2 MSTORE POP PUSH1 0x2 SWAP1 DUP1 MLOAD SWAP1 PUSH1 0x20 ADD SWAP1 PUSH2 0x9B SWAP3 SWAP2 SWAP1 PUSH2 0xD9 JUMP JUMPDEST POP PUSH1 0x12 PUSH1 0x3 PUSH1 0x0 PUSH2 0x100 EXP DUP2 SLOAD DUP2 PUSH1 0xFF MUL NOT AND SWAP1 DUP4 PUSH1 0xFF AND MUL OR SWAP1 SSTORE POP PUSH11 0x1060D026983FFAA7000000 PUSH1 0x4 SSTORE CALLVALUE DUP1 ISZERO PUSH2 0xD3 JUMPI PUSH1 0x0 DUP1 REVERT JUMPDEST POP PUSH2 0x17E JUMP JUMPDEST DUP3 DUP1 SLOAD PUSH1 0x1 DUP2 PUSH1 0x1 AND ISZERO PUSH2 0x100 MUL SUB AND PUSH1 0x2 SWAP1 DIV SWAP1 PUSH1 0x0 MSTORE PUSH1 0x20 PUSH1 0x0 KECCAK256 SWAP1 PUSH1 0x1F ADD PUSH1 0x20 SWAP1 DIV DUP2 ADD SWAP3 DUP3 PUSH1 0x1F LT PUSH2 0x11A JUMPI DUP1 MLOAD PUSH1 0xFF NOT AND DUP4 DUP1 ADD OR DUP6 SSTORE PUSH2 0x148 JUMP JUMPDEST DUP3 DUP1 ADD PUSH1 0x1 ADD DUP6 SSTORE DUP3 ISZERO PUSH2 0x148 JUMPI SWAP2 DUP3 ADD JUMPDEST DUP3 DUP2 GT ISZERO PUSH2 0x147 JUMPI DUP3 MLOAD DUP3 SSTORE SWAP2 PUSH1 0x20 ADD SWAP2 SWAP1 PUSH1 0x1 ADD SWAP1 PUSH2 0x12C JUMP JUMPDEST JUMPDEST POP SWAP1 POP PUSH2 0x155 SWAP2 SWAP1 PUSH2 0x159 JUMP JUMPDEST POP SWAP1 JUMP JUMPDEST PUSH2 0x17B SWAP2 SWAP1 JUMPDEST DUP1 DUP3 GT ISZERO PUSH2 0x177 JUMPI PUSH1 0x0 DUP2 PUSH1 0x0 SWAP1 SSTORE POP PUSH1 0x1 ADD PUSH2 0x15F JUMP JUMPDEST POP SWAP1 JUMP JUMPDEST SWAP1 JUMP JUMPDEST PUSH2 0xBBA DUP1 PUSH2 0x18D PUSH1 0x0 CODECOPY PUSH1 0x0 RETURN INVALID PUSH1 0x80 PUSH1 0x40 MSTORE PUSH1 0x4 CALLDATASIZE LT PUSH2 0x9E JUMPI PUSH1 0x0 CALLDATALOAD PUSH29 0x100000000000000000000000000000000000000000000000000000000 SWAP1 DIV DUP1 PUSH4 0x6FDDE03 EQ PUSH2 0xA3 JUMPI DUP1 PUSH4 0x95EA7B3 EQ PUSH2 0x133 JUMPI DUP1 PUSH4 0x18160DDD EQ PUSH2 0x1A6 JUMPI DUP1 PUSH4 0x23B872DD EQ PUSH2 0x1D1 JUMPI DUP1 PUSH4 0x313CE567 EQ PUSH2 0x264 JUMPI DUP1 PUSH4 0x70A08231 EQ PUSH2 0x295 JUMPI DUP1 PUSH4 0x95D89B41 EQ PUSH2 0x2FA JUMPI DUP1 PUSH4 0xA9059CBB EQ PUSH2 0x38A JUMPI DUP1 PUSH4 0xB5C8F317 EQ PUSH2 0x3FD JUMPI DUP1 PUSH4 0xDD62ED3E EQ PUSH2 0x414 JUMPI JUMPDEST PUSH1 0x0 DUP1 REVERT JUMPDEST CALLVALUE DUP1 ISZERO PUSH2 0xAF JUMPI PUSH1 0x0 DUP1 REVERT JUMPDEST POP PUSH2 0xB8 PUSH2 0x499 JUMP JUMPDEST PUSH1 0x40 MLOAD DUP1 DUP1 PUSH1 0x20 ADD DUP3 DUP2 SUB DUP3 MSTORE DUP4 DUP2 DUP2 MLOAD DUP2 MSTORE PUSH1 0x20 ADD SWAP2 POP DUP1 MLOAD SWAP1 PUSH1 0x20 ADD SWAP1 DUP1 DUP4 DUP4 PUSH1 0x0 JUMPDEST DUP4 DUP2 LT ISZERO PUSH2 0xF8 JUMPI DUP1 DUP3 ADD MLOAD DUP2 DUP5 ADD MSTORE PUSH1 0x20 DUP2 ADD SWAP1 POP PUSH2 0xDD JUMP JUMPDEST POP POP POP POP SWAP1 POP SWAP1 DUP2 ADD SWAP1 PUSH1 0x1F AND DUP1 ISZERO PUSH2 0x125 JUMPI DUP1 DUP3 SUB DUP1 MLOAD PUSH1 0x1 DUP4 PUSH1 0x20 SUB PUSH2 0x100 EXP SUB NOT AND DUP2 MSTORE PUSH1 0x20 ADD SWAP2 POP JUMPDEST POP SWAP3 POP POP POP PUSH1 0x40 MLOAD DUP1 SWAP2 SUB SWAP1 RETURN JUMPDEST CALLVALUE DUP1 ISZERO PUSH2 0x13F JUMPI PUSH1 0x0 DUP1 REVERT JUMPDEST POP PUSH2 0x18C PUSH1 0x4 DUP1 CALLDATASIZE SUB PUSH1 0x40 DUP2 LT ISZERO PUSH2 0x156 JUMPI PUSH1 0x0 DUP1 REVERT JUMPDEST DUP2 ADD SWAP1 DUP1 DUP1 CALLDATALOAD PUSH20 0xFFFFFFFFFFFFFFFFFFFFFFFFFFFFFFFFFFFFFFFF AND SWAP1 PUSH1 0x20 ADD SWAP1 SWAP3 SWAP2 SWAP1 DUP1 CALLDATALOAD SWAP1 PUSH1 0x20 ADD SWAP1 SWAP3 SWAP2 SWAP1 POP POP POP PUSH2 0x537 JUMP JUMPDEST PUSH1 0x40 MLOAD DUP1 DUP3 ISZERO ISZERO ISZERO ISZERO DUP2 MSTORE PUSH1 0x20 ADD SWAP2 POP POP PUSH1 0x40 MLOAD DUP1 SWAP2 SUB SWAP1 RETURN JUMPDEST CALLVALUE DUP1 ISZERO PUSH2 0x1B2 JUMPI PUSH1 0x0 DUP1 REVERT JUMPDEST POP PUSH2 0x1BB PUSH2 0x629 JUMP JUMPDEST PUSH1 0x40 MLOAD DUP1 DUP3 DUP2 MSTORE PUSH1 0x20 ADD SWAP2 POP POP PUSH1 0x40 MLOAD DUP1 SWAP2 SUB SWAP1 RETURN JUMPDEST CALLVALUE DUP1 ISZERO PUSH2 0x1DD JUMPI PUSH1 0x0 DUP1 REVERT JUMPDEST POP PUSH2 0x24A PUSH1 0x4 DUP1 CALLDATASIZE SUB PUSH1 0x60 DUP2 LT ISZERO PUSH2 0x1F4 JUMPI PUSH1 0x0 DUP1 REVERT JUMPDEST DUP2 ADD SWAP1 DUP1 DUP1 CALLDATALOAD PUSH20 0xFFFFFFFFFFFFFFFFFFFFFFFFFFFFFFFFFFFFFFFF AND SWAP1 PUSH1 0x20 ADD SWAP1 SWAP3 SWAP2 SWAP1 DUP1 CALLDATALOAD PUSH20 0xFFFFFFFFFFFFFFFFFFFFFFFFFFFFFFFFFFFFFFFF AND SWAP1 PUSH1 0x20 ADD SWAP1 SWAP3 SWAP2 SWAP1 DUP1 CALLDATALOAD SWAP1 PUSH1 0x20 ADD SWAP1 SWAP3 SWAP2 SWAP1 POP POP POP PUSH2 0x62F JUMP JUMPDEST PUSH1 0x40 MLOAD DUP1 DUP3 ISZERO ISZERO ISZERO ISZERO DUP2 MSTORE PUSH1 0x20 ADD SWAP2 POP POP PUSH1 0x40 MLOAD DUP1 SWAP2 SUB SWAP1 RETURN JUMPDEST CALLVALUE DUP1 ISZERO PUSH2 0x270 JUMPI PUSH1 0x0 DUP1 REVERT JUMPDEST POP PUSH2 0x279 PUSH2 0x89B JUMP JUMPDEST PUSH1 0x40 MLOAD DUP1 DUP3 PUSH1 0xFF AND PUSH1 0xFF AND DUP2 MSTORE PUSH1 0x20 ADD SWAP2 POP POP PUSH1 0x40 MLOAD DUP1 SWAP2 SUB SWAP1 RETURN JUMPDEST CALLVALUE DUP1 ISZERO PUSH2 0x2A1 JUMPI PUSH1 0x0 DUP1 REVERT JUMPDEST POP PUSH2 0x2E4 PUSH1 0x4 DUP1 CALLDATASIZE SUB PUSH1 0x20 DUP2 LT ISZERO PUSH2 0x2B8 JUMPI PUSH1 0x0 DUP1 REVERT JUMPDEST DUP2 ADD SWAP1 DUP1 DUP1 CALLDATALOAD PUSH20 0xFFFFFFFFFFFFFFFFFFFFFFFFFFFFFFFFFFFFFFFF AND SWAP1 PUSH1 0x20 ADD SWAP1 SWAP3 SWAP2 SWAP1 POP POP POP PUSH2 0x8AE JUMP JUMPDEST PUSH1 0x40 MLOAD DUP1 DUP3 DUP2 MSTORE PUSH1 0x20 ADD SWAP2 POP POP PUSH1 0x40 MLOAD DUP1 SWAP2 SUB SWAP1 RETURN JUMPDEST CALLVALUE DUP1 ISZERO PUSH2 0x306 JUMPI PUSH1 0x0 DUP1 REVERT JUMPDEST POP PUSH2 0x30F PUSH2 0x8C6 JUMP JUMPDEST PUSH1 0x40 MLOAD DUP1 DUP1 PUSH1 0x20 ADD DUP3 DUP2 SUB DUP3 MSTORE DUP4 DUP2 DUP2 MLOAD DUP2 MSTORE PUSH1 0x20 ADD SWAP2 POP DUP1 MLOAD SWAP1 PUSH1 0x20 ADD SWAP1 DUP1 DUP4 DUP4 PUSH1 0x0 JUMPDEST DUP4 DUP2 LT ISZERO PUSH2 0x34F JUMPI DUP1 DUP3 ADD MLOAD DUP2 DUP5 ADD MSTORE PUSH1 0x20 DUP2 ADD SWAP1 POP PUSH2 0x334 JUMP JUMPDEST POP POP POP POP SWAP1 POP SWAP1 DUP2 ADD SWAP1 PUSH1 0x1F AND DUP1 ISZERO PUSH2 0x37C JUMPI DUP1 DUP3 SUB DUP1 MLOAD PUSH1 0x1 DUP4 PUSH1 0x20 SUB PUSH2 0x100 EXP SUB NOT AND DUP2 MSTORE PUSH1 0x20 ADD SWAP2 POP JUMPDEST POP SWAP3 POP POP POP PUSH1 0x40 MLOAD DUP1 SWAP2 SUB SWAP1 RETURN JUMPDEST CALLVALUE DUP1 ISZERO PUSH2 0x396 JUMPI PUSH1 0x0 DUP1 REVERT JUMPDEST POP PUSH2 0x3E3 PUSH1 0x4 DUP1 CALLDATASIZE SUB PUSH1 0x40 DUP2 LT ISZERO PUSH2 0x3AD JUMPI PUSH1 0x0 DUP1 REVERT JUMPDEST DUP2 ADD SWAP1 DUP1 DUP1 CALLDATALOAD PUSH20 0xFFFFFFFFFFFFFFFFFFFFFFFFFFFFFFFFFFFFFFFF AND SWAP1 PUSH1 0x20 ADD SWAP1 SWAP3 SWAP2 SWAP1 DUP1 CALLDATALOAD SWAP1 PUSH1 0x20 ADD SWAP1 SWAP3 SWAP2 SWAP1 POP POP POP PUSH2 0x964 JUMP JUMPDEST PUSH1 0x40 MLOAD DUP1 DUP3 ISZERO ISZERO ISZERO ISZERO DUP2 MSTORE PUSH1 0x20 ADD SWAP2 POP POP PUSH1 0x40 MLOAD DUP1 SWAP2 SUB SWAP1 RETURN JUMPDEST CALLVALUE DUP1 ISZERO PUSH2 0x409 JUMPI PUSH1 0x0 DUP1 REVERT JUMPDEST POP PUSH2 0x412 PUSH2 0xABA JUMP JUMPDEST STOP JUMPDEST CALLVALUE DUP1 ISZERO PUSH2 0x420 JUMPI PUSH1 0x0 DUP1 REVERT JUMPDEST POP PUSH2 0x483 PUSH1 0x4 DUP1 CALLDATASIZE SUB PUSH1 0x40 DUP2 LT ISZERO PUSH2 0x437 JUMPI PUSH1 0x0 DUP1 REVERT JUMPDEST DUP2 ADD SWAP1 DUP1 DUP1 CALLDATALOAD PUSH20 0xFFFFFFFFFFFFFFFFFFFFFFFFFFFFFFFFFFFFFFFF AND SWAP1 PUSH1 0x20 ADD SWAP1 SWAP3 SWAP2 SWAP1 DUP1 CALLDATALOAD PUSH20 0xFFFFFFFFFFFFFFFFFFFFFFFFFFFFFFFFFFFFFFFF AND SWAP1 PUSH1 0x20 ADD SWAP1 SWAP3 SWAP2 SWAP1 POP POP POP PUSH2 0xB69 JUMP JUMPDEST PUSH1 0x40 MLOAD DUP1 DUP3 DUP2 MSTORE PUSH1 0x20 ADD SWAP2 POP POP PUSH1 0x40 MLOAD DUP1 SWAP2 SUB SWAP1 RETURN JUMPDEST PUSH1 0x1 DUP1 SLOAD PUSH1 0x1 DUP2 PUSH1 0x1 AND ISZERO PUSH2 0x100 MUL SUB AND PUSH1 0x2 SWAP1 DIV DUP1 PUSH1 0x1F ADD PUSH1 0x20 DUP1 SWAP2 DIV MUL PUSH1 0x20 ADD PUSH1 0x40 MLOAD SWAP1 DUP2 ADD PUSH1 0x40 MSTORE DUP1 SWAP3 SWAP2 SWAP1 DUP2 DUP2 MSTORE PUSH1 0x20 ADD DUP3 DUP1 SLOAD PUSH1 0x1 DUP2 PUSH1 0x1 AND ISZERO PUSH2 0x100 MUL SUB AND PUSH1 0x2 SWAP1 DIV DUP1 ISZERO PUSH2 0x52F JUMPI DUP1 PUSH1 0x1F LT PUSH2 0x504 JUMPI PUSH2 0x100 DUP1 DUP4 SLOAD DIV MUL DUP4 MSTORE SWAP2 PUSH1 0x20 ADD SWAP2 PUSH2 0x52F JUMP JUMPDEST DUP3 ADD SWAP2 SWAP1 PUSH1 0x0 MSTORE PUSH1 0x20 PUSH1 0x0 KECCAK256 SWAP1 JUMPDEST DUP2 SLOAD DUP2 MSTORE SWAP1 PUSH1 0x1 ADD SWAP1 PUSH1 0x20 ADD DUP1 DUP4 GT PUSH2 0x512 JUMPI DUP3 SWAP1 SUB PUSH1 0x1F AND DUP3 ADD SWAP2 JUMPDEST POP POP POP POP POP DUP2 JUMP JUMPDEST PUSH1 0x0 DUP2 PUSH1 0x5 PUSH1 0x0 CALLER PUSH20 0xFFFFFFFFFFFFFFFFFFFFFFFFFFFFFFFFFFFFFFFF AND PUSH20 0xFFFFFFFFFFFFFFFFFFFFFFFFFFFFFFFFFFFFFFFF AND DUP2 MSTORE PUSH1 0x20 ADD SWAP1 DUP2 MSTORE PUSH1 0x20 ADD PUSH1 0x0 KECCAK256 PUSH1 0x0 DUP6 PUSH20 0xFFFFFFFFFFFFFFFFFFFFFFFFFFFFFFFFFFFFFFFF AND PUSH20 0xFFFFFFFFFFFFFFFFFFFFFFFFFFFFFFFFFFFFFFFF AND DUP2 MSTORE PUSH1 0x20 ADD SWAP1 DUP2 MSTORE PUSH1 0x20 ADD PUSH1 0x0 KECCAK256 DUP2 SWAP1 SSTORE POP DUP3 PUSH20 0xFFFFFFFFFFFFFFFFFFFFFFFFFFFFFFFFFFFFFFFF AND CALLER PUSH20 0xFFFFFFFFFFFFFFFFFFFFFFFFFFFFFFFFFFFFFFFF AND PUSH32 0x8C5BE1E5EBEC7D5BD14F71427D1E84F3DD0314C0F7B2291E5B200AC8C7C3B925 DUP5 PUSH1 0x40 MLOAD DUP1 DUP3 DUP2 MSTORE PUSH1 0x20 ADD SWAP2 POP POP PUSH1 0x40 MLOAD DUP1 SWAP2 SUB SWAP1 LOG3 PUSH1 0x1 SWAP1 POP SWAP3 SWAP2 POP POP JUMP JUMPDEST PUSH1 0x4 SLOAD DUP2 JUMP JUMPDEST PUSH1 0x0 DUP1 PUSH1 0x0 DUP6 PUSH20 0xFFFFFFFFFFFFFFFFFFFFFFFFFFFFFFFFFFFFFFFF AND PUSH20 0xFFFFFFFFFFFFFFFFFFFFFFFFFFFFFFFFFFFFFFFF AND DUP2 MSTORE PUSH1 0x20 ADD SWAP1 DUP2 MSTORE PUSH1 0x20 ADD PUSH1 0x0 KECCAK256 SLOAD DUP3 GT ISZERO ISZERO ISZERO PUSH2 0x67E JUMPI PUSH1 0x0 DUP1 REVERT JUMPDEST PUSH1 0x5 PUSH1 0x0 DUP6 PUSH20 0xFFFFFFFFFFFFFFFFFFFFFFFFFFFFFFFFFFFFFFFF AND PUSH20 0xFFFFFFFFFFFFFFFFFFFFFFFFFFFFFFFFFFFFFFFF AND DUP2 MSTORE PUSH1 0x20 ADD SWAP1 DUP2 MSTORE PUSH1 0x20 ADD PUSH1 0x0 KECCAK256 PUSH1 0x0 CALLER PUSH20 0xFFFFFFFFFFFFFFFFFFFFFFFFFFFFFFFFFFFFFFFF AND PUSH20 0xFFFFFFFFFFFFFFFFFFFFFFFFFFFFFFFFFFFFFFFF AND DUP2 MSTORE PUSH1 0x20 ADD SWAP1 DUP2 MSTORE PUSH1 0x20 ADD PUSH1 0x0 KECCAK256 SLOAD DUP3 GT ISZERO ISZERO ISZERO PUSH2 0x709 JUMPI PUSH1 0x0 DUP1 REVERT JUMPDEST DUP2 PUSH1 0x0 DUP1 DUP7 PUSH20 0xFFFFFFFFFFFFFFFFFFFFFFFFFFFFFFFFFFFFFFFF AND PUSH20 0xFFFFFFFFFFFFFFFFFFFFFFFFFFFFFFFFFFFFFFFF AND DUP2 MSTORE PUSH1 0x20 ADD SWAP1 DUP2 MSTORE PUSH1 0x20 ADD PUSH1 0x0 KECCAK256 PUSH1 0x0 DUP3 DUP3 SLOAD SUB SWAP3 POP POP DUP2 SWAP1 SSTORE POP DUP2 PUSH1 0x0 DUP1 DUP6 PUSH20 0xFFFFFFFFFFFFFFFFFFFFFFFFFFFFFFFFFFFFFFFF AND PUSH20 0xFFFFFFFFFFFFFFFFFFFFFFFFFFFFFFFFFFFFFFFF AND DUP2 MSTORE PUSH1 0x20 ADD SWAP1 DUP2 MSTORE PUSH1 0x20 ADD PUSH1 0x0 KECCAK256 PUSH1 0x0 DUP3 DUP3 SLOAD ADD SWAP3 POP POP DUP2 SWAP1 SSTORE POP DUP2 PUSH1 0x5 PUSH1 0x0 DUP7 PUSH20 0xFFFFFFFFFFFFFFFFFFFFFFFFFFFFFFFFFFFFFFFF AND PUSH20 0xFFFFFFFFFFFFFFFFFFFFFFFFFFFFFFFFFFFFFFFF AND DUP2 MSTORE PUSH1 0x20 ADD SWAP1 DUP2 MSTORE PUSH1 0x20 ADD PUSH1 0x0 KECCAK256 PUSH1 0x0 CALLER PUSH20 0xFFFFFFFFFFFFFFFFFFFFFFFFFFFFFFFFFFFFFFFF AND PUSH20 0xFFFFFFFFFFFFFFFFFFFFFFFFFFFFFFFFFFFFFFFF AND DUP2 MSTORE PUSH1 0x20 ADD SWAP1 DUP2 MSTORE PUSH1 0x20 ADD PUSH1 0x0 KECCAK256 PUSH1 0x0 DUP3 DUP3 SLOAD SUB SWAP3 POP POP DUP2 SWAP1 SSTORE POP DUP3 PUSH20 0xFFFFFFFFFFFFFFFFFFFFFFFFFFFFFFFFFFFFFFFF AND DUP5 PUSH20 0xFFFFFFFFFFFFFFFFFFFFFFFFFFFFFFFFFFFFFFFF AND PUSH32 0xDDF252AD1BE2C89B69C2B068FC378DAA952BA7F163C4A11628F55A4DF523B3EF DUP5 PUSH1 0x40 MLOAD DUP1 DUP3 DUP2 MSTORE PUSH1 0x20 ADD SWAP2 POP POP PUSH1 0x40 MLOAD DUP1 SWAP2 SUB SWAP1 LOG3 PUSH1 0x1 SWAP1 POP SWAP4 SWAP3 POP POP POP JUMP JUMPDEST PUSH1 0x3 PUSH1 0x0 SWAP1 SLOAD SWAP1 PUSH2 0x100 EXP SWAP1 DIV PUSH1 0xFF AND DUP2 JUMP JUMPDEST PUSH1 0x0 PUSH1 0x20 MSTORE DUP1 PUSH1 0x0 MSTORE PUSH1 0x40 PUSH1 0x0 KECCAK256 PUSH1 0x0 SWAP2 POP SWAP1 POP SLOAD DUP2 JUMP JUMPDEST PUSH1 0x2 DUP1 SLOAD PUSH1 0x1 DUP2 PUSH1 0x1 AND ISZERO PUSH2 0x100 MUL SUB AND PUSH1 0x2 SWAP1 DIV DUP1 PUSH1 0x1F ADD PUSH1 0x20 DUP1 SWAP2 DIV MUL PUSH1 0x20 ADD PUSH1 0x40 MLOAD SWAP1 DUP2 ADD PUSH1 0x40 MSTORE DUP1 SWAP3 SWAP2 SWAP1 DUP2 DUP2 MSTORE PUSH1 0x20 ADD DUP3 DUP1 SLOAD PUSH1 0x1 DUP2 PUSH1 0x1 AND ISZERO PUSH2 0x100 MUL SUB AND PUSH1 0x2 SWAP1 DIV DUP1 ISZERO PUSH2 0x95C JUMPI DUP1 PUSH1 0x1F LT PUSH2 0x931 JUMPI PUSH2 0x100 DUP1 DUP4 SLOAD DIV MUL DUP4 MSTORE SWAP2 PUSH1 0x20 ADD SWAP2 PUSH2 0x95C JUMP JUMPDEST DUP3 ADD SWAP2 SWAP1 PUSH1 0x0 MSTORE PUSH1 0x20 PUSH1 0x0 KECCAK256 SWAP1 JUMPDEST DUP2 SLOAD DUP2 MSTORE SWAP1 PUSH1 0x1 ADD SWAP1 PUSH1 0x20 ADD DUP1 DUP4 GT PUSH2 0x93F JUMPI DUP3 SWAP1 SUB PUSH1 0x1F AND DUP3 ADD SWAP2 JUMPDEST POP POP POP POP POP DUP2 JUMP JUMPDEST PUSH1 0x0 DUP2 PUSH1 0x0 DUP1 CALLER PUSH20 0xFFFFFFFFFFFFFFFFFFFFFFFFFFFFFFFFFFFFFFFF AND PUSH20 0xFFFFFFFFFFFFFFFFFFFFFFFFFFFFFFFFFFFFFFFF AND DUP2 MSTORE PUSH1 0x20 ADD SWAP1 DUP2 MSTORE PUSH1 0x20 ADD PUSH1 0x0 KECCAK256 SLOAD LT ISZERO ISZERO ISZERO PUSH2 0x9B3 JUMPI PUSH1 0x0 DUP1 REVERT JUMPDEST DUP2 PUSH1 0x0 DUP1 CALLER PUSH20 0xFFFFFFFFFFFFFFFFFFFFFFFFFFFFFFFFFFFFFFFF AND PUSH20 0xFFFFFFFFFFFFFFFFFFFFFFFFFFFFFFFFFFFFFFFF AND DUP2 MSTORE PUSH1 0x20 ADD SWAP1 DUP2 MSTORE PUSH1 0x20 ADD PUSH1 0x0 KECCAK256 PUSH1 0x0 DUP3 DUP3 SLOAD SUB SWAP3 POP POP DUP2 SWAP1 SSTORE POP DUP2 PUSH1 0x0 DUP1 DUP6 PUSH20 0xFFFFFFFFFFFFFFFFFFFFFFFFFFFFFFFFFFFFFFFF AND PUSH20 0xFFFFFFFFFFFFFFFFFFFFFFFFFFFFFFFFFFFFFFFF AND DUP2 MSTORE PUSH1 0x20 ADD SWAP1 DUP2 MSTORE PUSH1 0x20 ADD PUSH1 0x0 KECCAK256 PUSH1 0x0 DUP3 DUP3 SLOAD ADD SWAP3 POP POP DUP2 SWAP1 SSTORE POP DUP3 PUSH20 0xFFFFFFFFFFFFFFFFFFFFFFFFFFFFFFFFFFFFFFFF AND CALLER PUSH20 0xFFFFFFFFFFFFFFFFFFFFFFFFFFFFFFFFFFFFFFFF AND PUSH32 0xDDF252AD1BE2C89B69C2B068FC378DAA952BA7F163C4A11628F55A4DF523B3EF DUP5 PUSH1 0x40 MLOAD DUP1 DUP3 DUP2 MSTORE PUSH1 0x20 ADD SWAP2 POP POP PUSH1 0x40 MLOAD DUP1 SWAP2 SUB SWAP1 LOG3 PUSH1 0x1 SWAP1 POP SWAP3 SWAP2 POP POP JUMP JUMPDEST PUSH1 0x4 SLOAD PUSH1 0x0 DUP1 CALLER PUSH20 0xFFFFFFFFFFFFFFFFFFFFFFFFFFFFFFFFFFFFFFFF AND PUSH20 0xFFFFFFFFFFFFFFFFFFFFFFFFFFFFFFFFFFFFFFFF AND DUP2 MSTORE PUSH1 0x20 ADD SWAP1 DUP2 MSTORE PUSH1 0x20 ADD PUSH1 0x0 KECCAK256 DUP2 SWAP1 SSTORE POP CALLER PUSH20 0xFFFFFFFFFFFFFFFFFFFFFFFFFFFFFFFFFFFFFFFF AND PUSH1 0x0 PUSH20 0xFFFFFFFFFFFFFFFFFFFFFFFFFFFFFFFFFFFFFFFF AND PUSH32 0xDDF252AD1BE2C89B69C2B068FC378DAA952BA7F163C4A11628F55A4DF523B3EF PUSH1 0x4 SLOAD PUSH1 0x40 MLOAD DUP1 DUP3 DUP2 MSTORE PUSH1 0x20 ADD SWAP2 POP POP PUSH1 0x40 MLOAD DUP1 SWAP2 SUB SWAP1 LOG3 JUMP JUMPDEST PUSH1 0x5 PUSH1 0x20 MSTORE DUP2 PUSH1 0x0 MSTORE PUSH1 0x40 PUSH1 0x0 KECCAK256 PUSH1 0x20 MSTORE DUP1 PUSH1 0x0 MSTORE PUSH1 0x40 PUSH1 0x0 KECCAK256 PUSH1 0x0 SWAP2 POP SWAP2 POP POP SLOAD DUP2 JUMP INVALID LOG1 PUSH6 0x627A7A723058 KECCAK256 EXTCODESIZE 0xe4 0x22 0x23 0xea SLT EXTCODESIZE DUP15 0xe4 0xbd PUSH20 0xB4D220F412E4CA23B08BCBCE32B72CBBD7E7BAB1 0x26 STOP 0x29
0,PUSH1 0x80 PUSH1 0x40 MSTORE PUSH1 0x40 DUP1 MLOAD SWAP1 DUP2 ADD PUSH1 0x40 MSTORE DUP1 PUSH1 0x18 DUP2 MSTORE PUSH1 0x20 ADD PUSH32 0x94343445F4B4F484C455F31385F323031393034313109090000000000000000 DUP2 MSTORE POP PUSH1 0x1 SWAP1 DUP1 MLOAD SWAP1 PUSH1 0x20 ADD SWAP1 PUSH2 0x4F SWAP3 SWAP2 SWAP1 PUSH2 0xD9 JUMP JUMPDEST POP PUSH1 0x40 DUP1 MLOAD SWAP1 DUP2 ADD PUSH1 0x40 MSTORE DUP1 PUSH1 0x1E DUP2 MSTORE PUSH1 0x20 ADD PUSH32 0x94343445F4B4F484C455F31385F32303139303431315F737562445409090000 DUP2 MSTORE POP PUSH1 0x2 SWAP1 DUP1 MLOAD SWAP1 PUSH1 0x20 ADD SWAP1 PUSH2 0x9B SWAP3 SWAP2 SWAP1 PUSH2 0xD9 JUMP JUMPDEST POP PUSH1 0x12 PUSH1 0x3 PUSH1 0x0 PUSH2 0x100 EXP DUP2 SLOAD DUP2 PUSH1 0xFF MUL NOT AND SWAP1 DUP4 PUSH1 0xFF AND MUL OR SWAP1 SSTORE POP PUSH11 0x1060D026983FFAA7000000 PUSH1 0x4 SSTORE CALLVALUE DUP1 ISZERO PUSH2 0xD3 JUMPI PUSH1 0x0 DUP1 REVERT JUMPDEST POP PUSH2 0x17E JUMP JUMPDEST DUP3 DUP1 SLOAD PUSH1 0x1 DUP2 PUSH1 0x1 AND ISZERO PUSH2 0x100 MUL SUB AND PUSH1 0x2 SWAP1 DIV SWAP1 PUSH1 0x0 MSTORE PUSH1 0x20 PUSH1 0x0 KECCAK256 SWAP1 PUSH1 0x1F ADD PUSH1 0x20 SWAP1 DIV DUP2 ADD SWAP3 DUP3 PUSH1 0x1F LT PUSH2 0x11A JUMPI DUP1 MLOAD PUSH1 0xFF NOT AND DUP4 DUP1 ADD OR DUP6 SSTORE PUSH2 0x148 JUMP JUMPDEST DUP3 DUP1 ADD PUSH1 0x1 ADD DUP6 SSTORE DUP3 ISZERO PUSH2 0x148 JUMPI SWAP2 DUP3 ADD JUMPDEST DUP3 DUP2 GT ISZERO PUSH2 0x147 JUMPI DUP3 MLOAD DUP3 SSTORE SWAP2 PUSH1 0x20 ADD SWAP2 SWAP1 PUSH1 0x1 ADD SWAP1 PUSH2 0x12C JUMP JUMPDEST JUMPDEST POP SWAP1 POP PUSH2 0x155 SWAP2 SWAP1 PUSH2 0x159 JUMP JUMPDEST POP SWAP1 JUMP JUMPDEST PUSH2 0x17B SWAP2 SWAP1 JUMPDEST DUP1 DUP3 GT ISZERO PUSH2 0x177 JUMPI PUSH1 0x0 DUP2 PUSH1 0x0 SWAP1 SSTORE POP PUSH1 0x1 ADD PUSH2 0x15F JUMP JUMPDEST POP SWAP1 JUMP JUMPDEST SWAP1 JUMP JUMPDEST PUSH2 0xBBA DUP1 PUSH2 0x18D PUSH1 0x0 CODECOPY PUSH1 0x0 RETURN INVALID PUSH1 0x80 PUSH1 0x40 MSTORE PUSH1 0x4 CALLDATASIZE LT PUSH2 0x9E JUMPI PUSH1 0x0 CALLDATALOAD PUSH29 0x100000000000000000000000000000000000000000000000000000000 SWAP1 DIV DUP1 PUSH4 0x6FDDE03 EQ PUSH2 0xA3 JUMPI DUP1 PUSH4 0x95EA7B3 EQ PUSH2 0x133 JUMPI DUP1 PUSH4 0x18160DDD EQ PUSH2 0x1A6 JUMPI DUP1 PUSH4 0x23B872DD EQ PUSH2 0x1D1 JUMPI DUP1 PUSH4 0x313CE567 EQ PUSH2 0x264 JUMPI DUP1 PUSH4 0x70A08231 EQ PUSH2 0x295 JUMPI DUP1 PUSH4 0x95D89B41 EQ PUSH2 0x2FA JUMPI DUP1 PUSH4 0xA9059CBB EQ PUSH2 0x38A JUMPI DUP1 PUSH4 0xB5C8F317 EQ PUSH2 0x3FD JUMPI DUP1 PUSH4 0xDD62ED3E EQ PUSH2 0x414 JUMPI JUMPDEST PUSH1 0x0 DUP1 REVERT JUMPDEST CALLVALUE DUP1 ISZERO PUSH2 0xAF JUMPI PUSH1 0x0 DUP1 REVERT JUMPDEST POP PUSH2 0xB8 PUSH2 0x499 JUMP JUMPDEST PUSH1 0x40 MLOAD DUP1 DUP1 PUSH1 0x20 ADD DUP3 DUP2 SUB DUP3 MSTORE DUP4 DUP2 DUP2 MLOAD DUP2 MSTORE PUSH1 0x20 ADD SWAP2 POP DUP1 MLOAD SWAP1 PUSH1 0x20 ADD SWAP1 DUP1 DUP4 DUP4 PUSH1 0x0 JUMPDEST DUP4 DUP2 LT ISZERO PUSH2 0xF8 JUMPI DUP1 DUP3 ADD MLOAD DUP2 DUP5 ADD MSTORE PUSH1 0x20 DUP2 ADD SWAP1 POP PUSH2 0xDD JUMP JUMPDEST POP POP POP POP SWAP1 POP SWAP1 DUP2 ADD SWAP1 PUSH1 0x1F AND DUP1 ISZERO PUSH2 0x125 JUMPI DUP1 DUP3 SUB DUP1 MLOAD PUSH1 0x1 DUP4 PUSH1 0x20 SUB PUSH2 0x100 EXP SUB NOT AND DUP2 MSTORE PUSH1 0x20 ADD SWAP2 POP JUMPDEST POP SWAP3 POP POP POP PUSH1 0x40 MLOAD DUP1 SWAP2 SUB SWAP1 RETURN JUMPDEST CALLVALUE DUP1 ISZERO PUSH2 0x13F JUMPI PUSH1 0x0 DUP1 REVERT JUMPDEST POP PUSH2 0x18C PUSH1 0x4 DUP1 CALLDATASIZE SUB PUSH1 0x40 DUP2 LT ISZERO PUSH2 0x156 JUMPI PUSH1 0x0 DUP1 REVERT JUMPDEST DUP2 ADD SWAP1 DUP1 DUP1 CALLDATALOAD PUSH20 0xFFFFFFFFFFFFFFFFFFFFFFFFFFFFFFFFFFFFFFFF AND SWAP1 PUSH1 0x20 ADD SWAP1 SWAP3 SWAP2 SWAP1 DUP1 CALLDATALOAD SWAP1 PUSH1 0x20 ADD SWAP1 SWAP3 SWAP2 SWAP1 POP POP POP PUSH2 0x537 JUMP JUMPDEST PUSH1 0x40 MLOAD DUP1 DUP3 ISZERO ISZERO ISZERO ISZERO DUP2 MSTORE PUSH1 0x20 ADD SWAP2 POP POP PUSH1 0x40 MLOAD DUP1 SWAP2 SUB SWAP1 RETURN JUMPDEST CALLVALUE DUP1 ISZERO PUSH2 0x1B2 JUMPI PUSH1 0x0 DUP1 REVERT JUMPDEST POP PUSH2 0x1BB PUSH2 0x629 JUMP JUMPDEST PUSH1 0x40 MLOAD DUP1 DUP3 DUP2 MSTORE PUSH1 0x20 ADD SWAP2 POP POP PUSH1 0x40 MLOAD DUP1 SWAP2 SUB SWAP1 RETURN JUMPDEST CALLVALUE DUP1 ISZERO PUSH2 0x1DD JUMPI PUSH1 0x0 DUP1 REVERT JUMPDEST POP PUSH2 0x24A PUSH1 0x4 DUP1 CALLDATASIZE SUB PUSH1 0x60 DUP2 LT ISZERO PUSH2 0x1F4 JUMPI PUSH1 0x0 DUP1 REVERT JUMPDEST DUP2 ADD SWAP1 DUP1 DUP1 CALLDATALOAD PUSH20 0xFFFFFFFFFFFFFFFFFFFFFFFFFFFFFFFFFFFFFFFF AND SWAP1 PUSH1 0x20 ADD SWAP1 SWAP3 SWAP2 SWAP1 DUP1 CALLDATALOAD PUSH20 0xFFFFFFFFFFFFFFFFFFFFFFFFFFFFFFFFFFFFFFFF AND SWAP1 PUSH1 0x20 ADD SWAP1 SWAP3 SWAP2 SWAP1 DUP1 CALLDATALOAD SWAP1 PUSH1 0x20 ADD SWAP1 SWAP3 SWAP2 SWAP1 POP POP POP PUSH2 0x62F JUMP JUMPDEST PUSH1 0x40 MLOAD DUP1 DUP3 ISZERO ISZERO ISZERO ISZERO DUP2 MSTORE PUSH1 0x20 ADD SWAP2 POP POP PUSH1 0x40 MLOAD DUP1 SWAP2 SUB SWAP1 RETURN JUMPDEST CALLVALUE DUP1 ISZERO PUSH2 0x270 JUMPI PUSH1 0x0 DUP1 REVERT JUMPDEST POP PUSH2 0x279 PUSH2 0x89B JUMP JUMPDEST PUSH1 0x40 MLOAD DUP1 DUP3 PUSH1 0xFF AND PUSH1 0xFF AND DUP2 MSTORE PUSH1 0x20 ADD SWAP2 POP POP PUSH1 0x40 MLOAD DUP1 SWAP2 SUB SWAP1 RETURN JUMPDEST CALLVALUE DUP1 ISZERO PUSH2 0x2A1 JUMPI PUSH1 0x0 DUP1 REVERT JUMPDEST POP PUSH2 0x2E4 PUSH1 0x4 DUP1 CALLDATASIZE SUB PUSH1 0x20 DUP2 LT ISZERO PUSH2 0x2B8 JUMPI PUSH1 0x0 DUP1 REVERT JUMPDEST DUP2 ADD SWAP1 DUP1 DUP1 CALLDATALOAD PUSH20 0xFFFFFFFFFFFFFFFFFFFFFFFFFFFFFFFFFFFFFFFF AND SWAP1 PUSH1 0x20 ADD SWAP1 SWAP3 SWAP2 SWAP1 POP POP POP PUSH2 0x8AE JUMP JUMPDEST PUSH1 0x40 MLOAD DUP1 DUP3 DUP2 MSTORE PUSH1 0x20 ADD SWAP2 POP POP PUSH1 0x40 MLOAD DUP1 SWAP2 SUB SWAP1 RETURN JUMPDEST CALLVALUE DUP1 ISZERO PUSH2 0x306 JUMPI PUSH1 0x0 DUP1 REVERT JUMPDEST POP PUSH2 0x30F PUSH2 0x8C6 JUMP JUMPDEST PUSH1 0x40 MLOAD DUP1 DUP1 PUSH1 0x20 ADD DUP3 DUP2 SUB DUP3 MSTORE DUP4 DUP2 DUP2 MLOAD DUP2 MSTORE PUSH1 0x20 ADD SWAP2 POP DUP1 MLOAD SWAP1 PUSH1 0x20 ADD SWAP1 DUP1 DUP4 DUP4 PUSH1 0x0 JUMPDEST DUP4 DUP2 LT ISZERO PUSH2 0x34F JUMPI DUP1 DUP3 ADD MLOAD DUP2 DUP5 ADD MSTORE PUSH1 0x20 DUP2 ADD SWAP1 POP PUSH2 0x334 JUMP JUMPDEST POP POP POP POP SWAP1 POP SWAP1 DUP2 ADD SWAP1 PUSH1 0x1F AND DUP1 ISZERO PUSH2 0x37C JUMPI DUP1 DUP3 SUB DUP1 MLOAD PUSH1 0x1 DUP4 PUSH1 0x20 SUB PUSH2 0x100 EXP SUB NOT AND DUP2 MSTORE PUSH1 0x20 ADD SWAP2 POP JUMPDEST POP SWAP3 POP POP POP PUSH1 0x40 MLOAD DUP1 SWAP2 SUB SWAP1 RETURN JUMPDEST CALLVALUE DUP1 ISZERO PUSH2 0x396 JUMPI PUSH1 0x0 DUP1 REVERT JUMPDEST POP PUSH2 0x3E3 PUSH1 0x4 DUP1 CALLDATASIZE SUB PUSH1 0x40 DUP2 LT ISZERO PUSH2 0x3AD JUMPI PUSH1 0x0 DUP1 REVERT JUMPDEST DUP2 ADD SWAP1 DUP1 DUP1 CALLDATALOAD PUSH20 0xFFFFFFFFFFFFFFFFFFFFFFFFFFFFFFFFFFFFFFFF AND SWAP1 PUSH1 0x20 ADD SWAP1 SWAP3 SWAP2 SWAP1 DUP1 CALLDATALOAD SWAP1 PUSH1 0x20 ADD SWAP1 SWAP3 SWAP2 SWAP1 POP POP POP PUSH2 0x964 JUMP JUMPDEST PUSH1 0x40 MLOAD DUP1 DUP3 ISZERO ISZERO ISZERO ISZERO DUP2 MSTORE PUSH1 0x20 ADD SWAP2 POP POP PUSH1 0x40 MLOAD DUP1 SWAP2 SUB SWAP1 RETURN JUMPDEST CALLVALUE DUP1 ISZERO PUSH2 0x409 JUMPI PUSH1 0x0 DUP1 REVERT JUMPDEST POP PUSH2 0x412 PUSH2 0xABA JUMP JUMPDEST STOP JUMPDEST CALLVALUE DUP1 ISZERO PUSH2 0x420 JUMPI PUSH1 0x0 DUP1 REVERT JUMPDEST POP PUSH2 0x483 PUSH1 0x4 DUP1 CALLDATASIZE SUB PUSH1 0x40 DUP2 LT ISZERO PUSH2 0x437 JUMPI PUSH1 0x0 DUP1 REVERT JUMPDEST DUP2 ADD SWAP1 DUP1 DUP1 CALLDATALOAD PUSH20 0xFFFFFFFFFFFFFFFFFFFFFFFFFFFFFFFFFFFFFFFF AND SWAP1 PUSH1 0x20 ADD SWAP1 SWAP3 SWAP2 SWAP1 DUP1 CALLDATALOAD PUSH20 0xFFFFFFFFFFFFFFFFFFFFFFFFFFFFFFFFFFFFFFFF AND SWAP1 PUSH1 0x20 ADD SWAP1 SWAP3 SWAP2 SWAP1 POP POP POP PUSH2 0xB69 JUMP JUMPDEST PUSH1 0x40 MLOAD DUP1 DUP3 DUP2 MSTORE PUSH1 0x20 ADD SWAP2 POP POP PUSH1 0x40 MLOAD DUP1 SWAP2 SUB SWAP1 RETURN JUMPDEST PUSH1 0x1 DUP1 SLOAD PUSH1 0x1 DUP2 PUSH1 0x1 AND ISZERO PUSH2 0x100 MUL SUB AND PUSH1 0x2 SWAP1 DIV DUP1 PUSH1 0x1F ADD PUSH1 0x20 DUP1 SWAP2 DIV MUL PUSH1 0x20 ADD PUSH1 0x40 MLOAD SWAP1 DUP2 ADD PUSH1 0x40 MSTORE DUP1 SWAP3 SWAP2 SWAP1 DUP2 DUP2 MSTORE PUSH1 0x20 ADD DUP3 DUP1 SLOAD PUSH1 0x1 DUP2 PUSH1 0x1 AND ISZERO PUSH2 0x100 MUL SUB AND PUSH1 0x2 SWAP1 DIV DUP1 ISZERO PUSH2 0x52F JUMPI DUP1 PUSH1 0x1F LT PUSH2 0x504 JUMPI PUSH2 0x100 DUP1 DUP4 SLOAD DIV MUL DUP4 MSTORE SWAP2 PUSH1 0x20 ADD SWAP2 PUSH2 0x52F JUMP JUMPDEST DUP3 ADD SWAP2 SWAP1 PUSH1 0x0 MSTORE PUSH1 0x20 PUSH1 0x0 KECCAK256 SWAP1 JUMPDEST DUP2 SLOAD DUP2 MSTORE SWAP1 PUSH1 0x1 ADD SWAP1 PUSH1 0x20 ADD DUP1 DUP4 GT PUSH2 0x512 JUMPI DUP3 SWAP1 SUB PUSH1 0x1F AND DUP3 ADD SWAP2 JUMPDEST POP POP POP POP POP DUP2 JUMP JUMPDEST PUSH1 0x0 DUP2 PUSH1 0x5 PUSH1 0x0 CALLER PUSH20 0xFFFFFFFFFFFFFFFFFFFFFFFFFFFFFFFFFFFFFFFF AND PUSH20 0xFFFFFFFFFFFFFFFFFFFFFFFFFFFFFFFFFFFFFFFF AND DUP2 MSTORE PUSH1 0x20 ADD SWAP1 DUP2 MSTORE PUSH1 0x20 ADD PUSH1 0x0 KECCAK256 PUSH1 0x0 DUP6 PUSH20 0xFFFFFFFFFFFFFFFFFFFFFFFFFFFFFFFFFFFFFFFF AND PUSH20 0xFFFFFFFFFFFFFFFFFFFFFFFFFFFFFFFFFFFFFFFF AND DUP2 MSTORE PUSH1 0x20 ADD SWAP1 DUP2 MSTORE PUSH1 0x20 ADD PUSH1 0x0 KECCAK256 DUP2 SWAP1 SSTORE POP DUP3 PUSH20 0xFFFFFFFFFFFFFFFFFFFFFFFFFFFFFFFFFFFFFFFF AND CALLER PUSH20 0xFFFFFFFFFFFFFFFFFFFFFFFFFFFFFFFFFFFFFFFF AND PUSH32 0x8C5BE1E5EBEC7D5BD14F71427D1E84F3DD0314C0F7B2291E5B200AC8C7C3B925 DUP5 PUSH1 0x40 MLOAD DUP1 DUP3 DUP2 MSTORE PUSH1 0x20 ADD SWAP2 POP POP PUSH1 0x40 MLOAD DUP1 SWAP2 SUB SWAP1 LOG3 PUSH1 0x1 SWAP1 POP SWAP3 SWAP2 POP POP JUMP JUMPDEST PUSH1 0x4 SLOAD DUP2 JUMP JUMPDEST PUSH1 0x0 DUP1 PUSH1 0x0 DUP6 PUSH20 0xFFFFFFFFFFFFFFFFFFFFFFFFFFFFFFFFFFFFFFFF AND PUSH20 0xFFFFFFFFFFFFFFFFFFFFFFFFFFFFFFFFFFFFFFFF AND DUP2 MSTORE PUSH1 0x20 ADD SWAP1 DUP2 MSTORE PUSH1 0x20 ADD PUSH1 0x0 KECCAK256 SLOAD DUP3 GT ISZERO ISZERO ISZERO PUSH2 0x67E JUMPI PUSH1 0x0 DUP1 REVERT JUMPDEST PUSH1 0x5 PUSH1 0x0 DUP6 PUSH20 0xFFFFFFFFFFFFFFFFFFFFFFFFFFFFFFFFFFFFFFFF AND PUSH20 0xFFFFFFFFFFFFFFFFFFFFFFFFFFFFFFFFFFFFFFFF AND DUP2 MSTORE PUSH1 0x20 ADD SWAP1 DUP2 MSTORE PUSH1 0x20 ADD PUSH1 0x0 KECCAK256 PUSH1 0x0 CALLER PUSH20 0xFFFFFFFFFFFFFFFFFFFFFFFFFFFFFFFFFFFFFFFF AND PUSH20 0xFFFFFFFFFFFFFFFFFFFFFFFFFFFFFFFFFFFFFFFF AND DUP2 MSTORE PUSH1 0x20 ADD SWAP1 DUP2 MSTORE PUSH1 0x20 ADD PUSH1 0x0 KECCAK256 SLOAD DUP3 GT ISZERO ISZERO ISZERO PUSH2 0x709 JUMPI PUSH1 0x0 DUP1 REVERT JUMPDEST DUP2 PUSH1 0x0 DUP1 DUP7 PUSH20 0xFFFFFFFFFFFFFFFFFFFFFFFFFFFFFFFFFFFFFFFF AND PUSH20 0xFFFFFFFFFFFFFFFFFFFFFFFFFFFFFFFFFFFFFFFF AND DUP2 MSTORE PUSH1 0x20 ADD SWAP1 DUP2 MSTORE PUSH1 0x20 ADD PUSH1 0x0 KECCAK256 PUSH1 0x0 DUP3 DUP3 SLOAD SUB SWAP3 POP POP DUP2 SWAP1 SSTORE POP DUP2 PUSH1 0x0 DUP1 DUP6 PUSH20 0xFFFFFFFFFFFFFFFFFFFFFFFFFFFFFFFFFFFFFFFF AND PUSH20 0xFFFFFFFFFFFFFFFFFFFFFFFFFFFFFFFFFFFFFFFF AND DUP2 MSTORE PUSH1 0x20 ADD SWAP1 DUP2 MSTORE PUSH1 0x20 ADD PUSH1 0x0 KECCAK256 PUSH1 0x0 DUP3 DUP3 SLOAD ADD SWAP3 POP POP DUP2 SWAP1 SSTORE POP DUP2 PUSH1 0x5 PUSH1 0x0 DUP7 PUSH20 0xFFFFFFFFFFFFFFFFFFFFFFFFFFFFFFFFFFFFFFFF AND PUSH20 0xFFFFFFFFFFFFFFFFFFFFFFFFFFFFFFFFFFFFFFFF AND DUP2 MSTORE PUSH1 0x20 ADD SWAP1 DUP2 MSTORE PUSH1 0x20 ADD PUSH1 0x0 KECCAK256 PUSH1 0x0 CALLER PUSH20 0xFFFFFFFFFFFFFFFFFFFFFFFFFFFFFFFFFFFFFFFF AND PUSH20 0xFFFFFFFFFFFFFFFFFFFFFFFFFFFFFFFFFFFFFFFF AND DUP2 MSTORE PUSH1 0x20 ADD SWAP1 DUP2 MSTORE PUSH1 0x20 ADD PUSH1 0x0 KECCAK256 PUSH1 0x0 DUP3 DUP3 SLOAD SUB SWAP3 POP POP DUP2 SWAP1 SSTORE POP DUP3 PUSH20 0xFFFFFFFFFFFFFFFFFFFFFFFFFFFFFFFFFFFFFFFF AND DUP5 PUSH20 0xFFFFFFFFFFFFFFFFFFFFFFFFFFFFFFFFFFFFFFFF AND PUSH32 0xDDF252AD1BE2C89B69C2B068FC378DAA952BA7F163C4A11628F55A4DF523B3EF DUP5 PUSH1 0x40 MLOAD DUP1 DUP3 DUP2 MSTORE PUSH1 0x20 ADD SWAP2 POP POP PUSH1 0x40 MLOAD DUP1 SWAP2 SUB SWAP1 LOG3 PUSH1 0x1 SWAP1 POP SWAP4 SWAP3 POP POP POP JUMP JUMPDEST PUSH1 0x3 PUSH1 0x0 SWAP1 SLOAD SWAP1 PUSH2 0x100 EXP SWAP1 DIV PUSH1 0xFF AND DUP2 JUMP JUMPDEST PUSH1 0x0 PUSH1 0x20 MSTORE DUP1 PUSH1 0x0 MSTORE PUSH1 0x40 PUSH1 0x0 KECCAK256 PUSH1 0x0 SWAP2 POP SWAP1 POP SLOAD DUP2 JUMP JUMPDEST PUSH1 0x2 DUP1 SLOAD PUSH1 0x1 DUP2 PUSH1 0x1 AND ISZERO PUSH2 0x100 MUL SUB AND PUSH1 0x2 SWAP1 DIV DUP1 PUSH1 0x1F ADD PUSH1 0x20 DUP1 SWAP2 DIV MUL PUSH1 0x20 ADD PUSH1 0x40 MLOAD SWAP1 DUP2 ADD PUSH1 0x40 MSTORE DUP1 SWAP3 SWAP2 SWAP1 DUP2 DUP2 MSTORE PUSH1 0x20 ADD DUP3 DUP1 SLOAD PUSH1 0x1 DUP2 PUSH1 0x1 AND ISZERO PUSH2 0x100 MUL SUB AND PUSH1 0x2 SWAP1 DIV DUP1 ISZERO PUSH2 0x95C JUMPI DUP1 PUSH1 0x1F LT PUSH2 0x931 JUMPI PUSH2 0x100 DUP1 DUP4 SLOAD DIV MUL DUP4 MSTORE SWAP2 PUSH1 0x20 ADD SWAP2 PUSH2 0x95C JUMP JUMPDEST DUP3 ADD SWAP2 SWAP1 PUSH1 0x0 MSTORE PUSH1 0x20 PUSH1 0x0 KECCAK256 SWAP1 JUMPDEST DUP2 SLOAD DUP2 MSTORE SWAP1 PUSH1 0x1 ADD SWAP1 PUSH1 0x20 ADD DUP1 DUP4 GT PUSH2 0x93F JUMPI DUP3 SWAP1 SUB PUSH1 0x1F AND DUP3 ADD SWAP2 JUMPDEST POP POP POP POP POP DUP2 JUMP JUMPDEST PUSH1 0x0 DUP2 PUSH1 0x0 DUP1 CALLER PUSH20 0xFFFFFFFFFFFFFFFFFFFFFFFFFFFFFFFFFFFFFFFF AND PUSH20 0xFFFFFFFFFFFFFFFFFFFFFFFFFFFFFFFFFFFFFFFF AND DUP2 MSTORE PUSH1 0x20 ADD SWAP1 DUP2 MSTORE PUSH1 0x20 ADD PUSH1 0x0 KECCAK256 SLOAD LT ISZERO ISZERO ISZERO PUSH2 0x9B3 JUMPI PUSH1 0x0 DUP1 REVERT JUMPDEST DUP2 PUSH1 0x0 DUP1 CALLER PUSH20 0xFFFFFFFFFFFFFFFFFFFFFFFFFFFFFFFFFFFFFFFF AND PUSH20 0xFFFFFFFFFFFFFFFFFFFFFFFFFFFFFFFFFFFFFFFF AND DUP2 MSTORE PUSH1 0x20 ADD SWAP1 DUP2 MSTORE PUSH1 0x20 ADD PUSH1 0x0 KECCAK256 PUSH1 0x0 DUP3 DUP3 SLOAD SUB SWAP3 POP POP DUP2 SWAP1 SSTORE POP DUP2 PUSH1 0x0 DUP1 DUP6 PUSH20 0xFFFFFFFFFFFFFFFFFFFFFFFFFFFFFFFFFFFFFFFF AND PUSH20 0xFFFFFFFFFFFFFFFFFFFFFFFFFFFFFFFFFFFFFFFF AND DUP2 MSTORE PUSH1 0x20 ADD SWAP1 DUP2 MSTORE PUSH1 0x20 ADD PUSH1 0x0 KECCAK256 PUSH1 0x0 DUP3 DUP3 SLOAD ADD SWAP3 POP POP DUP2 SWAP1 SSTORE POP DUP3 PUSH20 0xFFFFFFFFFFFFFFFFFFFFFFFFFFFFFFFFFFFFFFFF AND CALLER PUSH20 0xFFFFFFFFFFFFFFFFFFFFFFFFFFFFFFFFFFFFFFFF AND PUSH32 0xDDF252AD1BE2C89B69C2B068FC378DAA952BA7F163C4A11628F55A4DF523B3EF DUP5 PUSH1 0x40 MLOAD DUP1 DUP3 DUP2 MSTORE PUSH1 0x20 ADD SWAP2 POP POP PUSH1 0x40 MLOAD DUP1 SWAP2 SUB SWAP1 LOG3 PUSH1 0x1 SWAP1 POP SWAP3 SWAP2 POP POP JUMP JUMPDEST PUSH1 0x4 SLOAD PUSH1 0x0 DUP1 CALLER PUSH20 0xFFFFFFFFFFFFFFFFFFFFFFFFFFFFFFFFFFFFFFFF AND PUSH20 0xFFFFFFFFFFFFFFFFFFFFFFFFFFFFFFFFFFFFFFFF AND DUP2 MSTORE PUSH1 0x20 ADD SWAP1 DUP2 MSTORE PUSH1 0x20 ADD PUSH1 0x0 KECCAK256 DUP2 SWAP1 SSTORE POP CALLER PUSH20 0xFFFFFFFFFFFFFFFFFFFFFFFFFFFFFFFFFFFFFFFF AND PUSH1 0x0 PUSH20 0xFFFFFFFFFFFFFFFFFFFFFFFFFFFFFFFFFFFFFFFF AND PUSH32 0xDDF252AD1BE2C89B69C2B068FC378DAA952BA7F163C4A11628F55A4DF523B3EF PUSH1 0x4 SLOAD PUSH1 0x40 MLOAD DUP1 DUP3 DUP2 MSTORE PUSH1 0x20 ADD SWAP2 POP POP PUSH1 0x40 MLOAD DUP1 SWAP2 SUB SWAP1 LOG3 JUMP JUMPDEST PUSH1 0x5 PUSH1 0x20 MSTORE DUP2 PUSH1 0x0 MSTORE PUSH1 0x40 PUSH1 0x0 KECCAK256 PUSH1 0x20 MSTORE DUP1 PUSH1 0x0 MSTORE PUSH1 0x40 PUSH1 0x0 KECCAK256 PUSH1 0x0 SWAP2 POP SWAP2 POP POP SLOAD DUP2 JUMP INVALID LOG1 PUSH6 0x627A7A723058 KECCAK256 0xb0 0xe2 0xef MUL 0xaa DIFFICULTY SWAP7 SWAP13 CALLVALUE 0xbb 0xba PUSH27 0xED090F239A2A8E81ECD21411009DD7E3046E2D3D00290000000000
0,PUSH1 0x80 PUSH1 0x40 MSTORE PUSH1 0x40 DUP1 MLOAD SWAP1 DUP2 ADD PUSH1 0x40 MSTORE DUP1 PUSH1 0x18 DUP2 MSTORE PUSH1 0x20 ADD PUSH32 0x94343445F4B4F484C455F31375F323031393034313109090000000000000000 DUP2 MSTORE POP PUSH1 0x1 SWAP1 DUP1 MLOAD SWAP1 PUSH1 0x20 ADD SWAP1 PUSH2 0x4F SWAP3 SWAP2 SWAP1 PUSH2 0xD9 JUMP JUMPDEST POP PUSH1 0x40 DUP1 MLOAD SWAP1 DUP2 ADD PUSH1 0x40 MSTORE DUP1 PUSH1 0x1E DUP2 MSTORE PUSH1 0x20 ADD PUSH32 0x94343445F4B4F484C455F31375F32303139303431315F737562445409090000 DUP2 MSTORE POP PUSH1 0x2 SWAP1 DUP1 MLOAD SWAP1 PUSH1 0x20 ADD SWAP1 PUSH2 0x9B SWAP3 SWAP2 SWAP1 PUSH2 0xD9 JUMP JUMPDEST POP PUSH1 0x12 PUSH1 0x3 PUSH1 0x0 PUSH2 0x100 EXP DUP2 SLOAD DUP2 PUSH1 0xFF MUL NOT AND SWAP1 DUP4 PUSH1 0xFF AND MUL OR SWAP1 SSTORE POP PUSH11 0x1060D026983FFAA7000000 PUSH1 0x4 SSTORE CALLVALUE DUP1 ISZERO PUSH2 0xD3 JUMPI PUSH1 0x0 DUP1 REVERT JUMPDEST POP PUSH2 0x17E JUMP JUMPDEST DUP3 DUP1 SLOAD PUSH1 0x1 DUP2 PUSH1 0x1 AND ISZERO PUSH2 0x100 MUL SUB AND PUSH1 0x2 SWAP1 DIV SWAP1 PUSH1 0x0 MSTORE PUSH1 0x20 PUSH1 0x0 KECCAK256 SWAP1 PUSH1 0x1F ADD PUSH1 0x20 SWAP1 DIV DUP2 ADD SWAP3 DUP3 PUSH1 0x1F LT PUSH2 0x11A JUMPI DUP1 MLOAD PUSH1 0xFF NOT AND DUP4 DUP1 ADD OR DUP6 SSTORE PUSH2 0x148 JUMP JUMPDEST DUP3 DUP1 ADD PUSH1 0x1 ADD DUP6 SSTORE DUP3 ISZERO PUSH2 0x148 JUMPI SWAP2 DUP3 ADD JUMPDEST DUP3 DUP2 GT ISZERO PUSH2 0x147 JUMPI DUP3 MLOAD DUP3 SSTORE SWAP2 PUSH1 0x20 ADD SWAP2 SWAP1 PUSH1 0x1 ADD SWAP1 PUSH2 0x12C JUMP JUMPDEST JUMPDEST POP SWAP1 POP PUSH2 0x155 SWAP2 SWAP1 PUSH2 0x159 JUMP JUMPDEST POP SWAP1 JUMP JUMPDEST PUSH2 0x17B SWAP2 SWAP1 JUMPDEST DUP1 DUP3 GT ISZERO PUSH2 0x177 JUMPI PUSH1 0x0 DUP2 PUSH1 0x0 SWAP1 SSTORE POP PUSH1 0x1 ADD PUSH2 0x15F JUMP JUMPDEST POP SWAP1 JUMP JUMPDEST SWAP1 JUMP JUMPDEST PUSH2 0xBBA DUP1 PUSH2 0x18D PUSH1 0x0 CODECOPY PUSH1 0x0 RETURN INVALID PUSH1 0x80 PUSH1 0x40 MSTORE PUSH1 0x4 CALLDATASIZE LT PUSH2 0x9E JUMPI PUSH1 0x0 CALLDATALOAD PUSH29 0x100000000000000000000000000000000000000000000000000000000 SWAP1 DIV DUP1 PUSH4 0x6FDDE03 EQ PUSH2 0xA3 JUMPI DUP1 PUSH4 0x95EA7B3 EQ PUSH2 0x133 JUMPI DUP1 PUSH4 0x18160DDD EQ PUSH2 0x1A6 JUMPI DUP1 PUSH4 0x23B872DD EQ PUSH2 0x1D1 JUMPI DUP1 PUSH4 0x313CE567 EQ PUSH2 0x264 JUMPI DUP1 PUSH4 0x70A08231 EQ PUSH2 0x295 JUMPI DUP1 PUSH4 0x95D89B41 EQ PUSH2 0x2FA JUMPI DUP1 PUSH4 0xA9059CBB EQ PUSH2 0x38A JUMPI DUP1 PUSH4 0xB5C8F317 EQ PUSH2 0x3FD JUMPI DUP1 PUSH4 0xDD62ED3E EQ PUSH2 0x414 JUMPI JUMPDEST PUSH1 0x0 DUP1 REVERT JUMPDEST CALLVALUE DUP1 ISZERO PUSH2 0xAF JUMPI PUSH1 0x0 DUP1 REVERT JUMPDEST POP PUSH2 0xB8 PUSH2 0x499 JUMP JUMPDEST PUSH1 0x40 MLOAD DUP1 DUP1 PUSH1 0x20 ADD DUP3 DUP2 SUB DUP3 MSTORE DUP4 DUP2 DUP2 MLOAD DUP2 MSTORE PUSH1 0x20 ADD SWAP2 POP DUP1 MLOAD SWAP1 PUSH1 0x20 ADD SWAP1 DUP1 DUP4 DUP4 PUSH1 0x0 JUMPDEST DUP4 DUP2 LT ISZERO PUSH2 0xF8 JUMPI DUP1 DUP3 ADD MLOAD DUP2 DUP5 ADD MSTORE PUSH1 0x20 DUP2 ADD SWAP1 POP PUSH2 0xDD JUMP JUMPDEST POP POP POP POP SWAP1 POP SWAP1 DUP2 ADD SWAP1 PUSH1 0x1F AND DUP1 ISZERO PUSH2 0x125 JUMPI DUP1 DUP3 SUB DUP1 MLOAD PUSH1 0x1 DUP4 PUSH1 0x20 SUB PUSH2 0x100 EXP SUB NOT AND DUP2 MSTORE PUSH1 0x20 ADD SWAP2 POP JUMPDEST POP SWAP3 POP POP POP PUSH1 0x40 MLOAD DUP1 SWAP2 SUB SWAP1 RETURN JUMPDEST CALLVALUE DUP1 ISZERO PUSH2 0x13F JUMPI PUSH1 0x0 DUP1 REVERT JUMPDEST POP PUSH2 0x18C PUSH1 0x4 DUP1 CALLDATASIZE SUB PUSH1 0x40 DUP2 LT ISZERO PUSH2 0x156 JUMPI PUSH1 0x0 DUP1 REVERT JUMPDEST DUP2 ADD SWAP1 DUP1 DUP1 CALLDATALOAD PUSH20 0xFFFFFFFFFFFFFFFFFFFFFFFFFFFFFFFFFFFFFFFF AND SWAP1 PUSH1 0x20 ADD SWAP1 SWAP3 SWAP2 SWAP1 DUP1 CALLDATALOAD SWAP1 PUSH1 0x20 ADD SWAP1 SWAP3 SWAP2 SWAP1 POP POP POP PUSH2 0x537 JUMP JUMPDEST PUSH1 0x40 MLOAD DUP1 DUP3 ISZERO ISZERO ISZERO ISZERO DUP2 MSTORE PUSH1 0x20 ADD SWAP2 POP POP PUSH1 0x40 MLOAD DUP1 SWAP2 SUB SWAP1 RETURN JUMPDEST CALLVALUE DUP1 ISZERO PUSH2 0x1B2 JUMPI PUSH1 0x0 DUP1 REVERT JUMPDEST POP PUSH2 0x1BB PUSH2 0x629 JUMP JUMPDEST PUSH1 0x40 MLOAD DUP1 DUP3 DUP2 MSTORE PUSH1 0x20 ADD SWAP2 POP POP PUSH1 0x40 MLOAD DUP1 SWAP2 SUB SWAP1 RETURN JUMPDEST CALLVALUE DUP1 ISZERO PUSH2 0x1DD JUMPI PUSH1 0x0 DUP1 REVERT JUMPDEST POP PUSH2 0x24A PUSH1 0x4 DUP1 CALLDATASIZE SUB PUSH1 0x60 DUP2 LT ISZERO PUSH2 0x1F4 JUMPI PUSH1 0x0 DUP1 REVERT JUMPDEST DUP2 ADD SWAP1 DUP1 DUP1 CALLDATALOAD PUSH20 0xFFFFFFFFFFFFFFFFFFFFFFFFFFFFFFFFFFFFFFFF AND SWAP1 PUSH1 0x20 ADD SWAP1 SWAP3 SWAP2 SWAP1 DUP1 CALLDATALOAD PUSH20 0xFFFFFFFFFFFFFFFFFFFFFFFFFFFFFFFFFFFFFFFF AND SWAP1 PUSH1 0x20 ADD SWAP1 SWAP3 SWAP2 SWAP1 DUP1 CALLDATALOAD SWAP1 PUSH1 0x20 ADD SWAP1 SWAP3 SWAP2 SWAP1 POP POP POP PUSH2 0x62F JUMP JUMPDEST PUSH1 0x40 MLOAD DUP1 DUP3 ISZERO ISZERO ISZERO ISZERO DUP2 MSTORE PUSH1 0x20 ADD SWAP2 POP POP PUSH1 0x40 MLOAD DUP1 SWAP2 SUB SWAP1 RETURN JUMPDEST CALLVALUE DUP1 ISZERO PUSH2 0x270 JUMPI PUSH1 0x0 DUP1 REVERT JUMPDEST POP PUSH2 0x279 PUSH2 0x89B JUMP JUMPDEST PUSH1 0x40 MLOAD DUP1 DUP3 PUSH1 0xFF AND PUSH1 0xFF AND DUP2 MSTORE PUSH1 0x20 ADD SWAP2 POP POP PUSH1 0x40 MLOAD DUP1 SWAP2 SUB SWAP1 RETURN JUMPDEST CALLVALUE DUP1 ISZERO PUSH2 0x2A1 JUMPI PUSH1 0x0 DUP1 REVERT JUMPDEST POP PUSH2 0x2E4 PUSH1 0x4 DUP1 CALLDATASIZE SUB PUSH1 0x20 DUP2 LT ISZERO PUSH2 0x2B8 JUMPI PUSH1 0x0 DUP1 REVERT JUMPDEST DUP2 ADD SWAP1 DUP1 DUP1 CALLDATALOAD PUSH20 0xFFFFFFFFFFFFFFFFFFFFFFFFFFFFFFFFFFFFFFFF AND SWAP1 PUSH1 0x20 ADD SWAP1 SWAP3 SWAP2 SWAP1 POP POP POP PUSH2 0x8AE JUMP JUMPDEST PUSH1 0x40 MLOAD DUP1 DUP3 DUP2 MSTORE PUSH1 0x20 ADD SWAP2 POP POP PUSH1 0x40 MLOAD DUP1 SWAP2 SUB SWAP1 RETURN JUMPDEST CALLVALUE DUP1 ISZERO PUSH2 0x306 JUMPI PUSH1 0x0 DUP1 REVERT JUMPDEST POP PUSH2 0x30F PUSH2 0x8C6 JUMP JUMPDEST PUSH1 0x40 MLOAD DUP1 DUP1 PUSH1 0x20 ADD DUP3 DUP2 SUB DUP3 MSTORE DUP4 DUP2 DUP2 MLOAD DUP2 MSTORE PUSH1 0x20 ADD SWAP2 POP DUP1 MLOAD SWAP1 PUSH1 0x20 ADD SWAP1 DUP1 DUP4 DUP4 PUSH1 0x0 JUMPDEST DUP4 DUP2 LT ISZERO PUSH2 0x34F JUMPI DUP1 DUP3 ADD MLOAD DUP2 DUP5 ADD MSTORE PUSH1 0x20 DUP2 ADD SWAP1 POP PUSH2 0x334 JUMP JUMPDEST POP POP POP POP SWAP1 POP SWAP1 DUP2 ADD SWAP1 PUSH1 0x1F AND DUP1 ISZERO PUSH2 0x37C JUMPI DUP1 DUP3 SUB DUP1 MLOAD PUSH1 0x1 DUP4 PUSH1 0x20 SUB PUSH2 0x100 EXP SUB NOT AND DUP2 MSTORE PUSH1 0x20 ADD SWAP2 POP JUMPDEST POP SWAP3 POP POP POP PUSH1 0x40 MLOAD DUP1 SWAP2 SUB SWAP1 RETURN JUMPDEST CALLVALUE DUP1 ISZERO PUSH2 0x396 JUMPI PUSH1 0x0 DUP1 REVERT JUMPDEST POP PUSH2 0x3E3 PUSH1 0x4 DUP1 CALLDATASIZE SUB PUSH1 0x40 DUP2 LT ISZERO PUSH2 0x3AD JUMPI PUSH1 0x0 DUP1 REVERT JUMPDEST DUP2 ADD SWAP1 DUP1 DUP1 CALLDATALOAD PUSH20 0xFFFFFFFFFFFFFFFFFFFFFFFFFFFFFFFFFFFFFFFF AND SWAP1 PUSH1 0x20 ADD SWAP1 SWAP3 SWAP2 SWAP1 DUP1 CALLDATALOAD SWAP1 PUSH1 0x20 ADD SWAP1 SWAP3 SWAP2 SWAP1 POP POP POP PUSH2 0x964 JUMP JUMPDEST PUSH1 0x40 MLOAD DUP1 DUP3 ISZERO ISZERO ISZERO ISZERO DUP2 MSTORE PUSH1 0x20 ADD SWAP2 POP POP PUSH1 0x40 MLOAD DUP1 SWAP2 SUB SWAP1 RETURN JUMPDEST CALLVALUE DUP1 ISZERO PUSH2 0x409 JUMPI PUSH1 0x0 DUP1 REVERT JUMPDEST POP PUSH2 0x412 PUSH2 0xABA JUMP JUMPDEST STOP JUMPDEST CALLVALUE DUP1 ISZERO PUSH2 0x420 JUMPI PUSH1 0x0 DUP1 REVERT JUMPDEST POP PUSH2 0x483 PUSH1 0x4 DUP1 CALLDATASIZE SUB PUSH1 0x40 DUP2 LT ISZERO PUSH2 0x437 JUMPI PUSH1 0x0 DUP1 REVERT JUMPDEST DUP2 ADD SWAP1 DUP1 DUP1 CALLDATALOAD PUSH20 0xFFFFFFFFFFFFFFFFFFFFFFFFFFFFFFFFFFFFFFFF AND SWAP1 PUSH1 0x20 ADD SWAP1 SWAP3 SWAP2 SWAP1 DUP1 CALLDATALOAD PUSH20 0xFFFFFFFFFFFFFFFFFFFFFFFFFFFFFFFFFFFFFFFF AND SWAP1 PUSH1 0x20 ADD SWAP1 SWAP3 SWAP2 SWAP1 POP POP POP PUSH2 0xB69 JUMP JUMPDEST PUSH1 0x40 MLOAD DUP1 DUP3 DUP2 MSTORE PUSH1 0x20 ADD SWAP2 POP POP PUSH1 0x40 MLOAD DUP1 SWAP2 SUB SWAP1 RETURN JUMPDEST PUSH1 0x1 DUP1 SLOAD PUSH1 0x1 DUP2 PUSH1 0x1 AND ISZERO PUSH2 0x100 MUL SUB AND PUSH1 0x2 SWAP1 DIV DUP1 PUSH1 0x1F ADD PUSH1 0x20 DUP1 SWAP2 DIV MUL PUSH1 0x20 ADD PUSH1 0x40 MLOAD SWAP1 DUP2 ADD PUSH1 0x40 MSTORE DUP1 SWAP3 SWAP2 SWAP1 DUP2 DUP2 MSTORE PUSH1 0x20 ADD DUP3 DUP1 SLOAD PUSH1 0x1 DUP2 PUSH1 0x1 AND ISZERO PUSH2 0x100 MUL SUB AND PUSH1 0x2 SWAP1 DIV DUP1 ISZERO PUSH2 0x52F JUMPI DUP1 PUSH1 0x1F LT PUSH2 0x504 JUMPI PUSH2 0x100 DUP1 DUP4 SLOAD DIV MUL DUP4 MSTORE SWAP2 PUSH1 0x20 ADD SWAP2 PUSH2 0x52F JUMP JUMPDEST DUP3 ADD SWAP2 SWAP1 PUSH1 0x0 MSTORE PUSH1 0x20 PUSH1 0x0 KECCAK256 SWAP1 JUMPDEST DUP2 SLOAD DUP2 MSTORE SWAP1 PUSH1 0x1 ADD SWAP1 PUSH1 0x20 ADD DUP1 DUP4 GT PUSH2 0x512 JUMPI DUP3 SWAP1 SUB PUSH1 0x1F AND DUP3 ADD SWAP2 JUMPDEST POP POP POP POP POP DUP2 JUMP JUMPDEST PUSH1 0x0 DUP2 PUSH1 0x5 PUSH1 0x0 CALLER PUSH20 0xFFFFFFFFFFFFFFFFFFFFFFFFFFFFFFFFFFFFFFFF AND PUSH20 0xFFFFFFFFFFFFFFFFFFFFFFFFFFFFFFFFFFFFFFFF AND DUP2 MSTORE PUSH1 0x20 ADD SWAP1 DUP2 MSTORE PUSH1 0x20 ADD PUSH1 0x0 KECCAK256 PUSH1 0x0 DUP6 PUSH20 0xFFFFFFFFFFFFFFFFFFFFFFFFFFFFFFFFFFFFFFFF AND PUSH20 0xFFFFFFFFFFFFFFFFFFFFFFFFFFFFFFFFFFFFFFFF AND DUP2 MSTORE PUSH1 0x20 ADD SWAP1 DUP2 MSTORE PUSH1 0x20 ADD PUSH1 0x0 KECCAK256 DUP2 SWAP1 SSTORE POP DUP3 PUSH20 0xFFFFFFFFFFFFFFFFFFFFFFFFFFFFFFFFFFFFFFFF AND CALLER PUSH20 0xFFFFFFFFFFFFFFFFFFFFFFFFFFFFFFFFFFFFFFFF AND PUSH32 0x8C5BE1E5EBEC7D5BD14F71427D1E84F3DD0314C0F7B2291E5B200AC8C7C3B925 DUP5 PUSH1 0x40 MLOAD DUP1 DUP3 DUP2 MSTORE PUSH1 0x20 ADD SWAP2 POP POP PUSH1 0x40 MLOAD DUP1 SWAP2 SUB SWAP1 LOG3 PUSH1 0x1 SWAP1 POP SWAP3 SWAP2 POP POP JUMP JUMPDEST PUSH1 0x4 SLOAD DUP2 JUMP JUMPDEST PUSH1 0x0 DUP1 PUSH1 0x0 DUP6 PUSH20 0xFFFFFFFFFFFFFFFFFFFFFFFFFFFFFFFFFFFFFFFF AND PUSH20 0xFFFFFFFFFFFFFFFFFFFFFFFFFFFFFFFFFFFFFFFF AND DUP2 MSTORE PUSH1 0x20 ADD SWAP1 DUP2 MSTORE PUSH1 0x20 ADD PUSH1 0x0 KECCAK256 SLOAD DUP3 GT ISZERO ISZERO ISZERO PUSH2 0x67E JUMPI PUSH1 0x0 DUP1 REVERT JUMPDEST PUSH1 0x5 PUSH1 0x0 DUP6 PUSH20 0xFFFFFFFFFFFFFFFFFFFFFFFFFFFFFFFFFFFFFFFF AND PUSH20 0xFFFFFFFFFFFFFFFFFFFFFFFFFFFFFFFFFFFFFFFF AND DUP2 MSTORE PUSH1 0x20 ADD SWAP1 DUP2 MSTORE PUSH1 0x20 ADD PUSH1 0x0 KECCAK256 PUSH1 0x0 CALLER PUSH20 0xFFFFFFFFFFFFFFFFFFFFFFFFFFFFFFFFFFFFFFFF AND PUSH20 0xFFFFFFFFFFFFFFFFFFFFFFFFFFFFFFFFFFFFFFFF AND DUP2 MSTORE PUSH1 0x20 ADD SWAP1 DUP2 MSTORE PUSH1 0x20 ADD PUSH1 0x0 KECCAK256 SLOAD DUP3 GT ISZERO ISZERO ISZERO PUSH2 0x709 JUMPI PUSH1 0x0 DUP1 REVERT JUMPDEST DUP2 PUSH1 0x0 DUP1 DUP7 PUSH20 0xFFFFFFFFFFFFFFFFFFFFFFFFFFFFFFFFFFFFFFFF AND PUSH20 0xFFFFFFFFFFFFFFFFFFFFFFFFFFFFFFFFFFFFFFFF AND DUP2 MSTORE PUSH1 0x20 ADD SWAP1 DUP2 MSTORE PUSH1 0x20 ADD PUSH1 0x0 KECCAK256 PUSH1 0x0 DUP3 DUP3 SLOAD SUB SWAP3 POP POP DUP2 SWAP1 SSTORE POP DUP2 PUSH1 0x0 DUP1 DUP6 PUSH20 0xFFFFFFFFFFFFFFFFFFFFFFFFFFFFFFFFFFFFFFFF AND PUSH20 0xFFFFFFFFFFFFFFFFFFFFFFFFFFFFFFFFFFFFFFFF AND DUP2 MSTORE PUSH1 0x20 ADD SWAP1 DUP2 MSTORE PUSH1 0x20 ADD PUSH1 0x0 KECCAK256 PUSH1 0x0 DUP3 DUP3 SLOAD ADD SWAP3 POP POP DUP2 SWAP1 SSTORE POP DUP2 PUSH1 0x5 PUSH1 0x0 DUP7 PUSH20 0xFFFFFFFFFFFFFFFFFFFFFFFFFFFFFFFFFFFFFFFF AND PUSH20 0xFFFFFFFFFFFFFFFFFFFFFFFFFFFFFFFFFFFFFFFF AND DUP2 MSTORE PUSH1 0x20 ADD SWAP1 DUP2 MSTORE PUSH1 0x20 ADD PUSH1 0x0 KECCAK256 PUSH1 0x0 CALLER PUSH20 0xFFFFFFFFFFFFFFFFFFFFFFFFFFFFFFFFFFFFFFFF AND PUSH20 0xFFFFFFFFFFFFFFFFFFFFFFFFFFFFFFFFFFFFFFFF AND DUP2 MSTORE PUSH1 0x20 ADD SWAP1 DUP2 MSTORE PUSH1 0x20 ADD PUSH1 0x0 KECCAK256 PUSH1 0x0 DUP3 DUP3 SLOAD SUB SWAP3 POP POP DUP2 SWAP1 SSTORE POP DUP3 PUSH20 0xFFFFFFFFFFFFFFFFFFFFFFFFFFFFFFFFFFFFFFFF AND DUP5 PUSH20 0xFFFFFFFFFFFFFFFFFFFFFFFFFFFFFFFFFFFFFFFF AND PUSH32 0xDDF252AD1BE2C89B69C2B068FC378DAA952BA7F163C4A11628F55A4DF523B3EF DUP5 PUSH1 0x40 MLOAD DUP1 DUP3 DUP2 MSTORE PUSH1 0x20 ADD SWAP2 POP POP PUSH1 0x40 MLOAD DUP1 SWAP2 SUB SWAP1 LOG3 PUSH1 0x1 SWAP1 POP SWAP4 SWAP3 POP POP POP JUMP JUMPDEST PUSH1 0x3 PUSH1 0x0 SWAP1 SLOAD SWAP1 PUSH2 0x100 EXP SWAP1 DIV PUSH1 0xFF AND DUP2 JUMP JUMPDEST PUSH1 0x0 PUSH1 0x20 MSTORE DUP1 PUSH1 0x0 MSTORE PUSH1 0x40 PUSH1 0x0 KECCAK256 PUSH1 0x0 SWAP2 POP SWAP1 POP SLOAD DUP2 JUMP JUMPDEST PUSH1 0x2 DUP1 SLOAD PUSH1 0x1 DUP2 PUSH1 0x1 AND ISZERO PUSH2 0x100 MUL SUB AND PUSH1 0x2 SWAP1 DIV DUP1 PUSH1 0x1F ADD PUSH1 0x20 DUP1 SWAP2 DIV MUL PUSH1 0x20 ADD PUSH1 0x40 MLOAD SWAP1 DUP2 ADD PUSH1 0x40 MSTORE DUP1 SWAP3 SWAP2 SWAP1 DUP2 DUP2 MSTORE PUSH1 0x20 ADD DUP3 DUP1 SLOAD PUSH1 0x1 DUP2 PUSH1 0x1 AND ISZERO PUSH2 0x100 MUL SUB AND PUSH1 0x2 SWAP1 DIV DUP1 ISZERO PUSH2 0x95C JUMPI DUP1 PUSH1 0x1F LT PUSH2 0x931 JUMPI PUSH2 0x100 DUP1 DUP4 SLOAD DIV MUL DUP4 MSTORE SWAP2 PUSH1 0x20 ADD SWAP2 PUSH2 0x95C JUMP JUMPDEST DUP3 ADD SWAP2 SWAP1 PUSH1 0x0 MSTORE PUSH1 0x20 PUSH1 0x0 KECCAK256 SWAP1 JUMPDEST DUP2 SLOAD DUP2 MSTORE SWAP1 PUSH1 0x1 ADD SWAP1 PUSH1 0x20 ADD DUP1 DUP4 GT PUSH2 0x93F JUMPI DUP3 SWAP1 SUB PUSH1 0x1F AND DUP3 ADD SWAP2 JUMPDEST POP POP POP POP POP DUP2 JUMP JUMPDEST PUSH1 0x0 DUP2 PUSH1 0x0 DUP1 CALLER PUSH20 0xFFFFFFFFFFFFFFFFFFFFFFFFFFFFFFFFFFFFFFFF AND PUSH20 0xFFFFFFFFFFFFFFFFFFFFFFFFFFFFFFFFFFFFFFFF AND DUP2 MSTORE PUSH1 0x20 ADD SWAP1 DUP2 MSTORE PUSH1 0x20 ADD PUSH1 0x0 KECCAK256 SLOAD LT ISZERO ISZERO ISZERO PUSH2 0x9B3 JUMPI PUSH1 0x0 DUP1 REVERT JUMPDEST DUP2 PUSH1 0x0 DUP1 CALLER PUSH20 0xFFFFFFFFFFFFFFFFFFFFFFFFFFFFFFFFFFFFFFFF AND PUSH20 0xFFFFFFFFFFFFFFFFFFFFFFFFFFFFFFFFFFFFFFFF AND DUP2 MSTORE PUSH1 0x20 ADD SWAP1 DUP2 MSTORE PUSH1 0x20 ADD PUSH1 0x0 KECCAK256 PUSH1 0x0 DUP3 DUP3 SLOAD SUB SWAP3 POP POP DUP2 SWAP1 SSTORE POP DUP2 PUSH1 0x0 DUP1 DUP6 PUSH20 0xFFFFFFFFFFFFFFFFFFFFFFFFFFFFFFFFFFFFFFFF AND PUSH20 0xFFFFFFFFFFFFFFFFFFFFFFFFFFFFFFFFFFFFFFFF AND DUP2 MSTORE PUSH1 0x20 ADD SWAP1 DUP2 MSTORE PUSH1 0x20 ADD PUSH1 0x0 KECCAK256 PUSH1 0x0 DUP3 DUP3 SLOAD ADD SWAP3 POP POP DUP2 SWAP1 SSTORE POP DUP3 PUSH20 0xFFFFFFFFFFFFFFFFFFFFFFFFFFFFFFFFFFFFFFFF AND CALLER PUSH20 0xFFFFFFFFFFFFFFFFFFFFFFFFFFFFFFFFFFFFFFFF AND PUSH32 0xDDF252AD1BE2C89B69C2B068FC378DAA952BA7F163C4A11628F55A4DF523B3EF DUP5 PUSH1 0x40 MLOAD DUP1 DUP3 DUP2 MSTORE PUSH1 0x20 ADD SWAP2 POP POP PUSH1 0x40 MLOAD DUP1 SWAP2 SUB SWAP1 LOG3 PUSH1 0x1 SWAP1 POP SWAP3 SWAP2 POP POP JUMP JUMPDEST PUSH1 0x4 SLOAD PUSH1 0x0 DUP1 CALLER PUSH20 0xFFFFFFFFFFFFFFFFFFFFFFFFFFFFFFFFFFFFFFFF AND PUSH20 0xFFFFFFFFFFFFFFFFFFFFFFFFFFFFFFFFFFFFFFFF AND DUP2 MSTORE PUSH1 0x20 ADD SWAP1 DUP2 MSTORE PUSH1 0x20 ADD PUSH1 0x0 KECCAK256 DUP2 SWAP1 SSTORE POP CALLER PUSH20 0xFFFFFFFFFFFFFFFFFFFFFFFFFFFFFFFFFFFFFFFF AND PUSH1 0x0 PUSH20 0xFFFFFFFFFFFFFFFFFFFFFFFFFFFFFFFFFFFFFFFF AND PUSH32 0xDDF252AD1BE2C89B69C2B068FC378DAA952BA7F163C4A11628F55A4DF523B3EF PUSH1 0x4 SLOAD PUSH1 0x40 MLOAD DUP1 DUP3 DUP2 MSTORE PUSH1 0x20 ADD SWAP2 POP POP PUSH1 0x40 MLOAD DUP1 SWAP2 SUB SWAP1 LOG3 JUMP JUMPDEST PUSH1 0x5 PUSH1 0x20 MSTORE DUP2 PUSH1 0x0 MSTORE PUSH1 0x40 PUSH1 0x0 KECCAK256 PUSH1 0x20 MSTORE DUP1 PUSH1 0x0 MSTORE PUSH1 0x40 PUSH1 0x0 KECCAK256 PUSH1 0x0 SWAP2 POP SWAP2 POP POP SLOAD DUP2 JUMP INVALID LOG1 PUSH6 0x627A7A723058 KECCAK256 0xd9 0x22 0xb9 0xa9 KECCAK256 DUP11 0x2a 0xd 0xaf 0x47 0x5d DUP16 0xe5 SIGNEXTEND CODESIZE 0xd1 PUSH27 0x3F49CD15D372F885E88D2A45FEDEDF002900000000000000000000
0,PUSH1 0x80 PUSH1 0x40 MSTORE PUSH1 0x40 DUP1 MLOAD SWAP1 DUP2 ADD PUSH1 0x40 MSTORE DUP1 PUSH1 0x18 DUP2 MSTORE PUSH1 0x20 ADD PUSH32 0x94343445F4B4F484C455F31365F323031393034313109090000000000000000 DUP2 MSTORE POP PUSH1 0x1 SWAP1 DUP1 MLOAD SWAP1 PUSH1 0x20 ADD SWAP1 PUSH2 0x4F SWAP3 SWAP2 SWAP1 PUSH2 0xD9 JUMP JUMPDEST POP PUSH1 0x40 DUP1 MLOAD SWAP1 DUP2 ADD PUSH1 0x40 MSTORE DUP1 PUSH1 0x1E DUP2 MSTORE PUSH1 0x20 ADD PUSH32 0x94343445F4B4F484C455F31365F32303139303431315F737562445409090000 DUP2 MSTORE POP PUSH1 0x2 SWAP1 DUP1 MLOAD SWAP1 PUSH1 0x20 ADD SWAP1 PUSH2 0x9B SWAP3 SWAP2 SWAP1 PUSH2 0xD9 JUMP JUMPDEST POP PUSH1 0x12 PUSH1 0x3 PUSH1 0x0 PUSH2 0x100 EXP DUP2 SLOAD DUP2 PUSH1 0xFF MUL NOT AND SWAP1 DUP4 PUSH1 0xFF AND MUL OR SWAP1 SSTORE POP PUSH11 0x1060D026983FFAA7000000 PUSH1 0x4 SSTORE CALLVALUE DUP1 ISZERO PUSH2 0xD3 JUMPI PUSH1 0x0 DUP1 REVERT JUMPDEST POP PUSH2 0x17E JUMP JUMPDEST DUP3 DUP1 SLOAD PUSH1 0x1 DUP2 PUSH1 0x1 AND ISZERO PUSH2 0x100 MUL SUB AND PUSH1 0x2 SWAP1 DIV SWAP1 PUSH1 0x0 MSTORE PUSH1 0x20 PUSH1 0x0 KECCAK256 SWAP1 PUSH1 0x1F ADD PUSH1 0x20 SWAP1 DIV DUP2 ADD SWAP3 DUP3 PUSH1 0x1F LT PUSH2 0x11A JUMPI DUP1 MLOAD PUSH1 0xFF NOT AND DUP4 DUP1 ADD OR DUP6 SSTORE PUSH2 0x148 JUMP JUMPDEST DUP3 DUP1 ADD PUSH1 0x1 ADD DUP6 SSTORE DUP3 ISZERO PUSH2 0x148 JUMPI SWAP2 DUP3 ADD JUMPDEST DUP3 DUP2 GT ISZERO PUSH2 0x147 JUMPI DUP3 MLOAD DUP3 SSTORE SWAP2 PUSH1 0x20 ADD SWAP2 SWAP1 PUSH1 0x1 ADD SWAP1 PUSH2 0x12C JUMP JUMPDEST JUMPDEST POP SWAP1 POP PUSH2 0x155 SWAP2 SWAP1 PUSH2 0x159 JUMP JUMPDEST POP SWAP1 JUMP JUMPDEST PUSH2 0x17B SWAP2 SWAP1 JUMPDEST DUP1 DUP3 GT ISZERO PUSH2 0x177 JUMPI PUSH1 0x0 DUP2 PUSH1 0x0 SWAP1 SSTORE POP PUSH1 0x1 ADD PUSH2 0x15F JUMP JUMPDEST POP SWAP1 JUMP JUMPDEST SWAP1 JUMP JUMPDEST PUSH2 0xBBA DUP1 PUSH2 0x18D PUSH1 0x0 CODECOPY PUSH1 0x0 RETURN INVALID PUSH1 0x80 PUSH1 0x40 MSTORE PUSH1 0x4 CALLDATASIZE LT PUSH2 0x9E JUMPI PUSH1 0x0 CALLDATALOAD PUSH29 0x100000000000000000000000000000000000000000000000000000000 SWAP1 DIV DUP1 PUSH4 0x6FDDE03 EQ PUSH2 0xA3 JUMPI DUP1 PUSH4 0x95EA7B3 EQ PUSH2 0x133 JUMPI DUP1 PUSH4 0x18160DDD EQ PUSH2 0x1A6 JUMPI DUP1 PUSH4 0x23B872DD EQ PUSH2 0x1D1 JUMPI DUP1 PUSH4 0x313CE567 EQ PUSH2 0x264 JUMPI DUP1 PUSH4 0x70A08231 EQ PUSH2 0x295 JUMPI DUP1 PUSH4 0x95D89B41 EQ PUSH2 0x2FA JUMPI DUP1 PUSH4 0xA9059CBB EQ PUSH2 0x38A JUMPI DUP1 PUSH4 0xB5C8F317 EQ PUSH2 0x3FD JUMPI DUP1 PUSH4 0xDD62ED3E EQ PUSH2 0x414 JUMPI JUMPDEST PUSH1 0x0 DUP1 REVERT JUMPDEST CALLVALUE DUP1 ISZERO PUSH2 0xAF JUMPI PUSH1 0x0 DUP1 REVERT JUMPDEST POP PUSH2 0xB8 PUSH2 0x499 JUMP JUMPDEST PUSH1 0x40 MLOAD DUP1 DUP1 PUSH1 0x20 ADD DUP3 DUP2 SUB DUP3 MSTORE DUP4 DUP2 DUP2 MLOAD DUP2 MSTORE PUSH1 0x20 ADD SWAP2 POP DUP1 MLOAD SWAP1 PUSH1 0x20 ADD SWAP1 DUP1 DUP4 DUP4 PUSH1 0x0 JUMPDEST DUP4 DUP2 LT ISZERO PUSH2 0xF8 JUMPI DUP1 DUP3 ADD MLOAD DUP2 DUP5 ADD MSTORE PUSH1 0x20 DUP2 ADD SWAP1 POP PUSH2 0xDD JUMP JUMPDEST POP POP POP POP SWAP1 POP SWAP1 DUP2 ADD SWAP1 PUSH1 0x1F AND DUP1 ISZERO PUSH2 0x125 JUMPI DUP1 DUP3 SUB DUP1 MLOAD PUSH1 0x1 DUP4 PUSH1 0x20 SUB PUSH2 0x100 EXP SUB NOT AND DUP2 MSTORE PUSH1 0x20 ADD SWAP2 POP JUMPDEST POP SWAP3 POP POP POP PUSH1 0x40 MLOAD DUP1 SWAP2 SUB SWAP1 RETURN JUMPDEST CALLVALUE DUP1 ISZERO PUSH2 0x13F JUMPI PUSH1 0x0 DUP1 REVERT JUMPDEST POP PUSH2 0x18C PUSH1 0x4 DUP1 CALLDATASIZE SUB PUSH1 0x40 DUP2 LT ISZERO PUSH2 0x156 JUMPI PUSH1 0x0 DUP1 REVERT JUMPDEST DUP2 ADD SWAP1 DUP1 DUP1 CALLDATALOAD PUSH20 0xFFFFFFFFFFFFFFFFFFFFFFFFFFFFFFFFFFFFFFFF AND SWAP1 PUSH1 0x20 ADD SWAP1 SWAP3 SWAP2 SWAP1 DUP1 CALLDATALOAD SWAP1 PUSH1 0x20 ADD SWAP1 SWAP3 SWAP2 SWAP1 POP POP POP PUSH2 0x537 JUMP JUMPDEST PUSH1 0x40 MLOAD DUP1 DUP3 ISZERO ISZERO ISZERO ISZERO DUP2 MSTORE PUSH1 0x20 ADD SWAP2 POP POP PUSH1 0x40 MLOAD DUP1 SWAP2 SUB SWAP1 RETURN JUMPDEST CALLVALUE DUP1 ISZERO PUSH2 0x1B2 JUMPI PUSH1 0x0 DUP1 REVERT JUMPDEST POP PUSH2 0x1BB PUSH2 0x629 JUMP JUMPDEST PUSH1 0x40 MLOAD DUP1 DUP3 DUP2 MSTORE PUSH1 0x20 ADD SWAP2 POP POP PUSH1 0x40 MLOAD DUP1 SWAP2 SUB SWAP1 RETURN JUMPDEST CALLVALUE DUP1 ISZERO PUSH2 0x1DD JUMPI PUSH1 0x0 DUP1 REVERT JUMPDEST POP PUSH2 0x24A PUSH1 0x4 DUP1 CALLDATASIZE SUB PUSH1 0x60 DUP2 LT ISZERO PUSH2 0x1F4 JUMPI PUSH1 0x0 DUP1 REVERT JUMPDEST DUP2 ADD SWAP1 DUP1 DUP1 CALLDATALOAD PUSH20 0xFFFFFFFFFFFFFFFFFFFFFFFFFFFFFFFFFFFFFFFF AND SWAP1 PUSH1 0x20 ADD SWAP1 SWAP3 SWAP2 SWAP1 DUP1 CALLDATALOAD PUSH20 0xFFFFFFFFFFFFFFFFFFFFFFFFFFFFFFFFFFFFFFFF AND SWAP1 PUSH1 0x20 ADD SWAP1 SWAP3 SWAP2 SWAP1 DUP1 CALLDATALOAD SWAP1 PUSH1 0x20 ADD SWAP1 SWAP3 SWAP2 SWAP1 POP POP POP PUSH2 0x62F JUMP JUMPDEST PUSH1 0x40 MLOAD DUP1 DUP3 ISZERO ISZERO ISZERO ISZERO DUP2 MSTORE PUSH1 0x20 ADD SWAP2 POP POP PUSH1 0x40 MLOAD DUP1 SWAP2 SUB SWAP1 RETURN JUMPDEST CALLVALUE DUP1 ISZERO PUSH2 0x270 JUMPI PUSH1 0x0 DUP1 REVERT JUMPDEST POP PUSH2 0x279 PUSH2 0x89B JUMP JUMPDEST PUSH1 0x40 MLOAD DUP1 DUP3 PUSH1 0xFF AND PUSH1 0xFF AND DUP2 MSTORE PUSH1 0x20 ADD SWAP2 POP POP PUSH1 0x40 MLOAD DUP1 SWAP2 SUB SWAP1 RETURN JUMPDEST CALLVALUE DUP1 ISZERO PUSH2 0x2A1 JUMPI PUSH1 0x0 DUP1 REVERT JUMPDEST POP PUSH2 0x2E4 PUSH1 0x4 DUP1 CALLDATASIZE SUB PUSH1 0x20 DUP2 LT ISZERO PUSH2 0x2B8 JUMPI PUSH1 0x0 DUP1 REVERT JUMPDEST DUP2 ADD SWAP1 DUP1 DUP1 CALLDATALOAD PUSH20 0xFFFFFFFFFFFFFFFFFFFFFFFFFFFFFFFFFFFFFFFF AND SWAP1 PUSH1 0x20 ADD SWAP1 SWAP3 SWAP2 SWAP1 POP POP POP PUSH2 0x8AE JUMP JUMPDEST PUSH1 0x40 MLOAD DUP1 DUP3 DUP2 MSTORE PUSH1 0x20 ADD SWAP2 POP POP PUSH1 0x40 MLOAD DUP1 SWAP2 SUB SWAP1 RETURN JUMPDEST CALLVALUE DUP1 ISZERO PUSH2 0x306 JUMPI PUSH1 0x0 DUP1 REVERT JUMPDEST POP PUSH2 0x30F PUSH2 0x8C6 JUMP JUMPDEST PUSH1 0x40 MLOAD DUP1 DUP1 PUSH1 0x20 ADD DUP3 DUP2 SUB DUP3 MSTORE DUP4 DUP2 DUP2 MLOAD DUP2 MSTORE PUSH1 0x20 ADD SWAP2 POP DUP1 MLOAD SWAP1 PUSH1 0x20 ADD SWAP1 DUP1 DUP4 DUP4 PUSH1 0x0 JUMPDEST DUP4 DUP2 LT ISZERO PUSH2 0x34F JUMPI DUP1 DUP3 ADD MLOAD DUP2 DUP5 ADD MSTORE PUSH1 0x20 DUP2 ADD SWAP1 POP PUSH2 0x334 JUMP JUMPDEST POP POP POP POP SWAP1 POP SWAP1 DUP2 ADD SWAP1 PUSH1 0x1F AND DUP1 ISZERO PUSH2 0x37C JUMPI DUP1 DUP3 SUB DUP1 MLOAD PUSH1 0x1 DUP4 PUSH1 0x20 SUB PUSH2 0x100 EXP SUB NOT AND DUP2 MSTORE PUSH1 0x20 ADD SWAP2 POP JUMPDEST POP SWAP3 POP POP POP PUSH1 0x40 MLOAD DUP1 SWAP2 SUB SWAP1 RETURN JUMPDEST CALLVALUE DUP1 ISZERO PUSH2 0x396 JUMPI PUSH1 0x0 DUP1 REVERT JUMPDEST POP PUSH2 0x3E3 PUSH1 0x4 DUP1 CALLDATASIZE SUB PUSH1 0x40 DUP2 LT ISZERO PUSH2 0x3AD JUMPI PUSH1 0x0 DUP1 REVERT JUMPDEST DUP2 ADD SWAP1 DUP1 DUP1 CALLDATALOAD PUSH20 0xFFFFFFFFFFFFFFFFFFFFFFFFFFFFFFFFFFFFFFFF AND SWAP1 PUSH1 0x20 ADD SWAP1 SWAP3 SWAP2 SWAP1 DUP1 CALLDATALOAD SWAP1 PUSH1 0x20 ADD SWAP1 SWAP3 SWAP2 SWAP1 POP POP POP PUSH2 0x964 JUMP JUMPDEST PUSH1 0x40 MLOAD DUP1 DUP3 ISZERO ISZERO ISZERO ISZERO DUP2 MSTORE PUSH1 0x20 ADD SWAP2 POP POP PUSH1 0x40 MLOAD DUP1 SWAP2 SUB SWAP1 RETURN JUMPDEST CALLVALUE DUP1 ISZERO PUSH2 0x409 JUMPI PUSH1 0x0 DUP1 REVERT JUMPDEST POP PUSH2 0x412 PUSH2 0xABA JUMP JUMPDEST STOP JUMPDEST CALLVALUE DUP1 ISZERO PUSH2 0x420 JUMPI PUSH1 0x0 DUP1 REVERT JUMPDEST POP PUSH2 0x483 PUSH1 0x4 DUP1 CALLDATASIZE SUB PUSH1 0x40 DUP2 LT ISZERO PUSH2 0x437 JUMPI PUSH1 0x0 DUP1 REVERT JUMPDEST DUP2 ADD SWAP1 DUP1 DUP1 CALLDATALOAD PUSH20 0xFFFFFFFFFFFFFFFFFFFFFFFFFFFFFFFFFFFFFFFF AND SWAP1 PUSH1 0x20 ADD SWAP1 SWAP3 SWAP2 SWAP1 DUP1 CALLDATALOAD PUSH20 0xFFFFFFFFFFFFFFFFFFFFFFFFFFFFFFFFFFFFFFFF AND SWAP1 PUSH1 0x20 ADD SWAP1 SWAP3 SWAP2 SWAP1 POP POP POP PUSH2 0xB69 JUMP JUMPDEST PUSH1 0x40 MLOAD DUP1 DUP3 DUP2 MSTORE PUSH1 0x20 ADD SWAP2 POP POP PUSH1 0x40 MLOAD DUP1 SWAP2 SUB SWAP1 RETURN JUMPDEST PUSH1 0x1 DUP1 SLOAD PUSH1 0x1 DUP2 PUSH1 0x1 AND ISZERO PUSH2 0x100 MUL SUB AND PUSH1 0x2 SWAP1 DIV DUP1 PUSH1 0x1F ADD PUSH1 0x20 DUP1 SWAP2 DIV MUL PUSH1 0x20 ADD PUSH1 0x40 MLOAD SWAP1 DUP2 ADD PUSH1 0x40 MSTORE DUP1 SWAP3 SWAP2 SWAP1 DUP2 DUP2 MSTORE PUSH1 0x20 ADD DUP3 DUP1 SLOAD PUSH1 0x1 DUP2 PUSH1 0x1 AND ISZERO PUSH2 0x100 MUL SUB AND PUSH1 0x2 SWAP1 DIV DUP1 ISZERO PUSH2 0x52F JUMPI DUP1 PUSH1 0x1F LT PUSH2 0x504 JUMPI PUSH2 0x100 DUP1 DUP4 SLOAD DIV MUL DUP4 MSTORE SWAP2 PUSH1 0x20 ADD SWAP2 PUSH2 0x52F JUMP JUMPDEST DUP3 ADD SWAP2 SWAP1 PUSH1 0x0 MSTORE PUSH1 0x20 PUSH1 0x0 KECCAK256 SWAP1 JUMPDEST DUP2 SLOAD DUP2 MSTORE SWAP1 PUSH1 0x1 ADD SWAP1 PUSH1 0x20 ADD DUP1 DUP4 GT PUSH2 0x512 JUMPI DUP3 SWAP1 SUB PUSH1 0x1F AND DUP3 ADD SWAP2 JUMPDEST POP POP POP POP POP DUP2 JUMP JUMPDEST PUSH1 0x0 DUP2 PUSH1 0x5 PUSH1 0x0 CALLER PUSH20 0xFFFFFFFFFFFFFFFFFFFFFFFFFFFFFFFFFFFFFFFF AND PUSH20 0xFFFFFFFFFFFFFFFFFFFFFFFFFFFFFFFFFFFFFFFF AND DUP2 MSTORE PUSH1 0x20 ADD SWAP1 DUP2 MSTORE PUSH1 0x20 ADD PUSH1 0x0 KECCAK256 PUSH1 0x0 DUP6 PUSH20 0xFFFFFFFFFFFFFFFFFFFFFFFFFFFFFFFFFFFFFFFF AND PUSH20 0xFFFFFFFFFFFFFFFFFFFFFFFFFFFFFFFFFFFFFFFF AND DUP2 MSTORE PUSH1 0x20 ADD SWAP1 DUP2 MSTORE PUSH1 0x20 ADD PUSH1 0x0 KECCAK256 DUP2 SWAP1 SSTORE POP DUP3 PUSH20 0xFFFFFFFFFFFFFFFFFFFFFFFFFFFFFFFFFFFFFFFF AND CALLER PUSH20 0xFFFFFFFFFFFFFFFFFFFFFFFFFFFFFFFFFFFFFFFF AND PUSH32 0x8C5BE1E5EBEC7D5BD14F71427D1E84F3DD0314C0F7B2291E5B200AC8C7C3B925 DUP5 PUSH1 0x40 MLOAD DUP1 DUP3 DUP2 MSTORE PUSH1 0x20 ADD SWAP2 POP POP PUSH1 0x40 MLOAD DUP1 SWAP2 SUB SWAP1 LOG3 PUSH1 0x1 SWAP1 POP SWAP3 SWAP2 POP POP JUMP JUMPDEST PUSH1 0x4 SLOAD DUP2 JUMP JUMPDEST PUSH1 0x0 DUP1 PUSH1 0x0 DUP6 PUSH20 0xFFFFFFFFFFFFFFFFFFFFFFFFFFFFFFFFFFFFFFFF AND PUSH20 0xFFFFFFFFFFFFFFFFFFFFFFFFFFFFFFFFFFFFFFFF AND DUP2 MSTORE PUSH1 0x20 ADD SWAP1 DUP2 MSTORE PUSH1 0x20 ADD PUSH1 0x0 KECCAK256 SLOAD DUP3 GT ISZERO ISZERO ISZERO PUSH2 0x67E JUMPI PUSH1 0x0 DUP1 REVERT JUMPDEST PUSH1 0x5 PUSH1 0x0 DUP6 PUSH20 0xFFFFFFFFFFFFFFFFFFFFFFFFFFFFFFFFFFFFFFFF AND PUSH20 0xFFFFFFFFFFFFFFFFFFFFFFFFFFFFFFFFFFFFFFFF AND DUP2 MSTORE PUSH1 0x20 ADD SWAP1 DUP2 MSTORE PUSH1 0x20 ADD PUSH1 0x0 KECCAK256 PUSH1 0x0 CALLER PUSH20 0xFFFFFFFFFFFFFFFFFFFFFFFFFFFFFFFFFFFFFFFF AND PUSH20 0xFFFFFFFFFFFFFFFFFFFFFFFFFFFFFFFFFFFFFFFF AND DUP2 MSTORE PUSH1 0x20 ADD SWAP1 DUP2 MSTORE PUSH1 0x20 ADD PUSH1 0x0 KECCAK256 SLOAD DUP3 GT ISZERO ISZERO ISZERO PUSH2 0x709 JUMPI PUSH1 0x0 DUP1 REVERT JUMPDEST DUP2 PUSH1 0x0 DUP1 DUP7 PUSH20 0xFFFFFFFFFFFFFFFFFFFFFFFFFFFFFFFFFFFFFFFF AND PUSH20 0xFFFFFFFFFFFFFFFFFFFFFFFFFFFFFFFFFFFFFFFF AND DUP2 MSTORE PUSH1 0x20 ADD SWAP1 DUP2 MSTORE PUSH1 0x20 ADD PUSH1 0x0 KECCAK256 PUSH1 0x0 DUP3 DUP3 SLOAD SUB SWAP3 POP POP DUP2 SWAP1 SSTORE POP DUP2 PUSH1 0x0 DUP1 DUP6 PUSH20 0xFFFFFFFFFFFFFFFFFFFFFFFFFFFFFFFFFFFFFFFF AND PUSH20 0xFFFFFFFFFFFFFFFFFFFFFFFFFFFFFFFFFFFFFFFF AND DUP2 MSTORE PUSH1 0x20 ADD SWAP1 DUP2 MSTORE PUSH1 0x20 ADD PUSH1 0x0 KECCAK256 PUSH1 0x0 DUP3 DUP3 SLOAD ADD SWAP3 POP POP DUP2 SWAP1 SSTORE POP DUP2 PUSH1 0x5 PUSH1 0x0 DUP7 PUSH20 0xFFFFFFFFFFFFFFFFFFFFFFFFFFFFFFFFFFFFFFFF AND PUSH20 0xFFFFFFFFFFFFFFFFFFFFFFFFFFFFFFFFFFFFFFFF AND DUP2 MSTORE PUSH1 0x20 ADD SWAP1 DUP2 MSTORE PUSH1 0x20 ADD PUSH1 0x0 KECCAK256 PUSH1 0x0 CALLER PUSH20 0xFFFFFFFFFFFFFFFFFFFFFFFFFFFFFFFFFFFFFFFF AND PUSH20 0xFFFFFFFFFFFFFFFFFFFFFFFFFFFFFFFFFFFFFFFF AND DUP2 MSTORE PUSH1 0x20 ADD SWAP1 DUP2 MSTORE PUSH1 0x20 ADD PUSH1 0x0 KECCAK256 PUSH1 0x0 DUP3 DUP3 SLOAD SUB SWAP3 POP POP DUP2 SWAP1 SSTORE POP DUP3 PUSH20 0xFFFFFFFFFFFFFFFFFFFFFFFFFFFFFFFFFFFFFFFF AND DUP5 PUSH20 0xFFFFFFFFFFFFFFFFFFFFFFFFFFFFFFFFFFFFFFFF AND PUSH32 0xDDF252AD1BE2C89B69C2B068FC378DAA952BA7F163C4A11628F55A4DF523B3EF DUP5 PUSH1 0x40 MLOAD DUP1 DUP3 DUP2 MSTORE PUSH1 0x20 ADD SWAP2 POP POP PUSH1 0x40 MLOAD DUP1 SWAP2 SUB SWAP1 LOG3 PUSH1 0x1 SWAP1 POP SWAP4 SWAP3 POP POP POP JUMP JUMPDEST PUSH1 0x3 PUSH1 0x0 SWAP1 SLOAD SWAP1 PUSH2 0x100 EXP SWAP1 DIV PUSH1 0xFF AND DUP2 JUMP JUMPDEST PUSH1 0x0 PUSH1 0x20 MSTORE DUP1 PUSH1 0x0 MSTORE PUSH1 0x40 PUSH1 0x0 KECCAK256 PUSH1 0x0 SWAP2 POP SWAP1 POP SLOAD DUP2 JUMP JUMPDEST PUSH1 0x2 DUP1 SLOAD PUSH1 0x1 DUP2 PUSH1 0x1 AND ISZERO PUSH2 0x100 MUL SUB AND PUSH1 0x2 SWAP1 DIV DUP1 PUSH1 0x1F ADD PUSH1 0x20 DUP1 SWAP2 DIV MUL PUSH1 0x20 ADD PUSH1 0x40 MLOAD SWAP1 DUP2 ADD PUSH1 0x40 MSTORE DUP1 SWAP3 SWAP2 SWAP1 DUP2 DUP2 MSTORE PUSH1 0x20 ADD DUP3 DUP1 SLOAD PUSH1 0x1 DUP2 PUSH1 0x1 AND ISZERO PUSH2 0x100 MUL SUB AND PUSH1 0x2 SWAP1 DIV DUP1 ISZERO PUSH2 0x95C JUMPI DUP1 PUSH1 0x1F LT PUSH2 0x931 JUMPI PUSH2 0x100 DUP1 DUP4 SLOAD DIV MUL DUP4 MSTORE SWAP2 PUSH1 0x20 ADD SWAP2 PUSH2 0x95C JUMP JUMPDEST DUP3 ADD SWAP2 SWAP1 PUSH1 0x0 MSTORE PUSH1 0x20 PUSH1 0x0 KECCAK256 SWAP1 JUMPDEST DUP2 SLOAD DUP2 MSTORE SWAP1 PUSH1 0x1 ADD SWAP1 PUSH1 0x20 ADD DUP1 DUP4 GT PUSH2 0x93F JUMPI DUP3 SWAP1 SUB PUSH1 0x1F AND DUP3 ADD SWAP2 JUMPDEST POP POP POP POP POP DUP2 JUMP JUMPDEST PUSH1 0x0 DUP2 PUSH1 0x0 DUP1 CALLER PUSH20 0xFFFFFFFFFFFFFFFFFFFFFFFFFFFFFFFFFFFFFFFF AND PUSH20 0xFFFFFFFFFFFFFFFFFFFFFFFFFFFFFFFFFFFFFFFF AND DUP2 MSTORE PUSH1 0x20 ADD SWAP1 DUP2 MSTORE PUSH1 0x20 ADD PUSH1 0x0 KECCAK256 SLOAD LT ISZERO ISZERO ISZERO PUSH2 0x9B3 JUMPI PUSH1 0x0 DUP1 REVERT JUMPDEST DUP2 PUSH1 0x0 DUP1 CALLER PUSH20 0xFFFFFFFFFFFFFFFFFFFFFFFFFFFFFFFFFFFFFFFF AND PUSH20 0xFFFFFFFFFFFFFFFFFFFFFFFFFFFFFFFFFFFFFFFF AND DUP2 MSTORE PUSH1 0x20 ADD SWAP1 DUP2 MSTORE PUSH1 0x20 ADD PUSH1 0x0 KECCAK256 PUSH1 0x0 DUP3 DUP3 SLOAD SUB SWAP3 POP POP DUP2 SWAP1 SSTORE POP DUP2 PUSH1 0x0 DUP1 DUP6 PUSH20 0xFFFFFFFFFFFFFFFFFFFFFFFFFFFFFFFFFFFFFFFF AND PUSH20 0xFFFFFFFFFFFFFFFFFFFFFFFFFFFFFFFFFFFFFFFF AND DUP2 MSTORE PUSH1 0x20 ADD SWAP1 DUP2 MSTORE PUSH1 0x20 ADD PUSH1 0x0 KECCAK256 PUSH1 0x0 DUP3 DUP3 SLOAD ADD SWAP3 POP POP DUP2 SWAP1 SSTORE POP DUP3 PUSH20 0xFFFFFFFFFFFFFFFFFFFFFFFFFFFFFFFFFFFFFFFF AND CALLER PUSH20 0xFFFFFFFFFFFFFFFFFFFFFFFFFFFFFFFFFFFFFFFF AND PUSH32 0xDDF252AD1BE2C89B69C2B068FC378DAA952BA7F163C4A11628F55A4DF523B3EF DUP5 PUSH1 0x40 MLOAD DUP1 DUP3 DUP2 MSTORE PUSH1 0x20 ADD SWAP2 POP POP PUSH1 0x40 MLOAD DUP1 SWAP2 SUB SWAP1 LOG3 PUSH1 0x1 SWAP1 POP SWAP3 SWAP2 POP POP JUMP JUMPDEST PUSH1 0x4 SLOAD PUSH1 0x0 DUP1 CALLER PUSH20 0xFFFFFFFFFFFFFFFFFFFFFFFFFFFFFFFFFFFFFFFF AND PUSH20 0xFFFFFFFFFFFFFFFFFFFFFFFFFFFFFFFFFFFFFFFF AND DUP2 MSTORE PUSH1 0x20 ADD SWAP1 DUP2 MSTORE PUSH1 0x20 ADD PUSH1 0x0 KECCAK256 DUP2 SWAP1 SSTORE POP CALLER PUSH20 0xFFFFFFFFFFFFFFFFFFFFFFFFFFFFFFFFFFFFFFFF AND PUSH1 0x0 PUSH20 0xFFFFFFFFFFFFFFFFFFFFFFFFFFFFFFFFFFFFFFFF AND PUSH32 0xDDF252AD1BE2C89B69C2B068FC378DAA952BA7F163C4A11628F55A4DF523B3EF PUSH1 0x4 SLOAD PUSH1 0x40 MLOAD DUP1 DUP3 DUP2 MSTORE PUSH1 0x20 ADD SWAP2 POP POP PUSH1 0x40 MLOAD DUP1 SWAP2 SUB SWAP1 LOG3 JUMP JUMPDEST PUSH1 0x5 PUSH1 0x20 MSTORE DUP2 PUSH1 0x0 MSTORE PUSH1 0x40 PUSH1 0x0 KECCAK256 PUSH1 0x20 MSTORE DUP1 PUSH1 0x0 MSTORE PUSH1 0x40 PUSH1 0x0 KECCAK256 PUSH1 0x0 SWAP2 POP SWAP2 POP POP SLOAD DUP2 JUMP INVALID LOG1 PUSH6 0x627A7A723058 KECCAK256 GASLIMIT 0xd3 SUB 0xb5 PUSH8 0x9F878FED205A4AF5 0xbb SHR 0xb3 0xb0 0x2d 0xab 0xb4 SWAP2 0xc0 0x5f LT SWAP9 0x29 DUP9 0x5f 0xd9 PUSH2 0xC3D8 STOP 0x29
0,PUSH1 0x80 PUSH1 0x40 MSTORE PUSH1 0x40 DUP1 MLOAD SWAP1 DUP2 ADD PUSH1 0x40 MSTORE DUP1 PUSH1 0x18 DUP2 MSTORE PUSH1 0x20 ADD PUSH32 0x94343445F4B4F484C455F31345F323031393034313109090000000000000000 DUP2 MSTORE POP PUSH1 0x1 SWAP1 DUP1 MLOAD SWAP1 PUSH1 0x20 ADD SWAP1 PUSH2 0x4F SWAP3 SWAP2 SWAP1 PUSH2 0xD9 JUMP JUMPDEST POP PUSH1 0x40 DUP1 MLOAD SWAP1 DUP2 ADD PUSH1 0x40 MSTORE DUP1 PUSH1 0x1E DUP2 MSTORE PUSH1 0x20 ADD PUSH32 0x94343445F4B4F484C455F31345F32303139303431315F737562445409090000 DUP2 MSTORE POP PUSH1 0x2 SWAP1 DUP1 MLOAD SWAP1 PUSH1 0x20 ADD SWAP1 PUSH2 0x9B SWAP3 SWAP2 SWAP1 PUSH2 0xD9 JUMP JUMPDEST POP PUSH1 0x12 PUSH1 0x3 PUSH1 0x0 PUSH2 0x100 EXP DUP2 SLOAD DUP2 PUSH1 0xFF MUL NOT AND SWAP1 DUP4 PUSH1 0xFF AND MUL OR SWAP1 SSTORE POP PUSH11 0x1060D026983FFAA7000000 PUSH1 0x4 SSTORE CALLVALUE DUP1 ISZERO PUSH2 0xD3 JUMPI PUSH1 0x0 DUP1 REVERT JUMPDEST POP PUSH2 0x17E JUMP JUMPDEST DUP3 DUP1 SLOAD PUSH1 0x1 DUP2 PUSH1 0x1 AND ISZERO PUSH2 0x100 MUL SUB AND PUSH1 0x2 SWAP1 DIV SWAP1 PUSH1 0x0 MSTORE PUSH1 0x20 PUSH1 0x0 KECCAK256 SWAP1 PUSH1 0x1F ADD PUSH1 0x20 SWAP1 DIV DUP2 ADD SWAP3 DUP3 PUSH1 0x1F LT PUSH2 0x11A JUMPI DUP1 MLOAD PUSH1 0xFF NOT AND DUP4 DUP1 ADD OR DUP6 SSTORE PUSH2 0x148 JUMP JUMPDEST DUP3 DUP1 ADD PUSH1 0x1 ADD DUP6 SSTORE DUP3 ISZERO PUSH2 0x148 JUMPI SWAP2 DUP3 ADD JUMPDEST DUP3 DUP2 GT ISZERO PUSH2 0x147 JUMPI DUP3 MLOAD DUP3 SSTORE SWAP2 PUSH1 0x20 ADD SWAP2 SWAP1 PUSH1 0x1 ADD SWAP1 PUSH2 0x12C JUMP JUMPDEST JUMPDEST POP SWAP1 POP PUSH2 0x155 SWAP2 SWAP1 PUSH2 0x159 JUMP JUMPDEST POP SWAP1 JUMP JUMPDEST PUSH2 0x17B SWAP2 SWAP1 JUMPDEST DUP1 DUP3 GT ISZERO PUSH2 0x177 JUMPI PUSH1 0x0 DUP2 PUSH1 0x0 SWAP1 SSTORE POP PUSH1 0x1 ADD PUSH2 0x15F JUMP JUMPDEST POP SWAP1 JUMP JUMPDEST SWAP1 JUMP JUMPDEST PUSH2 0xBBA DUP1 PUSH2 0x18D PUSH1 0x0 CODECOPY PUSH1 0x0 RETURN INVALID PUSH1 0x80 PUSH1 0x40 MSTORE PUSH1 0x4 CALLDATASIZE LT PUSH2 0x9E JUMPI PUSH1 0x0 CALLDATALOAD PUSH29 0x100000000000000000000000000000000000000000000000000000000 SWAP1 DIV DUP1 PUSH4 0x6FDDE03 EQ PUSH2 0xA3 JUMPI DUP1 PUSH4 0x95EA7B3 EQ PUSH2 0x133 JUMPI DUP1 PUSH4 0x18160DDD EQ PUSH2 0x1A6 JUMPI DUP1 PUSH4 0x23B872DD EQ PUSH2 0x1D1 JUMPI DUP1 PUSH4 0x313CE567 EQ PUSH2 0x264 JUMPI DUP1 PUSH4 0x70A08231 EQ PUSH2 0x295 JUMPI DUP1 PUSH4 0x95D89B41 EQ PUSH2 0x2FA JUMPI DUP1 PUSH4 0xA9059CBB EQ PUSH2 0x38A JUMPI DUP1 PUSH4 0xB5C8F317 EQ PUSH2 0x3FD JUMPI DUP1 PUSH4 0xDD62ED3E EQ PUSH2 0x414 JUMPI JUMPDEST PUSH1 0x0 DUP1 REVERT JUMPDEST CALLVALUE DUP1 ISZERO PUSH2 0xAF JUMPI PUSH1 0x0 DUP1 REVERT JUMPDEST POP PUSH2 0xB8 PUSH2 0x499 JUMP JUMPDEST PUSH1 0x40 MLOAD DUP1 DUP1 PUSH1 0x20 ADD DUP3 DUP2 SUB DUP3 MSTORE DUP4 DUP2 DUP2 MLOAD DUP2 MSTORE PUSH1 0x20 ADD SWAP2 POP DUP1 MLOAD SWAP1 PUSH1 0x20 ADD SWAP1 DUP1 DUP4 DUP4 PUSH1 0x0 JUMPDEST DUP4 DUP2 LT ISZERO PUSH2 0xF8 JUMPI DUP1 DUP3 ADD MLOAD DUP2 DUP5 ADD MSTORE PUSH1 0x20 DUP2 ADD SWAP1 POP PUSH2 0xDD JUMP JUMPDEST POP POP POP POP SWAP1 POP SWAP1 DUP2 ADD SWAP1 PUSH1 0x1F AND DUP1 ISZERO PUSH2 0x125 JUMPI DUP1 DUP3 SUB DUP1 MLOAD PUSH1 0x1 DUP4 PUSH1 0x20 SUB PUSH2 0x100 EXP SUB NOT AND DUP2 MSTORE PUSH1 0x20 ADD SWAP2 POP JUMPDEST POP SWAP3 POP POP POP PUSH1 0x40 MLOAD DUP1 SWAP2 SUB SWAP1 RETURN JUMPDEST CALLVALUE DUP1 ISZERO PUSH2 0x13F JUMPI PUSH1 0x0 DUP1 REVERT JUMPDEST POP PUSH2 0x18C PUSH1 0x4 DUP1 CALLDATASIZE SUB PUSH1 0x40 DUP2 LT ISZERO PUSH2 0x156 JUMPI PUSH1 0x0 DUP1 REVERT JUMPDEST DUP2 ADD SWAP1 DUP1 DUP1 CALLDATALOAD PUSH20 0xFFFFFFFFFFFFFFFFFFFFFFFFFFFFFFFFFFFFFFFF AND SWAP1 PUSH1 0x20 ADD SWAP1 SWAP3 SWAP2 SWAP1 DUP1 CALLDATALOAD SWAP1 PUSH1 0x20 ADD SWAP1 SWAP3 SWAP2 SWAP1 POP POP POP PUSH2 0x537 JUMP JUMPDEST PUSH1 0x40 MLOAD DUP1 DUP3 ISZERO ISZERO ISZERO ISZERO DUP2 MSTORE PUSH1 0x20 ADD SWAP2 POP POP PUSH1 0x40 MLOAD DUP1 SWAP2 SUB SWAP1 RETURN JUMPDEST CALLVALUE DUP1 ISZERO PUSH2 0x1B2 JUMPI PUSH1 0x0 DUP1 REVERT JUMPDEST POP PUSH2 0x1BB PUSH2 0x629 JUMP JUMPDEST PUSH1 0x40 MLOAD DUP1 DUP3 DUP2 MSTORE PUSH1 0x20 ADD SWAP2 POP POP PUSH1 0x40 MLOAD DUP1 SWAP2 SUB SWAP1 RETURN JUMPDEST CALLVALUE DUP1 ISZERO PUSH2 0x1DD JUMPI PUSH1 0x0 DUP1 REVERT JUMPDEST POP PUSH2 0x24A PUSH1 0x4 DUP1 CALLDATASIZE SUB PUSH1 0x60 DUP2 LT ISZERO PUSH2 0x1F4 JUMPI PUSH1 0x0 DUP1 REVERT JUMPDEST DUP2 ADD SWAP1 DUP1 DUP1 CALLDATALOAD PUSH20 0xFFFFFFFFFFFFFFFFFFFFFFFFFFFFFFFFFFFFFFFF AND SWAP1 PUSH1 0x20 ADD SWAP1 SWAP3 SWAP2 SWAP1 DUP1 CALLDATALOAD PUSH20 0xFFFFFFFFFFFFFFFFFFFFFFFFFFFFFFFFFFFFFFFF AND SWAP1 PUSH1 0x20 ADD SWAP1 SWAP3 SWAP2 SWAP1 DUP1 CALLDATALOAD SWAP1 PUSH1 0x20 ADD SWAP1 SWAP3 SWAP2 SWAP1 POP POP POP PUSH2 0x62F JUMP JUMPDEST PUSH1 0x40 MLOAD DUP1 DUP3 ISZERO ISZERO ISZERO ISZERO DUP2 MSTORE PUSH1 0x20 ADD SWAP2 POP POP PUSH1 0x40 MLOAD DUP1 SWAP2 SUB SWAP1 RETURN JUMPDEST CALLVALUE DUP1 ISZERO PUSH2 0x270 JUMPI PUSH1 0x0 DUP1 REVERT JUMPDEST POP PUSH2 0x279 PUSH2 0x89B JUMP JUMPDEST PUSH1 0x40 MLOAD DUP1 DUP3 PUSH1 0xFF AND PUSH1 0xFF AND DUP2 MSTORE PUSH1 0x20 ADD SWAP2 POP POP PUSH1 0x40 MLOAD DUP1 SWAP2 SUB SWAP1 RETURN JUMPDEST CALLVALUE DUP1 ISZERO PUSH2 0x2A1 JUMPI PUSH1 0x0 DUP1 REVERT JUMPDEST POP PUSH2 0x2E4 PUSH1 0x4 DUP1 CALLDATASIZE SUB PUSH1 0x20 DUP2 LT ISZERO PUSH2 0x2B8 JUMPI PUSH1 0x0 DUP1 REVERT JUMPDEST DUP2 ADD SWAP1 DUP1 DUP1 CALLDATALOAD PUSH20 0xFFFFFFFFFFFFFFFFFFFFFFFFFFFFFFFFFFFFFFFF AND SWAP1 PUSH1 0x20 ADD SWAP1 SWAP3 SWAP2 SWAP1 POP POP POP PUSH2 0x8AE JUMP JUMPDEST PUSH1 0x40 MLOAD DUP1 DUP3 DUP2 MSTORE PUSH1 0x20 ADD SWAP2 POP POP PUSH1 0x40 MLOAD DUP1 SWAP2 SUB SWAP1 RETURN JUMPDEST CALLVALUE DUP1 ISZERO PUSH2 0x306 JUMPI PUSH1 0x0 DUP1 REVERT JUMPDEST POP PUSH2 0x30F PUSH2 0x8C6 JUMP JUMPDEST PUSH1 0x40 MLOAD DUP1 DUP1 PUSH1 0x20 ADD DUP3 DUP2 SUB DUP3 MSTORE DUP4 DUP2 DUP2 MLOAD DUP2 MSTORE PUSH1 0x20 ADD SWAP2 POP DUP1 MLOAD SWAP1 PUSH1 0x20 ADD SWAP1 DUP1 DUP4 DUP4 PUSH1 0x0 JUMPDEST DUP4 DUP2 LT ISZERO PUSH2 0x34F JUMPI DUP1 DUP3 ADD MLOAD DUP2 DUP5 ADD MSTORE PUSH1 0x20 DUP2 ADD SWAP1 POP PUSH2 0x334 JUMP JUMPDEST POP POP POP POP SWAP1 POP SWAP1 DUP2 ADD SWAP1 PUSH1 0x1F AND DUP1 ISZERO PUSH2 0x37C JUMPI DUP1 DUP3 SUB DUP1 MLOAD PUSH1 0x1 DUP4 PUSH1 0x20 SUB PUSH2 0x100 EXP SUB NOT AND DUP2 MSTORE PUSH1 0x20 ADD SWAP2 POP JUMPDEST POP SWAP3 POP POP POP PUSH1 0x40 MLOAD DUP1 SWAP2 SUB SWAP1 RETURN JUMPDEST CALLVALUE DUP1 ISZERO PUSH2 0x396 JUMPI PUSH1 0x0 DUP1 REVERT JUMPDEST POP PUSH2 0x3E3 PUSH1 0x4 DUP1 CALLDATASIZE SUB PUSH1 0x40 DUP2 LT ISZERO PUSH2 0x3AD JUMPI PUSH1 0x0 DUP1 REVERT JUMPDEST DUP2 ADD SWAP1 DUP1 DUP1 CALLDATALOAD PUSH20 0xFFFFFFFFFFFFFFFFFFFFFFFFFFFFFFFFFFFFFFFF AND SWAP1 PUSH1 0x20 ADD SWAP1 SWAP3 SWAP2 SWAP1 DUP1 CALLDATALOAD SWAP1 PUSH1 0x20 ADD SWAP1 SWAP3 SWAP2 SWAP1 POP POP POP PUSH2 0x964 JUMP JUMPDEST PUSH1 0x40 MLOAD DUP1 DUP3 ISZERO ISZERO ISZERO ISZERO DUP2 MSTORE PUSH1 0x20 ADD SWAP2 POP POP PUSH1 0x40 MLOAD DUP1 SWAP2 SUB SWAP1 RETURN JUMPDEST CALLVALUE DUP1 ISZERO PUSH2 0x409 JUMPI PUSH1 0x0 DUP1 REVERT JUMPDEST POP PUSH2 0x412 PUSH2 0xABA JUMP JUMPDEST STOP JUMPDEST CALLVALUE DUP1 ISZERO PUSH2 0x420 JUMPI PUSH1 0x0 DUP1 REVERT JUMPDEST POP PUSH2 0x483 PUSH1 0x4 DUP1 CALLDATASIZE SUB PUSH1 0x40 DUP2 LT ISZERO PUSH2 0x437 JUMPI PUSH1 0x0 DUP1 REVERT JUMPDEST DUP2 ADD SWAP1 DUP1 DUP1 CALLDATALOAD PUSH20 0xFFFFFFFFFFFFFFFFFFFFFFFFFFFFFFFFFFFFFFFF AND SWAP1 PUSH1 0x20 ADD SWAP1 SWAP3 SWAP2 SWAP1 DUP1 CALLDATALOAD PUSH20 0xFFFFFFFFFFFFFFFFFFFFFFFFFFFFFFFFFFFFFFFF AND SWAP1 PUSH1 0x20 ADD SWAP1 SWAP3 SWAP2 SWAP1 POP POP POP PUSH2 0xB69 JUMP JUMPDEST PUSH1 0x40 MLOAD DUP1 DUP3 DUP2 MSTORE PUSH1 0x20 ADD SWAP2 POP POP PUSH1 0x40 MLOAD DUP1 SWAP2 SUB SWAP1 RETURN JUMPDEST PUSH1 0x1 DUP1 SLOAD PUSH1 0x1 DUP2 PUSH1 0x1 AND ISZERO PUSH2 0x100 MUL SUB AND PUSH1 0x2 SWAP1 DIV DUP1 PUSH1 0x1F ADD PUSH1 0x20 DUP1 SWAP2 DIV MUL PUSH1 0x20 ADD PUSH1 0x40 MLOAD SWAP1 DUP2 ADD PUSH1 0x40 MSTORE DUP1 SWAP3 SWAP2 SWAP1 DUP2 DUP2 MSTORE PUSH1 0x20 ADD DUP3 DUP1 SLOAD PUSH1 0x1 DUP2 PUSH1 0x1 AND ISZERO PUSH2 0x100 MUL SUB AND PUSH1 0x2 SWAP1 DIV DUP1 ISZERO PUSH2 0x52F JUMPI DUP1 PUSH1 0x1F LT PUSH2 0x504 JUMPI PUSH2 0x100 DUP1 DUP4 SLOAD DIV MUL DUP4 MSTORE SWAP2 PUSH1 0x20 ADD SWAP2 PUSH2 0x52F JUMP JUMPDEST DUP3 ADD SWAP2 SWAP1 PUSH1 0x0 MSTORE PUSH1 0x20 PUSH1 0x0 KECCAK256 SWAP1 JUMPDEST DUP2 SLOAD DUP2 MSTORE SWAP1 PUSH1 0x1 ADD SWAP1 PUSH1 0x20 ADD DUP1 DUP4 GT PUSH2 0x512 JUMPI DUP3 SWAP1 SUB PUSH1 0x1F AND DUP3 ADD SWAP2 JUMPDEST POP POP POP POP POP DUP2 JUMP JUMPDEST PUSH1 0x0 DUP2 PUSH1 0x5 PUSH1 0x0 CALLER PUSH20 0xFFFFFFFFFFFFFFFFFFFFFFFFFFFFFFFFFFFFFFFF AND PUSH20 0xFFFFFFFFFFFFFFFFFFFFFFFFFFFFFFFFFFFFFFFF AND DUP2 MSTORE PUSH1 0x20 ADD SWAP1 DUP2 MSTORE PUSH1 0x20 ADD PUSH1 0x0 KECCAK256 PUSH1 0x0 DUP6 PUSH20 0xFFFFFFFFFFFFFFFFFFFFFFFFFFFFFFFFFFFFFFFF AND PUSH20 0xFFFFFFFFFFFFFFFFFFFFFFFFFFFFFFFFFFFFFFFF AND DUP2 MSTORE PUSH1 0x20 ADD SWAP1 DUP2 MSTORE PUSH1 0x20 ADD PUSH1 0x0 KECCAK256 DUP2 SWAP1 SSTORE POP DUP3 PUSH20 0xFFFFFFFFFFFFFFFFFFFFFFFFFFFFFFFFFFFFFFFF AND CALLER PUSH20 0xFFFFFFFFFFFFFFFFFFFFFFFFFFFFFFFFFFFFFFFF AND PUSH32 0x8C5BE1E5EBEC7D5BD14F71427D1E84F3DD0314C0F7B2291E5B200AC8C7C3B925 DUP5 PUSH1 0x40 MLOAD DUP1 DUP3 DUP2 MSTORE PUSH1 0x20 ADD SWAP2 POP POP PUSH1 0x40 MLOAD DUP1 SWAP2 SUB SWAP1 LOG3 PUSH1 0x1 SWAP1 POP SWAP3 SWAP2 POP POP JUMP JUMPDEST PUSH1 0x4 SLOAD DUP2 JUMP JUMPDEST PUSH1 0x0 DUP1 PUSH1 0x0 DUP6 PUSH20 0xFFFFFFFFFFFFFFFFFFFFFFFFFFFFFFFFFFFFFFFF AND PUSH20 0xFFFFFFFFFFFFFFFFFFFFFFFFFFFFFFFFFFFFFFFF AND DUP2 MSTORE PUSH1 0x20 ADD SWAP1 DUP2 MSTORE PUSH1 0x20 ADD PUSH1 0x0 KECCAK256 SLOAD DUP3 GT ISZERO ISZERO ISZERO PUSH2 0x67E JUMPI PUSH1 0x0 DUP1 REVERT JUMPDEST PUSH1 0x5 PUSH1 0x0 DUP6 PUSH20 0xFFFFFFFFFFFFFFFFFFFFFFFFFFFFFFFFFFFFFFFF AND PUSH20 0xFFFFFFFFFFFFFFFFFFFFFFFFFFFFFFFFFFFFFFFF AND DUP2 MSTORE PUSH1 0x20 ADD SWAP1 DUP2 MSTORE PUSH1 0x20 ADD PUSH1 0x0 KECCAK256 PUSH1 0x0 CALLER PUSH20 0xFFFFFFFFFFFFFFFFFFFFFFFFFFFFFFFFFFFFFFFF AND PUSH20 0xFFFFFFFFFFFFFFFFFFFFFFFFFFFFFFFFFFFFFFFF AND DUP2 MSTORE PUSH1 0x20 ADD SWAP1 DUP2 MSTORE PUSH1 0x20 ADD PUSH1 0x0 KECCAK256 SLOAD DUP3 GT ISZERO ISZERO ISZERO PUSH2 0x709 JUMPI PUSH1 0x0 DUP1 REVERT JUMPDEST DUP2 PUSH1 0x0 DUP1 DUP7 PUSH20 0xFFFFFFFFFFFFFFFFFFFFFFFFFFFFFFFFFFFFFFFF AND PUSH20 0xFFFFFFFFFFFFFFFFFFFFFFFFFFFFFFFFFFFFFFFF AND DUP2 MSTORE PUSH1 0x20 ADD SWAP1 DUP2 MSTORE PUSH1 0x20 ADD PUSH1 0x0 KECCAK256 PUSH1 0x0 DUP3 DUP3 SLOAD SUB SWAP3 POP POP DUP2 SWAP1 SSTORE POP DUP2 PUSH1 0x0 DUP1 DUP6 PUSH20 0xFFFFFFFFFFFFFFFFFFFFFFFFFFFFFFFFFFFFFFFF AND PUSH20 0xFFFFFFFFFFFFFFFFFFFFFFFFFFFFFFFFFFFFFFFF AND DUP2 MSTORE PUSH1 0x20 ADD SWAP1 DUP2 MSTORE PUSH1 0x20 ADD PUSH1 0x0 KECCAK256 PUSH1 0x0 DUP3 DUP3 SLOAD ADD SWAP3 POP POP DUP2 SWAP1 SSTORE POP DUP2 PUSH1 0x5 PUSH1 0x0 DUP7 PUSH20 0xFFFFFFFFFFFFFFFFFFFFFFFFFFFFFFFFFFFFFFFF AND PUSH20 0xFFFFFFFFFFFFFFFFFFFFFFFFFFFFFFFFFFFFFFFF AND DUP2 MSTORE PUSH1 0x20 ADD SWAP1 DUP2 MSTORE PUSH1 0x20 ADD PUSH1 0x0 KECCAK256 PUSH1 0x0 CALLER PUSH20 0xFFFFFFFFFFFFFFFFFFFFFFFFFFFFFFFFFFFFFFFF AND PUSH20 0xFFFFFFFFFFFFFFFFFFFFFFFFFFFFFFFFFFFFFFFF AND DUP2 MSTORE PUSH1 0x20 ADD SWAP1 DUP2 MSTORE PUSH1 0x20 ADD PUSH1 0x0 KECCAK256 PUSH1 0x0 DUP3 DUP3 SLOAD SUB SWAP3 POP POP DUP2 SWAP1 SSTORE POP DUP3 PUSH20 0xFFFFFFFFFFFFFFFFFFFFFFFFFFFFFFFFFFFFFFFF AND DUP5 PUSH20 0xFFFFFFFFFFFFFFFFFFFFFFFFFFFFFFFFFFFFFFFF AND PUSH32 0xDDF252AD1BE2C89B69C2B068FC378DAA952BA7F163C4A11628F55A4DF523B3EF DUP5 PUSH1 0x40 MLOAD DUP1 DUP3 DUP2 MSTORE PUSH1 0x20 ADD SWAP2 POP POP PUSH1 0x40 MLOAD DUP1 SWAP2 SUB SWAP1 LOG3 PUSH1 0x1 SWAP1 POP SWAP4 SWAP3 POP POP POP JUMP JUMPDEST PUSH1 0x3 PUSH1 0x0 SWAP1 SLOAD SWAP1 PUSH2 0x100 EXP SWAP1 DIV PUSH1 0xFF AND DUP2 JUMP JUMPDEST PUSH1 0x0 PUSH1 0x20 MSTORE DUP1 PUSH1 0x0 MSTORE PUSH1 0x40 PUSH1 0x0 KECCAK256 PUSH1 0x0 SWAP2 POP SWAP1 POP SLOAD DUP2 JUMP JUMPDEST PUSH1 0x2 DUP1 SLOAD PUSH1 0x1 DUP2 PUSH1 0x1 AND ISZERO PUSH2 0x100 MUL SUB AND PUSH1 0x2 SWAP1 DIV DUP1 PUSH1 0x1F ADD PUSH1 0x20 DUP1 SWAP2 DIV MUL PUSH1 0x20 ADD PUSH1 0x40 MLOAD SWAP1 DUP2 ADD PUSH1 0x40 MSTORE DUP1 SWAP3 SWAP2 SWAP1 DUP2 DUP2 MSTORE PUSH1 0x20 ADD DUP3 DUP1 SLOAD PUSH1 0x1 DUP2 PUSH1 0x1 AND ISZERO PUSH2 0x100 MUL SUB AND PUSH1 0x2 SWAP1 DIV DUP1 ISZERO PUSH2 0x95C JUMPI DUP1 PUSH1 0x1F LT PUSH2 0x931 JUMPI PUSH2 0x100 DUP1 DUP4 SLOAD DIV MUL DUP4 MSTORE SWAP2 PUSH1 0x20 ADD SWAP2 PUSH2 0x95C JUMP JUMPDEST DUP3 ADD SWAP2 SWAP1 PUSH1 0x0 MSTORE PUSH1 0x20 PUSH1 0x0 KECCAK256 SWAP1 JUMPDEST DUP2 SLOAD DUP2 MSTORE SWAP1 PUSH1 0x1 ADD SWAP1 PUSH1 0x20 ADD DUP1 DUP4 GT PUSH2 0x93F JUMPI DUP3 SWAP1 SUB PUSH1 0x1F AND DUP3 ADD SWAP2 JUMPDEST POP POP POP POP POP DUP2 JUMP JUMPDEST PUSH1 0x0 DUP2 PUSH1 0x0 DUP1 CALLER PUSH20 0xFFFFFFFFFFFFFFFFFFFFFFFFFFFFFFFFFFFFFFFF AND PUSH20 0xFFFFFFFFFFFFFFFFFFFFFFFFFFFFFFFFFFFFFFFF AND DUP2 MSTORE PUSH1 0x20 ADD SWAP1 DUP2 MSTORE PUSH1 0x20 ADD PUSH1 0x0 KECCAK256 SLOAD LT ISZERO ISZERO ISZERO PUSH2 0x9B3 JUMPI PUSH1 0x0 DUP1 REVERT JUMPDEST DUP2 PUSH1 0x0 DUP1 CALLER PUSH20 0xFFFFFFFFFFFFFFFFFFFFFFFFFFFFFFFFFFFFFFFF AND PUSH20 0xFFFFFFFFFFFFFFFFFFFFFFFFFFFFFFFFFFFFFFFF AND DUP2 MSTORE PUSH1 0x20 ADD SWAP1 DUP2 MSTORE PUSH1 0x20 ADD PUSH1 0x0 KECCAK256 PUSH1 0x0 DUP3 DUP3 SLOAD SUB SWAP3 POP POP DUP2 SWAP1 SSTORE POP DUP2 PUSH1 0x0 DUP1 DUP6 PUSH20 0xFFFFFFFFFFFFFFFFFFFFFFFFFFFFFFFFFFFFFFFF AND PUSH20 0xFFFFFFFFFFFFFFFFFFFFFFFFFFFFFFFFFFFFFFFF AND DUP2 MSTORE PUSH1 0x20 ADD SWAP1 DUP2 MSTORE PUSH1 0x20 ADD PUSH1 0x0 KECCAK256 PUSH1 0x0 DUP3 DUP3 SLOAD ADD SWAP3 POP POP DUP2 SWAP1 SSTORE POP DUP3 PUSH20 0xFFFFFFFFFFFFFFFFFFFFFFFFFFFFFFFFFFFFFFFF AND CALLER PUSH20 0xFFFFFFFFFFFFFFFFFFFFFFFFFFFFFFFFFFFFFFFF AND PUSH32 0xDDF252AD1BE2C89B69C2B068FC378DAA952BA7F163C4A11628F55A4DF523B3EF DUP5 PUSH1 0x40 MLOAD DUP1 DUP3 DUP2 MSTORE PUSH1 0x20 ADD SWAP2 POP POP PUSH1 0x40 MLOAD DUP1 SWAP2 SUB SWAP1 LOG3 PUSH1 0x1 SWAP1 POP SWAP3 SWAP2 POP POP JUMP JUMPDEST PUSH1 0x4 SLOAD PUSH1 0x0 DUP1 CALLER PUSH20 0xFFFFFFFFFFFFFFFFFFFFFFFFFFFFFFFFFFFFFFFF AND PUSH20 0xFFFFFFFFFFFFFFFFFFFFFFFFFFFFFFFFFFFFFFFF AND DUP2 MSTORE PUSH1 0x20 ADD SWAP1 DUP2 MSTORE PUSH1 0x20 ADD PUSH1 0x0 KECCAK256 DUP2 SWAP1 SSTORE POP CALLER PUSH20 0xFFFFFFFFFFFFFFFFFFFFFFFFFFFFFFFFFFFFFFFF AND PUSH1 0x0 PUSH20 0xFFFFFFFFFFFFFFFFFFFFFFFFFFFFFFFFFFFFFFFF AND PUSH32 0xDDF252AD1BE2C89B69C2B068FC378DAA952BA7F163C4A11628F55A4DF523B3EF PUSH1 0x4 SLOAD PUSH1 0x40 MLOAD DUP1 DUP3 DUP2 MSTORE PUSH1 0x20 ADD SWAP2 POP POP PUSH1 0x40 MLOAD DUP1 SWAP2 SUB SWAP1 LOG3 JUMP JUMPDEST PUSH1 0x5 PUSH1 0x20 MSTORE DUP2 PUSH1 0x0 MSTORE PUSH1 0x40 PUSH1 0x0 KECCAK256 PUSH1 0x20 MSTORE DUP1 PUSH1 0x0 MSTORE PUSH1 0x40 PUSH1 0x0 KECCAK256 PUSH1 0x0 SWAP2 POP SWAP2 POP POP SLOAD DUP2 JUMP INVALID LOG1 PUSH6 0x627A7A723058 KECCAK256 DUP11 DUP7 0x49 RETURNDATASIZE 0xbd POP DIV PUSH17 0x9710F1C621241B24B5F393BFC07B92E938 PUSH10 0x72EB61F0DD4200290000
0,PUSH1 0x80 PUSH1 0x40 MSTORE PUSH1 0x40 DUP1 MLOAD SWAP1 DUP2 ADD PUSH1 0x40 MSTORE DUP1 PUSH1 0x18 DUP2 MSTORE PUSH1 0x20 ADD PUSH32 0x94343445F4B4F484C455F31335F323031393034313109090000000000000000 DUP2 MSTORE POP PUSH1 0x1 SWAP1 DUP1 MLOAD SWAP1 PUSH1 0x20 ADD SWAP1 PUSH2 0x4F SWAP3 SWAP2 SWAP1 PUSH2 0xD9 JUMP JUMPDEST POP PUSH1 0x40 DUP1 MLOAD SWAP1 DUP2 ADD PUSH1 0x40 MSTORE DUP1 PUSH1 0x1E DUP2 MSTORE PUSH1 0x20 ADD PUSH32 0x94343445F4B4F484C455F31335F32303139303431315F737562445409090000 DUP2 MSTORE POP PUSH1 0x2 SWAP1 DUP1 MLOAD SWAP1 PUSH1 0x20 ADD SWAP1 PUSH2 0x9B SWAP3 SWAP2 SWAP1 PUSH2 0xD9 JUMP JUMPDEST POP PUSH1 0x12 PUSH1 0x3 PUSH1 0x0 PUSH2 0x100 EXP DUP2 SLOAD DUP2 PUSH1 0xFF MUL NOT AND SWAP1 DUP4 PUSH1 0xFF AND MUL OR SWAP1 SSTORE POP PUSH11 0x1060D026983FFAA7000000 PUSH1 0x4 SSTORE CALLVALUE DUP1 ISZERO PUSH2 0xD3 JUMPI PUSH1 0x0 DUP1 REVERT JUMPDEST POP PUSH2 0x17E JUMP JUMPDEST DUP3 DUP1 SLOAD PUSH1 0x1 DUP2 PUSH1 0x1 AND ISZERO PUSH2 0x100 MUL SUB AND PUSH1 0x2 SWAP1 DIV SWAP1 PUSH1 0x0 MSTORE PUSH1 0x20 PUSH1 0x0 KECCAK256 SWAP1 PUSH1 0x1F ADD PUSH1 0x20 SWAP1 DIV DUP2 ADD SWAP3 DUP3 PUSH1 0x1F LT PUSH2 0x11A JUMPI DUP1 MLOAD PUSH1 0xFF NOT AND DUP4 DUP1 ADD OR DUP6 SSTORE PUSH2 0x148 JUMP JUMPDEST DUP3 DUP1 ADD PUSH1 0x1 ADD DUP6 SSTORE DUP3 ISZERO PUSH2 0x148 JUMPI SWAP2 DUP3 ADD JUMPDEST DUP3 DUP2 GT ISZERO PUSH2 0x147 JUMPI DUP3 MLOAD DUP3 SSTORE SWAP2 PUSH1 0x20 ADD SWAP2 SWAP1 PUSH1 0x1 ADD SWAP1 PUSH2 0x12C JUMP JUMPDEST JUMPDEST POP SWAP1 POP PUSH2 0x155 SWAP2 SWAP1 PUSH2 0x159 JUMP JUMPDEST POP SWAP1 JUMP JUMPDEST PUSH2 0x17B SWAP2 SWAP1 JUMPDEST DUP1 DUP3 GT ISZERO PUSH2 0x177 JUMPI PUSH1 0x0 DUP2 PUSH1 0x0 SWAP1 SSTORE POP PUSH1 0x1 ADD PUSH2 0x15F JUMP JUMPDEST POP SWAP1 JUMP JUMPDEST SWAP1 JUMP JUMPDEST PUSH2 0xBBA DUP1 PUSH2 0x18D PUSH1 0x0 CODECOPY PUSH1 0x0 RETURN INVALID PUSH1 0x80 PUSH1 0x40 MSTORE PUSH1 0x4 CALLDATASIZE LT PUSH2 0x9E JUMPI PUSH1 0x0 CALLDATALOAD PUSH29 0x100000000000000000000000000000000000000000000000000000000 SWAP1 DIV DUP1 PUSH4 0x6FDDE03 EQ PUSH2 0xA3 JUMPI DUP1 PUSH4 0x95EA7B3 EQ PUSH2 0x133 JUMPI DUP1 PUSH4 0x18160DDD EQ PUSH2 0x1A6 JUMPI DUP1 PUSH4 0x23B872DD EQ PUSH2 0x1D1 JUMPI DUP1 PUSH4 0x313CE567 EQ PUSH2 0x264 JUMPI DUP1 PUSH4 0x70A08231 EQ PUSH2 0x295 JUMPI DUP1 PUSH4 0x95D89B41 EQ PUSH2 0x2FA JUMPI DUP1 PUSH4 0xA9059CBB EQ PUSH2 0x38A JUMPI DUP1 PUSH4 0xB5C8F317 EQ PUSH2 0x3FD JUMPI DUP1 PUSH4 0xDD62ED3E EQ PUSH2 0x414 JUMPI JUMPDEST PUSH1 0x0 DUP1 REVERT JUMPDEST CALLVALUE DUP1 ISZERO PUSH2 0xAF JUMPI PUSH1 0x0 DUP1 REVERT JUMPDEST POP PUSH2 0xB8 PUSH2 0x499 JUMP JUMPDEST PUSH1 0x40 MLOAD DUP1 DUP1 PUSH1 0x20 ADD DUP3 DUP2 SUB DUP3 MSTORE DUP4 DUP2 DUP2 MLOAD DUP2 MSTORE PUSH1 0x20 ADD SWAP2 POP DUP1 MLOAD SWAP1 PUSH1 0x20 ADD SWAP1 DUP1 DUP4 DUP4 PUSH1 0x0 JUMPDEST DUP4 DUP2 LT ISZERO PUSH2 0xF8 JUMPI DUP1 DUP3 ADD MLOAD DUP2 DUP5 ADD MSTORE PUSH1 0x20 DUP2 ADD SWAP1 POP PUSH2 0xDD JUMP JUMPDEST POP POP POP POP SWAP1 POP SWAP1 DUP2 ADD SWAP1 PUSH1 0x1F AND DUP1 ISZERO PUSH2 0x125 JUMPI DUP1 DUP3 SUB DUP1 MLOAD PUSH1 0x1 DUP4 PUSH1 0x20 SUB PUSH2 0x100 EXP SUB NOT AND DUP2 MSTORE PUSH1 0x20 ADD SWAP2 POP JUMPDEST POP SWAP3 POP POP POP PUSH1 0x40 MLOAD DUP1 SWAP2 SUB SWAP1 RETURN JUMPDEST CALLVALUE DUP1 ISZERO PUSH2 0x13F JUMPI PUSH1 0x0 DUP1 REVERT JUMPDEST POP PUSH2 0x18C PUSH1 0x4 DUP1 CALLDATASIZE SUB PUSH1 0x40 DUP2 LT ISZERO PUSH2 0x156 JUMPI PUSH1 0x0 DUP1 REVERT JUMPDEST DUP2 ADD SWAP1 DUP1 DUP1 CALLDATALOAD PUSH20 0xFFFFFFFFFFFFFFFFFFFFFFFFFFFFFFFFFFFFFFFF AND SWAP1 PUSH1 0x20 ADD SWAP1 SWAP3 SWAP2 SWAP1 DUP1 CALLDATALOAD SWAP1 PUSH1 0x20 ADD SWAP1 SWAP3 SWAP2 SWAP1 POP POP POP PUSH2 0x537 JUMP JUMPDEST PUSH1 0x40 MLOAD DUP1 DUP3 ISZERO ISZERO ISZERO ISZERO DUP2 MSTORE PUSH1 0x20 ADD SWAP2 POP POP PUSH1 0x40 MLOAD DUP1 SWAP2 SUB SWAP1 RETURN JUMPDEST CALLVALUE DUP1 ISZERO PUSH2 0x1B2 JUMPI PUSH1 0x0 DUP1 REVERT JUMPDEST POP PUSH2 0x1BB PUSH2 0x629 JUMP JUMPDEST PUSH1 0x40 MLOAD DUP1 DUP3 DUP2 MSTORE PUSH1 0x20 ADD SWAP2 POP POP PUSH1 0x40 MLOAD DUP1 SWAP2 SUB SWAP1 RETURN JUMPDEST CALLVALUE DUP1 ISZERO PUSH2 0x1DD JUMPI PUSH1 0x0 DUP1 REVERT JUMPDEST POP PUSH2 0x24A PUSH1 0x4 DUP1 CALLDATASIZE SUB PUSH1 0x60 DUP2 LT ISZERO PUSH2 0x1F4 JUMPI PUSH1 0x0 DUP1 REVERT JUMPDEST DUP2 ADD SWAP1 DUP1 DUP1 CALLDATALOAD PUSH20 0xFFFFFFFFFFFFFFFFFFFFFFFFFFFFFFFFFFFFFFFF AND SWAP1 PUSH1 0x20 ADD SWAP1 SWAP3 SWAP2 SWAP1 DUP1 CALLDATALOAD PUSH20 0xFFFFFFFFFFFFFFFFFFFFFFFFFFFFFFFFFFFFFFFF AND SWAP1 PUSH1 0x20 ADD SWAP1 SWAP3 SWAP2 SWAP1 DUP1 CALLDATALOAD SWAP1 PUSH1 0x20 ADD SWAP1 SWAP3 SWAP2 SWAP1 POP POP POP PUSH2 0x62F JUMP JUMPDEST PUSH1 0x40 MLOAD DUP1 DUP3 ISZERO ISZERO ISZERO ISZERO DUP2 MSTORE PUSH1 0x20 ADD SWAP2 POP POP PUSH1 0x40 MLOAD DUP1 SWAP2 SUB SWAP1 RETURN JUMPDEST CALLVALUE DUP1 ISZERO PUSH2 0x270 JUMPI PUSH1 0x0 DUP1 REVERT JUMPDEST POP PUSH2 0x279 PUSH2 0x89B JUMP JUMPDEST PUSH1 0x40 MLOAD DUP1 DUP3 PUSH1 0xFF AND PUSH1 0xFF AND DUP2 MSTORE PUSH1 0x20 ADD SWAP2 POP POP PUSH1 0x40 MLOAD DUP1 SWAP2 SUB SWAP1 RETURN JUMPDEST CALLVALUE DUP1 ISZERO PUSH2 0x2A1 JUMPI PUSH1 0x0 DUP1 REVERT JUMPDEST POP PUSH2 0x2E4 PUSH1 0x4 DUP1 CALLDATASIZE SUB PUSH1 0x20 DUP2 LT ISZERO PUSH2 0x2B8 JUMPI PUSH1 0x0 DUP1 REVERT JUMPDEST DUP2 ADD SWAP1 DUP1 DUP1 CALLDATALOAD PUSH20 0xFFFFFFFFFFFFFFFFFFFFFFFFFFFFFFFFFFFFFFFF AND SWAP1 PUSH1 0x20 ADD SWAP1 SWAP3 SWAP2 SWAP1 POP POP POP PUSH2 0x8AE JUMP JUMPDEST PUSH1 0x40 MLOAD DUP1 DUP3 DUP2 MSTORE PUSH1 0x20 ADD SWAP2 POP POP PUSH1 0x40 MLOAD DUP1 SWAP2 SUB SWAP1 RETURN JUMPDEST CALLVALUE DUP1 ISZERO PUSH2 0x306 JUMPI PUSH1 0x0 DUP1 REVERT JUMPDEST POP PUSH2 0x30F PUSH2 0x8C6 JUMP JUMPDEST PUSH1 0x40 MLOAD DUP1 DUP1 PUSH1 0x20 ADD DUP3 DUP2 SUB DUP3 MSTORE DUP4 DUP2 DUP2 MLOAD DUP2 MSTORE PUSH1 0x20 ADD SWAP2 POP DUP1 MLOAD SWAP1 PUSH1 0x20 ADD SWAP1 DUP1 DUP4 DUP4 PUSH1 0x0 JUMPDEST DUP4 DUP2 LT ISZERO PUSH2 0x34F JUMPI DUP1 DUP3 ADD MLOAD DUP2 DUP5 ADD MSTORE PUSH1 0x20 DUP2 ADD SWAP1 POP PUSH2 0x334 JUMP JUMPDEST POP POP POP POP SWAP1 POP SWAP1 DUP2 ADD SWAP1 PUSH1 0x1F AND DUP1 ISZERO PUSH2 0x37C JUMPI DUP1 DUP3 SUB DUP1 MLOAD PUSH1 0x1 DUP4 PUSH1 0x20 SUB PUSH2 0x100 EXP SUB NOT AND DUP2 MSTORE PUSH1 0x20 ADD SWAP2 POP JUMPDEST POP SWAP3 POP POP POP PUSH1 0x40 MLOAD DUP1 SWAP2 SUB SWAP1 RETURN JUMPDEST CALLVALUE DUP1 ISZERO PUSH2 0x396 JUMPI PUSH1 0x0 DUP1 REVERT JUMPDEST POP PUSH2 0x3E3 PUSH1 0x4 DUP1 CALLDATASIZE SUB PUSH1 0x40 DUP2 LT ISZERO PUSH2 0x3AD JUMPI PUSH1 0x0 DUP1 REVERT JUMPDEST DUP2 ADD SWAP1 DUP1 DUP1 CALLDATALOAD PUSH20 0xFFFFFFFFFFFFFFFFFFFFFFFFFFFFFFFFFFFFFFFF AND SWAP1 PUSH1 0x20 ADD SWAP1 SWAP3 SWAP2 SWAP1 DUP1 CALLDATALOAD SWAP1 PUSH1 0x20 ADD SWAP1 SWAP3 SWAP2 SWAP1 POP POP POP PUSH2 0x964 JUMP JUMPDEST PUSH1 0x40 MLOAD DUP1 DUP3 ISZERO ISZERO ISZERO ISZERO DUP2 MSTORE PUSH1 0x20 ADD SWAP2 POP POP PUSH1 0x40 MLOAD DUP1 SWAP2 SUB SWAP1 RETURN JUMPDEST CALLVALUE DUP1 ISZERO PUSH2 0x409 JUMPI PUSH1 0x0 DUP1 REVERT JUMPDEST POP PUSH2 0x412 PUSH2 0xABA JUMP JUMPDEST STOP JUMPDEST CALLVALUE DUP1 ISZERO PUSH2 0x420 JUMPI PUSH1 0x0 DUP1 REVERT JUMPDEST POP PUSH2 0x483 PUSH1 0x4 DUP1 CALLDATASIZE SUB PUSH1 0x40 DUP2 LT ISZERO PUSH2 0x437 JUMPI PUSH1 0x0 DUP1 REVERT JUMPDEST DUP2 ADD SWAP1 DUP1 DUP1 CALLDATALOAD PUSH20 0xFFFFFFFFFFFFFFFFFFFFFFFFFFFFFFFFFFFFFFFF AND SWAP1 PUSH1 0x20 ADD SWAP1 SWAP3 SWAP2 SWAP1 DUP1 CALLDATALOAD PUSH20 0xFFFFFFFFFFFFFFFFFFFFFFFFFFFFFFFFFFFFFFFF AND SWAP1 PUSH1 0x20 ADD SWAP1 SWAP3 SWAP2 SWAP1 POP POP POP PUSH2 0xB69 JUMP JUMPDEST PUSH1 0x40 MLOAD DUP1 DUP3 DUP2 MSTORE PUSH1 0x20 ADD SWAP2 POP POP PUSH1 0x40 MLOAD DUP1 SWAP2 SUB SWAP1 RETURN JUMPDEST PUSH1 0x1 DUP1 SLOAD PUSH1 0x1 DUP2 PUSH1 0x1 AND ISZERO PUSH2 0x100 MUL SUB AND PUSH1 0x2 SWAP1 DIV DUP1 PUSH1 0x1F ADD PUSH1 0x20 DUP1 SWAP2 DIV MUL PUSH1 0x20 ADD PUSH1 0x40 MLOAD SWAP1 DUP2 ADD PUSH1 0x40 MSTORE DUP1 SWAP3 SWAP2 SWAP1 DUP2 DUP2 MSTORE PUSH1 0x20 ADD DUP3 DUP1 SLOAD PUSH1 0x1 DUP2 PUSH1 0x1 AND ISZERO PUSH2 0x100 MUL SUB AND PUSH1 0x2 SWAP1 DIV DUP1 ISZERO PUSH2 0x52F JUMPI DUP1 PUSH1 0x1F LT PUSH2 0x504 JUMPI PUSH2 0x100 DUP1 DUP4 SLOAD DIV MUL DUP4 MSTORE SWAP2 PUSH1 0x20 ADD SWAP2 PUSH2 0x52F JUMP JUMPDEST DUP3 ADD SWAP2 SWAP1 PUSH1 0x0 MSTORE PUSH1 0x20 PUSH1 0x0 KECCAK256 SWAP1 JUMPDEST DUP2 SLOAD DUP2 MSTORE SWAP1 PUSH1 0x1 ADD SWAP1 PUSH1 0x20 ADD DUP1 DUP4 GT PUSH2 0x512 JUMPI DUP3 SWAP1 SUB PUSH1 0x1F AND DUP3 ADD SWAP2 JUMPDEST POP POP POP POP POP DUP2 JUMP JUMPDEST PUSH1 0x0 DUP2 PUSH1 0x5 PUSH1 0x0 CALLER PUSH20 0xFFFFFFFFFFFFFFFFFFFFFFFFFFFFFFFFFFFFFFFF AND PUSH20 0xFFFFFFFFFFFFFFFFFFFFFFFFFFFFFFFFFFFFFFFF AND DUP2 MSTORE PUSH1 0x20 ADD SWAP1 DUP2 MSTORE PUSH1 0x20 ADD PUSH1 0x0 KECCAK256 PUSH1 0x0 DUP6 PUSH20 0xFFFFFFFFFFFFFFFFFFFFFFFFFFFFFFFFFFFFFFFF AND PUSH20 0xFFFFFFFFFFFFFFFFFFFFFFFFFFFFFFFFFFFFFFFF AND DUP2 MSTORE PUSH1 0x20 ADD SWAP1 DUP2 MSTORE PUSH1 0x20 ADD PUSH1 0x0 KECCAK256 DUP2 SWAP1 SSTORE POP DUP3 PUSH20 0xFFFFFFFFFFFFFFFFFFFFFFFFFFFFFFFFFFFFFFFF AND CALLER PUSH20 0xFFFFFFFFFFFFFFFFFFFFFFFFFFFFFFFFFFFFFFFF AND PUSH32 0x8C5BE1E5EBEC7D5BD14F71427D1E84F3DD0314C0F7B2291E5B200AC8C7C3B925 DUP5 PUSH1 0x40 MLOAD DUP1 DUP3 DUP2 MSTORE PUSH1 0x20 ADD SWAP2 POP POP PUSH1 0x40 MLOAD DUP1 SWAP2 SUB SWAP1 LOG3 PUSH1 0x1 SWAP1 POP SWAP3 SWAP2 POP POP JUMP JUMPDEST PUSH1 0x4 SLOAD DUP2 JUMP JUMPDEST PUSH1 0x0 DUP1 PUSH1 0x0 DUP6 PUSH20 0xFFFFFFFFFFFFFFFFFFFFFFFFFFFFFFFFFFFFFFFF AND PUSH20 0xFFFFFFFFFFFFFFFFFFFFFFFFFFFFFFFFFFFFFFFF AND DUP2 MSTORE PUSH1 0x20 ADD SWAP1 DUP2 MSTORE PUSH1 0x20 ADD PUSH1 0x0 KECCAK256 SLOAD DUP3 GT ISZERO ISZERO ISZERO PUSH2 0x67E JUMPI PUSH1 0x0 DUP1 REVERT JUMPDEST PUSH1 0x5 PUSH1 0x0 DUP6 PUSH20 0xFFFFFFFFFFFFFFFFFFFFFFFFFFFFFFFFFFFFFFFF AND PUSH20 0xFFFFFFFFFFFFFFFFFFFFFFFFFFFFFFFFFFFFFFFF AND DUP2 MSTORE PUSH1 0x20 ADD SWAP1 DUP2 MSTORE PUSH1 0x20 ADD PUSH1 0x0 KECCAK256 PUSH1 0x0 CALLER PUSH20 0xFFFFFFFFFFFFFFFFFFFFFFFFFFFFFFFFFFFFFFFF AND PUSH20 0xFFFFFFFFFFFFFFFFFFFFFFFFFFFFFFFFFFFFFFFF AND DUP2 MSTORE PUSH1 0x20 ADD SWAP1 DUP2 MSTORE PUSH1 0x20 ADD PUSH1 0x0 KECCAK256 SLOAD DUP3 GT ISZERO ISZERO ISZERO PUSH2 0x709 JUMPI PUSH1 0x0 DUP1 REVERT JUMPDEST DUP2 PUSH1 0x0 DUP1 DUP7 PUSH20 0xFFFFFFFFFFFFFFFFFFFFFFFFFFFFFFFFFFFFFFFF AND PUSH20 0xFFFFFFFFFFFFFFFFFFFFFFFFFFFFFFFFFFFFFFFF AND DUP2 MSTORE PUSH1 0x20 ADD SWAP1 DUP2 MSTORE PUSH1 0x20 ADD PUSH1 0x0 KECCAK256 PUSH1 0x0 DUP3 DUP3 SLOAD SUB SWAP3 POP POP DUP2 SWAP1 SSTORE POP DUP2 PUSH1 0x0 DUP1 DUP6 PUSH20 0xFFFFFFFFFFFFFFFFFFFFFFFFFFFFFFFFFFFFFFFF AND PUSH20 0xFFFFFFFFFFFFFFFFFFFFFFFFFFFFFFFFFFFFFFFF AND DUP2 MSTORE PUSH1 0x20 ADD SWAP1 DUP2 MSTORE PUSH1 0x20 ADD PUSH1 0x0 KECCAK256 PUSH1 0x0 DUP3 DUP3 SLOAD ADD SWAP3 POP POP DUP2 SWAP1 SSTORE POP DUP2 PUSH1 0x5 PUSH1 0x0 DUP7 PUSH20 0xFFFFFFFFFFFFFFFFFFFFFFFFFFFFFFFFFFFFFFFF AND PUSH20 0xFFFFFFFFFFFFFFFFFFFFFFFFFFFFFFFFFFFFFFFF AND DUP2 MSTORE PUSH1 0x20 ADD SWAP1 DUP2 MSTORE PUSH1 0x20 ADD PUSH1 0x0 KECCAK256 PUSH1 0x0 CALLER PUSH20 0xFFFFFFFFFFFFFFFFFFFFFFFFFFFFFFFFFFFFFFFF AND PUSH20 0xFFFFFFFFFFFFFFFFFFFFFFFFFFFFFFFFFFFFFFFF AND DUP2 MSTORE PUSH1 0x20 ADD SWAP1 DUP2 MSTORE PUSH1 0x20 ADD PUSH1 0x0 KECCAK256 PUSH1 0x0 DUP3 DUP3 SLOAD SUB SWAP3 POP POP DUP2 SWAP1 SSTORE POP DUP3 PUSH20 0xFFFFFFFFFFFFFFFFFFFFFFFFFFFFFFFFFFFFFFFF AND DUP5 PUSH20 0xFFFFFFFFFFFFFFFFFFFFFFFFFFFFFFFFFFFFFFFF AND PUSH32 0xDDF252AD1BE2C89B69C2B068FC378DAA952BA7F163C4A11628F55A4DF523B3EF DUP5 PUSH1 0x40 MLOAD DUP1 DUP3 DUP2 MSTORE PUSH1 0x20 ADD SWAP2 POP POP PUSH1 0x40 MLOAD DUP1 SWAP2 SUB SWAP1 LOG3 PUSH1 0x1 SWAP1 POP SWAP4 SWAP3 POP POP POP JUMP JUMPDEST PUSH1 0x3 PUSH1 0x0 SWAP1 SLOAD SWAP1 PUSH2 0x100 EXP SWAP1 DIV PUSH1 0xFF AND DUP2 JUMP JUMPDEST PUSH1 0x0 PUSH1 0x20 MSTORE DUP1 PUSH1 0x0 MSTORE PUSH1 0x40 PUSH1 0x0 KECCAK256 PUSH1 0x0 SWAP2 POP SWAP1 POP SLOAD DUP2 JUMP JUMPDEST PUSH1 0x2 DUP1 SLOAD PUSH1 0x1 DUP2 PUSH1 0x1 AND ISZERO PUSH2 0x100 MUL SUB AND PUSH1 0x2 SWAP1 DIV DUP1 PUSH1 0x1F ADD PUSH1 0x20 DUP1 SWAP2 DIV MUL PUSH1 0x20 ADD PUSH1 0x40 MLOAD SWAP1 DUP2 ADD PUSH1 0x40 MSTORE DUP1 SWAP3 SWAP2 SWAP1 DUP2 DUP2 MSTORE PUSH1 0x20 ADD DUP3 DUP1 SLOAD PUSH1 0x1 DUP2 PUSH1 0x1 AND ISZERO PUSH2 0x100 MUL SUB AND PUSH1 0x2 SWAP1 DIV DUP1 ISZERO PUSH2 0x95C JUMPI DUP1 PUSH1 0x1F LT PUSH2 0x931 JUMPI PUSH2 0x100 DUP1 DUP4 SLOAD DIV MUL DUP4 MSTORE SWAP2 PUSH1 0x20 ADD SWAP2 PUSH2 0x95C JUMP JUMPDEST DUP3 ADD SWAP2 SWAP1 PUSH1 0x0 MSTORE PUSH1 0x20 PUSH1 0x0 KECCAK256 SWAP1 JUMPDEST DUP2 SLOAD DUP2 MSTORE SWAP1 PUSH1 0x1 ADD SWAP1 PUSH1 0x20 ADD DUP1 DUP4 GT PUSH2 0x93F JUMPI DUP3 SWAP1 SUB PUSH1 0x1F AND DUP3 ADD SWAP2 JUMPDEST POP POP POP POP POP DUP2 JUMP JUMPDEST PUSH1 0x0 DUP2 PUSH1 0x0 DUP1 CALLER PUSH20 0xFFFFFFFFFFFFFFFFFFFFFFFFFFFFFFFFFFFFFFFF AND PUSH20 0xFFFFFFFFFFFFFFFFFFFFFFFFFFFFFFFFFFFFFFFF AND DUP2 MSTORE PUSH1 0x20 ADD SWAP1 DUP2 MSTORE PUSH1 0x20 ADD PUSH1 0x0 KECCAK256 SLOAD LT ISZERO ISZERO ISZERO PUSH2 0x9B3 JUMPI PUSH1 0x0 DUP1 REVERT JUMPDEST DUP2 PUSH1 0x0 DUP1 CALLER PUSH20 0xFFFFFFFFFFFFFFFFFFFFFFFFFFFFFFFFFFFFFFFF AND PUSH20 0xFFFFFFFFFFFFFFFFFFFFFFFFFFFFFFFFFFFFFFFF AND DUP2 MSTORE PUSH1 0x20 ADD SWAP1 DUP2 MSTORE PUSH1 0x20 ADD PUSH1 0x0 KECCAK256 PUSH1 0x0 DUP3 DUP3 SLOAD SUB SWAP3 POP POP DUP2 SWAP1 SSTORE POP DUP2 PUSH1 0x0 DUP1 DUP6 PUSH20 0xFFFFFFFFFFFFFFFFFFFFFFFFFFFFFFFFFFFFFFFF AND PUSH20 0xFFFFFFFFFFFFFFFFFFFFFFFFFFFFFFFFFFFFFFFF AND DUP2 MSTORE PUSH1 0x20 ADD SWAP1 DUP2 MSTORE PUSH1 0x20 ADD PUSH1 0x0 KECCAK256 PUSH1 0x0 DUP3 DUP3 SLOAD ADD SWAP3 POP POP DUP2 SWAP1 SSTORE POP DUP3 PUSH20 0xFFFFFFFFFFFFFFFFFFFFFFFFFFFFFFFFFFFFFFFF AND CALLER PUSH20 0xFFFFFFFFFFFFFFFFFFFFFFFFFFFFFFFFFFFFFFFF AND PUSH32 0xDDF252AD1BE2C89B69C2B068FC378DAA952BA7F163C4A11628F55A4DF523B3EF DUP5 PUSH1 0x40 MLOAD DUP1 DUP3 DUP2 MSTORE PUSH1 0x20 ADD SWAP2 POP POP PUSH1 0x40 MLOAD DUP1 SWAP2 SUB SWAP1 LOG3 PUSH1 0x1 SWAP1 POP SWAP3 SWAP2 POP POP JUMP JUMPDEST PUSH1 0x4 SLOAD PUSH1 0x0 DUP1 CALLER PUSH20 0xFFFFFFFFFFFFFFFFFFFFFFFFFFFFFFFFFFFFFFFF AND PUSH20 0xFFFFFFFFFFFFFFFFFFFFFFFFFFFFFFFFFFFFFFFF AND DUP2 MSTORE PUSH1 0x20 ADD SWAP1 DUP2 MSTORE PUSH1 0x20 ADD PUSH1 0x0 KECCAK256 DUP2 SWAP1 SSTORE POP CALLER PUSH20 0xFFFFFFFFFFFFFFFFFFFFFFFFFFFFFFFFFFFFFFFF AND PUSH1 0x0 PUSH20 0xFFFFFFFFFFFFFFFFFFFFFFFFFFFFFFFFFFFFFFFF AND PUSH32 0xDDF252AD1BE2C89B69C2B068FC378DAA952BA7F163C4A11628F55A4DF523B3EF PUSH1 0x4 SLOAD PUSH1 0x40 MLOAD DUP1 DUP3 DUP2 MSTORE PUSH1 0x20 ADD SWAP2 POP POP PUSH1 0x40 MLOAD DUP1 SWAP2 SUB SWAP1 LOG3 JUMP JUMPDEST PUSH1 0x5 PUSH1 0x20 MSTORE DUP2 PUSH1 0x0 MSTORE PUSH1 0x40 PUSH1 0x0 KECCAK256 PUSH1 0x20 MSTORE DUP1 PUSH1 0x0 MSTORE PUSH1 0x40 PUSH1 0x0 KECCAK256 PUSH1 0x0 SWAP2 POP SWAP2 POP POP SLOAD DUP2 JUMP INVALID LOG1 PUSH6 0x627A7A723058 KECCAK256 0x4c 0xc1 SIGNEXTEND 0x2d PUSH30 0x2DA7EBF4F413C8512F237BE8C84759CEEFC3A73958CAD8100F60AF002900
0,PUSH1 0x80 PUSH1 0x40 MSTORE PUSH1 0x40 DUP1 MLOAD SWAP1 DUP2 ADD PUSH1 0x40 MSTORE DUP1 PUSH1 0x18 DUP2 MSTORE PUSH1 0x20 ADD PUSH32 0x94343445F4B4F484C455F31355F323031393034313109090000000000000000 DUP2 MSTORE POP PUSH1 0x1 SWAP1 DUP1 MLOAD SWAP1 PUSH1 0x20 ADD SWAP1 PUSH2 0x4F SWAP3 SWAP2 SWAP1 PUSH2 0xD9 JUMP JUMPDEST POP PUSH1 0x40 DUP1 MLOAD SWAP1 DUP2 ADD PUSH1 0x40 MSTORE DUP1 PUSH1 0x1E DUP2 MSTORE PUSH1 0x20 ADD PUSH32 0x94343445F4B4F484C455F31355F32303139303431315F737562445409090000 DUP2 MSTORE POP PUSH1 0x2 SWAP1 DUP1 MLOAD SWAP1 PUSH1 0x20 ADD SWAP1 PUSH2 0x9B SWAP3 SWAP2 SWAP1 PUSH2 0xD9 JUMP JUMPDEST POP PUSH1 0x12 PUSH1 0x3 PUSH1 0x0 PUSH2 0x100 EXP DUP2 SLOAD DUP2 PUSH1 0xFF MUL NOT AND SWAP1 DUP4 PUSH1 0xFF AND MUL OR SWAP1 SSTORE POP PUSH11 0x1060D026983FFAA7000000 PUSH1 0x4 SSTORE CALLVALUE DUP1 ISZERO PUSH2 0xD3 JUMPI PUSH1 0x0 DUP1 REVERT JUMPDEST POP PUSH2 0x17E JUMP JUMPDEST DUP3 DUP1 SLOAD PUSH1 0x1 DUP2 PUSH1 0x1 AND ISZERO PUSH2 0x100 MUL SUB AND PUSH1 0x2 SWAP1 DIV SWAP1 PUSH1 0x0 MSTORE PUSH1 0x20 PUSH1 0x0 KECCAK256 SWAP1 PUSH1 0x1F ADD PUSH1 0x20 SWAP1 DIV DUP2 ADD SWAP3 DUP3 PUSH1 0x1F LT PUSH2 0x11A JUMPI DUP1 MLOAD PUSH1 0xFF NOT AND DUP4 DUP1 ADD OR DUP6 SSTORE PUSH2 0x148 JUMP JUMPDEST DUP3 DUP1 ADD PUSH1 0x1 ADD DUP6 SSTORE DUP3 ISZERO PUSH2 0x148 JUMPI SWAP2 DUP3 ADD JUMPDEST DUP3 DUP2 GT ISZERO PUSH2 0x147 JUMPI DUP3 MLOAD DUP3 SSTORE SWAP2 PUSH1 0x20 ADD SWAP2 SWAP1 PUSH1 0x1 ADD SWAP1 PUSH2 0x12C JUMP JUMPDEST JUMPDEST POP SWAP1 POP PUSH2 0x155 SWAP2 SWAP1 PUSH2 0x159 JUMP JUMPDEST POP SWAP1 JUMP JUMPDEST PUSH2 0x17B SWAP2 SWAP1 JUMPDEST DUP1 DUP3 GT ISZERO PUSH2 0x177 JUMPI PUSH1 0x0 DUP2 PUSH1 0x0 SWAP1 SSTORE POP PUSH1 0x1 ADD PUSH2 0x15F JUMP JUMPDEST POP SWAP1 JUMP JUMPDEST SWAP1 JUMP JUMPDEST PUSH2 0xBBA DUP1 PUSH2 0x18D PUSH1 0x0 CODECOPY PUSH1 0x0 RETURN INVALID PUSH1 0x80 PUSH1 0x40 MSTORE PUSH1 0x4 CALLDATASIZE LT PUSH2 0x9E JUMPI PUSH1 0x0 CALLDATALOAD PUSH29 0x100000000000000000000000000000000000000000000000000000000 SWAP1 DIV DUP1 PUSH4 0x6FDDE03 EQ PUSH2 0xA3 JUMPI DUP1 PUSH4 0x95EA7B3 EQ PUSH2 0x133 JUMPI DUP1 PUSH4 0x18160DDD EQ PUSH2 0x1A6 JUMPI DUP1 PUSH4 0x23B872DD EQ PUSH2 0x1D1 JUMPI DUP1 PUSH4 0x313CE567 EQ PUSH2 0x264 JUMPI DUP1 PUSH4 0x70A08231 EQ PUSH2 0x295 JUMPI DUP1 PUSH4 0x95D89B41 EQ PUSH2 0x2FA JUMPI DUP1 PUSH4 0xA9059CBB EQ PUSH2 0x38A JUMPI DUP1 PUSH4 0xB5C8F317 EQ PUSH2 0x3FD JUMPI DUP1 PUSH4 0xDD62ED3E EQ PUSH2 0x414 JUMPI JUMPDEST PUSH1 0x0 DUP1 REVERT JUMPDEST CALLVALUE DUP1 ISZERO PUSH2 0xAF JUMPI PUSH1 0x0 DUP1 REVERT JUMPDEST POP PUSH2 0xB8 PUSH2 0x499 JUMP JUMPDEST PUSH1 0x40 MLOAD DUP1 DUP1 PUSH1 0x20 ADD DUP3 DUP2 SUB DUP3 MSTORE DUP4 DUP2 DUP2 MLOAD DUP2 MSTORE PUSH1 0x20 ADD SWAP2 POP DUP1 MLOAD SWAP1 PUSH1 0x20 ADD SWAP1 DUP1 DUP4 DUP4 PUSH1 0x0 JUMPDEST DUP4 DUP2 LT ISZERO PUSH2 0xF8 JUMPI DUP1 DUP3 ADD MLOAD DUP2 DUP5 ADD MSTORE PUSH1 0x20 DUP2 ADD SWAP1 POP PUSH2 0xDD JUMP JUMPDEST POP POP POP POP SWAP1 POP SWAP1 DUP2 ADD SWAP1 PUSH1 0x1F AND DUP1 ISZERO PUSH2 0x125 JUMPI DUP1 DUP3 SUB DUP1 MLOAD PUSH1 0x1 DUP4 PUSH1 0x20 SUB PUSH2 0x100 EXP SUB NOT AND DUP2 MSTORE PUSH1 0x20 ADD SWAP2 POP JUMPDEST POP SWAP3 POP POP POP PUSH1 0x40 MLOAD DUP1 SWAP2 SUB SWAP1 RETURN JUMPDEST CALLVALUE DUP1 ISZERO PUSH2 0x13F JUMPI PUSH1 0x0 DUP1 REVERT JUMPDEST POP PUSH2 0x18C PUSH1 0x4 DUP1 CALLDATASIZE SUB PUSH1 0x40 DUP2 LT ISZERO PUSH2 0x156 JUMPI PUSH1 0x0 DUP1 REVERT JUMPDEST DUP2 ADD SWAP1 DUP1 DUP1 CALLDATALOAD PUSH20 0xFFFFFFFFFFFFFFFFFFFFFFFFFFFFFFFFFFFFFFFF AND SWAP1 PUSH1 0x20 ADD SWAP1 SWAP3 SWAP2 SWAP1 DUP1 CALLDATALOAD SWAP1 PUSH1 0x20 ADD SWAP1 SWAP3 SWAP2 SWAP1 POP POP POP PUSH2 0x537 JUMP JUMPDEST PUSH1 0x40 MLOAD DUP1 DUP3 ISZERO ISZERO ISZERO ISZERO DUP2 MSTORE PUSH1 0x20 ADD SWAP2 POP POP PUSH1 0x40 MLOAD DUP1 SWAP2 SUB SWAP1 RETURN JUMPDEST CALLVALUE DUP1 ISZERO PUSH2 0x1B2 JUMPI PUSH1 0x0 DUP1 REVERT JUMPDEST POP PUSH2 0x1BB PUSH2 0x629 JUMP JUMPDEST PUSH1 0x40 MLOAD DUP1 DUP3 DUP2 MSTORE PUSH1 0x20 ADD SWAP2 POP POP PUSH1 0x40 MLOAD DUP1 SWAP2 SUB SWAP1 RETURN JUMPDEST CALLVALUE DUP1 ISZERO PUSH2 0x1DD JUMPI PUSH1 0x0 DUP1 REVERT JUMPDEST POP PUSH2 0x24A PUSH1 0x4 DUP1 CALLDATASIZE SUB PUSH1 0x60 DUP2 LT ISZERO PUSH2 0x1F4 JUMPI PUSH1 0x0 DUP1 REVERT JUMPDEST DUP2 ADD SWAP1 DUP1 DUP1 CALLDATALOAD PUSH20 0xFFFFFFFFFFFFFFFFFFFFFFFFFFFFFFFFFFFFFFFF AND SWAP1 PUSH1 0x20 ADD SWAP1 SWAP3 SWAP2 SWAP1 DUP1 CALLDATALOAD PUSH20 0xFFFFFFFFFFFFFFFFFFFFFFFFFFFFFFFFFFFFFFFF AND SWAP1 PUSH1 0x20 ADD SWAP1 SWAP3 SWAP2 SWAP1 DUP1 CALLDATALOAD SWAP1 PUSH1 0x20 ADD SWAP1 SWAP3 SWAP2 SWAP1 POP POP POP PUSH2 0x62F JUMP JUMPDEST PUSH1 0x40 MLOAD DUP1 DUP3 ISZERO ISZERO ISZERO ISZERO DUP2 MSTORE PUSH1 0x20 ADD SWAP2 POP POP PUSH1 0x40 MLOAD DUP1 SWAP2 SUB SWAP1 RETURN JUMPDEST CALLVALUE DUP1 ISZERO PUSH2 0x270 JUMPI PUSH1 0x0 DUP1 REVERT JUMPDEST POP PUSH2 0x279 PUSH2 0x89B JUMP JUMPDEST PUSH1 0x40 MLOAD DUP1 DUP3 PUSH1 0xFF AND PUSH1 0xFF AND DUP2 MSTORE PUSH1 0x20 ADD SWAP2 POP POP PUSH1 0x40 MLOAD DUP1 SWAP2 SUB SWAP1 RETURN JUMPDEST CALLVALUE DUP1 ISZERO PUSH2 0x2A1 JUMPI PUSH1 0x0 DUP1 REVERT JUMPDEST POP PUSH2 0x2E4 PUSH1 0x4 DUP1 CALLDATASIZE SUB PUSH1 0x20 DUP2 LT ISZERO PUSH2 0x2B8 JUMPI PUSH1 0x0 DUP1 REVERT JUMPDEST DUP2 ADD SWAP1 DUP1 DUP1 CALLDATALOAD PUSH20 0xFFFFFFFFFFFFFFFFFFFFFFFFFFFFFFFFFFFFFFFF AND SWAP1 PUSH1 0x20 ADD SWAP1 SWAP3 SWAP2 SWAP1 POP POP POP PUSH2 0x8AE JUMP JUMPDEST PUSH1 0x40 MLOAD DUP1 DUP3 DUP2 MSTORE PUSH1 0x20 ADD SWAP2 POP POP PUSH1 0x40 MLOAD DUP1 SWAP2 SUB SWAP1 RETURN JUMPDEST CALLVALUE DUP1 ISZERO PUSH2 0x306 JUMPI PUSH1 0x0 DUP1 REVERT JUMPDEST POP PUSH2 0x30F PUSH2 0x8C6 JUMP JUMPDEST PUSH1 0x40 MLOAD DUP1 DUP1 PUSH1 0x20 ADD DUP3 DUP2 SUB DUP3 MSTORE DUP4 DUP2 DUP2 MLOAD DUP2 MSTORE PUSH1 0x20 ADD SWAP2 POP DUP1 MLOAD SWAP1 PUSH1 0x20 ADD SWAP1 DUP1 DUP4 DUP4 PUSH1 0x0 JUMPDEST DUP4 DUP2 LT ISZERO PUSH2 0x34F JUMPI DUP1 DUP3 ADD MLOAD DUP2 DUP5 ADD MSTORE PUSH1 0x20 DUP2 ADD SWAP1 POP PUSH2 0x334 JUMP JUMPDEST POP POP POP POP SWAP1 POP SWAP1 DUP2 ADD SWAP1 PUSH1 0x1F AND DUP1 ISZERO PUSH2 0x37C JUMPI DUP1 DUP3 SUB DUP1 MLOAD PUSH1 0x1 DUP4 PUSH1 0x20 SUB PUSH2 0x100 EXP SUB NOT AND DUP2 MSTORE PUSH1 0x20 ADD SWAP2 POP JUMPDEST POP SWAP3 POP POP POP PUSH1 0x40 MLOAD DUP1 SWAP2 SUB SWAP1 RETURN JUMPDEST CALLVALUE DUP1 ISZERO PUSH2 0x396 JUMPI PUSH1 0x0 DUP1 REVERT JUMPDEST POP PUSH2 0x3E3 PUSH1 0x4 DUP1 CALLDATASIZE SUB PUSH1 0x40 DUP2 LT ISZERO PUSH2 0x3AD JUMPI PUSH1 0x0 DUP1 REVERT JUMPDEST DUP2 ADD SWAP1 DUP1 DUP1 CALLDATALOAD PUSH20 0xFFFFFFFFFFFFFFFFFFFFFFFFFFFFFFFFFFFFFFFF AND SWAP1 PUSH1 0x20 ADD SWAP1 SWAP3 SWAP2 SWAP1 DUP1 CALLDATALOAD SWAP1 PUSH1 0x20 ADD SWAP1 SWAP3 SWAP2 SWAP1 POP POP POP PUSH2 0x964 JUMP JUMPDEST PUSH1 0x40 MLOAD DUP1 DUP3 ISZERO ISZERO ISZERO ISZERO DUP2 MSTORE PUSH1 0x20 ADD SWAP2 POP POP PUSH1 0x40 MLOAD DUP1 SWAP2 SUB SWAP1 RETURN JUMPDEST CALLVALUE DUP1 ISZERO PUSH2 0x409 JUMPI PUSH1 0x0 DUP1 REVERT JUMPDEST POP PUSH2 0x412 PUSH2 0xABA JUMP JUMPDEST STOP JUMPDEST CALLVALUE DUP1 ISZERO PUSH2 0x420 JUMPI PUSH1 0x0 DUP1 REVERT JUMPDEST POP PUSH2 0x483 PUSH1 0x4 DUP1 CALLDATASIZE SUB PUSH1 0x40 DUP2 LT ISZERO PUSH2 0x437 JUMPI PUSH1 0x0 DUP1 REVERT JUMPDEST DUP2 ADD SWAP1 DUP1 DUP1 CALLDATALOAD PUSH20 0xFFFFFFFFFFFFFFFFFFFFFFFFFFFFFFFFFFFFFFFF AND SWAP1 PUSH1 0x20 ADD SWAP1 SWAP3 SWAP2 SWAP1 DUP1 CALLDATALOAD PUSH20 0xFFFFFFFFFFFFFFFFFFFFFFFFFFFFFFFFFFFFFFFF AND SWAP1 PUSH1 0x20 ADD SWAP1 SWAP3 SWAP2 SWAP1 POP POP POP PUSH2 0xB69 JUMP JUMPDEST PUSH1 0x40 MLOAD DUP1 DUP3 DUP2 MSTORE PUSH1 0x20 ADD SWAP2 POP POP PUSH1 0x40 MLOAD DUP1 SWAP2 SUB SWAP1 RETURN JUMPDEST PUSH1 0x1 DUP1 SLOAD PUSH1 0x1 DUP2 PUSH1 0x1 AND ISZERO PUSH2 0x100 MUL SUB AND PUSH1 0x2 SWAP1 DIV DUP1 PUSH1 0x1F ADD PUSH1 0x20 DUP1 SWAP2 DIV MUL PUSH1 0x20 ADD PUSH1 0x40 MLOAD SWAP1 DUP2 ADD PUSH1 0x40 MSTORE DUP1 SWAP3 SWAP2 SWAP1 DUP2 DUP2 MSTORE PUSH1 0x20 ADD DUP3 DUP1 SLOAD PUSH1 0x1 DUP2 PUSH1 0x1 AND ISZERO PUSH2 0x100 MUL SUB AND PUSH1 0x2 SWAP1 DIV DUP1 ISZERO PUSH2 0x52F JUMPI DUP1 PUSH1 0x1F LT PUSH2 0x504 JUMPI PUSH2 0x100 DUP1 DUP4 SLOAD DIV MUL DUP4 MSTORE SWAP2 PUSH1 0x20 ADD SWAP2 PUSH2 0x52F JUMP JUMPDEST DUP3 ADD SWAP2 SWAP1 PUSH1 0x0 MSTORE PUSH1 0x20 PUSH1 0x0 KECCAK256 SWAP1 JUMPDEST DUP2 SLOAD DUP2 MSTORE SWAP1 PUSH1 0x1 ADD SWAP1 PUSH1 0x20 ADD DUP1 DUP4 GT PUSH2 0x512 JUMPI DUP3 SWAP1 SUB PUSH1 0x1F AND DUP3 ADD SWAP2 JUMPDEST POP POP POP POP POP DUP2 JUMP JUMPDEST PUSH1 0x0 DUP2 PUSH1 0x5 PUSH1 0x0 CALLER PUSH20 0xFFFFFFFFFFFFFFFFFFFFFFFFFFFFFFFFFFFFFFFF AND PUSH20 0xFFFFFFFFFFFFFFFFFFFFFFFFFFFFFFFFFFFFFFFF AND DUP2 MSTORE PUSH1 0x20 ADD SWAP1 DUP2 MSTORE PUSH1 0x20 ADD PUSH1 0x0 KECCAK256 PUSH1 0x0 DUP6 PUSH20 0xFFFFFFFFFFFFFFFFFFFFFFFFFFFFFFFFFFFFFFFF AND PUSH20 0xFFFFFFFFFFFFFFFFFFFFFFFFFFFFFFFFFFFFFFFF AND DUP2 MSTORE PUSH1 0x20 ADD SWAP1 DUP2 MSTORE PUSH1 0x20 ADD PUSH1 0x0 KECCAK256 DUP2 SWAP1 SSTORE POP DUP3 PUSH20 0xFFFFFFFFFFFFFFFFFFFFFFFFFFFFFFFFFFFFFFFF AND CALLER PUSH20 0xFFFFFFFFFFFFFFFFFFFFFFFFFFFFFFFFFFFFFFFF AND PUSH32 0x8C5BE1E5EBEC7D5BD14F71427D1E84F3DD0314C0F7B2291E5B200AC8C7C3B925 DUP5 PUSH1 0x40 MLOAD DUP1 DUP3 DUP2 MSTORE PUSH1 0x20 ADD SWAP2 POP POP PUSH1 0x40 MLOAD DUP1 SWAP2 SUB SWAP1 LOG3 PUSH1 0x1 SWAP1 POP SWAP3 SWAP2 POP POP JUMP JUMPDEST PUSH1 0x4 SLOAD DUP2 JUMP JUMPDEST PUSH1 0x0 DUP1 PUSH1 0x0 DUP6 PUSH20 0xFFFFFFFFFFFFFFFFFFFFFFFFFFFFFFFFFFFFFFFF AND PUSH20 0xFFFFFFFFFFFFFFFFFFFFFFFFFFFFFFFFFFFFFFFF AND DUP2 MSTORE PUSH1 0x20 ADD SWAP1 DUP2 MSTORE PUSH1 0x20 ADD PUSH1 0x0 KECCAK256 SLOAD DUP3 GT ISZERO ISZERO ISZERO PUSH2 0x67E JUMPI PUSH1 0x0 DUP1 REVERT JUMPDEST PUSH1 0x5 PUSH1 0x0 DUP6 PUSH20 0xFFFFFFFFFFFFFFFFFFFFFFFFFFFFFFFFFFFFFFFF AND PUSH20 0xFFFFFFFFFFFFFFFFFFFFFFFFFFFFFFFFFFFFFFFF AND DUP2 MSTORE PUSH1 0x20 ADD SWAP1 DUP2 MSTORE PUSH1 0x20 ADD PUSH1 0x0 KECCAK256 PUSH1 0x0 CALLER PUSH20 0xFFFFFFFFFFFFFFFFFFFFFFFFFFFFFFFFFFFFFFFF AND PUSH20 0xFFFFFFFFFFFFFFFFFFFFFFFFFFFFFFFFFFFFFFFF AND DUP2 MSTORE PUSH1 0x20 ADD SWAP1 DUP2 MSTORE PUSH1 0x20 ADD PUSH1 0x0 KECCAK256 SLOAD DUP3 GT ISZERO ISZERO ISZERO PUSH2 0x709 JUMPI PUSH1 0x0 DUP1 REVERT JUMPDEST DUP2 PUSH1 0x0 DUP1 DUP7 PUSH20 0xFFFFFFFFFFFFFFFFFFFFFFFFFFFFFFFFFFFFFFFF AND PUSH20 0xFFFFFFFFFFFFFFFFFFFFFFFFFFFFFFFFFFFFFFFF AND DUP2 MSTORE PUSH1 0x20 ADD SWAP1 DUP2 MSTORE PUSH1 0x20 ADD PUSH1 0x0 KECCAK256 PUSH1 0x0 DUP3 DUP3 SLOAD SUB SWAP3 POP POP DUP2 SWAP1 SSTORE POP DUP2 PUSH1 0x0 DUP1 DUP6 PUSH20 0xFFFFFFFFFFFFFFFFFFFFFFFFFFFFFFFFFFFFFFFF AND PUSH20 0xFFFFFFFFFFFFFFFFFFFFFFFFFFFFFFFFFFFFFFFF AND DUP2 MSTORE PUSH1 0x20 ADD SWAP1 DUP2 MSTORE PUSH1 0x20 ADD PUSH1 0x0 KECCAK256 PUSH1 0x0 DUP3 DUP3 SLOAD ADD SWAP3 POP POP DUP2 SWAP1 SSTORE POP DUP2 PUSH1 0x5 PUSH1 0x0 DUP7 PUSH20 0xFFFFFFFFFFFFFFFFFFFFFFFFFFFFFFFFFFFFFFFF AND PUSH20 0xFFFFFFFFFFFFFFFFFFFFFFFFFFFFFFFFFFFFFFFF AND DUP2 MSTORE PUSH1 0x20 ADD SWAP1 DUP2 MSTORE PUSH1 0x20 ADD PUSH1 0x0 KECCAK256 PUSH1 0x0 CALLER PUSH20 0xFFFFFFFFFFFFFFFFFFFFFFFFFFFFFFFFFFFFFFFF AND PUSH20 0xFFFFFFFFFFFFFFFFFFFFFFFFFFFFFFFFFFFFFFFF AND DUP2 MSTORE PUSH1 0x20 ADD SWAP1 DUP2 MSTORE PUSH1 0x20 ADD PUSH1 0x0 KECCAK256 PUSH1 0x0 DUP3 DUP3 SLOAD SUB SWAP3 POP POP DUP2 SWAP1 SSTORE POP DUP3 PUSH20 0xFFFFFFFFFFFFFFFFFFFFFFFFFFFFFFFFFFFFFFFF AND DUP5 PUSH20 0xFFFFFFFFFFFFFFFFFFFFFFFFFFFFFFFFFFFFFFFF AND PUSH32 0xDDF252AD1BE2C89B69C2B068FC378DAA952BA7F163C4A11628F55A4DF523B3EF DUP5 PUSH1 0x40 MLOAD DUP1 DUP3 DUP2 MSTORE PUSH1 0x20 ADD SWAP2 POP POP PUSH1 0x40 MLOAD DUP1 SWAP2 SUB SWAP1 LOG3 PUSH1 0x1 SWAP1 POP SWAP4 SWAP3 POP POP POP JUMP JUMPDEST PUSH1 0x3 PUSH1 0x0 SWAP1 SLOAD SWAP1 PUSH2 0x100 EXP SWAP1 DIV PUSH1 0xFF AND DUP2 JUMP JUMPDEST PUSH1 0x0 PUSH1 0x20 MSTORE DUP1 PUSH1 0x0 MSTORE PUSH1 0x40 PUSH1 0x0 KECCAK256 PUSH1 0x0 SWAP2 POP SWAP1 POP SLOAD DUP2 JUMP JUMPDEST PUSH1 0x2 DUP1 SLOAD PUSH1 0x1 DUP2 PUSH1 0x1 AND ISZERO PUSH2 0x100 MUL SUB AND PUSH1 0x2 SWAP1 DIV DUP1 PUSH1 0x1F ADD PUSH1 0x20 DUP1 SWAP2 DIV MUL PUSH1 0x20 ADD PUSH1 0x40 MLOAD SWAP1 DUP2 ADD PUSH1 0x40 MSTORE DUP1 SWAP3 SWAP2 SWAP1 DUP2 DUP2 MSTORE PUSH1 0x20 ADD DUP3 DUP1 SLOAD PUSH1 0x1 DUP2 PUSH1 0x1 AND ISZERO PUSH2 0x100 MUL SUB AND PUSH1 0x2 SWAP1 DIV DUP1 ISZERO PUSH2 0x95C JUMPI DUP1 PUSH1 0x1F LT PUSH2 0x931 JUMPI PUSH2 0x100 DUP1 DUP4 SLOAD DIV MUL DUP4 MSTORE SWAP2 PUSH1 0x20 ADD SWAP2 PUSH2 0x95C JUMP JUMPDEST DUP3 ADD SWAP2 SWAP1 PUSH1 0x0 MSTORE PUSH1 0x20 PUSH1 0x0 KECCAK256 SWAP1 JUMPDEST DUP2 SLOAD DUP2 MSTORE SWAP1 PUSH1 0x1 ADD SWAP1 PUSH1 0x20 ADD DUP1 DUP4 GT PUSH2 0x93F JUMPI DUP3 SWAP1 SUB PUSH1 0x1F AND DUP3 ADD SWAP2 JUMPDEST POP POP POP POP POP DUP2 JUMP JUMPDEST PUSH1 0x0 DUP2 PUSH1 0x0 DUP1 CALLER PUSH20 0xFFFFFFFFFFFFFFFFFFFFFFFFFFFFFFFFFFFFFFFF AND PUSH20 0xFFFFFFFFFFFFFFFFFFFFFFFFFFFFFFFFFFFFFFFF AND DUP2 MSTORE PUSH1 0x20 ADD SWAP1 DUP2 MSTORE PUSH1 0x20 ADD PUSH1 0x0 KECCAK256 SLOAD LT ISZERO ISZERO ISZERO PUSH2 0x9B3 JUMPI PUSH1 0x0 DUP1 REVERT JUMPDEST DUP2 PUSH1 0x0 DUP1 CALLER PUSH20 0xFFFFFFFFFFFFFFFFFFFFFFFFFFFFFFFFFFFFFFFF AND PUSH20 0xFFFFFFFFFFFFFFFFFFFFFFFFFFFFFFFFFFFFFFFF AND DUP2 MSTORE PUSH1 0x20 ADD SWAP1 DUP2 MSTORE PUSH1 0x20 ADD PUSH1 0x0 KECCAK256 PUSH1 0x0 DUP3 DUP3 SLOAD SUB SWAP3 POP POP DUP2 SWAP1 SSTORE POP DUP2 PUSH1 0x0 DUP1 DUP6 PUSH20 0xFFFFFFFFFFFFFFFFFFFFFFFFFFFFFFFFFFFFFFFF AND PUSH20 0xFFFFFFFFFFFFFFFFFFFFFFFFFFFFFFFFFFFFFFFF AND DUP2 MSTORE PUSH1 0x20 ADD SWAP1 DUP2 MSTORE PUSH1 0x20 ADD PUSH1 0x0 KECCAK256 PUSH1 0x0 DUP3 DUP3 SLOAD ADD SWAP3 POP POP DUP2 SWAP1 SSTORE POP DUP3 PUSH20 0xFFFFFFFFFFFFFFFFFFFFFFFFFFFFFFFFFFFFFFFF AND CALLER PUSH20 0xFFFFFFFFFFFFFFFFFFFFFFFFFFFFFFFFFFFFFFFF AND PUSH32 0xDDF252AD1BE2C89B69C2B068FC378DAA952BA7F163C4A11628F55A4DF523B3EF DUP5 PUSH1 0x40 MLOAD DUP1 DUP3 DUP2 MSTORE PUSH1 0x20 ADD SWAP2 POP POP PUSH1 0x40 MLOAD DUP1 SWAP2 SUB SWAP1 LOG3 PUSH1 0x1 SWAP1 POP SWAP3 SWAP2 POP POP JUMP JUMPDEST PUSH1 0x4 SLOAD PUSH1 0x0 DUP1 CALLER PUSH20 0xFFFFFFFFFFFFFFFFFFFFFFFFFFFFFFFFFFFFFFFF AND PUSH20 0xFFFFFFFFFFFFFFFFFFFFFFFFFFFFFFFFFFFFFFFF AND DUP2 MSTORE PUSH1 0x20 ADD SWAP1 DUP2 MSTORE PUSH1 0x20 ADD PUSH1 0x0 KECCAK256 DUP2 SWAP1 SSTORE POP CALLER PUSH20 0xFFFFFFFFFFFFFFFFFFFFFFFFFFFFFFFFFFFFFFFF AND PUSH1 0x0 PUSH20 0xFFFFFFFFFFFFFFFFFFFFFFFFFFFFFFFFFFFFFFFF AND PUSH32 0xDDF252AD1BE2C89B69C2B068FC378DAA952BA7F163C4A11628F55A4DF523B3EF PUSH1 0x4 SLOAD PUSH1 0x40 MLOAD DUP1 DUP3 DUP2 MSTORE PUSH1 0x20 ADD SWAP2 POP POP PUSH1 0x40 MLOAD DUP1 SWAP2 SUB SWAP1 LOG3 JUMP JUMPDEST PUSH1 0x5 PUSH1 0x20 MSTORE DUP2 PUSH1 0x0 MSTORE PUSH1 0x40 PUSH1 0x0 KECCAK256 PUSH1 0x20 MSTORE DUP1 PUSH1 0x0 MSTORE PUSH1 0x40 PUSH1 0x0 KECCAK256 PUSH1 0x0 SWAP2 POP SWAP2 POP POP SLOAD DUP2 JUMP INVALID LOG1 PUSH6 0x627A7A723058 KECCAK256 0xe3 0x28 0xd1 0xce 0xc SWAP6 INVALID 0xb4 0x2b 0x1e BLOCKHASH 0xce SWAP9 0x2e 0xaf BALANCE 0xc0 REVERT 0xde ISZERO LT EQ ORIGIN BYTE GASPRICE 0xe4 CALLDATALOAD 0xcd MSTORE DUP8 0xf6 PUSH17 0x29000000000000000000000000000000
0,PUSH1 0x80 PUSH1 0x40 MSTORE PUSH1 0x40 DUP1 MLOAD SWAP1 DUP2 ADD PUSH1 0x40 MSTORE DUP1 PUSH1 0x18 DUP2 MSTORE PUSH1 0x20 ADD PUSH32 0x94343445F4B4F484C455F31395F323031393034313109090000000000000000 DUP2 MSTORE POP PUSH1 0x1 SWAP1 DUP1 MLOAD SWAP1 PUSH1 0x20 ADD SWAP1 PUSH2 0x4F SWAP3 SWAP2 SWAP1 PUSH2 0xD9 JUMP JUMPDEST POP PUSH1 0x40 DUP1 MLOAD SWAP1 DUP2 ADD PUSH1 0x40 MSTORE DUP1 PUSH1 0x1E DUP2 MSTORE PUSH1 0x20 ADD PUSH32 0x94343445F4B4F484C455F31395F32303139303431315F737562445409090000 DUP2 MSTORE POP PUSH1 0x2 SWAP1 DUP1 MLOAD SWAP1 PUSH1 0x20 ADD SWAP1 PUSH2 0x9B SWAP3 SWAP2 SWAP1 PUSH2 0xD9 JUMP JUMPDEST POP PUSH1 0x12 PUSH1 0x3 PUSH1 0x0 PUSH2 0x100 EXP DUP2 SLOAD DUP2 PUSH1 0xFF MUL NOT AND SWAP1 DUP4 PUSH1 0xFF AND MUL OR SWAP1 SSTORE POP PUSH11 0x1060D026983FFAA7000000 PUSH1 0x4 SSTORE CALLVALUE DUP1 ISZERO PUSH2 0xD3 JUMPI PUSH1 0x0 DUP1 REVERT JUMPDEST POP PUSH2 0x17E JUMP JUMPDEST DUP3 DUP1 SLOAD PUSH1 0x1 DUP2 PUSH1 0x1 AND ISZERO PUSH2 0x100 MUL SUB AND PUSH1 0x2 SWAP1 DIV SWAP1 PUSH1 0x0 MSTORE PUSH1 0x20 PUSH1 0x0 KECCAK256 SWAP1 PUSH1 0x1F ADD PUSH1 0x20 SWAP1 DIV DUP2 ADD SWAP3 DUP3 PUSH1 0x1F LT PUSH2 0x11A JUMPI DUP1 MLOAD PUSH1 0xFF NOT AND DUP4 DUP1 ADD OR DUP6 SSTORE PUSH2 0x148 JUMP JUMPDEST DUP3 DUP1 ADD PUSH1 0x1 ADD DUP6 SSTORE DUP3 ISZERO PUSH2 0x148 JUMPI SWAP2 DUP3 ADD JUMPDEST DUP3 DUP2 GT ISZERO PUSH2 0x147 JUMPI DUP3 MLOAD DUP3 SSTORE SWAP2 PUSH1 0x20 ADD SWAP2 SWAP1 PUSH1 0x1 ADD SWAP1 PUSH2 0x12C JUMP JUMPDEST JUMPDEST POP SWAP1 POP PUSH2 0x155 SWAP2 SWAP1 PUSH2 0x159 JUMP JUMPDEST POP SWAP1 JUMP JUMPDEST PUSH2 0x17B SWAP2 SWAP1 JUMPDEST DUP1 DUP3 GT ISZERO PUSH2 0x177 JUMPI PUSH1 0x0 DUP2 PUSH1 0x0 SWAP1 SSTORE POP PUSH1 0x1 ADD PUSH2 0x15F JUMP JUMPDEST POP SWAP1 JUMP JUMPDEST SWAP1 JUMP JUMPDEST PUSH2 0xBBA DUP1 PUSH2 0x18D PUSH1 0x0 CODECOPY PUSH1 0x0 RETURN INVALID PUSH1 0x80 PUSH1 0x40 MSTORE PUSH1 0x4 CALLDATASIZE LT PUSH2 0x9E JUMPI PUSH1 0x0 CALLDATALOAD PUSH29 0x100000000000000000000000000000000000000000000000000000000 SWAP1 DIV DUP1 PUSH4 0x6FDDE03 EQ PUSH2 0xA3 JUMPI DUP1 PUSH4 0x95EA7B3 EQ PUSH2 0x133 JUMPI DUP1 PUSH4 0x18160DDD EQ PUSH2 0x1A6 JUMPI DUP1 PUSH4 0x23B872DD EQ PUSH2 0x1D1 JUMPI DUP1 PUSH4 0x313CE567 EQ PUSH2 0x264 JUMPI DUP1 PUSH4 0x70A08231 EQ PUSH2 0x295 JUMPI DUP1 PUSH4 0x95D89B41 EQ PUSH2 0x2FA JUMPI DUP1 PUSH4 0xA9059CBB EQ PUSH2 0x38A JUMPI DUP1 PUSH4 0xB5C8F317 EQ PUSH2 0x3FD JUMPI DUP1 PUSH4 0xDD62ED3E EQ PUSH2 0x414 JUMPI JUMPDEST PUSH1 0x0 DUP1 REVERT JUMPDEST CALLVALUE DUP1 ISZERO PUSH2 0xAF JUMPI PUSH1 0x0 DUP1 REVERT JUMPDEST POP PUSH2 0xB8 PUSH2 0x499 JUMP JUMPDEST PUSH1 0x40 MLOAD DUP1 DUP1 PUSH1 0x20 ADD DUP3 DUP2 SUB DUP3 MSTORE DUP4 DUP2 DUP2 MLOAD DUP2 MSTORE PUSH1 0x20 ADD SWAP2 POP DUP1 MLOAD SWAP1 PUSH1 0x20 ADD SWAP1 DUP1 DUP4 DUP4 PUSH1 0x0 JUMPDEST DUP4 DUP2 LT ISZERO PUSH2 0xF8 JUMPI DUP1 DUP3 ADD MLOAD DUP2 DUP5 ADD MSTORE PUSH1 0x20 DUP2 ADD SWAP1 POP PUSH2 0xDD JUMP JUMPDEST POP POP POP POP SWAP1 POP SWAP1 DUP2 ADD SWAP1 PUSH1 0x1F AND DUP1 ISZERO PUSH2 0x125 JUMPI DUP1 DUP3 SUB DUP1 MLOAD PUSH1 0x1 DUP4 PUSH1 0x20 SUB PUSH2 0x100 EXP SUB NOT AND DUP2 MSTORE PUSH1 0x20 ADD SWAP2 POP JUMPDEST POP SWAP3 POP POP POP PUSH1 0x40 MLOAD DUP1 SWAP2 SUB SWAP1 RETURN JUMPDEST CALLVALUE DUP1 ISZERO PUSH2 0x13F JUMPI PUSH1 0x0 DUP1 REVERT JUMPDEST POP PUSH2 0x18C PUSH1 0x4 DUP1 CALLDATASIZE SUB PUSH1 0x40 DUP2 LT ISZERO PUSH2 0x156 JUMPI PUSH1 0x0 DUP1 REVERT JUMPDEST DUP2 ADD SWAP1 DUP1 DUP1 CALLDATALOAD PUSH20 0xFFFFFFFFFFFFFFFFFFFFFFFFFFFFFFFFFFFFFFFF AND SWAP1 PUSH1 0x20 ADD SWAP1 SWAP3 SWAP2 SWAP1 DUP1 CALLDATALOAD SWAP1 PUSH1 0x20 ADD SWAP1 SWAP3 SWAP2 SWAP1 POP POP POP PUSH2 0x537 JUMP JUMPDEST PUSH1 0x40 MLOAD DUP1 DUP3 ISZERO ISZERO ISZERO ISZERO DUP2 MSTORE PUSH1 0x20 ADD SWAP2 POP POP PUSH1 0x40 MLOAD DUP1 SWAP2 SUB SWAP1 RETURN JUMPDEST CALLVALUE DUP1 ISZERO PUSH2 0x1B2 JUMPI PUSH1 0x0 DUP1 REVERT JUMPDEST POP PUSH2 0x1BB PUSH2 0x629 JUMP JUMPDEST PUSH1 0x40 MLOAD DUP1 DUP3 DUP2 MSTORE PUSH1 0x20 ADD SWAP2 POP POP PUSH1 0x40 MLOAD DUP1 SWAP2 SUB SWAP1 RETURN JUMPDEST CALLVALUE DUP1 ISZERO PUSH2 0x1DD JUMPI PUSH1 0x0 DUP1 REVERT JUMPDEST POP PUSH2 0x24A PUSH1 0x4 DUP1 CALLDATASIZE SUB PUSH1 0x60 DUP2 LT ISZERO PUSH2 0x1F4 JUMPI PUSH1 0x0 DUP1 REVERT JUMPDEST DUP2 ADD SWAP1 DUP1 DUP1 CALLDATALOAD PUSH20 0xFFFFFFFFFFFFFFFFFFFFFFFFFFFFFFFFFFFFFFFF AND SWAP1 PUSH1 0x20 ADD SWAP1 SWAP3 SWAP2 SWAP1 DUP1 CALLDATALOAD PUSH20 0xFFFFFFFFFFFFFFFFFFFFFFFFFFFFFFFFFFFFFFFF AND SWAP1 PUSH1 0x20 ADD SWAP1 SWAP3 SWAP2 SWAP1 DUP1 CALLDATALOAD SWAP1 PUSH1 0x20 ADD SWAP1 SWAP3 SWAP2 SWAP1 POP POP POP PUSH2 0x62F JUMP JUMPDEST PUSH1 0x40 MLOAD DUP1 DUP3 ISZERO ISZERO ISZERO ISZERO DUP2 MSTORE PUSH1 0x20 ADD SWAP2 POP POP PUSH1 0x40 MLOAD DUP1 SWAP2 SUB SWAP1 RETURN JUMPDEST CALLVALUE DUP1 ISZERO PUSH2 0x270 JUMPI PUSH1 0x0 DUP1 REVERT JUMPDEST POP PUSH2 0x279 PUSH2 0x89B JUMP JUMPDEST PUSH1 0x40 MLOAD DUP1 DUP3 PUSH1 0xFF AND PUSH1 0xFF AND DUP2 MSTORE PUSH1 0x20 ADD SWAP2 POP POP PUSH1 0x40 MLOAD DUP1 SWAP2 SUB SWAP1 RETURN JUMPDEST CALLVALUE DUP1 ISZERO PUSH2 0x2A1 JUMPI PUSH1 0x0 DUP1 REVERT JUMPDEST POP PUSH2 0x2E4 PUSH1 0x4 DUP1 CALLDATASIZE SUB PUSH1 0x20 DUP2 LT ISZERO PUSH2 0x2B8 JUMPI PUSH1 0x0 DUP1 REVERT JUMPDEST DUP2 ADD SWAP1 DUP1 DUP1 CALLDATALOAD PUSH20 0xFFFFFFFFFFFFFFFFFFFFFFFFFFFFFFFFFFFFFFFF AND SWAP1 PUSH1 0x20 ADD SWAP1 SWAP3 SWAP2 SWAP1 POP POP POP PUSH2 0x8AE JUMP JUMPDEST PUSH1 0x40 MLOAD DUP1 DUP3 DUP2 MSTORE PUSH1 0x20 ADD SWAP2 POP POP PUSH1 0x40 MLOAD DUP1 SWAP2 SUB SWAP1 RETURN JUMPDEST CALLVALUE DUP1 ISZERO PUSH2 0x306 JUMPI PUSH1 0x0 DUP1 REVERT JUMPDEST POP PUSH2 0x30F PUSH2 0x8C6 JUMP JUMPDEST PUSH1 0x40 MLOAD DUP1 DUP1 PUSH1 0x20 ADD DUP3 DUP2 SUB DUP3 MSTORE DUP4 DUP2 DUP2 MLOAD DUP2 MSTORE PUSH1 0x20 ADD SWAP2 POP DUP1 MLOAD SWAP1 PUSH1 0x20 ADD SWAP1 DUP1 DUP4 DUP4 PUSH1 0x0 JUMPDEST DUP4 DUP2 LT ISZERO PUSH2 0x34F JUMPI DUP1 DUP3 ADD MLOAD DUP2 DUP5 ADD MSTORE PUSH1 0x20 DUP2 ADD SWAP1 POP PUSH2 0x334 JUMP JUMPDEST POP POP POP POP SWAP1 POP SWAP1 DUP2 ADD SWAP1 PUSH1 0x1F AND DUP1 ISZERO PUSH2 0x37C JUMPI DUP1 DUP3 SUB DUP1 MLOAD PUSH1 0x1 DUP4 PUSH1 0x20 SUB PUSH2 0x100 EXP SUB NOT AND DUP2 MSTORE PUSH1 0x20 ADD SWAP2 POP JUMPDEST POP SWAP3 POP POP POP PUSH1 0x40 MLOAD DUP1 SWAP2 SUB SWAP1 RETURN JUMPDEST CALLVALUE DUP1 ISZERO PUSH2 0x396 JUMPI PUSH1 0x0 DUP1 REVERT JUMPDEST POP PUSH2 0x3E3 PUSH1 0x4 DUP1 CALLDATASIZE SUB PUSH1 0x40 DUP2 LT ISZERO PUSH2 0x3AD JUMPI PUSH1 0x0 DUP1 REVERT JUMPDEST DUP2 ADD SWAP1 DUP1 DUP1 CALLDATALOAD PUSH20 0xFFFFFFFFFFFFFFFFFFFFFFFFFFFFFFFFFFFFFFFF AND SWAP1 PUSH1 0x20 ADD SWAP1 SWAP3 SWAP2 SWAP1 DUP1 CALLDATALOAD SWAP1 PUSH1 0x20 ADD SWAP1 SWAP3 SWAP2 SWAP1 POP POP POP PUSH2 0x964 JUMP JUMPDEST PUSH1 0x40 MLOAD DUP1 DUP3 ISZERO ISZERO ISZERO ISZERO DUP2 MSTORE PUSH1 0x20 ADD SWAP2 POP POP PUSH1 0x40 MLOAD DUP1 SWAP2 SUB SWAP1 RETURN JUMPDEST CALLVALUE DUP1 ISZERO PUSH2 0x409 JUMPI PUSH1 0x0 DUP1 REVERT JUMPDEST POP PUSH2 0x412 PUSH2 0xABA JUMP JUMPDEST STOP JUMPDEST CALLVALUE DUP1 ISZERO PUSH2 0x420 JUMPI PUSH1 0x0 DUP1 REVERT JUMPDEST POP PUSH2 0x483 PUSH1 0x4 DUP1 CALLDATASIZE SUB PUSH1 0x40 DUP2 LT ISZERO PUSH2 0x437 JUMPI PUSH1 0x0 DUP1 REVERT JUMPDEST DUP2 ADD SWAP1 DUP1 DUP1 CALLDATALOAD PUSH20 0xFFFFFFFFFFFFFFFFFFFFFFFFFFFFFFFFFFFFFFFF AND SWAP1 PUSH1 0x20 ADD SWAP1 SWAP3 SWAP2 SWAP1 DUP1 CALLDATALOAD PUSH20 0xFFFFFFFFFFFFFFFFFFFFFFFFFFFFFFFFFFFFFFFF AND SWAP1 PUSH1 0x20 ADD SWAP1 SWAP3 SWAP2 SWAP1 POP POP POP PUSH2 0xB69 JUMP JUMPDEST PUSH1 0x40 MLOAD DUP1 DUP3 DUP2 MSTORE PUSH1 0x20 ADD SWAP2 POP POP PUSH1 0x40 MLOAD DUP1 SWAP2 SUB SWAP1 RETURN JUMPDEST PUSH1 0x1 DUP1 SLOAD PUSH1 0x1 DUP2 PUSH1 0x1 AND ISZERO PUSH2 0x100 MUL SUB AND PUSH1 0x2 SWAP1 DIV DUP1 PUSH1 0x1F ADD PUSH1 0x20 DUP1 SWAP2 DIV MUL PUSH1 0x20 ADD PUSH1 0x40 MLOAD SWAP1 DUP2 ADD PUSH1 0x40 MSTORE DUP1 SWAP3 SWAP2 SWAP1 DUP2 DUP2 MSTORE PUSH1 0x20 ADD DUP3 DUP1 SLOAD PUSH1 0x1 DUP2 PUSH1 0x1 AND ISZERO PUSH2 0x100 MUL SUB AND PUSH1 0x2 SWAP1 DIV DUP1 ISZERO PUSH2 0x52F JUMPI DUP1 PUSH1 0x1F LT PUSH2 0x504 JUMPI PUSH2 0x100 DUP1 DUP4 SLOAD DIV MUL DUP4 MSTORE SWAP2 PUSH1 0x20 ADD SWAP2 PUSH2 0x52F JUMP JUMPDEST DUP3 ADD SWAP2 SWAP1 PUSH1 0x0 MSTORE PUSH1 0x20 PUSH1 0x0 KECCAK256 SWAP1 JUMPDEST DUP2 SLOAD DUP2 MSTORE SWAP1 PUSH1 0x1 ADD SWAP1 PUSH1 0x20 ADD DUP1 DUP4 GT PUSH2 0x512 JUMPI DUP3 SWAP1 SUB PUSH1 0x1F AND DUP3 ADD SWAP2 JUMPDEST POP POP POP POP POP DUP2 JUMP JUMPDEST PUSH1 0x0 DUP2 PUSH1 0x5 PUSH1 0x0 CALLER PUSH20 0xFFFFFFFFFFFFFFFFFFFFFFFFFFFFFFFFFFFFFFFF AND PUSH20 0xFFFFFFFFFFFFFFFFFFFFFFFFFFFFFFFFFFFFFFFF AND DUP2 MSTORE PUSH1 0x20 ADD SWAP1 DUP2 MSTORE PUSH1 0x20 ADD PUSH1 0x0 KECCAK256 PUSH1 0x0 DUP6 PUSH20 0xFFFFFFFFFFFFFFFFFFFFFFFFFFFFFFFFFFFFFFFF AND PUSH20 0xFFFFFFFFFFFFFFFFFFFFFFFFFFFFFFFFFFFFFFFF AND DUP2 MSTORE PUSH1 0x20 ADD SWAP1 DUP2 MSTORE PUSH1 0x20 ADD PUSH1 0x0 KECCAK256 DUP2 SWAP1 SSTORE POP DUP3 PUSH20 0xFFFFFFFFFFFFFFFFFFFFFFFFFFFFFFFFFFFFFFFF AND CALLER PUSH20 0xFFFFFFFFFFFFFFFFFFFFFFFFFFFFFFFFFFFFFFFF AND PUSH32 0x8C5BE1E5EBEC7D5BD14F71427D1E84F3DD0314C0F7B2291E5B200AC8C7C3B925 DUP5 PUSH1 0x40 MLOAD DUP1 DUP3 DUP2 MSTORE PUSH1 0x20 ADD SWAP2 POP POP PUSH1 0x40 MLOAD DUP1 SWAP2 SUB SWAP1 LOG3 PUSH1 0x1 SWAP1 POP SWAP3 SWAP2 POP POP JUMP JUMPDEST PUSH1 0x4 SLOAD DUP2 JUMP JUMPDEST PUSH1 0x0 DUP1 PUSH1 0x0 DUP6 PUSH20 0xFFFFFFFFFFFFFFFFFFFFFFFFFFFFFFFFFFFFFFFF AND PUSH20 0xFFFFFFFFFFFFFFFFFFFFFFFFFFFFFFFFFFFFFFFF AND DUP2 MSTORE PUSH1 0x20 ADD SWAP1 DUP2 MSTORE PUSH1 0x20 ADD PUSH1 0x0 KECCAK256 SLOAD DUP3 GT ISZERO ISZERO ISZERO PUSH2 0x67E JUMPI PUSH1 0x0 DUP1 REVERT JUMPDEST PUSH1 0x5 PUSH1 0x0 DUP6 PUSH20 0xFFFFFFFFFFFFFFFFFFFFFFFFFFFFFFFFFFFFFFFF AND PUSH20 0xFFFFFFFFFFFFFFFFFFFFFFFFFFFFFFFFFFFFFFFF AND DUP2 MSTORE PUSH1 0x20 ADD SWAP1 DUP2 MSTORE PUSH1 0x20 ADD PUSH1 0x0 KECCAK256 PUSH1 0x0 CALLER PUSH20 0xFFFFFFFFFFFFFFFFFFFFFFFFFFFFFFFFFFFFFFFF AND PUSH20 0xFFFFFFFFFFFFFFFFFFFFFFFFFFFFFFFFFFFFFFFF AND DUP2 MSTORE PUSH1 0x20 ADD SWAP1 DUP2 MSTORE PUSH1 0x20 ADD PUSH1 0x0 KECCAK256 SLOAD DUP3 GT ISZERO ISZERO ISZERO PUSH2 0x709 JUMPI PUSH1 0x0 DUP1 REVERT JUMPDEST DUP2 PUSH1 0x0 DUP1 DUP7 PUSH20 0xFFFFFFFFFFFFFFFFFFFFFFFFFFFFFFFFFFFFFFFF AND PUSH20 0xFFFFFFFFFFFFFFFFFFFFFFFFFFFFFFFFFFFFFFFF AND DUP2 MSTORE PUSH1 0x20 ADD SWAP1 DUP2 MSTORE PUSH1 0x20 ADD PUSH1 0x0 KECCAK256 PUSH1 0x0 DUP3 DUP3 SLOAD SUB SWAP3 POP POP DUP2 SWAP1 SSTORE POP DUP2 PUSH1 0x0 DUP1 DUP6 PUSH20 0xFFFFFFFFFFFFFFFFFFFFFFFFFFFFFFFFFFFFFFFF AND PUSH20 0xFFFFFFFFFFFFFFFFFFFFFFFFFFFFFFFFFFFFFFFF AND DUP2 MSTORE PUSH1 0x20 ADD SWAP1 DUP2 MSTORE PUSH1 0x20 ADD PUSH1 0x0 KECCAK256 PUSH1 0x0 DUP3 DUP3 SLOAD ADD SWAP3 POP POP DUP2 SWAP1 SSTORE POP DUP2 PUSH1 0x5 PUSH1 0x0 DUP7 PUSH20 0xFFFFFFFFFFFFFFFFFFFFFFFFFFFFFFFFFFFFFFFF AND PUSH20 0xFFFFFFFFFFFFFFFFFFFFFFFFFFFFFFFFFFFFFFFF AND DUP2 MSTORE PUSH1 0x20 ADD SWAP1 DUP2 MSTORE PUSH1 0x20 ADD PUSH1 0x0 KECCAK256 PUSH1 0x0 CALLER PUSH20 0xFFFFFFFFFFFFFFFFFFFFFFFFFFFFFFFFFFFFFFFF AND PUSH20 0xFFFFFFFFFFFFFFFFFFFFFFFFFFFFFFFFFFFFFFFF AND DUP2 MSTORE PUSH1 0x20 ADD SWAP1 DUP2 MSTORE PUSH1 0x20 ADD PUSH1 0x0 KECCAK256 PUSH1 0x0 DUP3 DUP3 SLOAD SUB SWAP3 POP POP DUP2 SWAP1 SSTORE POP DUP3 PUSH20 0xFFFFFFFFFFFFFFFFFFFFFFFFFFFFFFFFFFFFFFFF AND DUP5 PUSH20 0xFFFFFFFFFFFFFFFFFFFFFFFFFFFFFFFFFFFFFFFF AND PUSH32 0xDDF252AD1BE2C89B69C2B068FC378DAA952BA7F163C4A11628F55A4DF523B3EF DUP5 PUSH1 0x40 MLOAD DUP1 DUP3 DUP2 MSTORE PUSH1 0x20 ADD SWAP2 POP POP PUSH1 0x40 MLOAD DUP1 SWAP2 SUB SWAP1 LOG3 PUSH1 0x1 SWAP1 POP SWAP4 SWAP3 POP POP POP JUMP JUMPDEST PUSH1 0x3 PUSH1 0x0 SWAP1 SLOAD SWAP1 PUSH2 0x100 EXP SWAP1 DIV PUSH1 0xFF AND DUP2 JUMP JUMPDEST PUSH1 0x0 PUSH1 0x20 MSTORE DUP1 PUSH1 0x0 MSTORE PUSH1 0x40 PUSH1 0x0 KECCAK256 PUSH1 0x0 SWAP2 POP SWAP1 POP SLOAD DUP2 JUMP JUMPDEST PUSH1 0x2 DUP1 SLOAD PUSH1 0x1 DUP2 PUSH1 0x1 AND ISZERO PUSH2 0x100 MUL SUB AND PUSH1 0x2 SWAP1 DIV DUP1 PUSH1 0x1F ADD PUSH1 0x20 DUP1 SWAP2 DIV MUL PUSH1 0x20 ADD PUSH1 0x40 MLOAD SWAP1 DUP2 ADD PUSH1 0x40 MSTORE DUP1 SWAP3 SWAP2 SWAP1 DUP2 DUP2 MSTORE PUSH1 0x20 ADD DUP3 DUP1 SLOAD PUSH1 0x1 DUP2 PUSH1 0x1 AND ISZERO PUSH2 0x100 MUL SUB AND PUSH1 0x2 SWAP1 DIV DUP1 ISZERO PUSH2 0x95C JUMPI DUP1 PUSH1 0x1F LT PUSH2 0x931 JUMPI PUSH2 0x100 DUP1 DUP4 SLOAD DIV MUL DUP4 MSTORE SWAP2 PUSH1 0x20 ADD SWAP2 PUSH2 0x95C JUMP JUMPDEST DUP3 ADD SWAP2 SWAP1 PUSH1 0x0 MSTORE PUSH1 0x20 PUSH1 0x0 KECCAK256 SWAP1 JUMPDEST DUP2 SLOAD DUP2 MSTORE SWAP1 PUSH1 0x1 ADD SWAP1 PUSH1 0x20 ADD DUP1 DUP4 GT PUSH2 0x93F JUMPI DUP3 SWAP1 SUB PUSH1 0x1F AND DUP3 ADD SWAP2 JUMPDEST POP POP POP POP POP DUP2 JUMP JUMPDEST PUSH1 0x0 DUP2 PUSH1 0x0 DUP1 CALLER PUSH20 0xFFFFFFFFFFFFFFFFFFFFFFFFFFFFFFFFFFFFFFFF AND PUSH20 0xFFFFFFFFFFFFFFFFFFFFFFFFFFFFFFFFFFFFFFFF AND DUP2 MSTORE PUSH1 0x20 ADD SWAP1 DUP2 MSTORE PUSH1 0x20 ADD PUSH1 0x0 KECCAK256 SLOAD LT ISZERO ISZERO ISZERO PUSH2 0x9B3 JUMPI PUSH1 0x0 DUP1 REVERT JUMPDEST DUP2 PUSH1 0x0 DUP1 CALLER PUSH20 0xFFFFFFFFFFFFFFFFFFFFFFFFFFFFFFFFFFFFFFFF AND PUSH20 0xFFFFFFFFFFFFFFFFFFFFFFFFFFFFFFFFFFFFFFFF AND DUP2 MSTORE PUSH1 0x20 ADD SWAP1 DUP2 MSTORE PUSH1 0x20 ADD PUSH1 0x0 KECCAK256 PUSH1 0x0 DUP3 DUP3 SLOAD SUB SWAP3 POP POP DUP2 SWAP1 SSTORE POP DUP2 PUSH1 0x0 DUP1 DUP6 PUSH20 0xFFFFFFFFFFFFFFFFFFFFFFFFFFFFFFFFFFFFFFFF AND PUSH20 0xFFFFFFFFFFFFFFFFFFFFFFFFFFFFFFFFFFFFFFFF AND DUP2 MSTORE PUSH1 0x20 ADD SWAP1 DUP2 MSTORE PUSH1 0x20 ADD PUSH1 0x0 KECCAK256 PUSH1 0x0 DUP3 DUP3 SLOAD ADD SWAP3 POP POP DUP2 SWAP1 SSTORE POP DUP3 PUSH20 0xFFFFFFFFFFFFFFFFFFFFFFFFFFFFFFFFFFFFFFFF AND CALLER PUSH20 0xFFFFFFFFFFFFFFFFFFFFFFFFFFFFFFFFFFFFFFFF AND PUSH32 0xDDF252AD1BE2C89B69C2B068FC378DAA952BA7F163C4A11628F55A4DF523B3EF DUP5 PUSH1 0x40 MLOAD DUP1 DUP3 DUP2 MSTORE PUSH1 0x20 ADD SWAP2 POP POP PUSH1 0x40 MLOAD DUP1 SWAP2 SUB SWAP1 LOG3 PUSH1 0x1 SWAP1 POP SWAP3 SWAP2 POP POP JUMP JUMPDEST PUSH1 0x4 SLOAD PUSH1 0x0 DUP1 CALLER PUSH20 0xFFFFFFFFFFFFFFFFFFFFFFFFFFFFFFFFFFFFFFFF AND PUSH20 0xFFFFFFFFFFFFFFFFFFFFFFFFFFFFFFFFFFFFFFFF AND DUP2 MSTORE PUSH1 0x20 ADD SWAP1 DUP2 MSTORE PUSH1 0x20 ADD PUSH1 0x0 KECCAK256 DUP2 SWAP1 SSTORE POP CALLER PUSH20 0xFFFFFFFFFFFFFFFFFFFFFFFFFFFFFFFFFFFFFFFF AND PUSH1 0x0 PUSH20 0xFFFFFFFFFFFFFFFFFFFFFFFFFFFFFFFFFFFFFFFF AND PUSH32 0xDDF252AD1BE2C89B69C2B068FC378DAA952BA7F163C4A11628F55A4DF523B3EF PUSH1 0x4 SLOAD PUSH1 0x40 MLOAD DUP1 DUP3 DUP2 MSTORE PUSH1 0x20 ADD SWAP2 POP POP PUSH1 0x40 MLOAD DUP1 SWAP2 SUB SWAP1 LOG3 JUMP JUMPDEST PUSH1 0x5 PUSH1 0x20 MSTORE DUP2 PUSH1 0x0 MSTORE PUSH1 0x40 PUSH1 0x0 KECCAK256 PUSH1 0x20 MSTORE DUP1 PUSH1 0x0 MSTORE PUSH1 0x40 PUSH1 0x0 KECCAK256 PUSH1 0x0 SWAP2 POP SWAP2 POP POP SLOAD DUP2 JUMP INVALID LOG1 PUSH6 0x627A7A723058 KECCAK256 EXTCODESIZE 0xe4 0x22 0x23 0xea SLT EXTCODESIZE DUP15 0xe4 0xbd PUSH20 0xB4D220F412E4CA23B08BCBCE32B72CBBD7E7BAB1 0x26 STOP 0x29
0,PUSH1 0x80 PUSH1 0x40 MSTORE PUSH1 0x40 DUP1 MLOAD SWAP1 DUP2 ADD PUSH1 0x40 MSTORE DUP1 PUSH1 0x18 DUP2 MSTORE PUSH1 0x20 ADD PUSH32 0x94343445F4B4F484C455F31385F323031393034313109090000000000000000 DUP2 MSTORE POP PUSH1 0x1 SWAP1 DUP1 MLOAD SWAP1 PUSH1 0x20 ADD SWAP1 PUSH2 0x4F SWAP3 SWAP2 SWAP1 PUSH2 0xD9 JUMP JUMPDEST POP PUSH1 0x40 DUP1 MLOAD SWAP1 DUP2 ADD PUSH1 0x40 MSTORE DUP1 PUSH1 0x1E DUP2 MSTORE PUSH1 0x20 ADD PUSH32 0x94343445F4B4F484C455F31385F32303139303431315F737562445409090000 DUP2 MSTORE POP PUSH1 0x2 SWAP1 DUP1 MLOAD SWAP1 PUSH1 0x20 ADD SWAP1 PUSH2 0x9B SWAP3 SWAP2 SWAP1 PUSH2 0xD9 JUMP JUMPDEST POP PUSH1 0x12 PUSH1 0x3 PUSH1 0x0 PUSH2 0x100 EXP DUP2 SLOAD DUP2 PUSH1 0xFF MUL NOT AND SWAP1 DUP4 PUSH1 0xFF AND MUL OR SWAP1 SSTORE POP PUSH11 0x1060D026983FFAA7000000 PUSH1 0x4 SSTORE CALLVALUE DUP1 ISZERO PUSH2 0xD3 JUMPI PUSH1 0x0 DUP1 REVERT JUMPDEST POP PUSH2 0x17E JUMP JUMPDEST DUP3 DUP1 SLOAD PUSH1 0x1 DUP2 PUSH1 0x1 AND ISZERO PUSH2 0x100 MUL SUB AND PUSH1 0x2 SWAP1 DIV SWAP1 PUSH1 0x0 MSTORE PUSH1 0x20 PUSH1 0x0 KECCAK256 SWAP1 PUSH1 0x1F ADD PUSH1 0x20 SWAP1 DIV DUP2 ADD SWAP3 DUP3 PUSH1 0x1F LT PUSH2 0x11A JUMPI DUP1 MLOAD PUSH1 0xFF NOT AND DUP4 DUP1 ADD OR DUP6 SSTORE PUSH2 0x148 JUMP JUMPDEST DUP3 DUP1 ADD PUSH1 0x1 ADD DUP6 SSTORE DUP3 ISZERO PUSH2 0x148 JUMPI SWAP2 DUP3 ADD JUMPDEST DUP3 DUP2 GT ISZERO PUSH2 0x147 JUMPI DUP3 MLOAD DUP3 SSTORE SWAP2 PUSH1 0x20 ADD SWAP2 SWAP1 PUSH1 0x1 ADD SWAP1 PUSH2 0x12C JUMP JUMPDEST JUMPDEST POP SWAP1 POP PUSH2 0x155 SWAP2 SWAP1 PUSH2 0x159 JUMP JUMPDEST POP SWAP1 JUMP JUMPDEST PUSH2 0x17B SWAP2 SWAP1 JUMPDEST DUP1 DUP3 GT ISZERO PUSH2 0x177 JUMPI PUSH1 0x0 DUP2 PUSH1 0x0 SWAP1 SSTORE POP PUSH1 0x1 ADD PUSH2 0x15F JUMP JUMPDEST POP SWAP1 JUMP JUMPDEST SWAP1 JUMP JUMPDEST PUSH2 0xBBA DUP1 PUSH2 0x18D PUSH1 0x0 CODECOPY PUSH1 0x0 RETURN INVALID PUSH1 0x80 PUSH1 0x40 MSTORE PUSH1 0x4 CALLDATASIZE LT PUSH2 0x9E JUMPI PUSH1 0x0 CALLDATALOAD PUSH29 0x100000000000000000000000000000000000000000000000000000000 SWAP1 DIV DUP1 PUSH4 0x6FDDE03 EQ PUSH2 0xA3 JUMPI DUP1 PUSH4 0x95EA7B3 EQ PUSH2 0x133 JUMPI DUP1 PUSH4 0x18160DDD EQ PUSH2 0x1A6 JUMPI DUP1 PUSH4 0x23B872DD EQ PUSH2 0x1D1 JUMPI DUP1 PUSH4 0x313CE567 EQ PUSH2 0x264 JUMPI DUP1 PUSH4 0x70A08231 EQ PUSH2 0x295 JUMPI DUP1 PUSH4 0x95D89B41 EQ PUSH2 0x2FA JUMPI DUP1 PUSH4 0xA9059CBB EQ PUSH2 0x38A JUMPI DUP1 PUSH4 0xB5C8F317 EQ PUSH2 0x3FD JUMPI DUP1 PUSH4 0xDD62ED3E EQ PUSH2 0x414 JUMPI JUMPDEST PUSH1 0x0 DUP1 REVERT JUMPDEST CALLVALUE DUP1 ISZERO PUSH2 0xAF JUMPI PUSH1 0x0 DUP1 REVERT JUMPDEST POP PUSH2 0xB8 PUSH2 0x499 JUMP JUMPDEST PUSH1 0x40 MLOAD DUP1 DUP1 PUSH1 0x20 ADD DUP3 DUP2 SUB DUP3 MSTORE DUP4 DUP2 DUP2 MLOAD DUP2 MSTORE PUSH1 0x20 ADD SWAP2 POP DUP1 MLOAD SWAP1 PUSH1 0x20 ADD SWAP1 DUP1 DUP4 DUP4 PUSH1 0x0 JUMPDEST DUP4 DUP2 LT ISZERO PUSH2 0xF8 JUMPI DUP1 DUP3 ADD MLOAD DUP2 DUP5 ADD MSTORE PUSH1 0x20 DUP2 ADD SWAP1 POP PUSH2 0xDD JUMP JUMPDEST POP POP POP POP SWAP1 POP SWAP1 DUP2 ADD SWAP1 PUSH1 0x1F AND DUP1 ISZERO PUSH2 0x125 JUMPI DUP1 DUP3 SUB DUP1 MLOAD PUSH1 0x1 DUP4 PUSH1 0x20 SUB PUSH2 0x100 EXP SUB NOT AND DUP2 MSTORE PUSH1 0x20 ADD SWAP2 POP JUMPDEST POP SWAP3 POP POP POP PUSH1 0x40 MLOAD DUP1 SWAP2 SUB SWAP1 RETURN JUMPDEST CALLVALUE DUP1 ISZERO PUSH2 0x13F JUMPI PUSH1 0x0 DUP1 REVERT JUMPDEST POP PUSH2 0x18C PUSH1 0x4 DUP1 CALLDATASIZE SUB PUSH1 0x40 DUP2 LT ISZERO PUSH2 0x156 JUMPI PUSH1 0x0 DUP1 REVERT JUMPDEST DUP2 ADD SWAP1 DUP1 DUP1 CALLDATALOAD PUSH20 0xFFFFFFFFFFFFFFFFFFFFFFFFFFFFFFFFFFFFFFFF AND SWAP1 PUSH1 0x20 ADD SWAP1 SWAP3 SWAP2 SWAP1 DUP1 CALLDATALOAD SWAP1 PUSH1 0x20 ADD SWAP1 SWAP3 SWAP2 SWAP1 POP POP POP PUSH2 0x537 JUMP JUMPDEST PUSH1 0x40 MLOAD DUP1 DUP3 ISZERO ISZERO ISZERO ISZERO DUP2 MSTORE PUSH1 0x20 ADD SWAP2 POP POP PUSH1 0x40 MLOAD DUP1 SWAP2 SUB SWAP1 RETURN JUMPDEST CALLVALUE DUP1 ISZERO PUSH2 0x1B2 JUMPI PUSH1 0x0 DUP1 REVERT JUMPDEST POP PUSH2 0x1BB PUSH2 0x629 JUMP JUMPDEST PUSH1 0x40 MLOAD DUP1 DUP3 DUP2 MSTORE PUSH1 0x20 ADD SWAP2 POP POP PUSH1 0x40 MLOAD DUP1 SWAP2 SUB SWAP1 RETURN JUMPDEST CALLVALUE DUP1 ISZERO PUSH2 0x1DD JUMPI PUSH1 0x0 DUP1 REVERT JUMPDEST POP PUSH2 0x24A PUSH1 0x4 DUP1 CALLDATASIZE SUB PUSH1 0x60 DUP2 LT ISZERO PUSH2 0x1F4 JUMPI PUSH1 0x0 DUP1 REVERT JUMPDEST DUP2 ADD SWAP1 DUP1 DUP1 CALLDATALOAD PUSH20 0xFFFFFFFFFFFFFFFFFFFFFFFFFFFFFFFFFFFFFFFF AND SWAP1 PUSH1 0x20 ADD SWAP1 SWAP3 SWAP2 SWAP1 DUP1 CALLDATALOAD PUSH20 0xFFFFFFFFFFFFFFFFFFFFFFFFFFFFFFFFFFFFFFFF AND SWAP1 PUSH1 0x20 ADD SWAP1 SWAP3 SWAP2 SWAP1 DUP1 CALLDATALOAD SWAP1 PUSH1 0x20 ADD SWAP1 SWAP3 SWAP2 SWAP1 POP POP POP PUSH2 0x62F JUMP JUMPDEST PUSH1 0x40 MLOAD DUP1 DUP3 ISZERO ISZERO ISZERO ISZERO DUP2 MSTORE PUSH1 0x20 ADD SWAP2 POP POP PUSH1 0x40 MLOAD DUP1 SWAP2 SUB SWAP1 RETURN JUMPDEST CALLVALUE DUP1 ISZERO PUSH2 0x270 JUMPI PUSH1 0x0 DUP1 REVERT JUMPDEST POP PUSH2 0x279 PUSH2 0x89B JUMP JUMPDEST PUSH1 0x40 MLOAD DUP1 DUP3 PUSH1 0xFF AND PUSH1 0xFF AND DUP2 MSTORE PUSH1 0x20 ADD SWAP2 POP POP PUSH1 0x40 MLOAD DUP1 SWAP2 SUB SWAP1 RETURN JUMPDEST CALLVALUE DUP1 ISZERO PUSH2 0x2A1 JUMPI PUSH1 0x0 DUP1 REVERT JUMPDEST POP PUSH2 0x2E4 PUSH1 0x4 DUP1 CALLDATASIZE SUB PUSH1 0x20 DUP2 LT ISZERO PUSH2 0x2B8 JUMPI PUSH1 0x0 DUP1 REVERT JUMPDEST DUP2 ADD SWAP1 DUP1 DUP1 CALLDATALOAD PUSH20 0xFFFFFFFFFFFFFFFFFFFFFFFFFFFFFFFFFFFFFFFF AND SWAP1 PUSH1 0x20 ADD SWAP1 SWAP3 SWAP2 SWAP1 POP POP POP PUSH2 0x8AE JUMP JUMPDEST PUSH1 0x40 MLOAD DUP1 DUP3 DUP2 MSTORE PUSH1 0x20 ADD SWAP2 POP POP PUSH1 0x40 MLOAD DUP1 SWAP2 SUB SWAP1 RETURN JUMPDEST CALLVALUE DUP1 ISZERO PUSH2 0x306 JUMPI PUSH1 0x0 DUP1 REVERT JUMPDEST POP PUSH2 0x30F PUSH2 0x8C6 JUMP JUMPDEST PUSH1 0x40 MLOAD DUP1 DUP1 PUSH1 0x20 ADD DUP3 DUP2 SUB DUP3 MSTORE DUP4 DUP2 DUP2 MLOAD DUP2 MSTORE PUSH1 0x20 ADD SWAP2 POP DUP1 MLOAD SWAP1 PUSH1 0x20 ADD SWAP1 DUP1 DUP4 DUP4 PUSH1 0x0 JUMPDEST DUP4 DUP2 LT ISZERO PUSH2 0x34F JUMPI DUP1 DUP3 ADD MLOAD DUP2 DUP5 ADD MSTORE PUSH1 0x20 DUP2 ADD SWAP1 POP PUSH2 0x334 JUMP JUMPDEST POP POP POP POP SWAP1 POP SWAP1 DUP2 ADD SWAP1 PUSH1 0x1F AND DUP1 ISZERO PUSH2 0x37C JUMPI DUP1 DUP3 SUB DUP1 MLOAD PUSH1 0x1 DUP4 PUSH1 0x20 SUB PUSH2 0x100 EXP SUB NOT AND DUP2 MSTORE PUSH1 0x20 ADD SWAP2 POP JUMPDEST POP SWAP3 POP POP POP PUSH1 0x40 MLOAD DUP1 SWAP2 SUB SWAP1 RETURN JUMPDEST CALLVALUE DUP1 ISZERO PUSH2 0x396 JUMPI PUSH1 0x0 DUP1 REVERT JUMPDEST POP PUSH2 0x3E3 PUSH1 0x4 DUP1 CALLDATASIZE SUB PUSH1 0x40 DUP2 LT ISZERO PUSH2 0x3AD JUMPI PUSH1 0x0 DUP1 REVERT JUMPDEST DUP2 ADD SWAP1 DUP1 DUP1 CALLDATALOAD PUSH20 0xFFFFFFFFFFFFFFFFFFFFFFFFFFFFFFFFFFFFFFFF AND SWAP1 PUSH1 0x20 ADD SWAP1 SWAP3 SWAP2 SWAP1 DUP1 CALLDATALOAD SWAP1 PUSH1 0x20 ADD SWAP1 SWAP3 SWAP2 SWAP1 POP POP POP PUSH2 0x964 JUMP JUMPDEST PUSH1 0x40 MLOAD DUP1 DUP3 ISZERO ISZERO ISZERO ISZERO DUP2 MSTORE PUSH1 0x20 ADD SWAP2 POP POP PUSH1 0x40 MLOAD DUP1 SWAP2 SUB SWAP1 RETURN JUMPDEST CALLVALUE DUP1 ISZERO PUSH2 0x409 JUMPI PUSH1 0x0 DUP1 REVERT JUMPDEST POP PUSH2 0x412 PUSH2 0xABA JUMP JUMPDEST STOP JUMPDEST CALLVALUE DUP1 ISZERO PUSH2 0x420 JUMPI PUSH1 0x0 DUP1 REVERT JUMPDEST POP PUSH2 0x483 PUSH1 0x4 DUP1 CALLDATASIZE SUB PUSH1 0x40 DUP2 LT ISZERO PUSH2 0x437 JUMPI PUSH1 0x0 DUP1 REVERT JUMPDEST DUP2 ADD SWAP1 DUP1 DUP1 CALLDATALOAD PUSH20 0xFFFFFFFFFFFFFFFFFFFFFFFFFFFFFFFFFFFFFFFF AND SWAP1 PUSH1 0x20 ADD SWAP1 SWAP3 SWAP2 SWAP1 DUP1 CALLDATALOAD PUSH20 0xFFFFFFFFFFFFFFFFFFFFFFFFFFFFFFFFFFFFFFFF AND SWAP1 PUSH1 0x20 ADD SWAP1 SWAP3 SWAP2 SWAP1 POP POP POP PUSH2 0xB69 JUMP JUMPDEST PUSH1 0x40 MLOAD DUP1 DUP3 DUP2 MSTORE PUSH1 0x20 ADD SWAP2 POP POP PUSH1 0x40 MLOAD DUP1 SWAP2 SUB SWAP1 RETURN JUMPDEST PUSH1 0x1 DUP1 SLOAD PUSH1 0x1 DUP2 PUSH1 0x1 AND ISZERO PUSH2 0x100 MUL SUB AND PUSH1 0x2 SWAP1 DIV DUP1 PUSH1 0x1F ADD PUSH1 0x20 DUP1 SWAP2 DIV MUL PUSH1 0x20 ADD PUSH1 0x40 MLOAD SWAP1 DUP2 ADD PUSH1 0x40 MSTORE DUP1 SWAP3 SWAP2 SWAP1 DUP2 DUP2 MSTORE PUSH1 0x20 ADD DUP3 DUP1 SLOAD PUSH1 0x1 DUP2 PUSH1 0x1 AND ISZERO PUSH2 0x100 MUL SUB AND PUSH1 0x2 SWAP1 DIV DUP1 ISZERO PUSH2 0x52F JUMPI DUP1 PUSH1 0x1F LT PUSH2 0x504 JUMPI PUSH2 0x100 DUP1 DUP4 SLOAD DIV MUL DUP4 MSTORE SWAP2 PUSH1 0x20 ADD SWAP2 PUSH2 0x52F JUMP JUMPDEST DUP3 ADD SWAP2 SWAP1 PUSH1 0x0 MSTORE PUSH1 0x20 PUSH1 0x0 KECCAK256 SWAP1 JUMPDEST DUP2 SLOAD DUP2 MSTORE SWAP1 PUSH1 0x1 ADD SWAP1 PUSH1 0x20 ADD DUP1 DUP4 GT PUSH2 0x512 JUMPI DUP3 SWAP1 SUB PUSH1 0x1F AND DUP3 ADD SWAP2 JUMPDEST POP POP POP POP POP DUP2 JUMP JUMPDEST PUSH1 0x0 DUP2 PUSH1 0x5 PUSH1 0x0 CALLER PUSH20 0xFFFFFFFFFFFFFFFFFFFFFFFFFFFFFFFFFFFFFFFF AND PUSH20 0xFFFFFFFFFFFFFFFFFFFFFFFFFFFFFFFFFFFFFFFF AND DUP2 MSTORE PUSH1 0x20 ADD SWAP1 DUP2 MSTORE PUSH1 0x20 ADD PUSH1 0x0 KECCAK256 PUSH1 0x0 DUP6 PUSH20 0xFFFFFFFFFFFFFFFFFFFFFFFFFFFFFFFFFFFFFFFF AND PUSH20 0xFFFFFFFFFFFFFFFFFFFFFFFFFFFFFFFFFFFFFFFF AND DUP2 MSTORE PUSH1 0x20 ADD SWAP1 DUP2 MSTORE PUSH1 0x20 ADD PUSH1 0x0 KECCAK256 DUP2 SWAP1 SSTORE POP DUP3 PUSH20 0xFFFFFFFFFFFFFFFFFFFFFFFFFFFFFFFFFFFFFFFF AND CALLER PUSH20 0xFFFFFFFFFFFFFFFFFFFFFFFFFFFFFFFFFFFFFFFF AND PUSH32 0x8C5BE1E5EBEC7D5BD14F71427D1E84F3DD0314C0F7B2291E5B200AC8C7C3B925 DUP5 PUSH1 0x40 MLOAD DUP1 DUP3 DUP2 MSTORE PUSH1 0x20 ADD SWAP2 POP POP PUSH1 0x40 MLOAD DUP1 SWAP2 SUB SWAP1 LOG3 PUSH1 0x1 SWAP1 POP SWAP3 SWAP2 POP POP JUMP JUMPDEST PUSH1 0x4 SLOAD DUP2 JUMP JUMPDEST PUSH1 0x0 DUP1 PUSH1 0x0 DUP6 PUSH20 0xFFFFFFFFFFFFFFFFFFFFFFFFFFFFFFFFFFFFFFFF AND PUSH20 0xFFFFFFFFFFFFFFFFFFFFFFFFFFFFFFFFFFFFFFFF AND DUP2 MSTORE PUSH1 0x20 ADD SWAP1 DUP2 MSTORE PUSH1 0x20 ADD PUSH1 0x0 KECCAK256 SLOAD DUP3 GT ISZERO ISZERO ISZERO PUSH2 0x67E JUMPI PUSH1 0x0 DUP1 REVERT JUMPDEST PUSH1 0x5 PUSH1 0x0 DUP6 PUSH20 0xFFFFFFFFFFFFFFFFFFFFFFFFFFFFFFFFFFFFFFFF AND PUSH20 0xFFFFFFFFFFFFFFFFFFFFFFFFFFFFFFFFFFFFFFFF AND DUP2 MSTORE PUSH1 0x20 ADD SWAP1 DUP2 MSTORE PUSH1 0x20 ADD PUSH1 0x0 KECCAK256 PUSH1 0x0 CALLER PUSH20 0xFFFFFFFFFFFFFFFFFFFFFFFFFFFFFFFFFFFFFFFF AND PUSH20 0xFFFFFFFFFFFFFFFFFFFFFFFFFFFFFFFFFFFFFFFF AND DUP2 MSTORE PUSH1 0x20 ADD SWAP1 DUP2 MSTORE PUSH1 0x20 ADD PUSH1 0x0 KECCAK256 SLOAD DUP3 GT ISZERO ISZERO ISZERO PUSH2 0x709 JUMPI PUSH1 0x0 DUP1 REVERT JUMPDEST DUP2 PUSH1 0x0 DUP1 DUP7 PUSH20 0xFFFFFFFFFFFFFFFFFFFFFFFFFFFFFFFFFFFFFFFF AND PUSH20 0xFFFFFFFFFFFFFFFFFFFFFFFFFFFFFFFFFFFFFFFF AND DUP2 MSTORE PUSH1 0x20 ADD SWAP1 DUP2 MSTORE PUSH1 0x20 ADD PUSH1 0x0 KECCAK256 PUSH1 0x0 DUP3 DUP3 SLOAD SUB SWAP3 POP POP DUP2 SWAP1 SSTORE POP DUP2 PUSH1 0x0 DUP1 DUP6 PUSH20 0xFFFFFFFFFFFFFFFFFFFFFFFFFFFFFFFFFFFFFFFF AND PUSH20 0xFFFFFFFFFFFFFFFFFFFFFFFFFFFFFFFFFFFFFFFF AND DUP2 MSTORE PUSH1 0x20 ADD SWAP1 DUP2 MSTORE PUSH1 0x20 ADD PUSH1 0x0 KECCAK256 PUSH1 0x0 DUP3 DUP3 SLOAD ADD SWAP3 POP POP DUP2 SWAP1 SSTORE POP DUP2 PUSH1 0x5 PUSH1 0x0 DUP7 PUSH20 0xFFFFFFFFFFFFFFFFFFFFFFFFFFFFFFFFFFFFFFFF AND PUSH20 0xFFFFFFFFFFFFFFFFFFFFFFFFFFFFFFFFFFFFFFFF AND DUP2 MSTORE PUSH1 0x20 ADD SWAP1 DUP2 MSTORE PUSH1 0x20 ADD PUSH1 0x0 KECCAK256 PUSH1 0x0 CALLER PUSH20 0xFFFFFFFFFFFFFFFFFFFFFFFFFFFFFFFFFFFFFFFF AND PUSH20 0xFFFFFFFFFFFFFFFFFFFFFFFFFFFFFFFFFFFFFFFF AND DUP2 MSTORE PUSH1 0x20 ADD SWAP1 DUP2 MSTORE PUSH1 0x20 ADD PUSH1 0x0 KECCAK256 PUSH1 0x0 DUP3 DUP3 SLOAD SUB SWAP3 POP POP DUP2 SWAP1 SSTORE POP DUP3 PUSH20 0xFFFFFFFFFFFFFFFFFFFFFFFFFFFFFFFFFFFFFFFF AND DUP5 PUSH20 0xFFFFFFFFFFFFFFFFFFFFFFFFFFFFFFFFFFFFFFFF AND PUSH32 0xDDF252AD1BE2C89B69C2B068FC378DAA952BA7F163C4A11628F55A4DF523B3EF DUP5 PUSH1 0x40 MLOAD DUP1 DUP3 DUP2 MSTORE PUSH1 0x20 ADD SWAP2 POP POP PUSH1 0x40 MLOAD DUP1 SWAP2 SUB SWAP1 LOG3 PUSH1 0x1 SWAP1 POP SWAP4 SWAP3 POP POP POP JUMP JUMPDEST PUSH1 0x3 PUSH1 0x0 SWAP1 SLOAD SWAP1 PUSH2 0x100 EXP SWAP1 DIV PUSH1 0xFF AND DUP2 JUMP JUMPDEST PUSH1 0x0 PUSH1 0x20 MSTORE DUP1 PUSH1 0x0 MSTORE PUSH1 0x40 PUSH1 0x0 KECCAK256 PUSH1 0x0 SWAP2 POP SWAP1 POP SLOAD DUP2 JUMP JUMPDEST PUSH1 0x2 DUP1 SLOAD PUSH1 0x1 DUP2 PUSH1 0x1 AND ISZERO PUSH2 0x100 MUL SUB AND PUSH1 0x2 SWAP1 DIV DUP1 PUSH1 0x1F ADD PUSH1 0x20 DUP1 SWAP2 DIV MUL PUSH1 0x20 ADD PUSH1 0x40 MLOAD SWAP1 DUP2 ADD PUSH1 0x40 MSTORE DUP1 SWAP3 SWAP2 SWAP1 DUP2 DUP2 MSTORE PUSH1 0x20 ADD DUP3 DUP1 SLOAD PUSH1 0x1 DUP2 PUSH1 0x1 AND ISZERO PUSH2 0x100 MUL SUB AND PUSH1 0x2 SWAP1 DIV DUP1 ISZERO PUSH2 0x95C JUMPI DUP1 PUSH1 0x1F LT PUSH2 0x931 JUMPI PUSH2 0x100 DUP1 DUP4 SLOAD DIV MUL DUP4 MSTORE SWAP2 PUSH1 0x20 ADD SWAP2 PUSH2 0x95C JUMP JUMPDEST DUP3 ADD SWAP2 SWAP1 PUSH1 0x0 MSTORE PUSH1 0x20 PUSH1 0x0 KECCAK256 SWAP1 JUMPDEST DUP2 SLOAD DUP2 MSTORE SWAP1 PUSH1 0x1 ADD SWAP1 PUSH1 0x20 ADD DUP1 DUP4 GT PUSH2 0x93F JUMPI DUP3 SWAP1 SUB PUSH1 0x1F AND DUP3 ADD SWAP2 JUMPDEST POP POP POP POP POP DUP2 JUMP JUMPDEST PUSH1 0x0 DUP2 PUSH1 0x0 DUP1 CALLER PUSH20 0xFFFFFFFFFFFFFFFFFFFFFFFFFFFFFFFFFFFFFFFF AND PUSH20 0xFFFFFFFFFFFFFFFFFFFFFFFFFFFFFFFFFFFFFFFF AND DUP2 MSTORE PUSH1 0x20 ADD SWAP1 DUP2 MSTORE PUSH1 0x20 ADD PUSH1 0x0 KECCAK256 SLOAD LT ISZERO ISZERO ISZERO PUSH2 0x9B3 JUMPI PUSH1 0x0 DUP1 REVERT JUMPDEST DUP2 PUSH1 0x0 DUP1 CALLER PUSH20 0xFFFFFFFFFFFFFFFFFFFFFFFFFFFFFFFFFFFFFFFF AND PUSH20 0xFFFFFFFFFFFFFFFFFFFFFFFFFFFFFFFFFFFFFFFF AND DUP2 MSTORE PUSH1 0x20 ADD SWAP1 DUP2 MSTORE PUSH1 0x20 ADD PUSH1 0x0 KECCAK256 PUSH1 0x0 DUP3 DUP3 SLOAD SUB SWAP3 POP POP DUP2 SWAP1 SSTORE POP DUP2 PUSH1 0x0 DUP1 DUP6 PUSH20 0xFFFFFFFFFFFFFFFFFFFFFFFFFFFFFFFFFFFFFFFF AND PUSH20 0xFFFFFFFFFFFFFFFFFFFFFFFFFFFFFFFFFFFFFFFF AND DUP2 MSTORE PUSH1 0x20 ADD SWAP1 DUP2 MSTORE PUSH1 0x20 ADD PUSH1 0x0 KECCAK256 PUSH1 0x0 DUP3 DUP3 SLOAD ADD SWAP3 POP POP DUP2 SWAP1 SSTORE POP DUP3 PUSH20 0xFFFFFFFFFFFFFFFFFFFFFFFFFFFFFFFFFFFFFFFF AND CALLER PUSH20 0xFFFFFFFFFFFFFFFFFFFFFFFFFFFFFFFFFFFFFFFF AND PUSH32 0xDDF252AD1BE2C89B69C2B068FC378DAA952BA7F163C4A11628F55A4DF523B3EF DUP5 PUSH1 0x40 MLOAD DUP1 DUP3 DUP2 MSTORE PUSH1 0x20 ADD SWAP2 POP POP PUSH1 0x40 MLOAD DUP1 SWAP2 SUB SWAP1 LOG3 PUSH1 0x1 SWAP1 POP SWAP3 SWAP2 POP POP JUMP JUMPDEST PUSH1 0x4 SLOAD PUSH1 0x0 DUP1 CALLER PUSH20 0xFFFFFFFFFFFFFFFFFFFFFFFFFFFFFFFFFFFFFFFF AND PUSH20 0xFFFFFFFFFFFFFFFFFFFFFFFFFFFFFFFFFFFFFFFF AND DUP2 MSTORE PUSH1 0x20 ADD SWAP1 DUP2 MSTORE PUSH1 0x20 ADD PUSH1 0x0 KECCAK256 DUP2 SWAP1 SSTORE POP CALLER PUSH20 0xFFFFFFFFFFFFFFFFFFFFFFFFFFFFFFFFFFFFFFFF AND PUSH1 0x0 PUSH20 0xFFFFFFFFFFFFFFFFFFFFFFFFFFFFFFFFFFFFFFFF AND PUSH32 0xDDF252AD1BE2C89B69C2B068FC378DAA952BA7F163C4A11628F55A4DF523B3EF PUSH1 0x4 SLOAD PUSH1 0x40 MLOAD DUP1 DUP3 DUP2 MSTORE PUSH1 0x20 ADD SWAP2 POP POP PUSH1 0x40 MLOAD DUP1 SWAP2 SUB SWAP1 LOG3 JUMP JUMPDEST PUSH1 0x5 PUSH1 0x20 MSTORE DUP2 PUSH1 0x0 MSTORE PUSH1 0x40 PUSH1 0x0 KECCAK256 PUSH1 0x20 MSTORE DUP1 PUSH1 0x0 MSTORE PUSH1 0x40 PUSH1 0x0 KECCAK256 PUSH1 0x0 SWAP2 POP SWAP2 POP POP SLOAD DUP2 JUMP INVALID LOG1 PUSH6 0x627A7A723058 KECCAK256 0xb0 0xe2 0xef MUL 0xaa DIFFICULTY SWAP7 SWAP13 CALLVALUE 0xbb 0xba PUSH27 0xED090F239A2A8E81ECD21411009DD7E3046E2D3D00290000000000
0,PUSH1 0x80 PUSH1 0x40 MSTORE PUSH1 0x40 DUP1 MLOAD SWAP1 DUP2 ADD PUSH1 0x40 MSTORE DUP1 PUSH1 0x18 DUP2 MSTORE PUSH1 0x20 ADD PUSH32 0x94343445F4B4F484C455F31375F323031393034313109090000000000000000 DUP2 MSTORE POP PUSH1 0x1 SWAP1 DUP1 MLOAD SWAP1 PUSH1 0x20 ADD SWAP1 PUSH2 0x4F SWAP3 SWAP2 SWAP1 PUSH2 0xD9 JUMP JUMPDEST POP PUSH1 0x40 DUP1 MLOAD SWAP1 DUP2 ADD PUSH1 0x40 MSTORE DUP1 PUSH1 0x1E DUP2 MSTORE PUSH1 0x20 ADD PUSH32 0x94343445F4B4F484C455F31375F32303139303431315F737562445409090000 DUP2 MSTORE POP PUSH1 0x2 SWAP1 DUP1 MLOAD SWAP1 PUSH1 0x20 ADD SWAP1 PUSH2 0x9B SWAP3 SWAP2 SWAP1 PUSH2 0xD9 JUMP JUMPDEST POP PUSH1 0x12 PUSH1 0x3 PUSH1 0x0 PUSH2 0x100 EXP DUP2 SLOAD DUP2 PUSH1 0xFF MUL NOT AND SWAP1 DUP4 PUSH1 0xFF AND MUL OR SWAP1 SSTORE POP PUSH11 0x1060D026983FFAA7000000 PUSH1 0x4 SSTORE CALLVALUE DUP1 ISZERO PUSH2 0xD3 JUMPI PUSH1 0x0 DUP1 REVERT JUMPDEST POP PUSH2 0x17E JUMP JUMPDEST DUP3 DUP1 SLOAD PUSH1 0x1 DUP2 PUSH1 0x1 AND ISZERO PUSH2 0x100 MUL SUB AND PUSH1 0x2 SWAP1 DIV SWAP1 PUSH1 0x0 MSTORE PUSH1 0x20 PUSH1 0x0 KECCAK256 SWAP1 PUSH1 0x1F ADD PUSH1 0x20 SWAP1 DIV DUP2 ADD SWAP3 DUP3 PUSH1 0x1F LT PUSH2 0x11A JUMPI DUP1 MLOAD PUSH1 0xFF NOT AND DUP4 DUP1 ADD OR DUP6 SSTORE PUSH2 0x148 JUMP JUMPDEST DUP3 DUP1 ADD PUSH1 0x1 ADD DUP6 SSTORE DUP3 ISZERO PUSH2 0x148 JUMPI SWAP2 DUP3 ADD JUMPDEST DUP3 DUP2 GT ISZERO PUSH2 0x147 JUMPI DUP3 MLOAD DUP3 SSTORE SWAP2 PUSH1 0x20 ADD SWAP2 SWAP1 PUSH1 0x1 ADD SWAP1 PUSH2 0x12C JUMP JUMPDEST JUMPDEST POP SWAP1 POP PUSH2 0x155 SWAP2 SWAP1 PUSH2 0x159 JUMP JUMPDEST POP SWAP1 JUMP JUMPDEST PUSH2 0x17B SWAP2 SWAP1 JUMPDEST DUP1 DUP3 GT ISZERO PUSH2 0x177 JUMPI PUSH1 0x0 DUP2 PUSH1 0x0 SWAP1 SSTORE POP PUSH1 0x1 ADD PUSH2 0x15F JUMP JUMPDEST POP SWAP1 JUMP JUMPDEST SWAP1 JUMP JUMPDEST PUSH2 0xBBA DUP1 PUSH2 0x18D PUSH1 0x0 CODECOPY PUSH1 0x0 RETURN INVALID PUSH1 0x80 PUSH1 0x40 MSTORE PUSH1 0x4 CALLDATASIZE LT PUSH2 0x9E JUMPI PUSH1 0x0 CALLDATALOAD PUSH29 0x100000000000000000000000000000000000000000000000000000000 SWAP1 DIV DUP1 PUSH4 0x6FDDE03 EQ PUSH2 0xA3 JUMPI DUP1 PUSH4 0x95EA7B3 EQ PUSH2 0x133 JUMPI DUP1 PUSH4 0x18160DDD EQ PUSH2 0x1A6 JUMPI DUP1 PUSH4 0x23B872DD EQ PUSH2 0x1D1 JUMPI DUP1 PUSH4 0x313CE567 EQ PUSH2 0x264 JUMPI DUP1 PUSH4 0x70A08231 EQ PUSH2 0x295 JUMPI DUP1 PUSH4 0x95D89B41 EQ PUSH2 0x2FA JUMPI DUP1 PUSH4 0xA9059CBB EQ PUSH2 0x38A JUMPI DUP1 PUSH4 0xB5C8F317 EQ PUSH2 0x3FD JUMPI DUP1 PUSH4 0xDD62ED3E EQ PUSH2 0x414 JUMPI JUMPDEST PUSH1 0x0 DUP1 REVERT JUMPDEST CALLVALUE DUP1 ISZERO PUSH2 0xAF JUMPI PUSH1 0x0 DUP1 REVERT JUMPDEST POP PUSH2 0xB8 PUSH2 0x499 JUMP JUMPDEST PUSH1 0x40 MLOAD DUP1 DUP1 PUSH1 0x20 ADD DUP3 DUP2 SUB DUP3 MSTORE DUP4 DUP2 DUP2 MLOAD DUP2 MSTORE PUSH1 0x20 ADD SWAP2 POP DUP1 MLOAD SWAP1 PUSH1 0x20 ADD SWAP1 DUP1 DUP4 DUP4 PUSH1 0x0 JUMPDEST DUP4 DUP2 LT ISZERO PUSH2 0xF8 JUMPI DUP1 DUP3 ADD MLOAD DUP2 DUP5 ADD MSTORE PUSH1 0x20 DUP2 ADD SWAP1 POP PUSH2 0xDD JUMP JUMPDEST POP POP POP POP SWAP1 POP SWAP1 DUP2 ADD SWAP1 PUSH1 0x1F AND DUP1 ISZERO PUSH2 0x125 JUMPI DUP1 DUP3 SUB DUP1 MLOAD PUSH1 0x1 DUP4 PUSH1 0x20 SUB PUSH2 0x100 EXP SUB NOT AND DUP2 MSTORE PUSH1 0x20 ADD SWAP2 POP JUMPDEST POP SWAP3 POP POP POP PUSH1 0x40 MLOAD DUP1 SWAP2 SUB SWAP1 RETURN JUMPDEST CALLVALUE DUP1 ISZERO PUSH2 0x13F JUMPI PUSH1 0x0 DUP1 REVERT JUMPDEST POP PUSH2 0x18C PUSH1 0x4 DUP1 CALLDATASIZE SUB PUSH1 0x40 DUP2 LT ISZERO PUSH2 0x156 JUMPI PUSH1 0x0 DUP1 REVERT JUMPDEST DUP2 ADD SWAP1 DUP1 DUP1 CALLDATALOAD PUSH20 0xFFFFFFFFFFFFFFFFFFFFFFFFFFFFFFFFFFFFFFFF AND SWAP1 PUSH1 0x20 ADD SWAP1 SWAP3 SWAP2 SWAP1 DUP1 CALLDATALOAD SWAP1 PUSH1 0x20 ADD SWAP1 SWAP3 SWAP2 SWAP1 POP POP POP PUSH2 0x537 JUMP JUMPDEST PUSH1 0x40 MLOAD DUP1 DUP3 ISZERO ISZERO ISZERO ISZERO DUP2 MSTORE PUSH1 0x20 ADD SWAP2 POP POP PUSH1 0x40 MLOAD DUP1 SWAP2 SUB SWAP1 RETURN JUMPDEST CALLVALUE DUP1 ISZERO PUSH2 0x1B2 JUMPI PUSH1 0x0 DUP1 REVERT JUMPDEST POP PUSH2 0x1BB PUSH2 0x629 JUMP JUMPDEST PUSH1 0x40 MLOAD DUP1 DUP3 DUP2 MSTORE PUSH1 0x20 ADD SWAP2 POP POP PUSH1 0x40 MLOAD DUP1 SWAP2 SUB SWAP1 RETURN JUMPDEST CALLVALUE DUP1 ISZERO PUSH2 0x1DD JUMPI PUSH1 0x0 DUP1 REVERT JUMPDEST POP PUSH2 0x24A PUSH1 0x4 DUP1 CALLDATASIZE SUB PUSH1 0x60 DUP2 LT ISZERO PUSH2 0x1F4 JUMPI PUSH1 0x0 DUP1 REVERT JUMPDEST DUP2 ADD SWAP1 DUP1 DUP1 CALLDATALOAD PUSH20 0xFFFFFFFFFFFFFFFFFFFFFFFFFFFFFFFFFFFFFFFF AND SWAP1 PUSH1 0x20 ADD SWAP1 SWAP3 SWAP2 SWAP1 DUP1 CALLDATALOAD PUSH20 0xFFFFFFFFFFFFFFFFFFFFFFFFFFFFFFFFFFFFFFFF AND SWAP1 PUSH1 0x20 ADD SWAP1 SWAP3 SWAP2 SWAP1 DUP1 CALLDATALOAD SWAP1 PUSH1 0x20 ADD SWAP1 SWAP3 SWAP2 SWAP1 POP POP POP PUSH2 0x62F JUMP JUMPDEST PUSH1 0x40 MLOAD DUP1 DUP3 ISZERO ISZERO ISZERO ISZERO DUP2 MSTORE PUSH1 0x20 ADD SWAP2 POP POP PUSH1 0x40 MLOAD DUP1 SWAP2 SUB SWAP1 RETURN JUMPDEST CALLVALUE DUP1 ISZERO PUSH2 0x270 JUMPI PUSH1 0x0 DUP1 REVERT JUMPDEST POP PUSH2 0x279 PUSH2 0x89B JUMP JUMPDEST PUSH1 0x40 MLOAD DUP1 DUP3 PUSH1 0xFF AND PUSH1 0xFF AND DUP2 MSTORE PUSH1 0x20 ADD SWAP2 POP POP PUSH1 0x40 MLOAD DUP1 SWAP2 SUB SWAP1 RETURN JUMPDEST CALLVALUE DUP1 ISZERO PUSH2 0x2A1 JUMPI PUSH1 0x0 DUP1 REVERT JUMPDEST POP PUSH2 0x2E4 PUSH1 0x4 DUP1 CALLDATASIZE SUB PUSH1 0x20 DUP2 LT ISZERO PUSH2 0x2B8 JUMPI PUSH1 0x0 DUP1 REVERT JUMPDEST DUP2 ADD SWAP1 DUP1 DUP1 CALLDATALOAD PUSH20 0xFFFFFFFFFFFFFFFFFFFFFFFFFFFFFFFFFFFFFFFF AND SWAP1 PUSH1 0x20 ADD SWAP1 SWAP3 SWAP2 SWAP1 POP POP POP PUSH2 0x8AE JUMP JUMPDEST PUSH1 0x40 MLOAD DUP1 DUP3 DUP2 MSTORE PUSH1 0x20 ADD SWAP2 POP POP PUSH1 0x40 MLOAD DUP1 SWAP2 SUB SWAP1 RETURN JUMPDEST CALLVALUE DUP1 ISZERO PUSH2 0x306 JUMPI PUSH1 0x0 DUP1 REVERT JUMPDEST POP PUSH2 0x30F PUSH2 0x8C6 JUMP JUMPDEST PUSH1 0x40 MLOAD DUP1 DUP1 PUSH1 0x20 ADD DUP3 DUP2 SUB DUP3 MSTORE DUP4 DUP2 DUP2 MLOAD DUP2 MSTORE PUSH1 0x20 ADD SWAP2 POP DUP1 MLOAD SWAP1 PUSH1 0x20 ADD SWAP1 DUP1 DUP4 DUP4 PUSH1 0x0 JUMPDEST DUP4 DUP2 LT ISZERO PUSH2 0x34F JUMPI DUP1 DUP3 ADD MLOAD DUP2 DUP5 ADD MSTORE PUSH1 0x20 DUP2 ADD SWAP1 POP PUSH2 0x334 JUMP JUMPDEST POP POP POP POP SWAP1 POP SWAP1 DUP2 ADD SWAP1 PUSH1 0x1F AND DUP1 ISZERO PUSH2 0x37C JUMPI DUP1 DUP3 SUB DUP1 MLOAD PUSH1 0x1 DUP4 PUSH1 0x20 SUB PUSH2 0x100 EXP SUB NOT AND DUP2 MSTORE PUSH1 0x20 ADD SWAP2 POP JUMPDEST POP SWAP3 POP POP POP PUSH1 0x40 MLOAD DUP1 SWAP2 SUB SWAP1 RETURN JUMPDEST CALLVALUE DUP1 ISZERO PUSH2 0x396 JUMPI PUSH1 0x0 DUP1 REVERT JUMPDEST POP PUSH2 0x3E3 PUSH1 0x4 DUP1 CALLDATASIZE SUB PUSH1 0x40 DUP2 LT ISZERO PUSH2 0x3AD JUMPI PUSH1 0x0 DUP1 REVERT JUMPDEST DUP2 ADD SWAP1 DUP1 DUP1 CALLDATALOAD PUSH20 0xFFFFFFFFFFFFFFFFFFFFFFFFFFFFFFFFFFFFFFFF AND SWAP1 PUSH1 0x20 ADD SWAP1 SWAP3 SWAP2 SWAP1 DUP1 CALLDATALOAD SWAP1 PUSH1 0x20 ADD SWAP1 SWAP3 SWAP2 SWAP1 POP POP POP PUSH2 0x964 JUMP JUMPDEST PUSH1 0x40 MLOAD DUP1 DUP3 ISZERO ISZERO ISZERO ISZERO DUP2 MSTORE PUSH1 0x20 ADD SWAP2 POP POP PUSH1 0x40 MLOAD DUP1 SWAP2 SUB SWAP1 RETURN JUMPDEST CALLVALUE DUP1 ISZERO PUSH2 0x409 JUMPI PUSH1 0x0 DUP1 REVERT JUMPDEST POP PUSH2 0x412 PUSH2 0xABA JUMP JUMPDEST STOP JUMPDEST CALLVALUE DUP1 ISZERO PUSH2 0x420 JUMPI PUSH1 0x0 DUP1 REVERT JUMPDEST POP PUSH2 0x483 PUSH1 0x4 DUP1 CALLDATASIZE SUB PUSH1 0x40 DUP2 LT ISZERO PUSH2 0x437 JUMPI PUSH1 0x0 DUP1 REVERT JUMPDEST DUP2 ADD SWAP1 DUP1 DUP1 CALLDATALOAD PUSH20 0xFFFFFFFFFFFFFFFFFFFFFFFFFFFFFFFFFFFFFFFF AND SWAP1 PUSH1 0x20 ADD SWAP1 SWAP3 SWAP2 SWAP1 DUP1 CALLDATALOAD PUSH20 0xFFFFFFFFFFFFFFFFFFFFFFFFFFFFFFFFFFFFFFFF AND SWAP1 PUSH1 0x20 ADD SWAP1 SWAP3 SWAP2 SWAP1 POP POP POP PUSH2 0xB69 JUMP JUMPDEST PUSH1 0x40 MLOAD DUP1 DUP3 DUP2 MSTORE PUSH1 0x20 ADD SWAP2 POP POP PUSH1 0x40 MLOAD DUP1 SWAP2 SUB SWAP1 RETURN JUMPDEST PUSH1 0x1 DUP1 SLOAD PUSH1 0x1 DUP2 PUSH1 0x1 AND ISZERO PUSH2 0x100 MUL SUB AND PUSH1 0x2 SWAP1 DIV DUP1 PUSH1 0x1F ADD PUSH1 0x20 DUP1 SWAP2 DIV MUL PUSH1 0x20 ADD PUSH1 0x40 MLOAD SWAP1 DUP2 ADD PUSH1 0x40 MSTORE DUP1 SWAP3 SWAP2 SWAP1 DUP2 DUP2 MSTORE PUSH1 0x20 ADD DUP3 DUP1 SLOAD PUSH1 0x1 DUP2 PUSH1 0x1 AND ISZERO PUSH2 0x100 MUL SUB AND PUSH1 0x2 SWAP1 DIV DUP1 ISZERO PUSH2 0x52F JUMPI DUP1 PUSH1 0x1F LT PUSH2 0x504 JUMPI PUSH2 0x100 DUP1 DUP4 SLOAD DIV MUL DUP4 MSTORE SWAP2 PUSH1 0x20 ADD SWAP2 PUSH2 0x52F JUMP JUMPDEST DUP3 ADD SWAP2 SWAP1 PUSH1 0x0 MSTORE PUSH1 0x20 PUSH1 0x0 KECCAK256 SWAP1 JUMPDEST DUP2 SLOAD DUP2 MSTORE SWAP1 PUSH1 0x1 ADD SWAP1 PUSH1 0x20 ADD DUP1 DUP4 GT PUSH2 0x512 JUMPI DUP3 SWAP1 SUB PUSH1 0x1F AND DUP3 ADD SWAP2 JUMPDEST POP POP POP POP POP DUP2 JUMP JUMPDEST PUSH1 0x0 DUP2 PUSH1 0x5 PUSH1 0x0 CALLER PUSH20 0xFFFFFFFFFFFFFFFFFFFFFFFFFFFFFFFFFFFFFFFF AND PUSH20 0xFFFFFFFFFFFFFFFFFFFFFFFFFFFFFFFFFFFFFFFF AND DUP2 MSTORE PUSH1 0x20 ADD SWAP1 DUP2 MSTORE PUSH1 0x20 ADD PUSH1 0x0 KECCAK256 PUSH1 0x0 DUP6 PUSH20 0xFFFFFFFFFFFFFFFFFFFFFFFFFFFFFFFFFFFFFFFF AND PUSH20 0xFFFFFFFFFFFFFFFFFFFFFFFFFFFFFFFFFFFFFFFF AND DUP2 MSTORE PUSH1 0x20 ADD SWAP1 DUP2 MSTORE PUSH1 0x20 ADD PUSH1 0x0 KECCAK256 DUP2 SWAP1 SSTORE POP DUP3 PUSH20 0xFFFFFFFFFFFFFFFFFFFFFFFFFFFFFFFFFFFFFFFF AND CALLER PUSH20 0xFFFFFFFFFFFFFFFFFFFFFFFFFFFFFFFFFFFFFFFF AND PUSH32 0x8C5BE1E5EBEC7D5BD14F71427D1E84F3DD0314C0F7B2291E5B200AC8C7C3B925 DUP5 PUSH1 0x40 MLOAD DUP1 DUP3 DUP2 MSTORE PUSH1 0x20 ADD SWAP2 POP POP PUSH1 0x40 MLOAD DUP1 SWAP2 SUB SWAP1 LOG3 PUSH1 0x1 SWAP1 POP SWAP3 SWAP2 POP POP JUMP JUMPDEST PUSH1 0x4 SLOAD DUP2 JUMP JUMPDEST PUSH1 0x0 DUP1 PUSH1 0x0 DUP6 PUSH20 0xFFFFFFFFFFFFFFFFFFFFFFFFFFFFFFFFFFFFFFFF AND PUSH20 0xFFFFFFFFFFFFFFFFFFFFFFFFFFFFFFFFFFFFFFFF AND DUP2 MSTORE PUSH1 0x20 ADD SWAP1 DUP2 MSTORE PUSH1 0x20 ADD PUSH1 0x0 KECCAK256 SLOAD DUP3 GT ISZERO ISZERO ISZERO PUSH2 0x67E JUMPI PUSH1 0x0 DUP1 REVERT JUMPDEST PUSH1 0x5 PUSH1 0x0 DUP6 PUSH20 0xFFFFFFFFFFFFFFFFFFFFFFFFFFFFFFFFFFFFFFFF AND PUSH20 0xFFFFFFFFFFFFFFFFFFFFFFFFFFFFFFFFFFFFFFFF AND DUP2 MSTORE PUSH1 0x20 ADD SWAP1 DUP2 MSTORE PUSH1 0x20 ADD PUSH1 0x0 KECCAK256 PUSH1 0x0 CALLER PUSH20 0xFFFFFFFFFFFFFFFFFFFFFFFFFFFFFFFFFFFFFFFF AND PUSH20 0xFFFFFFFFFFFFFFFFFFFFFFFFFFFFFFFFFFFFFFFF AND DUP2 MSTORE PUSH1 0x20 ADD SWAP1 DUP2 MSTORE PUSH1 0x20 ADD PUSH1 0x0 KECCAK256 SLOAD DUP3 GT ISZERO ISZERO ISZERO PUSH2 0x709 JUMPI PUSH1 0x0 DUP1 REVERT JUMPDEST DUP2 PUSH1 0x0 DUP1 DUP7 PUSH20 0xFFFFFFFFFFFFFFFFFFFFFFFFFFFFFFFFFFFFFFFF AND PUSH20 0xFFFFFFFFFFFFFFFFFFFFFFFFFFFFFFFFFFFFFFFF AND DUP2 MSTORE PUSH1 0x20 ADD SWAP1 DUP2 MSTORE PUSH1 0x20 ADD PUSH1 0x0 KECCAK256 PUSH1 0x0 DUP3 DUP3 SLOAD SUB SWAP3 POP POP DUP2 SWAP1 SSTORE POP DUP2 PUSH1 0x0 DUP1 DUP6 PUSH20 0xFFFFFFFFFFFFFFFFFFFFFFFFFFFFFFFFFFFFFFFF AND PUSH20 0xFFFFFFFFFFFFFFFFFFFFFFFFFFFFFFFFFFFFFFFF AND DUP2 MSTORE PUSH1 0x20 ADD SWAP1 DUP2 MSTORE PUSH1 0x20 ADD PUSH1 0x0 KECCAK256 PUSH1 0x0 DUP3 DUP3 SLOAD ADD SWAP3 POP POP DUP2 SWAP1 SSTORE POP DUP2 PUSH1 0x5 PUSH1 0x0 DUP7 PUSH20 0xFFFFFFFFFFFFFFFFFFFFFFFFFFFFFFFFFFFFFFFF AND PUSH20 0xFFFFFFFFFFFFFFFFFFFFFFFFFFFFFFFFFFFFFFFF AND DUP2 MSTORE PUSH1 0x20 ADD SWAP1 DUP2 MSTORE PUSH1 0x20 ADD PUSH1 0x0 KECCAK256 PUSH1 0x0 CALLER PUSH20 0xFFFFFFFFFFFFFFFFFFFFFFFFFFFFFFFFFFFFFFFF AND PUSH20 0xFFFFFFFFFFFFFFFFFFFFFFFFFFFFFFFFFFFFFFFF AND DUP2 MSTORE PUSH1 0x20 ADD SWAP1 DUP2 MSTORE PUSH1 0x20 ADD PUSH1 0x0 KECCAK256 PUSH1 0x0 DUP3 DUP3 SLOAD SUB SWAP3 POP POP DUP2 SWAP1 SSTORE POP DUP3 PUSH20 0xFFFFFFFFFFFFFFFFFFFFFFFFFFFFFFFFFFFFFFFF AND DUP5 PUSH20 0xFFFFFFFFFFFFFFFFFFFFFFFFFFFFFFFFFFFFFFFF AND PUSH32 0xDDF252AD1BE2C89B69C2B068FC378DAA952BA7F163C4A11628F55A4DF523B3EF DUP5 PUSH1 0x40 MLOAD DUP1 DUP3 DUP2 MSTORE PUSH1 0x20 ADD SWAP2 POP POP PUSH1 0x40 MLOAD DUP1 SWAP2 SUB SWAP1 LOG3 PUSH1 0x1 SWAP1 POP SWAP4 SWAP3 POP POP POP JUMP JUMPDEST PUSH1 0x3 PUSH1 0x0 SWAP1 SLOAD SWAP1 PUSH2 0x100 EXP SWAP1 DIV PUSH1 0xFF AND DUP2 JUMP JUMPDEST PUSH1 0x0 PUSH1 0x20 MSTORE DUP1 PUSH1 0x0 MSTORE PUSH1 0x40 PUSH1 0x0 KECCAK256 PUSH1 0x0 SWAP2 POP SWAP1 POP SLOAD DUP2 JUMP JUMPDEST PUSH1 0x2 DUP1 SLOAD PUSH1 0x1 DUP2 PUSH1 0x1 AND ISZERO PUSH2 0x100 MUL SUB AND PUSH1 0x2 SWAP1 DIV DUP1 PUSH1 0x1F ADD PUSH1 0x20 DUP1 SWAP2 DIV MUL PUSH1 0x20 ADD PUSH1 0x40 MLOAD SWAP1 DUP2 ADD PUSH1 0x40 MSTORE DUP1 SWAP3 SWAP2 SWAP1 DUP2 DUP2 MSTORE PUSH1 0x20 ADD DUP3 DUP1 SLOAD PUSH1 0x1 DUP2 PUSH1 0x1 AND ISZERO PUSH2 0x100 MUL SUB AND PUSH1 0x2 SWAP1 DIV DUP1 ISZERO PUSH2 0x95C JUMPI DUP1 PUSH1 0x1F LT PUSH2 0x931 JUMPI PUSH2 0x100 DUP1 DUP4 SLOAD DIV MUL DUP4 MSTORE SWAP2 PUSH1 0x20 ADD SWAP2 PUSH2 0x95C JUMP JUMPDEST DUP3 ADD SWAP2 SWAP1 PUSH1 0x0 MSTORE PUSH1 0x20 PUSH1 0x0 KECCAK256 SWAP1 JUMPDEST DUP2 SLOAD DUP2 MSTORE SWAP1 PUSH1 0x1 ADD SWAP1 PUSH1 0x20 ADD DUP1 DUP4 GT PUSH2 0x93F JUMPI DUP3 SWAP1 SUB PUSH1 0x1F AND DUP3 ADD SWAP2 JUMPDEST POP POP POP POP POP DUP2 JUMP JUMPDEST PUSH1 0x0 DUP2 PUSH1 0x0 DUP1 CALLER PUSH20 0xFFFFFFFFFFFFFFFFFFFFFFFFFFFFFFFFFFFFFFFF AND PUSH20 0xFFFFFFFFFFFFFFFFFFFFFFFFFFFFFFFFFFFFFFFF AND DUP2 MSTORE PUSH1 0x20 ADD SWAP1 DUP2 MSTORE PUSH1 0x20 ADD PUSH1 0x0 KECCAK256 SLOAD LT ISZERO ISZERO ISZERO PUSH2 0x9B3 JUMPI PUSH1 0x0 DUP1 REVERT JUMPDEST DUP2 PUSH1 0x0 DUP1 CALLER PUSH20 0xFFFFFFFFFFFFFFFFFFFFFFFFFFFFFFFFFFFFFFFF AND PUSH20 0xFFFFFFFFFFFFFFFFFFFFFFFFFFFFFFFFFFFFFFFF AND DUP2 MSTORE PUSH1 0x20 ADD SWAP1 DUP2 MSTORE PUSH1 0x20 ADD PUSH1 0x0 KECCAK256 PUSH1 0x0 DUP3 DUP3 SLOAD SUB SWAP3 POP POP DUP2 SWAP1 SSTORE POP DUP2 PUSH1 0x0 DUP1 DUP6 PUSH20 0xFFFFFFFFFFFFFFFFFFFFFFFFFFFFFFFFFFFFFFFF AND PUSH20 0xFFFFFFFFFFFFFFFFFFFFFFFFFFFFFFFFFFFFFFFF AND DUP2 MSTORE PUSH1 0x20 ADD SWAP1 DUP2 MSTORE PUSH1 0x20 ADD PUSH1 0x0 KECCAK256 PUSH1 0x0 DUP3 DUP3 SLOAD ADD SWAP3 POP POP DUP2 SWAP1 SSTORE POP DUP3 PUSH20 0xFFFFFFFFFFFFFFFFFFFFFFFFFFFFFFFFFFFFFFFF AND CALLER PUSH20 0xFFFFFFFFFFFFFFFFFFFFFFFFFFFFFFFFFFFFFFFF AND PUSH32 0xDDF252AD1BE2C89B69C2B068FC378DAA952BA7F163C4A11628F55A4DF523B3EF DUP5 PUSH1 0x40 MLOAD DUP1 DUP3 DUP2 MSTORE PUSH1 0x20 ADD SWAP2 POP POP PUSH1 0x40 MLOAD DUP1 SWAP2 SUB SWAP1 LOG3 PUSH1 0x1 SWAP1 POP SWAP3 SWAP2 POP POP JUMP JUMPDEST PUSH1 0x4 SLOAD PUSH1 0x0 DUP1 CALLER PUSH20 0xFFFFFFFFFFFFFFFFFFFFFFFFFFFFFFFFFFFFFFFF AND PUSH20 0xFFFFFFFFFFFFFFFFFFFFFFFFFFFFFFFFFFFFFFFF AND DUP2 MSTORE PUSH1 0x20 ADD SWAP1 DUP2 MSTORE PUSH1 0x20 ADD PUSH1 0x0 KECCAK256 DUP2 SWAP1 SSTORE POP CALLER PUSH20 0xFFFFFFFFFFFFFFFFFFFFFFFFFFFFFFFFFFFFFFFF AND PUSH1 0x0 PUSH20 0xFFFFFFFFFFFFFFFFFFFFFFFFFFFFFFFFFFFFFFFF AND PUSH32 0xDDF252AD1BE2C89B69C2B068FC378DAA952BA7F163C4A11628F55A4DF523B3EF PUSH1 0x4 SLOAD PUSH1 0x40 MLOAD DUP1 DUP3 DUP2 MSTORE PUSH1 0x20 ADD SWAP2 POP POP PUSH1 0x40 MLOAD DUP1 SWAP2 SUB SWAP1 LOG3 JUMP JUMPDEST PUSH1 0x5 PUSH1 0x20 MSTORE DUP2 PUSH1 0x0 MSTORE PUSH1 0x40 PUSH1 0x0 KECCAK256 PUSH1 0x20 MSTORE DUP1 PUSH1 0x0 MSTORE PUSH1 0x40 PUSH1 0x0 KECCAK256 PUSH1 0x0 SWAP2 POP SWAP2 POP POP SLOAD DUP2 JUMP INVALID LOG1 PUSH6 0x627A7A723058 KECCAK256 0xd9 0x22 0xb9 0xa9 KECCAK256 DUP11 0x2a 0xd 0xaf 0x47 0x5d DUP16 0xe5 SIGNEXTEND CODESIZE 0xd1 PUSH27 0x3F49CD15D372F885E88D2A45FEDEDF002900000000000000000000
0,PUSH1 0x80 PUSH1 0x40 MSTORE PUSH1 0x40 DUP1 MLOAD SWAP1 DUP2 ADD PUSH1 0x40 MSTORE DUP1 PUSH1 0x18 DUP2 MSTORE PUSH1 0x20 ADD PUSH32 0x94343445F4B4F484C455F31345F323031393034313109090000000000000000 DUP2 MSTORE POP PUSH1 0x1 SWAP1 DUP1 MLOAD SWAP1 PUSH1 0x20 ADD SWAP1 PUSH2 0x4F SWAP3 SWAP2 SWAP1 PUSH2 0xD9 JUMP JUMPDEST POP PUSH1 0x40 DUP1 MLOAD SWAP1 DUP2 ADD PUSH1 0x40 MSTORE DUP1 PUSH1 0x1E DUP2 MSTORE PUSH1 0x20 ADD PUSH32 0x94343445F4B4F484C455F31345F32303139303431315F737562445409090000 DUP2 MSTORE POP PUSH1 0x2 SWAP1 DUP1 MLOAD SWAP1 PUSH1 0x20 ADD SWAP1 PUSH2 0x9B SWAP3 SWAP2 SWAP1 PUSH2 0xD9 JUMP JUMPDEST POP PUSH1 0x12 PUSH1 0x3 PUSH1 0x0 PUSH2 0x100 EXP DUP2 SLOAD DUP2 PUSH1 0xFF MUL NOT AND SWAP1 DUP4 PUSH1 0xFF AND MUL OR SWAP1 SSTORE POP PUSH11 0x1060D026983FFAA7000000 PUSH1 0x4 SSTORE CALLVALUE DUP1 ISZERO PUSH2 0xD3 JUMPI PUSH1 0x0 DUP1 REVERT JUMPDEST POP PUSH2 0x17E JUMP JUMPDEST DUP3 DUP1 SLOAD PUSH1 0x1 DUP2 PUSH1 0x1 AND ISZERO PUSH2 0x100 MUL SUB AND PUSH1 0x2 SWAP1 DIV SWAP1 PUSH1 0x0 MSTORE PUSH1 0x20 PUSH1 0x0 KECCAK256 SWAP1 PUSH1 0x1F ADD PUSH1 0x20 SWAP1 DIV DUP2 ADD SWAP3 DUP3 PUSH1 0x1F LT PUSH2 0x11A JUMPI DUP1 MLOAD PUSH1 0xFF NOT AND DUP4 DUP1 ADD OR DUP6 SSTORE PUSH2 0x148 JUMP JUMPDEST DUP3 DUP1 ADD PUSH1 0x1 ADD DUP6 SSTORE DUP3 ISZERO PUSH2 0x148 JUMPI SWAP2 DUP3 ADD JUMPDEST DUP3 DUP2 GT ISZERO PUSH2 0x147 JUMPI DUP3 MLOAD DUP3 SSTORE SWAP2 PUSH1 0x20 ADD SWAP2 SWAP1 PUSH1 0x1 ADD SWAP1 PUSH2 0x12C JUMP JUMPDEST JUMPDEST POP SWAP1 POP PUSH2 0x155 SWAP2 SWAP1 PUSH2 0x159 JUMP JUMPDEST POP SWAP1 JUMP JUMPDEST PUSH2 0x17B SWAP2 SWAP1 JUMPDEST DUP1 DUP3 GT ISZERO PUSH2 0x177 JUMPI PUSH1 0x0 DUP2 PUSH1 0x0 SWAP1 SSTORE POP PUSH1 0x1 ADD PUSH2 0x15F JUMP JUMPDEST POP SWAP1 JUMP JUMPDEST SWAP1 JUMP JUMPDEST PUSH2 0xBBA DUP1 PUSH2 0x18D PUSH1 0x0 CODECOPY PUSH1 0x0 RETURN INVALID PUSH1 0x80 PUSH1 0x40 MSTORE PUSH1 0x4 CALLDATASIZE LT PUSH2 0x9E JUMPI PUSH1 0x0 CALLDATALOAD PUSH29 0x100000000000000000000000000000000000000000000000000000000 SWAP1 DIV DUP1 PUSH4 0x6FDDE03 EQ PUSH2 0xA3 JUMPI DUP1 PUSH4 0x95EA7B3 EQ PUSH2 0x133 JUMPI DUP1 PUSH4 0x18160DDD EQ PUSH2 0x1A6 JUMPI DUP1 PUSH4 0x23B872DD EQ PUSH2 0x1D1 JUMPI DUP1 PUSH4 0x313CE567 EQ PUSH2 0x264 JUMPI DUP1 PUSH4 0x70A08231 EQ PUSH2 0x295 JUMPI DUP1 PUSH4 0x95D89B41 EQ PUSH2 0x2FA JUMPI DUP1 PUSH4 0xA9059CBB EQ PUSH2 0x38A JUMPI DUP1 PUSH4 0xB5C8F317 EQ PUSH2 0x3FD JUMPI DUP1 PUSH4 0xDD62ED3E EQ PUSH2 0x414 JUMPI JUMPDEST PUSH1 0x0 DUP1 REVERT JUMPDEST CALLVALUE DUP1 ISZERO PUSH2 0xAF JUMPI PUSH1 0x0 DUP1 REVERT JUMPDEST POP PUSH2 0xB8 PUSH2 0x499 JUMP JUMPDEST PUSH1 0x40 MLOAD DUP1 DUP1 PUSH1 0x20 ADD DUP3 DUP2 SUB DUP3 MSTORE DUP4 DUP2 DUP2 MLOAD DUP2 MSTORE PUSH1 0x20 ADD SWAP2 POP DUP1 MLOAD SWAP1 PUSH1 0x20 ADD SWAP1 DUP1 DUP4 DUP4 PUSH1 0x0 JUMPDEST DUP4 DUP2 LT ISZERO PUSH2 0xF8 JUMPI DUP1 DUP3 ADD MLOAD DUP2 DUP5 ADD MSTORE PUSH1 0x20 DUP2 ADD SWAP1 POP PUSH2 0xDD JUMP JUMPDEST POP POP POP POP SWAP1 POP SWAP1 DUP2 ADD SWAP1 PUSH1 0x1F AND DUP1 ISZERO PUSH2 0x125 JUMPI DUP1 DUP3 SUB DUP1 MLOAD PUSH1 0x1 DUP4 PUSH1 0x20 SUB PUSH2 0x100 EXP SUB NOT AND DUP2 MSTORE PUSH1 0x20 ADD SWAP2 POP JUMPDEST POP SWAP3 POP POP POP PUSH1 0x40 MLOAD DUP1 SWAP2 SUB SWAP1 RETURN JUMPDEST CALLVALUE DUP1 ISZERO PUSH2 0x13F JUMPI PUSH1 0x0 DUP1 REVERT JUMPDEST POP PUSH2 0x18C PUSH1 0x4 DUP1 CALLDATASIZE SUB PUSH1 0x40 DUP2 LT ISZERO PUSH2 0x156 JUMPI PUSH1 0x0 DUP1 REVERT JUMPDEST DUP2 ADD SWAP1 DUP1 DUP1 CALLDATALOAD PUSH20 0xFFFFFFFFFFFFFFFFFFFFFFFFFFFFFFFFFFFFFFFF AND SWAP1 PUSH1 0x20 ADD SWAP1 SWAP3 SWAP2 SWAP1 DUP1 CALLDATALOAD SWAP1 PUSH1 0x20 ADD SWAP1 SWAP3 SWAP2 SWAP1 POP POP POP PUSH2 0x537 JUMP JUMPDEST PUSH1 0x40 MLOAD DUP1 DUP3 ISZERO ISZERO ISZERO ISZERO DUP2 MSTORE PUSH1 0x20 ADD SWAP2 POP POP PUSH1 0x40 MLOAD DUP1 SWAP2 SUB SWAP1 RETURN JUMPDEST CALLVALUE DUP1 ISZERO PUSH2 0x1B2 JUMPI PUSH1 0x0 DUP1 REVERT JUMPDEST POP PUSH2 0x1BB PUSH2 0x629 JUMP JUMPDEST PUSH1 0x40 MLOAD DUP1 DUP3 DUP2 MSTORE PUSH1 0x20 ADD SWAP2 POP POP PUSH1 0x40 MLOAD DUP1 SWAP2 SUB SWAP1 RETURN JUMPDEST CALLVALUE DUP1 ISZERO PUSH2 0x1DD JUMPI PUSH1 0x0 DUP1 REVERT JUMPDEST POP PUSH2 0x24A PUSH1 0x4 DUP1 CALLDATASIZE SUB PUSH1 0x60 DUP2 LT ISZERO PUSH2 0x1F4 JUMPI PUSH1 0x0 DUP1 REVERT JUMPDEST DUP2 ADD SWAP1 DUP1 DUP1 CALLDATALOAD PUSH20 0xFFFFFFFFFFFFFFFFFFFFFFFFFFFFFFFFFFFFFFFF AND SWAP1 PUSH1 0x20 ADD SWAP1 SWAP3 SWAP2 SWAP1 DUP1 CALLDATALOAD PUSH20 0xFFFFFFFFFFFFFFFFFFFFFFFFFFFFFFFFFFFFFFFF AND SWAP1 PUSH1 0x20 ADD SWAP1 SWAP3 SWAP2 SWAP1 DUP1 CALLDATALOAD SWAP1 PUSH1 0x20 ADD SWAP1 SWAP3 SWAP2 SWAP1 POP POP POP PUSH2 0x62F JUMP JUMPDEST PUSH1 0x40 MLOAD DUP1 DUP3 ISZERO ISZERO ISZERO ISZERO DUP2 MSTORE PUSH1 0x20 ADD SWAP2 POP POP PUSH1 0x40 MLOAD DUP1 SWAP2 SUB SWAP1 RETURN JUMPDEST CALLVALUE DUP1 ISZERO PUSH2 0x270 JUMPI PUSH1 0x0 DUP1 REVERT JUMPDEST POP PUSH2 0x279 PUSH2 0x89B JUMP JUMPDEST PUSH1 0x40 MLOAD DUP1 DUP3 PUSH1 0xFF AND PUSH1 0xFF AND DUP2 MSTORE PUSH1 0x20 ADD SWAP2 POP POP PUSH1 0x40 MLOAD DUP1 SWAP2 SUB SWAP1 RETURN JUMPDEST CALLVALUE DUP1 ISZERO PUSH2 0x2A1 JUMPI PUSH1 0x0 DUP1 REVERT JUMPDEST POP PUSH2 0x2E4 PUSH1 0x4 DUP1 CALLDATASIZE SUB PUSH1 0x20 DUP2 LT ISZERO PUSH2 0x2B8 JUMPI PUSH1 0x0 DUP1 REVERT JUMPDEST DUP2 ADD SWAP1 DUP1 DUP1 CALLDATALOAD PUSH20 0xFFFFFFFFFFFFFFFFFFFFFFFFFFFFFFFFFFFFFFFF AND SWAP1 PUSH1 0x20 ADD SWAP1 SWAP3 SWAP2 SWAP1 POP POP POP PUSH2 0x8AE JUMP JUMPDEST PUSH1 0x40 MLOAD DUP1 DUP3 DUP2 MSTORE PUSH1 0x20 ADD SWAP2 POP POP PUSH1 0x40 MLOAD DUP1 SWAP2 SUB SWAP1 RETURN JUMPDEST CALLVALUE DUP1 ISZERO PUSH2 0x306 JUMPI PUSH1 0x0 DUP1 REVERT JUMPDEST POP PUSH2 0x30F PUSH2 0x8C6 JUMP JUMPDEST PUSH1 0x40 MLOAD DUP1 DUP1 PUSH1 0x20 ADD DUP3 DUP2 SUB DUP3 MSTORE DUP4 DUP2 DUP2 MLOAD DUP2 MSTORE PUSH1 0x20 ADD SWAP2 POP DUP1 MLOAD SWAP1 PUSH1 0x20 ADD SWAP1 DUP1 DUP4 DUP4 PUSH1 0x0 JUMPDEST DUP4 DUP2 LT ISZERO PUSH2 0x34F JUMPI DUP1 DUP3 ADD MLOAD DUP2 DUP5 ADD MSTORE PUSH1 0x20 DUP2 ADD SWAP1 POP PUSH2 0x334 JUMP JUMPDEST POP POP POP POP SWAP1 POP SWAP1 DUP2 ADD SWAP1 PUSH1 0x1F AND DUP1 ISZERO PUSH2 0x37C JUMPI DUP1 DUP3 SUB DUP1 MLOAD PUSH1 0x1 DUP4 PUSH1 0x20 SUB PUSH2 0x100 EXP SUB NOT AND DUP2 MSTORE PUSH1 0x20 ADD SWAP2 POP JUMPDEST POP SWAP3 POP POP POP PUSH1 0x40 MLOAD DUP1 SWAP2 SUB SWAP1 RETURN JUMPDEST CALLVALUE DUP1 ISZERO PUSH2 0x396 JUMPI PUSH1 0x0 DUP1 REVERT JUMPDEST POP PUSH2 0x3E3 PUSH1 0x4 DUP1 CALLDATASIZE SUB PUSH1 0x40 DUP2 LT ISZERO PUSH2 0x3AD JUMPI PUSH1 0x0 DUP1 REVERT JUMPDEST DUP2 ADD SWAP1 DUP1 DUP1 CALLDATALOAD PUSH20 0xFFFFFFFFFFFFFFFFFFFFFFFFFFFFFFFFFFFFFFFF AND SWAP1 PUSH1 0x20 ADD SWAP1 SWAP3 SWAP2 SWAP1 DUP1 CALLDATALOAD SWAP1 PUSH1 0x20 ADD SWAP1 SWAP3 SWAP2 SWAP1 POP POP POP PUSH2 0x964 JUMP JUMPDEST PUSH1 0x40 MLOAD DUP1 DUP3 ISZERO ISZERO ISZERO ISZERO DUP2 MSTORE PUSH1 0x20 ADD SWAP2 POP POP PUSH1 0x40 MLOAD DUP1 SWAP2 SUB SWAP1 RETURN JUMPDEST CALLVALUE DUP1 ISZERO PUSH2 0x409 JUMPI PUSH1 0x0 DUP1 REVERT JUMPDEST POP PUSH2 0x412 PUSH2 0xABA JUMP JUMPDEST STOP JUMPDEST CALLVALUE DUP1 ISZERO PUSH2 0x420 JUMPI PUSH1 0x0 DUP1 REVERT JUMPDEST POP PUSH2 0x483 PUSH1 0x4 DUP1 CALLDATASIZE SUB PUSH1 0x40 DUP2 LT ISZERO PUSH2 0x437 JUMPI PUSH1 0x0 DUP1 REVERT JUMPDEST DUP2 ADD SWAP1 DUP1 DUP1 CALLDATALOAD PUSH20 0xFFFFFFFFFFFFFFFFFFFFFFFFFFFFFFFFFFFFFFFF AND SWAP1 PUSH1 0x20 ADD SWAP1 SWAP3 SWAP2 SWAP1 DUP1 CALLDATALOAD PUSH20 0xFFFFFFFFFFFFFFFFFFFFFFFFFFFFFFFFFFFFFFFF AND SWAP1 PUSH1 0x20 ADD SWAP1 SWAP3 SWAP2 SWAP1 POP POP POP PUSH2 0xB69 JUMP JUMPDEST PUSH1 0x40 MLOAD DUP1 DUP3 DUP2 MSTORE PUSH1 0x20 ADD SWAP2 POP POP PUSH1 0x40 MLOAD DUP1 SWAP2 SUB SWAP1 RETURN JUMPDEST PUSH1 0x1 DUP1 SLOAD PUSH1 0x1 DUP2 PUSH1 0x1 AND ISZERO PUSH2 0x100 MUL SUB AND PUSH1 0x2 SWAP1 DIV DUP1 PUSH1 0x1F ADD PUSH1 0x20 DUP1 SWAP2 DIV MUL PUSH1 0x20 ADD PUSH1 0x40 MLOAD SWAP1 DUP2 ADD PUSH1 0x40 MSTORE DUP1 SWAP3 SWAP2 SWAP1 DUP2 DUP2 MSTORE PUSH1 0x20 ADD DUP3 DUP1 SLOAD PUSH1 0x1 DUP2 PUSH1 0x1 AND ISZERO PUSH2 0x100 MUL SUB AND PUSH1 0x2 SWAP1 DIV DUP1 ISZERO PUSH2 0x52F JUMPI DUP1 PUSH1 0x1F LT PUSH2 0x504 JUMPI PUSH2 0x100 DUP1 DUP4 SLOAD DIV MUL DUP4 MSTORE SWAP2 PUSH1 0x20 ADD SWAP2 PUSH2 0x52F JUMP JUMPDEST DUP3 ADD SWAP2 SWAP1 PUSH1 0x0 MSTORE PUSH1 0x20 PUSH1 0x0 KECCAK256 SWAP1 JUMPDEST DUP2 SLOAD DUP2 MSTORE SWAP1 PUSH1 0x1 ADD SWAP1 PUSH1 0x20 ADD DUP1 DUP4 GT PUSH2 0x512 JUMPI DUP3 SWAP1 SUB PUSH1 0x1F AND DUP3 ADD SWAP2 JUMPDEST POP POP POP POP POP DUP2 JUMP JUMPDEST PUSH1 0x0 DUP2 PUSH1 0x5 PUSH1 0x0 CALLER PUSH20 0xFFFFFFFFFFFFFFFFFFFFFFFFFFFFFFFFFFFFFFFF AND PUSH20 0xFFFFFFFFFFFFFFFFFFFFFFFFFFFFFFFFFFFFFFFF AND DUP2 MSTORE PUSH1 0x20 ADD SWAP1 DUP2 MSTORE PUSH1 0x20 ADD PUSH1 0x0 KECCAK256 PUSH1 0x0 DUP6 PUSH20 0xFFFFFFFFFFFFFFFFFFFFFFFFFFFFFFFFFFFFFFFF AND PUSH20 0xFFFFFFFFFFFFFFFFFFFFFFFFFFFFFFFFFFFFFFFF AND DUP2 MSTORE PUSH1 0x20 ADD SWAP1 DUP2 MSTORE PUSH1 0x20 ADD PUSH1 0x0 KECCAK256 DUP2 SWAP1 SSTORE POP DUP3 PUSH20 0xFFFFFFFFFFFFFFFFFFFFFFFFFFFFFFFFFFFFFFFF AND CALLER PUSH20 0xFFFFFFFFFFFFFFFFFFFFFFFFFFFFFFFFFFFFFFFF AND PUSH32 0x8C5BE1E5EBEC7D5BD14F71427D1E84F3DD0314C0F7B2291E5B200AC8C7C3B925 DUP5 PUSH1 0x40 MLOAD DUP1 DUP3 DUP2 MSTORE PUSH1 0x20 ADD SWAP2 POP POP PUSH1 0x40 MLOAD DUP1 SWAP2 SUB SWAP1 LOG3 PUSH1 0x1 SWAP1 POP SWAP3 SWAP2 POP POP JUMP JUMPDEST PUSH1 0x4 SLOAD DUP2 JUMP JUMPDEST PUSH1 0x0 DUP1 PUSH1 0x0 DUP6 PUSH20 0xFFFFFFFFFFFFFFFFFFFFFFFFFFFFFFFFFFFFFFFF AND PUSH20 0xFFFFFFFFFFFFFFFFFFFFFFFFFFFFFFFFFFFFFFFF AND DUP2 MSTORE PUSH1 0x20 ADD SWAP1 DUP2 MSTORE PUSH1 0x20 ADD PUSH1 0x0 KECCAK256 SLOAD DUP3 GT ISZERO ISZERO ISZERO PUSH2 0x67E JUMPI PUSH1 0x0 DUP1 REVERT JUMPDEST PUSH1 0x5 PUSH1 0x0 DUP6 PUSH20 0xFFFFFFFFFFFFFFFFFFFFFFFFFFFFFFFFFFFFFFFF AND PUSH20 0xFFFFFFFFFFFFFFFFFFFFFFFFFFFFFFFFFFFFFFFF AND DUP2 MSTORE PUSH1 0x20 ADD SWAP1 DUP2 MSTORE PUSH1 0x20 ADD PUSH1 0x0 KECCAK256 PUSH1 0x0 CALLER PUSH20 0xFFFFFFFFFFFFFFFFFFFFFFFFFFFFFFFFFFFFFFFF AND PUSH20 0xFFFFFFFFFFFFFFFFFFFFFFFFFFFFFFFFFFFFFFFF AND DUP2 MSTORE PUSH1 0x20 ADD SWAP1 DUP2 MSTORE PUSH1 0x20 ADD PUSH1 0x0 KECCAK256 SLOAD DUP3 GT ISZERO ISZERO ISZERO PUSH2 0x709 JUMPI PUSH1 0x0 DUP1 REVERT JUMPDEST DUP2 PUSH1 0x0 DUP1 DUP7 PUSH20 0xFFFFFFFFFFFFFFFFFFFFFFFFFFFFFFFFFFFFFFFF AND PUSH20 0xFFFFFFFFFFFFFFFFFFFFFFFFFFFFFFFFFFFFFFFF AND DUP2 MSTORE PUSH1 0x20 ADD SWAP1 DUP2 MSTORE PUSH1 0x20 ADD PUSH1 0x0 KECCAK256 PUSH1 0x0 DUP3 DUP3 SLOAD SUB SWAP3 POP POP DUP2 SWAP1 SSTORE POP DUP2 PUSH1 0x0 DUP1 DUP6 PUSH20 0xFFFFFFFFFFFFFFFFFFFFFFFFFFFFFFFFFFFFFFFF AND PUSH20 0xFFFFFFFFFFFFFFFFFFFFFFFFFFFFFFFFFFFFFFFF AND DUP2 MSTORE PUSH1 0x20 ADD SWAP1 DUP2 MSTORE PUSH1 0x20 ADD PUSH1 0x0 KECCAK256 PUSH1 0x0 DUP3 DUP3 SLOAD ADD SWAP3 POP POP DUP2 SWAP1 SSTORE POP DUP2 PUSH1 0x5 PUSH1 0x0 DUP7 PUSH20 0xFFFFFFFFFFFFFFFFFFFFFFFFFFFFFFFFFFFFFFFF AND PUSH20 0xFFFFFFFFFFFFFFFFFFFFFFFFFFFFFFFFFFFFFFFF AND DUP2 MSTORE PUSH1 0x20 ADD SWAP1 DUP2 MSTORE PUSH1 0x20 ADD PUSH1 0x0 KECCAK256 PUSH1 0x0 CALLER PUSH20 0xFFFFFFFFFFFFFFFFFFFFFFFFFFFFFFFFFFFFFFFF AND PUSH20 0xFFFFFFFFFFFFFFFFFFFFFFFFFFFFFFFFFFFFFFFF AND DUP2 MSTORE PUSH1 0x20 ADD SWAP1 DUP2 MSTORE PUSH1 0x20 ADD PUSH1 0x0 KECCAK256 PUSH1 0x0 DUP3 DUP3 SLOAD SUB SWAP3 POP POP DUP2 SWAP1 SSTORE POP DUP3 PUSH20 0xFFFFFFFFFFFFFFFFFFFFFFFFFFFFFFFFFFFFFFFF AND DUP5 PUSH20 0xFFFFFFFFFFFFFFFFFFFFFFFFFFFFFFFFFFFFFFFF AND PUSH32 0xDDF252AD1BE2C89B69C2B068FC378DAA952BA7F163C4A11628F55A4DF523B3EF DUP5 PUSH1 0x40 MLOAD DUP1 DUP3 DUP2 MSTORE PUSH1 0x20 ADD SWAP2 POP POP PUSH1 0x40 MLOAD DUP1 SWAP2 SUB SWAP1 LOG3 PUSH1 0x1 SWAP1 POP SWAP4 SWAP3 POP POP POP JUMP JUMPDEST PUSH1 0x3 PUSH1 0x0 SWAP1 SLOAD SWAP1 PUSH2 0x100 EXP SWAP1 DIV PUSH1 0xFF AND DUP2 JUMP JUMPDEST PUSH1 0x0 PUSH1 0x20 MSTORE DUP1 PUSH1 0x0 MSTORE PUSH1 0x40 PUSH1 0x0 KECCAK256 PUSH1 0x0 SWAP2 POP SWAP1 POP SLOAD DUP2 JUMP JUMPDEST PUSH1 0x2 DUP1 SLOAD PUSH1 0x1 DUP2 PUSH1 0x1 AND ISZERO PUSH2 0x100 MUL SUB AND PUSH1 0x2 SWAP1 DIV DUP1 PUSH1 0x1F ADD PUSH1 0x20 DUP1 SWAP2 DIV MUL PUSH1 0x20 ADD PUSH1 0x40 MLOAD SWAP1 DUP2 ADD PUSH1 0x40 MSTORE DUP1 SWAP3 SWAP2 SWAP1 DUP2 DUP2 MSTORE PUSH1 0x20 ADD DUP3 DUP1 SLOAD PUSH1 0x1 DUP2 PUSH1 0x1 AND ISZERO PUSH2 0x100 MUL SUB AND PUSH1 0x2 SWAP1 DIV DUP1 ISZERO PUSH2 0x95C JUMPI DUP1 PUSH1 0x1F LT PUSH2 0x931 JUMPI PUSH2 0x100 DUP1 DUP4 SLOAD DIV MUL DUP4 MSTORE SWAP2 PUSH1 0x20 ADD SWAP2 PUSH2 0x95C JUMP JUMPDEST DUP3 ADD SWAP2 SWAP1 PUSH1 0x0 MSTORE PUSH1 0x20 PUSH1 0x0 KECCAK256 SWAP1 JUMPDEST DUP2 SLOAD DUP2 MSTORE SWAP1 PUSH1 0x1 ADD SWAP1 PUSH1 0x20 ADD DUP1 DUP4 GT PUSH2 0x93F JUMPI DUP3 SWAP1 SUB PUSH1 0x1F AND DUP3 ADD SWAP2 JUMPDEST POP POP POP POP POP DUP2 JUMP JUMPDEST PUSH1 0x0 DUP2 PUSH1 0x0 DUP1 CALLER PUSH20 0xFFFFFFFFFFFFFFFFFFFFFFFFFFFFFFFFFFFFFFFF AND PUSH20 0xFFFFFFFFFFFFFFFFFFFFFFFFFFFFFFFFFFFFFFFF AND DUP2 MSTORE PUSH1 0x20 ADD SWAP1 DUP2 MSTORE PUSH1 0x20 ADD PUSH1 0x0 KECCAK256 SLOAD LT ISZERO ISZERO ISZERO PUSH2 0x9B3 JUMPI PUSH1 0x0 DUP1 REVERT JUMPDEST DUP2 PUSH1 0x0 DUP1 CALLER PUSH20 0xFFFFFFFFFFFFFFFFFFFFFFFFFFFFFFFFFFFFFFFF AND PUSH20 0xFFFFFFFFFFFFFFFFFFFFFFFFFFFFFFFFFFFFFFFF AND DUP2 MSTORE PUSH1 0x20 ADD SWAP1 DUP2 MSTORE PUSH1 0x20 ADD PUSH1 0x0 KECCAK256 PUSH1 0x0 DUP3 DUP3 SLOAD SUB SWAP3 POP POP DUP2 SWAP1 SSTORE POP DUP2 PUSH1 0x0 DUP1 DUP6 PUSH20 0xFFFFFFFFFFFFFFFFFFFFFFFFFFFFFFFFFFFFFFFF AND PUSH20 0xFFFFFFFFFFFFFFFFFFFFFFFFFFFFFFFFFFFFFFFF AND DUP2 MSTORE PUSH1 0x20 ADD SWAP1 DUP2 MSTORE PUSH1 0x20 ADD PUSH1 0x0 KECCAK256 PUSH1 0x0 DUP3 DUP3 SLOAD ADD SWAP3 POP POP DUP2 SWAP1 SSTORE POP DUP3 PUSH20 0xFFFFFFFFFFFFFFFFFFFFFFFFFFFFFFFFFFFFFFFF AND CALLER PUSH20 0xFFFFFFFFFFFFFFFFFFFFFFFFFFFFFFFFFFFFFFFF AND PUSH32 0xDDF252AD1BE2C89B69C2B068FC378DAA952BA7F163C4A11628F55A4DF523B3EF DUP5 PUSH1 0x40 MLOAD DUP1 DUP3 DUP2 MSTORE PUSH1 0x20 ADD SWAP2 POP POP PUSH1 0x40 MLOAD DUP1 SWAP2 SUB SWAP1 LOG3 PUSH1 0x1 SWAP1 POP SWAP3 SWAP2 POP POP JUMP JUMPDEST PUSH1 0x4 SLOAD PUSH1 0x0 DUP1 CALLER PUSH20 0xFFFFFFFFFFFFFFFFFFFFFFFFFFFFFFFFFFFFFFFF AND PUSH20 0xFFFFFFFFFFFFFFFFFFFFFFFFFFFFFFFFFFFFFFFF AND DUP2 MSTORE PUSH1 0x20 ADD SWAP1 DUP2 MSTORE PUSH1 0x20 ADD PUSH1 0x0 KECCAK256 DUP2 SWAP1 SSTORE POP CALLER PUSH20 0xFFFFFFFFFFFFFFFFFFFFFFFFFFFFFFFFFFFFFFFF AND PUSH1 0x0 PUSH20 0xFFFFFFFFFFFFFFFFFFFFFFFFFFFFFFFFFFFFFFFF AND PUSH32 0xDDF252AD1BE2C89B69C2B068FC378DAA952BA7F163C4A11628F55A4DF523B3EF PUSH1 0x4 SLOAD PUSH1 0x40 MLOAD DUP1 DUP3 DUP2 MSTORE PUSH1 0x20 ADD SWAP2 POP POP PUSH1 0x40 MLOAD DUP1 SWAP2 SUB SWAP1 LOG3 JUMP JUMPDEST PUSH1 0x5 PUSH1 0x20 MSTORE DUP2 PUSH1 0x0 MSTORE PUSH1 0x40 PUSH1 0x0 KECCAK256 PUSH1 0x20 MSTORE DUP1 PUSH1 0x0 MSTORE PUSH1 0x40 PUSH1 0x0 KECCAK256 PUSH1 0x0 SWAP2 POP SWAP2 POP POP SLOAD DUP2 JUMP INVALID LOG1 PUSH6 0x627A7A723058 KECCAK256 DUP11 DUP7 0x49 RETURNDATASIZE 0xbd POP DIV PUSH17 0x9710F1C621241B24B5F393BFC07B92E938 PUSH10 0x72EB61F0DD4200290000
0,PUSH1 0x80 PUSH1 0x40 MSTORE PUSH1 0x40 DUP1 MLOAD SWAP1 DUP2 ADD PUSH1 0x40 MSTORE DUP1 PUSH1 0x18 DUP2 MSTORE PUSH1 0x20 ADD PUSH32 0x94343445F4B4F484C455F31335F323031393034313109090000000000000000 DUP2 MSTORE POP PUSH1 0x1 SWAP1 DUP1 MLOAD SWAP1 PUSH1 0x20 ADD SWAP1 PUSH2 0x4F SWAP3 SWAP2 SWAP1 PUSH2 0xD9 JUMP JUMPDEST POP PUSH1 0x40 DUP1 MLOAD SWAP1 DUP2 ADD PUSH1 0x40 MSTORE DUP1 PUSH1 0x1E DUP2 MSTORE PUSH1 0x20 ADD PUSH32 0x94343445F4B4F484C455F31335F32303139303431315F737562445409090000 DUP2 MSTORE POP PUSH1 0x2 SWAP1 DUP1 MLOAD SWAP1 PUSH1 0x20 ADD SWAP1 PUSH2 0x9B SWAP3 SWAP2 SWAP1 PUSH2 0xD9 JUMP JUMPDEST POP PUSH1 0x12 PUSH1 0x3 PUSH1 0x0 PUSH2 0x100 EXP DUP2 SLOAD DUP2 PUSH1 0xFF MUL NOT AND SWAP1 DUP4 PUSH1 0xFF AND MUL OR SWAP1 SSTORE POP PUSH11 0x1060D026983FFAA7000000 PUSH1 0x4 SSTORE CALLVALUE DUP1 ISZERO PUSH2 0xD3 JUMPI PUSH1 0x0 DUP1 REVERT JUMPDEST POP PUSH2 0x17E JUMP JUMPDEST DUP3 DUP1 SLOAD PUSH1 0x1 DUP2 PUSH1 0x1 AND ISZERO PUSH2 0x100 MUL SUB AND PUSH1 0x2 SWAP1 DIV SWAP1 PUSH1 0x0 MSTORE PUSH1 0x20 PUSH1 0x0 KECCAK256 SWAP1 PUSH1 0x1F ADD PUSH1 0x20 SWAP1 DIV DUP2 ADD SWAP3 DUP3 PUSH1 0x1F LT PUSH2 0x11A JUMPI DUP1 MLOAD PUSH1 0xFF NOT AND DUP4 DUP1 ADD OR DUP6 SSTORE PUSH2 0x148 JUMP JUMPDEST DUP3 DUP1 ADD PUSH1 0x1 ADD DUP6 SSTORE DUP3 ISZERO PUSH2 0x148 JUMPI SWAP2 DUP3 ADD JUMPDEST DUP3 DUP2 GT ISZERO PUSH2 0x147 JUMPI DUP3 MLOAD DUP3 SSTORE SWAP2 PUSH1 0x20 ADD SWAP2 SWAP1 PUSH1 0x1 ADD SWAP1 PUSH2 0x12C JUMP JUMPDEST JUMPDEST POP SWAP1 POP PUSH2 0x155 SWAP2 SWAP1 PUSH2 0x159 JUMP JUMPDEST POP SWAP1 JUMP JUMPDEST PUSH2 0x17B SWAP2 SWAP1 JUMPDEST DUP1 DUP3 GT ISZERO PUSH2 0x177 JUMPI PUSH1 0x0 DUP2 PUSH1 0x0 SWAP1 SSTORE POP PUSH1 0x1 ADD PUSH2 0x15F JUMP JUMPDEST POP SWAP1 JUMP JUMPDEST SWAP1 JUMP JUMPDEST PUSH2 0xBBA DUP1 PUSH2 0x18D PUSH1 0x0 CODECOPY PUSH1 0x0 RETURN INVALID PUSH1 0x80 PUSH1 0x40 MSTORE PUSH1 0x4 CALLDATASIZE LT PUSH2 0x9E JUMPI PUSH1 0x0 CALLDATALOAD PUSH29 0x100000000000000000000000000000000000000000000000000000000 SWAP1 DIV DUP1 PUSH4 0x6FDDE03 EQ PUSH2 0xA3 JUMPI DUP1 PUSH4 0x95EA7B3 EQ PUSH2 0x133 JUMPI DUP1 PUSH4 0x18160DDD EQ PUSH2 0x1A6 JUMPI DUP1 PUSH4 0x23B872DD EQ PUSH2 0x1D1 JUMPI DUP1 PUSH4 0x313CE567 EQ PUSH2 0x264 JUMPI DUP1 PUSH4 0x70A08231 EQ PUSH2 0x295 JUMPI DUP1 PUSH4 0x95D89B41 EQ PUSH2 0x2FA JUMPI DUP1 PUSH4 0xA9059CBB EQ PUSH2 0x38A JUMPI DUP1 PUSH4 0xB5C8F317 EQ PUSH2 0x3FD JUMPI DUP1 PUSH4 0xDD62ED3E EQ PUSH2 0x414 JUMPI JUMPDEST PUSH1 0x0 DUP1 REVERT JUMPDEST CALLVALUE DUP1 ISZERO PUSH2 0xAF JUMPI PUSH1 0x0 DUP1 REVERT JUMPDEST POP PUSH2 0xB8 PUSH2 0x499 JUMP JUMPDEST PUSH1 0x40 MLOAD DUP1 DUP1 PUSH1 0x20 ADD DUP3 DUP2 SUB DUP3 MSTORE DUP4 DUP2 DUP2 MLOAD DUP2 MSTORE PUSH1 0x20 ADD SWAP2 POP DUP1 MLOAD SWAP1 PUSH1 0x20 ADD SWAP1 DUP1 DUP4 DUP4 PUSH1 0x0 JUMPDEST DUP4 DUP2 LT ISZERO PUSH2 0xF8 JUMPI DUP1 DUP3 ADD MLOAD DUP2 DUP5 ADD MSTORE PUSH1 0x20 DUP2 ADD SWAP1 POP PUSH2 0xDD JUMP JUMPDEST POP POP POP POP SWAP1 POP SWAP1 DUP2 ADD SWAP1 PUSH1 0x1F AND DUP1 ISZERO PUSH2 0x125 JUMPI DUP1 DUP3 SUB DUP1 MLOAD PUSH1 0x1 DUP4 PUSH1 0x20 SUB PUSH2 0x100 EXP SUB NOT AND DUP2 MSTORE PUSH1 0x20 ADD SWAP2 POP JUMPDEST POP SWAP3 POP POP POP PUSH1 0x40 MLOAD DUP1 SWAP2 SUB SWAP1 RETURN JUMPDEST CALLVALUE DUP1 ISZERO PUSH2 0x13F JUMPI PUSH1 0x0 DUP1 REVERT JUMPDEST POP PUSH2 0x18C PUSH1 0x4 DUP1 CALLDATASIZE SUB PUSH1 0x40 DUP2 LT ISZERO PUSH2 0x156 JUMPI PUSH1 0x0 DUP1 REVERT JUMPDEST DUP2 ADD SWAP1 DUP1 DUP1 CALLDATALOAD PUSH20 0xFFFFFFFFFFFFFFFFFFFFFFFFFFFFFFFFFFFFFFFF AND SWAP1 PUSH1 0x20 ADD SWAP1 SWAP3 SWAP2 SWAP1 DUP1 CALLDATALOAD SWAP1 PUSH1 0x20 ADD SWAP1 SWAP3 SWAP2 SWAP1 POP POP POP PUSH2 0x537 JUMP JUMPDEST PUSH1 0x40 MLOAD DUP1 DUP3 ISZERO ISZERO ISZERO ISZERO DUP2 MSTORE PUSH1 0x20 ADD SWAP2 POP POP PUSH1 0x40 MLOAD DUP1 SWAP2 SUB SWAP1 RETURN JUMPDEST CALLVALUE DUP1 ISZERO PUSH2 0x1B2 JUMPI PUSH1 0x0 DUP1 REVERT JUMPDEST POP PUSH2 0x1BB PUSH2 0x629 JUMP JUMPDEST PUSH1 0x40 MLOAD DUP1 DUP3 DUP2 MSTORE PUSH1 0x20 ADD SWAP2 POP POP PUSH1 0x40 MLOAD DUP1 SWAP2 SUB SWAP1 RETURN JUMPDEST CALLVALUE DUP1 ISZERO PUSH2 0x1DD JUMPI PUSH1 0x0 DUP1 REVERT JUMPDEST POP PUSH2 0x24A PUSH1 0x4 DUP1 CALLDATASIZE SUB PUSH1 0x60 DUP2 LT ISZERO PUSH2 0x1F4 JUMPI PUSH1 0x0 DUP1 REVERT JUMPDEST DUP2 ADD SWAP1 DUP1 DUP1 CALLDATALOAD PUSH20 0xFFFFFFFFFFFFFFFFFFFFFFFFFFFFFFFFFFFFFFFF AND SWAP1 PUSH1 0x20 ADD SWAP1 SWAP3 SWAP2 SWAP1 DUP1 CALLDATALOAD PUSH20 0xFFFFFFFFFFFFFFFFFFFFFFFFFFFFFFFFFFFFFFFF AND SWAP1 PUSH1 0x20 ADD SWAP1 SWAP3 SWAP2 SWAP1 DUP1 CALLDATALOAD SWAP1 PUSH1 0x20 ADD SWAP1 SWAP3 SWAP2 SWAP1 POP POP POP PUSH2 0x62F JUMP JUMPDEST PUSH1 0x40 MLOAD DUP1 DUP3 ISZERO ISZERO ISZERO ISZERO DUP2 MSTORE PUSH1 0x20 ADD SWAP2 POP POP PUSH1 0x40 MLOAD DUP1 SWAP2 SUB SWAP1 RETURN JUMPDEST CALLVALUE DUP1 ISZERO PUSH2 0x270 JUMPI PUSH1 0x0 DUP1 REVERT JUMPDEST POP PUSH2 0x279 PUSH2 0x89B JUMP JUMPDEST PUSH1 0x40 MLOAD DUP1 DUP3 PUSH1 0xFF AND PUSH1 0xFF AND DUP2 MSTORE PUSH1 0x20 ADD SWAP2 POP POP PUSH1 0x40 MLOAD DUP1 SWAP2 SUB SWAP1 RETURN JUMPDEST CALLVALUE DUP1 ISZERO PUSH2 0x2A1 JUMPI PUSH1 0x0 DUP1 REVERT JUMPDEST POP PUSH2 0x2E4 PUSH1 0x4 DUP1 CALLDATASIZE SUB PUSH1 0x20 DUP2 LT ISZERO PUSH2 0x2B8 JUMPI PUSH1 0x0 DUP1 REVERT JUMPDEST DUP2 ADD SWAP1 DUP1 DUP1 CALLDATALOAD PUSH20 0xFFFFFFFFFFFFFFFFFFFFFFFFFFFFFFFFFFFFFFFF AND SWAP1 PUSH1 0x20 ADD SWAP1 SWAP3 SWAP2 SWAP1 POP POP POP PUSH2 0x8AE JUMP JUMPDEST PUSH1 0x40 MLOAD DUP1 DUP3 DUP2 MSTORE PUSH1 0x20 ADD SWAP2 POP POP PUSH1 0x40 MLOAD DUP1 SWAP2 SUB SWAP1 RETURN JUMPDEST CALLVALUE DUP1 ISZERO PUSH2 0x306 JUMPI PUSH1 0x0 DUP1 REVERT JUMPDEST POP PUSH2 0x30F PUSH2 0x8C6 JUMP JUMPDEST PUSH1 0x40 MLOAD DUP1 DUP1 PUSH1 0x20 ADD DUP3 DUP2 SUB DUP3 MSTORE DUP4 DUP2 DUP2 MLOAD DUP2 MSTORE PUSH1 0x20 ADD SWAP2 POP DUP1 MLOAD SWAP1 PUSH1 0x20 ADD SWAP1 DUP1 DUP4 DUP4 PUSH1 0x0 JUMPDEST DUP4 DUP2 LT ISZERO PUSH2 0x34F JUMPI DUP1 DUP3 ADD MLOAD DUP2 DUP5 ADD MSTORE PUSH1 0x20 DUP2 ADD SWAP1 POP PUSH2 0x334 JUMP JUMPDEST POP POP POP POP SWAP1 POP SWAP1 DUP2 ADD SWAP1 PUSH1 0x1F AND DUP1 ISZERO PUSH2 0x37C JUMPI DUP1 DUP3 SUB DUP1 MLOAD PUSH1 0x1 DUP4 PUSH1 0x20 SUB PUSH2 0x100 EXP SUB NOT AND DUP2 MSTORE PUSH1 0x20 ADD SWAP2 POP JUMPDEST POP SWAP3 POP POP POP PUSH1 0x40 MLOAD DUP1 SWAP2 SUB SWAP1 RETURN JUMPDEST CALLVALUE DUP1 ISZERO PUSH2 0x396 JUMPI PUSH1 0x0 DUP1 REVERT JUMPDEST POP PUSH2 0x3E3 PUSH1 0x4 DUP1 CALLDATASIZE SUB PUSH1 0x40 DUP2 LT ISZERO PUSH2 0x3AD JUMPI PUSH1 0x0 DUP1 REVERT JUMPDEST DUP2 ADD SWAP1 DUP1 DUP1 CALLDATALOAD PUSH20 0xFFFFFFFFFFFFFFFFFFFFFFFFFFFFFFFFFFFFFFFF AND SWAP1 PUSH1 0x20 ADD SWAP1 SWAP3 SWAP2 SWAP1 DUP1 CALLDATALOAD SWAP1 PUSH1 0x20 ADD SWAP1 SWAP3 SWAP2 SWAP1 POP POP POP PUSH2 0x964 JUMP JUMPDEST PUSH1 0x40 MLOAD DUP1 DUP3 ISZERO ISZERO ISZERO ISZERO DUP2 MSTORE PUSH1 0x20 ADD SWAP2 POP POP PUSH1 0x40 MLOAD DUP1 SWAP2 SUB SWAP1 RETURN JUMPDEST CALLVALUE DUP1 ISZERO PUSH2 0x409 JUMPI PUSH1 0x0 DUP1 REVERT JUMPDEST POP PUSH2 0x412 PUSH2 0xABA JUMP JUMPDEST STOP JUMPDEST CALLVALUE DUP1 ISZERO PUSH2 0x420 JUMPI PUSH1 0x0 DUP1 REVERT JUMPDEST POP PUSH2 0x483 PUSH1 0x4 DUP1 CALLDATASIZE SUB PUSH1 0x40 DUP2 LT ISZERO PUSH2 0x437 JUMPI PUSH1 0x0 DUP1 REVERT JUMPDEST DUP2 ADD SWAP1 DUP1 DUP1 CALLDATALOAD PUSH20 0xFFFFFFFFFFFFFFFFFFFFFFFFFFFFFFFFFFFFFFFF AND SWAP1 PUSH1 0x20 ADD SWAP1 SWAP3 SWAP2 SWAP1 DUP1 CALLDATALOAD PUSH20 0xFFFFFFFFFFFFFFFFFFFFFFFFFFFFFFFFFFFFFFFF AND SWAP1 PUSH1 0x20 ADD SWAP1 SWAP3 SWAP2 SWAP1 POP POP POP PUSH2 0xB69 JUMP JUMPDEST PUSH1 0x40 MLOAD DUP1 DUP3 DUP2 MSTORE PUSH1 0x20 ADD SWAP2 POP POP PUSH1 0x40 MLOAD DUP1 SWAP2 SUB SWAP1 RETURN JUMPDEST PUSH1 0x1 DUP1 SLOAD PUSH1 0x1 DUP2 PUSH1 0x1 AND ISZERO PUSH2 0x100 MUL SUB AND PUSH1 0x2 SWAP1 DIV DUP1 PUSH1 0x1F ADD PUSH1 0x20 DUP1 SWAP2 DIV MUL PUSH1 0x20 ADD PUSH1 0x40 MLOAD SWAP1 DUP2 ADD PUSH1 0x40 MSTORE DUP1 SWAP3 SWAP2 SWAP1 DUP2 DUP2 MSTORE PUSH1 0x20 ADD DUP3 DUP1 SLOAD PUSH1 0x1 DUP2 PUSH1 0x1 AND ISZERO PUSH2 0x100 MUL SUB AND PUSH1 0x2 SWAP1 DIV DUP1 ISZERO PUSH2 0x52F JUMPI DUP1 PUSH1 0x1F LT PUSH2 0x504 JUMPI PUSH2 0x100 DUP1 DUP4 SLOAD DIV MUL DUP4 MSTORE SWAP2 PUSH1 0x20 ADD SWAP2 PUSH2 0x52F JUMP JUMPDEST DUP3 ADD SWAP2 SWAP1 PUSH1 0x0 MSTORE PUSH1 0x20 PUSH1 0x0 KECCAK256 SWAP1 JUMPDEST DUP2 SLOAD DUP2 MSTORE SWAP1 PUSH1 0x1 ADD SWAP1 PUSH1 0x20 ADD DUP1 DUP4 GT PUSH2 0x512 JUMPI DUP3 SWAP1 SUB PUSH1 0x1F AND DUP3 ADD SWAP2 JUMPDEST POP POP POP POP POP DUP2 JUMP JUMPDEST PUSH1 0x0 DUP2 PUSH1 0x5 PUSH1 0x0 CALLER PUSH20 0xFFFFFFFFFFFFFFFFFFFFFFFFFFFFFFFFFFFFFFFF AND PUSH20 0xFFFFFFFFFFFFFFFFFFFFFFFFFFFFFFFFFFFFFFFF AND DUP2 MSTORE PUSH1 0x20 ADD SWAP1 DUP2 MSTORE PUSH1 0x20 ADD PUSH1 0x0 KECCAK256 PUSH1 0x0 DUP6 PUSH20 0xFFFFFFFFFFFFFFFFFFFFFFFFFFFFFFFFFFFFFFFF AND PUSH20 0xFFFFFFFFFFFFFFFFFFFFFFFFFFFFFFFFFFFFFFFF AND DUP2 MSTORE PUSH1 0x20 ADD SWAP1 DUP2 MSTORE PUSH1 0x20 ADD PUSH1 0x0 KECCAK256 DUP2 SWAP1 SSTORE POP DUP3 PUSH20 0xFFFFFFFFFFFFFFFFFFFFFFFFFFFFFFFFFFFFFFFF AND CALLER PUSH20 0xFFFFFFFFFFFFFFFFFFFFFFFFFFFFFFFFFFFFFFFF AND PUSH32 0x8C5BE1E5EBEC7D5BD14F71427D1E84F3DD0314C0F7B2291E5B200AC8C7C3B925 DUP5 PUSH1 0x40 MLOAD DUP1 DUP3 DUP2 MSTORE PUSH1 0x20 ADD SWAP2 POP POP PUSH1 0x40 MLOAD DUP1 SWAP2 SUB SWAP1 LOG3 PUSH1 0x1 SWAP1 POP SWAP3 SWAP2 POP POP JUMP JUMPDEST PUSH1 0x4 SLOAD DUP2 JUMP JUMPDEST PUSH1 0x0 DUP1 PUSH1 0x0 DUP6 PUSH20 0xFFFFFFFFFFFFFFFFFFFFFFFFFFFFFFFFFFFFFFFF AND PUSH20 0xFFFFFFFFFFFFFFFFFFFFFFFFFFFFFFFFFFFFFFFF AND DUP2 MSTORE PUSH1 0x20 ADD SWAP1 DUP2 MSTORE PUSH1 0x20 ADD PUSH1 0x0 KECCAK256 SLOAD DUP3 GT ISZERO ISZERO ISZERO PUSH2 0x67E JUMPI PUSH1 0x0 DUP1 REVERT JUMPDEST PUSH1 0x5 PUSH1 0x0 DUP6 PUSH20 0xFFFFFFFFFFFFFFFFFFFFFFFFFFFFFFFFFFFFFFFF AND PUSH20 0xFFFFFFFFFFFFFFFFFFFFFFFFFFFFFFFFFFFFFFFF AND DUP2 MSTORE PUSH1 0x20 ADD SWAP1 DUP2 MSTORE PUSH1 0x20 ADD PUSH1 0x0 KECCAK256 PUSH1 0x0 CALLER PUSH20 0xFFFFFFFFFFFFFFFFFFFFFFFFFFFFFFFFFFFFFFFF AND PUSH20 0xFFFFFFFFFFFFFFFFFFFFFFFFFFFFFFFFFFFFFFFF AND DUP2 MSTORE PUSH1 0x20 ADD SWAP1 DUP2 MSTORE PUSH1 0x20 ADD PUSH1 0x0 KECCAK256 SLOAD DUP3 GT ISZERO ISZERO ISZERO PUSH2 0x709 JUMPI PUSH1 0x0 DUP1 REVERT JUMPDEST DUP2 PUSH1 0x0 DUP1 DUP7 PUSH20 0xFFFFFFFFFFFFFFFFFFFFFFFFFFFFFFFFFFFFFFFF AND PUSH20 0xFFFFFFFFFFFFFFFFFFFFFFFFFFFFFFFFFFFFFFFF AND DUP2 MSTORE PUSH1 0x20 ADD SWAP1 DUP2 MSTORE PUSH1 0x20 ADD PUSH1 0x0 KECCAK256 PUSH1 0x0 DUP3 DUP3 SLOAD SUB SWAP3 POP POP DUP2 SWAP1 SSTORE POP DUP2 PUSH1 0x0 DUP1 DUP6 PUSH20 0xFFFFFFFFFFFFFFFFFFFFFFFFFFFFFFFFFFFFFFFF AND PUSH20 0xFFFFFFFFFFFFFFFFFFFFFFFFFFFFFFFFFFFFFFFF AND DUP2 MSTORE PUSH1 0x20 ADD SWAP1 DUP2 MSTORE PUSH1 0x20 ADD PUSH1 0x0 KECCAK256 PUSH1 0x0 DUP3 DUP3 SLOAD ADD SWAP3 POP POP DUP2 SWAP1 SSTORE POP DUP2 PUSH1 0x5 PUSH1 0x0 DUP7 PUSH20 0xFFFFFFFFFFFFFFFFFFFFFFFFFFFFFFFFFFFFFFFF AND PUSH20 0xFFFFFFFFFFFFFFFFFFFFFFFFFFFFFFFFFFFFFFFF AND DUP2 MSTORE PUSH1 0x20 ADD SWAP1 DUP2 MSTORE PUSH1 0x20 ADD PUSH1 0x0 KECCAK256 PUSH1 0x0 CALLER PUSH20 0xFFFFFFFFFFFFFFFFFFFFFFFFFFFFFFFFFFFFFFFF AND PUSH20 0xFFFFFFFFFFFFFFFFFFFFFFFFFFFFFFFFFFFFFFFF AND DUP2 MSTORE PUSH1 0x20 ADD SWAP1 DUP2 MSTORE PUSH1 0x20 ADD PUSH1 0x0 KECCAK256 PUSH1 0x0 DUP3 DUP3 SLOAD SUB SWAP3 POP POP DUP2 SWAP1 SSTORE POP DUP3 PUSH20 0xFFFFFFFFFFFFFFFFFFFFFFFFFFFFFFFFFFFFFFFF AND DUP5 PUSH20 0xFFFFFFFFFFFFFFFFFFFFFFFFFFFFFFFFFFFFFFFF AND PUSH32 0xDDF252AD1BE2C89B69C2B068FC378DAA952BA7F163C4A11628F55A4DF523B3EF DUP5 PUSH1 0x40 MLOAD DUP1 DUP3 DUP2 MSTORE PUSH1 0x20 ADD SWAP2 POP POP PUSH1 0x40 MLOAD DUP1 SWAP2 SUB SWAP1 LOG3 PUSH1 0x1 SWAP1 POP SWAP4 SWAP3 POP POP POP JUMP JUMPDEST PUSH1 0x3 PUSH1 0x0 SWAP1 SLOAD SWAP1 PUSH2 0x100 EXP SWAP1 DIV PUSH1 0xFF AND DUP2 JUMP JUMPDEST PUSH1 0x0 PUSH1 0x20 MSTORE DUP1 PUSH1 0x0 MSTORE PUSH1 0x40 PUSH1 0x0 KECCAK256 PUSH1 0x0 SWAP2 POP SWAP1 POP SLOAD DUP2 JUMP JUMPDEST PUSH1 0x2 DUP1 SLOAD PUSH1 0x1 DUP2 PUSH1 0x1 AND ISZERO PUSH2 0x100 MUL SUB AND PUSH1 0x2 SWAP1 DIV DUP1 PUSH1 0x1F ADD PUSH1 0x20 DUP1 SWAP2 DIV MUL PUSH1 0x20 ADD PUSH1 0x40 MLOAD SWAP1 DUP2 ADD PUSH1 0x40 MSTORE DUP1 SWAP3 SWAP2 SWAP1 DUP2 DUP2 MSTORE PUSH1 0x20 ADD DUP3 DUP1 SLOAD PUSH1 0x1 DUP2 PUSH1 0x1 AND ISZERO PUSH2 0x100 MUL SUB AND PUSH1 0x2 SWAP1 DIV DUP1 ISZERO PUSH2 0x95C JUMPI DUP1 PUSH1 0x1F LT PUSH2 0x931 JUMPI PUSH2 0x100 DUP1 DUP4 SLOAD DIV MUL DUP4 MSTORE SWAP2 PUSH1 0x20 ADD SWAP2 PUSH2 0x95C JUMP JUMPDEST DUP3 ADD SWAP2 SWAP1 PUSH1 0x0 MSTORE PUSH1 0x20 PUSH1 0x0 KECCAK256 SWAP1 JUMPDEST DUP2 SLOAD DUP2 MSTORE SWAP1 PUSH1 0x1 ADD SWAP1 PUSH1 0x20 ADD DUP1 DUP4 GT PUSH2 0x93F JUMPI DUP3 SWAP1 SUB PUSH1 0x1F AND DUP3 ADD SWAP2 JUMPDEST POP POP POP POP POP DUP2 JUMP JUMPDEST PUSH1 0x0 DUP2 PUSH1 0x0 DUP1 CALLER PUSH20 0xFFFFFFFFFFFFFFFFFFFFFFFFFFFFFFFFFFFFFFFF AND PUSH20 0xFFFFFFFFFFFFFFFFFFFFFFFFFFFFFFFFFFFFFFFF AND DUP2 MSTORE PUSH1 0x20 ADD SWAP1 DUP2 MSTORE PUSH1 0x20 ADD PUSH1 0x0 KECCAK256 SLOAD LT ISZERO ISZERO ISZERO PUSH2 0x9B3 JUMPI PUSH1 0x0 DUP1 REVERT JUMPDEST DUP2 PUSH1 0x0 DUP1 CALLER PUSH20 0xFFFFFFFFFFFFFFFFFFFFFFFFFFFFFFFFFFFFFFFF AND PUSH20 0xFFFFFFFFFFFFFFFFFFFFFFFFFFFFFFFFFFFFFFFF AND DUP2 MSTORE PUSH1 0x20 ADD SWAP1 DUP2 MSTORE PUSH1 0x20 ADD PUSH1 0x0 KECCAK256 PUSH1 0x0 DUP3 DUP3 SLOAD SUB SWAP3 POP POP DUP2 SWAP1 SSTORE POP DUP2 PUSH1 0x0 DUP1 DUP6 PUSH20 0xFFFFFFFFFFFFFFFFFFFFFFFFFFFFFFFFFFFFFFFF AND PUSH20 0xFFFFFFFFFFFFFFFFFFFFFFFFFFFFFFFFFFFFFFFF AND DUP2 MSTORE PUSH1 0x20 ADD SWAP1 DUP2 MSTORE PUSH1 0x20 ADD PUSH1 0x0 KECCAK256 PUSH1 0x0 DUP3 DUP3 SLOAD ADD SWAP3 POP POP DUP2 SWAP1 SSTORE POP DUP3 PUSH20 0xFFFFFFFFFFFFFFFFFFFFFFFFFFFFFFFFFFFFFFFF AND CALLER PUSH20 0xFFFFFFFFFFFFFFFFFFFFFFFFFFFFFFFFFFFFFFFF AND PUSH32 0xDDF252AD1BE2C89B69C2B068FC378DAA952BA7F163C4A11628F55A4DF523B3EF DUP5 PUSH1 0x40 MLOAD DUP1 DUP3 DUP2 MSTORE PUSH1 0x20 ADD SWAP2 POP POP PUSH1 0x40 MLOAD DUP1 SWAP2 SUB SWAP1 LOG3 PUSH1 0x1 SWAP1 POP SWAP3 SWAP2 POP POP JUMP JUMPDEST PUSH1 0x4 SLOAD PUSH1 0x0 DUP1 CALLER PUSH20 0xFFFFFFFFFFFFFFFFFFFFFFFFFFFFFFFFFFFFFFFF AND PUSH20 0xFFFFFFFFFFFFFFFFFFFFFFFFFFFFFFFFFFFFFFFF AND DUP2 MSTORE PUSH1 0x20 ADD SWAP1 DUP2 MSTORE PUSH1 0x20 ADD PUSH1 0x0 KECCAK256 DUP2 SWAP1 SSTORE POP CALLER PUSH20 0xFFFFFFFFFFFFFFFFFFFFFFFFFFFFFFFFFFFFFFFF AND PUSH1 0x0 PUSH20 0xFFFFFFFFFFFFFFFFFFFFFFFFFFFFFFFFFFFFFFFF AND PUSH32 0xDDF252AD1BE2C89B69C2B068FC378DAA952BA7F163C4A11628F55A4DF523B3EF PUSH1 0x4 SLOAD PUSH1 0x40 MLOAD DUP1 DUP3 DUP2 MSTORE PUSH1 0x20 ADD SWAP2 POP POP PUSH1 0x40 MLOAD DUP1 SWAP2 SUB SWAP1 LOG3 JUMP JUMPDEST PUSH1 0x5 PUSH1 0x20 MSTORE DUP2 PUSH1 0x0 MSTORE PUSH1 0x40 PUSH1 0x0 KECCAK256 PUSH1 0x20 MSTORE DUP1 PUSH1 0x0 MSTORE PUSH1 0x40 PUSH1 0x0 KECCAK256 PUSH1 0x0 SWAP2 POP SWAP2 POP POP SLOAD DUP2 JUMP INVALID LOG1 PUSH6 0x627A7A723058 KECCAK256 0x4c 0xc1 SIGNEXTEND 0x2d PUSH30 0x2DA7EBF4F413C8512F237BE8C84759CEEFC3A73958CAD8100F60AF002900
0,PUSH1 0x80 PUSH1 0x40 MSTORE PUSH1 0x40 DUP1 MLOAD SWAP1 DUP2 ADD PUSH1 0x40 MSTORE DUP1 PUSH1 0x18 DUP2 MSTORE PUSH1 0x20 ADD PUSH32 0x94343445F4B4F484C455F31325F323031393034313109090000000000000000 DUP2 MSTORE POP PUSH1 0x1 SWAP1 DUP1 MLOAD SWAP1 PUSH1 0x20 ADD SWAP1 PUSH2 0x4F SWAP3 SWAP2 SWAP1 PUSH2 0xD9 JUMP JUMPDEST POP PUSH1 0x40 DUP1 MLOAD SWAP1 DUP2 ADD PUSH1 0x40 MSTORE DUP1 PUSH1 0x1E DUP2 MSTORE PUSH1 0x20 ADD PUSH32 0x94343445F4B4F484C455F31325F32303139303431315F737562445409090000 DUP2 MSTORE POP PUSH1 0x2 SWAP1 DUP1 MLOAD SWAP1 PUSH1 0x20 ADD SWAP1 PUSH2 0x9B SWAP3 SWAP2 SWAP1 PUSH2 0xD9 JUMP JUMPDEST POP PUSH1 0x12 PUSH1 0x3 PUSH1 0x0 PUSH2 0x100 EXP DUP2 SLOAD DUP2 PUSH1 0xFF MUL NOT AND SWAP1 DUP4 PUSH1 0xFF AND MUL OR SWAP1 SSTORE POP PUSH11 0x1060D026983FFAA7000000 PUSH1 0x4 SSTORE CALLVALUE DUP1 ISZERO PUSH2 0xD3 JUMPI PUSH1 0x0 DUP1 REVERT JUMPDEST POP PUSH2 0x17E JUMP JUMPDEST DUP3 DUP1 SLOAD PUSH1 0x1 DUP2 PUSH1 0x1 AND ISZERO PUSH2 0x100 MUL SUB AND PUSH1 0x2 SWAP1 DIV SWAP1 PUSH1 0x0 MSTORE PUSH1 0x20 PUSH1 0x0 KECCAK256 SWAP1 PUSH1 0x1F ADD PUSH1 0x20 SWAP1 DIV DUP2 ADD SWAP3 DUP3 PUSH1 0x1F LT PUSH2 0x11A JUMPI DUP1 MLOAD PUSH1 0xFF NOT AND DUP4 DUP1 ADD OR DUP6 SSTORE PUSH2 0x148 JUMP JUMPDEST DUP3 DUP1 ADD PUSH1 0x1 ADD DUP6 SSTORE DUP3 ISZERO PUSH2 0x148 JUMPI SWAP2 DUP3 ADD JUMPDEST DUP3 DUP2 GT ISZERO PUSH2 0x147 JUMPI DUP3 MLOAD DUP3 SSTORE SWAP2 PUSH1 0x20 ADD SWAP2 SWAP1 PUSH1 0x1 ADD SWAP1 PUSH2 0x12C JUMP JUMPDEST JUMPDEST POP SWAP1 POP PUSH2 0x155 SWAP2 SWAP1 PUSH2 0x159 JUMP JUMPDEST POP SWAP1 JUMP JUMPDEST PUSH2 0x17B SWAP2 SWAP1 JUMPDEST DUP1 DUP3 GT ISZERO PUSH2 0x177 JUMPI PUSH1 0x0 DUP2 PUSH1 0x0 SWAP1 SSTORE POP PUSH1 0x1 ADD PUSH2 0x15F JUMP JUMPDEST POP SWAP1 JUMP JUMPDEST SWAP1 JUMP JUMPDEST PUSH2 0xBBA DUP1 PUSH2 0x18D PUSH1 0x0 CODECOPY PUSH1 0x0 RETURN INVALID PUSH1 0x80 PUSH1 0x40 MSTORE PUSH1 0x4 CALLDATASIZE LT PUSH2 0x9E JUMPI PUSH1 0x0 CALLDATALOAD PUSH29 0x100000000000000000000000000000000000000000000000000000000 SWAP1 DIV DUP1 PUSH4 0x6FDDE03 EQ PUSH2 0xA3 JUMPI DUP1 PUSH4 0x95EA7B3 EQ PUSH2 0x133 JUMPI DUP1 PUSH4 0x18160DDD EQ PUSH2 0x1A6 JUMPI DUP1 PUSH4 0x23B872DD EQ PUSH2 0x1D1 JUMPI DUP1 PUSH4 0x313CE567 EQ PUSH2 0x264 JUMPI DUP1 PUSH4 0x70A08231 EQ PUSH2 0x295 JUMPI DUP1 PUSH4 0x95D89B41 EQ PUSH2 0x2FA JUMPI DUP1 PUSH4 0xA9059CBB EQ PUSH2 0x38A JUMPI DUP1 PUSH4 0xB5C8F317 EQ PUSH2 0x3FD JUMPI DUP1 PUSH4 0xDD62ED3E EQ PUSH2 0x414 JUMPI JUMPDEST PUSH1 0x0 DUP1 REVERT JUMPDEST CALLVALUE DUP1 ISZERO PUSH2 0xAF JUMPI PUSH1 0x0 DUP1 REVERT JUMPDEST POP PUSH2 0xB8 PUSH2 0x499 JUMP JUMPDEST PUSH1 0x40 MLOAD DUP1 DUP1 PUSH1 0x20 ADD DUP3 DUP2 SUB DUP3 MSTORE DUP4 DUP2 DUP2 MLOAD DUP2 MSTORE PUSH1 0x20 ADD SWAP2 POP DUP1 MLOAD SWAP1 PUSH1 0x20 ADD SWAP1 DUP1 DUP4 DUP4 PUSH1 0x0 JUMPDEST DUP4 DUP2 LT ISZERO PUSH2 0xF8 JUMPI DUP1 DUP3 ADD MLOAD DUP2 DUP5 ADD MSTORE PUSH1 0x20 DUP2 ADD SWAP1 POP PUSH2 0xDD JUMP JUMPDEST POP POP POP POP SWAP1 POP SWAP1 DUP2 ADD SWAP1 PUSH1 0x1F AND DUP1 ISZERO PUSH2 0x125 JUMPI DUP1 DUP3 SUB DUP1 MLOAD PUSH1 0x1 DUP4 PUSH1 0x20 SUB PUSH2 0x100 EXP SUB NOT AND DUP2 MSTORE PUSH1 0x20 ADD SWAP2 POP JUMPDEST POP SWAP3 POP POP POP PUSH1 0x40 MLOAD DUP1 SWAP2 SUB SWAP1 RETURN JUMPDEST CALLVALUE DUP1 ISZERO PUSH2 0x13F JUMPI PUSH1 0x0 DUP1 REVERT JUMPDEST POP PUSH2 0x18C PUSH1 0x4 DUP1 CALLDATASIZE SUB PUSH1 0x40 DUP2 LT ISZERO PUSH2 0x156 JUMPI PUSH1 0x0 DUP1 REVERT JUMPDEST DUP2 ADD SWAP1 DUP1 DUP1 CALLDATALOAD PUSH20 0xFFFFFFFFFFFFFFFFFFFFFFFFFFFFFFFFFFFFFFFF AND SWAP1 PUSH1 0x20 ADD SWAP1 SWAP3 SWAP2 SWAP1 DUP1 CALLDATALOAD SWAP1 PUSH1 0x20 ADD SWAP1 SWAP3 SWAP2 SWAP1 POP POP POP PUSH2 0x537 JUMP JUMPDEST PUSH1 0x40 MLOAD DUP1 DUP3 ISZERO ISZERO ISZERO ISZERO DUP2 MSTORE PUSH1 0x20 ADD SWAP2 POP POP PUSH1 0x40 MLOAD DUP1 SWAP2 SUB SWAP1 RETURN JUMPDEST CALLVALUE DUP1 ISZERO PUSH2 0x1B2 JUMPI PUSH1 0x0 DUP1 REVERT JUMPDEST POP PUSH2 0x1BB PUSH2 0x629 JUMP JUMPDEST PUSH1 0x40 MLOAD DUP1 DUP3 DUP2 MSTORE PUSH1 0x20 ADD SWAP2 POP POP PUSH1 0x40 MLOAD DUP1 SWAP2 SUB SWAP1 RETURN JUMPDEST CALLVALUE DUP1 ISZERO PUSH2 0x1DD JUMPI PUSH1 0x0 DUP1 REVERT JUMPDEST POP PUSH2 0x24A PUSH1 0x4 DUP1 CALLDATASIZE SUB PUSH1 0x60 DUP2 LT ISZERO PUSH2 0x1F4 JUMPI PUSH1 0x0 DUP1 REVERT JUMPDEST DUP2 ADD SWAP1 DUP1 DUP1 CALLDATALOAD PUSH20 0xFFFFFFFFFFFFFFFFFFFFFFFFFFFFFFFFFFFFFFFF AND SWAP1 PUSH1 0x20 ADD SWAP1 SWAP3 SWAP2 SWAP1 DUP1 CALLDATALOAD PUSH20 0xFFFFFFFFFFFFFFFFFFFFFFFFFFFFFFFFFFFFFFFF AND SWAP1 PUSH1 0x20 ADD SWAP1 SWAP3 SWAP2 SWAP1 DUP1 CALLDATALOAD SWAP1 PUSH1 0x20 ADD SWAP1 SWAP3 SWAP2 SWAP1 POP POP POP PUSH2 0x62F JUMP JUMPDEST PUSH1 0x40 MLOAD DUP1 DUP3 ISZERO ISZERO ISZERO ISZERO DUP2 MSTORE PUSH1 0x20 ADD SWAP2 POP POP PUSH1 0x40 MLOAD DUP1 SWAP2 SUB SWAP1 RETURN JUMPDEST CALLVALUE DUP1 ISZERO PUSH2 0x270 JUMPI PUSH1 0x0 DUP1 REVERT JUMPDEST POP PUSH2 0x279 PUSH2 0x89B JUMP JUMPDEST PUSH1 0x40 MLOAD DUP1 DUP3 PUSH1 0xFF AND PUSH1 0xFF AND DUP2 MSTORE PUSH1 0x20 ADD SWAP2 POP POP PUSH1 0x40 MLOAD DUP1 SWAP2 SUB SWAP1 RETURN JUMPDEST CALLVALUE DUP1 ISZERO PUSH2 0x2A1 JUMPI PUSH1 0x0 DUP1 REVERT JUMPDEST POP PUSH2 0x2E4 PUSH1 0x4 DUP1 CALLDATASIZE SUB PUSH1 0x20 DUP2 LT ISZERO PUSH2 0x2B8 JUMPI PUSH1 0x0 DUP1 REVERT JUMPDEST DUP2 ADD SWAP1 DUP1 DUP1 CALLDATALOAD PUSH20 0xFFFFFFFFFFFFFFFFFFFFFFFFFFFFFFFFFFFFFFFF AND SWAP1 PUSH1 0x20 ADD SWAP1 SWAP3 SWAP2 SWAP1 POP POP POP PUSH2 0x8AE JUMP JUMPDEST PUSH1 0x40 MLOAD DUP1 DUP3 DUP2 MSTORE PUSH1 0x20 ADD SWAP2 POP POP PUSH1 0x40 MLOAD DUP1 SWAP2 SUB SWAP1 RETURN JUMPDEST CALLVALUE DUP1 ISZERO PUSH2 0x306 JUMPI PUSH1 0x0 DUP1 REVERT JUMPDEST POP PUSH2 0x30F PUSH2 0x8C6 JUMP JUMPDEST PUSH1 0x40 MLOAD DUP1 DUP1 PUSH1 0x20 ADD DUP3 DUP2 SUB DUP3 MSTORE DUP4 DUP2 DUP2 MLOAD DUP2 MSTORE PUSH1 0x20 ADD SWAP2 POP DUP1 MLOAD SWAP1 PUSH1 0x20 ADD SWAP1 DUP1 DUP4 DUP4 PUSH1 0x0 JUMPDEST DUP4 DUP2 LT ISZERO PUSH2 0x34F JUMPI DUP1 DUP3 ADD MLOAD DUP2 DUP5 ADD MSTORE PUSH1 0x20 DUP2 ADD SWAP1 POP PUSH2 0x334 JUMP JUMPDEST POP POP POP POP SWAP1 POP SWAP1 DUP2 ADD SWAP1 PUSH1 0x1F AND DUP1 ISZERO PUSH2 0x37C JUMPI DUP1 DUP3 SUB DUP1 MLOAD PUSH1 0x1 DUP4 PUSH1 0x20 SUB PUSH2 0x100 EXP SUB NOT AND DUP2 MSTORE PUSH1 0x20 ADD SWAP2 POP JUMPDEST POP SWAP3 POP POP POP PUSH1 0x40 MLOAD DUP1 SWAP2 SUB SWAP1 RETURN JUMPDEST CALLVALUE DUP1 ISZERO PUSH2 0x396 JUMPI PUSH1 0x0 DUP1 REVERT JUMPDEST POP PUSH2 0x3E3 PUSH1 0x4 DUP1 CALLDATASIZE SUB PUSH1 0x40 DUP2 LT ISZERO PUSH2 0x3AD JUMPI PUSH1 0x0 DUP1 REVERT JUMPDEST DUP2 ADD SWAP1 DUP1 DUP1 CALLDATALOAD PUSH20 0xFFFFFFFFFFFFFFFFFFFFFFFFFFFFFFFFFFFFFFFF AND SWAP1 PUSH1 0x20 ADD SWAP1 SWAP3 SWAP2 SWAP1 DUP1 CALLDATALOAD SWAP1 PUSH1 0x20 ADD SWAP1 SWAP3 SWAP2 SWAP1 POP POP POP PUSH2 0x964 JUMP JUMPDEST PUSH1 0x40 MLOAD DUP1 DUP3 ISZERO ISZERO ISZERO ISZERO DUP2 MSTORE PUSH1 0x20 ADD SWAP2 POP POP PUSH1 0x40 MLOAD DUP1 SWAP2 SUB SWAP1 RETURN JUMPDEST CALLVALUE DUP1 ISZERO PUSH2 0x409 JUMPI PUSH1 0x0 DUP1 REVERT JUMPDEST POP PUSH2 0x412 PUSH2 0xABA JUMP JUMPDEST STOP JUMPDEST CALLVALUE DUP1 ISZERO PUSH2 0x420 JUMPI PUSH1 0x0 DUP1 REVERT JUMPDEST POP PUSH2 0x483 PUSH1 0x4 DUP1 CALLDATASIZE SUB PUSH1 0x40 DUP2 LT ISZERO PUSH2 0x437 JUMPI PUSH1 0x0 DUP1 REVERT JUMPDEST DUP2 ADD SWAP1 DUP1 DUP1 CALLDATALOAD PUSH20 0xFFFFFFFFFFFFFFFFFFFFFFFFFFFFFFFFFFFFFFFF AND SWAP1 PUSH1 0x20 ADD SWAP1 SWAP3 SWAP2 SWAP1 DUP1 CALLDATALOAD PUSH20 0xFFFFFFFFFFFFFFFFFFFFFFFFFFFFFFFFFFFFFFFF AND SWAP1 PUSH1 0x20 ADD SWAP1 SWAP3 SWAP2 SWAP1 POP POP POP PUSH2 0xB69 JUMP JUMPDEST PUSH1 0x40 MLOAD DUP1 DUP3 DUP2 MSTORE PUSH1 0x20 ADD SWAP2 POP POP PUSH1 0x40 MLOAD DUP1 SWAP2 SUB SWAP1 RETURN JUMPDEST PUSH1 0x1 DUP1 SLOAD PUSH1 0x1 DUP2 PUSH1 0x1 AND ISZERO PUSH2 0x100 MUL SUB AND PUSH1 0x2 SWAP1 DIV DUP1 PUSH1 0x1F ADD PUSH1 0x20 DUP1 SWAP2 DIV MUL PUSH1 0x20 ADD PUSH1 0x40 MLOAD SWAP1 DUP2 ADD PUSH1 0x40 MSTORE DUP1 SWAP3 SWAP2 SWAP1 DUP2 DUP2 MSTORE PUSH1 0x20 ADD DUP3 DUP1 SLOAD PUSH1 0x1 DUP2 PUSH1 0x1 AND ISZERO PUSH2 0x100 MUL SUB AND PUSH1 0x2 SWAP1 DIV DUP1 ISZERO PUSH2 0x52F JUMPI DUP1 PUSH1 0x1F LT PUSH2 0x504 JUMPI PUSH2 0x100 DUP1 DUP4 SLOAD DIV MUL DUP4 MSTORE SWAP2 PUSH1 0x20 ADD SWAP2 PUSH2 0x52F JUMP JUMPDEST DUP3 ADD SWAP2 SWAP1 PUSH1 0x0 MSTORE PUSH1 0x20 PUSH1 0x0 KECCAK256 SWAP1 JUMPDEST DUP2 SLOAD DUP2 MSTORE SWAP1 PUSH1 0x1 ADD SWAP1 PUSH1 0x20 ADD DUP1 DUP4 GT PUSH2 0x512 JUMPI DUP3 SWAP1 SUB PUSH1 0x1F AND DUP3 ADD SWAP2 JUMPDEST POP POP POP POP POP DUP2 JUMP JUMPDEST PUSH1 0x0 DUP2 PUSH1 0x5 PUSH1 0x0 CALLER PUSH20 0xFFFFFFFFFFFFFFFFFFFFFFFFFFFFFFFFFFFFFFFF AND PUSH20 0xFFFFFFFFFFFFFFFFFFFFFFFFFFFFFFFFFFFFFFFF AND DUP2 MSTORE PUSH1 0x20 ADD SWAP1 DUP2 MSTORE PUSH1 0x20 ADD PUSH1 0x0 KECCAK256 PUSH1 0x0 DUP6 PUSH20 0xFFFFFFFFFFFFFFFFFFFFFFFFFFFFFFFFFFFFFFFF AND PUSH20 0xFFFFFFFFFFFFFFFFFFFFFFFFFFFFFFFFFFFFFFFF AND DUP2 MSTORE PUSH1 0x20 ADD SWAP1 DUP2 MSTORE PUSH1 0x20 ADD PUSH1 0x0 KECCAK256 DUP2 SWAP1 SSTORE POP DUP3 PUSH20 0xFFFFFFFFFFFFFFFFFFFFFFFFFFFFFFFFFFFFFFFF AND CALLER PUSH20 0xFFFFFFFFFFFFFFFFFFFFFFFFFFFFFFFFFFFFFFFF AND PUSH32 0x8C5BE1E5EBEC7D5BD14F71427D1E84F3DD0314C0F7B2291E5B200AC8C7C3B925 DUP5 PUSH1 0x40 MLOAD DUP1 DUP3 DUP2 MSTORE PUSH1 0x20 ADD SWAP2 POP POP PUSH1 0x40 MLOAD DUP1 SWAP2 SUB SWAP1 LOG3 PUSH1 0x1 SWAP1 POP SWAP3 SWAP2 POP POP JUMP JUMPDEST PUSH1 0x4 SLOAD DUP2 JUMP JUMPDEST PUSH1 0x0 DUP1 PUSH1 0x0 DUP6 PUSH20 0xFFFFFFFFFFFFFFFFFFFFFFFFFFFFFFFFFFFFFFFF AND PUSH20 0xFFFFFFFFFFFFFFFFFFFFFFFFFFFFFFFFFFFFFFFF AND DUP2 MSTORE PUSH1 0x20 ADD SWAP1 DUP2 MSTORE PUSH1 0x20 ADD PUSH1 0x0 KECCAK256 SLOAD DUP3 GT ISZERO ISZERO ISZERO PUSH2 0x67E JUMPI PUSH1 0x0 DUP1 REVERT JUMPDEST PUSH1 0x5 PUSH1 0x0 DUP6 PUSH20 0xFFFFFFFFFFFFFFFFFFFFFFFFFFFFFFFFFFFFFFFF AND PUSH20 0xFFFFFFFFFFFFFFFFFFFFFFFFFFFFFFFFFFFFFFFF AND DUP2 MSTORE PUSH1 0x20 ADD SWAP1 DUP2 MSTORE PUSH1 0x20 ADD PUSH1 0x0 KECCAK256 PUSH1 0x0 CALLER PUSH20 0xFFFFFFFFFFFFFFFFFFFFFFFFFFFFFFFFFFFFFFFF AND PUSH20 0xFFFFFFFFFFFFFFFFFFFFFFFFFFFFFFFFFFFFFFFF AND DUP2 MSTORE PUSH1 0x20 ADD SWAP1 DUP2 MSTORE PUSH1 0x20 ADD PUSH1 0x0 KECCAK256 SLOAD DUP3 GT ISZERO ISZERO ISZERO PUSH2 0x709 JUMPI PUSH1 0x0 DUP1 REVERT JUMPDEST DUP2 PUSH1 0x0 DUP1 DUP7 PUSH20 0xFFFFFFFFFFFFFFFFFFFFFFFFFFFFFFFFFFFFFFFF AND PUSH20 0xFFFFFFFFFFFFFFFFFFFFFFFFFFFFFFFFFFFFFFFF AND DUP2 MSTORE PUSH1 0x20 ADD SWAP1 DUP2 MSTORE PUSH1 0x20 ADD PUSH1 0x0 KECCAK256 PUSH1 0x0 DUP3 DUP3 SLOAD SUB SWAP3 POP POP DUP2 SWAP1 SSTORE POP DUP2 PUSH1 0x0 DUP1 DUP6 PUSH20 0xFFFFFFFFFFFFFFFFFFFFFFFFFFFFFFFFFFFFFFFF AND PUSH20 0xFFFFFFFFFFFFFFFFFFFFFFFFFFFFFFFFFFFFFFFF AND DUP2 MSTORE PUSH1 0x20 ADD SWAP1 DUP2 MSTORE PUSH1 0x20 ADD PUSH1 0x0 KECCAK256 PUSH1 0x0 DUP3 DUP3 SLOAD ADD SWAP3 POP POP DUP2 SWAP1 SSTORE POP DUP2 PUSH1 0x5 PUSH1 0x0 DUP7 PUSH20 0xFFFFFFFFFFFFFFFFFFFFFFFFFFFFFFFFFFFFFFFF AND PUSH20 0xFFFFFFFFFFFFFFFFFFFFFFFFFFFFFFFFFFFFFFFF AND DUP2 MSTORE PUSH1 0x20 ADD SWAP1 DUP2 MSTORE PUSH1 0x20 ADD PUSH1 0x0 KECCAK256 PUSH1 0x0 CALLER PUSH20 0xFFFFFFFFFFFFFFFFFFFFFFFFFFFFFFFFFFFFFFFF AND PUSH20 0xFFFFFFFFFFFFFFFFFFFFFFFFFFFFFFFFFFFFFFFF AND DUP2 MSTORE PUSH1 0x20 ADD SWAP1 DUP2 MSTORE PUSH1 0x20 ADD PUSH1 0x0 KECCAK256 PUSH1 0x0 DUP3 DUP3 SLOAD SUB SWAP3 POP POP DUP2 SWAP1 SSTORE POP DUP3 PUSH20 0xFFFFFFFFFFFFFFFFFFFFFFFFFFFFFFFFFFFFFFFF AND DUP5 PUSH20 0xFFFFFFFFFFFFFFFFFFFFFFFFFFFFFFFFFFFFFFFF AND PUSH32 0xDDF252AD1BE2C89B69C2B068FC378DAA952BA7F163C4A11628F55A4DF523B3EF DUP5 PUSH1 0x40 MLOAD DUP1 DUP3 DUP2 MSTORE PUSH1 0x20 ADD SWAP2 POP POP PUSH1 0x40 MLOAD DUP1 SWAP2 SUB SWAP1 LOG3 PUSH1 0x1 SWAP1 POP SWAP4 SWAP3 POP POP POP JUMP JUMPDEST PUSH1 0x3 PUSH1 0x0 SWAP1 SLOAD SWAP1 PUSH2 0x100 EXP SWAP1 DIV PUSH1 0xFF AND DUP2 JUMP JUMPDEST PUSH1 0x0 PUSH1 0x20 MSTORE DUP1 PUSH1 0x0 MSTORE PUSH1 0x40 PUSH1 0x0 KECCAK256 PUSH1 0x0 SWAP2 POP SWAP1 POP SLOAD DUP2 JUMP JUMPDEST PUSH1 0x2 DUP1 SLOAD PUSH1 0x1 DUP2 PUSH1 0x1 AND ISZERO PUSH2 0x100 MUL SUB AND PUSH1 0x2 SWAP1 DIV DUP1 PUSH1 0x1F ADD PUSH1 0x20 DUP1 SWAP2 DIV MUL PUSH1 0x20 ADD PUSH1 0x40 MLOAD SWAP1 DUP2 ADD PUSH1 0x40 MSTORE DUP1 SWAP3 SWAP2 SWAP1 DUP2 DUP2 MSTORE PUSH1 0x20 ADD DUP3 DUP1 SLOAD PUSH1 0x1 DUP2 PUSH1 0x1 AND ISZERO PUSH2 0x100 MUL SUB AND PUSH1 0x2 SWAP1 DIV DUP1 ISZERO PUSH2 0x95C JUMPI DUP1 PUSH1 0x1F LT PUSH2 0x931 JUMPI PUSH2 0x100 DUP1 DUP4 SLOAD DIV MUL DUP4 MSTORE SWAP2 PUSH1 0x20 ADD SWAP2 PUSH2 0x95C JUMP JUMPDEST DUP3 ADD SWAP2 SWAP1 PUSH1 0x0 MSTORE PUSH1 0x20 PUSH1 0x0 KECCAK256 SWAP1 JUMPDEST DUP2 SLOAD DUP2 MSTORE SWAP1 PUSH1 0x1 ADD SWAP1 PUSH1 0x20 ADD DUP1 DUP4 GT PUSH2 0x93F JUMPI DUP3 SWAP1 SUB PUSH1 0x1F AND DUP3 ADD SWAP2 JUMPDEST POP POP POP POP POP DUP2 JUMP JUMPDEST PUSH1 0x0 DUP2 PUSH1 0x0 DUP1 CALLER PUSH20 0xFFFFFFFFFFFFFFFFFFFFFFFFFFFFFFFFFFFFFFFF AND PUSH20 0xFFFFFFFFFFFFFFFFFFFFFFFFFFFFFFFFFFFFFFFF AND DUP2 MSTORE PUSH1 0x20 ADD SWAP1 DUP2 MSTORE PUSH1 0x20 ADD PUSH1 0x0 KECCAK256 SLOAD LT ISZERO ISZERO ISZERO PUSH2 0x9B3 JUMPI PUSH1 0x0 DUP1 REVERT JUMPDEST DUP2 PUSH1 0x0 DUP1 CALLER PUSH20 0xFFFFFFFFFFFFFFFFFFFFFFFFFFFFFFFFFFFFFFFF AND PUSH20 0xFFFFFFFFFFFFFFFFFFFFFFFFFFFFFFFFFFFFFFFF AND DUP2 MSTORE PUSH1 0x20 ADD SWAP1 DUP2 MSTORE PUSH1 0x20 ADD PUSH1 0x0 KECCAK256 PUSH1 0x0 DUP3 DUP3 SLOAD SUB SWAP3 POP POP DUP2 SWAP1 SSTORE POP DUP2 PUSH1 0x0 DUP1 DUP6 PUSH20 0xFFFFFFFFFFFFFFFFFFFFFFFFFFFFFFFFFFFFFFFF AND PUSH20 0xFFFFFFFFFFFFFFFFFFFFFFFFFFFFFFFFFFFFFFFF AND DUP2 MSTORE PUSH1 0x20 ADD SWAP1 DUP2 MSTORE PUSH1 0x20 ADD PUSH1 0x0 KECCAK256 PUSH1 0x0 DUP3 DUP3 SLOAD ADD SWAP3 POP POP DUP2 SWAP1 SSTORE POP DUP3 PUSH20 0xFFFFFFFFFFFFFFFFFFFFFFFFFFFFFFFFFFFFFFFF AND CALLER PUSH20 0xFFFFFFFFFFFFFFFFFFFFFFFFFFFFFFFFFFFFFFFF AND PUSH32 0xDDF252AD1BE2C89B69C2B068FC378DAA952BA7F163C4A11628F55A4DF523B3EF DUP5 PUSH1 0x40 MLOAD DUP1 DUP3 DUP2 MSTORE PUSH1 0x20 ADD SWAP2 POP POP PUSH1 0x40 MLOAD DUP1 SWAP2 SUB SWAP1 LOG3 PUSH1 0x1 SWAP1 POP SWAP3 SWAP2 POP POP JUMP JUMPDEST PUSH1 0x4 SLOAD PUSH1 0x0 DUP1 CALLER PUSH20 0xFFFFFFFFFFFFFFFFFFFFFFFFFFFFFFFFFFFFFFFF AND PUSH20 0xFFFFFFFFFFFFFFFFFFFFFFFFFFFFFFFFFFFFFFFF AND DUP2 MSTORE PUSH1 0x20 ADD SWAP1 DUP2 MSTORE PUSH1 0x20 ADD PUSH1 0x0 KECCAK256 DUP2 SWAP1 SSTORE POP CALLER PUSH20 0xFFFFFFFFFFFFFFFFFFFFFFFFFFFFFFFFFFFFFFFF AND PUSH1 0x0 PUSH20 0xFFFFFFFFFFFFFFFFFFFFFFFFFFFFFFFFFFFFFFFF AND PUSH32 0xDDF252AD1BE2C89B69C2B068FC378DAA952BA7F163C4A11628F55A4DF523B3EF PUSH1 0x4 SLOAD PUSH1 0x40 MLOAD DUP1 DUP3 DUP2 MSTORE PUSH1 0x20 ADD SWAP2 POP POP PUSH1 0x40 MLOAD DUP1 SWAP2 SUB SWAP1 LOG3 JUMP JUMPDEST PUSH1 0x5 PUSH1 0x20 MSTORE DUP2 PUSH1 0x0 MSTORE PUSH1 0x40 PUSH1 0x0 KECCAK256 PUSH1 0x20 MSTORE DUP1 PUSH1 0x0 MSTORE PUSH1 0x40 PUSH1 0x0 KECCAK256 PUSH1 0x0 SWAP2 POP SWAP2 POP POP SLOAD DUP2 JUMP INVALID LOG1 PUSH6 0x627A7A723058 KECCAK256 MULMOD 0xdc 0xd5 RETURNDATASIZE 0x2b 0xc9 PUSH28 0x29423C88212F5166441FFA903C376B04B01E25FD705FFF4DAC002900
0,PUSH1 0x80 PUSH1 0x40 MSTORE PUSH1 0x40 DUP1 MLOAD SWAP1 DUP2 ADD PUSH1 0x40 MSTORE DUP1 PUSH1 0x18 DUP2 MSTORE PUSH1 0x20 ADD PUSH32 0x94343445F4B4F484C455F31315F323031393034313109090000000000000000 DUP2 MSTORE POP PUSH1 0x1 SWAP1 DUP1 MLOAD SWAP1 PUSH1 0x20 ADD SWAP1 PUSH2 0x4F SWAP3 SWAP2 SWAP1 PUSH2 0xD9 JUMP JUMPDEST POP PUSH1 0x40 DUP1 MLOAD SWAP1 DUP2 ADD PUSH1 0x40 MSTORE DUP1 PUSH1 0x1E DUP2 MSTORE PUSH1 0x20 ADD PUSH32 0x94343445F4B4F484C455F31315F32303139303431315F737562445409090000 DUP2 MSTORE POP PUSH1 0x2 SWAP1 DUP1 MLOAD SWAP1 PUSH1 0x20 ADD SWAP1 PUSH2 0x9B SWAP3 SWAP2 SWAP1 PUSH2 0xD9 JUMP JUMPDEST POP PUSH1 0x12 PUSH1 0x3 PUSH1 0x0 PUSH2 0x100 EXP DUP2 SLOAD DUP2 PUSH1 0xFF MUL NOT AND SWAP1 DUP4 PUSH1 0xFF AND MUL OR SWAP1 SSTORE POP PUSH11 0x1060D026983FFAA7000000 PUSH1 0x4 SSTORE CALLVALUE DUP1 ISZERO PUSH2 0xD3 JUMPI PUSH1 0x0 DUP1 REVERT JUMPDEST POP PUSH2 0x17E JUMP JUMPDEST DUP3 DUP1 SLOAD PUSH1 0x1 DUP2 PUSH1 0x1 AND ISZERO PUSH2 0x100 MUL SUB AND PUSH1 0x2 SWAP1 DIV SWAP1 PUSH1 0x0 MSTORE PUSH1 0x20 PUSH1 0x0 KECCAK256 SWAP1 PUSH1 0x1F ADD PUSH1 0x20 SWAP1 DIV DUP2 ADD SWAP3 DUP3 PUSH1 0x1F LT PUSH2 0x11A JUMPI DUP1 MLOAD PUSH1 0xFF NOT AND DUP4 DUP1 ADD OR DUP6 SSTORE PUSH2 0x148 JUMP JUMPDEST DUP3 DUP1 ADD PUSH1 0x1 ADD DUP6 SSTORE DUP3 ISZERO PUSH2 0x148 JUMPI SWAP2 DUP3 ADD JUMPDEST DUP3 DUP2 GT ISZERO PUSH2 0x147 JUMPI DUP3 MLOAD DUP3 SSTORE SWAP2 PUSH1 0x20 ADD SWAP2 SWAP1 PUSH1 0x1 ADD SWAP1 PUSH2 0x12C JUMP JUMPDEST JUMPDEST POP SWAP1 POP PUSH2 0x155 SWAP2 SWAP1 PUSH2 0x159 JUMP JUMPDEST POP SWAP1 JUMP JUMPDEST PUSH2 0x17B SWAP2 SWAP1 JUMPDEST DUP1 DUP3 GT ISZERO PUSH2 0x177 JUMPI PUSH1 0x0 DUP2 PUSH1 0x0 SWAP1 SSTORE POP PUSH1 0x1 ADD PUSH2 0x15F JUMP JUMPDEST POP SWAP1 JUMP JUMPDEST SWAP1 JUMP JUMPDEST PUSH2 0xBBA DUP1 PUSH2 0x18D PUSH1 0x0 CODECOPY PUSH1 0x0 RETURN INVALID PUSH1 0x80 PUSH1 0x40 MSTORE PUSH1 0x4 CALLDATASIZE LT PUSH2 0x9E JUMPI PUSH1 0x0 CALLDATALOAD PUSH29 0x100000000000000000000000000000000000000000000000000000000 SWAP1 DIV DUP1 PUSH4 0x6FDDE03 EQ PUSH2 0xA3 JUMPI DUP1 PUSH4 0x95EA7B3 EQ PUSH2 0x133 JUMPI DUP1 PUSH4 0x18160DDD EQ PUSH2 0x1A6 JUMPI DUP1 PUSH4 0x23B872DD EQ PUSH2 0x1D1 JUMPI DUP1 PUSH4 0x313CE567 EQ PUSH2 0x264 JUMPI DUP1 PUSH4 0x70A08231 EQ PUSH2 0x295 JUMPI DUP1 PUSH4 0x95D89B41 EQ PUSH2 0x2FA JUMPI DUP1 PUSH4 0xA9059CBB EQ PUSH2 0x38A JUMPI DUP1 PUSH4 0xB5C8F317 EQ PUSH2 0x3FD JUMPI DUP1 PUSH4 0xDD62ED3E EQ PUSH2 0x414 JUMPI JUMPDEST PUSH1 0x0 DUP1 REVERT JUMPDEST CALLVALUE DUP1 ISZERO PUSH2 0xAF JUMPI PUSH1 0x0 DUP1 REVERT JUMPDEST POP PUSH2 0xB8 PUSH2 0x499 JUMP JUMPDEST PUSH1 0x40 MLOAD DUP1 DUP1 PUSH1 0x20 ADD DUP3 DUP2 SUB DUP3 MSTORE DUP4 DUP2 DUP2 MLOAD DUP2 MSTORE PUSH1 0x20 ADD SWAP2 POP DUP1 MLOAD SWAP1 PUSH1 0x20 ADD SWAP1 DUP1 DUP4 DUP4 PUSH1 0x0 JUMPDEST DUP4 DUP2 LT ISZERO PUSH2 0xF8 JUMPI DUP1 DUP3 ADD MLOAD DUP2 DUP5 ADD MSTORE PUSH1 0x20 DUP2 ADD SWAP1 POP PUSH2 0xDD JUMP JUMPDEST POP POP POP POP SWAP1 POP SWAP1 DUP2 ADD SWAP1 PUSH1 0x1F AND DUP1 ISZERO PUSH2 0x125 JUMPI DUP1 DUP3 SUB DUP1 MLOAD PUSH1 0x1 DUP4 PUSH1 0x20 SUB PUSH2 0x100 EXP SUB NOT AND DUP2 MSTORE PUSH1 0x20 ADD SWAP2 POP JUMPDEST POP SWAP3 POP POP POP PUSH1 0x40 MLOAD DUP1 SWAP2 SUB SWAP1 RETURN JUMPDEST CALLVALUE DUP1 ISZERO PUSH2 0x13F JUMPI PUSH1 0x0 DUP1 REVERT JUMPDEST POP PUSH2 0x18C PUSH1 0x4 DUP1 CALLDATASIZE SUB PUSH1 0x40 DUP2 LT ISZERO PUSH2 0x156 JUMPI PUSH1 0x0 DUP1 REVERT JUMPDEST DUP2 ADD SWAP1 DUP1 DUP1 CALLDATALOAD PUSH20 0xFFFFFFFFFFFFFFFFFFFFFFFFFFFFFFFFFFFFFFFF AND SWAP1 PUSH1 0x20 ADD SWAP1 SWAP3 SWAP2 SWAP1 DUP1 CALLDATALOAD SWAP1 PUSH1 0x20 ADD SWAP1 SWAP3 SWAP2 SWAP1 POP POP POP PUSH2 0x537 JUMP JUMPDEST PUSH1 0x40 MLOAD DUP1 DUP3 ISZERO ISZERO ISZERO ISZERO DUP2 MSTORE PUSH1 0x20 ADD SWAP2 POP POP PUSH1 0x40 MLOAD DUP1 SWAP2 SUB SWAP1 RETURN JUMPDEST CALLVALUE DUP1 ISZERO PUSH2 0x1B2 JUMPI PUSH1 0x0 DUP1 REVERT JUMPDEST POP PUSH2 0x1BB PUSH2 0x629 JUMP JUMPDEST PUSH1 0x40 MLOAD DUP1 DUP3 DUP2 MSTORE PUSH1 0x20 ADD SWAP2 POP POP PUSH1 0x40 MLOAD DUP1 SWAP2 SUB SWAP1 RETURN JUMPDEST CALLVALUE DUP1 ISZERO PUSH2 0x1DD JUMPI PUSH1 0x0 DUP1 REVERT JUMPDEST POP PUSH2 0x24A PUSH1 0x4 DUP1 CALLDATASIZE SUB PUSH1 0x60 DUP2 LT ISZERO PUSH2 0x1F4 JUMPI PUSH1 0x0 DUP1 REVERT JUMPDEST DUP2 ADD SWAP1 DUP1 DUP1 CALLDATALOAD PUSH20 0xFFFFFFFFFFFFFFFFFFFFFFFFFFFFFFFFFFFFFFFF AND SWAP1 PUSH1 0x20 ADD SWAP1 SWAP3 SWAP2 SWAP1 DUP1 CALLDATALOAD PUSH20 0xFFFFFFFFFFFFFFFFFFFFFFFFFFFFFFFFFFFFFFFF AND SWAP1 PUSH1 0x20 ADD SWAP1 SWAP3 SWAP2 SWAP1 DUP1 CALLDATALOAD SWAP1 PUSH1 0x20 ADD SWAP1 SWAP3 SWAP2 SWAP1 POP POP POP PUSH2 0x62F JUMP JUMPDEST PUSH1 0x40 MLOAD DUP1 DUP3 ISZERO ISZERO ISZERO ISZERO DUP2 MSTORE PUSH1 0x20 ADD SWAP2 POP POP PUSH1 0x40 MLOAD DUP1 SWAP2 SUB SWAP1 RETURN JUMPDEST CALLVALUE DUP1 ISZERO PUSH2 0x270 JUMPI PUSH1 0x0 DUP1 REVERT JUMPDEST POP PUSH2 0x279 PUSH2 0x89B JUMP JUMPDEST PUSH1 0x40 MLOAD DUP1 DUP3 PUSH1 0xFF AND PUSH1 0xFF AND DUP2 MSTORE PUSH1 0x20 ADD SWAP2 POP POP PUSH1 0x40 MLOAD DUP1 SWAP2 SUB SWAP1 RETURN JUMPDEST CALLVALUE DUP1 ISZERO PUSH2 0x2A1 JUMPI PUSH1 0x0 DUP1 REVERT JUMPDEST POP PUSH2 0x2E4 PUSH1 0x4 DUP1 CALLDATASIZE SUB PUSH1 0x20 DUP2 LT ISZERO PUSH2 0x2B8 JUMPI PUSH1 0x0 DUP1 REVERT JUMPDEST DUP2 ADD SWAP1 DUP1 DUP1 CALLDATALOAD PUSH20 0xFFFFFFFFFFFFFFFFFFFFFFFFFFFFFFFFFFFFFFFF AND SWAP1 PUSH1 0x20 ADD SWAP1 SWAP3 SWAP2 SWAP1 POP POP POP PUSH2 0x8AE JUMP JUMPDEST PUSH1 0x40 MLOAD DUP1 DUP3 DUP2 MSTORE PUSH1 0x20 ADD SWAP2 POP POP PUSH1 0x40 MLOAD DUP1 SWAP2 SUB SWAP1 RETURN JUMPDEST CALLVALUE DUP1 ISZERO PUSH2 0x306 JUMPI PUSH1 0x0 DUP1 REVERT JUMPDEST POP PUSH2 0x30F PUSH2 0x8C6 JUMP JUMPDEST PUSH1 0x40 MLOAD DUP1 DUP1 PUSH1 0x20 ADD DUP3 DUP2 SUB DUP3 MSTORE DUP4 DUP2 DUP2 MLOAD DUP2 MSTORE PUSH1 0x20 ADD SWAP2 POP DUP1 MLOAD SWAP1 PUSH1 0x20 ADD SWAP1 DUP1 DUP4 DUP4 PUSH1 0x0 JUMPDEST DUP4 DUP2 LT ISZERO PUSH2 0x34F JUMPI DUP1 DUP3 ADD MLOAD DUP2 DUP5 ADD MSTORE PUSH1 0x20 DUP2 ADD SWAP1 POP PUSH2 0x334 JUMP JUMPDEST POP POP POP POP SWAP1 POP SWAP1 DUP2 ADD SWAP1 PUSH1 0x1F AND DUP1 ISZERO PUSH2 0x37C JUMPI DUP1 DUP3 SUB DUP1 MLOAD PUSH1 0x1 DUP4 PUSH1 0x20 SUB PUSH2 0x100 EXP SUB NOT AND DUP2 MSTORE PUSH1 0x20 ADD SWAP2 POP JUMPDEST POP SWAP3 POP POP POP PUSH1 0x40 MLOAD DUP1 SWAP2 SUB SWAP1 RETURN JUMPDEST CALLVALUE DUP1 ISZERO PUSH2 0x396 JUMPI PUSH1 0x0 DUP1 REVERT JUMPDEST POP PUSH2 0x3E3 PUSH1 0x4 DUP1 CALLDATASIZE SUB PUSH1 0x40 DUP2 LT ISZERO PUSH2 0x3AD JUMPI PUSH1 0x0 DUP1 REVERT JUMPDEST DUP2 ADD SWAP1 DUP1 DUP1 CALLDATALOAD PUSH20 0xFFFFFFFFFFFFFFFFFFFFFFFFFFFFFFFFFFFFFFFF AND SWAP1 PUSH1 0x20 ADD SWAP1 SWAP3 SWAP2 SWAP1 DUP1 CALLDATALOAD SWAP1 PUSH1 0x20 ADD SWAP1 SWAP3 SWAP2 SWAP1 POP POP POP PUSH2 0x964 JUMP JUMPDEST PUSH1 0x40 MLOAD DUP1 DUP3 ISZERO ISZERO ISZERO ISZERO DUP2 MSTORE PUSH1 0x20 ADD SWAP2 POP POP PUSH1 0x40 MLOAD DUP1 SWAP2 SUB SWAP1 RETURN JUMPDEST CALLVALUE DUP1 ISZERO PUSH2 0x409 JUMPI PUSH1 0x0 DUP1 REVERT JUMPDEST POP PUSH2 0x412 PUSH2 0xABA JUMP JUMPDEST STOP JUMPDEST CALLVALUE DUP1 ISZERO PUSH2 0x420 JUMPI PUSH1 0x0 DUP1 REVERT JUMPDEST POP PUSH2 0x483 PUSH1 0x4 DUP1 CALLDATASIZE SUB PUSH1 0x40 DUP2 LT ISZERO PUSH2 0x437 JUMPI PUSH1 0x0 DUP1 REVERT JUMPDEST DUP2 ADD SWAP1 DUP1 DUP1 CALLDATALOAD PUSH20 0xFFFFFFFFFFFFFFFFFFFFFFFFFFFFFFFFFFFFFFFF AND SWAP1 PUSH1 0x20 ADD SWAP1 SWAP3 SWAP2 SWAP1 DUP1 CALLDATALOAD PUSH20 0xFFFFFFFFFFFFFFFFFFFFFFFFFFFFFFFFFFFFFFFF AND SWAP1 PUSH1 0x20 ADD SWAP1 SWAP3 SWAP2 SWAP1 POP POP POP PUSH2 0xB69 JUMP JUMPDEST PUSH1 0x40 MLOAD DUP1 DUP3 DUP2 MSTORE PUSH1 0x20 ADD SWAP2 POP POP PUSH1 0x40 MLOAD DUP1 SWAP2 SUB SWAP1 RETURN JUMPDEST PUSH1 0x1 DUP1 SLOAD PUSH1 0x1 DUP2 PUSH1 0x1 AND ISZERO PUSH2 0x100 MUL SUB AND PUSH1 0x2 SWAP1 DIV DUP1 PUSH1 0x1F ADD PUSH1 0x20 DUP1 SWAP2 DIV MUL PUSH1 0x20 ADD PUSH1 0x40 MLOAD SWAP1 DUP2 ADD PUSH1 0x40 MSTORE DUP1 SWAP3 SWAP2 SWAP1 DUP2 DUP2 MSTORE PUSH1 0x20 ADD DUP3 DUP1 SLOAD PUSH1 0x1 DUP2 PUSH1 0x1 AND ISZERO PUSH2 0x100 MUL SUB AND PUSH1 0x2 SWAP1 DIV DUP1 ISZERO PUSH2 0x52F JUMPI DUP1 PUSH1 0x1F LT PUSH2 0x504 JUMPI PUSH2 0x100 DUP1 DUP4 SLOAD DIV MUL DUP4 MSTORE SWAP2 PUSH1 0x20 ADD SWAP2 PUSH2 0x52F JUMP JUMPDEST DUP3 ADD SWAP2 SWAP1 PUSH1 0x0 MSTORE PUSH1 0x20 PUSH1 0x0 KECCAK256 SWAP1 JUMPDEST DUP2 SLOAD DUP2 MSTORE SWAP1 PUSH1 0x1 ADD SWAP1 PUSH1 0x20 ADD DUP1 DUP4 GT PUSH2 0x512 JUMPI DUP3 SWAP1 SUB PUSH1 0x1F AND DUP3 ADD SWAP2 JUMPDEST POP POP POP POP POP DUP2 JUMP JUMPDEST PUSH1 0x0 DUP2 PUSH1 0x5 PUSH1 0x0 CALLER PUSH20 0xFFFFFFFFFFFFFFFFFFFFFFFFFFFFFFFFFFFFFFFF AND PUSH20 0xFFFFFFFFFFFFFFFFFFFFFFFFFFFFFFFFFFFFFFFF AND DUP2 MSTORE PUSH1 0x20 ADD SWAP1 DUP2 MSTORE PUSH1 0x20 ADD PUSH1 0x0 KECCAK256 PUSH1 0x0 DUP6 PUSH20 0xFFFFFFFFFFFFFFFFFFFFFFFFFFFFFFFFFFFFFFFF AND PUSH20 0xFFFFFFFFFFFFFFFFFFFFFFFFFFFFFFFFFFFFFFFF AND DUP2 MSTORE PUSH1 0x20 ADD SWAP1 DUP2 MSTORE PUSH1 0x20 ADD PUSH1 0x0 KECCAK256 DUP2 SWAP1 SSTORE POP DUP3 PUSH20 0xFFFFFFFFFFFFFFFFFFFFFFFFFFFFFFFFFFFFFFFF AND CALLER PUSH20 0xFFFFFFFFFFFFFFFFFFFFFFFFFFFFFFFFFFFFFFFF AND PUSH32 0x8C5BE1E5EBEC7D5BD14F71427D1E84F3DD0314C0F7B2291E5B200AC8C7C3B925 DUP5 PUSH1 0x40 MLOAD DUP1 DUP3 DUP2 MSTORE PUSH1 0x20 ADD SWAP2 POP POP PUSH1 0x40 MLOAD DUP1 SWAP2 SUB SWAP1 LOG3 PUSH1 0x1 SWAP1 POP SWAP3 SWAP2 POP POP JUMP JUMPDEST PUSH1 0x4 SLOAD DUP2 JUMP JUMPDEST PUSH1 0x0 DUP1 PUSH1 0x0 DUP6 PUSH20 0xFFFFFFFFFFFFFFFFFFFFFFFFFFFFFFFFFFFFFFFF AND PUSH20 0xFFFFFFFFFFFFFFFFFFFFFFFFFFFFFFFFFFFFFFFF AND DUP2 MSTORE PUSH1 0x20 ADD SWAP1 DUP2 MSTORE PUSH1 0x20 ADD PUSH1 0x0 KECCAK256 SLOAD DUP3 GT ISZERO ISZERO ISZERO PUSH2 0x67E JUMPI PUSH1 0x0 DUP1 REVERT JUMPDEST PUSH1 0x5 PUSH1 0x0 DUP6 PUSH20 0xFFFFFFFFFFFFFFFFFFFFFFFFFFFFFFFFFFFFFFFF AND PUSH20 0xFFFFFFFFFFFFFFFFFFFFFFFFFFFFFFFFFFFFFFFF AND DUP2 MSTORE PUSH1 0x20 ADD SWAP1 DUP2 MSTORE PUSH1 0x20 ADD PUSH1 0x0 KECCAK256 PUSH1 0x0 CALLER PUSH20 0xFFFFFFFFFFFFFFFFFFFFFFFFFFFFFFFFFFFFFFFF AND PUSH20 0xFFFFFFFFFFFFFFFFFFFFFFFFFFFFFFFFFFFFFFFF AND DUP2 MSTORE PUSH1 0x20 ADD SWAP1 DUP2 MSTORE PUSH1 0x20 ADD PUSH1 0x0 KECCAK256 SLOAD DUP3 GT ISZERO ISZERO ISZERO PUSH2 0x709 JUMPI PUSH1 0x0 DUP1 REVERT JUMPDEST DUP2 PUSH1 0x0 DUP1 DUP7 PUSH20 0xFFFFFFFFFFFFFFFFFFFFFFFFFFFFFFFFFFFFFFFF AND PUSH20 0xFFFFFFFFFFFFFFFFFFFFFFFFFFFFFFFFFFFFFFFF AND DUP2 MSTORE PUSH1 0x20 ADD SWAP1 DUP2 MSTORE PUSH1 0x20 ADD PUSH1 0x0 KECCAK256 PUSH1 0x0 DUP3 DUP3 SLOAD SUB SWAP3 POP POP DUP2 SWAP1 SSTORE POP DUP2 PUSH1 0x0 DUP1 DUP6 PUSH20 0xFFFFFFFFFFFFFFFFFFFFFFFFFFFFFFFFFFFFFFFF AND PUSH20 0xFFFFFFFFFFFFFFFFFFFFFFFFFFFFFFFFFFFFFFFF AND DUP2 MSTORE PUSH1 0x20 ADD SWAP1 DUP2 MSTORE PUSH1 0x20 ADD PUSH1 0x0 KECCAK256 PUSH1 0x0 DUP3 DUP3 SLOAD ADD SWAP3 POP POP DUP2 SWAP1 SSTORE POP DUP2 PUSH1 0x5 PUSH1 0x0 DUP7 PUSH20 0xFFFFFFFFFFFFFFFFFFFFFFFFFFFFFFFFFFFFFFFF AND PUSH20 0xFFFFFFFFFFFFFFFFFFFFFFFFFFFFFFFFFFFFFFFF AND DUP2 MSTORE PUSH1 0x20 ADD SWAP1 DUP2 MSTORE PUSH1 0x20 ADD PUSH1 0x0 KECCAK256 PUSH1 0x0 CALLER PUSH20 0xFFFFFFFFFFFFFFFFFFFFFFFFFFFFFFFFFFFFFFFF AND PUSH20 0xFFFFFFFFFFFFFFFFFFFFFFFFFFFFFFFFFFFFFFFF AND DUP2 MSTORE PUSH1 0x20 ADD SWAP1 DUP2 MSTORE PUSH1 0x20 ADD PUSH1 0x0 KECCAK256 PUSH1 0x0 DUP3 DUP3 SLOAD SUB SWAP3 POP POP DUP2 SWAP1 SSTORE POP DUP3 PUSH20 0xFFFFFFFFFFFFFFFFFFFFFFFFFFFFFFFFFFFFFFFF AND DUP5 PUSH20 0xFFFFFFFFFFFFFFFFFFFFFFFFFFFFFFFFFFFFFFFF AND PUSH32 0xDDF252AD1BE2C89B69C2B068FC378DAA952BA7F163C4A11628F55A4DF523B3EF DUP5 PUSH1 0x40 MLOAD DUP1 DUP3 DUP2 MSTORE PUSH1 0x20 ADD SWAP2 POP POP PUSH1 0x40 MLOAD DUP1 SWAP2 SUB SWAP1 LOG3 PUSH1 0x1 SWAP1 POP SWAP4 SWAP3 POP POP POP JUMP JUMPDEST PUSH1 0x3 PUSH1 0x0 SWAP1 SLOAD SWAP1 PUSH2 0x100 EXP SWAP1 DIV PUSH1 0xFF AND DUP2 JUMP JUMPDEST PUSH1 0x0 PUSH1 0x20 MSTORE DUP1 PUSH1 0x0 MSTORE PUSH1 0x40 PUSH1 0x0 KECCAK256 PUSH1 0x0 SWAP2 POP SWAP1 POP SLOAD DUP2 JUMP JUMPDEST PUSH1 0x2 DUP1 SLOAD PUSH1 0x1 DUP2 PUSH1 0x1 AND ISZERO PUSH2 0x100 MUL SUB AND PUSH1 0x2 SWAP1 DIV DUP1 PUSH1 0x1F ADD PUSH1 0x20 DUP1 SWAP2 DIV MUL PUSH1 0x20 ADD PUSH1 0x40 MLOAD SWAP1 DUP2 ADD PUSH1 0x40 MSTORE DUP1 SWAP3 SWAP2 SWAP1 DUP2 DUP2 MSTORE PUSH1 0x20 ADD DUP3 DUP1 SLOAD PUSH1 0x1 DUP2 PUSH1 0x1 AND ISZERO PUSH2 0x100 MUL SUB AND PUSH1 0x2 SWAP1 DIV DUP1 ISZERO PUSH2 0x95C JUMPI DUP1 PUSH1 0x1F LT PUSH2 0x931 JUMPI PUSH2 0x100 DUP1 DUP4 SLOAD DIV MUL DUP4 MSTORE SWAP2 PUSH1 0x20 ADD SWAP2 PUSH2 0x95C JUMP JUMPDEST DUP3 ADD SWAP2 SWAP1 PUSH1 0x0 MSTORE PUSH1 0x20 PUSH1 0x0 KECCAK256 SWAP1 JUMPDEST DUP2 SLOAD DUP2 MSTORE SWAP1 PUSH1 0x1 ADD SWAP1 PUSH1 0x20 ADD DUP1 DUP4 GT PUSH2 0x93F JUMPI DUP3 SWAP1 SUB PUSH1 0x1F AND DUP3 ADD SWAP2 JUMPDEST POP POP POP POP POP DUP2 JUMP JUMPDEST PUSH1 0x0 DUP2 PUSH1 0x0 DUP1 CALLER PUSH20 0xFFFFFFFFFFFFFFFFFFFFFFFFFFFFFFFFFFFFFFFF AND PUSH20 0xFFFFFFFFFFFFFFFFFFFFFFFFFFFFFFFFFFFFFFFF AND DUP2 MSTORE PUSH1 0x20 ADD SWAP1 DUP2 MSTORE PUSH1 0x20 ADD PUSH1 0x0 KECCAK256 SLOAD LT ISZERO ISZERO ISZERO PUSH2 0x9B3 JUMPI PUSH1 0x0 DUP1 REVERT JUMPDEST DUP2 PUSH1 0x0 DUP1 CALLER PUSH20 0xFFFFFFFFFFFFFFFFFFFFFFFFFFFFFFFFFFFFFFFF AND PUSH20 0xFFFFFFFFFFFFFFFFFFFFFFFFFFFFFFFFFFFFFFFF AND DUP2 MSTORE PUSH1 0x20 ADD SWAP1 DUP2 MSTORE PUSH1 0x20 ADD PUSH1 0x0 KECCAK256 PUSH1 0x0 DUP3 DUP3 SLOAD SUB SWAP3 POP POP DUP2 SWAP1 SSTORE POP DUP2 PUSH1 0x0 DUP1 DUP6 PUSH20 0xFFFFFFFFFFFFFFFFFFFFFFFFFFFFFFFFFFFFFFFF AND PUSH20 0xFFFFFFFFFFFFFFFFFFFFFFFFFFFFFFFFFFFFFFFF AND DUP2 MSTORE PUSH1 0x20 ADD SWAP1 DUP2 MSTORE PUSH1 0x20 ADD PUSH1 0x0 KECCAK256 PUSH1 0x0 DUP3 DUP3 SLOAD ADD SWAP3 POP POP DUP2 SWAP1 SSTORE POP DUP3 PUSH20 0xFFFFFFFFFFFFFFFFFFFFFFFFFFFFFFFFFFFFFFFF AND CALLER PUSH20 0xFFFFFFFFFFFFFFFFFFFFFFFFFFFFFFFFFFFFFFFF AND PUSH32 0xDDF252AD1BE2C89B69C2B068FC378DAA952BA7F163C4A11628F55A4DF523B3EF DUP5 PUSH1 0x40 MLOAD DUP1 DUP3 DUP2 MSTORE PUSH1 0x20 ADD SWAP2 POP POP PUSH1 0x40 MLOAD DUP1 SWAP2 SUB SWAP1 LOG3 PUSH1 0x1 SWAP1 POP SWAP3 SWAP2 POP POP JUMP JUMPDEST PUSH1 0x4 SLOAD PUSH1 0x0 DUP1 CALLER PUSH20 0xFFFFFFFFFFFFFFFFFFFFFFFFFFFFFFFFFFFFFFFF AND PUSH20 0xFFFFFFFFFFFFFFFFFFFFFFFFFFFFFFFFFFFFFFFF AND DUP2 MSTORE PUSH1 0x20 ADD SWAP1 DUP2 MSTORE PUSH1 0x20 ADD PUSH1 0x0 KECCAK256 DUP2 SWAP1 SSTORE POP CALLER PUSH20 0xFFFFFFFFFFFFFFFFFFFFFFFFFFFFFFFFFFFFFFFF AND PUSH1 0x0 PUSH20 0xFFFFFFFFFFFFFFFFFFFFFFFFFFFFFFFFFFFFFFFF AND PUSH32 0xDDF252AD1BE2C89B69C2B068FC378DAA952BA7F163C4A11628F55A4DF523B3EF PUSH1 0x4 SLOAD PUSH1 0x40 MLOAD DUP1 DUP3 DUP2 MSTORE PUSH1 0x20 ADD SWAP2 POP POP PUSH1 0x40 MLOAD DUP1 SWAP2 SUB SWAP1 LOG3 JUMP JUMPDEST PUSH1 0x5 PUSH1 0x20 MSTORE DUP2 PUSH1 0x0 MSTORE PUSH1 0x40 PUSH1 0x0 KECCAK256 PUSH1 0x20 MSTORE DUP1 PUSH1 0x0 MSTORE PUSH1 0x40 PUSH1 0x0 KECCAK256 PUSH1 0x0 SWAP2 POP SWAP2 POP POP SLOAD DUP2 JUMP INVALID LOG1 PUSH6 0x627A7A723058 KECCAK256 PUSH6 0x660724D44698 MLOAD NOT STOP 0xf 0xc0 EXTCODESIZE BYTE PUSH7 0xAA94A4EEE0C910 0xab 0xd7 0xe3 MSTORE PUSH32 0x921F2A46BC002900000000000000000000000000000000000000000000000000
0,PUSH1 0x80 PUSH1 0x40 MSTORE PUSH1 0x40 DUP1 MLOAD SWAP1 DUP2 ADD PUSH1 0x40 MSTORE DUP1 PUSH1 0x17 DUP2 MSTORE PUSH1 0x20 ADD PUSH32 0x94343445F4B4F484C455F385F32303139303431310909000000000000000000 DUP2 MSTORE POP PUSH1 0x1 SWAP1 DUP1 MLOAD SWAP1 PUSH1 0x20 ADD SWAP1 PUSH2 0x4F SWAP3 SWAP2 SWAP1 PUSH2 0xD9 JUMP JUMPDEST POP PUSH1 0x40 DUP1 MLOAD SWAP1 DUP2 ADD PUSH1 0x40 MSTORE DUP1 PUSH1 0x1D DUP2 MSTORE PUSH1 0x20 ADD PUSH32 0x94343445F4B4F484C455F385F32303139303431315F73756244540909000000 DUP2 MSTORE POP PUSH1 0x2 SWAP1 DUP1 MLOAD SWAP1 PUSH1 0x20 ADD SWAP1 PUSH2 0x9B SWAP3 SWAP2 SWAP1 PUSH2 0xD9 JUMP JUMPDEST POP PUSH1 0x12 PUSH1 0x3 PUSH1 0x0 PUSH2 0x100 EXP DUP2 SLOAD DUP2 PUSH1 0xFF MUL NOT AND SWAP1 DUP4 PUSH1 0xFF AND MUL OR SWAP1 SSTORE POP PUSH11 0x1060D026983FFAA7000000 PUSH1 0x4 SSTORE CALLVALUE DUP1 ISZERO PUSH2 0xD3 JUMPI PUSH1 0x0 DUP1 REVERT JUMPDEST POP PUSH2 0x17E JUMP JUMPDEST DUP3 DUP1 SLOAD PUSH1 0x1 DUP2 PUSH1 0x1 AND ISZERO PUSH2 0x100 MUL SUB AND PUSH1 0x2 SWAP1 DIV SWAP1 PUSH1 0x0 MSTORE PUSH1 0x20 PUSH1 0x0 KECCAK256 SWAP1 PUSH1 0x1F ADD PUSH1 0x20 SWAP1 DIV DUP2 ADD SWAP3 DUP3 PUSH1 0x1F LT PUSH2 0x11A JUMPI DUP1 MLOAD PUSH1 0xFF NOT AND DUP4 DUP1 ADD OR DUP6 SSTORE PUSH2 0x148 JUMP JUMPDEST DUP3 DUP1 ADD PUSH1 0x1 ADD DUP6 SSTORE DUP3 ISZERO PUSH2 0x148 JUMPI SWAP2 DUP3 ADD JUMPDEST DUP3 DUP2 GT ISZERO PUSH2 0x147 JUMPI DUP3 MLOAD DUP3 SSTORE SWAP2 PUSH1 0x20 ADD SWAP2 SWAP1 PUSH1 0x1 ADD SWAP1 PUSH2 0x12C JUMP JUMPDEST JUMPDEST POP SWAP1 POP PUSH2 0x155 SWAP2 SWAP1 PUSH2 0x159 JUMP JUMPDEST POP SWAP1 JUMP JUMPDEST PUSH2 0x17B SWAP2 SWAP1 JUMPDEST DUP1 DUP3 GT ISZERO PUSH2 0x177 JUMPI PUSH1 0x0 DUP2 PUSH1 0x0 SWAP1 SSTORE POP PUSH1 0x1 ADD PUSH2 0x15F JUMP JUMPDEST POP SWAP1 JUMP JUMPDEST SWAP1 JUMP JUMPDEST PUSH2 0xBBA DUP1 PUSH2 0x18D PUSH1 0x0 CODECOPY PUSH1 0x0 RETURN INVALID PUSH1 0x80 PUSH1 0x40 MSTORE PUSH1 0x4 CALLDATASIZE LT PUSH2 0x9E JUMPI PUSH1 0x0 CALLDATALOAD PUSH29 0x100000000000000000000000000000000000000000000000000000000 SWAP1 DIV DUP1 PUSH4 0x6FDDE03 EQ PUSH2 0xA3 JUMPI DUP1 PUSH4 0x95EA7B3 EQ PUSH2 0x133 JUMPI DUP1 PUSH4 0x18160DDD EQ PUSH2 0x1A6 JUMPI DUP1 PUSH4 0x23B872DD EQ PUSH2 0x1D1 JUMPI DUP1 PUSH4 0x313CE567 EQ PUSH2 0x264 JUMPI DUP1 PUSH4 0x70A08231 EQ PUSH2 0x295 JUMPI DUP1 PUSH4 0x95D89B41 EQ PUSH2 0x2FA JUMPI DUP1 PUSH4 0xA9059CBB EQ PUSH2 0x38A JUMPI DUP1 PUSH4 0xB5C8F317 EQ PUSH2 0x3FD JUMPI DUP1 PUSH4 0xDD62ED3E EQ PUSH2 0x414 JUMPI JUMPDEST PUSH1 0x0 DUP1 REVERT JUMPDEST CALLVALUE DUP1 ISZERO PUSH2 0xAF JUMPI PUSH1 0x0 DUP1 REVERT JUMPDEST POP PUSH2 0xB8 PUSH2 0x499 JUMP JUMPDEST PUSH1 0x40 MLOAD DUP1 DUP1 PUSH1 0x20 ADD DUP3 DUP2 SUB DUP3 MSTORE DUP4 DUP2 DUP2 MLOAD DUP2 MSTORE PUSH1 0x20 ADD SWAP2 POP DUP1 MLOAD SWAP1 PUSH1 0x20 ADD SWAP1 DUP1 DUP4 DUP4 PUSH1 0x0 JUMPDEST DUP4 DUP2 LT ISZERO PUSH2 0xF8 JUMPI DUP1 DUP3 ADD MLOAD DUP2 DUP5 ADD MSTORE PUSH1 0x20 DUP2 ADD SWAP1 POP PUSH2 0xDD JUMP JUMPDEST POP POP POP POP SWAP1 POP SWAP1 DUP2 ADD SWAP1 PUSH1 0x1F AND DUP1 ISZERO PUSH2 0x125 JUMPI DUP1 DUP3 SUB DUP1 MLOAD PUSH1 0x1 DUP4 PUSH1 0x20 SUB PUSH2 0x100 EXP SUB NOT AND DUP2 MSTORE PUSH1 0x20 ADD SWAP2 POP JUMPDEST POP SWAP3 POP POP POP PUSH1 0x40 MLOAD DUP1 SWAP2 SUB SWAP1 RETURN JUMPDEST CALLVALUE DUP1 ISZERO PUSH2 0x13F JUMPI PUSH1 0x0 DUP1 REVERT JUMPDEST POP PUSH2 0x18C PUSH1 0x4 DUP1 CALLDATASIZE SUB PUSH1 0x40 DUP2 LT ISZERO PUSH2 0x156 JUMPI PUSH1 0x0 DUP1 REVERT JUMPDEST DUP2 ADD SWAP1 DUP1 DUP1 CALLDATALOAD PUSH20 0xFFFFFFFFFFFFFFFFFFFFFFFFFFFFFFFFFFFFFFFF AND SWAP1 PUSH1 0x20 ADD SWAP1 SWAP3 SWAP2 SWAP1 DUP1 CALLDATALOAD SWAP1 PUSH1 0x20 ADD SWAP1 SWAP3 SWAP2 SWAP1 POP POP POP PUSH2 0x537 JUMP JUMPDEST PUSH1 0x40 MLOAD DUP1 DUP3 ISZERO ISZERO ISZERO ISZERO DUP2 MSTORE PUSH1 0x20 ADD SWAP2 POP POP PUSH1 0x40 MLOAD DUP1 SWAP2 SUB SWAP1 RETURN JUMPDEST CALLVALUE DUP1 ISZERO PUSH2 0x1B2 JUMPI PUSH1 0x0 DUP1 REVERT JUMPDEST POP PUSH2 0x1BB PUSH2 0x629 JUMP JUMPDEST PUSH1 0x40 MLOAD DUP1 DUP3 DUP2 MSTORE PUSH1 0x20 ADD SWAP2 POP POP PUSH1 0x40 MLOAD DUP1 SWAP2 SUB SWAP1 RETURN JUMPDEST CALLVALUE DUP1 ISZERO PUSH2 0x1DD JUMPI PUSH1 0x0 DUP1 REVERT JUMPDEST POP PUSH2 0x24A PUSH1 0x4 DUP1 CALLDATASIZE SUB PUSH1 0x60 DUP2 LT ISZERO PUSH2 0x1F4 JUMPI PUSH1 0x0 DUP1 REVERT JUMPDEST DUP2 ADD SWAP1 DUP1 DUP1 CALLDATALOAD PUSH20 0xFFFFFFFFFFFFFFFFFFFFFFFFFFFFFFFFFFFFFFFF AND SWAP1 PUSH1 0x20 ADD SWAP1 SWAP3 SWAP2 SWAP1 DUP1 CALLDATALOAD PUSH20 0xFFFFFFFFFFFFFFFFFFFFFFFFFFFFFFFFFFFFFFFF AND SWAP1 PUSH1 0x20 ADD SWAP1 SWAP3 SWAP2 SWAP1 DUP1 CALLDATALOAD SWAP1 PUSH1 0x20 ADD SWAP1 SWAP3 SWAP2 SWAP1 POP POP POP PUSH2 0x62F JUMP JUMPDEST PUSH1 0x40 MLOAD DUP1 DUP3 ISZERO ISZERO ISZERO ISZERO DUP2 MSTORE PUSH1 0x20 ADD SWAP2 POP POP PUSH1 0x40 MLOAD DUP1 SWAP2 SUB SWAP1 RETURN JUMPDEST CALLVALUE DUP1 ISZERO PUSH2 0x270 JUMPI PUSH1 0x0 DUP1 REVERT JUMPDEST POP PUSH2 0x279 PUSH2 0x89B JUMP JUMPDEST PUSH1 0x40 MLOAD DUP1 DUP3 PUSH1 0xFF AND PUSH1 0xFF AND DUP2 MSTORE PUSH1 0x20 ADD SWAP2 POP POP PUSH1 0x40 MLOAD DUP1 SWAP2 SUB SWAP1 RETURN JUMPDEST CALLVALUE DUP1 ISZERO PUSH2 0x2A1 JUMPI PUSH1 0x0 DUP1 REVERT JUMPDEST POP PUSH2 0x2E4 PUSH1 0x4 DUP1 CALLDATASIZE SUB PUSH1 0x20 DUP2 LT ISZERO PUSH2 0x2B8 JUMPI PUSH1 0x0 DUP1 REVERT JUMPDEST DUP2 ADD SWAP1 DUP1 DUP1 CALLDATALOAD PUSH20 0xFFFFFFFFFFFFFFFFFFFFFFFFFFFFFFFFFFFFFFFF AND SWAP1 PUSH1 0x20 ADD SWAP1 SWAP3 SWAP2 SWAP1 POP POP POP PUSH2 0x8AE JUMP JUMPDEST PUSH1 0x40 MLOAD DUP1 DUP3 DUP2 MSTORE PUSH1 0x20 ADD SWAP2 POP POP PUSH1 0x40 MLOAD DUP1 SWAP2 SUB SWAP1 RETURN JUMPDEST CALLVALUE DUP1 ISZERO PUSH2 0x306 JUMPI PUSH1 0x0 DUP1 REVERT JUMPDEST POP PUSH2 0x30F PUSH2 0x8C6 JUMP JUMPDEST PUSH1 0x40 MLOAD DUP1 DUP1 PUSH1 0x20 ADD DUP3 DUP2 SUB DUP3 MSTORE DUP4 DUP2 DUP2 MLOAD DUP2 MSTORE PUSH1 0x20 ADD SWAP2 POP DUP1 MLOAD SWAP1 PUSH1 0x20 ADD SWAP1 DUP1 DUP4 DUP4 PUSH1 0x0 JUMPDEST DUP4 DUP2 LT ISZERO PUSH2 0x34F JUMPI DUP1 DUP3 ADD MLOAD DUP2 DUP5 ADD MSTORE PUSH1 0x20 DUP2 ADD SWAP1 POP PUSH2 0x334 JUMP JUMPDEST POP POP POP POP SWAP1 POP SWAP1 DUP2 ADD SWAP1 PUSH1 0x1F AND DUP1 ISZERO PUSH2 0x37C JUMPI DUP1 DUP3 SUB DUP1 MLOAD PUSH1 0x1 DUP4 PUSH1 0x20 SUB PUSH2 0x100 EXP SUB NOT AND DUP2 MSTORE PUSH1 0x20 ADD SWAP2 POP JUMPDEST POP SWAP3 POP POP POP PUSH1 0x40 MLOAD DUP1 SWAP2 SUB SWAP1 RETURN JUMPDEST CALLVALUE DUP1 ISZERO PUSH2 0x396 JUMPI PUSH1 0x0 DUP1 REVERT JUMPDEST POP PUSH2 0x3E3 PUSH1 0x4 DUP1 CALLDATASIZE SUB PUSH1 0x40 DUP2 LT ISZERO PUSH2 0x3AD JUMPI PUSH1 0x0 DUP1 REVERT JUMPDEST DUP2 ADD SWAP1 DUP1 DUP1 CALLDATALOAD PUSH20 0xFFFFFFFFFFFFFFFFFFFFFFFFFFFFFFFFFFFFFFFF AND SWAP1 PUSH1 0x20 ADD SWAP1 SWAP3 SWAP2 SWAP1 DUP1 CALLDATALOAD SWAP1 PUSH1 0x20 ADD SWAP1 SWAP3 SWAP2 SWAP1 POP POP POP PUSH2 0x964 JUMP JUMPDEST PUSH1 0x40 MLOAD DUP1 DUP3 ISZERO ISZERO ISZERO ISZERO DUP2 MSTORE PUSH1 0x20 ADD SWAP2 POP POP PUSH1 0x40 MLOAD DUP1 SWAP2 SUB SWAP1 RETURN JUMPDEST CALLVALUE DUP1 ISZERO PUSH2 0x409 JUMPI PUSH1 0x0 DUP1 REVERT JUMPDEST POP PUSH2 0x412 PUSH2 0xABA JUMP JUMPDEST STOP JUMPDEST CALLVALUE DUP1 ISZERO PUSH2 0x420 JUMPI PUSH1 0x0 DUP1 REVERT JUMPDEST POP PUSH2 0x483 PUSH1 0x4 DUP1 CALLDATASIZE SUB PUSH1 0x40 DUP2 LT ISZERO PUSH2 0x437 JUMPI PUSH1 0x0 DUP1 REVERT JUMPDEST DUP2 ADD SWAP1 DUP1 DUP1 CALLDATALOAD PUSH20 0xFFFFFFFFFFFFFFFFFFFFFFFFFFFFFFFFFFFFFFFF AND SWAP1 PUSH1 0x20 ADD SWAP1 SWAP3 SWAP2 SWAP1 DUP1 CALLDATALOAD PUSH20 0xFFFFFFFFFFFFFFFFFFFFFFFFFFFFFFFFFFFFFFFF AND SWAP1 PUSH1 0x20 ADD SWAP1 SWAP3 SWAP2 SWAP1 POP POP POP PUSH2 0xB69 JUMP JUMPDEST PUSH1 0x40 MLOAD DUP1 DUP3 DUP2 MSTORE PUSH1 0x20 ADD SWAP2 POP POP PUSH1 0x40 MLOAD DUP1 SWAP2 SUB SWAP1 RETURN JUMPDEST PUSH1 0x1 DUP1 SLOAD PUSH1 0x1 DUP2 PUSH1 0x1 AND ISZERO PUSH2 0x100 MUL SUB AND PUSH1 0x2 SWAP1 DIV DUP1 PUSH1 0x1F ADD PUSH1 0x20 DUP1 SWAP2 DIV MUL PUSH1 0x20 ADD PUSH1 0x40 MLOAD SWAP1 DUP2 ADD PUSH1 0x40 MSTORE DUP1 SWAP3 SWAP2 SWAP1 DUP2 DUP2 MSTORE PUSH1 0x20 ADD DUP3 DUP1 SLOAD PUSH1 0x1 DUP2 PUSH1 0x1 AND ISZERO PUSH2 0x100 MUL SUB AND PUSH1 0x2 SWAP1 DIV DUP1 ISZERO PUSH2 0x52F JUMPI DUP1 PUSH1 0x1F LT PUSH2 0x504 JUMPI PUSH2 0x100 DUP1 DUP4 SLOAD DIV MUL DUP4 MSTORE SWAP2 PUSH1 0x20 ADD SWAP2 PUSH2 0x52F JUMP JUMPDEST DUP3 ADD SWAP2 SWAP1 PUSH1 0x0 MSTORE PUSH1 0x20 PUSH1 0x0 KECCAK256 SWAP1 JUMPDEST DUP2 SLOAD DUP2 MSTORE SWAP1 PUSH1 0x1 ADD SWAP1 PUSH1 0x20 ADD DUP1 DUP4 GT PUSH2 0x512 JUMPI DUP3 SWAP1 SUB PUSH1 0x1F AND DUP3 ADD SWAP2 JUMPDEST POP POP POP POP POP DUP2 JUMP JUMPDEST PUSH1 0x0 DUP2 PUSH1 0x5 PUSH1 0x0 CALLER PUSH20 0xFFFFFFFFFFFFFFFFFFFFFFFFFFFFFFFFFFFFFFFF AND PUSH20 0xFFFFFFFFFFFFFFFFFFFFFFFFFFFFFFFFFFFFFFFF AND DUP2 MSTORE PUSH1 0x20 ADD SWAP1 DUP2 MSTORE PUSH1 0x20 ADD PUSH1 0x0 KECCAK256 PUSH1 0x0 DUP6 PUSH20 0xFFFFFFFFFFFFFFFFFFFFFFFFFFFFFFFFFFFFFFFF AND PUSH20 0xFFFFFFFFFFFFFFFFFFFFFFFFFFFFFFFFFFFFFFFF AND DUP2 MSTORE PUSH1 0x20 ADD SWAP1 DUP2 MSTORE PUSH1 0x20 ADD PUSH1 0x0 KECCAK256 DUP2 SWAP1 SSTORE POP DUP3 PUSH20 0xFFFFFFFFFFFFFFFFFFFFFFFFFFFFFFFFFFFFFFFF AND CALLER PUSH20 0xFFFFFFFFFFFFFFFFFFFFFFFFFFFFFFFFFFFFFFFF AND PUSH32 0x8C5BE1E5EBEC7D5BD14F71427D1E84F3DD0314C0F7B2291E5B200AC8C7C3B925 DUP5 PUSH1 0x40 MLOAD DUP1 DUP3 DUP2 MSTORE PUSH1 0x20 ADD SWAP2 POP POP PUSH1 0x40 MLOAD DUP1 SWAP2 SUB SWAP1 LOG3 PUSH1 0x1 SWAP1 POP SWAP3 SWAP2 POP POP JUMP JUMPDEST PUSH1 0x4 SLOAD DUP2 JUMP JUMPDEST PUSH1 0x0 DUP1 PUSH1 0x0 DUP6 PUSH20 0xFFFFFFFFFFFFFFFFFFFFFFFFFFFFFFFFFFFFFFFF AND PUSH20 0xFFFFFFFFFFFFFFFFFFFFFFFFFFFFFFFFFFFFFFFF AND DUP2 MSTORE PUSH1 0x20 ADD SWAP1 DUP2 MSTORE PUSH1 0x20 ADD PUSH1 0x0 KECCAK256 SLOAD DUP3 GT ISZERO ISZERO ISZERO PUSH2 0x67E JUMPI PUSH1 0x0 DUP1 REVERT JUMPDEST PUSH1 0x5 PUSH1 0x0 DUP6 PUSH20 0xFFFFFFFFFFFFFFFFFFFFFFFFFFFFFFFFFFFFFFFF AND PUSH20 0xFFFFFFFFFFFFFFFFFFFFFFFFFFFFFFFFFFFFFFFF AND DUP2 MSTORE PUSH1 0x20 ADD SWAP1 DUP2 MSTORE PUSH1 0x20 ADD PUSH1 0x0 KECCAK256 PUSH1 0x0 CALLER PUSH20 0xFFFFFFFFFFFFFFFFFFFFFFFFFFFFFFFFFFFFFFFF AND PUSH20 0xFFFFFFFFFFFFFFFFFFFFFFFFFFFFFFFFFFFFFFFF AND DUP2 MSTORE PUSH1 0x20 ADD SWAP1 DUP2 MSTORE PUSH1 0x20 ADD PUSH1 0x0 KECCAK256 SLOAD DUP3 GT ISZERO ISZERO ISZERO PUSH2 0x709 JUMPI PUSH1 0x0 DUP1 REVERT JUMPDEST DUP2 PUSH1 0x0 DUP1 DUP7 PUSH20 0xFFFFFFFFFFFFFFFFFFFFFFFFFFFFFFFFFFFFFFFF AND PUSH20 0xFFFFFFFFFFFFFFFFFFFFFFFFFFFFFFFFFFFFFFFF AND DUP2 MSTORE PUSH1 0x20 ADD SWAP1 DUP2 MSTORE PUSH1 0x20 ADD PUSH1 0x0 KECCAK256 PUSH1 0x0 DUP3 DUP3 SLOAD SUB SWAP3 POP POP DUP2 SWAP1 SSTORE POP DUP2 PUSH1 0x0 DUP1 DUP6 PUSH20 0xFFFFFFFFFFFFFFFFFFFFFFFFFFFFFFFFFFFFFFFF AND PUSH20 0xFFFFFFFFFFFFFFFFFFFFFFFFFFFFFFFFFFFFFFFF AND DUP2 MSTORE PUSH1 0x20 ADD SWAP1 DUP2 MSTORE PUSH1 0x20 ADD PUSH1 0x0 KECCAK256 PUSH1 0x0 DUP3 DUP3 SLOAD ADD SWAP3 POP POP DUP2 SWAP1 SSTORE POP DUP2 PUSH1 0x5 PUSH1 0x0 DUP7 PUSH20 0xFFFFFFFFFFFFFFFFFFFFFFFFFFFFFFFFFFFFFFFF AND PUSH20 0xFFFFFFFFFFFFFFFFFFFFFFFFFFFFFFFFFFFFFFFF AND DUP2 MSTORE PUSH1 0x20 ADD SWAP1 DUP2 MSTORE PUSH1 0x20 ADD PUSH1 0x0 KECCAK256 PUSH1 0x0 CALLER PUSH20 0xFFFFFFFFFFFFFFFFFFFFFFFFFFFFFFFFFFFFFFFF AND PUSH20 0xFFFFFFFFFFFFFFFFFFFFFFFFFFFFFFFFFFFFFFFF AND DUP2 MSTORE PUSH1 0x20 ADD SWAP1 DUP2 MSTORE PUSH1 0x20 ADD PUSH1 0x0 KECCAK256 PUSH1 0x0 DUP3 DUP3 SLOAD SUB SWAP3 POP POP DUP2 SWAP1 SSTORE POP DUP3 PUSH20 0xFFFFFFFFFFFFFFFFFFFFFFFFFFFFFFFFFFFFFFFF AND DUP5 PUSH20 0xFFFFFFFFFFFFFFFFFFFFFFFFFFFFFFFFFFFFFFFF AND PUSH32 0xDDF252AD1BE2C89B69C2B068FC378DAA952BA7F163C4A11628F55A4DF523B3EF DUP5 PUSH1 0x40 MLOAD DUP1 DUP3 DUP2 MSTORE PUSH1 0x20 ADD SWAP2 POP POP PUSH1 0x40 MLOAD DUP1 SWAP2 SUB SWAP1 LOG3 PUSH1 0x1 SWAP1 POP SWAP4 SWAP3 POP POP POP JUMP JUMPDEST PUSH1 0x3 PUSH1 0x0 SWAP1 SLOAD SWAP1 PUSH2 0x100 EXP SWAP1 DIV PUSH1 0xFF AND DUP2 JUMP JUMPDEST PUSH1 0x0 PUSH1 0x20 MSTORE DUP1 PUSH1 0x0 MSTORE PUSH1 0x40 PUSH1 0x0 KECCAK256 PUSH1 0x0 SWAP2 POP SWAP1 POP SLOAD DUP2 JUMP JUMPDEST PUSH1 0x2 DUP1 SLOAD PUSH1 0x1 DUP2 PUSH1 0x1 AND ISZERO PUSH2 0x100 MUL SUB AND PUSH1 0x2 SWAP1 DIV DUP1 PUSH1 0x1F ADD PUSH1 0x20 DUP1 SWAP2 DIV MUL PUSH1 0x20 ADD PUSH1 0x40 MLOAD SWAP1 DUP2 ADD PUSH1 0x40 MSTORE DUP1 SWAP3 SWAP2 SWAP1 DUP2 DUP2 MSTORE PUSH1 0x20 ADD DUP3 DUP1 SLOAD PUSH1 0x1 DUP2 PUSH1 0x1 AND ISZERO PUSH2 0x100 MUL SUB AND PUSH1 0x2 SWAP1 DIV DUP1 ISZERO PUSH2 0x95C JUMPI DUP1 PUSH1 0x1F LT PUSH2 0x931 JUMPI PUSH2 0x100 DUP1 DUP4 SLOAD DIV MUL DUP4 MSTORE SWAP2 PUSH1 0x20 ADD SWAP2 PUSH2 0x95C JUMP JUMPDEST DUP3 ADD SWAP2 SWAP1 PUSH1 0x0 MSTORE PUSH1 0x20 PUSH1 0x0 KECCAK256 SWAP1 JUMPDEST DUP2 SLOAD DUP2 MSTORE SWAP1 PUSH1 0x1 ADD SWAP1 PUSH1 0x20 ADD DUP1 DUP4 GT PUSH2 0x93F JUMPI DUP3 SWAP1 SUB PUSH1 0x1F AND DUP3 ADD SWAP2 JUMPDEST POP POP POP POP POP DUP2 JUMP JUMPDEST PUSH1 0x0 DUP2 PUSH1 0x0 DUP1 CALLER PUSH20 0xFFFFFFFFFFFFFFFFFFFFFFFFFFFFFFFFFFFFFFFF AND PUSH20 0xFFFFFFFFFFFFFFFFFFFFFFFFFFFFFFFFFFFFFFFF AND DUP2 MSTORE PUSH1 0x20 ADD SWAP1 DUP2 MSTORE PUSH1 0x20 ADD PUSH1 0x0 KECCAK256 SLOAD LT ISZERO ISZERO ISZERO PUSH2 0x9B3 JUMPI PUSH1 0x0 DUP1 REVERT JUMPDEST DUP2 PUSH1 0x0 DUP1 CALLER PUSH20 0xFFFFFFFFFFFFFFFFFFFFFFFFFFFFFFFFFFFFFFFF AND PUSH20 0xFFFFFFFFFFFFFFFFFFFFFFFFFFFFFFFFFFFFFFFF AND DUP2 MSTORE PUSH1 0x20 ADD SWAP1 DUP2 MSTORE PUSH1 0x20 ADD PUSH1 0x0 KECCAK256 PUSH1 0x0 DUP3 DUP3 SLOAD SUB SWAP3 POP POP DUP2 SWAP1 SSTORE POP DUP2 PUSH1 0x0 DUP1 DUP6 PUSH20 0xFFFFFFFFFFFFFFFFFFFFFFFFFFFFFFFFFFFFFFFF AND PUSH20 0xFFFFFFFFFFFFFFFFFFFFFFFFFFFFFFFFFFFFFFFF AND DUP2 MSTORE PUSH1 0x20 ADD SWAP1 DUP2 MSTORE PUSH1 0x20 ADD PUSH1 0x0 KECCAK256 PUSH1 0x0 DUP3 DUP3 SLOAD ADD SWAP3 POP POP DUP2 SWAP1 SSTORE POP DUP3 PUSH20 0xFFFFFFFFFFFFFFFFFFFFFFFFFFFFFFFFFFFFFFFF AND CALLER PUSH20 0xFFFFFFFFFFFFFFFFFFFFFFFFFFFFFFFFFFFFFFFF AND PUSH32 0xDDF252AD1BE2C89B69C2B068FC378DAA952BA7F163C4A11628F55A4DF523B3EF DUP5 PUSH1 0x40 MLOAD DUP1 DUP3 DUP2 MSTORE PUSH1 0x20 ADD SWAP2 POP POP PUSH1 0x40 MLOAD DUP1 SWAP2 SUB SWAP1 LOG3 PUSH1 0x1 SWAP1 POP SWAP3 SWAP2 POP POP JUMP JUMPDEST PUSH1 0x4 SLOAD PUSH1 0x0 DUP1 CALLER PUSH20 0xFFFFFFFFFFFFFFFFFFFFFFFFFFFFFFFFFFFFFFFF AND PUSH20 0xFFFFFFFFFFFFFFFFFFFFFFFFFFFFFFFFFFFFFFFF AND DUP2 MSTORE PUSH1 0x20 ADD SWAP1 DUP2 MSTORE PUSH1 0x20 ADD PUSH1 0x0 KECCAK256 DUP2 SWAP1 SSTORE POP CALLER PUSH20 0xFFFFFFFFFFFFFFFFFFFFFFFFFFFFFFFFFFFFFFFF AND PUSH1 0x0 PUSH20 0xFFFFFFFFFFFFFFFFFFFFFFFFFFFFFFFFFFFFFFFF AND PUSH32 0xDDF252AD1BE2C89B69C2B068FC378DAA952BA7F163C4A11628F55A4DF523B3EF PUSH1 0x4 SLOAD PUSH1 0x40 MLOAD DUP1 DUP3 DUP2 MSTORE PUSH1 0x20 ADD SWAP2 POP POP PUSH1 0x40 MLOAD DUP1 SWAP2 SUB SWAP1 LOG3 JUMP JUMPDEST PUSH1 0x5 PUSH1 0x20 MSTORE DUP2 PUSH1 0x0 MSTORE PUSH1 0x40 PUSH1 0x0 KECCAK256 PUSH1 0x20 MSTORE DUP1 PUSH1 0x0 MSTORE PUSH1 0x40 PUSH1 0x0 KECCAK256 PUSH1 0x0 SWAP2 POP SWAP2 POP POP SLOAD DUP2 JUMP INVALID LOG1 PUSH6 0x627A7A723058 KECCAK256 0xa5 0x2d 0x24 0xdb PC SDIV 0x48 0x2c 0xca MSIZE SWAP11 MLOAD TIMESTAMP 0xad 0xb3 SELFDESTRUCT SUB 0xc5 SWAP1 PUSH16 0xA92C67F73B72BFB412E3636800290000
0,PUSH1 0x80 PUSH1 0x40 MSTORE CALLVALUE DUP1 ISZERO PUSH2 0x10 JUMPI PUSH1 0x0 DUP1 REVERT JUMPDEST POP PUSH2 0x42D DUP1 PUSH2 0x20 PUSH1 0x0 CODECOPY PUSH1 0x0 RETURN INVALID PUSH1 0x80 PUSH1 0x40 MSTORE PUSH1 0x4 CALLDATASIZE LT PUSH2 0x51 JUMPI PUSH1 0x0 CALLDATALOAD PUSH29 0x100000000000000000000000000000000000000000000000000000000 SWAP1 DIV DUP1 PUSH4 0x18160DDD EQ PUSH2 0x56 JUMPI DUP1 PUSH4 0x70A08231 EQ PUSH2 0x81 JUMPI DUP1 PUSH4 0xA9059CBB EQ PUSH2 0xE6 JUMPI JUMPDEST PUSH1 0x0 DUP1 REVERT JUMPDEST CALLVALUE DUP1 ISZERO PUSH2 0x62 JUMPI PUSH1 0x0 DUP1 REVERT JUMPDEST POP PUSH2 0x6B PUSH2 0x159 JUMP JUMPDEST PUSH1 0x40 MLOAD DUP1 DUP3 DUP2 MSTORE PUSH1 0x20 ADD SWAP2 POP POP PUSH1 0x40 MLOAD DUP1 SWAP2 SUB SWAP1 RETURN JUMPDEST CALLVALUE DUP1 ISZERO PUSH2 0x8D JUMPI PUSH1 0x0 DUP1 REVERT JUMPDEST POP PUSH2 0xD0 PUSH1 0x4 DUP1 CALLDATASIZE SUB PUSH1 0x20 DUP2 LT ISZERO PUSH2 0xA4 JUMPI PUSH1 0x0 DUP1 REVERT JUMPDEST DUP2 ADD SWAP1 DUP1 DUP1 CALLDATALOAD PUSH20 0xFFFFFFFFFFFFFFFFFFFFFFFFFFFFFFFFFFFFFFFF AND SWAP1 PUSH1 0x20 ADD SWAP1 SWAP3 SWAP2 SWAP1 POP POP POP PUSH2 0x163 JUMP JUMPDEST PUSH1 0x40 MLOAD DUP1 DUP3 DUP2 MSTORE PUSH1 0x20 ADD SWAP2 POP POP PUSH1 0x40 MLOAD DUP1 SWAP2 SUB SWAP1 RETURN JUMPDEST CALLVALUE DUP1 ISZERO PUSH2 0xF2 JUMPI PUSH1 0x0 DUP1 REVERT JUMPDEST POP PUSH2 0x13F PUSH1 0x4 DUP1 CALLDATASIZE SUB PUSH1 0x40 DUP2 LT ISZERO PUSH2 0x109 JUMPI PUSH1 0x0 DUP1 REVERT JUMPDEST DUP2 ADD SWAP1 DUP1 DUP1 CALLDATALOAD PUSH20 0xFFFFFFFFFFFFFFFFFFFFFFFFFFFFFFFFFFFFFFFF AND SWAP1 PUSH1 0x20 ADD SWAP1 SWAP3 SWAP2 SWAP1 DUP1 CALLDATALOAD SWAP1 PUSH1 0x20 ADD SWAP1 SWAP3 SWAP2 SWAP1 POP POP POP PUSH2 0x1AB JUMP JUMPDEST PUSH1 0x40 MLOAD DUP1 DUP3 ISZERO ISZERO ISZERO ISZERO DUP2 MSTORE PUSH1 0x20 ADD SWAP2 POP POP PUSH1 0x40 MLOAD DUP1 SWAP2 SUB SWAP1 RETURN JUMPDEST PUSH1 0x0 PUSH1 0x1 SLOAD SWAP1 POP SWAP1 JUMP JUMPDEST PUSH1 0x0 DUP1 PUSH1 0x0 DUP4 PUSH20 0xFFFFFFFFFFFFFFFFFFFFFFFFFFFFFFFFFFFFFFFF AND PUSH20 0xFFFFFFFFFFFFFFFFFFFFFFFFFFFFFFFFFFFFFFFF AND DUP2 MSTORE PUSH1 0x20 ADD SWAP1 DUP2 MSTORE PUSH1 0x20 ADD PUSH1 0x0 KECCAK256 SLOAD SWAP1 POP SWAP2 SWAP1 POP JUMP JUMPDEST PUSH1 0x0 DUP1 PUSH20 0xFFFFFFFFFFFFFFFFFFFFFFFFFFFFFFFFFFFFFFFF AND DUP4 PUSH20 0xFFFFFFFFFFFFFFFFFFFFFFFFFFFFFFFFFFFFFFFF AND EQ ISZERO ISZERO ISZERO PUSH2 0x1E8 JUMPI PUSH1 0x0 DUP1 REVERT JUMPDEST PUSH1 0x0 DUP1 CALLER PUSH20 0xFFFFFFFFFFFFFFFFFFFFFFFFFFFFFFFFFFFFFFFF AND PUSH20 0xFFFFFFFFFFFFFFFFFFFFFFFFFFFFFFFFFFFFFFFF AND DUP2 MSTORE PUSH1 0x20 ADD SWAP1 DUP2 MSTORE PUSH1 0x20 ADD PUSH1 0x0 KECCAK256 SLOAD DUP3 GT ISZERO ISZERO ISZERO PUSH2 0x235 JUMPI PUSH1 0x0 DUP1 REVERT JUMPDEST PUSH2 0x286 DUP3 PUSH1 0x0 DUP1 CALLER PUSH20 0xFFFFFFFFFFFFFFFFFFFFFFFFFFFFFFFFFFFFFFFF AND PUSH20 0xFFFFFFFFFFFFFFFFFFFFFFFFFFFFFFFFFFFFFFFF AND DUP2 MSTORE PUSH1 0x20 ADD SWAP1 DUP2 MSTORE PUSH1 0x20 ADD PUSH1 0x0 KECCAK256 SLOAD PUSH2 0x3CA SWAP1 SWAP2 SWAP1 PUSH4 0xFFFFFFFF AND JUMP JUMPDEST PUSH1 0x0 DUP1 CALLER PUSH20 0xFFFFFFFFFFFFFFFFFFFFFFFFFFFFFFFFFFFFFFFF AND PUSH20 0xFFFFFFFFFFFFFFFFFFFFFFFFFFFFFFFFFFFFFFFF AND DUP2 MSTORE PUSH1 0x20 ADD SWAP1 DUP2 MSTORE PUSH1 0x20 ADD PUSH1 0x0 KECCAK256 DUP2 SWAP1 SSTORE POP PUSH2 0x319 DUP3 PUSH1 0x0 DUP1 DUP7 PUSH20 0xFFFFFFFFFFFFFFFFFFFFFFFFFFFFFFFFFFFFFFFF AND PUSH20 0xFFFFFFFFFFFFFFFFFFFFFFFFFFFFFFFFFFFFFFFF AND DUP2 MSTORE PUSH1 0x20 ADD SWAP1 DUP2 MSTORE PUSH1 0x20 ADD PUSH1 0x0 KECCAK256 SLOAD PUSH2 0x3E3 SWAP1 SWAP2 SWAP1 PUSH4 0xFFFFFFFF AND JUMP JUMPDEST PUSH1 0x0 DUP1 DUP6 PUSH20 0xFFFFFFFFFFFFFFFFFFFFFFFFFFFFFFFFFFFFFFFF AND PUSH20 0xFFFFFFFFFFFFFFFFFFFFFFFFFFFFFFFFFFFFFFFF AND DUP2 MSTORE PUSH1 0x20 ADD SWAP1 DUP2 MSTORE PUSH1 0x20 ADD PUSH1 0x0 KECCAK256 DUP2 SWAP1 SSTORE POP DUP3 PUSH20 0xFFFFFFFFFFFFFFFFFFFFFFFFFFFFFFFFFFFFFFFF AND CALLER PUSH20 0xFFFFFFFFFFFFFFFFFFFFFFFFFFFFFFFFFFFFFFFF AND PUSH32 0xDDF252AD1BE2C89B69C2B068FC378DAA952BA7F163C4A11628F55A4DF523B3EF DUP5 PUSH1 0x40 MLOAD DUP1 DUP3 DUP2 MSTORE PUSH1 0x20 ADD SWAP2 POP POP PUSH1 0x40 MLOAD DUP1 SWAP2 SUB SWAP1 LOG3 PUSH1 0x1 SWAP1 POP SWAP3 SWAP2 POP POP JUMP JUMPDEST PUSH1 0x0 DUP3 DUP3 GT ISZERO ISZERO ISZERO PUSH2 0x3D8 JUMPI INVALID JUMPDEST DUP2 DUP4 SUB SWAP1 POP SWAP3 SWAP2 POP POP JUMP JUMPDEST PUSH1 0x0 DUP1 DUP3 DUP5 ADD SWAP1 POP DUP4 DUP2 LT ISZERO ISZERO ISZERO PUSH2 0x3F7 JUMPI INVALID JUMPDEST DUP1 SWAP2 POP POP SWAP3 SWAP2 POP POP JUMP INVALID LOG1 PUSH6 0x627A7A723058 KECCAK256 PUSH31 0x52B791B22FA44EF2B064372B73BA85DB26A022434C51ED0DC6A7CACE363426 STOP 0x29
0,PUSH1 0x80 PUSH1 0x40 MSTORE CALLVALUE DUP1 ISZERO PUSH2 0x10 JUMPI PUSH1 0x0 DUP1 REVERT JUMPDEST POP PUSH2 0x42D DUP1 PUSH2 0x20 PUSH1 0x0 CODECOPY PUSH1 0x0 RETURN INVALID PUSH1 0x80 PUSH1 0x40 MSTORE PUSH1 0x4 CALLDATASIZE LT PUSH2 0x51 JUMPI PUSH1 0x0 CALLDATALOAD PUSH29 0x100000000000000000000000000000000000000000000000000000000 SWAP1 DIV DUP1 PUSH4 0x18160DDD EQ PUSH2 0x56 JUMPI DUP1 PUSH4 0x70A08231 EQ PUSH2 0x81 JUMPI DUP1 PUSH4 0xA9059CBB EQ PUSH2 0xE6 JUMPI JUMPDEST PUSH1 0x0 DUP1 REVERT JUMPDEST CALLVALUE DUP1 ISZERO PUSH2 0x62 JUMPI PUSH1 0x0 DUP1 REVERT JUMPDEST POP PUSH2 0x6B PUSH2 0x159 JUMP JUMPDEST PUSH1 0x40 MLOAD DUP1 DUP3 DUP2 MSTORE PUSH1 0x20 ADD SWAP2 POP POP PUSH1 0x40 MLOAD DUP1 SWAP2 SUB SWAP1 RETURN JUMPDEST CALLVALUE DUP1 ISZERO PUSH2 0x8D JUMPI PUSH1 0x0 DUP1 REVERT JUMPDEST POP PUSH2 0xD0 PUSH1 0x4 DUP1 CALLDATASIZE SUB PUSH1 0x20 DUP2 LT ISZERO PUSH2 0xA4 JUMPI PUSH1 0x0 DUP1 REVERT JUMPDEST DUP2 ADD SWAP1 DUP1 DUP1 CALLDATALOAD PUSH20 0xFFFFFFFFFFFFFFFFFFFFFFFFFFFFFFFFFFFFFFFF AND SWAP1 PUSH1 0x20 ADD SWAP1 SWAP3 SWAP2 SWAP1 POP POP POP PUSH2 0x163 JUMP JUMPDEST PUSH1 0x40 MLOAD DUP1 DUP3 DUP2 MSTORE PUSH1 0x20 ADD SWAP2 POP POP PUSH1 0x40 MLOAD DUP1 SWAP2 SUB SWAP1 RETURN JUMPDEST CALLVALUE DUP1 ISZERO PUSH2 0xF2 JUMPI PUSH1 0x0 DUP1 REVERT JUMPDEST POP PUSH2 0x13F PUSH1 0x4 DUP1 CALLDATASIZE SUB PUSH1 0x40 DUP2 LT ISZERO PUSH2 0x109 JUMPI PUSH1 0x0 DUP1 REVERT JUMPDEST DUP2 ADD SWAP1 DUP1 DUP1 CALLDATALOAD PUSH20 0xFFFFFFFFFFFFFFFFFFFFFFFFFFFFFFFFFFFFFFFF AND SWAP1 PUSH1 0x20 ADD SWAP1 SWAP3 SWAP2 SWAP1 DUP1 CALLDATALOAD SWAP1 PUSH1 0x20 ADD SWAP1 SWAP3 SWAP2 SWAP1 POP POP POP PUSH2 0x1AB JUMP JUMPDEST PUSH1 0x40 MLOAD DUP1 DUP3 ISZERO ISZERO ISZERO ISZERO DUP2 MSTORE PUSH1 0x20 ADD SWAP2 POP POP PUSH1 0x40 MLOAD DUP1 SWAP2 SUB SWAP1 RETURN JUMPDEST PUSH1 0x0 PUSH1 0x1 SLOAD SWAP1 POP SWAP1 JUMP JUMPDEST PUSH1 0x0 DUP1 PUSH1 0x0 DUP4 PUSH20 0xFFFFFFFFFFFFFFFFFFFFFFFFFFFFFFFFFFFFFFFF AND PUSH20 0xFFFFFFFFFFFFFFFFFFFFFFFFFFFFFFFFFFFFFFFF AND DUP2 MSTORE PUSH1 0x20 ADD SWAP1 DUP2 MSTORE PUSH1 0x20 ADD PUSH1 0x0 KECCAK256 SLOAD SWAP1 POP SWAP2 SWAP1 POP JUMP JUMPDEST PUSH1 0x0 DUP1 PUSH20 0xFFFFFFFFFFFFFFFFFFFFFFFFFFFFFFFFFFFFFFFF AND DUP4 PUSH20 0xFFFFFFFFFFFFFFFFFFFFFFFFFFFFFFFFFFFFFFFF AND EQ ISZERO ISZERO ISZERO PUSH2 0x1E8 JUMPI PUSH1 0x0 DUP1 REVERT JUMPDEST PUSH1 0x0 DUP1 CALLER PUSH20 0xFFFFFFFFFFFFFFFFFFFFFFFFFFFFFFFFFFFFFFFF AND PUSH20 0xFFFFFFFFFFFFFFFFFFFFFFFFFFFFFFFFFFFFFFFF AND DUP2 MSTORE PUSH1 0x20 ADD SWAP1 DUP2 MSTORE PUSH1 0x20 ADD PUSH1 0x0 KECCAK256 SLOAD DUP3 GT ISZERO ISZERO ISZERO PUSH2 0x235 JUMPI PUSH1 0x0 DUP1 REVERT JUMPDEST PUSH2 0x286 DUP3 PUSH1 0x0 DUP1 CALLER PUSH20 0xFFFFFFFFFFFFFFFFFFFFFFFFFFFFFFFFFFFFFFFF AND PUSH20 0xFFFFFFFFFFFFFFFFFFFFFFFFFFFFFFFFFFFFFFFF AND DUP2 MSTORE PUSH1 0x20 ADD SWAP1 DUP2 MSTORE PUSH1 0x20 ADD PUSH1 0x0 KECCAK256 SLOAD PUSH2 0x3CA SWAP1 SWAP2 SWAP1 PUSH4 0xFFFFFFFF AND JUMP JUMPDEST PUSH1 0x0 DUP1 CALLER PUSH20 0xFFFFFFFFFFFFFFFFFFFFFFFFFFFFFFFFFFFFFFFF AND PUSH20 0xFFFFFFFFFFFFFFFFFFFFFFFFFFFFFFFFFFFFFFFF AND DUP2 MSTORE PUSH1 0x20 ADD SWAP1 DUP2 MSTORE PUSH1 0x20 ADD PUSH1 0x0 KECCAK256 DUP2 SWAP1 SSTORE POP PUSH2 0x319 DUP3 PUSH1 0x0 DUP1 DUP7 PUSH20 0xFFFFFFFFFFFFFFFFFFFFFFFFFFFFFFFFFFFFFFFF AND PUSH20 0xFFFFFFFFFFFFFFFFFFFFFFFFFFFFFFFFFFFFFFFF AND DUP2 MSTORE PUSH1 0x20 ADD SWAP1 DUP2 MSTORE PUSH1 0x20 ADD PUSH1 0x0 KECCAK256 SLOAD PUSH2 0x3E3 SWAP1 SWAP2 SWAP1 PUSH4 0xFFFFFFFF AND JUMP JUMPDEST PUSH1 0x0 DUP1 DUP6 PUSH20 0xFFFFFFFFFFFFFFFFFFFFFFFFFFFFFFFFFFFFFFFF AND PUSH20 0xFFFFFFFFFFFFFFFFFFFFFFFFFFFFFFFFFFFFFFFF AND DUP2 MSTORE PUSH1 0x20 ADD SWAP1 DUP2 MSTORE PUSH1 0x20 ADD PUSH1 0x0 KECCAK256 DUP2 SWAP1 SSTORE POP DUP3 PUSH20 0xFFFFFFFFFFFFFFFFFFFFFFFFFFFFFFFFFFFFFFFF AND CALLER PUSH20 0xFFFFFFFFFFFFFFFFFFFFFFFFFFFFFFFFFFFFFFFF AND PUSH32 0xDDF252AD1BE2C89B69C2B068FC378DAA952BA7F163C4A11628F55A4DF523B3EF DUP5 PUSH1 0x40 MLOAD DUP1 DUP3 DUP2 MSTORE PUSH1 0x20 ADD SWAP2 POP POP PUSH1 0x40 MLOAD DUP1 SWAP2 SUB SWAP1 LOG3 PUSH1 0x1 SWAP1 POP SWAP3 SWAP2 POP POP JUMP JUMPDEST PUSH1 0x0 DUP3 DUP3 GT ISZERO ISZERO ISZERO PUSH2 0x3D8 JUMPI INVALID JUMPDEST DUP2 DUP4 SUB SWAP1 POP SWAP3 SWAP2 POP POP JUMP JUMPDEST PUSH1 0x0 DUP1 DUP3 DUP5 ADD SWAP1 POP DUP4 DUP2 LT ISZERO ISZERO ISZERO PUSH2 0x3F7 JUMPI INVALID JUMPDEST DUP1 SWAP2 POP POP SWAP3 SWAP2 POP POP JUMP INVALID LOG1 PUSH6 0x627A7A723058 KECCAK256 PUSH31 0x52B791B22FA44EF2B064372B73BA85DB26A022434C51ED0DC6A7CACE363426 STOP 0x29
0,PUSH1 0x80 PUSH1 0x40 MSTORE PUSH1 0x40 DUP1 MLOAD SWAP1 DUP2 ADD PUSH1 0x40 MSTORE DUP1 PUSH1 0x17 DUP2 MSTORE PUSH1 0x20 ADD PUSH32 0x94343445F4B4F484C455F395F32303139303431310909000000000000000000 DUP2 MSTORE POP PUSH1 0x1 SWAP1 DUP1 MLOAD SWAP1 PUSH1 0x20 ADD SWAP1 PUSH2 0x4F SWAP3 SWAP2 SWAP1 PUSH2 0xD9 JUMP JUMPDEST POP PUSH1 0x40 DUP1 MLOAD SWAP1 DUP2 ADD PUSH1 0x40 MSTORE DUP1 PUSH1 0x1D DUP2 MSTORE PUSH1 0x20 ADD PUSH32 0x94343445F4B4F484C455F395F32303139303431315F73756244540909000000 DUP2 MSTORE POP PUSH1 0x2 SWAP1 DUP1 MLOAD SWAP1 PUSH1 0x20 ADD SWAP1 PUSH2 0x9B SWAP3 SWAP2 SWAP1 PUSH2 0xD9 JUMP JUMPDEST POP PUSH1 0x12 PUSH1 0x3 PUSH1 0x0 PUSH2 0x100 EXP DUP2 SLOAD DUP2 PUSH1 0xFF MUL NOT AND SWAP1 DUP4 PUSH1 0xFF AND MUL OR SWAP1 SSTORE POP PUSH11 0x1060D026983FFAA7000000 PUSH1 0x4 SSTORE CALLVALUE DUP1 ISZERO PUSH2 0xD3 JUMPI PUSH1 0x0 DUP1 REVERT JUMPDEST POP PUSH2 0x17E JUMP JUMPDEST DUP3 DUP1 SLOAD PUSH1 0x1 DUP2 PUSH1 0x1 AND ISZERO PUSH2 0x100 MUL SUB AND PUSH1 0x2 SWAP1 DIV SWAP1 PUSH1 0x0 MSTORE PUSH1 0x20 PUSH1 0x0 KECCAK256 SWAP1 PUSH1 0x1F ADD PUSH1 0x20 SWAP1 DIV DUP2 ADD SWAP3 DUP3 PUSH1 0x1F LT PUSH2 0x11A JUMPI DUP1 MLOAD PUSH1 0xFF NOT AND DUP4 DUP1 ADD OR DUP6 SSTORE PUSH2 0x148 JUMP JUMPDEST DUP3 DUP1 ADD PUSH1 0x1 ADD DUP6 SSTORE DUP3 ISZERO PUSH2 0x148 JUMPI SWAP2 DUP3 ADD JUMPDEST DUP3 DUP2 GT ISZERO PUSH2 0x147 JUMPI DUP3 MLOAD DUP3 SSTORE SWAP2 PUSH1 0x20 ADD SWAP2 SWAP1 PUSH1 0x1 ADD SWAP1 PUSH2 0x12C JUMP JUMPDEST JUMPDEST POP SWAP1 POP PUSH2 0x155 SWAP2 SWAP1 PUSH2 0x159 JUMP JUMPDEST POP SWAP1 JUMP JUMPDEST PUSH2 0x17B SWAP2 SWAP1 JUMPDEST DUP1 DUP3 GT ISZERO PUSH2 0x177 JUMPI PUSH1 0x0 DUP2 PUSH1 0x0 SWAP1 SSTORE POP PUSH1 0x1 ADD PUSH2 0x15F JUMP JUMPDEST POP SWAP1 JUMP JUMPDEST SWAP1 JUMP JUMPDEST PUSH2 0xBBA DUP1 PUSH2 0x18D PUSH1 0x0 CODECOPY PUSH1 0x0 RETURN INVALID PUSH1 0x80 PUSH1 0x40 MSTORE PUSH1 0x4 CALLDATASIZE LT PUSH2 0x9E JUMPI PUSH1 0x0 CALLDATALOAD PUSH29 0x100000000000000000000000000000000000000000000000000000000 SWAP1 DIV DUP1 PUSH4 0x6FDDE03 EQ PUSH2 0xA3 JUMPI DUP1 PUSH4 0x95EA7B3 EQ PUSH2 0x133 JUMPI DUP1 PUSH4 0x18160DDD EQ PUSH2 0x1A6 JUMPI DUP1 PUSH4 0x23B872DD EQ PUSH2 0x1D1 JUMPI DUP1 PUSH4 0x313CE567 EQ PUSH2 0x264 JUMPI DUP1 PUSH4 0x70A08231 EQ PUSH2 0x295 JUMPI DUP1 PUSH4 0x95D89B41 EQ PUSH2 0x2FA JUMPI DUP1 PUSH4 0xA9059CBB EQ PUSH2 0x38A JUMPI DUP1 PUSH4 0xB5C8F317 EQ PUSH2 0x3FD JUMPI DUP1 PUSH4 0xDD62ED3E EQ PUSH2 0x414 JUMPI JUMPDEST PUSH1 0x0 DUP1 REVERT JUMPDEST CALLVALUE DUP1 ISZERO PUSH2 0xAF JUMPI PUSH1 0x0 DUP1 REVERT JUMPDEST POP PUSH2 0xB8 PUSH2 0x499 JUMP JUMPDEST PUSH1 0x40 MLOAD DUP1 DUP1 PUSH1 0x20 ADD DUP3 DUP2 SUB DUP3 MSTORE DUP4 DUP2 DUP2 MLOAD DUP2 MSTORE PUSH1 0x20 ADD SWAP2 POP DUP1 MLOAD SWAP1 PUSH1 0x20 ADD SWAP1 DUP1 DUP4 DUP4 PUSH1 0x0 JUMPDEST DUP4 DUP2 LT ISZERO PUSH2 0xF8 JUMPI DUP1 DUP3 ADD MLOAD DUP2 DUP5 ADD MSTORE PUSH1 0x20 DUP2 ADD SWAP1 POP PUSH2 0xDD JUMP JUMPDEST POP POP POP POP SWAP1 POP SWAP1 DUP2 ADD SWAP1 PUSH1 0x1F AND DUP1 ISZERO PUSH2 0x125 JUMPI DUP1 DUP3 SUB DUP1 MLOAD PUSH1 0x1 DUP4 PUSH1 0x20 SUB PUSH2 0x100 EXP SUB NOT AND DUP2 MSTORE PUSH1 0x20 ADD SWAP2 POP JUMPDEST POP SWAP3 POP POP POP PUSH1 0x40 MLOAD DUP1 SWAP2 SUB SWAP1 RETURN JUMPDEST CALLVALUE DUP1 ISZERO PUSH2 0x13F JUMPI PUSH1 0x0 DUP1 REVERT JUMPDEST POP PUSH2 0x18C PUSH1 0x4 DUP1 CALLDATASIZE SUB PUSH1 0x40 DUP2 LT ISZERO PUSH2 0x156 JUMPI PUSH1 0x0 DUP1 REVERT JUMPDEST DUP2 ADD SWAP1 DUP1 DUP1 CALLDATALOAD PUSH20 0xFFFFFFFFFFFFFFFFFFFFFFFFFFFFFFFFFFFFFFFF AND SWAP1 PUSH1 0x20 ADD SWAP1 SWAP3 SWAP2 SWAP1 DUP1 CALLDATALOAD SWAP1 PUSH1 0x20 ADD SWAP1 SWAP3 SWAP2 SWAP1 POP POP POP PUSH2 0x537 JUMP JUMPDEST PUSH1 0x40 MLOAD DUP1 DUP3 ISZERO ISZERO ISZERO ISZERO DUP2 MSTORE PUSH1 0x20 ADD SWAP2 POP POP PUSH1 0x40 MLOAD DUP1 SWAP2 SUB SWAP1 RETURN JUMPDEST CALLVALUE DUP1 ISZERO PUSH2 0x1B2 JUMPI PUSH1 0x0 DUP1 REVERT JUMPDEST POP PUSH2 0x1BB PUSH2 0x629 JUMP JUMPDEST PUSH1 0x40 MLOAD DUP1 DUP3 DUP2 MSTORE PUSH1 0x20 ADD SWAP2 POP POP PUSH1 0x40 MLOAD DUP1 SWAP2 SUB SWAP1 RETURN JUMPDEST CALLVALUE DUP1 ISZERO PUSH2 0x1DD JUMPI PUSH1 0x0 DUP1 REVERT JUMPDEST POP PUSH2 0x24A PUSH1 0x4 DUP1 CALLDATASIZE SUB PUSH1 0x60 DUP2 LT ISZERO PUSH2 0x1F4 JUMPI PUSH1 0x0 DUP1 REVERT JUMPDEST DUP2 ADD SWAP1 DUP1 DUP1 CALLDATALOAD PUSH20 0xFFFFFFFFFFFFFFFFFFFFFFFFFFFFFFFFFFFFFFFF AND SWAP1 PUSH1 0x20 ADD SWAP1 SWAP3 SWAP2 SWAP1 DUP1 CALLDATALOAD PUSH20 0xFFFFFFFFFFFFFFFFFFFFFFFFFFFFFFFFFFFFFFFF AND SWAP1 PUSH1 0x20 ADD SWAP1 SWAP3 SWAP2 SWAP1 DUP1 CALLDATALOAD SWAP1 PUSH1 0x20 ADD SWAP1 SWAP3 SWAP2 SWAP1 POP POP POP PUSH2 0x62F JUMP JUMPDEST PUSH1 0x40 MLOAD DUP1 DUP3 ISZERO ISZERO ISZERO ISZERO DUP2 MSTORE PUSH1 0x20 ADD SWAP2 POP POP PUSH1 0x40 MLOAD DUP1 SWAP2 SUB SWAP1 RETURN JUMPDEST CALLVALUE DUP1 ISZERO PUSH2 0x270 JUMPI PUSH1 0x0 DUP1 REVERT JUMPDEST POP PUSH2 0x279 PUSH2 0x89B JUMP JUMPDEST PUSH1 0x40 MLOAD DUP1 DUP3 PUSH1 0xFF AND PUSH1 0xFF AND DUP2 MSTORE PUSH1 0x20 ADD SWAP2 POP POP PUSH1 0x40 MLOAD DUP1 SWAP2 SUB SWAP1 RETURN JUMPDEST CALLVALUE DUP1 ISZERO PUSH2 0x2A1 JUMPI PUSH1 0x0 DUP1 REVERT JUMPDEST POP PUSH2 0x2E4 PUSH1 0x4 DUP1 CALLDATASIZE SUB PUSH1 0x20 DUP2 LT ISZERO PUSH2 0x2B8 JUMPI PUSH1 0x0 DUP1 REVERT JUMPDEST DUP2 ADD SWAP1 DUP1 DUP1 CALLDATALOAD PUSH20 0xFFFFFFFFFFFFFFFFFFFFFFFFFFFFFFFFFFFFFFFF AND SWAP1 PUSH1 0x20 ADD SWAP1 SWAP3 SWAP2 SWAP1 POP POP POP PUSH2 0x8AE JUMP JUMPDEST PUSH1 0x40 MLOAD DUP1 DUP3 DUP2 MSTORE PUSH1 0x20 ADD SWAP2 POP POP PUSH1 0x40 MLOAD DUP1 SWAP2 SUB SWAP1 RETURN JUMPDEST CALLVALUE DUP1 ISZERO PUSH2 0x306 JUMPI PUSH1 0x0 DUP1 REVERT JUMPDEST POP PUSH2 0x30F PUSH2 0x8C6 JUMP JUMPDEST PUSH1 0x40 MLOAD DUP1 DUP1 PUSH1 0x20 ADD DUP3 DUP2 SUB DUP3 MSTORE DUP4 DUP2 DUP2 MLOAD DUP2 MSTORE PUSH1 0x20 ADD SWAP2 POP DUP1 MLOAD SWAP1 PUSH1 0x20 ADD SWAP1 DUP1 DUP4 DUP4 PUSH1 0x0 JUMPDEST DUP4 DUP2 LT ISZERO PUSH2 0x34F JUMPI DUP1 DUP3 ADD MLOAD DUP2 DUP5 ADD MSTORE PUSH1 0x20 DUP2 ADD SWAP1 POP PUSH2 0x334 JUMP JUMPDEST POP POP POP POP SWAP1 POP SWAP1 DUP2 ADD SWAP1 PUSH1 0x1F AND DUP1 ISZERO PUSH2 0x37C JUMPI DUP1 DUP3 SUB DUP1 MLOAD PUSH1 0x1 DUP4 PUSH1 0x20 SUB PUSH2 0x100 EXP SUB NOT AND DUP2 MSTORE PUSH1 0x20 ADD SWAP2 POP JUMPDEST POP SWAP3 POP POP POP PUSH1 0x40 MLOAD DUP1 SWAP2 SUB SWAP1 RETURN JUMPDEST CALLVALUE DUP1 ISZERO PUSH2 0x396 JUMPI PUSH1 0x0 DUP1 REVERT JUMPDEST POP PUSH2 0x3E3 PUSH1 0x4 DUP1 CALLDATASIZE SUB PUSH1 0x40 DUP2 LT ISZERO PUSH2 0x3AD JUMPI PUSH1 0x0 DUP1 REVERT JUMPDEST DUP2 ADD SWAP1 DUP1 DUP1 CALLDATALOAD PUSH20 0xFFFFFFFFFFFFFFFFFFFFFFFFFFFFFFFFFFFFFFFF AND SWAP1 PUSH1 0x20 ADD SWAP1 SWAP3 SWAP2 SWAP1 DUP1 CALLDATALOAD SWAP1 PUSH1 0x20 ADD SWAP1 SWAP3 SWAP2 SWAP1 POP POP POP PUSH2 0x964 JUMP JUMPDEST PUSH1 0x40 MLOAD DUP1 DUP3 ISZERO ISZERO ISZERO ISZERO DUP2 MSTORE PUSH1 0x20 ADD SWAP2 POP POP PUSH1 0x40 MLOAD DUP1 SWAP2 SUB SWAP1 RETURN JUMPDEST CALLVALUE DUP1 ISZERO PUSH2 0x409 JUMPI PUSH1 0x0 DUP1 REVERT JUMPDEST POP PUSH2 0x412 PUSH2 0xABA JUMP JUMPDEST STOP JUMPDEST CALLVALUE DUP1 ISZERO PUSH2 0x420 JUMPI PUSH1 0x0 DUP1 REVERT JUMPDEST POP PUSH2 0x483 PUSH1 0x4 DUP1 CALLDATASIZE SUB PUSH1 0x40 DUP2 LT ISZERO PUSH2 0x437 JUMPI PUSH1 0x0 DUP1 REVERT JUMPDEST DUP2 ADD SWAP1 DUP1 DUP1 CALLDATALOAD PUSH20 0xFFFFFFFFFFFFFFFFFFFFFFFFFFFFFFFFFFFFFFFF AND SWAP1 PUSH1 0x20 ADD SWAP1 SWAP3 SWAP2 SWAP1 DUP1 CALLDATALOAD PUSH20 0xFFFFFFFFFFFFFFFFFFFFFFFFFFFFFFFFFFFFFFFF AND SWAP1 PUSH1 0x20 ADD SWAP1 SWAP3 SWAP2 SWAP1 POP POP POP PUSH2 0xB69 JUMP JUMPDEST PUSH1 0x40 MLOAD DUP1 DUP3 DUP2 MSTORE PUSH1 0x20 ADD SWAP2 POP POP PUSH1 0x40 MLOAD DUP1 SWAP2 SUB SWAP1 RETURN JUMPDEST PUSH1 0x1 DUP1 SLOAD PUSH1 0x1 DUP2 PUSH1 0x1 AND ISZERO PUSH2 0x100 MUL SUB AND PUSH1 0x2 SWAP1 DIV DUP1 PUSH1 0x1F ADD PUSH1 0x20 DUP1 SWAP2 DIV MUL PUSH1 0x20 ADD PUSH1 0x40 MLOAD SWAP1 DUP2 ADD PUSH1 0x40 MSTORE DUP1 SWAP3 SWAP2 SWAP1 DUP2 DUP2 MSTORE PUSH1 0x20 ADD DUP3 DUP1 SLOAD PUSH1 0x1 DUP2 PUSH1 0x1 AND ISZERO PUSH2 0x100 MUL SUB AND PUSH1 0x2 SWAP1 DIV DUP1 ISZERO PUSH2 0x52F JUMPI DUP1 PUSH1 0x1F LT PUSH2 0x504 JUMPI PUSH2 0x100 DUP1 DUP4 SLOAD DIV MUL DUP4 MSTORE SWAP2 PUSH1 0x20 ADD SWAP2 PUSH2 0x52F JUMP JUMPDEST DUP3 ADD SWAP2 SWAP1 PUSH1 0x0 MSTORE PUSH1 0x20 PUSH1 0x0 KECCAK256 SWAP1 JUMPDEST DUP2 SLOAD DUP2 MSTORE SWAP1 PUSH1 0x1 ADD SWAP1 PUSH1 0x20 ADD DUP1 DUP4 GT PUSH2 0x512 JUMPI DUP3 SWAP1 SUB PUSH1 0x1F AND DUP3 ADD SWAP2 JUMPDEST POP POP POP POP POP DUP2 JUMP JUMPDEST PUSH1 0x0 DUP2 PUSH1 0x5 PUSH1 0x0 CALLER PUSH20 0xFFFFFFFFFFFFFFFFFFFFFFFFFFFFFFFFFFFFFFFF AND PUSH20 0xFFFFFFFFFFFFFFFFFFFFFFFFFFFFFFFFFFFFFFFF AND DUP2 MSTORE PUSH1 0x20 ADD SWAP1 DUP2 MSTORE PUSH1 0x20 ADD PUSH1 0x0 KECCAK256 PUSH1 0x0 DUP6 PUSH20 0xFFFFFFFFFFFFFFFFFFFFFFFFFFFFFFFFFFFFFFFF AND PUSH20 0xFFFFFFFFFFFFFFFFFFFFFFFFFFFFFFFFFFFFFFFF AND DUP2 MSTORE PUSH1 0x20 ADD SWAP1 DUP2 MSTORE PUSH1 0x20 ADD PUSH1 0x0 KECCAK256 DUP2 SWAP1 SSTORE POP DUP3 PUSH20 0xFFFFFFFFFFFFFFFFFFFFFFFFFFFFFFFFFFFFFFFF AND CALLER PUSH20 0xFFFFFFFFFFFFFFFFFFFFFFFFFFFFFFFFFFFFFFFF AND PUSH32 0x8C5BE1E5EBEC7D5BD14F71427D1E84F3DD0314C0F7B2291E5B200AC8C7C3B925 DUP5 PUSH1 0x40 MLOAD DUP1 DUP3 DUP2 MSTORE PUSH1 0x20 ADD SWAP2 POP POP PUSH1 0x40 MLOAD DUP1 SWAP2 SUB SWAP1 LOG3 PUSH1 0x1 SWAP1 POP SWAP3 SWAP2 POP POP JUMP JUMPDEST PUSH1 0x4 SLOAD DUP2 JUMP JUMPDEST PUSH1 0x0 DUP1 PUSH1 0x0 DUP6 PUSH20 0xFFFFFFFFFFFFFFFFFFFFFFFFFFFFFFFFFFFFFFFF AND PUSH20 0xFFFFFFFFFFFFFFFFFFFFFFFFFFFFFFFFFFFFFFFF AND DUP2 MSTORE PUSH1 0x20 ADD SWAP1 DUP2 MSTORE PUSH1 0x20 ADD PUSH1 0x0 KECCAK256 SLOAD DUP3 GT ISZERO ISZERO ISZERO PUSH2 0x67E JUMPI PUSH1 0x0 DUP1 REVERT JUMPDEST PUSH1 0x5 PUSH1 0x0 DUP6 PUSH20 0xFFFFFFFFFFFFFFFFFFFFFFFFFFFFFFFFFFFFFFFF AND PUSH20 0xFFFFFFFFFFFFFFFFFFFFFFFFFFFFFFFFFFFFFFFF AND DUP2 MSTORE PUSH1 0x20 ADD SWAP1 DUP2 MSTORE PUSH1 0x20 ADD PUSH1 0x0 KECCAK256 PUSH1 0x0 CALLER PUSH20 0xFFFFFFFFFFFFFFFFFFFFFFFFFFFFFFFFFFFFFFFF AND PUSH20 0xFFFFFFFFFFFFFFFFFFFFFFFFFFFFFFFFFFFFFFFF AND DUP2 MSTORE PUSH1 0x20 ADD SWAP1 DUP2 MSTORE PUSH1 0x20 ADD PUSH1 0x0 KECCAK256 SLOAD DUP3 GT ISZERO ISZERO ISZERO PUSH2 0x709 JUMPI PUSH1 0x0 DUP1 REVERT JUMPDEST DUP2 PUSH1 0x0 DUP1 DUP7 PUSH20 0xFFFFFFFFFFFFFFFFFFFFFFFFFFFFFFFFFFFFFFFF AND PUSH20 0xFFFFFFFFFFFFFFFFFFFFFFFFFFFFFFFFFFFFFFFF AND DUP2 MSTORE PUSH1 0x20 ADD SWAP1 DUP2 MSTORE PUSH1 0x20 ADD PUSH1 0x0 KECCAK256 PUSH1 0x0 DUP3 DUP3 SLOAD SUB SWAP3 POP POP DUP2 SWAP1 SSTORE POP DUP2 PUSH1 0x0 DUP1 DUP6 PUSH20 0xFFFFFFFFFFFFFFFFFFFFFFFFFFFFFFFFFFFFFFFF AND PUSH20 0xFFFFFFFFFFFFFFFFFFFFFFFFFFFFFFFFFFFFFFFF AND DUP2 MSTORE PUSH1 0x20 ADD SWAP1 DUP2 MSTORE PUSH1 0x20 ADD PUSH1 0x0 KECCAK256 PUSH1 0x0 DUP3 DUP3 SLOAD ADD SWAP3 POP POP DUP2 SWAP1 SSTORE POP DUP2 PUSH1 0x5 PUSH1 0x0 DUP7 PUSH20 0xFFFFFFFFFFFFFFFFFFFFFFFFFFFFFFFFFFFFFFFF AND PUSH20 0xFFFFFFFFFFFFFFFFFFFFFFFFFFFFFFFFFFFFFFFF AND DUP2 MSTORE PUSH1 0x20 ADD SWAP1 DUP2 MSTORE PUSH1 0x20 ADD PUSH1 0x0 KECCAK256 PUSH1 0x0 CALLER PUSH20 0xFFFFFFFFFFFFFFFFFFFFFFFFFFFFFFFFFFFFFFFF AND PUSH20 0xFFFFFFFFFFFFFFFFFFFFFFFFFFFFFFFFFFFFFFFF AND DUP2 MSTORE PUSH1 0x20 ADD SWAP1 DUP2 MSTORE PUSH1 0x20 ADD PUSH1 0x0 KECCAK256 PUSH1 0x0 DUP3 DUP3 SLOAD SUB SWAP3 POP POP DUP2 SWAP1 SSTORE POP DUP3 PUSH20 0xFFFFFFFFFFFFFFFFFFFFFFFFFFFFFFFFFFFFFFFF AND DUP5 PUSH20 0xFFFFFFFFFFFFFFFFFFFFFFFFFFFFFFFFFFFFFFFF AND PUSH32 0xDDF252AD1BE2C89B69C2B068FC378DAA952BA7F163C4A11628F55A4DF523B3EF DUP5 PUSH1 0x40 MLOAD DUP1 DUP3 DUP2 MSTORE PUSH1 0x20 ADD SWAP2 POP POP PUSH1 0x40 MLOAD DUP1 SWAP2 SUB SWAP1 LOG3 PUSH1 0x1 SWAP1 POP SWAP4 SWAP3 POP POP POP JUMP JUMPDEST PUSH1 0x3 PUSH1 0x0 SWAP1 SLOAD SWAP1 PUSH2 0x100 EXP SWAP1 DIV PUSH1 0xFF AND DUP2 JUMP JUMPDEST PUSH1 0x0 PUSH1 0x20 MSTORE DUP1 PUSH1 0x0 MSTORE PUSH1 0x40 PUSH1 0x0 KECCAK256 PUSH1 0x0 SWAP2 POP SWAP1 POP SLOAD DUP2 JUMP JUMPDEST PUSH1 0x2 DUP1 SLOAD PUSH1 0x1 DUP2 PUSH1 0x1 AND ISZERO PUSH2 0x100 MUL SUB AND PUSH1 0x2 SWAP1 DIV DUP1 PUSH1 0x1F ADD PUSH1 0x20 DUP1 SWAP2 DIV MUL PUSH1 0x20 ADD PUSH1 0x40 MLOAD SWAP1 DUP2 ADD PUSH1 0x40 MSTORE DUP1 SWAP3 SWAP2 SWAP1 DUP2 DUP2 MSTORE PUSH1 0x20 ADD DUP3 DUP1 SLOAD PUSH1 0x1 DUP2 PUSH1 0x1 AND ISZERO PUSH2 0x100 MUL SUB AND PUSH1 0x2 SWAP1 DIV DUP1 ISZERO PUSH2 0x95C JUMPI DUP1 PUSH1 0x1F LT PUSH2 0x931 JUMPI PUSH2 0x100 DUP1 DUP4 SLOAD DIV MUL DUP4 MSTORE SWAP2 PUSH1 0x20 ADD SWAP2 PUSH2 0x95C JUMP JUMPDEST DUP3 ADD SWAP2 SWAP1 PUSH1 0x0 MSTORE PUSH1 0x20 PUSH1 0x0 KECCAK256 SWAP1 JUMPDEST DUP2 SLOAD DUP2 MSTORE SWAP1 PUSH1 0x1 ADD SWAP1 PUSH1 0x20 ADD DUP1 DUP4 GT PUSH2 0x93F JUMPI DUP3 SWAP1 SUB PUSH1 0x1F AND DUP3 ADD SWAP2 JUMPDEST POP POP POP POP POP DUP2 JUMP JUMPDEST PUSH1 0x0 DUP2 PUSH1 0x0 DUP1 CALLER PUSH20 0xFFFFFFFFFFFFFFFFFFFFFFFFFFFFFFFFFFFFFFFF AND PUSH20 0xFFFFFFFFFFFFFFFFFFFFFFFFFFFFFFFFFFFFFFFF AND DUP2 MSTORE PUSH1 0x20 ADD SWAP1 DUP2 MSTORE PUSH1 0x20 ADD PUSH1 0x0 KECCAK256 SLOAD LT ISZERO ISZERO ISZERO PUSH2 0x9B3 JUMPI PUSH1 0x0 DUP1 REVERT JUMPDEST DUP2 PUSH1 0x0 DUP1 CALLER PUSH20 0xFFFFFFFFFFFFFFFFFFFFFFFFFFFFFFFFFFFFFFFF AND PUSH20 0xFFFFFFFFFFFFFFFFFFFFFFFFFFFFFFFFFFFFFFFF AND DUP2 MSTORE PUSH1 0x20 ADD SWAP1 DUP2 MSTORE PUSH1 0x20 ADD PUSH1 0x0 KECCAK256 PUSH1 0x0 DUP3 DUP3 SLOAD SUB SWAP3 POP POP DUP2 SWAP1 SSTORE POP DUP2 PUSH1 0x0 DUP1 DUP6 PUSH20 0xFFFFFFFFFFFFFFFFFFFFFFFFFFFFFFFFFFFFFFFF AND PUSH20 0xFFFFFFFFFFFFFFFFFFFFFFFFFFFFFFFFFFFFFFFF AND DUP2 MSTORE PUSH1 0x20 ADD SWAP1 DUP2 MSTORE PUSH1 0x20 ADD PUSH1 0x0 KECCAK256 PUSH1 0x0 DUP3 DUP3 SLOAD ADD SWAP3 POP POP DUP2 SWAP1 SSTORE POP DUP3 PUSH20 0xFFFFFFFFFFFFFFFFFFFFFFFFFFFFFFFFFFFFFFFF AND CALLER PUSH20 0xFFFFFFFFFFFFFFFFFFFFFFFFFFFFFFFFFFFFFFFF AND PUSH32 0xDDF252AD1BE2C89B69C2B068FC378DAA952BA7F163C4A11628F55A4DF523B3EF DUP5 PUSH1 0x40 MLOAD DUP1 DUP3 DUP2 MSTORE PUSH1 0x20 ADD SWAP2 POP POP PUSH1 0x40 MLOAD DUP1 SWAP2 SUB SWAP1 LOG3 PUSH1 0x1 SWAP1 POP SWAP3 SWAP2 POP POP JUMP JUMPDEST PUSH1 0x4 SLOAD PUSH1 0x0 DUP1 CALLER PUSH20 0xFFFFFFFFFFFFFFFFFFFFFFFFFFFFFFFFFFFFFFFF AND PUSH20 0xFFFFFFFFFFFFFFFFFFFFFFFFFFFFFFFFFFFFFFFF AND DUP2 MSTORE PUSH1 0x20 ADD SWAP1 DUP2 MSTORE PUSH1 0x20 ADD PUSH1 0x0 KECCAK256 DUP2 SWAP1 SSTORE POP CALLER PUSH20 0xFFFFFFFFFFFFFFFFFFFFFFFFFFFFFFFFFFFFFFFF AND PUSH1 0x0 PUSH20 0xFFFFFFFFFFFFFFFFFFFFFFFFFFFFFFFFFFFFFFFF AND PUSH32 0xDDF252AD1BE2C89B69C2B068FC378DAA952BA7F163C4A11628F55A4DF523B3EF PUSH1 0x4 SLOAD PUSH1 0x40 MLOAD DUP1 DUP3 DUP2 MSTORE PUSH1 0x20 ADD SWAP2 POP POP PUSH1 0x40 MLOAD DUP1 SWAP2 SUB SWAP1 LOG3 JUMP JUMPDEST PUSH1 0x5 PUSH1 0x20 MSTORE DUP2 PUSH1 0x0 MSTORE PUSH1 0x40 PUSH1 0x0 KECCAK256 PUSH1 0x20 MSTORE DUP1 PUSH1 0x0 MSTORE PUSH1 0x40 PUSH1 0x0 KECCAK256 PUSH1 0x0 SWAP2 POP SWAP2 POP POP SLOAD DUP2 JUMP INVALID LOG1 PUSH6 0x627A7A723058 KECCAK256 PUSH21 0xFED01E0FB9F67A40B1BB6C86950954A25A8CEFB8D1 MSTORE BYTE DUP6 0xe8 0xe8 0xc8 PUSH3 0x7AC1BE STOP 0x29
0,PUSH1 0x80 PUSH1 0x40 MSTORE PUSH1 0x40 DUP1 MLOAD SWAP1 DUP2 ADD PUSH1 0x40 MSTORE DUP1 PUSH1 0x18 DUP2 MSTORE PUSH1 0x20 ADD PUSH32 0x94343445F4B4F484C455F31305F323031393034313109090000000000000000 DUP2 MSTORE POP PUSH1 0x1 SWAP1 DUP1 MLOAD SWAP1 PUSH1 0x20 ADD SWAP1 PUSH2 0x4F SWAP3 SWAP2 SWAP1 PUSH2 0xD9 JUMP JUMPDEST POP PUSH1 0x40 DUP1 MLOAD SWAP1 DUP2 ADD PUSH1 0x40 MSTORE DUP1 PUSH1 0x1E DUP2 MSTORE PUSH1 0x20 ADD PUSH32 0x94343445F4B4F484C455F31305F32303139303431315F737562445409090000 DUP2 MSTORE POP PUSH1 0x2 SWAP1 DUP1 MLOAD SWAP1 PUSH1 0x20 ADD SWAP1 PUSH2 0x9B SWAP3 SWAP2 SWAP1 PUSH2 0xD9 JUMP JUMPDEST POP PUSH1 0x12 PUSH1 0x3 PUSH1 0x0 PUSH2 0x100 EXP DUP2 SLOAD DUP2 PUSH1 0xFF MUL NOT AND SWAP1 DUP4 PUSH1 0xFF AND MUL OR SWAP1 SSTORE POP PUSH11 0x1060D026983FFAA7000000 PUSH1 0x4 SSTORE CALLVALUE DUP1 ISZERO PUSH2 0xD3 JUMPI PUSH1 0x0 DUP1 REVERT JUMPDEST POP PUSH2 0x17E JUMP JUMPDEST DUP3 DUP1 SLOAD PUSH1 0x1 DUP2 PUSH1 0x1 AND ISZERO PUSH2 0x100 MUL SUB AND PUSH1 0x2 SWAP1 DIV SWAP1 PUSH1 0x0 MSTORE PUSH1 0x20 PUSH1 0x0 KECCAK256 SWAP1 PUSH1 0x1F ADD PUSH1 0x20 SWAP1 DIV DUP2 ADD SWAP3 DUP3 PUSH1 0x1F LT PUSH2 0x11A JUMPI DUP1 MLOAD PUSH1 0xFF NOT AND DUP4 DUP1 ADD OR DUP6 SSTORE PUSH2 0x148 JUMP JUMPDEST DUP3 DUP1 ADD PUSH1 0x1 ADD DUP6 SSTORE DUP3 ISZERO PUSH2 0x148 JUMPI SWAP2 DUP3 ADD JUMPDEST DUP3 DUP2 GT ISZERO PUSH2 0x147 JUMPI DUP3 MLOAD DUP3 SSTORE SWAP2 PUSH1 0x20 ADD SWAP2 SWAP1 PUSH1 0x1 ADD SWAP1 PUSH2 0x12C JUMP JUMPDEST JUMPDEST POP SWAP1 POP PUSH2 0x155 SWAP2 SWAP1 PUSH2 0x159 JUMP JUMPDEST POP SWAP1 JUMP JUMPDEST PUSH2 0x17B SWAP2 SWAP1 JUMPDEST DUP1 DUP3 GT ISZERO PUSH2 0x177 JUMPI PUSH1 0x0 DUP2 PUSH1 0x0 SWAP1 SSTORE POP PUSH1 0x1 ADD PUSH2 0x15F JUMP JUMPDEST POP SWAP1 JUMP JUMPDEST SWAP1 JUMP JUMPDEST PUSH2 0xBBA DUP1 PUSH2 0x18D PUSH1 0x0 CODECOPY PUSH1 0x0 RETURN INVALID PUSH1 0x80 PUSH1 0x40 MSTORE PUSH1 0x4 CALLDATASIZE LT PUSH2 0x9E JUMPI PUSH1 0x0 CALLDATALOAD PUSH29 0x100000000000000000000000000000000000000000000000000000000 SWAP1 DIV DUP1 PUSH4 0x6FDDE03 EQ PUSH2 0xA3 JUMPI DUP1 PUSH4 0x95EA7B3 EQ PUSH2 0x133 JUMPI DUP1 PUSH4 0x18160DDD EQ PUSH2 0x1A6 JUMPI DUP1 PUSH4 0x23B872DD EQ PUSH2 0x1D1 JUMPI DUP1 PUSH4 0x313CE567 EQ PUSH2 0x264 JUMPI DUP1 PUSH4 0x70A08231 EQ PUSH2 0x295 JUMPI DUP1 PUSH4 0x95D89B41 EQ PUSH2 0x2FA JUMPI DUP1 PUSH4 0xA9059CBB EQ PUSH2 0x38A JUMPI DUP1 PUSH4 0xB5C8F317 EQ PUSH2 0x3FD JUMPI DUP1 PUSH4 0xDD62ED3E EQ PUSH2 0x414 JUMPI JUMPDEST PUSH1 0x0 DUP1 REVERT JUMPDEST CALLVALUE DUP1 ISZERO PUSH2 0xAF JUMPI PUSH1 0x0 DUP1 REVERT JUMPDEST POP PUSH2 0xB8 PUSH2 0x499 JUMP JUMPDEST PUSH1 0x40 MLOAD DUP1 DUP1 PUSH1 0x20 ADD DUP3 DUP2 SUB DUP3 MSTORE DUP4 DUP2 DUP2 MLOAD DUP2 MSTORE PUSH1 0x20 ADD SWAP2 POP DUP1 MLOAD SWAP1 PUSH1 0x20 ADD SWAP1 DUP1 DUP4 DUP4 PUSH1 0x0 JUMPDEST DUP4 DUP2 LT ISZERO PUSH2 0xF8 JUMPI DUP1 DUP3 ADD MLOAD DUP2 DUP5 ADD MSTORE PUSH1 0x20 DUP2 ADD SWAP1 POP PUSH2 0xDD JUMP JUMPDEST POP POP POP POP SWAP1 POP SWAP1 DUP2 ADD SWAP1 PUSH1 0x1F AND DUP1 ISZERO PUSH2 0x125 JUMPI DUP1 DUP3 SUB DUP1 MLOAD PUSH1 0x1 DUP4 PUSH1 0x20 SUB PUSH2 0x100 EXP SUB NOT AND DUP2 MSTORE PUSH1 0x20 ADD SWAP2 POP JUMPDEST POP SWAP3 POP POP POP PUSH1 0x40 MLOAD DUP1 SWAP2 SUB SWAP1 RETURN JUMPDEST CALLVALUE DUP1 ISZERO PUSH2 0x13F JUMPI PUSH1 0x0 DUP1 REVERT JUMPDEST POP PUSH2 0x18C PUSH1 0x4 DUP1 CALLDATASIZE SUB PUSH1 0x40 DUP2 LT ISZERO PUSH2 0x156 JUMPI PUSH1 0x0 DUP1 REVERT JUMPDEST DUP2 ADD SWAP1 DUP1 DUP1 CALLDATALOAD PUSH20 0xFFFFFFFFFFFFFFFFFFFFFFFFFFFFFFFFFFFFFFFF AND SWAP1 PUSH1 0x20 ADD SWAP1 SWAP3 SWAP2 SWAP1 DUP1 CALLDATALOAD SWAP1 PUSH1 0x20 ADD SWAP1 SWAP3 SWAP2 SWAP1 POP POP POP PUSH2 0x537 JUMP JUMPDEST PUSH1 0x40 MLOAD DUP1 DUP3 ISZERO ISZERO ISZERO ISZERO DUP2 MSTORE PUSH1 0x20 ADD SWAP2 POP POP PUSH1 0x40 MLOAD DUP1 SWAP2 SUB SWAP1 RETURN JUMPDEST CALLVALUE DUP1 ISZERO PUSH2 0x1B2 JUMPI PUSH1 0x0 DUP1 REVERT JUMPDEST POP PUSH2 0x1BB PUSH2 0x629 JUMP JUMPDEST PUSH1 0x40 MLOAD DUP1 DUP3 DUP2 MSTORE PUSH1 0x20 ADD SWAP2 POP POP PUSH1 0x40 MLOAD DUP1 SWAP2 SUB SWAP1 RETURN JUMPDEST CALLVALUE DUP1 ISZERO PUSH2 0x1DD JUMPI PUSH1 0x0 DUP1 REVERT JUMPDEST POP PUSH2 0x24A PUSH1 0x4 DUP1 CALLDATASIZE SUB PUSH1 0x60 DUP2 LT ISZERO PUSH2 0x1F4 JUMPI PUSH1 0x0 DUP1 REVERT JUMPDEST DUP2 ADD SWAP1 DUP1 DUP1 CALLDATALOAD PUSH20 0xFFFFFFFFFFFFFFFFFFFFFFFFFFFFFFFFFFFFFFFF AND SWAP1 PUSH1 0x20 ADD SWAP1 SWAP3 SWAP2 SWAP1 DUP1 CALLDATALOAD PUSH20 0xFFFFFFFFFFFFFFFFFFFFFFFFFFFFFFFFFFFFFFFF AND SWAP1 PUSH1 0x20 ADD SWAP1 SWAP3 SWAP2 SWAP1 DUP1 CALLDATALOAD SWAP1 PUSH1 0x20 ADD SWAP1 SWAP3 SWAP2 SWAP1 POP POP POP PUSH2 0x62F JUMP JUMPDEST PUSH1 0x40 MLOAD DUP1 DUP3 ISZERO ISZERO ISZERO ISZERO DUP2 MSTORE PUSH1 0x20 ADD SWAP2 POP POP PUSH1 0x40 MLOAD DUP1 SWAP2 SUB SWAP1 RETURN JUMPDEST CALLVALUE DUP1 ISZERO PUSH2 0x270 JUMPI PUSH1 0x0 DUP1 REVERT JUMPDEST POP PUSH2 0x279 PUSH2 0x89B JUMP JUMPDEST PUSH1 0x40 MLOAD DUP1 DUP3 PUSH1 0xFF AND PUSH1 0xFF AND DUP2 MSTORE PUSH1 0x20 ADD SWAP2 POP POP PUSH1 0x40 MLOAD DUP1 SWAP2 SUB SWAP1 RETURN JUMPDEST CALLVALUE DUP1 ISZERO PUSH2 0x2A1 JUMPI PUSH1 0x0 DUP1 REVERT JUMPDEST POP PUSH2 0x2E4 PUSH1 0x4 DUP1 CALLDATASIZE SUB PUSH1 0x20 DUP2 LT ISZERO PUSH2 0x2B8 JUMPI PUSH1 0x0 DUP1 REVERT JUMPDEST DUP2 ADD SWAP1 DUP1 DUP1 CALLDATALOAD PUSH20 0xFFFFFFFFFFFFFFFFFFFFFFFFFFFFFFFFFFFFFFFF AND SWAP1 PUSH1 0x20 ADD SWAP1 SWAP3 SWAP2 SWAP1 POP POP POP PUSH2 0x8AE JUMP JUMPDEST PUSH1 0x40 MLOAD DUP1 DUP3 DUP2 MSTORE PUSH1 0x20 ADD SWAP2 POP POP PUSH1 0x40 MLOAD DUP1 SWAP2 SUB SWAP1 RETURN JUMPDEST CALLVALUE DUP1 ISZERO PUSH2 0x306 JUMPI PUSH1 0x0 DUP1 REVERT JUMPDEST POP PUSH2 0x30F PUSH2 0x8C6 JUMP JUMPDEST PUSH1 0x40 MLOAD DUP1 DUP1 PUSH1 0x20 ADD DUP3 DUP2 SUB DUP3 MSTORE DUP4 DUP2 DUP2 MLOAD DUP2 MSTORE PUSH1 0x20 ADD SWAP2 POP DUP1 MLOAD SWAP1 PUSH1 0x20 ADD SWAP1 DUP1 DUP4 DUP4 PUSH1 0x0 JUMPDEST DUP4 DUP2 LT ISZERO PUSH2 0x34F JUMPI DUP1 DUP3 ADD MLOAD DUP2 DUP5 ADD MSTORE PUSH1 0x20 DUP2 ADD SWAP1 POP PUSH2 0x334 JUMP JUMPDEST POP POP POP POP SWAP1 POP SWAP1 DUP2 ADD SWAP1 PUSH1 0x1F AND DUP1 ISZERO PUSH2 0x37C JUMPI DUP1 DUP3 SUB DUP1 MLOAD PUSH1 0x1 DUP4 PUSH1 0x20 SUB PUSH2 0x100 EXP SUB NOT AND DUP2 MSTORE PUSH1 0x20 ADD SWAP2 POP JUMPDEST POP SWAP3 POP POP POP PUSH1 0x40 MLOAD DUP1 SWAP2 SUB SWAP1 RETURN JUMPDEST CALLVALUE DUP1 ISZERO PUSH2 0x396 JUMPI PUSH1 0x0 DUP1 REVERT JUMPDEST POP PUSH2 0x3E3 PUSH1 0x4 DUP1 CALLDATASIZE SUB PUSH1 0x40 DUP2 LT ISZERO PUSH2 0x3AD JUMPI PUSH1 0x0 DUP1 REVERT JUMPDEST DUP2 ADD SWAP1 DUP1 DUP1 CALLDATALOAD PUSH20 0xFFFFFFFFFFFFFFFFFFFFFFFFFFFFFFFFFFFFFFFF AND SWAP1 PUSH1 0x20 ADD SWAP1 SWAP3 SWAP2 SWAP1 DUP1 CALLDATALOAD SWAP1 PUSH1 0x20 ADD SWAP1 SWAP3 SWAP2 SWAP1 POP POP POP PUSH2 0x964 JUMP JUMPDEST PUSH1 0x40 MLOAD DUP1 DUP3 ISZERO ISZERO ISZERO ISZERO DUP2 MSTORE PUSH1 0x20 ADD SWAP2 POP POP PUSH1 0x40 MLOAD DUP1 SWAP2 SUB SWAP1 RETURN JUMPDEST CALLVALUE DUP1 ISZERO PUSH2 0x409 JUMPI PUSH1 0x0 DUP1 REVERT JUMPDEST POP PUSH2 0x412 PUSH2 0xABA JUMP JUMPDEST STOP JUMPDEST CALLVALUE DUP1 ISZERO PUSH2 0x420 JUMPI PUSH1 0x0 DUP1 REVERT JUMPDEST POP PUSH2 0x483 PUSH1 0x4 DUP1 CALLDATASIZE SUB PUSH1 0x40 DUP2 LT ISZERO PUSH2 0x437 JUMPI PUSH1 0x0 DUP1 REVERT JUMPDEST DUP2 ADD SWAP1 DUP1 DUP1 CALLDATALOAD PUSH20 0xFFFFFFFFFFFFFFFFFFFFFFFFFFFFFFFFFFFFFFFF AND SWAP1 PUSH1 0x20 ADD SWAP1 SWAP3 SWAP2 SWAP1 DUP1 CALLDATALOAD PUSH20 0xFFFFFFFFFFFFFFFFFFFFFFFFFFFFFFFFFFFFFFFF AND SWAP1 PUSH1 0x20 ADD SWAP1 SWAP3 SWAP2 SWAP1 POP POP POP PUSH2 0xB69 JUMP JUMPDEST PUSH1 0x40 MLOAD DUP1 DUP3 DUP2 MSTORE PUSH1 0x20 ADD SWAP2 POP POP PUSH1 0x40 MLOAD DUP1 SWAP2 SUB SWAP1 RETURN JUMPDEST PUSH1 0x1 DUP1 SLOAD PUSH1 0x1 DUP2 PUSH1 0x1 AND ISZERO PUSH2 0x100 MUL SUB AND PUSH1 0x2 SWAP1 DIV DUP1 PUSH1 0x1F ADD PUSH1 0x20 DUP1 SWAP2 DIV MUL PUSH1 0x20 ADD PUSH1 0x40 MLOAD SWAP1 DUP2 ADD PUSH1 0x40 MSTORE DUP1 SWAP3 SWAP2 SWAP1 DUP2 DUP2 MSTORE PUSH1 0x20 ADD DUP3 DUP1 SLOAD PUSH1 0x1 DUP2 PUSH1 0x1 AND ISZERO PUSH2 0x100 MUL SUB AND PUSH1 0x2 SWAP1 DIV DUP1 ISZERO PUSH2 0x52F JUMPI DUP1 PUSH1 0x1F LT PUSH2 0x504 JUMPI PUSH2 0x100 DUP1 DUP4 SLOAD DIV MUL DUP4 MSTORE SWAP2 PUSH1 0x20 ADD SWAP2 PUSH2 0x52F JUMP JUMPDEST DUP3 ADD SWAP2 SWAP1 PUSH1 0x0 MSTORE PUSH1 0x20 PUSH1 0x0 KECCAK256 SWAP1 JUMPDEST DUP2 SLOAD DUP2 MSTORE SWAP1 PUSH1 0x1 ADD SWAP1 PUSH1 0x20 ADD DUP1 DUP4 GT PUSH2 0x512 JUMPI DUP3 SWAP1 SUB PUSH1 0x1F AND DUP3 ADD SWAP2 JUMPDEST POP POP POP POP POP DUP2 JUMP JUMPDEST PUSH1 0x0 DUP2 PUSH1 0x5 PUSH1 0x0 CALLER PUSH20 0xFFFFFFFFFFFFFFFFFFFFFFFFFFFFFFFFFFFFFFFF AND PUSH20 0xFFFFFFFFFFFFFFFFFFFFFFFFFFFFFFFFFFFFFFFF AND DUP2 MSTORE PUSH1 0x20 ADD SWAP1 DUP2 MSTORE PUSH1 0x20 ADD PUSH1 0x0 KECCAK256 PUSH1 0x0 DUP6 PUSH20 0xFFFFFFFFFFFFFFFFFFFFFFFFFFFFFFFFFFFFFFFF AND PUSH20 0xFFFFFFFFFFFFFFFFFFFFFFFFFFFFFFFFFFFFFFFF AND DUP2 MSTORE PUSH1 0x20 ADD SWAP1 DUP2 MSTORE PUSH1 0x20 ADD PUSH1 0x0 KECCAK256 DUP2 SWAP1 SSTORE POP DUP3 PUSH20 0xFFFFFFFFFFFFFFFFFFFFFFFFFFFFFFFFFFFFFFFF AND CALLER PUSH20 0xFFFFFFFFFFFFFFFFFFFFFFFFFFFFFFFFFFFFFFFF AND PUSH32 0x8C5BE1E5EBEC7D5BD14F71427D1E84F3DD0314C0F7B2291E5B200AC8C7C3B925 DUP5 PUSH1 0x40 MLOAD DUP1 DUP3 DUP2 MSTORE PUSH1 0x20 ADD SWAP2 POP POP PUSH1 0x40 MLOAD DUP1 SWAP2 SUB SWAP1 LOG3 PUSH1 0x1 SWAP1 POP SWAP3 SWAP2 POP POP JUMP JUMPDEST PUSH1 0x4 SLOAD DUP2 JUMP JUMPDEST PUSH1 0x0 DUP1 PUSH1 0x0 DUP6 PUSH20 0xFFFFFFFFFFFFFFFFFFFFFFFFFFFFFFFFFFFFFFFF AND PUSH20 0xFFFFFFFFFFFFFFFFFFFFFFFFFFFFFFFFFFFFFFFF AND DUP2 MSTORE PUSH1 0x20 ADD SWAP1 DUP2 MSTORE PUSH1 0x20 ADD PUSH1 0x0 KECCAK256 SLOAD DUP3 GT ISZERO ISZERO ISZERO PUSH2 0x67E JUMPI PUSH1 0x0 DUP1 REVERT JUMPDEST PUSH1 0x5 PUSH1 0x0 DUP6 PUSH20 0xFFFFFFFFFFFFFFFFFFFFFFFFFFFFFFFFFFFFFFFF AND PUSH20 0xFFFFFFFFFFFFFFFFFFFFFFFFFFFFFFFFFFFFFFFF AND DUP2 MSTORE PUSH1 0x20 ADD SWAP1 DUP2 MSTORE PUSH1 0x20 ADD PUSH1 0x0 KECCAK256 PUSH1 0x0 CALLER PUSH20 0xFFFFFFFFFFFFFFFFFFFFFFFFFFFFFFFFFFFFFFFF AND PUSH20 0xFFFFFFFFFFFFFFFFFFFFFFFFFFFFFFFFFFFFFFFF AND DUP2 MSTORE PUSH1 0x20 ADD SWAP1 DUP2 MSTORE PUSH1 0x20 ADD PUSH1 0x0 KECCAK256 SLOAD DUP3 GT ISZERO ISZERO ISZERO PUSH2 0x709 JUMPI PUSH1 0x0 DUP1 REVERT JUMPDEST DUP2 PUSH1 0x0 DUP1 DUP7 PUSH20 0xFFFFFFFFFFFFFFFFFFFFFFFFFFFFFFFFFFFFFFFF AND PUSH20 0xFFFFFFFFFFFFFFFFFFFFFFFFFFFFFFFFFFFFFFFF AND DUP2 MSTORE PUSH1 0x20 ADD SWAP1 DUP2 MSTORE PUSH1 0x20 ADD PUSH1 0x0 KECCAK256 PUSH1 0x0 DUP3 DUP3 SLOAD SUB SWAP3 POP POP DUP2 SWAP1 SSTORE POP DUP2 PUSH1 0x0 DUP1 DUP6 PUSH20 0xFFFFFFFFFFFFFFFFFFFFFFFFFFFFFFFFFFFFFFFF AND PUSH20 0xFFFFFFFFFFFFFFFFFFFFFFFFFFFFFFFFFFFFFFFF AND DUP2 MSTORE PUSH1 0x20 ADD SWAP1 DUP2 MSTORE PUSH1 0x20 ADD PUSH1 0x0 KECCAK256 PUSH1 0x0 DUP3 DUP3 SLOAD ADD SWAP3 POP POP DUP2 SWAP1 SSTORE POP DUP2 PUSH1 0x5 PUSH1 0x0 DUP7 PUSH20 0xFFFFFFFFFFFFFFFFFFFFFFFFFFFFFFFFFFFFFFFF AND PUSH20 0xFFFFFFFFFFFFFFFFFFFFFFFFFFFFFFFFFFFFFFFF AND DUP2 MSTORE PUSH1 0x20 ADD SWAP1 DUP2 MSTORE PUSH1 0x20 ADD PUSH1 0x0 KECCAK256 PUSH1 0x0 CALLER PUSH20 0xFFFFFFFFFFFFFFFFFFFFFFFFFFFFFFFFFFFFFFFF AND PUSH20 0xFFFFFFFFFFFFFFFFFFFFFFFFFFFFFFFFFFFFFFFF AND DUP2 MSTORE PUSH1 0x20 ADD SWAP1 DUP2 MSTORE PUSH1 0x20 ADD PUSH1 0x0 KECCAK256 PUSH1 0x0 DUP3 DUP3 SLOAD SUB SWAP3 POP POP DUP2 SWAP1 SSTORE POP DUP3 PUSH20 0xFFFFFFFFFFFFFFFFFFFFFFFFFFFFFFFFFFFFFFFF AND DUP5 PUSH20 0xFFFFFFFFFFFFFFFFFFFFFFFFFFFFFFFFFFFFFFFF AND PUSH32 0xDDF252AD1BE2C89B69C2B068FC378DAA952BA7F163C4A11628F55A4DF523B3EF DUP5 PUSH1 0x40 MLOAD DUP1 DUP3 DUP2 MSTORE PUSH1 0x20 ADD SWAP2 POP POP PUSH1 0x40 MLOAD DUP1 SWAP2 SUB SWAP1 LOG3 PUSH1 0x1 SWAP1 POP SWAP4 SWAP3 POP POP POP JUMP JUMPDEST PUSH1 0x3 PUSH1 0x0 SWAP1 SLOAD SWAP1 PUSH2 0x100 EXP SWAP1 DIV PUSH1 0xFF AND DUP2 JUMP JUMPDEST PUSH1 0x0 PUSH1 0x20 MSTORE DUP1 PUSH1 0x0 MSTORE PUSH1 0x40 PUSH1 0x0 KECCAK256 PUSH1 0x0 SWAP2 POP SWAP1 POP SLOAD DUP2 JUMP JUMPDEST PUSH1 0x2 DUP1 SLOAD PUSH1 0x1 DUP2 PUSH1 0x1 AND ISZERO PUSH2 0x100 MUL SUB AND PUSH1 0x2 SWAP1 DIV DUP1 PUSH1 0x1F ADD PUSH1 0x20 DUP1 SWAP2 DIV MUL PUSH1 0x20 ADD PUSH1 0x40 MLOAD SWAP1 DUP2 ADD PUSH1 0x40 MSTORE DUP1 SWAP3 SWAP2 SWAP1 DUP2 DUP2 MSTORE PUSH1 0x20 ADD DUP3 DUP1 SLOAD PUSH1 0x1 DUP2 PUSH1 0x1 AND ISZERO PUSH2 0x100 MUL SUB AND PUSH1 0x2 SWAP1 DIV DUP1 ISZERO PUSH2 0x95C JUMPI DUP1 PUSH1 0x1F LT PUSH2 0x931 JUMPI PUSH2 0x100 DUP1 DUP4 SLOAD DIV MUL DUP4 MSTORE SWAP2 PUSH1 0x20 ADD SWAP2 PUSH2 0x95C JUMP JUMPDEST DUP3 ADD SWAP2 SWAP1 PUSH1 0x0 MSTORE PUSH1 0x20 PUSH1 0x0 KECCAK256 SWAP1 JUMPDEST DUP2 SLOAD DUP2 MSTORE SWAP1 PUSH1 0x1 ADD SWAP1 PUSH1 0x20 ADD DUP1 DUP4 GT PUSH2 0x93F JUMPI DUP3 SWAP1 SUB PUSH1 0x1F AND DUP3 ADD SWAP2 JUMPDEST POP POP POP POP POP DUP2 JUMP JUMPDEST PUSH1 0x0 DUP2 PUSH1 0x0 DUP1 CALLER PUSH20 0xFFFFFFFFFFFFFFFFFFFFFFFFFFFFFFFFFFFFFFFF AND PUSH20 0xFFFFFFFFFFFFFFFFFFFFFFFFFFFFFFFFFFFFFFFF AND DUP2 MSTORE PUSH1 0x20 ADD SWAP1 DUP2 MSTORE PUSH1 0x20 ADD PUSH1 0x0 KECCAK256 SLOAD LT ISZERO ISZERO ISZERO PUSH2 0x9B3 JUMPI PUSH1 0x0 DUP1 REVERT JUMPDEST DUP2 PUSH1 0x0 DUP1 CALLER PUSH20 0xFFFFFFFFFFFFFFFFFFFFFFFFFFFFFFFFFFFFFFFF AND PUSH20 0xFFFFFFFFFFFFFFFFFFFFFFFFFFFFFFFFFFFFFFFF AND DUP2 MSTORE PUSH1 0x20 ADD SWAP1 DUP2 MSTORE PUSH1 0x20 ADD PUSH1 0x0 KECCAK256 PUSH1 0x0 DUP3 DUP3 SLOAD SUB SWAP3 POP POP DUP2 SWAP1 SSTORE POP DUP2 PUSH1 0x0 DUP1 DUP6 PUSH20 0xFFFFFFFFFFFFFFFFFFFFFFFFFFFFFFFFFFFFFFFF AND PUSH20 0xFFFFFFFFFFFFFFFFFFFFFFFFFFFFFFFFFFFFFFFF AND DUP2 MSTORE PUSH1 0x20 ADD SWAP1 DUP2 MSTORE PUSH1 0x20 ADD PUSH1 0x0 KECCAK256 PUSH1 0x0 DUP3 DUP3 SLOAD ADD SWAP3 POP POP DUP2 SWAP1 SSTORE POP DUP3 PUSH20 0xFFFFFFFFFFFFFFFFFFFFFFFFFFFFFFFFFFFFFFFF AND CALLER PUSH20 0xFFFFFFFFFFFFFFFFFFFFFFFFFFFFFFFFFFFFFFFF AND PUSH32 0xDDF252AD1BE2C89B69C2B068FC378DAA952BA7F163C4A11628F55A4DF523B3EF DUP5 PUSH1 0x40 MLOAD DUP1 DUP3 DUP2 MSTORE PUSH1 0x20 ADD SWAP2 POP POP PUSH1 0x40 MLOAD DUP1 SWAP2 SUB SWAP1 LOG3 PUSH1 0x1 SWAP1 POP SWAP3 SWAP2 POP POP JUMP JUMPDEST PUSH1 0x4 SLOAD PUSH1 0x0 DUP1 CALLER PUSH20 0xFFFFFFFFFFFFFFFFFFFFFFFFFFFFFFFFFFFFFFFF AND PUSH20 0xFFFFFFFFFFFFFFFFFFFFFFFFFFFFFFFFFFFFFFFF AND DUP2 MSTORE PUSH1 0x20 ADD SWAP1 DUP2 MSTORE PUSH1 0x20 ADD PUSH1 0x0 KECCAK256 DUP2 SWAP1 SSTORE POP CALLER PUSH20 0xFFFFFFFFFFFFFFFFFFFFFFFFFFFFFFFFFFFFFFFF AND PUSH1 0x0 PUSH20 0xFFFFFFFFFFFFFFFFFFFFFFFFFFFFFFFFFFFFFFFF AND PUSH32 0xDDF252AD1BE2C89B69C2B068FC378DAA952BA7F163C4A11628F55A4DF523B3EF PUSH1 0x4 SLOAD PUSH1 0x40 MLOAD DUP1 DUP3 DUP2 MSTORE PUSH1 0x20 ADD SWAP2 POP POP PUSH1 0x40 MLOAD DUP1 SWAP2 SUB SWAP1 LOG3 JUMP JUMPDEST PUSH1 0x5 PUSH1 0x20 MSTORE DUP2 PUSH1 0x0 MSTORE PUSH1 0x40 PUSH1 0x0 KECCAK256 PUSH1 0x20 MSTORE DUP1 PUSH1 0x0 MSTORE PUSH1 0x40 PUSH1 0x0 KECCAK256 PUSH1 0x0 SWAP2 POP SWAP2 POP POP SLOAD DUP2 JUMP INVALID LOG1 PUSH6 0x627A7A723058 KECCAK256 0xe9 0xb5 0xf6 PUSH30 0xE6862B9671B6CC5ED380A45BB5BC00644A9A805DA59F2173E4A960AE0029
0,PUSH1 0x80 PUSH1 0x40 MSTORE PUSH1 0x40 DUP1 MLOAD SWAP1 DUP2 ADD PUSH1 0x40 MSTORE DUP1 PUSH1 0x18 DUP2 MSTORE PUSH1 0x20 ADD PUSH32 0x94343445F4B4F484C455F31355F323031393034313109090000000000000000 DUP2 MSTORE POP PUSH1 0x1 SWAP1 DUP1 MLOAD SWAP1 PUSH1 0x20 ADD SWAP1 PUSH2 0x4F SWAP3 SWAP2 SWAP1 PUSH2 0xD9 JUMP JUMPDEST POP PUSH1 0x40 DUP1 MLOAD SWAP1 DUP2 ADD PUSH1 0x40 MSTORE DUP1 PUSH1 0x1E DUP2 MSTORE PUSH1 0x20 ADD PUSH32 0x94343445F4B4F484C455F31355F32303139303431315F737562445409090000 DUP2 MSTORE POP PUSH1 0x2 SWAP1 DUP1 MLOAD SWAP1 PUSH1 0x20 ADD SWAP1 PUSH2 0x9B SWAP3 SWAP2 SWAP1 PUSH2 0xD9 JUMP JUMPDEST POP PUSH1 0x12 PUSH1 0x3 PUSH1 0x0 PUSH2 0x100 EXP DUP2 SLOAD DUP2 PUSH1 0xFF MUL NOT AND SWAP1 DUP4 PUSH1 0xFF AND MUL OR SWAP1 SSTORE POP PUSH11 0x1060D026983FFAA7000000 PUSH1 0x4 SSTORE CALLVALUE DUP1 ISZERO PUSH2 0xD3 JUMPI PUSH1 0x0 DUP1 REVERT JUMPDEST POP PUSH2 0x17E JUMP JUMPDEST DUP3 DUP1 SLOAD PUSH1 0x1 DUP2 PUSH1 0x1 AND ISZERO PUSH2 0x100 MUL SUB AND PUSH1 0x2 SWAP1 DIV SWAP1 PUSH1 0x0 MSTORE PUSH1 0x20 PUSH1 0x0 KECCAK256 SWAP1 PUSH1 0x1F ADD PUSH1 0x20 SWAP1 DIV DUP2 ADD SWAP3 DUP3 PUSH1 0x1F LT PUSH2 0x11A JUMPI DUP1 MLOAD PUSH1 0xFF NOT AND DUP4 DUP1 ADD OR DUP6 SSTORE PUSH2 0x148 JUMP JUMPDEST DUP3 DUP1 ADD PUSH1 0x1 ADD DUP6 SSTORE DUP3 ISZERO PUSH2 0x148 JUMPI SWAP2 DUP3 ADD JUMPDEST DUP3 DUP2 GT ISZERO PUSH2 0x147 JUMPI DUP3 MLOAD DUP3 SSTORE SWAP2 PUSH1 0x20 ADD SWAP2 SWAP1 PUSH1 0x1 ADD SWAP1 PUSH2 0x12C JUMP JUMPDEST JUMPDEST POP SWAP1 POP PUSH2 0x155 SWAP2 SWAP1 PUSH2 0x159 JUMP JUMPDEST POP SWAP1 JUMP JUMPDEST PUSH2 0x17B SWAP2 SWAP1 JUMPDEST DUP1 DUP3 GT ISZERO PUSH2 0x177 JUMPI PUSH1 0x0 DUP2 PUSH1 0x0 SWAP1 SSTORE POP PUSH1 0x1 ADD PUSH2 0x15F JUMP JUMPDEST POP SWAP1 JUMP JUMPDEST SWAP1 JUMP JUMPDEST PUSH2 0xB7A DUP1 PUSH2 0x18D PUSH1 0x0 CODECOPY PUSH1 0x0 RETURN STOP PUSH1 0x80 PUSH1 0x40 MSTORE PUSH1 0x4 CALLDATASIZE LT PUSH2 0xA4 JUMPI PUSH1 0x0 CALLDATALOAD PUSH29 0x100000000000000000000000000000000000000000000000000000000 SWAP1 DIV PUSH4 0xFFFFFFFF AND DUP1 PUSH4 0x6FDDE03 EQ PUSH2 0xA9 JUMPI DUP1 PUSH4 0x95EA7B3 EQ PUSH2 0x139 JUMPI DUP1 PUSH4 0x18160DDD EQ PUSH2 0x19E JUMPI DUP1 PUSH4 0x23B872DD EQ PUSH2 0x1C9 JUMPI DUP1 PUSH4 0x313CE567 EQ PUSH2 0x24E JUMPI DUP1 PUSH4 0x70A08231 EQ PUSH2 0x27F JUMPI DUP1 PUSH4 0x95D89B41 EQ PUSH2 0x2D6 JUMPI DUP1 PUSH4 0xA9059CBB EQ PUSH2 0x366 JUMPI DUP1 PUSH4 0xB5C8F317 EQ PUSH2 0x3CB JUMPI DUP1 PUSH4 0xDD62ED3E EQ PUSH2 0x3E2 JUMPI JUMPDEST PUSH1 0x0 DUP1 REVERT JUMPDEST CALLVALUE DUP1 ISZERO PUSH2 0xB5 JUMPI PUSH1 0x0 DUP1 REVERT JUMPDEST POP PUSH2 0xBE PUSH2 0x459 JUMP JUMPDEST PUSH1 0x40 MLOAD DUP1 DUP1 PUSH1 0x20 ADD DUP3 DUP2 SUB DUP3 MSTORE DUP4 DUP2 DUP2 MLOAD DUP2 MSTORE PUSH1 0x20 ADD SWAP2 POP DUP1 MLOAD SWAP1 PUSH1 0x20 ADD SWAP1 DUP1 DUP4 DUP4 PUSH1 0x0 JUMPDEST DUP4 DUP2 LT ISZERO PUSH2 0xFE JUMPI DUP1 DUP3 ADD MLOAD DUP2 DUP5 ADD MSTORE PUSH1 0x20 DUP2 ADD SWAP1 POP PUSH2 0xE3 JUMP JUMPDEST POP POP POP POP SWAP1 POP SWAP1 DUP2 ADD SWAP1 PUSH1 0x1F AND DUP1 ISZERO PUSH2 0x12B JUMPI DUP1 DUP3 SUB DUP1 MLOAD PUSH1 0x1 DUP4 PUSH1 0x20 SUB PUSH2 0x100 EXP SUB NOT AND DUP2 MSTORE PUSH1 0x20 ADD SWAP2 POP JUMPDEST POP SWAP3 POP POP POP PUSH1 0x40 MLOAD DUP1 SWAP2 SUB SWAP1 RETURN JUMPDEST CALLVALUE DUP1 ISZERO PUSH2 0x145 JUMPI PUSH1 0x0 DUP1 REVERT JUMPDEST POP PUSH2 0x184 PUSH1 0x4 DUP1 CALLDATASIZE SUB DUP2 ADD SWAP1 DUP1 DUP1 CALLDATALOAD PUSH20 0xFFFFFFFFFFFFFFFFFFFFFFFFFFFFFFFFFFFFFFFF AND SWAP1 PUSH1 0x20 ADD SWAP1 SWAP3 SWAP2 SWAP1 DUP1 CALLDATALOAD SWAP1 PUSH1 0x20 ADD SWAP1 SWAP3 SWAP2 SWAP1 POP POP POP PUSH2 0x4F7 JUMP JUMPDEST PUSH1 0x40 MLOAD DUP1 DUP3 ISZERO ISZERO ISZERO ISZERO DUP2 MSTORE PUSH1 0x20 ADD SWAP2 POP POP PUSH1 0x40 MLOAD DUP1 SWAP2 SUB SWAP1 RETURN JUMPDEST CALLVALUE DUP1 ISZERO PUSH2 0x1AA JUMPI PUSH1 0x0 DUP1 REVERT JUMPDEST POP PUSH2 0x1B3 PUSH2 0x5E9 JUMP JUMPDEST PUSH1 0x40 MLOAD DUP1 DUP3 DUP2 MSTORE PUSH1 0x20 ADD SWAP2 POP POP PUSH1 0x40 MLOAD DUP1 SWAP2 SUB SWAP1 RETURN JUMPDEST CALLVALUE DUP1 ISZERO PUSH2 0x1D5 JUMPI PUSH1 0x0 DUP1 REVERT JUMPDEST POP PUSH2 0x234 PUSH1 0x4 DUP1 CALLDATASIZE SUB DUP2 ADD SWAP1 DUP1 DUP1 CALLDATALOAD PUSH20 0xFFFFFFFFFFFFFFFFFFFFFFFFFFFFFFFFFFFFFFFF AND SWAP1 PUSH1 0x20 ADD SWAP1 SWAP3 SWAP2 SWAP1 DUP1 CALLDATALOAD PUSH20 0xFFFFFFFFFFFFFFFFFFFFFFFFFFFFFFFFFFFFFFFF AND SWAP1 PUSH1 0x20 ADD SWAP1 SWAP3 SWAP2 SWAP1 DUP1 CALLDATALOAD SWAP1 PUSH1 0x20 ADD SWAP1 SWAP3 SWAP2 SWAP1 POP POP POP PUSH2 0x5EF JUMP JUMPDEST PUSH1 0x40 MLOAD DUP1 DUP3 ISZERO ISZERO ISZERO ISZERO DUP2 MSTORE PUSH1 0x20 ADD SWAP2 POP POP PUSH1 0x40 MLOAD DUP1 SWAP2 SUB SWAP1 RETURN JUMPDEST CALLVALUE DUP1 ISZERO PUSH2 0x25A JUMPI PUSH1 0x0 DUP1 REVERT JUMPDEST POP PUSH2 0x263 PUSH2 0x85B JUMP JUMPDEST PUSH1 0x40 MLOAD DUP1 DUP3 PUSH1 0xFF AND PUSH1 0xFF AND DUP2 MSTORE PUSH1 0x20 ADD SWAP2 POP POP PUSH1 0x40 MLOAD DUP1 SWAP2 SUB SWAP1 RETURN JUMPDEST CALLVALUE DUP1 ISZERO PUSH2 0x28B JUMPI PUSH1 0x0 DUP1 REVERT JUMPDEST POP PUSH2 0x2C0 PUSH1 0x4 DUP1 CALLDATASIZE SUB DUP2 ADD SWAP1 DUP1 DUP1 CALLDATALOAD PUSH20 0xFFFFFFFFFFFFFFFFFFFFFFFFFFFFFFFFFFFFFFFF AND SWAP1 PUSH1 0x20 ADD SWAP1 SWAP3 SWAP2 SWAP1 POP POP POP PUSH2 0x86E JUMP JUMPDEST PUSH1 0x40 MLOAD DUP1 DUP3 DUP2 MSTORE PUSH1 0x20 ADD SWAP2 POP POP PUSH1 0x40 MLOAD DUP1 SWAP2 SUB SWAP1 RETURN JUMPDEST CALLVALUE DUP1 ISZERO PUSH2 0x2E2 JUMPI PUSH1 0x0 DUP1 REVERT JUMPDEST POP PUSH2 0x2EB PUSH2 0x886 JUMP JUMPDEST PUSH1 0x40 MLOAD DUP1 DUP1 PUSH1 0x20 ADD DUP3 DUP2 SUB DUP3 MSTORE DUP4 DUP2 DUP2 MLOAD DUP2 MSTORE PUSH1 0x20 ADD SWAP2 POP DUP1 MLOAD SWAP1 PUSH1 0x20 ADD SWAP1 DUP1 DUP4 DUP4 PUSH1 0x0 JUMPDEST DUP4 DUP2 LT ISZERO PUSH2 0x32B JUMPI DUP1 DUP3 ADD MLOAD DUP2 DUP5 ADD MSTORE PUSH1 0x20 DUP2 ADD SWAP1 POP PUSH2 0x310 JUMP JUMPDEST POP POP POP POP SWAP1 POP SWAP1 DUP2 ADD SWAP1 PUSH1 0x1F AND DUP1 ISZERO PUSH2 0x358 JUMPI DUP1 DUP3 SUB DUP1 MLOAD PUSH1 0x1 DUP4 PUSH1 0x20 SUB PUSH2 0x100 EXP SUB NOT AND DUP2 MSTORE PUSH1 0x20 ADD SWAP2 POP JUMPDEST POP SWAP3 POP POP POP PUSH1 0x40 MLOAD DUP1 SWAP2 SUB SWAP1 RETURN JUMPDEST CALLVALUE DUP1 ISZERO PUSH2 0x372 JUMPI PUSH1 0x0 DUP1 REVERT JUMPDEST POP PUSH2 0x3B1 PUSH1 0x4 DUP1 CALLDATASIZE SUB DUP2 ADD SWAP1 DUP1 DUP1 CALLDATALOAD PUSH20 0xFFFFFFFFFFFFFFFFFFFFFFFFFFFFFFFFFFFFFFFF AND SWAP1 PUSH1 0x20 ADD SWAP1 SWAP3 SWAP2 SWAP1 DUP1 CALLDATALOAD SWAP1 PUSH1 0x20 ADD SWAP1 SWAP3 SWAP2 SWAP1 POP POP POP PUSH2 0x924 JUMP JUMPDEST PUSH1 0x40 MLOAD DUP1 DUP3 ISZERO ISZERO ISZERO ISZERO DUP2 MSTORE PUSH1 0x20 ADD SWAP2 POP POP PUSH1 0x40 MLOAD DUP1 SWAP2 SUB SWAP1 RETURN JUMPDEST CALLVALUE DUP1 ISZERO PUSH2 0x3D7 JUMPI PUSH1 0x0 DUP1 REVERT JUMPDEST POP PUSH2 0x3E0 PUSH2 0xA7A JUMP JUMPDEST STOP JUMPDEST CALLVALUE DUP1 ISZERO PUSH2 0x3EE JUMPI PUSH1 0x0 DUP1 REVERT JUMPDEST POP PUSH2 0x443 PUSH1 0x4 DUP1 CALLDATASIZE SUB DUP2 ADD SWAP1 DUP1 DUP1 CALLDATALOAD PUSH20 0xFFFFFFFFFFFFFFFFFFFFFFFFFFFFFFFFFFFFFFFF AND SWAP1 PUSH1 0x20 ADD SWAP1 SWAP3 SWAP2 SWAP1 DUP1 CALLDATALOAD PUSH20 0xFFFFFFFFFFFFFFFFFFFFFFFFFFFFFFFFFFFFFFFF AND SWAP1 PUSH1 0x20 ADD SWAP1 SWAP3 SWAP2 SWAP1 POP POP POP PUSH2 0xB29 JUMP JUMPDEST PUSH1 0x40 MLOAD DUP1 DUP3 DUP2 MSTORE PUSH1 0x20 ADD SWAP2 POP POP PUSH1 0x40 MLOAD DUP1 SWAP2 SUB SWAP1 RETURN JUMPDEST PUSH1 0x1 DUP1 SLOAD PUSH1 0x1 DUP2 PUSH1 0x1 AND ISZERO PUSH2 0x100 MUL SUB AND PUSH1 0x2 SWAP1 DIV DUP1 PUSH1 0x1F ADD PUSH1 0x20 DUP1 SWAP2 DIV MUL PUSH1 0x20 ADD PUSH1 0x40 MLOAD SWAP1 DUP2 ADD PUSH1 0x40 MSTORE DUP1 SWAP3 SWAP2 SWAP1 DUP2 DUP2 MSTORE PUSH1 0x20 ADD DUP3 DUP1 SLOAD PUSH1 0x1 DUP2 PUSH1 0x1 AND ISZERO PUSH2 0x100 MUL SUB AND PUSH1 0x2 SWAP1 DIV DUP1 ISZERO PUSH2 0x4EF JUMPI DUP1 PUSH1 0x1F LT PUSH2 0x4C4 JUMPI PUSH2 0x100 DUP1 DUP4 SLOAD DIV MUL DUP4 MSTORE SWAP2 PUSH1 0x20 ADD SWAP2 PUSH2 0x4EF JUMP JUMPDEST DUP3 ADD SWAP2 SWAP1 PUSH1 0x0 MSTORE PUSH1 0x20 PUSH1 0x0 KECCAK256 SWAP1 JUMPDEST DUP2 SLOAD DUP2 MSTORE SWAP1 PUSH1 0x1 ADD SWAP1 PUSH1 0x20 ADD DUP1 DUP4 GT PUSH2 0x4D2 JUMPI DUP3 SWAP1 SUB PUSH1 0x1F AND DUP3 ADD SWAP2 JUMPDEST POP POP POP POP POP DUP2 JUMP JUMPDEST PUSH1 0x0 DUP2 PUSH1 0x5 PUSH1 0x0 CALLER PUSH20 0xFFFFFFFFFFFFFFFFFFFFFFFFFFFFFFFFFFFFFFFF AND PUSH20 0xFFFFFFFFFFFFFFFFFFFFFFFFFFFFFFFFFFFFFFFF AND DUP2 MSTORE PUSH1 0x20 ADD SWAP1 DUP2 MSTORE PUSH1 0x20 ADD PUSH1 0x0 KECCAK256 PUSH1 0x0 DUP6 PUSH20 0xFFFFFFFFFFFFFFFFFFFFFFFFFFFFFFFFFFFFFFFF AND PUSH20 0xFFFFFFFFFFFFFFFFFFFFFFFFFFFFFFFFFFFFFFFF AND DUP2 MSTORE PUSH1 0x20 ADD SWAP1 DUP2 MSTORE PUSH1 0x20 ADD PUSH1 0x0 KECCAK256 DUP2 SWAP1 SSTORE POP DUP3 PUSH20 0xFFFFFFFFFFFFFFFFFFFFFFFFFFFFFFFFFFFFFFFF AND CALLER PUSH20 0xFFFFFFFFFFFFFFFFFFFFFFFFFFFFFFFFFFFFFFFF AND PUSH32 0x8C5BE1E5EBEC7D5BD14F71427D1E84F3DD0314C0F7B2291E5B200AC8C7C3B925 DUP5 PUSH1 0x40 MLOAD DUP1 DUP3 DUP2 MSTORE PUSH1 0x20 ADD SWAP2 POP POP PUSH1 0x40 MLOAD DUP1 SWAP2 SUB SWAP1 LOG3 PUSH1 0x1 SWAP1 POP SWAP3 SWAP2 POP POP JUMP JUMPDEST PUSH1 0x4 SLOAD DUP2 JUMP JUMPDEST PUSH1 0x0 DUP1 PUSH1 0x0 DUP6 PUSH20 0xFFFFFFFFFFFFFFFFFFFFFFFFFFFFFFFFFFFFFFFF AND PUSH20 0xFFFFFFFFFFFFFFFFFFFFFFFFFFFFFFFFFFFFFFFF AND DUP2 MSTORE PUSH1 0x20 ADD SWAP1 DUP2 MSTORE PUSH1 0x20 ADD PUSH1 0x0 KECCAK256 SLOAD DUP3 GT ISZERO ISZERO ISZERO PUSH2 0x63E JUMPI PUSH1 0x0 DUP1 REVERT JUMPDEST PUSH1 0x5 PUSH1 0x0 DUP6 PUSH20 0xFFFFFFFFFFFFFFFFFFFFFFFFFFFFFFFFFFFFFFFF AND PUSH20 0xFFFFFFFFFFFFFFFFFFFFFFFFFFFFFFFFFFFFFFFF AND DUP2 MSTORE PUSH1 0x20 ADD SWAP1 DUP2 MSTORE PUSH1 0x20 ADD PUSH1 0x0 KECCAK256 PUSH1 0x0 CALLER PUSH20 0xFFFFFFFFFFFFFFFFFFFFFFFFFFFFFFFFFFFFFFFF AND PUSH20 0xFFFFFFFFFFFFFFFFFFFFFFFFFFFFFFFFFFFFFFFF AND DUP2 MSTORE PUSH1 0x20 ADD SWAP1 DUP2 MSTORE PUSH1 0x20 ADD PUSH1 0x0 KECCAK256 SLOAD DUP3 GT ISZERO ISZERO ISZERO PUSH2 0x6C9 JUMPI PUSH1 0x0 DUP1 REVERT JUMPDEST DUP2 PUSH1 0x0 DUP1 DUP7 PUSH20 0xFFFFFFFFFFFFFFFFFFFFFFFFFFFFFFFFFFFFFFFF AND PUSH20 0xFFFFFFFFFFFFFFFFFFFFFFFFFFFFFFFFFFFFFFFF AND DUP2 MSTORE PUSH1 0x20 ADD SWAP1 DUP2 MSTORE PUSH1 0x20 ADD PUSH1 0x0 KECCAK256 PUSH1 0x0 DUP3 DUP3 SLOAD SUB SWAP3 POP POP DUP2 SWAP1 SSTORE POP DUP2 PUSH1 0x0 DUP1 DUP6 PUSH20 0xFFFFFFFFFFFFFFFFFFFFFFFFFFFFFFFFFFFFFFFF AND PUSH20 0xFFFFFFFFFFFFFFFFFFFFFFFFFFFFFFFFFFFFFFFF AND DUP2 MSTORE PUSH1 0x20 ADD SWAP1 DUP2 MSTORE PUSH1 0x20 ADD PUSH1 0x0 KECCAK256 PUSH1 0x0 DUP3 DUP3 SLOAD ADD SWAP3 POP POP DUP2 SWAP1 SSTORE POP DUP2 PUSH1 0x5 PUSH1 0x0 DUP7 PUSH20 0xFFFFFFFFFFFFFFFFFFFFFFFFFFFFFFFFFFFFFFFF AND PUSH20 0xFFFFFFFFFFFFFFFFFFFFFFFFFFFFFFFFFFFFFFFF AND DUP2 MSTORE PUSH1 0x20 ADD SWAP1 DUP2 MSTORE PUSH1 0x20 ADD PUSH1 0x0 KECCAK256 PUSH1 0x0 CALLER PUSH20 0xFFFFFFFFFFFFFFFFFFFFFFFFFFFFFFFFFFFFFFFF AND PUSH20 0xFFFFFFFFFFFFFFFFFFFFFFFFFFFFFFFFFFFFFFFF AND DUP2 MSTORE PUSH1 0x20 ADD SWAP1 DUP2 MSTORE PUSH1 0x20 ADD PUSH1 0x0 KECCAK256 PUSH1 0x0 DUP3 DUP3 SLOAD SUB SWAP3 POP POP DUP2 SWAP1 SSTORE POP DUP3 PUSH20 0xFFFFFFFFFFFFFFFFFFFFFFFFFFFFFFFFFFFFFFFF AND DUP5 PUSH20 0xFFFFFFFFFFFFFFFFFFFFFFFFFFFFFFFFFFFFFFFF AND PUSH32 0xDDF252AD1BE2C89B69C2B068FC378DAA952BA7F163C4A11628F55A4DF523B3EF DUP5 PUSH1 0x40 MLOAD DUP1 DUP3 DUP2 MSTORE PUSH1 0x20 ADD SWAP2 POP POP PUSH1 0x40 MLOAD DUP1 SWAP2 SUB SWAP1 LOG3 PUSH1 0x1 SWAP1 POP SWAP4 SWAP3 POP POP POP JUMP JUMPDEST PUSH1 0x3 PUSH1 0x0 SWAP1 SLOAD SWAP1 PUSH2 0x100 EXP SWAP1 DIV PUSH1 0xFF AND DUP2 JUMP JUMPDEST PUSH1 0x0 PUSH1 0x20 MSTORE DUP1 PUSH1 0x0 MSTORE PUSH1 0x40 PUSH1 0x0 KECCAK256 PUSH1 0x0 SWAP2 POP SWAP1 POP SLOAD DUP2 JUMP JUMPDEST PUSH1 0x2 DUP1 SLOAD PUSH1 0x1 DUP2 PUSH1 0x1 AND ISZERO PUSH2 0x100 MUL SUB AND PUSH1 0x2 SWAP1 DIV DUP1 PUSH1 0x1F ADD PUSH1 0x20 DUP1 SWAP2 DIV MUL PUSH1 0x20 ADD PUSH1 0x40 MLOAD SWAP1 DUP2 ADD PUSH1 0x40 MSTORE DUP1 SWAP3 SWAP2 SWAP1 DUP2 DUP2 MSTORE PUSH1 0x20 ADD DUP3 DUP1 SLOAD PUSH1 0x1 DUP2 PUSH1 0x1 AND ISZERO PUSH2 0x100 MUL SUB AND PUSH1 0x2 SWAP1 DIV DUP1 ISZERO PUSH2 0x91C JUMPI DUP1 PUSH1 0x1F LT PUSH2 0x8F1 JUMPI PUSH2 0x100 DUP1 DUP4 SLOAD DIV MUL DUP4 MSTORE SWAP2 PUSH1 0x20 ADD SWAP2 PUSH2 0x91C JUMP JUMPDEST DUP3 ADD SWAP2 SWAP1 PUSH1 0x0 MSTORE PUSH1 0x20 PUSH1 0x0 KECCAK256 SWAP1 JUMPDEST DUP2 SLOAD DUP2 MSTORE SWAP1 PUSH1 0x1 ADD SWAP1 PUSH1 0x20 ADD DUP1 DUP4 GT PUSH2 0x8FF JUMPI DUP3 SWAP1 SUB PUSH1 0x1F AND DUP3 ADD SWAP2 JUMPDEST POP POP POP POP POP DUP2 JUMP JUMPDEST PUSH1 0x0 DUP2 PUSH1 0x0 DUP1 CALLER PUSH20 0xFFFFFFFFFFFFFFFFFFFFFFFFFFFFFFFFFFFFFFFF AND PUSH20 0xFFFFFFFFFFFFFFFFFFFFFFFFFFFFFFFFFFFFFFFF AND DUP2 MSTORE PUSH1 0x20 ADD SWAP1 DUP2 MSTORE PUSH1 0x20 ADD PUSH1 0x0 KECCAK256 SLOAD LT ISZERO ISZERO ISZERO PUSH2 0x973 JUMPI PUSH1 0x0 DUP1 REVERT JUMPDEST DUP2 PUSH1 0x0 DUP1 CALLER PUSH20 0xFFFFFFFFFFFFFFFFFFFFFFFFFFFFFFFFFFFFFFFF AND PUSH20 0xFFFFFFFFFFFFFFFFFFFFFFFFFFFFFFFFFFFFFFFF AND DUP2 MSTORE PUSH1 0x20 ADD SWAP1 DUP2 MSTORE PUSH1 0x20 ADD PUSH1 0x0 KECCAK256 PUSH1 0x0 DUP3 DUP3 SLOAD SUB SWAP3 POP POP DUP2 SWAP1 SSTORE POP DUP2 PUSH1 0x0 DUP1 DUP6 PUSH20 0xFFFFFFFFFFFFFFFFFFFFFFFFFFFFFFFFFFFFFFFF AND PUSH20 0xFFFFFFFFFFFFFFFFFFFFFFFFFFFFFFFFFFFFFFFF AND DUP2 MSTORE PUSH1 0x20 ADD SWAP1 DUP2 MSTORE PUSH1 0x20 ADD PUSH1 0x0 KECCAK256 PUSH1 0x0 DUP3 DUP3 SLOAD ADD SWAP3 POP POP DUP2 SWAP1 SSTORE POP DUP3 PUSH20 0xFFFFFFFFFFFFFFFFFFFFFFFFFFFFFFFFFFFFFFFF AND CALLER PUSH20 0xFFFFFFFFFFFFFFFFFFFFFFFFFFFFFFFFFFFFFFFF AND PUSH32 0xDDF252AD1BE2C89B69C2B068FC378DAA952BA7F163C4A11628F55A4DF523B3EF DUP5 PUSH1 0x40 MLOAD DUP1 DUP3 DUP2 MSTORE PUSH1 0x20 ADD SWAP2 POP POP PUSH1 0x40 MLOAD DUP1 SWAP2 SUB SWAP1 LOG3 PUSH1 0x1 SWAP1 POP SWAP3 SWAP2 POP POP JUMP JUMPDEST PUSH1 0x4 SLOAD PUSH1 0x0 DUP1 CALLER PUSH20 0xFFFFFFFFFFFFFFFFFFFFFFFFFFFFFFFFFFFFFFFF AND PUSH20 0xFFFFFFFFFFFFFFFFFFFFFFFFFFFFFFFFFFFFFFFF AND DUP2 MSTORE PUSH1 0x20 ADD SWAP1 DUP2 MSTORE PUSH1 0x20 ADD PUSH1 0x0 KECCAK256 DUP2 SWAP1 SSTORE POP CALLER PUSH20 0xFFFFFFFFFFFFFFFFFFFFFFFFFFFFFFFFFFFFFFFF AND PUSH1 0x0 PUSH20 0xFFFFFFFFFFFFFFFFFFFFFFFFFFFFFFFFFFFFFFFF AND PUSH32 0xDDF252AD1BE2C89B69C2B068FC378DAA952BA7F163C4A11628F55A4DF523B3EF PUSH1 0x4 SLOAD PUSH1 0x40 MLOAD DUP1 DUP3 DUP2 MSTORE PUSH1 0x20 ADD SWAP2 POP POP PUSH1 0x40 MLOAD DUP1 SWAP2 SUB SWAP1 LOG3 JUMP JUMPDEST PUSH1 0x5 PUSH1 0x20 MSTORE DUP2 PUSH1 0x0 MSTORE PUSH1 0x40 PUSH1 0x0 KECCAK256 PUSH1 0x20 MSTORE DUP1 PUSH1 0x0 MSTORE PUSH1 0x40 PUSH1 0x0 KECCAK256 PUSH1 0x0 SWAP2 POP SWAP2 POP POP SLOAD DUP2 JUMP STOP LOG1 PUSH6 0x627A7A723058 KECCAK256 GASLIMIT INVALID ADDRESS 0xd3 0x2d 0x23 BALANCE 0xb3 0xf6 0xd7 SWAP6 GASLIMIT ADDRESS 0xce ADDRESS 0x4e 0xc5 SWAP1 BLOCKHASH DUP6 0x4a CALLDATASIZE 0x4f SHR 0xad 0x3f 0x21 SWAP16 LOG4 0xcf CREATE2 0xc STOP 0x29
0,PUSH1 0x80 PUSH1 0x40 MSTORE PUSH1 0x40 DUP1 MLOAD SWAP1 DUP2 ADD PUSH1 0x40 MSTORE DUP1 PUSH1 0x18 DUP2 MSTORE PUSH1 0x20 ADD PUSH32 0x94343445F4B4F484C455F31365F323031393034313109090000000000000000 DUP2 MSTORE POP PUSH1 0x1 SWAP1 DUP1 MLOAD SWAP1 PUSH1 0x20 ADD SWAP1 PUSH2 0x4F SWAP3 SWAP2 SWAP1 PUSH2 0xD9 JUMP JUMPDEST POP PUSH1 0x40 DUP1 MLOAD SWAP1 DUP2 ADD PUSH1 0x40 MSTORE DUP1 PUSH1 0x1E DUP2 MSTORE PUSH1 0x20 ADD PUSH32 0x94343445F4B4F484C455F31365F32303139303431315F737562445409090000 DUP2 MSTORE POP PUSH1 0x2 SWAP1 DUP1 MLOAD SWAP1 PUSH1 0x20 ADD SWAP1 PUSH2 0x9B SWAP3 SWAP2 SWAP1 PUSH2 0xD9 JUMP JUMPDEST POP PUSH1 0x12 PUSH1 0x3 PUSH1 0x0 PUSH2 0x100 EXP DUP2 SLOAD DUP2 PUSH1 0xFF MUL NOT AND SWAP1 DUP4 PUSH1 0xFF AND MUL OR SWAP1 SSTORE POP PUSH11 0x1060D026983FFAA7000000 PUSH1 0x4 SSTORE CALLVALUE DUP1 ISZERO PUSH2 0xD3 JUMPI PUSH1 0x0 DUP1 REVERT JUMPDEST POP PUSH2 0x17E JUMP JUMPDEST DUP3 DUP1 SLOAD PUSH1 0x1 DUP2 PUSH1 0x1 AND ISZERO PUSH2 0x100 MUL SUB AND PUSH1 0x2 SWAP1 DIV SWAP1 PUSH1 0x0 MSTORE PUSH1 0x20 PUSH1 0x0 KECCAK256 SWAP1 PUSH1 0x1F ADD PUSH1 0x20 SWAP1 DIV DUP2 ADD SWAP3 DUP3 PUSH1 0x1F LT PUSH2 0x11A JUMPI DUP1 MLOAD PUSH1 0xFF NOT AND DUP4 DUP1 ADD OR DUP6 SSTORE PUSH2 0x148 JUMP JUMPDEST DUP3 DUP1 ADD PUSH1 0x1 ADD DUP6 SSTORE DUP3 ISZERO PUSH2 0x148 JUMPI SWAP2 DUP3 ADD JUMPDEST DUP3 DUP2 GT ISZERO PUSH2 0x147 JUMPI DUP3 MLOAD DUP3 SSTORE SWAP2 PUSH1 0x20 ADD SWAP2 SWAP1 PUSH1 0x1 ADD SWAP1 PUSH2 0x12C JUMP JUMPDEST JUMPDEST POP SWAP1 POP PUSH2 0x155 SWAP2 SWAP1 PUSH2 0x159 JUMP JUMPDEST POP SWAP1 JUMP JUMPDEST PUSH2 0x17B SWAP2 SWAP1 JUMPDEST DUP1 DUP3 GT ISZERO PUSH2 0x177 JUMPI PUSH1 0x0 DUP2 PUSH1 0x0 SWAP1 SSTORE POP PUSH1 0x1 ADD PUSH2 0x15F JUMP JUMPDEST POP SWAP1 JUMP JUMPDEST SWAP1 JUMP JUMPDEST PUSH2 0xB7A DUP1 PUSH2 0x18D PUSH1 0x0 CODECOPY PUSH1 0x0 RETURN STOP PUSH1 0x80 PUSH1 0x40 MSTORE PUSH1 0x4 CALLDATASIZE LT PUSH2 0xA4 JUMPI PUSH1 0x0 CALLDATALOAD PUSH29 0x100000000000000000000000000000000000000000000000000000000 SWAP1 DIV PUSH4 0xFFFFFFFF AND DUP1 PUSH4 0x6FDDE03 EQ PUSH2 0xA9 JUMPI DUP1 PUSH4 0x95EA7B3 EQ PUSH2 0x139 JUMPI DUP1 PUSH4 0x18160DDD EQ PUSH2 0x19E JUMPI DUP1 PUSH4 0x23B872DD EQ PUSH2 0x1C9 JUMPI DUP1 PUSH4 0x313CE567 EQ PUSH2 0x24E JUMPI DUP1 PUSH4 0x70A08231 EQ PUSH2 0x27F JUMPI DUP1 PUSH4 0x95D89B41 EQ PUSH2 0x2D6 JUMPI DUP1 PUSH4 0xA9059CBB EQ PUSH2 0x366 JUMPI DUP1 PUSH4 0xB5C8F317 EQ PUSH2 0x3CB JUMPI DUP1 PUSH4 0xDD62ED3E EQ PUSH2 0x3E2 JUMPI JUMPDEST PUSH1 0x0 DUP1 REVERT JUMPDEST CALLVALUE DUP1 ISZERO PUSH2 0xB5 JUMPI PUSH1 0x0 DUP1 REVERT JUMPDEST POP PUSH2 0xBE PUSH2 0x459 JUMP JUMPDEST PUSH1 0x40 MLOAD DUP1 DUP1 PUSH1 0x20 ADD DUP3 DUP2 SUB DUP3 MSTORE DUP4 DUP2 DUP2 MLOAD DUP2 MSTORE PUSH1 0x20 ADD SWAP2 POP DUP1 MLOAD SWAP1 PUSH1 0x20 ADD SWAP1 DUP1 DUP4 DUP4 PUSH1 0x0 JUMPDEST DUP4 DUP2 LT ISZERO PUSH2 0xFE JUMPI DUP1 DUP3 ADD MLOAD DUP2 DUP5 ADD MSTORE PUSH1 0x20 DUP2 ADD SWAP1 POP PUSH2 0xE3 JUMP JUMPDEST POP POP POP POP SWAP1 POP SWAP1 DUP2 ADD SWAP1 PUSH1 0x1F AND DUP1 ISZERO PUSH2 0x12B JUMPI DUP1 DUP3 SUB DUP1 MLOAD PUSH1 0x1 DUP4 PUSH1 0x20 SUB PUSH2 0x100 EXP SUB NOT AND DUP2 MSTORE PUSH1 0x20 ADD SWAP2 POP JUMPDEST POP SWAP3 POP POP POP PUSH1 0x40 MLOAD DUP1 SWAP2 SUB SWAP1 RETURN JUMPDEST CALLVALUE DUP1 ISZERO PUSH2 0x145 JUMPI PUSH1 0x0 DUP1 REVERT JUMPDEST POP PUSH2 0x184 PUSH1 0x4 DUP1 CALLDATASIZE SUB DUP2 ADD SWAP1 DUP1 DUP1 CALLDATALOAD PUSH20 0xFFFFFFFFFFFFFFFFFFFFFFFFFFFFFFFFFFFFFFFF AND SWAP1 PUSH1 0x20 ADD SWAP1 SWAP3 SWAP2 SWAP1 DUP1 CALLDATALOAD SWAP1 PUSH1 0x20 ADD SWAP1 SWAP3 SWAP2 SWAP1 POP POP POP PUSH2 0x4F7 JUMP JUMPDEST PUSH1 0x40 MLOAD DUP1 DUP3 ISZERO ISZERO ISZERO ISZERO DUP2 MSTORE PUSH1 0x20 ADD SWAP2 POP POP PUSH1 0x40 MLOAD DUP1 SWAP2 SUB SWAP1 RETURN JUMPDEST CALLVALUE DUP1 ISZERO PUSH2 0x1AA JUMPI PUSH1 0x0 DUP1 REVERT JUMPDEST POP PUSH2 0x1B3 PUSH2 0x5E9 JUMP JUMPDEST PUSH1 0x40 MLOAD DUP1 DUP3 DUP2 MSTORE PUSH1 0x20 ADD SWAP2 POP POP PUSH1 0x40 MLOAD DUP1 SWAP2 SUB SWAP1 RETURN JUMPDEST CALLVALUE DUP1 ISZERO PUSH2 0x1D5 JUMPI PUSH1 0x0 DUP1 REVERT JUMPDEST POP PUSH2 0x234 PUSH1 0x4 DUP1 CALLDATASIZE SUB DUP2 ADD SWAP1 DUP1 DUP1 CALLDATALOAD PUSH20 0xFFFFFFFFFFFFFFFFFFFFFFFFFFFFFFFFFFFFFFFF AND SWAP1 PUSH1 0x20 ADD SWAP1 SWAP3 SWAP2 SWAP1 DUP1 CALLDATALOAD PUSH20 0xFFFFFFFFFFFFFFFFFFFFFFFFFFFFFFFFFFFFFFFF AND SWAP1 PUSH1 0x20 ADD SWAP1 SWAP3 SWAP2 SWAP1 DUP1 CALLDATALOAD SWAP1 PUSH1 0x20 ADD SWAP1 SWAP3 SWAP2 SWAP1 POP POP POP PUSH2 0x5EF JUMP JUMPDEST PUSH1 0x40 MLOAD DUP1 DUP3 ISZERO ISZERO ISZERO ISZERO DUP2 MSTORE PUSH1 0x20 ADD SWAP2 POP POP PUSH1 0x40 MLOAD DUP1 SWAP2 SUB SWAP1 RETURN JUMPDEST CALLVALUE DUP1 ISZERO PUSH2 0x25A JUMPI PUSH1 0x0 DUP1 REVERT JUMPDEST POP PUSH2 0x263 PUSH2 0x85B JUMP JUMPDEST PUSH1 0x40 MLOAD DUP1 DUP3 PUSH1 0xFF AND PUSH1 0xFF AND DUP2 MSTORE PUSH1 0x20 ADD SWAP2 POP POP PUSH1 0x40 MLOAD DUP1 SWAP2 SUB SWAP1 RETURN JUMPDEST CALLVALUE DUP1 ISZERO PUSH2 0x28B JUMPI PUSH1 0x0 DUP1 REVERT JUMPDEST POP PUSH2 0x2C0 PUSH1 0x4 DUP1 CALLDATASIZE SUB DUP2 ADD SWAP1 DUP1 DUP1 CALLDATALOAD PUSH20 0xFFFFFFFFFFFFFFFFFFFFFFFFFFFFFFFFFFFFFFFF AND SWAP1 PUSH1 0x20 ADD SWAP1 SWAP3 SWAP2 SWAP1 POP POP POP PUSH2 0x86E JUMP JUMPDEST PUSH1 0x40 MLOAD DUP1 DUP3 DUP2 MSTORE PUSH1 0x20 ADD SWAP2 POP POP PUSH1 0x40 MLOAD DUP1 SWAP2 SUB SWAP1 RETURN JUMPDEST CALLVALUE DUP1 ISZERO PUSH2 0x2E2 JUMPI PUSH1 0x0 DUP1 REVERT JUMPDEST POP PUSH2 0x2EB PUSH2 0x886 JUMP JUMPDEST PUSH1 0x40 MLOAD DUP1 DUP1 PUSH1 0x20 ADD DUP3 DUP2 SUB DUP3 MSTORE DUP4 DUP2 DUP2 MLOAD DUP2 MSTORE PUSH1 0x20 ADD SWAP2 POP DUP1 MLOAD SWAP1 PUSH1 0x20 ADD SWAP1 DUP1 DUP4 DUP4 PUSH1 0x0 JUMPDEST DUP4 DUP2 LT ISZERO PUSH2 0x32B JUMPI DUP1 DUP3 ADD MLOAD DUP2 DUP5 ADD MSTORE PUSH1 0x20 DUP2 ADD SWAP1 POP PUSH2 0x310 JUMP JUMPDEST POP POP POP POP SWAP1 POP SWAP1 DUP2 ADD SWAP1 PUSH1 0x1F AND DUP1 ISZERO PUSH2 0x358 JUMPI DUP1 DUP3 SUB DUP1 MLOAD PUSH1 0x1 DUP4 PUSH1 0x20 SUB PUSH2 0x100 EXP SUB NOT AND DUP2 MSTORE PUSH1 0x20 ADD SWAP2 POP JUMPDEST POP SWAP3 POP POP POP PUSH1 0x40 MLOAD DUP1 SWAP2 SUB SWAP1 RETURN JUMPDEST CALLVALUE DUP1 ISZERO PUSH2 0x372 JUMPI PUSH1 0x0 DUP1 REVERT JUMPDEST POP PUSH2 0x3B1 PUSH1 0x4 DUP1 CALLDATASIZE SUB DUP2 ADD SWAP1 DUP1 DUP1 CALLDATALOAD PUSH20 0xFFFFFFFFFFFFFFFFFFFFFFFFFFFFFFFFFFFFFFFF AND SWAP1 PUSH1 0x20 ADD SWAP1 SWAP3 SWAP2 SWAP1 DUP1 CALLDATALOAD SWAP1 PUSH1 0x20 ADD SWAP1 SWAP3 SWAP2 SWAP1 POP POP POP PUSH2 0x924 JUMP JUMPDEST PUSH1 0x40 MLOAD DUP1 DUP3 ISZERO ISZERO ISZERO ISZERO DUP2 MSTORE PUSH1 0x20 ADD SWAP2 POP POP PUSH1 0x40 MLOAD DUP1 SWAP2 SUB SWAP1 RETURN JUMPDEST CALLVALUE DUP1 ISZERO PUSH2 0x3D7 JUMPI PUSH1 0x0 DUP1 REVERT JUMPDEST POP PUSH2 0x3E0 PUSH2 0xA7A JUMP JUMPDEST STOP JUMPDEST CALLVALUE DUP1 ISZERO PUSH2 0x3EE JUMPI PUSH1 0x0 DUP1 REVERT JUMPDEST POP PUSH2 0x443 PUSH1 0x4 DUP1 CALLDATASIZE SUB DUP2 ADD SWAP1 DUP1 DUP1 CALLDATALOAD PUSH20 0xFFFFFFFFFFFFFFFFFFFFFFFFFFFFFFFFFFFFFFFF AND SWAP1 PUSH1 0x20 ADD SWAP1 SWAP3 SWAP2 SWAP1 DUP1 CALLDATALOAD PUSH20 0xFFFFFFFFFFFFFFFFFFFFFFFFFFFFFFFFFFFFFFFF AND SWAP1 PUSH1 0x20 ADD SWAP1 SWAP3 SWAP2 SWAP1 POP POP POP PUSH2 0xB29 JUMP JUMPDEST PUSH1 0x40 MLOAD DUP1 DUP3 DUP2 MSTORE PUSH1 0x20 ADD SWAP2 POP POP PUSH1 0x40 MLOAD DUP1 SWAP2 SUB SWAP1 RETURN JUMPDEST PUSH1 0x1 DUP1 SLOAD PUSH1 0x1 DUP2 PUSH1 0x1 AND ISZERO PUSH2 0x100 MUL SUB AND PUSH1 0x2 SWAP1 DIV DUP1 PUSH1 0x1F ADD PUSH1 0x20 DUP1 SWAP2 DIV MUL PUSH1 0x20 ADD PUSH1 0x40 MLOAD SWAP1 DUP2 ADD PUSH1 0x40 MSTORE DUP1 SWAP3 SWAP2 SWAP1 DUP2 DUP2 MSTORE PUSH1 0x20 ADD DUP3 DUP1 SLOAD PUSH1 0x1 DUP2 PUSH1 0x1 AND ISZERO PUSH2 0x100 MUL SUB AND PUSH1 0x2 SWAP1 DIV DUP1 ISZERO PUSH2 0x4EF JUMPI DUP1 PUSH1 0x1F LT PUSH2 0x4C4 JUMPI PUSH2 0x100 DUP1 DUP4 SLOAD DIV MUL DUP4 MSTORE SWAP2 PUSH1 0x20 ADD SWAP2 PUSH2 0x4EF JUMP JUMPDEST DUP3 ADD SWAP2 SWAP1 PUSH1 0x0 MSTORE PUSH1 0x20 PUSH1 0x0 KECCAK256 SWAP1 JUMPDEST DUP2 SLOAD DUP2 MSTORE SWAP1 PUSH1 0x1 ADD SWAP1 PUSH1 0x20 ADD DUP1 DUP4 GT PUSH2 0x4D2 JUMPI DUP3 SWAP1 SUB PUSH1 0x1F AND DUP3 ADD SWAP2 JUMPDEST POP POP POP POP POP DUP2 JUMP JUMPDEST PUSH1 0x0 DUP2 PUSH1 0x5 PUSH1 0x0 CALLER PUSH20 0xFFFFFFFFFFFFFFFFFFFFFFFFFFFFFFFFFFFFFFFF AND PUSH20 0xFFFFFFFFFFFFFFFFFFFFFFFFFFFFFFFFFFFFFFFF AND DUP2 MSTORE PUSH1 0x20 ADD SWAP1 DUP2 MSTORE PUSH1 0x20 ADD PUSH1 0x0 KECCAK256 PUSH1 0x0 DUP6 PUSH20 0xFFFFFFFFFFFFFFFFFFFFFFFFFFFFFFFFFFFFFFFF AND PUSH20 0xFFFFFFFFFFFFFFFFFFFFFFFFFFFFFFFFFFFFFFFF AND DUP2 MSTORE PUSH1 0x20 ADD SWAP1 DUP2 MSTORE PUSH1 0x20 ADD PUSH1 0x0 KECCAK256 DUP2 SWAP1 SSTORE POP DUP3 PUSH20 0xFFFFFFFFFFFFFFFFFFFFFFFFFFFFFFFFFFFFFFFF AND CALLER PUSH20 0xFFFFFFFFFFFFFFFFFFFFFFFFFFFFFFFFFFFFFFFF AND PUSH32 0x8C5BE1E5EBEC7D5BD14F71427D1E84F3DD0314C0F7B2291E5B200AC8C7C3B925 DUP5 PUSH1 0x40 MLOAD DUP1 DUP3 DUP2 MSTORE PUSH1 0x20 ADD SWAP2 POP POP PUSH1 0x40 MLOAD DUP1 SWAP2 SUB SWAP1 LOG3 PUSH1 0x1 SWAP1 POP SWAP3 SWAP2 POP POP JUMP JUMPDEST PUSH1 0x4 SLOAD DUP2 JUMP JUMPDEST PUSH1 0x0 DUP1 PUSH1 0x0 DUP6 PUSH20 0xFFFFFFFFFFFFFFFFFFFFFFFFFFFFFFFFFFFFFFFF AND PUSH20 0xFFFFFFFFFFFFFFFFFFFFFFFFFFFFFFFFFFFFFFFF AND DUP2 MSTORE PUSH1 0x20 ADD SWAP1 DUP2 MSTORE PUSH1 0x20 ADD PUSH1 0x0 KECCAK256 SLOAD DUP3 GT ISZERO ISZERO ISZERO PUSH2 0x63E JUMPI PUSH1 0x0 DUP1 REVERT JUMPDEST PUSH1 0x5 PUSH1 0x0 DUP6 PUSH20 0xFFFFFFFFFFFFFFFFFFFFFFFFFFFFFFFFFFFFFFFF AND PUSH20 0xFFFFFFFFFFFFFFFFFFFFFFFFFFFFFFFFFFFFFFFF AND DUP2 MSTORE PUSH1 0x20 ADD SWAP1 DUP2 MSTORE PUSH1 0x20 ADD PUSH1 0x0 KECCAK256 PUSH1 0x0 CALLER PUSH20 0xFFFFFFFFFFFFFFFFFFFFFFFFFFFFFFFFFFFFFFFF AND PUSH20 0xFFFFFFFFFFFFFFFFFFFFFFFFFFFFFFFFFFFFFFFF AND DUP2 MSTORE PUSH1 0x20 ADD SWAP1 DUP2 MSTORE PUSH1 0x20 ADD PUSH1 0x0 KECCAK256 SLOAD DUP3 GT ISZERO ISZERO ISZERO PUSH2 0x6C9 JUMPI PUSH1 0x0 DUP1 REVERT JUMPDEST DUP2 PUSH1 0x0 DUP1 DUP7 PUSH20 0xFFFFFFFFFFFFFFFFFFFFFFFFFFFFFFFFFFFFFFFF AND PUSH20 0xFFFFFFFFFFFFFFFFFFFFFFFFFFFFFFFFFFFFFFFF AND DUP2 MSTORE PUSH1 0x20 ADD SWAP1 DUP2 MSTORE PUSH1 0x20 ADD PUSH1 0x0 KECCAK256 PUSH1 0x0 DUP3 DUP3 SLOAD SUB SWAP3 POP POP DUP2 SWAP1 SSTORE POP DUP2 PUSH1 0x0 DUP1 DUP6 PUSH20 0xFFFFFFFFFFFFFFFFFFFFFFFFFFFFFFFFFFFFFFFF AND PUSH20 0xFFFFFFFFFFFFFFFFFFFFFFFFFFFFFFFFFFFFFFFF AND DUP2 MSTORE PUSH1 0x20 ADD SWAP1 DUP2 MSTORE PUSH1 0x20 ADD PUSH1 0x0 KECCAK256 PUSH1 0x0 DUP3 DUP3 SLOAD ADD SWAP3 POP POP DUP2 SWAP1 SSTORE POP DUP2 PUSH1 0x5 PUSH1 0x0 DUP7 PUSH20 0xFFFFFFFFFFFFFFFFFFFFFFFFFFFFFFFFFFFFFFFF AND PUSH20 0xFFFFFFFFFFFFFFFFFFFFFFFFFFFFFFFFFFFFFFFF AND DUP2 MSTORE PUSH1 0x20 ADD SWAP1 DUP2 MSTORE PUSH1 0x20 ADD PUSH1 0x0 KECCAK256 PUSH1 0x0 CALLER PUSH20 0xFFFFFFFFFFFFFFFFFFFFFFFFFFFFFFFFFFFFFFFF AND PUSH20 0xFFFFFFFFFFFFFFFFFFFFFFFFFFFFFFFFFFFFFFFF AND DUP2 MSTORE PUSH1 0x20 ADD SWAP1 DUP2 MSTORE PUSH1 0x20 ADD PUSH1 0x0 KECCAK256 PUSH1 0x0 DUP3 DUP3 SLOAD SUB SWAP3 POP POP DUP2 SWAP1 SSTORE POP DUP3 PUSH20 0xFFFFFFFFFFFFFFFFFFFFFFFFFFFFFFFFFFFFFFFF AND DUP5 PUSH20 0xFFFFFFFFFFFFFFFFFFFFFFFFFFFFFFFFFFFFFFFF AND PUSH32 0xDDF252AD1BE2C89B69C2B068FC378DAA952BA7F163C4A11628F55A4DF523B3EF DUP5 PUSH1 0x40 MLOAD DUP1 DUP3 DUP2 MSTORE PUSH1 0x20 ADD SWAP2 POP POP PUSH1 0x40 MLOAD DUP1 SWAP2 SUB SWAP1 LOG3 PUSH1 0x1 SWAP1 POP SWAP4 SWAP3 POP POP POP JUMP JUMPDEST PUSH1 0x3 PUSH1 0x0 SWAP1 SLOAD SWAP1 PUSH2 0x100 EXP SWAP1 DIV PUSH1 0xFF AND DUP2 JUMP JUMPDEST PUSH1 0x0 PUSH1 0x20 MSTORE DUP1 PUSH1 0x0 MSTORE PUSH1 0x40 PUSH1 0x0 KECCAK256 PUSH1 0x0 SWAP2 POP SWAP1 POP SLOAD DUP2 JUMP JUMPDEST PUSH1 0x2 DUP1 SLOAD PUSH1 0x1 DUP2 PUSH1 0x1 AND ISZERO PUSH2 0x100 MUL SUB AND PUSH1 0x2 SWAP1 DIV DUP1 PUSH1 0x1F ADD PUSH1 0x20 DUP1 SWAP2 DIV MUL PUSH1 0x20 ADD PUSH1 0x40 MLOAD SWAP1 DUP2 ADD PUSH1 0x40 MSTORE DUP1 SWAP3 SWAP2 SWAP1 DUP2 DUP2 MSTORE PUSH1 0x20 ADD DUP3 DUP1 SLOAD PUSH1 0x1 DUP2 PUSH1 0x1 AND ISZERO PUSH2 0x100 MUL SUB AND PUSH1 0x2 SWAP1 DIV DUP1 ISZERO PUSH2 0x91C JUMPI DUP1 PUSH1 0x1F LT PUSH2 0x8F1 JUMPI PUSH2 0x100 DUP1 DUP4 SLOAD DIV MUL DUP4 MSTORE SWAP2 PUSH1 0x20 ADD SWAP2 PUSH2 0x91C JUMP JUMPDEST DUP3 ADD SWAP2 SWAP1 PUSH1 0x0 MSTORE PUSH1 0x20 PUSH1 0x0 KECCAK256 SWAP1 JUMPDEST DUP2 SLOAD DUP2 MSTORE SWAP1 PUSH1 0x1 ADD SWAP1 PUSH1 0x20 ADD DUP1 DUP4 GT PUSH2 0x8FF JUMPI DUP3 SWAP1 SUB PUSH1 0x1F AND DUP3 ADD SWAP2 JUMPDEST POP POP POP POP POP DUP2 JUMP JUMPDEST PUSH1 0x0 DUP2 PUSH1 0x0 DUP1 CALLER PUSH20 0xFFFFFFFFFFFFFFFFFFFFFFFFFFFFFFFFFFFFFFFF AND PUSH20 0xFFFFFFFFFFFFFFFFFFFFFFFFFFFFFFFFFFFFFFFF AND DUP2 MSTORE PUSH1 0x20 ADD SWAP1 DUP2 MSTORE PUSH1 0x20 ADD PUSH1 0x0 KECCAK256 SLOAD LT ISZERO ISZERO ISZERO PUSH2 0x973 JUMPI PUSH1 0x0 DUP1 REVERT JUMPDEST DUP2 PUSH1 0x0 DUP1 CALLER PUSH20 0xFFFFFFFFFFFFFFFFFFFFFFFFFFFFFFFFFFFFFFFF AND PUSH20 0xFFFFFFFFFFFFFFFFFFFFFFFFFFFFFFFFFFFFFFFF AND DUP2 MSTORE PUSH1 0x20 ADD SWAP1 DUP2 MSTORE PUSH1 0x20 ADD PUSH1 0x0 KECCAK256 PUSH1 0x0 DUP3 DUP3 SLOAD SUB SWAP3 POP POP DUP2 SWAP1 SSTORE POP DUP2 PUSH1 0x0 DUP1 DUP6 PUSH20 0xFFFFFFFFFFFFFFFFFFFFFFFFFFFFFFFFFFFFFFFF AND PUSH20 0xFFFFFFFFFFFFFFFFFFFFFFFFFFFFFFFFFFFFFFFF AND DUP2 MSTORE PUSH1 0x20 ADD SWAP1 DUP2 MSTORE PUSH1 0x20 ADD PUSH1 0x0 KECCAK256 PUSH1 0x0 DUP3 DUP3 SLOAD ADD SWAP3 POP POP DUP2 SWAP1 SSTORE POP DUP3 PUSH20 0xFFFFFFFFFFFFFFFFFFFFFFFFFFFFFFFFFFFFFFFF AND CALLER PUSH20 0xFFFFFFFFFFFFFFFFFFFFFFFFFFFFFFFFFFFFFFFF AND PUSH32 0xDDF252AD1BE2C89B69C2B068FC378DAA952BA7F163C4A11628F55A4DF523B3EF DUP5 PUSH1 0x40 MLOAD DUP1 DUP3 DUP2 MSTORE PUSH1 0x20 ADD SWAP2 POP POP PUSH1 0x40 MLOAD DUP1 SWAP2 SUB SWAP1 LOG3 PUSH1 0x1 SWAP1 POP SWAP3 SWAP2 POP POP JUMP JUMPDEST PUSH1 0x4 SLOAD PUSH1 0x0 DUP1 CALLER PUSH20 0xFFFFFFFFFFFFFFFFFFFFFFFFFFFFFFFFFFFFFFFF AND PUSH20 0xFFFFFFFFFFFFFFFFFFFFFFFFFFFFFFFFFFFFFFFF AND DUP2 MSTORE PUSH1 0x20 ADD SWAP1 DUP2 MSTORE PUSH1 0x20 ADD PUSH1 0x0 KECCAK256 DUP2 SWAP1 SSTORE POP CALLER PUSH20 0xFFFFFFFFFFFFFFFFFFFFFFFFFFFFFFFFFFFFFFFF AND PUSH1 0x0 PUSH20 0xFFFFFFFFFFFFFFFFFFFFFFFFFFFFFFFFFFFFFFFF AND PUSH32 0xDDF252AD1BE2C89B69C2B068FC378DAA952BA7F163C4A11628F55A4DF523B3EF PUSH1 0x4 SLOAD PUSH1 0x40 MLOAD DUP1 DUP3 DUP2 MSTORE PUSH1 0x20 ADD SWAP2 POP POP PUSH1 0x40 MLOAD DUP1 SWAP2 SUB SWAP1 LOG3 JUMP JUMPDEST PUSH1 0x5 PUSH1 0x20 MSTORE DUP2 PUSH1 0x0 MSTORE PUSH1 0x40 PUSH1 0x0 KECCAK256 PUSH1 0x20 MSTORE DUP1 PUSH1 0x0 MSTORE PUSH1 0x40 PUSH1 0x0 KECCAK256 PUSH1 0x0 SWAP2 POP SWAP2 POP POP SLOAD DUP2 JUMP STOP LOG1 PUSH6 0x627A7A723058 KECCAK256 0x46 LOG1 SUB PUSH2 0xCBD5 MSIZE 0xa7 0xf DUP10 0xcb 0xaf LOG4 ADD SWAP2 CALLCODE MLOAD SLOAD ADDMOD JUMPI 0xb7 0xd2 0xdb ISZERO PUSH21 0x5A4DAEDA5B84A30029000000000000000000000000
0,PUSH1 0x80 PUSH1 0x40 MSTORE PUSH1 0x40 DUP1 MLOAD SWAP1 DUP2 ADD PUSH1 0x40 MSTORE DUP1 PUSH1 0x18 DUP2 MSTORE PUSH1 0x20 ADD PUSH32 0x94343445F4B4F484C455F31365F323031393034313109090000000000000000 DUP2 MSTORE POP PUSH1 0x1 SWAP1 DUP1 MLOAD SWAP1 PUSH1 0x20 ADD SWAP1 PUSH2 0x4F SWAP3 SWAP2 SWAP1 PUSH2 0xD9 JUMP JUMPDEST POP PUSH1 0x40 DUP1 MLOAD SWAP1 DUP2 ADD PUSH1 0x40 MSTORE DUP1 PUSH1 0x1E DUP2 MSTORE PUSH1 0x20 ADD PUSH32 0x94343445F4B4F484C455F31365F32303139303431315F737562445409090000 DUP2 MSTORE POP PUSH1 0x2 SWAP1 DUP1 MLOAD SWAP1 PUSH1 0x20 ADD SWAP1 PUSH2 0x9B SWAP3 SWAP2 SWAP1 PUSH2 0xD9 JUMP JUMPDEST POP PUSH1 0x12 PUSH1 0x3 PUSH1 0x0 PUSH2 0x100 EXP DUP2 SLOAD DUP2 PUSH1 0xFF MUL NOT AND SWAP1 DUP4 PUSH1 0xFF AND MUL OR SWAP1 SSTORE POP PUSH11 0x1060D026983FFAA7000000 PUSH1 0x4 SSTORE CALLVALUE DUP1 ISZERO PUSH2 0xD3 JUMPI PUSH1 0x0 DUP1 REVERT JUMPDEST POP PUSH2 0x17E JUMP JUMPDEST DUP3 DUP1 SLOAD PUSH1 0x1 DUP2 PUSH1 0x1 AND ISZERO PUSH2 0x100 MUL SUB AND PUSH1 0x2 SWAP1 DIV SWAP1 PUSH1 0x0 MSTORE PUSH1 0x20 PUSH1 0x0 KECCAK256 SWAP1 PUSH1 0x1F ADD PUSH1 0x20 SWAP1 DIV DUP2 ADD SWAP3 DUP3 PUSH1 0x1F LT PUSH2 0x11A JUMPI DUP1 MLOAD PUSH1 0xFF NOT AND DUP4 DUP1 ADD OR DUP6 SSTORE PUSH2 0x148 JUMP JUMPDEST DUP3 DUP1 ADD PUSH1 0x1 ADD DUP6 SSTORE DUP3 ISZERO PUSH2 0x148 JUMPI SWAP2 DUP3 ADD JUMPDEST DUP3 DUP2 GT ISZERO PUSH2 0x147 JUMPI DUP3 MLOAD DUP3 SSTORE SWAP2 PUSH1 0x20 ADD SWAP2 SWAP1 PUSH1 0x1 ADD SWAP1 PUSH2 0x12C JUMP JUMPDEST JUMPDEST POP SWAP1 POP PUSH2 0x155 SWAP2 SWAP1 PUSH2 0x159 JUMP JUMPDEST POP SWAP1 JUMP JUMPDEST PUSH2 0x17B SWAP2 SWAP1 JUMPDEST DUP1 DUP3 GT ISZERO PUSH2 0x177 JUMPI PUSH1 0x0 DUP2 PUSH1 0x0 SWAP1 SSTORE POP PUSH1 0x1 ADD PUSH2 0x15F JUMP JUMPDEST POP SWAP1 JUMP JUMPDEST SWAP1 JUMP JUMPDEST PUSH2 0xB7A DUP1 PUSH2 0x18D PUSH1 0x0 CODECOPY PUSH1 0x0 RETURN STOP PUSH1 0x80 PUSH1 0x40 MSTORE PUSH1 0x4 CALLDATASIZE LT PUSH2 0xA4 JUMPI PUSH1 0x0 CALLDATALOAD PUSH29 0x100000000000000000000000000000000000000000000000000000000 SWAP1 DIV PUSH4 0xFFFFFFFF AND DUP1 PUSH4 0x6FDDE03 EQ PUSH2 0xA9 JUMPI DUP1 PUSH4 0x95EA7B3 EQ PUSH2 0x139 JUMPI DUP1 PUSH4 0x18160DDD EQ PUSH2 0x19E JUMPI DUP1 PUSH4 0x23B872DD EQ PUSH2 0x1C9 JUMPI DUP1 PUSH4 0x313CE567 EQ PUSH2 0x24E JUMPI DUP1 PUSH4 0x70A08231 EQ PUSH2 0x27F JUMPI DUP1 PUSH4 0x95D89B41 EQ PUSH2 0x2D6 JUMPI DUP1 PUSH4 0xA9059CBB EQ PUSH2 0x366 JUMPI DUP1 PUSH4 0xB5C8F317 EQ PUSH2 0x3CB JUMPI DUP1 PUSH4 0xDD62ED3E EQ PUSH2 0x3E2 JUMPI JUMPDEST PUSH1 0x0 DUP1 REVERT JUMPDEST CALLVALUE DUP1 ISZERO PUSH2 0xB5 JUMPI PUSH1 0x0 DUP1 REVERT JUMPDEST POP PUSH2 0xBE PUSH2 0x459 JUMP JUMPDEST PUSH1 0x40 MLOAD DUP1 DUP1 PUSH1 0x20 ADD DUP3 DUP2 SUB DUP3 MSTORE DUP4 DUP2 DUP2 MLOAD DUP2 MSTORE PUSH1 0x20 ADD SWAP2 POP DUP1 MLOAD SWAP1 PUSH1 0x20 ADD SWAP1 DUP1 DUP4 DUP4 PUSH1 0x0 JUMPDEST DUP4 DUP2 LT ISZERO PUSH2 0xFE JUMPI DUP1 DUP3 ADD MLOAD DUP2 DUP5 ADD MSTORE PUSH1 0x20 DUP2 ADD SWAP1 POP PUSH2 0xE3 JUMP JUMPDEST POP POP POP POP SWAP1 POP SWAP1 DUP2 ADD SWAP1 PUSH1 0x1F AND DUP1 ISZERO PUSH2 0x12B JUMPI DUP1 DUP3 SUB DUP1 MLOAD PUSH1 0x1 DUP4 PUSH1 0x20 SUB PUSH2 0x100 EXP SUB NOT AND DUP2 MSTORE PUSH1 0x20 ADD SWAP2 POP JUMPDEST POP SWAP3 POP POP POP PUSH1 0x40 MLOAD DUP1 SWAP2 SUB SWAP1 RETURN JUMPDEST CALLVALUE DUP1 ISZERO PUSH2 0x145 JUMPI PUSH1 0x0 DUP1 REVERT JUMPDEST POP PUSH2 0x184 PUSH1 0x4 DUP1 CALLDATASIZE SUB DUP2 ADD SWAP1 DUP1 DUP1 CALLDATALOAD PUSH20 0xFFFFFFFFFFFFFFFFFFFFFFFFFFFFFFFFFFFFFFFF AND SWAP1 PUSH1 0x20 ADD SWAP1 SWAP3 SWAP2 SWAP1 DUP1 CALLDATALOAD SWAP1 PUSH1 0x20 ADD SWAP1 SWAP3 SWAP2 SWAP1 POP POP POP PUSH2 0x4F7 JUMP JUMPDEST PUSH1 0x40 MLOAD DUP1 DUP3 ISZERO ISZERO ISZERO ISZERO DUP2 MSTORE PUSH1 0x20 ADD SWAP2 POP POP PUSH1 0x40 MLOAD DUP1 SWAP2 SUB SWAP1 RETURN JUMPDEST CALLVALUE DUP1 ISZERO PUSH2 0x1AA JUMPI PUSH1 0x0 DUP1 REVERT JUMPDEST POP PUSH2 0x1B3 PUSH2 0x5E9 JUMP JUMPDEST PUSH1 0x40 MLOAD DUP1 DUP3 DUP2 MSTORE PUSH1 0x20 ADD SWAP2 POP POP PUSH1 0x40 MLOAD DUP1 SWAP2 SUB SWAP1 RETURN JUMPDEST CALLVALUE DUP1 ISZERO PUSH2 0x1D5 JUMPI PUSH1 0x0 DUP1 REVERT JUMPDEST POP PUSH2 0x234 PUSH1 0x4 DUP1 CALLDATASIZE SUB DUP2 ADD SWAP1 DUP1 DUP1 CALLDATALOAD PUSH20 0xFFFFFFFFFFFFFFFFFFFFFFFFFFFFFFFFFFFFFFFF AND SWAP1 PUSH1 0x20 ADD SWAP1 SWAP3 SWAP2 SWAP1 DUP1 CALLDATALOAD PUSH20 0xFFFFFFFFFFFFFFFFFFFFFFFFFFFFFFFFFFFFFFFF AND SWAP1 PUSH1 0x20 ADD SWAP1 SWAP3 SWAP2 SWAP1 DUP1 CALLDATALOAD SWAP1 PUSH1 0x20 ADD SWAP1 SWAP3 SWAP2 SWAP1 POP POP POP PUSH2 0x5EF JUMP JUMPDEST PUSH1 0x40 MLOAD DUP1 DUP3 ISZERO ISZERO ISZERO ISZERO DUP2 MSTORE PUSH1 0x20 ADD SWAP2 POP POP PUSH1 0x40 MLOAD DUP1 SWAP2 SUB SWAP1 RETURN JUMPDEST CALLVALUE DUP1 ISZERO PUSH2 0x25A JUMPI PUSH1 0x0 DUP1 REVERT JUMPDEST POP PUSH2 0x263 PUSH2 0x85B JUMP JUMPDEST PUSH1 0x40 MLOAD DUP1 DUP3 PUSH1 0xFF AND PUSH1 0xFF AND DUP2 MSTORE PUSH1 0x20 ADD SWAP2 POP POP PUSH1 0x40 MLOAD DUP1 SWAP2 SUB SWAP1 RETURN JUMPDEST CALLVALUE DUP1 ISZERO PUSH2 0x28B JUMPI PUSH1 0x0 DUP1 REVERT JUMPDEST POP PUSH2 0x2C0 PUSH1 0x4 DUP1 CALLDATASIZE SUB DUP2 ADD SWAP1 DUP1 DUP1 CALLDATALOAD PUSH20 0xFFFFFFFFFFFFFFFFFFFFFFFFFFFFFFFFFFFFFFFF AND SWAP1 PUSH1 0x20 ADD SWAP1 SWAP3 SWAP2 SWAP1 POP POP POP PUSH2 0x86E JUMP JUMPDEST PUSH1 0x40 MLOAD DUP1 DUP3 DUP2 MSTORE PUSH1 0x20 ADD SWAP2 POP POP PUSH1 0x40 MLOAD DUP1 SWAP2 SUB SWAP1 RETURN JUMPDEST CALLVALUE DUP1 ISZERO PUSH2 0x2E2 JUMPI PUSH1 0x0 DUP1 REVERT JUMPDEST POP PUSH2 0x2EB PUSH2 0x886 JUMP JUMPDEST PUSH1 0x40 MLOAD DUP1 DUP1 PUSH1 0x20 ADD DUP3 DUP2 SUB DUP3 MSTORE DUP4 DUP2 DUP2 MLOAD DUP2 MSTORE PUSH1 0x20 ADD SWAP2 POP DUP1 MLOAD SWAP1 PUSH1 0x20 ADD SWAP1 DUP1 DUP4 DUP4 PUSH1 0x0 JUMPDEST DUP4 DUP2 LT ISZERO PUSH2 0x32B JUMPI DUP1 DUP3 ADD MLOAD DUP2 DUP5 ADD MSTORE PUSH1 0x20 DUP2 ADD SWAP1 POP PUSH2 0x310 JUMP JUMPDEST POP POP POP POP SWAP1 POP SWAP1 DUP2 ADD SWAP1 PUSH1 0x1F AND DUP1 ISZERO PUSH2 0x358 JUMPI DUP1 DUP3 SUB DUP1 MLOAD PUSH1 0x1 DUP4 PUSH1 0x20 SUB PUSH2 0x100 EXP SUB NOT AND DUP2 MSTORE PUSH1 0x20 ADD SWAP2 POP JUMPDEST POP SWAP3 POP POP POP PUSH1 0x40 MLOAD DUP1 SWAP2 SUB SWAP1 RETURN JUMPDEST CALLVALUE DUP1 ISZERO PUSH2 0x372 JUMPI PUSH1 0x0 DUP1 REVERT JUMPDEST POP PUSH2 0x3B1 PUSH1 0x4 DUP1 CALLDATASIZE SUB DUP2 ADD SWAP1 DUP1 DUP1 CALLDATALOAD PUSH20 0xFFFFFFFFFFFFFFFFFFFFFFFFFFFFFFFFFFFFFFFF AND SWAP1 PUSH1 0x20 ADD SWAP1 SWAP3 SWAP2 SWAP1 DUP1 CALLDATALOAD SWAP1 PUSH1 0x20 ADD SWAP1 SWAP3 SWAP2 SWAP1 POP POP POP PUSH2 0x924 JUMP JUMPDEST PUSH1 0x40 MLOAD DUP1 DUP3 ISZERO ISZERO ISZERO ISZERO DUP2 MSTORE PUSH1 0x20 ADD SWAP2 POP POP PUSH1 0x40 MLOAD DUP1 SWAP2 SUB SWAP1 RETURN JUMPDEST CALLVALUE DUP1 ISZERO PUSH2 0x3D7 JUMPI PUSH1 0x0 DUP1 REVERT JUMPDEST POP PUSH2 0x3E0 PUSH2 0xA7A JUMP JUMPDEST STOP JUMPDEST CALLVALUE DUP1 ISZERO PUSH2 0x3EE JUMPI PUSH1 0x0 DUP1 REVERT JUMPDEST POP PUSH2 0x443 PUSH1 0x4 DUP1 CALLDATASIZE SUB DUP2 ADD SWAP1 DUP1 DUP1 CALLDATALOAD PUSH20 0xFFFFFFFFFFFFFFFFFFFFFFFFFFFFFFFFFFFFFFFF AND SWAP1 PUSH1 0x20 ADD SWAP1 SWAP3 SWAP2 SWAP1 DUP1 CALLDATALOAD PUSH20 0xFFFFFFFFFFFFFFFFFFFFFFFFFFFFFFFFFFFFFFFF AND SWAP1 PUSH1 0x20 ADD SWAP1 SWAP3 SWAP2 SWAP1 POP POP POP PUSH2 0xB29 JUMP JUMPDEST PUSH1 0x40 MLOAD DUP1 DUP3 DUP2 MSTORE PUSH1 0x20 ADD SWAP2 POP POP PUSH1 0x40 MLOAD DUP1 SWAP2 SUB SWAP1 RETURN JUMPDEST PUSH1 0x1 DUP1 SLOAD PUSH1 0x1 DUP2 PUSH1 0x1 AND ISZERO PUSH2 0x100 MUL SUB AND PUSH1 0x2 SWAP1 DIV DUP1 PUSH1 0x1F ADD PUSH1 0x20 DUP1 SWAP2 DIV MUL PUSH1 0x20 ADD PUSH1 0x40 MLOAD SWAP1 DUP2 ADD PUSH1 0x40 MSTORE DUP1 SWAP3 SWAP2 SWAP1 DUP2 DUP2 MSTORE PUSH1 0x20 ADD DUP3 DUP1 SLOAD PUSH1 0x1 DUP2 PUSH1 0x1 AND ISZERO PUSH2 0x100 MUL SUB AND PUSH1 0x2 SWAP1 DIV DUP1 ISZERO PUSH2 0x4EF JUMPI DUP1 PUSH1 0x1F LT PUSH2 0x4C4 JUMPI PUSH2 0x100 DUP1 DUP4 SLOAD DIV MUL DUP4 MSTORE SWAP2 PUSH1 0x20 ADD SWAP2 PUSH2 0x4EF JUMP JUMPDEST DUP3 ADD SWAP2 SWAP1 PUSH1 0x0 MSTORE PUSH1 0x20 PUSH1 0x0 KECCAK256 SWAP1 JUMPDEST DUP2 SLOAD DUP2 MSTORE SWAP1 PUSH1 0x1 ADD SWAP1 PUSH1 0x20 ADD DUP1 DUP4 GT PUSH2 0x4D2 JUMPI DUP3 SWAP1 SUB PUSH1 0x1F AND DUP3 ADD SWAP2 JUMPDEST POP POP POP POP POP DUP2 JUMP JUMPDEST PUSH1 0x0 DUP2 PUSH1 0x5 PUSH1 0x0 CALLER PUSH20 0xFFFFFFFFFFFFFFFFFFFFFFFFFFFFFFFFFFFFFFFF AND PUSH20 0xFFFFFFFFFFFFFFFFFFFFFFFFFFFFFFFFFFFFFFFF AND DUP2 MSTORE PUSH1 0x20 ADD SWAP1 DUP2 MSTORE PUSH1 0x20 ADD PUSH1 0x0 KECCAK256 PUSH1 0x0 DUP6 PUSH20 0xFFFFFFFFFFFFFFFFFFFFFFFFFFFFFFFFFFFFFFFF AND PUSH20 0xFFFFFFFFFFFFFFFFFFFFFFFFFFFFFFFFFFFFFFFF AND DUP2 MSTORE PUSH1 0x20 ADD SWAP1 DUP2 MSTORE PUSH1 0x20 ADD PUSH1 0x0 KECCAK256 DUP2 SWAP1 SSTORE POP DUP3 PUSH20 0xFFFFFFFFFFFFFFFFFFFFFFFFFFFFFFFFFFFFFFFF AND CALLER PUSH20 0xFFFFFFFFFFFFFFFFFFFFFFFFFFFFFFFFFFFFFFFF AND PUSH32 0x8C5BE1E5EBEC7D5BD14F71427D1E84F3DD0314C0F7B2291E5B200AC8C7C3B925 DUP5 PUSH1 0x40 MLOAD DUP1 DUP3 DUP2 MSTORE PUSH1 0x20 ADD SWAP2 POP POP PUSH1 0x40 MLOAD DUP1 SWAP2 SUB SWAP1 LOG3 PUSH1 0x1 SWAP1 POP SWAP3 SWAP2 POP POP JUMP JUMPDEST PUSH1 0x4 SLOAD DUP2 JUMP JUMPDEST PUSH1 0x0 DUP1 PUSH1 0x0 DUP6 PUSH20 0xFFFFFFFFFFFFFFFFFFFFFFFFFFFFFFFFFFFFFFFF AND PUSH20 0xFFFFFFFFFFFFFFFFFFFFFFFFFFFFFFFFFFFFFFFF AND DUP2 MSTORE PUSH1 0x20 ADD SWAP1 DUP2 MSTORE PUSH1 0x20 ADD PUSH1 0x0 KECCAK256 SLOAD DUP3 GT ISZERO ISZERO ISZERO PUSH2 0x63E JUMPI PUSH1 0x0 DUP1 REVERT JUMPDEST PUSH1 0x5 PUSH1 0x0 DUP6 PUSH20 0xFFFFFFFFFFFFFFFFFFFFFFFFFFFFFFFFFFFFFFFF AND PUSH20 0xFFFFFFFFFFFFFFFFFFFFFFFFFFFFFFFFFFFFFFFF AND DUP2 MSTORE PUSH1 0x20 ADD SWAP1 DUP2 MSTORE PUSH1 0x20 ADD PUSH1 0x0 KECCAK256 PUSH1 0x0 CALLER PUSH20 0xFFFFFFFFFFFFFFFFFFFFFFFFFFFFFFFFFFFFFFFF AND PUSH20 0xFFFFFFFFFFFFFFFFFFFFFFFFFFFFFFFFFFFFFFFF AND DUP2 MSTORE PUSH1 0x20 ADD SWAP1 DUP2 MSTORE PUSH1 0x20 ADD PUSH1 0x0 KECCAK256 SLOAD DUP3 GT ISZERO ISZERO ISZERO PUSH2 0x6C9 JUMPI PUSH1 0x0 DUP1 REVERT JUMPDEST DUP2 PUSH1 0x0 DUP1 DUP7 PUSH20 0xFFFFFFFFFFFFFFFFFFFFFFFFFFFFFFFFFFFFFFFF AND PUSH20 0xFFFFFFFFFFFFFFFFFFFFFFFFFFFFFFFFFFFFFFFF AND DUP2 MSTORE PUSH1 0x20 ADD SWAP1 DUP2 MSTORE PUSH1 0x20 ADD PUSH1 0x0 KECCAK256 PUSH1 0x0 DUP3 DUP3 SLOAD SUB SWAP3 POP POP DUP2 SWAP1 SSTORE POP DUP2 PUSH1 0x0 DUP1 DUP6 PUSH20 0xFFFFFFFFFFFFFFFFFFFFFFFFFFFFFFFFFFFFFFFF AND PUSH20 0xFFFFFFFFFFFFFFFFFFFFFFFFFFFFFFFFFFFFFFFF AND DUP2 MSTORE PUSH1 0x20 ADD SWAP1 DUP2 MSTORE PUSH1 0x20 ADD PUSH1 0x0 KECCAK256 PUSH1 0x0 DUP3 DUP3 SLOAD ADD SWAP3 POP POP DUP2 SWAP1 SSTORE POP DUP2 PUSH1 0x5 PUSH1 0x0 DUP7 PUSH20 0xFFFFFFFFFFFFFFFFFFFFFFFFFFFFFFFFFFFFFFFF AND PUSH20 0xFFFFFFFFFFFFFFFFFFFFFFFFFFFFFFFFFFFFFFFF AND DUP2 MSTORE PUSH1 0x20 ADD SWAP1 DUP2 MSTORE PUSH1 0x20 ADD PUSH1 0x0 KECCAK256 PUSH1 0x0 CALLER PUSH20 0xFFFFFFFFFFFFFFFFFFFFFFFFFFFFFFFFFFFFFFFF AND PUSH20 0xFFFFFFFFFFFFFFFFFFFFFFFFFFFFFFFFFFFFFFFF AND DUP2 MSTORE PUSH1 0x20 ADD SWAP1 DUP2 MSTORE PUSH1 0x20 ADD PUSH1 0x0 KECCAK256 PUSH1 0x0 DUP3 DUP3 SLOAD SUB SWAP3 POP POP DUP2 SWAP1 SSTORE POP DUP3 PUSH20 0xFFFFFFFFFFFFFFFFFFFFFFFFFFFFFFFFFFFFFFFF AND DUP5 PUSH20 0xFFFFFFFFFFFFFFFFFFFFFFFFFFFFFFFFFFFFFFFF AND PUSH32 0xDDF252AD1BE2C89B69C2B068FC378DAA952BA7F163C4A11628F55A4DF523B3EF DUP5 PUSH1 0x40 MLOAD DUP1 DUP3 DUP2 MSTORE PUSH1 0x20 ADD SWAP2 POP POP PUSH1 0x40 MLOAD DUP1 SWAP2 SUB SWAP1 LOG3 PUSH1 0x1 SWAP1 POP SWAP4 SWAP3 POP POP POP JUMP JUMPDEST PUSH1 0x3 PUSH1 0x0 SWAP1 SLOAD SWAP1 PUSH2 0x100 EXP SWAP1 DIV PUSH1 0xFF AND DUP2 JUMP JUMPDEST PUSH1 0x0 PUSH1 0x20 MSTORE DUP1 PUSH1 0x0 MSTORE PUSH1 0x40 PUSH1 0x0 KECCAK256 PUSH1 0x0 SWAP2 POP SWAP1 POP SLOAD DUP2 JUMP JUMPDEST PUSH1 0x2 DUP1 SLOAD PUSH1 0x1 DUP2 PUSH1 0x1 AND ISZERO PUSH2 0x100 MUL SUB AND PUSH1 0x2 SWAP1 DIV DUP1 PUSH1 0x1F ADD PUSH1 0x20 DUP1 SWAP2 DIV MUL PUSH1 0x20 ADD PUSH1 0x40 MLOAD SWAP1 DUP2 ADD PUSH1 0x40 MSTORE DUP1 SWAP3 SWAP2 SWAP1 DUP2 DUP2 MSTORE PUSH1 0x20 ADD DUP3 DUP1 SLOAD PUSH1 0x1 DUP2 PUSH1 0x1 AND ISZERO PUSH2 0x100 MUL SUB AND PUSH1 0x2 SWAP1 DIV DUP1 ISZERO PUSH2 0x91C JUMPI DUP1 PUSH1 0x1F LT PUSH2 0x8F1 JUMPI PUSH2 0x100 DUP1 DUP4 SLOAD DIV MUL DUP4 MSTORE SWAP2 PUSH1 0x20 ADD SWAP2 PUSH2 0x91C JUMP JUMPDEST DUP3 ADD SWAP2 SWAP1 PUSH1 0x0 MSTORE PUSH1 0x20 PUSH1 0x0 KECCAK256 SWAP1 JUMPDEST DUP2 SLOAD DUP2 MSTORE SWAP1 PUSH1 0x1 ADD SWAP1 PUSH1 0x20 ADD DUP1 DUP4 GT PUSH2 0x8FF JUMPI DUP3 SWAP1 SUB PUSH1 0x1F AND DUP3 ADD SWAP2 JUMPDEST POP POP POP POP POP DUP2 JUMP JUMPDEST PUSH1 0x0 DUP2 PUSH1 0x0 DUP1 CALLER PUSH20 0xFFFFFFFFFFFFFFFFFFFFFFFFFFFFFFFFFFFFFFFF AND PUSH20 0xFFFFFFFFFFFFFFFFFFFFFFFFFFFFFFFFFFFFFFFF AND DUP2 MSTORE PUSH1 0x20 ADD SWAP1 DUP2 MSTORE PUSH1 0x20 ADD PUSH1 0x0 KECCAK256 SLOAD LT ISZERO ISZERO ISZERO PUSH2 0x973 JUMPI PUSH1 0x0 DUP1 REVERT JUMPDEST DUP2 PUSH1 0x0 DUP1 CALLER PUSH20 0xFFFFFFFFFFFFFFFFFFFFFFFFFFFFFFFFFFFFFFFF AND PUSH20 0xFFFFFFFFFFFFFFFFFFFFFFFFFFFFFFFFFFFFFFFF AND DUP2 MSTORE PUSH1 0x20 ADD SWAP1 DUP2 MSTORE PUSH1 0x20 ADD PUSH1 0x0 KECCAK256 PUSH1 0x0 DUP3 DUP3 SLOAD SUB SWAP3 POP POP DUP2 SWAP1 SSTORE POP DUP2 PUSH1 0x0 DUP1 DUP6 PUSH20 0xFFFFFFFFFFFFFFFFFFFFFFFFFFFFFFFFFFFFFFFF AND PUSH20 0xFFFFFFFFFFFFFFFFFFFFFFFFFFFFFFFFFFFFFFFF AND DUP2 MSTORE PUSH1 0x20 ADD SWAP1 DUP2 MSTORE PUSH1 0x20 ADD PUSH1 0x0 KECCAK256 PUSH1 0x0 DUP3 DUP3 SLOAD ADD SWAP3 POP POP DUP2 SWAP1 SSTORE POP DUP3 PUSH20 0xFFFFFFFFFFFFFFFFFFFFFFFFFFFFFFFFFFFFFFFF AND CALLER PUSH20 0xFFFFFFFFFFFFFFFFFFFFFFFFFFFFFFFFFFFFFFFF AND PUSH32 0xDDF252AD1BE2C89B69C2B068FC378DAA952BA7F163C4A11628F55A4DF523B3EF DUP5 PUSH1 0x40 MLOAD DUP1 DUP3 DUP2 MSTORE PUSH1 0x20 ADD SWAP2 POP POP PUSH1 0x40 MLOAD DUP1 SWAP2 SUB SWAP1 LOG3 PUSH1 0x1 SWAP1 POP SWAP3 SWAP2 POP POP JUMP JUMPDEST PUSH1 0x4 SLOAD PUSH1 0x0 DUP1 CALLER PUSH20 0xFFFFFFFFFFFFFFFFFFFFFFFFFFFFFFFFFFFFFFFF AND PUSH20 0xFFFFFFFFFFFFFFFFFFFFFFFFFFFFFFFFFFFFFFFF AND DUP2 MSTORE PUSH1 0x20 ADD SWAP1 DUP2 MSTORE PUSH1 0x20 ADD PUSH1 0x0 KECCAK256 DUP2 SWAP1 SSTORE POP CALLER PUSH20 0xFFFFFFFFFFFFFFFFFFFFFFFFFFFFFFFFFFFFFFFF AND PUSH1 0x0 PUSH20 0xFFFFFFFFFFFFFFFFFFFFFFFFFFFFFFFFFFFFFFFF AND PUSH32 0xDDF252AD1BE2C89B69C2B068FC378DAA952BA7F163C4A11628F55A4DF523B3EF PUSH1 0x4 SLOAD PUSH1 0x40 MLOAD DUP1 DUP3 DUP2 MSTORE PUSH1 0x20 ADD SWAP2 POP POP PUSH1 0x40 MLOAD DUP1 SWAP2 SUB SWAP1 LOG3 JUMP JUMPDEST PUSH1 0x5 PUSH1 0x20 MSTORE DUP2 PUSH1 0x0 MSTORE PUSH1 0x40 PUSH1 0x0 KECCAK256 PUSH1 0x20 MSTORE DUP1 PUSH1 0x0 MSTORE PUSH1 0x40 PUSH1 0x0 KECCAK256 PUSH1 0x0 SWAP2 POP SWAP2 POP POP SLOAD DUP2 JUMP STOP LOG1 PUSH6 0x627A7A723058 KECCAK256 0x46 LOG1 SUB PUSH2 0xCBD5 MSIZE 0xa7 0xf DUP10 0xcb 0xaf LOG4 ADD SWAP2 CALLCODE MLOAD SLOAD ADDMOD JUMPI 0xb7 0xd2 0xdb ISZERO PUSH21 0x5A4DAEDA5B84A30029000000000000000000000000
0,PUSH1 0x80 PUSH1 0x40 MSTORE CALLVALUE DUP1 ISZERO PUSH1 0xF JUMPI PUSH1 0x0 DUP1 REVERT JUMPDEST POP PUSH1 0x35 DUP1 PUSH1 0x1D PUSH1 0x0 CODECOPY PUSH1 0x0 RETURN STOP PUSH1 0x80 PUSH1 0x40 MSTORE PUSH1 0x0 DUP1 REVERT STOP LOG1 PUSH6 0x627A7A723058 KECCAK256 0xd5 DUP14 0xc7 0xa8 MUL PUSH18 0x322E7896A69FEA408763172016F96D31705F CODESIZE 0xb6 0x5e 0xbe SWAP12 DUP14 CALL LOG2 STOP 0x29
0,PUSH1 0x4C PUSH1 0x2C PUSH1 0xB DUP3 DUP3 DUP3 CODECOPY DUP1 MLOAD PUSH1 0x0 BYTE PUSH1 0x73 EQ PUSH1 0x0 DUP2 EQ PUSH1 0x1C JUMPI PUSH1 0x1E JUMP JUMPDEST INVALID JUMPDEST POP ADDRESS PUSH1 0x0 MSTORE PUSH1 0x73 DUP2 MSTORE8 DUP3 DUP2 RETURN STOP PUSH20 0x0 ADDRESS EQ PUSH1 0x80 PUSH1 0x40 MSTORE PUSH1 0x0 DUP1 REVERT STOP LOG1 PUSH6 0x627A7A723058 KECCAK256 CALL 0x2d 0xb9 0xb5 0xbc DUP4 0xd0 MULMOD 0xd7 EQ PUSH4 0xD23C9154 0xd MSTORE STATICCALL 0xaf 0xbf BLOCKHASH MLOAD PUSH30 0x1B60D364853BB4C75F002900000000000000000000000000000000000000
0,PUSH1 0x80 PUSH1 0x40 MSTORE CALLVALUE DUP1 ISZERO PUSH2 0x10 JUMPI PUSH1 0x0 DUP1 REVERT JUMPDEST POP PUSH2 0x1062 DUP1 PUSH2 0x20 PUSH1 0x0 CODECOPY PUSH1 0x0 RETURN STOP PUSH1 0x80 PUSH1 0x40 MSTORE PUSH1 0x4 CALLDATASIZE LT PUSH2 0x8E JUMPI PUSH1 0x0 CALLDATALOAD PUSH29 0x100000000000000000000000000000000000000000000000000000000 SWAP1 DIV PUSH4 0xFFFFFFFF AND DUP1 PUSH4 0x95EA7B3 EQ PUSH2 0x93 JUMPI DUP1 PUSH4 0x18160DDD EQ PUSH2 0xF8 JUMPI DUP1 PUSH4 0x23B872DD EQ PUSH2 0x123 JUMPI DUP1 PUSH4 0x39509351 EQ PUSH2 0x1A8 JUMPI DUP1 PUSH4 0x70A08231 EQ PUSH2 0x20D JUMPI DUP1 PUSH4 0xA457C2D7 EQ PUSH2 0x264 JUMPI DUP1 PUSH4 0xA9059CBB EQ PUSH2 0x2C9 JUMPI DUP1 PUSH4 0xDD62ED3E EQ PUSH2 0x32E JUMPI JUMPDEST PUSH1 0x0 DUP1 REVERT JUMPDEST CALLVALUE DUP1 ISZERO PUSH2 0x9F JUMPI PUSH1 0x0 DUP1 REVERT JUMPDEST POP PUSH2 0xDE PUSH1 0x4 DUP1 CALLDATASIZE SUB DUP2 ADD SWAP1 DUP1 DUP1 CALLDATALOAD PUSH20 0xFFFFFFFFFFFFFFFFFFFFFFFFFFFFFFFFFFFFFFFF AND SWAP1 PUSH1 0x20 ADD SWAP1 SWAP3 SWAP2 SWAP1 DUP1 CALLDATALOAD SWAP1 PUSH1 0x20 ADD SWAP1 SWAP3 SWAP2 SWAP1 POP POP POP PUSH2 0x3A5 JUMP JUMPDEST PUSH1 0x40 MLOAD DUP1 DUP3 ISZERO ISZERO ISZERO ISZERO DUP2 MSTORE PUSH1 0x20 ADD SWAP2 POP POP PUSH1 0x40 MLOAD DUP1 SWAP2 SUB SWAP1 RETURN JUMPDEST CALLVALUE DUP1 ISZERO PUSH2 0x104 JUMPI PUSH1 0x0 DUP1 REVERT JUMPDEST POP PUSH2 0x10D PUSH2 0x4D2 JUMP JUMPDEST PUSH1 0x40 MLOAD DUP1 DUP3 DUP2 MSTORE PUSH1 0x20 ADD SWAP2 POP POP PUSH1 0x40 MLOAD DUP1 SWAP2 SUB SWAP1 RETURN JUMPDEST CALLVALUE DUP1 ISZERO PUSH2 0x12F JUMPI PUSH1 0x0 DUP1 REVERT JUMPDEST POP PUSH2 0x18E PUSH1 0x4 DUP1 CALLDATASIZE SUB DUP2 ADD SWAP1 DUP1 DUP1 CALLDATALOAD PUSH20 0xFFFFFFFFFFFFFFFFFFFFFFFFFFFFFFFFFFFFFFFF AND SWAP1 PUSH1 0x20 ADD SWAP1 SWAP3 SWAP2 SWAP1 DUP1 CALLDATALOAD PUSH20 0xFFFFFFFFFFFFFFFFFFFFFFFFFFFFFFFFFFFFFFFF AND SWAP1 PUSH1 0x20 ADD SWAP1 SWAP3 SWAP2 SWAP1 DUP1 CALLDATALOAD SWAP1 PUSH1 0x20 ADD SWAP1 SWAP3 SWAP2 SWAP1 POP POP POP PUSH2 0x4DC JUMP JUMPDEST PUSH1 0x40 MLOAD DUP1 DUP3 ISZERO ISZERO ISZERO ISZERO DUP2 MSTORE PUSH1 0x20 ADD SWAP2 POP POP PUSH1 0x40 MLOAD DUP1 SWAP2 SUB SWAP1 RETURN JUMPDEST CALLVALUE DUP1 ISZERO PUSH2 0x1B4 JUMPI PUSH1 0x0 DUP1 REVERT JUMPDEST POP PUSH2 0x1F3 PUSH1 0x4 DUP1 CALLDATASIZE SUB DUP2 ADD SWAP1 DUP1 DUP1 CALLDATALOAD PUSH20 0xFFFFFFFFFFFFFFFFFFFFFFFFFFFFFFFFFFFFFFFF AND SWAP1 PUSH1 0x20 ADD SWAP1 SWAP3 SWAP2 SWAP1 DUP1 CALLDATALOAD SWAP1 PUSH1 0x20 ADD SWAP1 SWAP3 SWAP2 SWAP1 POP POP POP PUSH2 0x897 JUMP JUMPDEST PUSH1 0x40 MLOAD DUP1 DUP3 ISZERO ISZERO ISZERO ISZERO DUP2 MSTORE PUSH1 0x20 ADD SWAP2 POP POP PUSH1 0x40 MLOAD DUP1 SWAP2 SUB SWAP1 RETURN JUMPDEST CALLVALUE DUP1 ISZERO PUSH2 0x219 JUMPI PUSH1 0x0 DUP1 REVERT JUMPDEST POP PUSH2 0x24E PUSH1 0x4 DUP1 CALLDATASIZE SUB DUP2 ADD SWAP1 DUP1 DUP1 CALLDATALOAD PUSH20 0xFFFFFFFFFFFFFFFFFFFFFFFFFFFFFFFFFFFFFFFF AND SWAP1 PUSH1 0x20 ADD SWAP1 SWAP3 SWAP2 SWAP1 POP POP POP PUSH2 0xACE JUMP JUMPDEST PUSH1 0x40 MLOAD DUP1 DUP3 DUP2 MSTORE PUSH1 0x20 ADD SWAP2 POP POP PUSH1 0x40 MLOAD DUP1 SWAP2 SUB SWAP1 RETURN JUMPDEST CALLVALUE DUP1 ISZERO PUSH2 0x270 JUMPI PUSH1 0x0 DUP1 REVERT JUMPDEST POP PUSH2 0x2AF PUSH1 0x4 DUP1 CALLDATASIZE SUB DUP2 ADD SWAP1 DUP1 DUP1 CALLDATALOAD PUSH20 0xFFFFFFFFFFFFFFFFFFFFFFFFFFFFFFFFFFFFFFFF AND SWAP1 PUSH1 0x20 ADD SWAP1 SWAP3 SWAP2 SWAP1 DUP1 CALLDATALOAD SWAP1 PUSH1 0x20 ADD SWAP1 SWAP3 SWAP2 SWAP1 POP POP POP PUSH2 0xB16 JUMP JUMPDEST PUSH1 0x40 MLOAD DUP1 DUP3 ISZERO ISZERO ISZERO ISZERO DUP2 MSTORE PUSH1 0x20 ADD SWAP2 POP POP PUSH1 0x40 MLOAD DUP1 SWAP2 SUB SWAP1 RETURN JUMPDEST CALLVALUE DUP1 ISZERO PUSH2 0x2D5 JUMPI PUSH1 0x0 DUP1 REVERT JUMPDEST POP PUSH2 0x314 PUSH1 0x4 DUP1 CALLDATASIZE SUB DUP2 ADD SWAP1 DUP1 DUP1 CALLDATALOAD PUSH20 0xFFFFFFFFFFFFFFFFFFFFFFFFFFFFFFFFFFFFFFFF AND SWAP1 PUSH1 0x20 ADD SWAP1 SWAP3 SWAP2 SWAP1 DUP1 CALLDATALOAD SWAP1 PUSH1 0x20 ADD SWAP1 SWAP3 SWAP2 SWAP1 POP POP POP PUSH2 0xD4D JUMP JUMPDEST PUSH1 0x40 MLOAD DUP1 DUP3 ISZERO ISZERO ISZERO ISZERO DUP2 MSTORE PUSH1 0x20 ADD SWAP2 POP POP PUSH1 0x40 MLOAD DUP1 SWAP2 SUB SWAP1 RETURN JUMPDEST CALLVALUE DUP1 ISZERO PUSH2 0x33A JUMPI PUSH1 0x0 DUP1 REVERT JUMPDEST POP PUSH2 0x38F PUSH1 0x4 DUP1 CALLDATASIZE SUB DUP2 ADD SWAP1 DUP1 DUP1 CALLDATALOAD PUSH20 0xFFFFFFFFFFFFFFFFFFFFFFFFFFFFFFFFFFFFFFFF AND SWAP1 PUSH1 0x20 ADD SWAP1 SWAP3 SWAP2 SWAP1 DUP1 CALLDATALOAD PUSH20 0xFFFFFFFFFFFFFFFFFFFFFFFFFFFFFFFFFFFFFFFF AND SWAP1 PUSH1 0x20 ADD SWAP1 SWAP3 SWAP2 SWAP1 POP POP POP PUSH2 0xF6D JUMP JUMPDEST PUSH1 0x40 MLOAD DUP1 DUP3 DUP2 MSTORE PUSH1 0x20 ADD SWAP2 POP POP PUSH1 0x40 MLOAD DUP1 SWAP2 SUB SWAP1 RETURN JUMPDEST PUSH1 0x0 DUP1 PUSH20 0xFFFFFFFFFFFFFFFFFFFFFFFFFFFFFFFFFFFFFFFF AND DUP4 PUSH20 0xFFFFFFFFFFFFFFFFFFFFFFFFFFFFFFFFFFFFFFFF AND EQ ISZERO ISZERO ISZERO PUSH2 0x3E2 JUMPI PUSH1 0x0 DUP1 REVERT JUMPDEST DUP2 PUSH1 0x1 PUSH1 0x0 CALLER PUSH20 0xFFFFFFFFFFFFFFFFFFFFFFFFFFFFFFFFFFFFFFFF AND PUSH20 0xFFFFFFFFFFFFFFFFFFFFFFFFFFFFFFFFFFFFFFFF AND DUP2 MSTORE PUSH1 0x20 ADD SWAP1 DUP2 MSTORE PUSH1 0x20 ADD PUSH1 0x0 KECCAK256 PUSH1 0x0 DUP6 PUSH20 0xFFFFFFFFFFFFFFFFFFFFFFFFFFFFFFFFFFFFFFFF AND PUSH20 0xFFFFFFFFFFFFFFFFFFFFFFFFFFFFFFFFFFFFFFFF AND DUP2 MSTORE PUSH1 0x20 ADD SWAP1 DUP2 MSTORE PUSH1 0x20 ADD PUSH1 0x0 KECCAK256 DUP2 SWAP1 SSTORE POP DUP3 PUSH20 0xFFFFFFFFFFFFFFFFFFFFFFFFFFFFFFFFFFFFFFFF AND CALLER PUSH20 0xFFFFFFFFFFFFFFFFFFFFFFFFFFFFFFFFFFFFFFFF AND PUSH32 0x8C5BE1E5EBEC7D5BD14F71427D1E84F3DD0314C0F7B2291E5B200AC8C7C3B925 DUP5 PUSH1 0x40 MLOAD DUP1 DUP3 DUP2 MSTORE PUSH1 0x20 ADD SWAP2 POP POP PUSH1 0x40 MLOAD DUP1 SWAP2 SUB SWAP1 LOG3 PUSH1 0x1 SWAP1 POP SWAP3 SWAP2 POP POP JUMP JUMPDEST PUSH1 0x0 PUSH1 0x2 SLOAD SWAP1 POP SWAP1 JUMP JUMPDEST PUSH1 0x0 DUP1 PUSH1 0x0 DUP6 PUSH20 0xFFFFFFFFFFFFFFFFFFFFFFFFFFFFFFFFFFFFFFFF AND PUSH20 0xFFFFFFFFFFFFFFFFFFFFFFFFFFFFFFFFFFFFFFFF AND DUP2 MSTORE PUSH1 0x20 ADD SWAP1 DUP2 MSTORE PUSH1 0x20 ADD PUSH1 0x0 KECCAK256 SLOAD DUP3 GT ISZERO ISZERO ISZERO PUSH2 0x52B JUMPI PUSH1 0x0 DUP1 REVERT JUMPDEST PUSH1 0x1 PUSH1 0x0 DUP6 PUSH20 0xFFFFFFFFFFFFFFFFFFFFFFFFFFFFFFFFFFFFFFFF AND PUSH20 0xFFFFFFFFFFFFFFFFFFFFFFFFFFFFFFFFFFFFFFFF AND DUP2 MSTORE PUSH1 0x20 ADD SWAP1 DUP2 MSTORE PUSH1 0x20 ADD PUSH1 0x0 KECCAK256 PUSH1 0x0 CALLER PUSH20 0xFFFFFFFFFFFFFFFFFFFFFFFFFFFFFFFFFFFFFFFF AND PUSH20 0xFFFFFFFFFFFFFFFFFFFFFFFFFFFFFFFFFFFFFFFF AND DUP2 MSTORE PUSH1 0x20 ADD SWAP1 DUP2 MSTORE PUSH1 0x20 ADD PUSH1 0x0 KECCAK256 SLOAD DUP3 GT ISZERO ISZERO ISZERO PUSH2 0x5B6 JUMPI PUSH1 0x0 DUP1 REVERT JUMPDEST PUSH1 0x0 PUSH20 0xFFFFFFFFFFFFFFFFFFFFFFFFFFFFFFFFFFFFFFFF AND DUP4 PUSH20 0xFFFFFFFFFFFFFFFFFFFFFFFFFFFFFFFFFFFFFFFF AND EQ ISZERO ISZERO ISZERO PUSH2 0x5F2 JUMPI PUSH1 0x0 DUP1 REVERT JUMPDEST PUSH2 0x643 DUP3 PUSH1 0x0 DUP1 DUP8 PUSH20 0xFFFFFFFFFFFFFFFFFFFFFFFFFFFFFFFFFFFFFFFF AND PUSH20 0xFFFFFFFFFFFFFFFFFFFFFFFFFFFFFFFFFFFFFFFF AND DUP2 MSTORE PUSH1 0x20 ADD SWAP1 DUP2 MSTORE PUSH1 0x20 ADD PUSH1 0x0 KECCAK256 SLOAD PUSH2 0xFF4 SWAP1 SWAP2 SWAP1 PUSH4 0xFFFFFFFF AND JUMP JUMPDEST PUSH1 0x0 DUP1 DUP7 PUSH20 0xFFFFFFFFFFFFFFFFFFFFFFFFFFFFFFFFFFFFFFFF AND PUSH20 0xFFFFFFFFFFFFFFFFFFFFFFFFFFFFFFFFFFFFFFFF AND DUP2 MSTORE PUSH1 0x20 ADD SWAP1 DUP2 MSTORE PUSH1 0x20 ADD PUSH1 0x0 KECCAK256 DUP2 SWAP1 SSTORE POP PUSH2 0x6D6 DUP3 PUSH1 0x0 DUP1 DUP7 PUSH20 0xFFFFFFFFFFFFFFFFFFFFFFFFFFFFFFFFFFFFFFFF AND PUSH20 0xFFFFFFFFFFFFFFFFFFFFFFFFFFFFFFFFFFFFFFFF AND DUP2 MSTORE PUSH1 0x20 ADD SWAP1 DUP2 MSTORE PUSH1 0x20 ADD PUSH1 0x0 KECCAK256 SLOAD PUSH2 0x1015 SWAP1 SWAP2 SWAP1 PUSH4 0xFFFFFFFF AND JUMP JUMPDEST PUSH1 0x0 DUP1 DUP6 PUSH20 0xFFFFFFFFFFFFFFFFFFFFFFFFFFFFFFFFFFFFFFFF AND PUSH20 0xFFFFFFFFFFFFFFFFFFFFFFFFFFFFFFFFFFFFFFFF AND DUP2 MSTORE PUSH1 0x20 ADD SWAP1 DUP2 MSTORE PUSH1 0x20 ADD PUSH1 0x0 KECCAK256 DUP2 SWAP1 SSTORE POP PUSH2 0x7A7 DUP3 PUSH1 0x1 PUSH1 0x0 DUP8 PUSH20 0xFFFFFFFFFFFFFFFFFFFFFFFFFFFFFFFFFFFFFFFF AND PUSH20 0xFFFFFFFFFFFFFFFFFFFFFFFFFFFFFFFFFFFFFFFF AND DUP2 MSTORE PUSH1 0x20 ADD SWAP1 DUP2 MSTORE PUSH1 0x20 ADD PUSH1 0x0 KECCAK256 PUSH1 0x0 CALLER PUSH20 0xFFFFFFFFFFFFFFFFFFFFFFFFFFFFFFFFFFFFFFFF AND PUSH20 0xFFFFFFFFFFFFFFFFFFFFFFFFFFFFFFFFFFFFFFFF AND DUP2 MSTORE PUSH1 0x20 ADD SWAP1 DUP2 MSTORE PUSH1 0x20 ADD PUSH1 0x0 KECCAK256 SLOAD PUSH2 0xFF4 SWAP1 SWAP2 SWAP1 PUSH4 0xFFFFFFFF AND JUMP JUMPDEST PUSH1 0x1 PUSH1 0x0 DUP7 PUSH20 0xFFFFFFFFFFFFFFFFFFFFFFFFFFFFFFFFFFFFFFFF AND PUSH20 0xFFFFFFFFFFFFFFFFFFFFFFFFFFFFFFFFFFFFFFFF AND DUP2 MSTORE PUSH1 0x20 ADD SWAP1 DUP2 MSTORE PUSH1 0x20 ADD PUSH1 0x0 KECCAK256 PUSH1 0x0 CALLER PUSH20 0xFFFFFFFFFFFFFFFFFFFFFFFFFFFFFFFFFFFFFFFF AND PUSH20 0xFFFFFFFFFFFFFFFFFFFFFFFFFFFFFFFFFFFFFFFF AND DUP2 MSTORE PUSH1 0x20 ADD SWAP1 DUP2 MSTORE PUSH1 0x20 ADD PUSH1 0x0 KECCAK256 DUP2 SWAP1 SSTORE POP DUP3 PUSH20 0xFFFFFFFFFFFFFFFFFFFFFFFFFFFFFFFFFFFFFFFF AND DUP5 PUSH20 0xFFFFFFFFFFFFFFFFFFFFFFFFFFFFFFFFFFFFFFFF AND PUSH32 0xDDF252AD1BE2C89B69C2B068FC378DAA952BA7F163C4A11628F55A4DF523B3EF DUP5 PUSH1 0x40 MLOAD DUP1 DUP3 DUP2 MSTORE PUSH1 0x20 ADD SWAP2 POP POP PUSH1 0x40 MLOAD DUP1 SWAP2 SUB SWAP1 LOG3 PUSH1 0x1 SWAP1 POP SWAP4 SWAP3 POP POP POP JUMP JUMPDEST PUSH1 0x0 DUP1 PUSH20 0xFFFFFFFFFFFFFFFFFFFFFFFFFFFFFFFFFFFFFFFF AND DUP4 PUSH20 0xFFFFFFFFFFFFFFFFFFFFFFFFFFFFFFFFFFFFFFFF AND EQ ISZERO ISZERO ISZERO PUSH2 0x8D4 JUMPI PUSH1 0x0 DUP1 REVERT JUMPDEST PUSH2 0x963 DUP3 PUSH1 0x1 PUSH1 0x0 CALLER PUSH20 0xFFFFFFFFFFFFFFFFFFFFFFFFFFFFFFFFFFFFFFFF AND PUSH20 0xFFFFFFFFFFFFFFFFFFFFFFFFFFFFFFFFFFFFFFFF AND DUP2 MSTORE PUSH1 0x20 ADD SWAP1 DUP2 MSTORE PUSH1 0x20 ADD PUSH1 0x0 KECCAK256 PUSH1 0x0 DUP7 PUSH20 0xFFFFFFFFFFFFFFFFFFFFFFFFFFFFFFFFFFFFFFFF AND PUSH20 0xFFFFFFFFFFFFFFFFFFFFFFFFFFFFFFFFFFFFFFFF AND DUP2 MSTORE PUSH1 0x20 ADD SWAP1 DUP2 MSTORE PUSH1 0x20 ADD PUSH1 0x0 KECCAK256 SLOAD PUSH2 0x1015 SWAP1 SWAP2 SWAP1 PUSH4 0xFFFFFFFF AND JUMP JUMPDEST PUSH1 0x1 PUSH1 0x0 CALLER PUSH20 0xFFFFFFFFFFFFFFFFFFFFFFFFFFFFFFFFFFFFFFFF AND PUSH20 0xFFFFFFFFFFFFFFFFFFFFFFFFFFFFFFFFFFFFFFFF AND DUP2 MSTORE PUSH1 0x20 ADD SWAP1 DUP2 MSTORE PUSH1 0x20 ADD PUSH1 0x0 KECCAK256 PUSH1 0x0 DUP6 PUSH20 0xFFFFFFFFFFFFFFFFFFFFFFFFFFFFFFFFFFFFFFFF AND PUSH20 0xFFFFFFFFFFFFFFFFFFFFFFFFFFFFFFFFFFFFFFFF AND DUP2 MSTORE PUSH1 0x20 ADD SWAP1 DUP2 MSTORE PUSH1 0x20 ADD PUSH1 0x0 KECCAK256 DUP2 SWAP1 SSTORE POP DUP3 PUSH20 0xFFFFFFFFFFFFFFFFFFFFFFFFFFFFFFFFFFFFFFFF AND CALLER PUSH20 0xFFFFFFFFFFFFFFFFFFFFFFFFFFFFFFFFFFFFFFFF AND PUSH32 0x8C5BE1E5EBEC7D5BD14F71427D1E84F3DD0314C0F7B2291E5B200AC8C7C3B925 PUSH1 0x1 PUSH1 0x0 CALLER PUSH20 0xFFFFFFFFFFFFFFFFFFFFFFFFFFFFFFFFFFFFFFFF AND PUSH20 0xFFFFFFFFFFFFFFFFFFFFFFFFFFFFFFFFFFFFFFFF AND DUP2 MSTORE PUSH1 0x20 ADD SWAP1 DUP2 MSTORE PUSH1 0x20 ADD PUSH1 0x0 KECCAK256 PUSH1 0x0 DUP8 PUSH20 0xFFFFFFFFFFFFFFFFFFFFFFFFFFFFFFFFFFFFFFFF AND PUSH20 0xFFFFFFFFFFFFFFFFFFFFFFFFFFFFFFFFFFFFFFFF AND DUP2 MSTORE PUSH1 0x20 ADD SWAP1 DUP2 MSTORE PUSH1 0x20 ADD PUSH1 0x0 KECCAK256 SLOAD PUSH1 0x40 MLOAD DUP1 DUP3 DUP2 MSTORE PUSH1 0x20 ADD SWAP2 POP POP PUSH1 0x40 MLOAD DUP1 SWAP2 SUB SWAP1 LOG3 PUSH1 0x1 SWAP1 POP SWAP3 SWAP2 POP POP JUMP JUMPDEST PUSH1 0x0 DUP1 PUSH1 0x0 DUP4 PUSH20 0xFFFFFFFFFFFFFFFFFFFFFFFFFFFFFFFFFFFFFFFF AND PUSH20 0xFFFFFFFFFFFFFFFFFFFFFFFFFFFFFFFFFFFFFFFF AND DUP2 MSTORE PUSH1 0x20 ADD SWAP1 DUP2 MSTORE PUSH1 0x20 ADD PUSH1 0x0 KECCAK256 SLOAD SWAP1 POP SWAP2 SWAP1 POP JUMP JUMPDEST PUSH1 0x0 DUP1 PUSH20 0xFFFFFFFFFFFFFFFFFFFFFFFFFFFFFFFFFFFFFFFF AND DUP4 PUSH20 0xFFFFFFFFFFFFFFFFFFFFFFFFFFFFFFFFFFFFFFFF AND EQ ISZERO ISZERO ISZERO PUSH2 0xB53 JUMPI PUSH1 0x0 DUP1 REVERT JUMPDEST PUSH2 0xBE2 DUP3 PUSH1 0x1 PUSH1 0x0 CALLER PUSH20 0xFFFFFFFFFFFFFFFFFFFFFFFFFFFFFFFFFFFFFFFF AND PUSH20 0xFFFFFFFFFFFFFFFFFFFFFFFFFFFFFFFFFFFFFFFF AND DUP2 MSTORE PUSH1 0x20 ADD SWAP1 DUP2 MSTORE PUSH1 0x20 ADD PUSH1 0x0 KECCAK256 PUSH1 0x0 DUP7 PUSH20 0xFFFFFFFFFFFFFFFFFFFFFFFFFFFFFFFFFFFFFFFF AND PUSH20 0xFFFFFFFFFFFFFFFFFFFFFFFFFFFFFFFFFFFFFFFF AND DUP2 MSTORE PUSH1 0x20 ADD SWAP1 DUP2 MSTORE PUSH1 0x20 ADD PUSH1 0x0 KECCAK256 SLOAD PUSH2 0xFF4 SWAP1 SWAP2 SWAP1 PUSH4 0xFFFFFFFF AND JUMP JUMPDEST PUSH1 0x1 PUSH1 0x0 CALLER PUSH20 0xFFFFFFFFFFFFFFFFFFFFFFFFFFFFFFFFFFFFFFFF AND PUSH20 0xFFFFFFFFFFFFFFFFFFFFFFFFFFFFFFFFFFFFFFFF AND DUP2 MSTORE PUSH1 0x20 ADD SWAP1 DUP2 MSTORE PUSH1 0x20 ADD PUSH1 0x0 KECCAK256 PUSH1 0x0 DUP6 PUSH20 0xFFFFFFFFFFFFFFFFFFFFFFFFFFFFFFFFFFFFFFFF AND PUSH20 0xFFFFFFFFFFFFFFFFFFFFFFFFFFFFFFFFFFFFFFFF AND DUP2 MSTORE PUSH1 0x20 ADD SWAP1 DUP2 MSTORE PUSH1 0x20 ADD PUSH1 0x0 KECCAK256 DUP2 SWAP1 SSTORE POP DUP3 PUSH20 0xFFFFFFFFFFFFFFFFFFFFFFFFFFFFFFFFFFFFFFFF AND CALLER PUSH20 0xFFFFFFFFFFFFFFFFFFFFFFFFFFFFFFFFFFFFFFFF AND PUSH32 0x8C5BE1E5EBEC7D5BD14F71427D1E84F3DD0314C0F7B2291E5B200AC8C7C3B925 PUSH1 0x1 PUSH1 0x0 CALLER PUSH20 0xFFFFFFFFFFFFFFFFFFFFFFFFFFFFFFFFFFFFFFFF AND PUSH20 0xFFFFFFFFFFFFFFFFFFFFFFFFFFFFFFFFFFFFFFFF AND DUP2 MSTORE PUSH1 0x20 ADD SWAP1 DUP2 MSTORE PUSH1 0x20 ADD PUSH1 0x0 KECCAK256 PUSH1 0x0 DUP8 PUSH20 0xFFFFFFFFFFFFFFFFFFFFFFFFFFFFFFFFFFFFFFFF AND PUSH20 0xFFFFFFFFFFFFFFFFFFFFFFFFFFFFFFFFFFFFFFFF AND DUP2 MSTORE PUSH1 0x20 ADD SWAP1 DUP2 MSTORE PUSH1 0x20 ADD PUSH1 0x0 KECCAK256 SLOAD PUSH1 0x40 MLOAD DUP1 DUP3 DUP2 MSTORE PUSH1 0x20 ADD SWAP2 POP POP PUSH1 0x40 MLOAD DUP1 SWAP2 SUB SWAP1 LOG3 PUSH1 0x1 SWAP1 POP SWAP3 SWAP2 POP POP JUMP JUMPDEST PUSH1 0x0 DUP1 PUSH1 0x0 CALLER PUSH20 0xFFFFFFFFFFFFFFFFFFFFFFFFFFFFFFFFFFFFFFFF AND PUSH20 0xFFFFFFFFFFFFFFFFFFFFFFFFFFFFFFFFFFFFFFFF AND DUP2 MSTORE PUSH1 0x20 ADD SWAP1 DUP2 MSTORE PUSH1 0x20 ADD PUSH1 0x0 KECCAK256 SLOAD DUP3 GT ISZERO ISZERO ISZERO PUSH2 0xD9C JUMPI PUSH1 0x0 DUP1 REVERT JUMPDEST PUSH1 0x0 PUSH20 0xFFFFFFFFFFFFFFFFFFFFFFFFFFFFFFFFFFFFFFFF AND DUP4 PUSH20 0xFFFFFFFFFFFFFFFFFFFFFFFFFFFFFFFFFFFFFFFF AND EQ ISZERO ISZERO ISZERO PUSH2 0xDD8 JUMPI PUSH1 0x0 DUP1 REVERT JUMPDEST PUSH2 0xE29 DUP3 PUSH1 0x0 DUP1 CALLER PUSH20 0xFFFFFFFFFFFFFFFFFFFFFFFFFFFFFFFFFFFFFFFF AND PUSH20 0xFFFFFFFFFFFFFFFFFFFFFFFFFFFFFFFFFFFFFFFF AND DUP2 MSTORE PUSH1 0x20 ADD SWAP1 DUP2 MSTORE PUSH1 0x20 ADD PUSH1 0x0 KECCAK256 SLOAD PUSH2 0xFF4 SWAP1 SWAP2 SWAP1 PUSH4 0xFFFFFFFF AND JUMP JUMPDEST PUSH1 0x0 DUP1 CALLER PUSH20 0xFFFFFFFFFFFFFFFFFFFFFFFFFFFFFFFFFFFFFFFF AND PUSH20 0xFFFFFFFFFFFFFFFFFFFFFFFFFFFFFFFFFFFFFFFF AND DUP2 MSTORE PUSH1 0x20 ADD SWAP1 DUP2 MSTORE PUSH1 0x20 ADD PUSH1 0x0 KECCAK256 DUP2 SWAP1 SSTORE POP PUSH2 0xEBC DUP3 PUSH1 0x0 DUP1 DUP7 PUSH20 0xFFFFFFFFFFFFFFFFFFFFFFFFFFFFFFFFFFFFFFFF AND PUSH20 0xFFFFFFFFFFFFFFFFFFFFFFFFFFFFFFFFFFFFFFFF AND DUP2 MSTORE PUSH1 0x20 ADD SWAP1 DUP2 MSTORE PUSH1 0x20 ADD PUSH1 0x0 KECCAK256 SLOAD PUSH2 0x1015 SWAP1 SWAP2 SWAP1 PUSH4 0xFFFFFFFF AND JUMP JUMPDEST PUSH1 0x0 DUP1 DUP6 PUSH20 0xFFFFFFFFFFFFFFFFFFFFFFFFFFFFFFFFFFFFFFFF AND PUSH20 0xFFFFFFFFFFFFFFFFFFFFFFFFFFFFFFFFFFFFFFFF AND DUP2 MSTORE PUSH1 0x20 ADD SWAP1 DUP2 MSTORE PUSH1 0x20 ADD PUSH1 0x0 KECCAK256 DUP2 SWAP1 SSTORE POP DUP3 PUSH20 0xFFFFFFFFFFFFFFFFFFFFFFFFFFFFFFFFFFFFFFFF AND CALLER PUSH20 0xFFFFFFFFFFFFFFFFFFFFFFFFFFFFFFFFFFFFFFFF AND PUSH32 0xDDF252AD1BE2C89B69C2B068FC378DAA952BA7F163C4A11628F55A4DF523B3EF DUP5 PUSH1 0x40 MLOAD DUP1 DUP3 DUP2 MSTORE PUSH1 0x20 ADD SWAP2 POP POP PUSH1 0x40 MLOAD DUP1 SWAP2 SUB SWAP1 LOG3 PUSH1 0x1 SWAP1 POP SWAP3 SWAP2 POP POP JUMP JUMPDEST PUSH1 0x0 PUSH1 0x1 PUSH1 0x0 DUP5 PUSH20 0xFFFFFFFFFFFFFFFFFFFFFFFFFFFFFFFFFFFFFFFF AND PUSH20 0xFFFFFFFFFFFFFFFFFFFFFFFFFFFFFFFFFFFFFFFF AND DUP2 MSTORE PUSH1 0x20 ADD SWAP1 DUP2 MSTORE PUSH1 0x20 ADD PUSH1 0x0 KECCAK256 PUSH1 0x0 DUP4 PUSH20 0xFFFFFFFFFFFFFFFFFFFFFFFFFFFFFFFFFFFFFFFF AND PUSH20 0xFFFFFFFFFFFFFFFFFFFFFFFFFFFFFFFFFFFFFFFF AND DUP2 MSTORE PUSH1 0x20 ADD SWAP1 DUP2 MSTORE PUSH1 0x20 ADD PUSH1 0x0 KECCAK256 SLOAD SWAP1 POP SWAP3 SWAP2 POP POP JUMP JUMPDEST PUSH1 0x0 DUP1 DUP4 DUP4 GT ISZERO ISZERO ISZERO PUSH2 0x1006 JUMPI PUSH1 0x0 DUP1 REVERT JUMPDEST DUP3 DUP5 SUB SWAP1 POP DUP1 SWAP2 POP POP SWAP3 SWAP2 POP POP JUMP JUMPDEST PUSH1 0x0 DUP1 DUP3 DUP5 ADD SWAP1 POP DUP4 DUP2 LT ISZERO ISZERO ISZERO PUSH2 0x102C JUMPI PUSH1 0x0 DUP1 REVERT JUMPDEST DUP1 SWAP2 POP POP SWAP3 SWAP2 POP POP JUMP STOP LOG1 PUSH6 0x627A7A723058 KECCAK256 0x47 DUP13 0xdb SWAP14 SWAP4 PUSH19 0x26A1455D4D78DE3ADA06929FF1230EAA4DCF4E 0x21 0xc8 PUSH14 0xE4C3BDC500290000000000000000
0,PUSH1 0x80 PUSH1 0x40 MSTORE CALLVALUE DUP1 ISZERO PUSH2 0x10 JUMPI PUSH1 0x0 DUP1 REVERT JUMPDEST POP PUSH2 0x605 DUP1 PUSH2 0x20 PUSH1 0x0 CODECOPY PUSH1 0x0 RETURN STOP PUSH1 0x80 PUSH1 0x40 MSTORE PUSH1 0x4 CALLDATASIZE LT PUSH2 0x6D JUMPI PUSH1 0x0 CALLDATALOAD PUSH29 0x100000000000000000000000000000000000000000000000000000000 SWAP1 DIV PUSH4 0xFFFFFFFF AND DUP1 PUSH4 0x9155B01A EQ PUSH2 0x72 JUMPI DUP1 PUSH4 0x9918925D EQ PUSH2 0xB1 JUMPI DUP1 PUSH4 0xC7508EC7 EQ PUSH2 0x110 JUMPI DUP1 PUSH4 0xE1661EFF EQ PUSH2 0x181 JUMPI DUP1 PUSH4 0xE6D970AA EQ PUSH2 0x20E JUMPI JUMPDEST PUSH1 0x0 DUP1 REVERT JUMPDEST CALLVALUE DUP1 ISZERO PUSH2 0x7E JUMPI PUSH1 0x0 DUP1 REVERT JUMPDEST POP PUSH2 0xAF PUSH1 0x4 DUP1 CALLDATASIZE SUB DUP2 ADD SWAP1 DUP1 DUP1 CALLDATALOAD PUSH1 0x0 NOT AND SWAP1 PUSH1 0x20 ADD SWAP1 SWAP3 SWAP2 SWAP1 DUP1 CALLDATALOAD PUSH1 0x0 NOT AND SWAP1 PUSH1 0x20 ADD SWAP1 SWAP3 SWAP2 SWAP1 POP POP POP PUSH2 0x29B JUMP JUMPDEST STOP JUMPDEST CALLVALUE DUP1 ISZERO PUSH2 0xBD JUMPI PUSH1 0x0 DUP1 REVERT JUMPDEST POP PUSH2 0x10E PUSH1 0x4 DUP1 CALLDATASIZE SUB DUP2 ADD SWAP1 DUP1 DUP1 CALLDATALOAD PUSH20 0xFFFFFFFFFFFFFFFFFFFFFFFFFFFFFFFFFFFFFFFF AND SWAP1 PUSH1 0x20 ADD SWAP1 SWAP3 SWAP2 SWAP1 DUP1 CALLDATALOAD PUSH1 0x0 NOT AND SWAP1 PUSH1 0x20 ADD SWAP1 SWAP3 SWAP2 SWAP1 DUP1 CALLDATALOAD PUSH1 0x0 NOT AND SWAP1 PUSH1 0x20 ADD SWAP1 SWAP3 SWAP2 SWAP1 POP POP POP PUSH2 0x2AA JUMP JUMPDEST STOP JUMPDEST CALLVALUE DUP1 ISZERO PUSH2 0x11C JUMPI PUSH1 0x0 DUP1 REVERT JUMPDEST POP PUSH2 0x17F PUSH1 0x4 DUP1 CALLDATASIZE SUB DUP2 ADD SWAP1 DUP1 DUP1 CALLDATALOAD PUSH20 0xFFFFFFFFFFFFFFFFFFFFFFFFFFFFFFFFFFFFFFFF AND SWAP1 PUSH1 0x20 ADD SWAP1 SWAP3 SWAP2 SWAP1 DUP1 CALLDATALOAD PUSH20 0xFFFFFFFFFFFFFFFFFFFFFFFFFFFFFFFFFFFFFFFF AND SWAP1 PUSH1 0x20 ADD SWAP1 SWAP3 SWAP2 SWAP1 DUP1 CALLDATALOAD PUSH1 0x0 NOT AND SWAP1 PUSH1 0x20 ADD SWAP1 SWAP3 SWAP2 SWAP1 POP POP POP PUSH2 0x3C6 JUMP JUMPDEST STOP JUMPDEST CALLVALUE DUP1 ISZERO PUSH2 0x18D JUMPI PUSH1 0x0 DUP1 REVERT JUMPDEST POP PUSH2 0x1F0 PUSH1 0x4 DUP1 CALLDATASIZE SUB DUP2 ADD SWAP1 DUP1 DUP1 CALLDATALOAD PUSH20 0xFFFFFFFFFFFFFFFFFFFFFFFFFFFFFFFFFFFFFFFF AND SWAP1 PUSH1 0x20 ADD SWAP1 SWAP3 SWAP2 SWAP1 DUP1 CALLDATALOAD PUSH20 0xFFFFFFFFFFFFFFFFFFFFFFFFFFFFFFFFFFFFFFFF AND SWAP1 PUSH1 0x20 ADD SWAP1 SWAP3 SWAP2 SWAP1 DUP1 CALLDATALOAD PUSH1 0x0 NOT AND SWAP1 PUSH1 0x20 ADD SWAP1 SWAP3 SWAP2 SWAP1 POP POP POP PUSH2 0x507 JUMP JUMPDEST PUSH1 0x40 MLOAD DUP1 DUP3 PUSH1 0x0 NOT AND PUSH1 0x0 NOT AND DUP2 MSTORE PUSH1 0x20 ADD SWAP2 POP POP PUSH1 0x40 MLOAD DUP1 SWAP2 SUB SWAP1 RETURN JUMPDEST CALLVALUE DUP1 ISZERO PUSH2 0x21A JUMPI PUSH1 0x0 DUP1 REVERT JUMPDEST POP PUSH2 0x27D PUSH1 0x4 DUP1 CALLDATASIZE SUB DUP2 ADD SWAP1 DUP1 DUP1 CALLDATALOAD PUSH20 0xFFFFFFFFFFFFFFFFFFFFFFFFFFFFFFFFFFFFFFFF AND SWAP1 PUSH1 0x20 ADD SWAP1 SWAP3 SWAP2 SWAP1 DUP1 CALLDATALOAD PUSH20 0xFFFFFFFFFFFFFFFFFFFFFFFFFFFFFFFFFFFFFFFF AND SWAP1 PUSH1 0x20 ADD SWAP1 SWAP3 SWAP2 SWAP1 DUP1 CALLDATALOAD PUSH1 0x0 NOT AND SWAP1 PUSH1 0x20 ADD SWAP1 SWAP3 SWAP2 SWAP1 POP POP POP PUSH2 0x5A7 JUMP JUMPDEST PUSH1 0x40 MLOAD DUP1 DUP3 PUSH1 0x0 NOT AND PUSH1 0x0 NOT AND DUP2 MSTORE PUSH1 0x20 ADD SWAP2 POP POP PUSH1 0x40 MLOAD DUP1 SWAP2 SUB SWAP1 RETURN JUMPDEST PUSH2 0x2A6 CALLER DUP4 DUP4 PUSH2 0x2AA JUMP JUMPDEST POP POP JUMP JUMPDEST DUP1 PUSH1 0x0 DUP1 CALLER PUSH20 0xFFFFFFFFFFFFFFFFFFFFFFFFFFFFFFFFFFFFFFFF AND PUSH20 0xFFFFFFFFFFFFFFFFFFFFFFFFFFFFFFFFFFFFFFFF AND DUP2 MSTORE PUSH1 0x20 ADD SWAP1 DUP2 MSTORE PUSH1 0x20 ADD PUSH1 0x0 KECCAK256 PUSH1 0x0 DUP6 PUSH20 0xFFFFFFFFFFFFFFFFFFFFFFFFFFFFFFFFFFFFFFFF AND PUSH20 0xFFFFFFFFFFFFFFFFFFFFFFFFFFFFFFFFFFFFFFFF AND DUP2 MSTORE PUSH1 0x20 ADD SWAP1 DUP2 MSTORE PUSH1 0x20 ADD PUSH1 0x0 KECCAK256 PUSH1 0x0 DUP5 PUSH1 0x0 NOT AND PUSH1 0x0 NOT AND DUP2 MSTORE PUSH1 0x20 ADD SWAP1 DUP2 MSTORE PUSH1 0x20 ADD PUSH1 0x0 KECCAK256 DUP2 PUSH1 0x0 NOT AND SWAP1 SSTORE POP DUP2 PUSH1 0x0 NOT AND DUP4 PUSH20 0xFFFFFFFFFFFFFFFFFFFFFFFFFFFFFFFFFFFFFFFF AND CALLER PUSH20 0xFFFFFFFFFFFFFFFFFFFFFFFFFFFFFFFFFFFFFFFF AND PUSH32 0x8C9F893548E8429F9352ABA6698E6F4DCA2E390604F6E8C5881A7A505D94AE50 DUP5 TIMESTAMP PUSH1 0x40 MLOAD DUP1 DUP4 PUSH1 0x0 NOT AND PUSH1 0x0 NOT AND DUP2 MSTORE PUSH1 0x20 ADD DUP3 DUP2 MSTORE PUSH1 0x20 ADD SWAP3 POP POP POP PUSH1 0x40 MLOAD DUP1 SWAP2 SUB SWAP1 LOG4 POP POP POP JUMP JUMPDEST DUP3 PUSH20 0xFFFFFFFFFFFFFFFFFFFFFFFFFFFFFFFFFFFFFFFF AND CALLER PUSH20 0xFFFFFFFFFFFFFFFFFFFFFFFFFFFFFFFFFFFFFFFF AND EQ ISZERO ISZERO PUSH2 0x400 JUMPI PUSH1 0x0 DUP1 REVERT JUMPDEST PUSH1 0x0 DUP1 DUP5 PUSH20 0xFFFFFFFFFFFFFFFFFFFFFFFFFFFFFFFFFFFFFFFF AND PUSH20 0xFFFFFFFFFFFFFFFFFFFFFFFFFFFFFFFFFFFFFFFF AND DUP2 MSTORE PUSH1 0x20 ADD SWAP1 DUP2 MSTORE PUSH1 0x20 ADD PUSH1 0x0 KECCAK256 PUSH1 0x0 DUP4 PUSH20 0xFFFFFFFFFFFFFFFFFFFFFFFFFFFFFFFFFFFFFFFF AND PUSH20 0xFFFFFFFFFFFFFFFFFFFFFFFFFFFFFFFFFFFFFFFF AND DUP2 MSTORE PUSH1 0x20 ADD SWAP1 DUP2 MSTORE PUSH1 0x20 ADD PUSH1 0x0 KECCAK256 PUSH1 0x0 DUP3 PUSH1 0x0 NOT AND PUSH1 0x0 NOT AND DUP2 MSTORE PUSH1 0x20 ADD SWAP1 DUP2 MSTORE PUSH1 0x20 ADD PUSH1 0x0 KECCAK256 PUSH1 0x0 SWAP1 SSTORE DUP1 PUSH1 0x0 NOT AND DUP3 PUSH20 0xFFFFFFFFFFFFFFFFFFFFFFFFFFFFFFFFFFFFFFFF AND CALLER PUSH20 0xFFFFFFFFFFFFFFFFFFFFFFFFFFFFFFFFFFFFFFFF AND PUSH32 0x7BC046EF9F2FCCD4C99778D7E0FBED67DDB16E63E1A266894769DE9516B8039A TIMESTAMP PUSH1 0x40 MLOAD DUP1 DUP3 DUP2 MSTORE PUSH1 0x20 ADD SWAP2 POP POP PUSH1 0x40 MLOAD DUP1 SWAP2 SUB SWAP1 LOG4 POP POP POP JUMP JUMPDEST PUSH1 0x0 DUP1 PUSH1 0x0 DUP6 PUSH20 0xFFFFFFFFFFFFFFFFFFFFFFFFFFFFFFFFFFFFFFFF AND PUSH20 0xFFFFFFFFFFFFFFFFFFFFFFFFFFFFFFFFFFFFFFFF AND DUP2 MSTORE PUSH1 0x20 ADD SWAP1 DUP2 MSTORE PUSH1 0x20 ADD PUSH1 0x0 KECCAK256 PUSH1 0x0 DUP5 PUSH20 0xFFFFFFFFFFFFFFFFFFFFFFFFFFFFFFFFFFFFFFFF AND PUSH20 0xFFFFFFFFFFFFFFFFFFFFFFFFFFFFFFFFFFFFFFFF AND DUP2 MSTORE PUSH1 0x20 ADD SWAP1 DUP2 MSTORE PUSH1 0x20 ADD PUSH1 0x0 KECCAK256 PUSH1 0x0 DUP4 PUSH1 0x0 NOT AND PUSH1 0x0 NOT AND DUP2 MSTORE PUSH1 0x20 ADD SWAP1 DUP2 MSTORE PUSH1 0x20 ADD PUSH1 0x0 KECCAK256 SLOAD SWAP1 POP SWAP4 SWAP3 POP POP POP JUMP JUMPDEST PUSH1 0x0 PUSH1 0x20 MSTORE DUP3 PUSH1 0x0 MSTORE PUSH1 0x40 PUSH1 0x0 KECCAK256 PUSH1 0x20 MSTORE DUP2 PUSH1 0x0 MSTORE PUSH1 0x40 PUSH1 0x0 KECCAK256 PUSH1 0x20 MSTORE DUP1 PUSH1 0x0 MSTORE PUSH1 0x40 PUSH1 0x0 KECCAK256 PUSH1 0x0 SWAP3 POP SWAP3 POP POP POP SLOAD DUP2 JUMP STOP LOG1 PUSH6 0x627A7A723058 KECCAK256 SDIV SWAP15 MSTORE COINBASE 0xef 0xb5 0xb4 DUP7 NUMBER 0x29 0xb6 0x2e 0xc9 0xab LOG0 0xae 0x46 ADD LOG2 JUMPI LOG0 0xc5 0x26 0xe SWAP15 DUP14 0xcb DUP6 SUB 0xca SLOAD PUSH28 0x290000000000000000000000000000000000000000000000000000
0,PUSH1 0x80 PUSH1 0x40 MSTORE CALLER PUSH1 0x0 DUP1 PUSH2 0x100 EXP DUP2 SLOAD DUP2 PUSH20 0xFFFFFFFFFFFFFFFFFFFFFFFFFFFFFFFFFFFFFFFF MUL NOT AND SWAP1 DUP4 PUSH20 0xFFFFFFFFFFFFFFFFFFFFFFFFFFFFFFFFFFFFFFFF AND MUL OR SWAP1 SSTORE POP PUSH2 0x9A2 DUP1 PUSH2 0x53 PUSH1 0x0 CODECOPY PUSH1 0x0 RETURN STOP PUSH1 0x80 PUSH1 0x40 MSTORE PUSH1 0x4 CALLDATASIZE LT PUSH2 0x99 JUMPI PUSH1 0x0 CALLDATALOAD PUSH29 0x100000000000000000000000000000000000000000000000000000000 SWAP1 DIV PUSH4 0xFFFFFFFF AND DUP1 PUSH4 0x3F4BA83A EQ PUSH2 0x9E JUMPI DUP1 PUSH4 0x5C975ABB EQ PUSH2 0xB5 JUMPI DUP1 PUSH4 0x715018A6 EQ PUSH2 0xE4 JUMPI DUP1 PUSH4 0x75E3661E EQ PUSH2 0xFB JUMPI DUP1 PUSH4 0x8456CB59 EQ PUSH2 0x13E JUMPI DUP1 PUSH4 0x8DA5CB5B EQ PUSH2 0x155 JUMPI DUP1 PUSH4 0xF2FDE38B EQ PUSH2 0x1AC JUMPI DUP1 PUSH4 0xF9F92BE4 EQ PUSH2 0x1EF JUMPI DUP1 PUSH4 0xFE575A87 EQ PUSH2 0x232 JUMPI JUMPDEST PUSH1 0x0 DUP1 REVERT JUMPDEST CALLVALUE DUP1 ISZERO PUSH2 0xAA JUMPI PUSH1 0x0 DUP1 REVERT JUMPDEST POP PUSH2 0xB3 PUSH2 0x28D JUMP JUMPDEST STOP JUMPDEST CALLVALUE DUP1 ISZERO PUSH2 0xC1 JUMPI PUSH1 0x0 DUP1 REVERT JUMPDEST POP PUSH2 0xCA PUSH2 0x367 JUMP JUMPDEST PUSH1 0x40 MLOAD DUP1 DUP3 ISZERO ISZERO ISZERO ISZERO DUP2 MSTORE PUSH1 0x20 ADD SWAP2 POP POP PUSH1 0x40 MLOAD DUP1 SWAP2 SUB SWAP1 RETURN JUMPDEST CALLVALUE DUP1 ISZERO PUSH2 0xF0 JUMPI PUSH1 0x0 DUP1 REVERT JUMPDEST POP PUSH2 0xF9 PUSH2 0x37D JUMP JUMPDEST STOP JUMPDEST CALLVALUE DUP1 ISZERO PUSH2 0x107 JUMPI PUSH1 0x0 DUP1 REVERT JUMPDEST POP PUSH2 0x13C PUSH1 0x4 DUP1 CALLDATASIZE SUB DUP2 ADD SWAP1 DUP1 DUP1 CALLDATALOAD PUSH20 0xFFFFFFFFFFFFFFFFFFFFFFFFFFFFFFFFFFFFFFFF AND SWAP1 PUSH1 0x20 ADD SWAP1 SWAP3 SWAP2 SWAP1 POP POP POP PUSH2 0x496 JUMP JUMPDEST STOP JUMPDEST CALLVALUE DUP1 ISZERO PUSH2 0x14A JUMPI PUSH1 0x0 DUP1 REVERT JUMPDEST POP PUSH2 0x153 PUSH2 0x5AB JUMP JUMPDEST STOP JUMPDEST CALLVALUE DUP1 ISZERO PUSH2 0x161 JUMPI PUSH1 0x0 DUP1 REVERT JUMPDEST POP PUSH2 0x16A PUSH2 0x686 JUMP JUMPDEST PUSH1 0x40 MLOAD DUP1 DUP3 PUSH20 0xFFFFFFFFFFFFFFFFFFFFFFFFFFFFFFFFFFFFFFFF AND PUSH20 0xFFFFFFFFFFFFFFFFFFFFFFFFFFFFFFFFFFFFFFFF AND DUP2 MSTORE PUSH1 0x20 ADD SWAP2 POP POP PUSH1 0x40 MLOAD DUP1 SWAP2 SUB SWAP1 RETURN JUMPDEST CALLVALUE DUP1 ISZERO PUSH2 0x1B8 JUMPI PUSH1 0x0 DUP1 REVERT JUMPDEST POP PUSH2 0x1ED PUSH1 0x4 DUP1 CALLDATASIZE SUB DUP2 ADD SWAP1 DUP1 DUP1 CALLDATALOAD PUSH20 0xFFFFFFFFFFFFFFFFFFFFFFFFFFFFFFFFFFFFFFFF AND SWAP1 PUSH1 0x20 ADD SWAP1 SWAP3 SWAP2 SWAP1 POP POP POP PUSH2 0x6AB JUMP JUMPDEST STOP JUMPDEST CALLVALUE DUP1 ISZERO PUSH2 0x1FB JUMPI PUSH1 0x0 DUP1 REVERT JUMPDEST POP PUSH2 0x230 PUSH1 0x4 DUP1 CALLDATASIZE SUB DUP2 ADD SWAP1 DUP1 DUP1 CALLDATALOAD PUSH20 0xFFFFFFFFFFFFFFFFFFFFFFFFFFFFFFFFFFFFFFFF AND SWAP1 PUSH1 0x20 ADD SWAP1 SWAP3 SWAP2 SWAP1 POP POP POP PUSH2 0x712 JUMP JUMPDEST STOP JUMPDEST CALLVALUE DUP1 ISZERO PUSH2 0x23E JUMPI PUSH1 0x0 DUP1 REVERT JUMPDEST POP PUSH2 0x273 PUSH1 0x4 DUP1 CALLDATASIZE SUB DUP2 ADD SWAP1 DUP1 DUP1 CALLDATALOAD PUSH20 0xFFFFFFFFFFFFFFFFFFFFFFFFFFFFFFFFFFFFFFFF AND SWAP1 PUSH1 0x20 ADD SWAP1 SWAP3 SWAP2 SWAP1 POP POP POP PUSH2 0x826 JUMP JUMPDEST PUSH1 0x40 MLOAD DUP1 DUP3 ISZERO ISZERO ISZERO ISZERO DUP2 MSTORE PUSH1 0x20 ADD SWAP2 POP POP PUSH1 0x40 MLOAD DUP1 SWAP2 SUB SWAP1 RETURN JUMPDEST PUSH1 0x0 DUP1 SWAP1 SLOAD SWAP1 PUSH2 0x100 EXP SWAP1 DIV PUSH20 0xFFFFFFFFFFFFFFFFFFFFFFFFFFFFFFFFFFFFFFFF AND PUSH20 0xFFFFFFFFFFFFFFFFFFFFFFFFFFFFFFFFFFFFFFFF AND CALLER PUSH20 0xFFFFFFFFFFFFFFFFFFFFFFFFFFFFFFFFFFFFFFFF AND EQ ISZERO ISZERO PUSH2 0x2E8 JUMPI PUSH1 0x0 DUP1 REVERT JUMPDEST PUSH1 0x0 DUP1 PUSH1 0x14 PUSH2 0x100 EXP DUP2 SLOAD DUP2 PUSH1 0xFF MUL NOT AND SWAP1 DUP4 ISZERO ISZERO MUL OR SWAP1 SSTORE POP PUSH32 0x5DB9EE0A495BF2E6FF9C91A7834C1BA4FDD244A5E8AA4E537BD38AEAE4B073AA CALLER PUSH1 0x40 MLOAD DUP1 DUP3 PUSH20 0xFFFFFFFFFFFFFFFFFFFFFFFFFFFFFFFFFFFFFFFF AND PUSH20 0xFFFFFFFFFFFFFFFFFFFFFFFFFFFFFFFFFFFFFFFF AND DUP2 MSTORE PUSH1 0x20 ADD SWAP2 POP POP PUSH1 0x40 MLOAD DUP1 SWAP2 SUB SWAP1 LOG1 JUMP JUMPDEST PUSH1 0x0 DUP1 PUSH1 0x14 SWAP1 SLOAD SWAP1 PUSH2 0x100 EXP SWAP1 DIV PUSH1 0xFF AND SWAP1 POP SWAP1 JUMP JUMPDEST PUSH1 0x0 DUP1 SWAP1 SLOAD SWAP1 PUSH2 0x100 EXP SWAP1 DIV PUSH20 0xFFFFFFFFFFFFFFFFFFFFFFFFFFFFFFFFFFFFFFFF AND PUSH20 0xFFFFFFFFFFFFFFFFFFFFFFFFFFFFFFFFFFFFFFFF AND CALLER PUSH20 0xFFFFFFFFFFFFFFFFFFFFFFFFFFFFFFFFFFFFFFFF AND EQ ISZERO ISZERO PUSH2 0x3D8 JUMPI PUSH1 0x0 DUP1 REVERT JUMPDEST PUSH1 0x0 DUP1 PUSH1 0x0 PUSH2 0x100 EXP DUP2 SLOAD DUP2 PUSH20 0xFFFFFFFFFFFFFFFFFFFFFFFFFFFFFFFFFFFFFFFF MUL NOT AND SWAP1 DUP4 PUSH20 0xFFFFFFFFFFFFFFFFFFFFFFFFFFFFFFFFFFFFFFFF AND MUL OR SWAP1 SSTORE POP PUSH1 0x0 DUP1 SWAP1 SLOAD SWAP1 PUSH2 0x100 EXP SWAP1 DIV PUSH20 0xFFFFFFFFFFFFFFFFFFFFFFFFFFFFFFFFFFFFFFFF AND PUSH20 0xFFFFFFFFFFFFFFFFFFFFFFFFFFFFFFFFFFFFFFFF AND CALLER PUSH20 0xFFFFFFFFFFFFFFFFFFFFFFFFFFFFFFFFFFFFFFFF AND PUSH32 0x8BE0079C531659141344CD1FD0A4F28419497F9722A3DAAFE3B4186F6B6457E0 PUSH1 0x40 MLOAD PUSH1 0x40 MLOAD DUP1 SWAP2 SUB SWAP1 LOG3 JUMP JUMPDEST PUSH1 0x0 DUP1 SWAP1 SLOAD SWAP1 PUSH2 0x100 EXP SWAP1 DIV PUSH20 0xFFFFFFFFFFFFFFFFFFFFFFFFFFFFFFFFFFFFFFFF AND PUSH20 0xFFFFFFFFFFFFFFFFFFFFFFFFFFFFFFFFFFFFFFFF AND CALLER PUSH20 0xFFFFFFFFFFFFFFFFFFFFFFFFFFFFFFFFFFFFFFFF AND EQ ISZERO ISZERO PUSH2 0x4F1 JUMPI PUSH1 0x0 DUP1 REVERT JUMPDEST PUSH1 0x0 PUSH1 0x14 SWAP1 SLOAD SWAP1 PUSH2 0x100 EXP SWAP1 DIV PUSH1 0xFF AND ISZERO ISZERO ISZERO PUSH2 0x50D JUMPI PUSH1 0x0 DUP1 REVERT JUMPDEST PUSH1 0x0 PUSH1 0x1 PUSH1 0x0 DUP4 PUSH20 0xFFFFFFFFFFFFFFFFFFFFFFFFFFFFFFFFFFFFFFFF AND PUSH20 0xFFFFFFFFFFFFFFFFFFFFFFFFFFFFFFFFFFFFFFFF AND DUP2 MSTORE PUSH1 0x20 ADD SWAP1 DUP2 MSTORE PUSH1 0x20 ADD PUSH1 0x0 KECCAK256 PUSH1 0x0 PUSH2 0x100 EXP DUP2 SLOAD DUP2 PUSH1 0xFF MUL NOT AND SWAP1 DUP4 ISZERO ISZERO MUL OR SWAP1 SSTORE POP DUP1 PUSH20 0xFFFFFFFFFFFFFFFFFFFFFFFFFFFFFFFFFFFFFFFF AND PUSH32 0x7534C63860313C46C473E4E98328F37017E9674E2162FAF1A3AD7A96236C3B7B PUSH1 0x40 MLOAD PUSH1 0x40 MLOAD DUP1 SWAP2 SUB SWAP1 LOG2 POP JUMP JUMPDEST PUSH1 0x0 DUP1 SWAP1 SLOAD SWAP1 PUSH2 0x100 EXP SWAP1 DIV PUSH20 0xFFFFFFFFFFFFFFFFFFFFFFFFFFFFFFFFFFFFFFFF AND PUSH20 0xFFFFFFFFFFFFFFFFFFFFFFFFFFFFFFFFFFFFFFFF AND CALLER PUSH20 0xFFFFFFFFFFFFFFFFFFFFFFFFFFFFFFFFFFFFFFFF AND EQ ISZERO ISZERO PUSH2 0x606 JUMPI PUSH1 0x0 DUP1 REVERT JUMPDEST PUSH1 0x1 PUSH1 0x0 PUSH1 0x14 PUSH2 0x100 EXP DUP2 SLOAD DUP2 PUSH1 0xFF MUL NOT AND SWAP1 DUP4 ISZERO ISZERO MUL OR SWAP1 SSTORE POP PUSH32 0x62E78CEA01BEE320CD4E420270B5EA74000D11B0C9F74754EBDBFC544B05A258 CALLER PUSH1 0x40 MLOAD DUP1 DUP3 PUSH20 0xFFFFFFFFFFFFFFFFFFFFFFFFFFFFFFFFFFFFFFFF AND PUSH20 0xFFFFFFFFFFFFFFFFFFFFFFFFFFFFFFFFFFFFFFFF AND DUP2 MSTORE PUSH1 0x20 ADD SWAP2 POP POP PUSH1 0x40 MLOAD DUP1 SWAP2 SUB SWAP1 LOG1 JUMP JUMPDEST PUSH1 0x0 DUP1 SWAP1 SLOAD SWAP1 PUSH2 0x100 EXP SWAP1 DIV PUSH20 0xFFFFFFFFFFFFFFFFFFFFFFFFFFFFFFFFFFFFFFFF AND DUP2 JUMP JUMPDEST PUSH1 0x0 DUP1 SWAP1 SLOAD SWAP1 PUSH2 0x100 EXP SWAP1 DIV PUSH20 0xFFFFFFFFFFFFFFFFFFFFFFFFFFFFFFFFFFFFFFFF AND PUSH20 0xFFFFFFFFFFFFFFFFFFFFFFFFFFFFFFFFFFFFFFFF AND CALLER PUSH20 0xFFFFFFFFFFFFFFFFFFFFFFFFFFFFFFFFFFFFFFFF AND EQ ISZERO ISZERO PUSH2 0x706 JUMPI PUSH1 0x0 DUP1 REVERT JUMPDEST PUSH2 0x70F DUP2 PUSH2 0x87C JUMP JUMPDEST POP JUMP JUMPDEST PUSH1 0x0 DUP1 SWAP1 SLOAD SWAP1 PUSH2 0x100 EXP SWAP1 DIV PUSH20 0xFFFFFFFFFFFFFFFFFFFFFFFFFFFFFFFFFFFFFFFF AND PUSH20 0xFFFFFFFFFFFFFFFFFFFFFFFFFFFFFFFFFFFFFFFF AND CALLER PUSH20 0xFFFFFFFFFFFFFFFFFFFFFFFFFFFFFFFFFFFFFFFF AND EQ ISZERO ISZERO PUSH2 0x76D JUMPI PUSH1 0x0 DUP1 REVERT JUMPDEST PUSH1 0x0 PUSH1 0x14 SWAP1 SLOAD SWAP1 PUSH2 0x100 EXP SWAP1 DIV PUSH1 0xFF AND ISZERO ISZERO ISZERO PUSH2 0x789 JUMPI PUSH1 0x0 DUP1 REVERT JUMPDEST PUSH1 0x1 DUP1 PUSH1 0x0 DUP4 PUSH20 0xFFFFFFFFFFFFFFFFFFFFFFFFFFFFFFFFFFFFFFFF AND PUSH20 0xFFFFFFFFFFFFFFFFFFFFFFFFFFFFFFFFFFFFFFFF AND DUP2 MSTORE PUSH1 0x20 ADD SWAP1 DUP2 MSTORE PUSH1 0x20 ADD PUSH1 0x0 KECCAK256 PUSH1 0x0 PUSH2 0x100 EXP DUP2 SLOAD DUP2 PUSH1 0xFF MUL NOT AND SWAP1 DUP4 ISZERO ISZERO MUL OR SWAP1 SSTORE POP DUP1 PUSH20 0xFFFFFFFFFFFFFFFFFFFFFFFFFFFFFFFFFFFFFFFF AND PUSH32 0xFFA4E6181777692565CF28528FC88FD1516EA86B56DA075235FA575AF6A4B855 PUSH1 0x40 MLOAD PUSH1 0x40 MLOAD DUP1 SWAP2 SUB SWAP1 LOG2 POP JUMP JUMPDEST PUSH1 0x0 PUSH1 0x1 PUSH1 0x0 DUP4 PUSH20 0xFFFFFFFFFFFFFFFFFFFFFFFFFFFFFFFFFFFFFFFF AND PUSH20 0xFFFFFFFFFFFFFFFFFFFFFFFFFFFFFFFFFFFFFFFF AND DUP2 MSTORE PUSH1 0x20 ADD SWAP1 DUP2 MSTORE PUSH1 0x20 ADD PUSH1 0x0 KECCAK256 PUSH1 0x0 SWAP1 SLOAD SWAP1 PUSH2 0x100 EXP SWAP1 DIV PUSH1 0xFF AND SWAP1 POP SWAP2 SWAP1 POP JUMP JUMPDEST PUSH1 0x0 PUSH20 0xFFFFFFFFFFFFFFFFFFFFFFFFFFFFFFFFFFFFFFFF AND DUP2 PUSH20 0xFFFFFFFFFFFFFFFFFFFFFFFFFFFFFFFFFFFFFFFF AND EQ ISZERO ISZERO ISZERO PUSH2 0x8B8 JUMPI PUSH1 0x0 DUP1 REVERT JUMPDEST DUP1 PUSH1 0x0 DUP1 PUSH2 0x100 EXP DUP2 SLOAD DUP2 PUSH20 0xFFFFFFFFFFFFFFFFFFFFFFFFFFFFFFFFFFFFFFFF MUL NOT AND SWAP1 DUP4 PUSH20 0xFFFFFFFFFFFFFFFFFFFFFFFFFFFFFFFFFFFFFFFF AND MUL OR SWAP1 SSTORE POP DUP1 PUSH20 0xFFFFFFFFFFFFFFFFFFFFFFFFFFFFFFFFFFFFFFFF AND PUSH1 0x0 DUP1 SWAP1 SLOAD SWAP1 PUSH2 0x100 EXP SWAP1 DIV PUSH20 0xFFFFFFFFFFFFFFFFFFFFFFFFFFFFFFFFFFFFFFFF AND PUSH20 0xFFFFFFFFFFFFFFFFFFFFFFFFFFFFFFFFFFFFFFFF AND PUSH32 0x8BE0079C531659141344CD1FD0A4F28419497F9722A3DAAFE3B4186F6B6457E0 PUSH1 0x40 MLOAD PUSH1 0x40 MLOAD DUP1 SWAP2 SUB SWAP1 LOG3 POP JUMP STOP LOG1 PUSH6 0x627A7A723058 KECCAK256 PUSH20 0x7EFDDF4A0CA49D9578540450C3D36E72E7BF0239 0x2f BLOCKHASH 0xe3 PC 0xa8 MOD 0xd5 0xda 0xbc DUP11 XOR STOP 0x29
0,PUSH1 0x80 PUSH1 0x40 MSTORE CALLVALUE DUP1 ISZERO PUSH2 0x10 JUMPI PUSH1 0x0 DUP1 REVERT JUMPDEST POP PUSH2 0x42F DUP1 PUSH2 0x20 PUSH1 0x0 CODECOPY PUSH1 0x0 RETURN STOP PUSH1 0x80 PUSH1 0x40 MSTORE PUSH1 0x4 CALLDATASIZE LT PUSH2 0x57 JUMPI PUSH1 0x0 CALLDATALOAD PUSH29 0x100000000000000000000000000000000000000000000000000000000 SWAP1 DIV PUSH4 0xFFFFFFFF AND DUP1 PUSH4 0x3F438A00 EQ PUSH2 0x5C JUMPI DUP1 PUSH4 0x7634ED39 EQ PUSH2 0xC5 JUMPI DUP1 PUSH4 0xB75C7DC6 EQ PUSH2 0xF6 JUMPI JUMPDEST PUSH1 0x0 DUP1 REVERT JUMPDEST CALLVALUE DUP1 ISZERO PUSH2 0x68 JUMPI PUSH1 0x0 DUP1 REVERT JUMPDEST POP PUSH2 0xAB PUSH1 0x4 DUP1 CALLDATASIZE SUB DUP2 ADD SWAP1 DUP1 DUP1 CALLDATALOAD PUSH1 0x0 NOT AND SWAP1 PUSH1 0x20 ADD SWAP1 SWAP3 SWAP2 SWAP1 DUP1 CALLDATALOAD PUSH20 0xFFFFFFFFFFFFFFFFFFFFFFFFFFFFFFFFFFFFFFFF AND SWAP1 PUSH1 0x20 ADD SWAP1 SWAP3 SWAP2 SWAP1 POP POP POP PUSH2 0x127 JUMP JUMPDEST PUSH1 0x40 MLOAD DUP1 DUP3 ISZERO ISZERO ISZERO ISZERO DUP2 MSTORE PUSH1 0x20 ADD SWAP2 POP POP PUSH1 0x40 MLOAD DUP1 SWAP2 SUB SWAP1 RETURN JUMPDEST CALLVALUE DUP1 ISZERO PUSH2 0xD1 JUMPI PUSH1 0x0 DUP1 REVERT JUMPDEST POP PUSH2 0xF4 PUSH1 0x4 DUP1 CALLDATASIZE SUB DUP2 ADD SWAP1 DUP1 DUP1 CALLDATALOAD PUSH1 0x0 NOT AND SWAP1 PUSH1 0x20 ADD SWAP1 SWAP3 SWAP2 SWAP1 POP POP POP PUSH2 0x156 JUMP JUMPDEST STOP JUMPDEST CALLVALUE DUP1 ISZERO PUSH2 0x102 JUMPI PUSH1 0x0 DUP1 REVERT JUMPDEST POP PUSH2 0x125 PUSH1 0x4 DUP1 CALLDATASIZE SUB DUP2 ADD SWAP1 DUP1 DUP1 CALLDATALOAD PUSH1 0x0 NOT AND SWAP1 PUSH1 0x20 ADD SWAP1 SWAP3 SWAP2 SWAP1 POP POP POP PUSH2 0x2AD JUMP JUMPDEST STOP JUMPDEST PUSH1 0x0 PUSH1 0x20 MSTORE DUP2 PUSH1 0x0 MSTORE PUSH1 0x40 PUSH1 0x0 KECCAK256 PUSH1 0x20 MSTORE DUP1 PUSH1 0x0 MSTORE PUSH1 0x40 PUSH1 0x0 KECCAK256 PUSH1 0x0 SWAP2 POP SWAP2 POP SWAP1 SLOAD SWAP1 PUSH2 0x100 EXP SWAP1 DIV PUSH1 0xFF AND DUP2 JUMP JUMPDEST PUSH1 0x0 DUP1 DUP3 PUSH1 0x0 NOT AND PUSH1 0x0 NOT AND DUP2 MSTORE PUSH1 0x20 ADD SWAP1 DUP2 MSTORE PUSH1 0x20 ADD PUSH1 0x0 KECCAK256 PUSH1 0x0 CALLER PUSH20 0xFFFFFFFFFFFFFFFFFFFFFFFFFFFFFFFFFFFFFFFF AND PUSH20 0xFFFFFFFFFFFFFFFFFFFFFFFFFFFFFFFFFFFFFFFF AND DUP2 MSTORE PUSH1 0x20 ADD SWAP1 DUP2 MSTORE PUSH1 0x20 ADD PUSH1 0x0 KECCAK256 PUSH1 0x0 SWAP1 SLOAD SWAP1 PUSH2 0x100 EXP SWAP1 DIV PUSH1 0xFF AND ISZERO ISZERO ISZERO PUSH2 0x1C7 JUMPI PUSH1 0x0 DUP1 REVERT JUMPDEST PUSH32 0xC57E4E284D2846113EE611880C8609DD02B2A3B68AE7C09A155E0F174029A5A9 CALLER DUP3 PUSH1 0x40 MLOAD DUP1 DUP4 PUSH20 0xFFFFFFFFFFFFFFFFFFFFFFFFFFFFFFFFFFFFFFFF AND PUSH20 0xFFFFFFFFFFFFFFFFFFFFFFFFFFFFFFFFFFFFFFFF AND DUP2 MSTORE PUSH1 0x20 ADD DUP3 PUSH1 0x0 NOT AND PUSH1 0x0 NOT AND DUP2 MSTORE PUSH1 0x20 ADD SWAP3 POP POP POP PUSH1 0x40 MLOAD DUP1 SWAP2 SUB SWAP1 LOG1 PUSH1 0x1 PUSH1 0x0 DUP1 DUP4 PUSH1 0x0 NOT AND PUSH1 0x0 NOT AND DUP2 MSTORE PUSH1 0x20 ADD SWAP1 DUP2 MSTORE PUSH1 0x20 ADD PUSH1 0x0 KECCAK256 PUSH1 0x0 CALLER PUSH20 0xFFFFFFFFFFFFFFFFFFFFFFFFFFFFFFFFFFFFFFFF AND PUSH20 0xFFFFFFFFFFFFFFFFFFFFFFFFFFFFFFFFFFFFFFFF AND DUP2 MSTORE PUSH1 0x20 ADD SWAP1 DUP2 MSTORE PUSH1 0x20 ADD PUSH1 0x0 KECCAK256 PUSH1 0x0 PUSH2 0x100 EXP DUP2 SLOAD DUP2 PUSH1 0xFF MUL NOT AND SWAP1 DUP4 ISZERO ISZERO MUL OR SWAP1 SSTORE POP POP JUMP JUMPDEST PUSH1 0x0 DUP1 DUP3 PUSH1 0x0 NOT AND PUSH1 0x0 NOT AND DUP2 MSTORE PUSH1 0x20 ADD SWAP1 DUP2 MSTORE PUSH1 0x20 ADD PUSH1 0x0 KECCAK256 PUSH1 0x0 CALLER PUSH20 0xFFFFFFFFFFFFFFFFFFFFFFFFFFFFFFFFFFFFFFFF AND PUSH20 0xFFFFFFFFFFFFFFFFFFFFFFFFFFFFFFFFFFFFFFFF AND DUP2 MSTORE PUSH1 0x20 ADD SWAP1 DUP2 MSTORE PUSH1 0x20 ADD PUSH1 0x0 KECCAK256 PUSH1 0x0 SWAP1 SLOAD SWAP1 PUSH2 0x100 EXP SWAP1 DIV PUSH1 0xFF AND ISZERO ISZERO PUSH2 0x31D JUMPI PUSH1 0x0 DUP1 REVERT JUMPDEST PUSH32 0xC0744329075E55277DA0438E87C6DA6C43118E197AB0397BF1688D0EAAF390C8 CALLER DUP3 PUSH1 0x40 MLOAD DUP1 DUP4 PUSH20 0xFFFFFFFFFFFFFFFFFFFFFFFFFFFFFFFFFFFFFFFF AND PUSH20 0xFFFFFFFFFFFFFFFFFFFFFFFFFFFFFFFFFFFFFFFF AND DUP2 MSTORE PUSH1 0x20 ADD DUP3 PUSH1 0x0 NOT AND PUSH1 0x0 NOT AND DUP2 MSTORE PUSH1 0x20 ADD SWAP3 POP POP POP PUSH1 0x40 MLOAD DUP1 SWAP2 SUB SWAP1 LOG1 PUSH1 0x0 DUP1 PUSH1 0x0 DUP4 PUSH1 0x0 NOT AND PUSH1 0x0 NOT AND DUP2 MSTORE PUSH1 0x20 ADD SWAP1 DUP2 MSTORE PUSH1 0x20 ADD PUSH1 0x0 KECCAK256 PUSH1 0x0 CALLER PUSH20 0xFFFFFFFFFFFFFFFFFFFFFFFFFFFFFFFFFFFFFFFF AND PUSH20 0xFFFFFFFFFFFFFFFFFFFFFFFFFFFFFFFFFFFFFFFF AND DUP2 MSTORE PUSH1 0x20 ADD SWAP1 DUP2 MSTORE PUSH1 0x20 ADD PUSH1 0x0 KECCAK256 PUSH1 0x0 PUSH2 0x100 EXP DUP2 SLOAD DUP2 PUSH1 0xFF MUL NOT AND SWAP1 DUP4 ISZERO ISZERO MUL OR SWAP1 SSTORE POP POP JUMP STOP LOG1 PUSH6 0x627A7A723058 KECCAK256 PUSH19 0xA4D6A7352E00DDFF7245C0DED2ADBA049D3E8A 0x22 0xcb PUSH27 0xA2060895E643D8E170002900000000000000000000000000000000
0,PUSH1 0x80 PUSH1 0x40 MSTORE PUSH1 0x40 DUP1 MLOAD SWAP1 DUP2 ADD PUSH1 0x40 MSTORE DUP1 PUSH1 0x17 DUP2 MSTORE PUSH1 0x20 ADD PUSH32 0x94343445F4B4F484C455F375F32303139303431310909000000000000000000 DUP2 MSTORE POP PUSH1 0x1 SWAP1 DUP1 MLOAD SWAP1 PUSH1 0x20 ADD SWAP1 PUSH2 0x4F SWAP3 SWAP2 SWAP1 PUSH2 0xD9 JUMP JUMPDEST POP PUSH1 0x40 DUP1 MLOAD SWAP1 DUP2 ADD PUSH1 0x40 MSTORE DUP1 PUSH1 0x1D DUP2 MSTORE PUSH1 0x20 ADD PUSH32 0x94343445F4B4F484C455F375F32303139303431315F73756244540909000000 DUP2 MSTORE POP PUSH1 0x2 SWAP1 DUP1 MLOAD SWAP1 PUSH1 0x20 ADD SWAP1 PUSH2 0x9B SWAP3 SWAP2 SWAP1 PUSH2 0xD9 JUMP JUMPDEST POP PUSH1 0x12 PUSH1 0x3 PUSH1 0x0 PUSH2 0x100 EXP DUP2 SLOAD DUP2 PUSH1 0xFF MUL NOT AND SWAP1 DUP4 PUSH1 0xFF AND MUL OR SWAP1 SSTORE POP PUSH11 0x1060D026983FFAA7000000 PUSH1 0x4 SSTORE CALLVALUE DUP1 ISZERO PUSH2 0xD3 JUMPI PUSH1 0x0 DUP1 REVERT JUMPDEST POP PUSH2 0x17E JUMP JUMPDEST DUP3 DUP1 SLOAD PUSH1 0x1 DUP2 PUSH1 0x1 AND ISZERO PUSH2 0x100 MUL SUB AND PUSH1 0x2 SWAP1 DIV SWAP1 PUSH1 0x0 MSTORE PUSH1 0x20 PUSH1 0x0 KECCAK256 SWAP1 PUSH1 0x1F ADD PUSH1 0x20 SWAP1 DIV DUP2 ADD SWAP3 DUP3 PUSH1 0x1F LT PUSH2 0x11A JUMPI DUP1 MLOAD PUSH1 0xFF NOT AND DUP4 DUP1 ADD OR DUP6 SSTORE PUSH2 0x148 JUMP JUMPDEST DUP3 DUP1 ADD PUSH1 0x1 ADD DUP6 SSTORE DUP3 ISZERO PUSH2 0x148 JUMPI SWAP2 DUP3 ADD JUMPDEST DUP3 DUP2 GT ISZERO PUSH2 0x147 JUMPI DUP3 MLOAD DUP3 SSTORE SWAP2 PUSH1 0x20 ADD SWAP2 SWAP1 PUSH1 0x1 ADD SWAP1 PUSH2 0x12C JUMP JUMPDEST JUMPDEST POP SWAP1 POP PUSH2 0x155 SWAP2 SWAP1 PUSH2 0x159 JUMP JUMPDEST POP SWAP1 JUMP JUMPDEST PUSH2 0x17B SWAP2 SWAP1 JUMPDEST DUP1 DUP3 GT ISZERO PUSH2 0x177 JUMPI PUSH1 0x0 DUP2 PUSH1 0x0 SWAP1 SSTORE POP PUSH1 0x1 ADD PUSH2 0x15F JUMP JUMPDEST POP SWAP1 JUMP JUMPDEST SWAP1 JUMP JUMPDEST PUSH2 0xB7A DUP1 PUSH2 0x18D PUSH1 0x0 CODECOPY PUSH1 0x0 RETURN STOP PUSH1 0x80 PUSH1 0x40 MSTORE PUSH1 0x4 CALLDATASIZE LT PUSH2 0xA4 JUMPI PUSH1 0x0 CALLDATALOAD PUSH29 0x100000000000000000000000000000000000000000000000000000000 SWAP1 DIV PUSH4 0xFFFFFFFF AND DUP1 PUSH4 0x6FDDE03 EQ PUSH2 0xA9 JUMPI DUP1 PUSH4 0x95EA7B3 EQ PUSH2 0x139 JUMPI DUP1 PUSH4 0x18160DDD EQ PUSH2 0x19E JUMPI DUP1 PUSH4 0x23B872DD EQ PUSH2 0x1C9 JUMPI DUP1 PUSH4 0x313CE567 EQ PUSH2 0x24E JUMPI DUP1 PUSH4 0x70A08231 EQ PUSH2 0x27F JUMPI DUP1 PUSH4 0x95D89B41 EQ PUSH2 0x2D6 JUMPI DUP1 PUSH4 0xA9059CBB EQ PUSH2 0x366 JUMPI DUP1 PUSH4 0xB5C8F317 EQ PUSH2 0x3CB JUMPI DUP1 PUSH4 0xDD62ED3E EQ PUSH2 0x3E2 JUMPI JUMPDEST PUSH1 0x0 DUP1 REVERT JUMPDEST CALLVALUE DUP1 ISZERO PUSH2 0xB5 JUMPI PUSH1 0x0 DUP1 REVERT JUMPDEST POP PUSH2 0xBE PUSH2 0x459 JUMP JUMPDEST PUSH1 0x40 MLOAD DUP1 DUP1 PUSH1 0x20 ADD DUP3 DUP2 SUB DUP3 MSTORE DUP4 DUP2 DUP2 MLOAD DUP2 MSTORE PUSH1 0x20 ADD SWAP2 POP DUP1 MLOAD SWAP1 PUSH1 0x20 ADD SWAP1 DUP1 DUP4 DUP4 PUSH1 0x0 JUMPDEST DUP4 DUP2 LT ISZERO PUSH2 0xFE JUMPI DUP1 DUP3 ADD MLOAD DUP2 DUP5 ADD MSTORE PUSH1 0x20 DUP2 ADD SWAP1 POP PUSH2 0xE3 JUMP JUMPDEST POP POP POP POP SWAP1 POP SWAP1 DUP2 ADD SWAP1 PUSH1 0x1F AND DUP1 ISZERO PUSH2 0x12B JUMPI DUP1 DUP3 SUB DUP1 MLOAD PUSH1 0x1 DUP4 PUSH1 0x20 SUB PUSH2 0x100 EXP SUB NOT AND DUP2 MSTORE PUSH1 0x20 ADD SWAP2 POP JUMPDEST POP SWAP3 POP POP POP PUSH1 0x40 MLOAD DUP1 SWAP2 SUB SWAP1 RETURN JUMPDEST CALLVALUE DUP1 ISZERO PUSH2 0x145 JUMPI PUSH1 0x0 DUP1 REVERT JUMPDEST POP PUSH2 0x184 PUSH1 0x4 DUP1 CALLDATASIZE SUB DUP2 ADD SWAP1 DUP1 DUP1 CALLDATALOAD PUSH20 0xFFFFFFFFFFFFFFFFFFFFFFFFFFFFFFFFFFFFFFFF AND SWAP1 PUSH1 0x20 ADD SWAP1 SWAP3 SWAP2 SWAP1 DUP1 CALLDATALOAD SWAP1 PUSH1 0x20 ADD SWAP1 SWAP3 SWAP2 SWAP1 POP POP POP PUSH2 0x4F7 JUMP JUMPDEST PUSH1 0x40 MLOAD DUP1 DUP3 ISZERO ISZERO ISZERO ISZERO DUP2 MSTORE PUSH1 0x20 ADD SWAP2 POP POP PUSH1 0x40 MLOAD DUP1 SWAP2 SUB SWAP1 RETURN JUMPDEST CALLVALUE DUP1 ISZERO PUSH2 0x1AA JUMPI PUSH1 0x0 DUP1 REVERT JUMPDEST POP PUSH2 0x1B3 PUSH2 0x5E9 JUMP JUMPDEST PUSH1 0x40 MLOAD DUP1 DUP3 DUP2 MSTORE PUSH1 0x20 ADD SWAP2 POP POP PUSH1 0x40 MLOAD DUP1 SWAP2 SUB SWAP1 RETURN JUMPDEST CALLVALUE DUP1 ISZERO PUSH2 0x1D5 JUMPI PUSH1 0x0 DUP1 REVERT JUMPDEST POP PUSH2 0x234 PUSH1 0x4 DUP1 CALLDATASIZE SUB DUP2 ADD SWAP1 DUP1 DUP1 CALLDATALOAD PUSH20 0xFFFFFFFFFFFFFFFFFFFFFFFFFFFFFFFFFFFFFFFF AND SWAP1 PUSH1 0x20 ADD SWAP1 SWAP3 SWAP2 SWAP1 DUP1 CALLDATALOAD PUSH20 0xFFFFFFFFFFFFFFFFFFFFFFFFFFFFFFFFFFFFFFFF AND SWAP1 PUSH1 0x20 ADD SWAP1 SWAP3 SWAP2 SWAP1 DUP1 CALLDATALOAD SWAP1 PUSH1 0x20 ADD SWAP1 SWAP3 SWAP2 SWAP1 POP POP POP PUSH2 0x5EF JUMP JUMPDEST PUSH1 0x40 MLOAD DUP1 DUP3 ISZERO ISZERO ISZERO ISZERO DUP2 MSTORE PUSH1 0x20 ADD SWAP2 POP POP PUSH1 0x40 MLOAD DUP1 SWAP2 SUB SWAP1 RETURN JUMPDEST CALLVALUE DUP1 ISZERO PUSH2 0x25A JUMPI PUSH1 0x0 DUP1 REVERT JUMPDEST POP PUSH2 0x263 PUSH2 0x85B JUMP JUMPDEST PUSH1 0x40 MLOAD DUP1 DUP3 PUSH1 0xFF AND PUSH1 0xFF AND DUP2 MSTORE PUSH1 0x20 ADD SWAP2 POP POP PUSH1 0x40 MLOAD DUP1 SWAP2 SUB SWAP1 RETURN JUMPDEST CALLVALUE DUP1 ISZERO PUSH2 0x28B JUMPI PUSH1 0x0 DUP1 REVERT JUMPDEST POP PUSH2 0x2C0 PUSH1 0x4 DUP1 CALLDATASIZE SUB DUP2 ADD SWAP1 DUP1 DUP1 CALLDATALOAD PUSH20 0xFFFFFFFFFFFFFFFFFFFFFFFFFFFFFFFFFFFFFFFF AND SWAP1 PUSH1 0x20 ADD SWAP1 SWAP3 SWAP2 SWAP1 POP POP POP PUSH2 0x86E JUMP JUMPDEST PUSH1 0x40 MLOAD DUP1 DUP3 DUP2 MSTORE PUSH1 0x20 ADD SWAP2 POP POP PUSH1 0x40 MLOAD DUP1 SWAP2 SUB SWAP1 RETURN JUMPDEST CALLVALUE DUP1 ISZERO PUSH2 0x2E2 JUMPI PUSH1 0x0 DUP1 REVERT JUMPDEST POP PUSH2 0x2EB PUSH2 0x886 JUMP JUMPDEST PUSH1 0x40 MLOAD DUP1 DUP1 PUSH1 0x20 ADD DUP3 DUP2 SUB DUP3 MSTORE DUP4 DUP2 DUP2 MLOAD DUP2 MSTORE PUSH1 0x20 ADD SWAP2 POP DUP1 MLOAD SWAP1 PUSH1 0x20 ADD SWAP1 DUP1 DUP4 DUP4 PUSH1 0x0 JUMPDEST DUP4 DUP2 LT ISZERO PUSH2 0x32B JUMPI DUP1 DUP3 ADD MLOAD DUP2 DUP5 ADD MSTORE PUSH1 0x20 DUP2 ADD SWAP1 POP PUSH2 0x310 JUMP JUMPDEST POP POP POP POP SWAP1 POP SWAP1 DUP2 ADD SWAP1 PUSH1 0x1F AND DUP1 ISZERO PUSH2 0x358 JUMPI DUP1 DUP3 SUB DUP1 MLOAD PUSH1 0x1 DUP4 PUSH1 0x20 SUB PUSH2 0x100 EXP SUB NOT AND DUP2 MSTORE PUSH1 0x20 ADD SWAP2 POP JUMPDEST POP SWAP3 POP POP POP PUSH1 0x40 MLOAD DUP1 SWAP2 SUB SWAP1 RETURN JUMPDEST CALLVALUE DUP1 ISZERO PUSH2 0x372 JUMPI PUSH1 0x0 DUP1 REVERT JUMPDEST POP PUSH2 0x3B1 PUSH1 0x4 DUP1 CALLDATASIZE SUB DUP2 ADD SWAP1 DUP1 DUP1 CALLDATALOAD PUSH20 0xFFFFFFFFFFFFFFFFFFFFFFFFFFFFFFFFFFFFFFFF AND SWAP1 PUSH1 0x20 ADD SWAP1 SWAP3 SWAP2 SWAP1 DUP1 CALLDATALOAD SWAP1 PUSH1 0x20 ADD SWAP1 SWAP3 SWAP2 SWAP1 POP POP POP PUSH2 0x924 JUMP JUMPDEST PUSH1 0x40 MLOAD DUP1 DUP3 ISZERO ISZERO ISZERO ISZERO DUP2 MSTORE PUSH1 0x20 ADD SWAP2 POP POP PUSH1 0x40 MLOAD DUP1 SWAP2 SUB SWAP1 RETURN JUMPDEST CALLVALUE DUP1 ISZERO PUSH2 0x3D7 JUMPI PUSH1 0x0 DUP1 REVERT JUMPDEST POP PUSH2 0x3E0 PUSH2 0xA7A JUMP JUMPDEST STOP JUMPDEST CALLVALUE DUP1 ISZERO PUSH2 0x3EE JUMPI PUSH1 0x0 DUP1 REVERT JUMPDEST POP PUSH2 0x443 PUSH1 0x4 DUP1 CALLDATASIZE SUB DUP2 ADD SWAP1 DUP1 DUP1 CALLDATALOAD PUSH20 0xFFFFFFFFFFFFFFFFFFFFFFFFFFFFFFFFFFFFFFFF AND SWAP1 PUSH1 0x20 ADD SWAP1 SWAP3 SWAP2 SWAP1 DUP1 CALLDATALOAD PUSH20 0xFFFFFFFFFFFFFFFFFFFFFFFFFFFFFFFFFFFFFFFF AND SWAP1 PUSH1 0x20 ADD SWAP1 SWAP3 SWAP2 SWAP1 POP POP POP PUSH2 0xB29 JUMP JUMPDEST PUSH1 0x40 MLOAD DUP1 DUP3 DUP2 MSTORE PUSH1 0x20 ADD SWAP2 POP POP PUSH1 0x40 MLOAD DUP1 SWAP2 SUB SWAP1 RETURN JUMPDEST PUSH1 0x1 DUP1 SLOAD PUSH1 0x1 DUP2 PUSH1 0x1 AND ISZERO PUSH2 0x100 MUL SUB AND PUSH1 0x2 SWAP1 DIV DUP1 PUSH1 0x1F ADD PUSH1 0x20 DUP1 SWAP2 DIV MUL PUSH1 0x20 ADD PUSH1 0x40 MLOAD SWAP1 DUP2 ADD PUSH1 0x40 MSTORE DUP1 SWAP3 SWAP2 SWAP1 DUP2 DUP2 MSTORE PUSH1 0x20 ADD DUP3 DUP1 SLOAD PUSH1 0x1 DUP2 PUSH1 0x1 AND ISZERO PUSH2 0x100 MUL SUB AND PUSH1 0x2 SWAP1 DIV DUP1 ISZERO PUSH2 0x4EF JUMPI DUP1 PUSH1 0x1F LT PUSH2 0x4C4 JUMPI PUSH2 0x100 DUP1 DUP4 SLOAD DIV MUL DUP4 MSTORE SWAP2 PUSH1 0x20 ADD SWAP2 PUSH2 0x4EF JUMP JUMPDEST DUP3 ADD SWAP2 SWAP1 PUSH1 0x0 MSTORE PUSH1 0x20 PUSH1 0x0 KECCAK256 SWAP1 JUMPDEST DUP2 SLOAD DUP2 MSTORE SWAP1 PUSH1 0x1 ADD SWAP1 PUSH1 0x20 ADD DUP1 DUP4 GT PUSH2 0x4D2 JUMPI DUP3 SWAP1 SUB PUSH1 0x1F AND DUP3 ADD SWAP2 JUMPDEST POP POP POP POP POP DUP2 JUMP JUMPDEST PUSH1 0x0 DUP2 PUSH1 0x5 PUSH1 0x0 CALLER PUSH20 0xFFFFFFFFFFFFFFFFFFFFFFFFFFFFFFFFFFFFFFFF AND PUSH20 0xFFFFFFFFFFFFFFFFFFFFFFFFFFFFFFFFFFFFFFFF AND DUP2 MSTORE PUSH1 0x20 ADD SWAP1 DUP2 MSTORE PUSH1 0x20 ADD PUSH1 0x0 KECCAK256 PUSH1 0x0 DUP6 PUSH20 0xFFFFFFFFFFFFFFFFFFFFFFFFFFFFFFFFFFFFFFFF AND PUSH20 0xFFFFFFFFFFFFFFFFFFFFFFFFFFFFFFFFFFFFFFFF AND DUP2 MSTORE PUSH1 0x20 ADD SWAP1 DUP2 MSTORE PUSH1 0x20 ADD PUSH1 0x0 KECCAK256 DUP2 SWAP1 SSTORE POP DUP3 PUSH20 0xFFFFFFFFFFFFFFFFFFFFFFFFFFFFFFFFFFFFFFFF AND CALLER PUSH20 0xFFFFFFFFFFFFFFFFFFFFFFFFFFFFFFFFFFFFFFFF AND PUSH32 0x8C5BE1E5EBEC7D5BD14F71427D1E84F3DD0314C0F7B2291E5B200AC8C7C3B925 DUP5 PUSH1 0x40 MLOAD DUP1 DUP3 DUP2 MSTORE PUSH1 0x20 ADD SWAP2 POP POP PUSH1 0x40 MLOAD DUP1 SWAP2 SUB SWAP1 LOG3 PUSH1 0x1 SWAP1 POP SWAP3 SWAP2 POP POP JUMP JUMPDEST PUSH1 0x4 SLOAD DUP2 JUMP JUMPDEST PUSH1 0x0 DUP1 PUSH1 0x0 DUP6 PUSH20 0xFFFFFFFFFFFFFFFFFFFFFFFFFFFFFFFFFFFFFFFF AND PUSH20 0xFFFFFFFFFFFFFFFFFFFFFFFFFFFFFFFFFFFFFFFF AND DUP2 MSTORE PUSH1 0x20 ADD SWAP1 DUP2 MSTORE PUSH1 0x20 ADD PUSH1 0x0 KECCAK256 SLOAD DUP3 GT ISZERO ISZERO ISZERO PUSH2 0x63E JUMPI PUSH1 0x0 DUP1 REVERT JUMPDEST PUSH1 0x5 PUSH1 0x0 DUP6 PUSH20 0xFFFFFFFFFFFFFFFFFFFFFFFFFFFFFFFFFFFFFFFF AND PUSH20 0xFFFFFFFFFFFFFFFFFFFFFFFFFFFFFFFFFFFFFFFF AND DUP2 MSTORE PUSH1 0x20 ADD SWAP1 DUP2 MSTORE PUSH1 0x20 ADD PUSH1 0x0 KECCAK256 PUSH1 0x0 CALLER PUSH20 0xFFFFFFFFFFFFFFFFFFFFFFFFFFFFFFFFFFFFFFFF AND PUSH20 0xFFFFFFFFFFFFFFFFFFFFFFFFFFFFFFFFFFFFFFFF AND DUP2 MSTORE PUSH1 0x20 ADD SWAP1 DUP2 MSTORE PUSH1 0x20 ADD PUSH1 0x0 KECCAK256 SLOAD DUP3 GT ISZERO ISZERO ISZERO PUSH2 0x6C9 JUMPI PUSH1 0x0 DUP1 REVERT JUMPDEST DUP2 PUSH1 0x0 DUP1 DUP7 PUSH20 0xFFFFFFFFFFFFFFFFFFFFFFFFFFFFFFFFFFFFFFFF AND PUSH20 0xFFFFFFFFFFFFFFFFFFFFFFFFFFFFFFFFFFFFFFFF AND DUP2 MSTORE PUSH1 0x20 ADD SWAP1 DUP2 MSTORE PUSH1 0x20 ADD PUSH1 0x0 KECCAK256 PUSH1 0x0 DUP3 DUP3 SLOAD SUB SWAP3 POP POP DUP2 SWAP1 SSTORE POP DUP2 PUSH1 0x0 DUP1 DUP6 PUSH20 0xFFFFFFFFFFFFFFFFFFFFFFFFFFFFFFFFFFFFFFFF AND PUSH20 0xFFFFFFFFFFFFFFFFFFFFFFFFFFFFFFFFFFFFFFFF AND DUP2 MSTORE PUSH1 0x20 ADD SWAP1 DUP2 MSTORE PUSH1 0x20 ADD PUSH1 0x0 KECCAK256 PUSH1 0x0 DUP3 DUP3 SLOAD ADD SWAP3 POP POP DUP2 SWAP1 SSTORE POP DUP2 PUSH1 0x5 PUSH1 0x0 DUP7 PUSH20 0xFFFFFFFFFFFFFFFFFFFFFFFFFFFFFFFFFFFFFFFF AND PUSH20 0xFFFFFFFFFFFFFFFFFFFFFFFFFFFFFFFFFFFFFFFF AND DUP2 MSTORE PUSH1 0x20 ADD SWAP1 DUP2 MSTORE PUSH1 0x20 ADD PUSH1 0x0 KECCAK256 PUSH1 0x0 CALLER PUSH20 0xFFFFFFFFFFFFFFFFFFFFFFFFFFFFFFFFFFFFFFFF AND PUSH20 0xFFFFFFFFFFFFFFFFFFFFFFFFFFFFFFFFFFFFFFFF AND DUP2 MSTORE PUSH1 0x20 ADD SWAP1 DUP2 MSTORE PUSH1 0x20 ADD PUSH1 0x0 KECCAK256 PUSH1 0x0 DUP3 DUP3 SLOAD SUB SWAP3 POP POP DUP2 SWAP1 SSTORE POP DUP3 PUSH20 0xFFFFFFFFFFFFFFFFFFFFFFFFFFFFFFFFFFFFFFFF AND DUP5 PUSH20 0xFFFFFFFFFFFFFFFFFFFFFFFFFFFFFFFFFFFFFFFF AND PUSH32 0xDDF252AD1BE2C89B69C2B068FC378DAA952BA7F163C4A11628F55A4DF523B3EF DUP5 PUSH1 0x40 MLOAD DUP1 DUP3 DUP2 MSTORE PUSH1 0x20 ADD SWAP2 POP POP PUSH1 0x40 MLOAD DUP1 SWAP2 SUB SWAP1 LOG3 PUSH1 0x1 SWAP1 POP SWAP4 SWAP3 POP POP POP JUMP JUMPDEST PUSH1 0x3 PUSH1 0x0 SWAP1 SLOAD SWAP1 PUSH2 0x100 EXP SWAP1 DIV PUSH1 0xFF AND DUP2 JUMP JUMPDEST PUSH1 0x0 PUSH1 0x20 MSTORE DUP1 PUSH1 0x0 MSTORE PUSH1 0x40 PUSH1 0x0 KECCAK256 PUSH1 0x0 SWAP2 POP SWAP1 POP SLOAD DUP2 JUMP JUMPDEST PUSH1 0x2 DUP1 SLOAD PUSH1 0x1 DUP2 PUSH1 0x1 AND ISZERO PUSH2 0x100 MUL SUB AND PUSH1 0x2 SWAP1 DIV DUP1 PUSH1 0x1F ADD PUSH1 0x20 DUP1 SWAP2 DIV MUL PUSH1 0x20 ADD PUSH1 0x40 MLOAD SWAP1 DUP2 ADD PUSH1 0x40 MSTORE DUP1 SWAP3 SWAP2 SWAP1 DUP2 DUP2 MSTORE PUSH1 0x20 ADD DUP3 DUP1 SLOAD PUSH1 0x1 DUP2 PUSH1 0x1 AND ISZERO PUSH2 0x100 MUL SUB AND PUSH1 0x2 SWAP1 DIV DUP1 ISZERO PUSH2 0x91C JUMPI DUP1 PUSH1 0x1F LT PUSH2 0x8F1 JUMPI PUSH2 0x100 DUP1 DUP4 SLOAD DIV MUL DUP4 MSTORE SWAP2 PUSH1 0x20 ADD SWAP2 PUSH2 0x91C JUMP JUMPDEST DUP3 ADD SWAP2 SWAP1 PUSH1 0x0 MSTORE PUSH1 0x20 PUSH1 0x0 KECCAK256 SWAP1 JUMPDEST DUP2 SLOAD DUP2 MSTORE SWAP1 PUSH1 0x1 ADD SWAP1 PUSH1 0x20 ADD DUP1 DUP4 GT PUSH2 0x8FF JUMPI DUP3 SWAP1 SUB PUSH1 0x1F AND DUP3 ADD SWAP2 JUMPDEST POP POP POP POP POP DUP2 JUMP JUMPDEST PUSH1 0x0 DUP2 PUSH1 0x0 DUP1 CALLER PUSH20 0xFFFFFFFFFFFFFFFFFFFFFFFFFFFFFFFFFFFFFFFF AND PUSH20 0xFFFFFFFFFFFFFFFFFFFFFFFFFFFFFFFFFFFFFFFF AND DUP2 MSTORE PUSH1 0x20 ADD SWAP1 DUP2 MSTORE PUSH1 0x20 ADD PUSH1 0x0 KECCAK256 SLOAD LT ISZERO ISZERO ISZERO PUSH2 0x973 JUMPI PUSH1 0x0 DUP1 REVERT JUMPDEST DUP2 PUSH1 0x0 DUP1 CALLER PUSH20 0xFFFFFFFFFFFFFFFFFFFFFFFFFFFFFFFFFFFFFFFF AND PUSH20 0xFFFFFFFFFFFFFFFFFFFFFFFFFFFFFFFFFFFFFFFF AND DUP2 MSTORE PUSH1 0x20 ADD SWAP1 DUP2 MSTORE PUSH1 0x20 ADD PUSH1 0x0 KECCAK256 PUSH1 0x0 DUP3 DUP3 SLOAD SUB SWAP3 POP POP DUP2 SWAP1 SSTORE POP DUP2 PUSH1 0x0 DUP1 DUP6 PUSH20 0xFFFFFFFFFFFFFFFFFFFFFFFFFFFFFFFFFFFFFFFF AND PUSH20 0xFFFFFFFFFFFFFFFFFFFFFFFFFFFFFFFFFFFFFFFF AND DUP2 MSTORE PUSH1 0x20 ADD SWAP1 DUP2 MSTORE PUSH1 0x20 ADD PUSH1 0x0 KECCAK256 PUSH1 0x0 DUP3 DUP3 SLOAD ADD SWAP3 POP POP DUP2 SWAP1 SSTORE POP DUP3 PUSH20 0xFFFFFFFFFFFFFFFFFFFFFFFFFFFFFFFFFFFFFFFF AND CALLER PUSH20 0xFFFFFFFFFFFFFFFFFFFFFFFFFFFFFFFFFFFFFFFF AND PUSH32 0xDDF252AD1BE2C89B69C2B068FC378DAA952BA7F163C4A11628F55A4DF523B3EF DUP5 PUSH1 0x40 MLOAD DUP1 DUP3 DUP2 MSTORE PUSH1 0x20 ADD SWAP2 POP POP PUSH1 0x40 MLOAD DUP1 SWAP2 SUB SWAP1 LOG3 PUSH1 0x1 SWAP1 POP SWAP3 SWAP2 POP POP JUMP JUMPDEST PUSH1 0x4 SLOAD PUSH1 0x0 DUP1 CALLER PUSH20 0xFFFFFFFFFFFFFFFFFFFFFFFFFFFFFFFFFFFFFFFF AND PUSH20 0xFFFFFFFFFFFFFFFFFFFFFFFFFFFFFFFFFFFFFFFF AND DUP2 MSTORE PUSH1 0x20 ADD SWAP1 DUP2 MSTORE PUSH1 0x20 ADD PUSH1 0x0 KECCAK256 DUP2 SWAP1 SSTORE POP CALLER PUSH20 0xFFFFFFFFFFFFFFFFFFFFFFFFFFFFFFFFFFFFFFFF AND PUSH1 0x0 PUSH20 0xFFFFFFFFFFFFFFFFFFFFFFFFFFFFFFFFFFFFFFFF AND PUSH32 0xDDF252AD1BE2C89B69C2B068FC378DAA952BA7F163C4A11628F55A4DF523B3EF PUSH1 0x4 SLOAD PUSH1 0x40 MLOAD DUP1 DUP3 DUP2 MSTORE PUSH1 0x20 ADD SWAP2 POP POP PUSH1 0x40 MLOAD DUP1 SWAP2 SUB SWAP1 LOG3 JUMP JUMPDEST PUSH1 0x5 PUSH1 0x20 MSTORE DUP2 PUSH1 0x0 MSTORE PUSH1 0x40 PUSH1 0x0 KECCAK256 PUSH1 0x20 MSTORE DUP1 PUSH1 0x0 MSTORE PUSH1 0x40 PUSH1 0x0 KECCAK256 PUSH1 0x0 SWAP2 POP SWAP2 POP POP SLOAD DUP2 JUMP STOP LOG1 PUSH6 0x627A7A723058 KECCAK256 0xd4 0xd0 0xce 0x4d 0xe6 0xd5 0x48 MLOAD 0xde 0x5d ISZERO PUSH25 0x134AF3E5F925011E6633C5CE32BDCFFEB83BEE640029000000
0,PUSH1 0x80 PUSH1 0x40 MSTORE PUSH1 0x40 DUP1 MLOAD SWAP1 DUP2 ADD PUSH1 0x40 MSTORE DUP1 PUSH1 0x17 DUP2 MSTORE PUSH1 0x20 ADD PUSH32 0x94343445F4B4F484C455F325F32303139303431310909000000000000000000 DUP2 MSTORE POP PUSH1 0x1 SWAP1 DUP1 MLOAD SWAP1 PUSH1 0x20 ADD SWAP1 PUSH2 0x4F SWAP3 SWAP2 SWAP1 PUSH2 0xD9 JUMP JUMPDEST POP PUSH1 0x40 DUP1 MLOAD SWAP1 DUP2 ADD PUSH1 0x40 MSTORE DUP1 PUSH1 0x1D DUP2 MSTORE PUSH1 0x20 ADD PUSH32 0x94343445F4B4F484C455F325F32303139303431315F73756244540909000000 DUP2 MSTORE POP PUSH1 0x2 SWAP1 DUP1 MLOAD SWAP1 PUSH1 0x20 ADD SWAP1 PUSH2 0x9B SWAP3 SWAP2 SWAP1 PUSH2 0xD9 JUMP JUMPDEST POP PUSH1 0x12 PUSH1 0x3 PUSH1 0x0 PUSH2 0x100 EXP DUP2 SLOAD DUP2 PUSH1 0xFF MUL NOT AND SWAP1 DUP4 PUSH1 0xFF AND MUL OR SWAP1 SSTORE POP PUSH11 0x1060D026983FFAA7000000 PUSH1 0x4 SSTORE CALLVALUE DUP1 ISZERO PUSH2 0xD3 JUMPI PUSH1 0x0 DUP1 REVERT JUMPDEST POP PUSH2 0x17E JUMP JUMPDEST DUP3 DUP1 SLOAD PUSH1 0x1 DUP2 PUSH1 0x1 AND ISZERO PUSH2 0x100 MUL SUB AND PUSH1 0x2 SWAP1 DIV SWAP1 PUSH1 0x0 MSTORE PUSH1 0x20 PUSH1 0x0 KECCAK256 SWAP1 PUSH1 0x1F ADD PUSH1 0x20 SWAP1 DIV DUP2 ADD SWAP3 DUP3 PUSH1 0x1F LT PUSH2 0x11A JUMPI DUP1 MLOAD PUSH1 0xFF NOT AND DUP4 DUP1 ADD OR DUP6 SSTORE PUSH2 0x148 JUMP JUMPDEST DUP3 DUP1 ADD PUSH1 0x1 ADD DUP6 SSTORE DUP3 ISZERO PUSH2 0x148 JUMPI SWAP2 DUP3 ADD JUMPDEST DUP3 DUP2 GT ISZERO PUSH2 0x147 JUMPI DUP3 MLOAD DUP3 SSTORE SWAP2 PUSH1 0x20 ADD SWAP2 SWAP1 PUSH1 0x1 ADD SWAP1 PUSH2 0x12C JUMP JUMPDEST JUMPDEST POP SWAP1 POP PUSH2 0x155 SWAP2 SWAP1 PUSH2 0x159 JUMP JUMPDEST POP SWAP1 JUMP JUMPDEST PUSH2 0x17B SWAP2 SWAP1 JUMPDEST DUP1 DUP3 GT ISZERO PUSH2 0x177 JUMPI PUSH1 0x0 DUP2 PUSH1 0x0 SWAP1 SSTORE POP PUSH1 0x1 ADD PUSH2 0x15F JUMP JUMPDEST POP SWAP1 JUMP JUMPDEST SWAP1 JUMP JUMPDEST PUSH2 0xB7A DUP1 PUSH2 0x18D PUSH1 0x0 CODECOPY PUSH1 0x0 RETURN STOP PUSH1 0x80 PUSH1 0x40 MSTORE PUSH1 0x4 CALLDATASIZE LT PUSH2 0xA4 JUMPI PUSH1 0x0 CALLDATALOAD PUSH29 0x100000000000000000000000000000000000000000000000000000000 SWAP1 DIV PUSH4 0xFFFFFFFF AND DUP1 PUSH4 0x6FDDE03 EQ PUSH2 0xA9 JUMPI DUP1 PUSH4 0x95EA7B3 EQ PUSH2 0x139 JUMPI DUP1 PUSH4 0x18160DDD EQ PUSH2 0x19E JUMPI DUP1 PUSH4 0x23B872DD EQ PUSH2 0x1C9 JUMPI DUP1 PUSH4 0x313CE567 EQ PUSH2 0x24E JUMPI DUP1 PUSH4 0x70A08231 EQ PUSH2 0x27F JUMPI DUP1 PUSH4 0x95D89B41 EQ PUSH2 0x2D6 JUMPI DUP1 PUSH4 0xA9059CBB EQ PUSH2 0x366 JUMPI DUP1 PUSH4 0xB5C8F317 EQ PUSH2 0x3CB JUMPI DUP1 PUSH4 0xDD62ED3E EQ PUSH2 0x3E2 JUMPI JUMPDEST PUSH1 0x0 DUP1 REVERT JUMPDEST CALLVALUE DUP1 ISZERO PUSH2 0xB5 JUMPI PUSH1 0x0 DUP1 REVERT JUMPDEST POP PUSH2 0xBE PUSH2 0x459 JUMP JUMPDEST PUSH1 0x40 MLOAD DUP1 DUP1 PUSH1 0x20 ADD DUP3 DUP2 SUB DUP3 MSTORE DUP4 DUP2 DUP2 MLOAD DUP2 MSTORE PUSH1 0x20 ADD SWAP2 POP DUP1 MLOAD SWAP1 PUSH1 0x20 ADD SWAP1 DUP1 DUP4 DUP4 PUSH1 0x0 JUMPDEST DUP4 DUP2 LT ISZERO PUSH2 0xFE JUMPI DUP1 DUP3 ADD MLOAD DUP2 DUP5 ADD MSTORE PUSH1 0x20 DUP2 ADD SWAP1 POP PUSH2 0xE3 JUMP JUMPDEST POP POP POP POP SWAP1 POP SWAP1 DUP2 ADD SWAP1 PUSH1 0x1F AND DUP1 ISZERO PUSH2 0x12B JUMPI DUP1 DUP3 SUB DUP1 MLOAD PUSH1 0x1 DUP4 PUSH1 0x20 SUB PUSH2 0x100 EXP SUB NOT AND DUP2 MSTORE PUSH1 0x20 ADD SWAP2 POP JUMPDEST POP SWAP3 POP POP POP PUSH1 0x40 MLOAD DUP1 SWAP2 SUB SWAP1 RETURN JUMPDEST CALLVALUE DUP1 ISZERO PUSH2 0x145 JUMPI PUSH1 0x0 DUP1 REVERT JUMPDEST POP PUSH2 0x184 PUSH1 0x4 DUP1 CALLDATASIZE SUB DUP2 ADD SWAP1 DUP1 DUP1 CALLDATALOAD PUSH20 0xFFFFFFFFFFFFFFFFFFFFFFFFFFFFFFFFFFFFFFFF AND SWAP1 PUSH1 0x20 ADD SWAP1 SWAP3 SWAP2 SWAP1 DUP1 CALLDATALOAD SWAP1 PUSH1 0x20 ADD SWAP1 SWAP3 SWAP2 SWAP1 POP POP POP PUSH2 0x4F7 JUMP JUMPDEST PUSH1 0x40 MLOAD DUP1 DUP3 ISZERO ISZERO ISZERO ISZERO DUP2 MSTORE PUSH1 0x20 ADD SWAP2 POP POP PUSH1 0x40 MLOAD DUP1 SWAP2 SUB SWAP1 RETURN JUMPDEST CALLVALUE DUP1 ISZERO PUSH2 0x1AA JUMPI PUSH1 0x0 DUP1 REVERT JUMPDEST POP PUSH2 0x1B3 PUSH2 0x5E9 JUMP JUMPDEST PUSH1 0x40 MLOAD DUP1 DUP3 DUP2 MSTORE PUSH1 0x20 ADD SWAP2 POP POP PUSH1 0x40 MLOAD DUP1 SWAP2 SUB SWAP1 RETURN JUMPDEST CALLVALUE DUP1 ISZERO PUSH2 0x1D5 JUMPI PUSH1 0x0 DUP1 REVERT JUMPDEST POP PUSH2 0x234 PUSH1 0x4 DUP1 CALLDATASIZE SUB DUP2 ADD SWAP1 DUP1 DUP1 CALLDATALOAD PUSH20 0xFFFFFFFFFFFFFFFFFFFFFFFFFFFFFFFFFFFFFFFF AND SWAP1 PUSH1 0x20 ADD SWAP1 SWAP3 SWAP2 SWAP1 DUP1 CALLDATALOAD PUSH20 0xFFFFFFFFFFFFFFFFFFFFFFFFFFFFFFFFFFFFFFFF AND SWAP1 PUSH1 0x20 ADD SWAP1 SWAP3 SWAP2 SWAP1 DUP1 CALLDATALOAD SWAP1 PUSH1 0x20 ADD SWAP1 SWAP3 SWAP2 SWAP1 POP POP POP PUSH2 0x5EF JUMP JUMPDEST PUSH1 0x40 MLOAD DUP1 DUP3 ISZERO ISZERO ISZERO ISZERO DUP2 MSTORE PUSH1 0x20 ADD SWAP2 POP POP PUSH1 0x40 MLOAD DUP1 SWAP2 SUB SWAP1 RETURN JUMPDEST CALLVALUE DUP1 ISZERO PUSH2 0x25A JUMPI PUSH1 0x0 DUP1 REVERT JUMPDEST POP PUSH2 0x263 PUSH2 0x85B JUMP JUMPDEST PUSH1 0x40 MLOAD DUP1 DUP3 PUSH1 0xFF AND PUSH1 0xFF AND DUP2 MSTORE PUSH1 0x20 ADD SWAP2 POP POP PUSH1 0x40 MLOAD DUP1 SWAP2 SUB SWAP1 RETURN JUMPDEST CALLVALUE DUP1 ISZERO PUSH2 0x28B JUMPI PUSH1 0x0 DUP1 REVERT JUMPDEST POP PUSH2 0x2C0 PUSH1 0x4 DUP1 CALLDATASIZE SUB DUP2 ADD SWAP1 DUP1 DUP1 CALLDATALOAD PUSH20 0xFFFFFFFFFFFFFFFFFFFFFFFFFFFFFFFFFFFFFFFF AND SWAP1 PUSH1 0x20 ADD SWAP1 SWAP3 SWAP2 SWAP1 POP POP POP PUSH2 0x86E JUMP JUMPDEST PUSH1 0x40 MLOAD DUP1 DUP3 DUP2 MSTORE PUSH1 0x20 ADD SWAP2 POP POP PUSH1 0x40 MLOAD DUP1 SWAP2 SUB SWAP1 RETURN JUMPDEST CALLVALUE DUP1 ISZERO PUSH2 0x2E2 JUMPI PUSH1 0x0 DUP1 REVERT JUMPDEST POP PUSH2 0x2EB PUSH2 0x886 JUMP JUMPDEST PUSH1 0x40 MLOAD DUP1 DUP1 PUSH1 0x20 ADD DUP3 DUP2 SUB DUP3 MSTORE DUP4 DUP2 DUP2 MLOAD DUP2 MSTORE PUSH1 0x20 ADD SWAP2 POP DUP1 MLOAD SWAP1 PUSH1 0x20 ADD SWAP1 DUP1 DUP4 DUP4 PUSH1 0x0 JUMPDEST DUP4 DUP2 LT ISZERO PUSH2 0x32B JUMPI DUP1 DUP3 ADD MLOAD DUP2 DUP5 ADD MSTORE PUSH1 0x20 DUP2 ADD SWAP1 POP PUSH2 0x310 JUMP JUMPDEST POP POP POP POP SWAP1 POP SWAP1 DUP2 ADD SWAP1 PUSH1 0x1F AND DUP1 ISZERO PUSH2 0x358 JUMPI DUP1 DUP3 SUB DUP1 MLOAD PUSH1 0x1 DUP4 PUSH1 0x20 SUB PUSH2 0x100 EXP SUB NOT AND DUP2 MSTORE PUSH1 0x20 ADD SWAP2 POP JUMPDEST POP SWAP3 POP POP POP PUSH1 0x40 MLOAD DUP1 SWAP2 SUB SWAP1 RETURN JUMPDEST CALLVALUE DUP1 ISZERO PUSH2 0x372 JUMPI PUSH1 0x0 DUP1 REVERT JUMPDEST POP PUSH2 0x3B1 PUSH1 0x4 DUP1 CALLDATASIZE SUB DUP2 ADD SWAP1 DUP1 DUP1 CALLDATALOAD PUSH20 0xFFFFFFFFFFFFFFFFFFFFFFFFFFFFFFFFFFFFFFFF AND SWAP1 PUSH1 0x20 ADD SWAP1 SWAP3 SWAP2 SWAP1 DUP1 CALLDATALOAD SWAP1 PUSH1 0x20 ADD SWAP1 SWAP3 SWAP2 SWAP1 POP POP POP PUSH2 0x924 JUMP JUMPDEST PUSH1 0x40 MLOAD DUP1 DUP3 ISZERO ISZERO ISZERO ISZERO DUP2 MSTORE PUSH1 0x20 ADD SWAP2 POP POP PUSH1 0x40 MLOAD DUP1 SWAP2 SUB SWAP1 RETURN JUMPDEST CALLVALUE DUP1 ISZERO PUSH2 0x3D7 JUMPI PUSH1 0x0 DUP1 REVERT JUMPDEST POP PUSH2 0x3E0 PUSH2 0xA7A JUMP JUMPDEST STOP JUMPDEST CALLVALUE DUP1 ISZERO PUSH2 0x3EE JUMPI PUSH1 0x0 DUP1 REVERT JUMPDEST POP PUSH2 0x443 PUSH1 0x4 DUP1 CALLDATASIZE SUB DUP2 ADD SWAP1 DUP1 DUP1 CALLDATALOAD PUSH20 0xFFFFFFFFFFFFFFFFFFFFFFFFFFFFFFFFFFFFFFFF AND SWAP1 PUSH1 0x20 ADD SWAP1 SWAP3 SWAP2 SWAP1 DUP1 CALLDATALOAD PUSH20 0xFFFFFFFFFFFFFFFFFFFFFFFFFFFFFFFFFFFFFFFF AND SWAP1 PUSH1 0x20 ADD SWAP1 SWAP3 SWAP2 SWAP1 POP POP POP PUSH2 0xB29 JUMP JUMPDEST PUSH1 0x40 MLOAD DUP1 DUP3 DUP2 MSTORE PUSH1 0x20 ADD SWAP2 POP POP PUSH1 0x40 MLOAD DUP1 SWAP2 SUB SWAP1 RETURN JUMPDEST PUSH1 0x1 DUP1 SLOAD PUSH1 0x1 DUP2 PUSH1 0x1 AND ISZERO PUSH2 0x100 MUL SUB AND PUSH1 0x2 SWAP1 DIV DUP1 PUSH1 0x1F ADD PUSH1 0x20 DUP1 SWAP2 DIV MUL PUSH1 0x20 ADD PUSH1 0x40 MLOAD SWAP1 DUP2 ADD PUSH1 0x40 MSTORE DUP1 SWAP3 SWAP2 SWAP1 DUP2 DUP2 MSTORE PUSH1 0x20 ADD DUP3 DUP1 SLOAD PUSH1 0x1 DUP2 PUSH1 0x1 AND ISZERO PUSH2 0x100 MUL SUB AND PUSH1 0x2 SWAP1 DIV DUP1 ISZERO PUSH2 0x4EF JUMPI DUP1 PUSH1 0x1F LT PUSH2 0x4C4 JUMPI PUSH2 0x100 DUP1 DUP4 SLOAD DIV MUL DUP4 MSTORE SWAP2 PUSH1 0x20 ADD SWAP2 PUSH2 0x4EF JUMP JUMPDEST DUP3 ADD SWAP2 SWAP1 PUSH1 0x0 MSTORE PUSH1 0x20 PUSH1 0x0 KECCAK256 SWAP1 JUMPDEST DUP2 SLOAD DUP2 MSTORE SWAP1 PUSH1 0x1 ADD SWAP1 PUSH1 0x20 ADD DUP1 DUP4 GT PUSH2 0x4D2 JUMPI DUP3 SWAP1 SUB PUSH1 0x1F AND DUP3 ADD SWAP2 JUMPDEST POP POP POP POP POP DUP2 JUMP JUMPDEST PUSH1 0x0 DUP2 PUSH1 0x5 PUSH1 0x0 CALLER PUSH20 0xFFFFFFFFFFFFFFFFFFFFFFFFFFFFFFFFFFFFFFFF AND PUSH20 0xFFFFFFFFFFFFFFFFFFFFFFFFFFFFFFFFFFFFFFFF AND DUP2 MSTORE PUSH1 0x20 ADD SWAP1 DUP2 MSTORE PUSH1 0x20 ADD PUSH1 0x0 KECCAK256 PUSH1 0x0 DUP6 PUSH20 0xFFFFFFFFFFFFFFFFFFFFFFFFFFFFFFFFFFFFFFFF AND PUSH20 0xFFFFFFFFFFFFFFFFFFFFFFFFFFFFFFFFFFFFFFFF AND DUP2 MSTORE PUSH1 0x20 ADD SWAP1 DUP2 MSTORE PUSH1 0x20 ADD PUSH1 0x0 KECCAK256 DUP2 SWAP1 SSTORE POP DUP3 PUSH20 0xFFFFFFFFFFFFFFFFFFFFFFFFFFFFFFFFFFFFFFFF AND CALLER PUSH20 0xFFFFFFFFFFFFFFFFFFFFFFFFFFFFFFFFFFFFFFFF AND PUSH32 0x8C5BE1E5EBEC7D5BD14F71427D1E84F3DD0314C0F7B2291E5B200AC8C7C3B925 DUP5 PUSH1 0x40 MLOAD DUP1 DUP3 DUP2 MSTORE PUSH1 0x20 ADD SWAP2 POP POP PUSH1 0x40 MLOAD DUP1 SWAP2 SUB SWAP1 LOG3 PUSH1 0x1 SWAP1 POP SWAP3 SWAP2 POP POP JUMP JUMPDEST PUSH1 0x4 SLOAD DUP2 JUMP JUMPDEST PUSH1 0x0 DUP1 PUSH1 0x0 DUP6 PUSH20 0xFFFFFFFFFFFFFFFFFFFFFFFFFFFFFFFFFFFFFFFF AND PUSH20 0xFFFFFFFFFFFFFFFFFFFFFFFFFFFFFFFFFFFFFFFF AND DUP2 MSTORE PUSH1 0x20 ADD SWAP1 DUP2 MSTORE PUSH1 0x20 ADD PUSH1 0x0 KECCAK256 SLOAD DUP3 GT ISZERO ISZERO ISZERO PUSH2 0x63E JUMPI PUSH1 0x0 DUP1 REVERT JUMPDEST PUSH1 0x5 PUSH1 0x0 DUP6 PUSH20 0xFFFFFFFFFFFFFFFFFFFFFFFFFFFFFFFFFFFFFFFF AND PUSH20 0xFFFFFFFFFFFFFFFFFFFFFFFFFFFFFFFFFFFFFFFF AND DUP2 MSTORE PUSH1 0x20 ADD SWAP1 DUP2 MSTORE PUSH1 0x20 ADD PUSH1 0x0 KECCAK256 PUSH1 0x0 CALLER PUSH20 0xFFFFFFFFFFFFFFFFFFFFFFFFFFFFFFFFFFFFFFFF AND PUSH20 0xFFFFFFFFFFFFFFFFFFFFFFFFFFFFFFFFFFFFFFFF AND DUP2 MSTORE PUSH1 0x20 ADD SWAP1 DUP2 MSTORE PUSH1 0x20 ADD PUSH1 0x0 KECCAK256 SLOAD DUP3 GT ISZERO ISZERO ISZERO PUSH2 0x6C9 JUMPI PUSH1 0x0 DUP1 REVERT JUMPDEST DUP2 PUSH1 0x0 DUP1 DUP7 PUSH20 0xFFFFFFFFFFFFFFFFFFFFFFFFFFFFFFFFFFFFFFFF AND PUSH20 0xFFFFFFFFFFFFFFFFFFFFFFFFFFFFFFFFFFFFFFFF AND DUP2 MSTORE PUSH1 0x20 ADD SWAP1 DUP2 MSTORE PUSH1 0x20 ADD PUSH1 0x0 KECCAK256 PUSH1 0x0 DUP3 DUP3 SLOAD SUB SWAP3 POP POP DUP2 SWAP1 SSTORE POP DUP2 PUSH1 0x0 DUP1 DUP6 PUSH20 0xFFFFFFFFFFFFFFFFFFFFFFFFFFFFFFFFFFFFFFFF AND PUSH20 0xFFFFFFFFFFFFFFFFFFFFFFFFFFFFFFFFFFFFFFFF AND DUP2 MSTORE PUSH1 0x20 ADD SWAP1 DUP2 MSTORE PUSH1 0x20 ADD PUSH1 0x0 KECCAK256 PUSH1 0x0 DUP3 DUP3 SLOAD ADD SWAP3 POP POP DUP2 SWAP1 SSTORE POP DUP2 PUSH1 0x5 PUSH1 0x0 DUP7 PUSH20 0xFFFFFFFFFFFFFFFFFFFFFFFFFFFFFFFFFFFFFFFF AND PUSH20 0xFFFFFFFFFFFFFFFFFFFFFFFFFFFFFFFFFFFFFFFF AND DUP2 MSTORE PUSH1 0x20 ADD SWAP1 DUP2 MSTORE PUSH1 0x20 ADD PUSH1 0x0 KECCAK256 PUSH1 0x0 CALLER PUSH20 0xFFFFFFFFFFFFFFFFFFFFFFFFFFFFFFFFFFFFFFFF AND PUSH20 0xFFFFFFFFFFFFFFFFFFFFFFFFFFFFFFFFFFFFFFFF AND DUP2 MSTORE PUSH1 0x20 ADD SWAP1 DUP2 MSTORE PUSH1 0x20 ADD PUSH1 0x0 KECCAK256 PUSH1 0x0 DUP3 DUP3 SLOAD SUB SWAP3 POP POP DUP2 SWAP1 SSTORE POP DUP3 PUSH20 0xFFFFFFFFFFFFFFFFFFFFFFFFFFFFFFFFFFFFFFFF AND DUP5 PUSH20 0xFFFFFFFFFFFFFFFFFFFFFFFFFFFFFFFFFFFFFFFF AND PUSH32 0xDDF252AD1BE2C89B69C2B068FC378DAA952BA7F163C4A11628F55A4DF523B3EF DUP5 PUSH1 0x40 MLOAD DUP1 DUP3 DUP2 MSTORE PUSH1 0x20 ADD SWAP2 POP POP PUSH1 0x40 MLOAD DUP1 SWAP2 SUB SWAP1 LOG3 PUSH1 0x1 SWAP1 POP SWAP4 SWAP3 POP POP POP JUMP JUMPDEST PUSH1 0x3 PUSH1 0x0 SWAP1 SLOAD SWAP1 PUSH2 0x100 EXP SWAP1 DIV PUSH1 0xFF AND DUP2 JUMP JUMPDEST PUSH1 0x0 PUSH1 0x20 MSTORE DUP1 PUSH1 0x0 MSTORE PUSH1 0x40 PUSH1 0x0 KECCAK256 PUSH1 0x0 SWAP2 POP SWAP1 POP SLOAD DUP2 JUMP JUMPDEST PUSH1 0x2 DUP1 SLOAD PUSH1 0x1 DUP2 PUSH1 0x1 AND ISZERO PUSH2 0x100 MUL SUB AND PUSH1 0x2 SWAP1 DIV DUP1 PUSH1 0x1F ADD PUSH1 0x20 DUP1 SWAP2 DIV MUL PUSH1 0x20 ADD PUSH1 0x40 MLOAD SWAP1 DUP2 ADD PUSH1 0x40 MSTORE DUP1 SWAP3 SWAP2 SWAP1 DUP2 DUP2 MSTORE PUSH1 0x20 ADD DUP3 DUP1 SLOAD PUSH1 0x1 DUP2 PUSH1 0x1 AND ISZERO PUSH2 0x100 MUL SUB AND PUSH1 0x2 SWAP1 DIV DUP1 ISZERO PUSH2 0x91C JUMPI DUP1 PUSH1 0x1F LT PUSH2 0x8F1 JUMPI PUSH2 0x100 DUP1 DUP4 SLOAD DIV MUL DUP4 MSTORE SWAP2 PUSH1 0x20 ADD SWAP2 PUSH2 0x91C JUMP JUMPDEST DUP3 ADD SWAP2 SWAP1 PUSH1 0x0 MSTORE PUSH1 0x20 PUSH1 0x0 KECCAK256 SWAP1 JUMPDEST DUP2 SLOAD DUP2 MSTORE SWAP1 PUSH1 0x1 ADD SWAP1 PUSH1 0x20 ADD DUP1 DUP4 GT PUSH2 0x8FF JUMPI DUP3 SWAP1 SUB PUSH1 0x1F AND DUP3 ADD SWAP2 JUMPDEST POP POP POP POP POP DUP2 JUMP JUMPDEST PUSH1 0x0 DUP2 PUSH1 0x0 DUP1 CALLER PUSH20 0xFFFFFFFFFFFFFFFFFFFFFFFFFFFFFFFFFFFFFFFF AND PUSH20 0xFFFFFFFFFFFFFFFFFFFFFFFFFFFFFFFFFFFFFFFF AND DUP2 MSTORE PUSH1 0x20 ADD SWAP1 DUP2 MSTORE PUSH1 0x20 ADD PUSH1 0x0 KECCAK256 SLOAD LT ISZERO ISZERO ISZERO PUSH2 0x973 JUMPI PUSH1 0x0 DUP1 REVERT JUMPDEST DUP2 PUSH1 0x0 DUP1 CALLER PUSH20 0xFFFFFFFFFFFFFFFFFFFFFFFFFFFFFFFFFFFFFFFF AND PUSH20 0xFFFFFFFFFFFFFFFFFFFFFFFFFFFFFFFFFFFFFFFF AND DUP2 MSTORE PUSH1 0x20 ADD SWAP1 DUP2 MSTORE PUSH1 0x20 ADD PUSH1 0x0 KECCAK256 PUSH1 0x0 DUP3 DUP3 SLOAD SUB SWAP3 POP POP DUP2 SWAP1 SSTORE POP DUP2 PUSH1 0x0 DUP1 DUP6 PUSH20 0xFFFFFFFFFFFFFFFFFFFFFFFFFFFFFFFFFFFFFFFF AND PUSH20 0xFFFFFFFFFFFFFFFFFFFFFFFFFFFFFFFFFFFFFFFF AND DUP2 MSTORE PUSH1 0x20 ADD SWAP1 DUP2 MSTORE PUSH1 0x20 ADD PUSH1 0x0 KECCAK256 PUSH1 0x0 DUP3 DUP3 SLOAD ADD SWAP3 POP POP DUP2 SWAP1 SSTORE POP DUP3 PUSH20 0xFFFFFFFFFFFFFFFFFFFFFFFFFFFFFFFFFFFFFFFF AND CALLER PUSH20 0xFFFFFFFFFFFFFFFFFFFFFFFFFFFFFFFFFFFFFFFF AND PUSH32 0xDDF252AD1BE2C89B69C2B068FC378DAA952BA7F163C4A11628F55A4DF523B3EF DUP5 PUSH1 0x40 MLOAD DUP1 DUP3 DUP2 MSTORE PUSH1 0x20 ADD SWAP2 POP POP PUSH1 0x40 MLOAD DUP1 SWAP2 SUB SWAP1 LOG3 PUSH1 0x1 SWAP1 POP SWAP3 SWAP2 POP POP JUMP JUMPDEST PUSH1 0x4 SLOAD PUSH1 0x0 DUP1 CALLER PUSH20 0xFFFFFFFFFFFFFFFFFFFFFFFFFFFFFFFFFFFFFFFF AND PUSH20 0xFFFFFFFFFFFFFFFFFFFFFFFFFFFFFFFFFFFFFFFF AND DUP2 MSTORE PUSH1 0x20 ADD SWAP1 DUP2 MSTORE PUSH1 0x20 ADD PUSH1 0x0 KECCAK256 DUP2 SWAP1 SSTORE POP CALLER PUSH20 0xFFFFFFFFFFFFFFFFFFFFFFFFFFFFFFFFFFFFFFFF AND PUSH1 0x0 PUSH20 0xFFFFFFFFFFFFFFFFFFFFFFFFFFFFFFFFFFFFFFFF AND PUSH32 0xDDF252AD1BE2C89B69C2B068FC378DAA952BA7F163C4A11628F55A4DF523B3EF PUSH1 0x4 SLOAD PUSH1 0x40 MLOAD DUP1 DUP3 DUP2 MSTORE PUSH1 0x20 ADD SWAP2 POP POP PUSH1 0x40 MLOAD DUP1 SWAP2 SUB SWAP1 LOG3 JUMP JUMPDEST PUSH1 0x5 PUSH1 0x20 MSTORE DUP2 PUSH1 0x0 MSTORE PUSH1 0x40 PUSH1 0x0 KECCAK256 PUSH1 0x20 MSTORE DUP1 PUSH1 0x0 MSTORE PUSH1 0x40 PUSH1 0x0 KECCAK256 PUSH1 0x0 SWAP2 POP SWAP2 POP POP SLOAD DUP2 JUMP STOP LOG1 PUSH6 0x627A7A723058 KECCAK256 0xdb PUSH9 0xC52FFC14892B7557F3 AND 0xbb 0xf9 0xe8 0xb5 OR DUP3 0x1f 0xdf PUSH23 0xA18BF027B903A22E177D5F002900000000000000000000
0,PUSH1 0x80 PUSH1 0x40 MSTORE PUSH1 0x40 DUP1 MLOAD SWAP1 DUP2 ADD PUSH1 0x40 MSTORE DUP1 PUSH1 0x17 DUP2 MSTORE PUSH1 0x20 ADD PUSH32 0x94343445F4B4F484C455F335F32303139303431310909000000000000000000 DUP2 MSTORE POP PUSH1 0x1 SWAP1 DUP1 MLOAD SWAP1 PUSH1 0x20 ADD SWAP1 PUSH2 0x4F SWAP3 SWAP2 SWAP1 PUSH2 0xD9 JUMP JUMPDEST POP PUSH1 0x40 DUP1 MLOAD SWAP1 DUP2 ADD PUSH1 0x40 MSTORE DUP1 PUSH1 0x1D DUP2 MSTORE PUSH1 0x20 ADD PUSH32 0x94343445F4B4F484C455F335F32303139303431315F73756244540909000000 DUP2 MSTORE POP PUSH1 0x2 SWAP1 DUP1 MLOAD SWAP1 PUSH1 0x20 ADD SWAP1 PUSH2 0x9B SWAP3 SWAP2 SWAP1 PUSH2 0xD9 JUMP JUMPDEST POP PUSH1 0x12 PUSH1 0x3 PUSH1 0x0 PUSH2 0x100 EXP DUP2 SLOAD DUP2 PUSH1 0xFF MUL NOT AND SWAP1 DUP4 PUSH1 0xFF AND MUL OR SWAP1 SSTORE POP PUSH11 0x1060D026983FFAA7000000 PUSH1 0x4 SSTORE CALLVALUE DUP1 ISZERO PUSH2 0xD3 JUMPI PUSH1 0x0 DUP1 REVERT JUMPDEST POP PUSH2 0x17E JUMP JUMPDEST DUP3 DUP1 SLOAD PUSH1 0x1 DUP2 PUSH1 0x1 AND ISZERO PUSH2 0x100 MUL SUB AND PUSH1 0x2 SWAP1 DIV SWAP1 PUSH1 0x0 MSTORE PUSH1 0x20 PUSH1 0x0 KECCAK256 SWAP1 PUSH1 0x1F ADD PUSH1 0x20 SWAP1 DIV DUP2 ADD SWAP3 DUP3 PUSH1 0x1F LT PUSH2 0x11A JUMPI DUP1 MLOAD PUSH1 0xFF NOT AND DUP4 DUP1 ADD OR DUP6 SSTORE PUSH2 0x148 JUMP JUMPDEST DUP3 DUP1 ADD PUSH1 0x1 ADD DUP6 SSTORE DUP3 ISZERO PUSH2 0x148 JUMPI SWAP2 DUP3 ADD JUMPDEST DUP3 DUP2 GT ISZERO PUSH2 0x147 JUMPI DUP3 MLOAD DUP3 SSTORE SWAP2 PUSH1 0x20 ADD SWAP2 SWAP1 PUSH1 0x1 ADD SWAP1 PUSH2 0x12C JUMP JUMPDEST JUMPDEST POP SWAP1 POP PUSH2 0x155 SWAP2 SWAP1 PUSH2 0x159 JUMP JUMPDEST POP SWAP1 JUMP JUMPDEST PUSH2 0x17B SWAP2 SWAP1 JUMPDEST DUP1 DUP3 GT ISZERO PUSH2 0x177 JUMPI PUSH1 0x0 DUP2 PUSH1 0x0 SWAP1 SSTORE POP PUSH1 0x1 ADD PUSH2 0x15F JUMP JUMPDEST POP SWAP1 JUMP JUMPDEST SWAP1 JUMP JUMPDEST PUSH2 0xB7A DUP1 PUSH2 0x18D PUSH1 0x0 CODECOPY PUSH1 0x0 RETURN STOP PUSH1 0x80 PUSH1 0x40 MSTORE PUSH1 0x4 CALLDATASIZE LT PUSH2 0xA4 JUMPI PUSH1 0x0 CALLDATALOAD PUSH29 0x100000000000000000000000000000000000000000000000000000000 SWAP1 DIV PUSH4 0xFFFFFFFF AND DUP1 PUSH4 0x6FDDE03 EQ PUSH2 0xA9 JUMPI DUP1 PUSH4 0x95EA7B3 EQ PUSH2 0x139 JUMPI DUP1 PUSH4 0x18160DDD EQ PUSH2 0x19E JUMPI DUP1 PUSH4 0x23B872DD EQ PUSH2 0x1C9 JUMPI DUP1 PUSH4 0x313CE567 EQ PUSH2 0x24E JUMPI DUP1 PUSH4 0x70A08231 EQ PUSH2 0x27F JUMPI DUP1 PUSH4 0x95D89B41 EQ PUSH2 0x2D6 JUMPI DUP1 PUSH4 0xA9059CBB EQ PUSH2 0x366 JUMPI DUP1 PUSH4 0xB5C8F317 EQ PUSH2 0x3CB JUMPI DUP1 PUSH4 0xDD62ED3E EQ PUSH2 0x3E2 JUMPI JUMPDEST PUSH1 0x0 DUP1 REVERT JUMPDEST CALLVALUE DUP1 ISZERO PUSH2 0xB5 JUMPI PUSH1 0x0 DUP1 REVERT JUMPDEST POP PUSH2 0xBE PUSH2 0x459 JUMP JUMPDEST PUSH1 0x40 MLOAD DUP1 DUP1 PUSH1 0x20 ADD DUP3 DUP2 SUB DUP3 MSTORE DUP4 DUP2 DUP2 MLOAD DUP2 MSTORE PUSH1 0x20 ADD SWAP2 POP DUP1 MLOAD SWAP1 PUSH1 0x20 ADD SWAP1 DUP1 DUP4 DUP4 PUSH1 0x0 JUMPDEST DUP4 DUP2 LT ISZERO PUSH2 0xFE JUMPI DUP1 DUP3 ADD MLOAD DUP2 DUP5 ADD MSTORE PUSH1 0x20 DUP2 ADD SWAP1 POP PUSH2 0xE3 JUMP JUMPDEST POP POP POP POP SWAP1 POP SWAP1 DUP2 ADD SWAP1 PUSH1 0x1F AND DUP1 ISZERO PUSH2 0x12B JUMPI DUP1 DUP3 SUB DUP1 MLOAD PUSH1 0x1 DUP4 PUSH1 0x20 SUB PUSH2 0x100 EXP SUB NOT AND DUP2 MSTORE PUSH1 0x20 ADD SWAP2 POP JUMPDEST POP SWAP3 POP POP POP PUSH1 0x40 MLOAD DUP1 SWAP2 SUB SWAP1 RETURN JUMPDEST CALLVALUE DUP1 ISZERO PUSH2 0x145 JUMPI PUSH1 0x0 DUP1 REVERT JUMPDEST POP PUSH2 0x184 PUSH1 0x4 DUP1 CALLDATASIZE SUB DUP2 ADD SWAP1 DUP1 DUP1 CALLDATALOAD PUSH20 0xFFFFFFFFFFFFFFFFFFFFFFFFFFFFFFFFFFFFFFFF AND SWAP1 PUSH1 0x20 ADD SWAP1 SWAP3 SWAP2 SWAP1 DUP1 CALLDATALOAD SWAP1 PUSH1 0x20 ADD SWAP1 SWAP3 SWAP2 SWAP1 POP POP POP PUSH2 0x4F7 JUMP JUMPDEST PUSH1 0x40 MLOAD DUP1 DUP3 ISZERO ISZERO ISZERO ISZERO DUP2 MSTORE PUSH1 0x20 ADD SWAP2 POP POP PUSH1 0x40 MLOAD DUP1 SWAP2 SUB SWAP1 RETURN JUMPDEST CALLVALUE DUP1 ISZERO PUSH2 0x1AA JUMPI PUSH1 0x0 DUP1 REVERT JUMPDEST POP PUSH2 0x1B3 PUSH2 0x5E9 JUMP JUMPDEST PUSH1 0x40 MLOAD DUP1 DUP3 DUP2 MSTORE PUSH1 0x20 ADD SWAP2 POP POP PUSH1 0x40 MLOAD DUP1 SWAP2 SUB SWAP1 RETURN JUMPDEST CALLVALUE DUP1 ISZERO PUSH2 0x1D5 JUMPI PUSH1 0x0 DUP1 REVERT JUMPDEST POP PUSH2 0x234 PUSH1 0x4 DUP1 CALLDATASIZE SUB DUP2 ADD SWAP1 DUP1 DUP1 CALLDATALOAD PUSH20 0xFFFFFFFFFFFFFFFFFFFFFFFFFFFFFFFFFFFFFFFF AND SWAP1 PUSH1 0x20 ADD SWAP1 SWAP3 SWAP2 SWAP1 DUP1 CALLDATALOAD PUSH20 0xFFFFFFFFFFFFFFFFFFFFFFFFFFFFFFFFFFFFFFFF AND SWAP1 PUSH1 0x20 ADD SWAP1 SWAP3 SWAP2 SWAP1 DUP1 CALLDATALOAD SWAP1 PUSH1 0x20 ADD SWAP1 SWAP3 SWAP2 SWAP1 POP POP POP PUSH2 0x5EF JUMP JUMPDEST PUSH1 0x40 MLOAD DUP1 DUP3 ISZERO ISZERO ISZERO ISZERO DUP2 MSTORE PUSH1 0x20 ADD SWAP2 POP POP PUSH1 0x40 MLOAD DUP1 SWAP2 SUB SWAP1 RETURN JUMPDEST CALLVALUE DUP1 ISZERO PUSH2 0x25A JUMPI PUSH1 0x0 DUP1 REVERT JUMPDEST POP PUSH2 0x263 PUSH2 0x85B JUMP JUMPDEST PUSH1 0x40 MLOAD DUP1 DUP3 PUSH1 0xFF AND PUSH1 0xFF AND DUP2 MSTORE PUSH1 0x20 ADD SWAP2 POP POP PUSH1 0x40 MLOAD DUP1 SWAP2 SUB SWAP1 RETURN JUMPDEST CALLVALUE DUP1 ISZERO PUSH2 0x28B JUMPI PUSH1 0x0 DUP1 REVERT JUMPDEST POP PUSH2 0x2C0 PUSH1 0x4 DUP1 CALLDATASIZE SUB DUP2 ADD SWAP1 DUP1 DUP1 CALLDATALOAD PUSH20 0xFFFFFFFFFFFFFFFFFFFFFFFFFFFFFFFFFFFFFFFF AND SWAP1 PUSH1 0x20 ADD SWAP1 SWAP3 SWAP2 SWAP1 POP POP POP PUSH2 0x86E JUMP JUMPDEST PUSH1 0x40 MLOAD DUP1 DUP3 DUP2 MSTORE PUSH1 0x20 ADD SWAP2 POP POP PUSH1 0x40 MLOAD DUP1 SWAP2 SUB SWAP1 RETURN JUMPDEST CALLVALUE DUP1 ISZERO PUSH2 0x2E2 JUMPI PUSH1 0x0 DUP1 REVERT JUMPDEST POP PUSH2 0x2EB PUSH2 0x886 JUMP JUMPDEST PUSH1 0x40 MLOAD DUP1 DUP1 PUSH1 0x20 ADD DUP3 DUP2 SUB DUP3 MSTORE DUP4 DUP2 DUP2 MLOAD DUP2 MSTORE PUSH1 0x20 ADD SWAP2 POP DUP1 MLOAD SWAP1 PUSH1 0x20 ADD SWAP1 DUP1 DUP4 DUP4 PUSH1 0x0 JUMPDEST DUP4 DUP2 LT ISZERO PUSH2 0x32B JUMPI DUP1 DUP3 ADD MLOAD DUP2 DUP5 ADD MSTORE PUSH1 0x20 DUP2 ADD SWAP1 POP PUSH2 0x310 JUMP JUMPDEST POP POP POP POP SWAP1 POP SWAP1 DUP2 ADD SWAP1 PUSH1 0x1F AND DUP1 ISZERO PUSH2 0x358 JUMPI DUP1 DUP3 SUB DUP1 MLOAD PUSH1 0x1 DUP4 PUSH1 0x20 SUB PUSH2 0x100 EXP SUB NOT AND DUP2 MSTORE PUSH1 0x20 ADD SWAP2 POP JUMPDEST POP SWAP3 POP POP POP PUSH1 0x40 MLOAD DUP1 SWAP2 SUB SWAP1 RETURN JUMPDEST CALLVALUE DUP1 ISZERO PUSH2 0x372 JUMPI PUSH1 0x0 DUP1 REVERT JUMPDEST POP PUSH2 0x3B1 PUSH1 0x4 DUP1 CALLDATASIZE SUB DUP2 ADD SWAP1 DUP1 DUP1 CALLDATALOAD PUSH20 0xFFFFFFFFFFFFFFFFFFFFFFFFFFFFFFFFFFFFFFFF AND SWAP1 PUSH1 0x20 ADD SWAP1 SWAP3 SWAP2 SWAP1 DUP1 CALLDATALOAD SWAP1 PUSH1 0x20 ADD SWAP1 SWAP3 SWAP2 SWAP1 POP POP POP PUSH2 0x924 JUMP JUMPDEST PUSH1 0x40 MLOAD DUP1 DUP3 ISZERO ISZERO ISZERO ISZERO DUP2 MSTORE PUSH1 0x20 ADD SWAP2 POP POP PUSH1 0x40 MLOAD DUP1 SWAP2 SUB SWAP1 RETURN JUMPDEST CALLVALUE DUP1 ISZERO PUSH2 0x3D7 JUMPI PUSH1 0x0 DUP1 REVERT JUMPDEST POP PUSH2 0x3E0 PUSH2 0xA7A JUMP JUMPDEST STOP JUMPDEST CALLVALUE DUP1 ISZERO PUSH2 0x3EE JUMPI PUSH1 0x0 DUP1 REVERT JUMPDEST POP PUSH2 0x443 PUSH1 0x4 DUP1 CALLDATASIZE SUB DUP2 ADD SWAP1 DUP1 DUP1 CALLDATALOAD PUSH20 0xFFFFFFFFFFFFFFFFFFFFFFFFFFFFFFFFFFFFFFFF AND SWAP1 PUSH1 0x20 ADD SWAP1 SWAP3 SWAP2 SWAP1 DUP1 CALLDATALOAD PUSH20 0xFFFFFFFFFFFFFFFFFFFFFFFFFFFFFFFFFFFFFFFF AND SWAP1 PUSH1 0x20 ADD SWAP1 SWAP3 SWAP2 SWAP1 POP POP POP PUSH2 0xB29 JUMP JUMPDEST PUSH1 0x40 MLOAD DUP1 DUP3 DUP2 MSTORE PUSH1 0x20 ADD SWAP2 POP POP PUSH1 0x40 MLOAD DUP1 SWAP2 SUB SWAP1 RETURN JUMPDEST PUSH1 0x1 DUP1 SLOAD PUSH1 0x1 DUP2 PUSH1 0x1 AND ISZERO PUSH2 0x100 MUL SUB AND PUSH1 0x2 SWAP1 DIV DUP1 PUSH1 0x1F ADD PUSH1 0x20 DUP1 SWAP2 DIV MUL PUSH1 0x20 ADD PUSH1 0x40 MLOAD SWAP1 DUP2 ADD PUSH1 0x40 MSTORE DUP1 SWAP3 SWAP2 SWAP1 DUP2 DUP2 MSTORE PUSH1 0x20 ADD DUP3 DUP1 SLOAD PUSH1 0x1 DUP2 PUSH1 0x1 AND ISZERO PUSH2 0x100 MUL SUB AND PUSH1 0x2 SWAP1 DIV DUP1 ISZERO PUSH2 0x4EF JUMPI DUP1 PUSH1 0x1F LT PUSH2 0x4C4 JUMPI PUSH2 0x100 DUP1 DUP4 SLOAD DIV MUL DUP4 MSTORE SWAP2 PUSH1 0x20 ADD SWAP2 PUSH2 0x4EF JUMP JUMPDEST DUP3 ADD SWAP2 SWAP1 PUSH1 0x0 MSTORE PUSH1 0x20 PUSH1 0x0 KECCAK256 SWAP1 JUMPDEST DUP2 SLOAD DUP2 MSTORE SWAP1 PUSH1 0x1 ADD SWAP1 PUSH1 0x20 ADD DUP1 DUP4 GT PUSH2 0x4D2 JUMPI DUP3 SWAP1 SUB PUSH1 0x1F AND DUP3 ADD SWAP2 JUMPDEST POP POP POP POP POP DUP2 JUMP JUMPDEST PUSH1 0x0 DUP2 PUSH1 0x5 PUSH1 0x0 CALLER PUSH20 0xFFFFFFFFFFFFFFFFFFFFFFFFFFFFFFFFFFFFFFFF AND PUSH20 0xFFFFFFFFFFFFFFFFFFFFFFFFFFFFFFFFFFFFFFFF AND DUP2 MSTORE PUSH1 0x20 ADD SWAP1 DUP2 MSTORE PUSH1 0x20 ADD PUSH1 0x0 KECCAK256 PUSH1 0x0 DUP6 PUSH20 0xFFFFFFFFFFFFFFFFFFFFFFFFFFFFFFFFFFFFFFFF AND PUSH20 0xFFFFFFFFFFFFFFFFFFFFFFFFFFFFFFFFFFFFFFFF AND DUP2 MSTORE PUSH1 0x20 ADD SWAP1 DUP2 MSTORE PUSH1 0x20 ADD PUSH1 0x0 KECCAK256 DUP2 SWAP1 SSTORE POP DUP3 PUSH20 0xFFFFFFFFFFFFFFFFFFFFFFFFFFFFFFFFFFFFFFFF AND CALLER PUSH20 0xFFFFFFFFFFFFFFFFFFFFFFFFFFFFFFFFFFFFFFFF AND PUSH32 0x8C5BE1E5EBEC7D5BD14F71427D1E84F3DD0314C0F7B2291E5B200AC8C7C3B925 DUP5 PUSH1 0x40 MLOAD DUP1 DUP3 DUP2 MSTORE PUSH1 0x20 ADD SWAP2 POP POP PUSH1 0x40 MLOAD DUP1 SWAP2 SUB SWAP1 LOG3 PUSH1 0x1 SWAP1 POP SWAP3 SWAP2 POP POP JUMP JUMPDEST PUSH1 0x4 SLOAD DUP2 JUMP JUMPDEST PUSH1 0x0 DUP1 PUSH1 0x0 DUP6 PUSH20 0xFFFFFFFFFFFFFFFFFFFFFFFFFFFFFFFFFFFFFFFF AND PUSH20 0xFFFFFFFFFFFFFFFFFFFFFFFFFFFFFFFFFFFFFFFF AND DUP2 MSTORE PUSH1 0x20 ADD SWAP1 DUP2 MSTORE PUSH1 0x20 ADD PUSH1 0x0 KECCAK256 SLOAD DUP3 GT ISZERO ISZERO ISZERO PUSH2 0x63E JUMPI PUSH1 0x0 DUP1 REVERT JUMPDEST PUSH1 0x5 PUSH1 0x0 DUP6 PUSH20 0xFFFFFFFFFFFFFFFFFFFFFFFFFFFFFFFFFFFFFFFF AND PUSH20 0xFFFFFFFFFFFFFFFFFFFFFFFFFFFFFFFFFFFFFFFF AND DUP2 MSTORE PUSH1 0x20 ADD SWAP1 DUP2 MSTORE PUSH1 0x20 ADD PUSH1 0x0 KECCAK256 PUSH1 0x0 CALLER PUSH20 0xFFFFFFFFFFFFFFFFFFFFFFFFFFFFFFFFFFFFFFFF AND PUSH20 0xFFFFFFFFFFFFFFFFFFFFFFFFFFFFFFFFFFFFFFFF AND DUP2 MSTORE PUSH1 0x20 ADD SWAP1 DUP2 MSTORE PUSH1 0x20 ADD PUSH1 0x0 KECCAK256 SLOAD DUP3 GT ISZERO ISZERO ISZERO PUSH2 0x6C9 JUMPI PUSH1 0x0 DUP1 REVERT JUMPDEST DUP2 PUSH1 0x0 DUP1 DUP7 PUSH20 0xFFFFFFFFFFFFFFFFFFFFFFFFFFFFFFFFFFFFFFFF AND PUSH20 0xFFFFFFFFFFFFFFFFFFFFFFFFFFFFFFFFFFFFFFFF AND DUP2 MSTORE PUSH1 0x20 ADD SWAP1 DUP2 MSTORE PUSH1 0x20 ADD PUSH1 0x0 KECCAK256 PUSH1 0x0 DUP3 DUP3 SLOAD SUB SWAP3 POP POP DUP2 SWAP1 SSTORE POP DUP2 PUSH1 0x0 DUP1 DUP6 PUSH20 0xFFFFFFFFFFFFFFFFFFFFFFFFFFFFFFFFFFFFFFFF AND PUSH20 0xFFFFFFFFFFFFFFFFFFFFFFFFFFFFFFFFFFFFFFFF AND DUP2 MSTORE PUSH1 0x20 ADD SWAP1 DUP2 MSTORE PUSH1 0x20 ADD PUSH1 0x0 KECCAK256 PUSH1 0x0 DUP3 DUP3 SLOAD ADD SWAP3 POP POP DUP2 SWAP1 SSTORE POP DUP2 PUSH1 0x5 PUSH1 0x0 DUP7 PUSH20 0xFFFFFFFFFFFFFFFFFFFFFFFFFFFFFFFFFFFFFFFF AND PUSH20 0xFFFFFFFFFFFFFFFFFFFFFFFFFFFFFFFFFFFFFFFF AND DUP2 MSTORE PUSH1 0x20 ADD SWAP1 DUP2 MSTORE PUSH1 0x20 ADD PUSH1 0x0 KECCAK256 PUSH1 0x0 CALLER PUSH20 0xFFFFFFFFFFFFFFFFFFFFFFFFFFFFFFFFFFFFFFFF AND PUSH20 0xFFFFFFFFFFFFFFFFFFFFFFFFFFFFFFFFFFFFFFFF AND DUP2 MSTORE PUSH1 0x20 ADD SWAP1 DUP2 MSTORE PUSH1 0x20 ADD PUSH1 0x0 KECCAK256 PUSH1 0x0 DUP3 DUP3 SLOAD SUB SWAP3 POP POP DUP2 SWAP1 SSTORE POP DUP3 PUSH20 0xFFFFFFFFFFFFFFFFFFFFFFFFFFFFFFFFFFFFFFFF AND DUP5 PUSH20 0xFFFFFFFFFFFFFFFFFFFFFFFFFFFFFFFFFFFFFFFF AND PUSH32 0xDDF252AD1BE2C89B69C2B068FC378DAA952BA7F163C4A11628F55A4DF523B3EF DUP5 PUSH1 0x40 MLOAD DUP1 DUP3 DUP2 MSTORE PUSH1 0x20 ADD SWAP2 POP POP PUSH1 0x40 MLOAD DUP1 SWAP2 SUB SWAP1 LOG3 PUSH1 0x1 SWAP1 POP SWAP4 SWAP3 POP POP POP JUMP JUMPDEST PUSH1 0x3 PUSH1 0x0 SWAP1 SLOAD SWAP1 PUSH2 0x100 EXP SWAP1 DIV PUSH1 0xFF AND DUP2 JUMP JUMPDEST PUSH1 0x0 PUSH1 0x20 MSTORE DUP1 PUSH1 0x0 MSTORE PUSH1 0x40 PUSH1 0x0 KECCAK256 PUSH1 0x0 SWAP2 POP SWAP1 POP SLOAD DUP2 JUMP JUMPDEST PUSH1 0x2 DUP1 SLOAD PUSH1 0x1 DUP2 PUSH1 0x1 AND ISZERO PUSH2 0x100 MUL SUB AND PUSH1 0x2 SWAP1 DIV DUP1 PUSH1 0x1F ADD PUSH1 0x20 DUP1 SWAP2 DIV MUL PUSH1 0x20 ADD PUSH1 0x40 MLOAD SWAP1 DUP2 ADD PUSH1 0x40 MSTORE DUP1 SWAP3 SWAP2 SWAP1 DUP2 DUP2 MSTORE PUSH1 0x20 ADD DUP3 DUP1 SLOAD PUSH1 0x1 DUP2 PUSH1 0x1 AND ISZERO PUSH2 0x100 MUL SUB AND PUSH1 0x2 SWAP1 DIV DUP1 ISZERO PUSH2 0x91C JUMPI DUP1 PUSH1 0x1F LT PUSH2 0x8F1 JUMPI PUSH2 0x100 DUP1 DUP4 SLOAD DIV MUL DUP4 MSTORE SWAP2 PUSH1 0x20 ADD SWAP2 PUSH2 0x91C JUMP JUMPDEST DUP3 ADD SWAP2 SWAP1 PUSH1 0x0 MSTORE PUSH1 0x20 PUSH1 0x0 KECCAK256 SWAP1 JUMPDEST DUP2 SLOAD DUP2 MSTORE SWAP1 PUSH1 0x1 ADD SWAP1 PUSH1 0x20 ADD DUP1 DUP4 GT PUSH2 0x8FF JUMPI DUP3 SWAP1 SUB PUSH1 0x1F AND DUP3 ADD SWAP2 JUMPDEST POP POP POP POP POP DUP2 JUMP JUMPDEST PUSH1 0x0 DUP2 PUSH1 0x0 DUP1 CALLER PUSH20 0xFFFFFFFFFFFFFFFFFFFFFFFFFFFFFFFFFFFFFFFF AND PUSH20 0xFFFFFFFFFFFFFFFFFFFFFFFFFFFFFFFFFFFFFFFF AND DUP2 MSTORE PUSH1 0x20 ADD SWAP1 DUP2 MSTORE PUSH1 0x20 ADD PUSH1 0x0 KECCAK256 SLOAD LT ISZERO ISZERO ISZERO PUSH2 0x973 JUMPI PUSH1 0x0 DUP1 REVERT JUMPDEST DUP2 PUSH1 0x0 DUP1 CALLER PUSH20 0xFFFFFFFFFFFFFFFFFFFFFFFFFFFFFFFFFFFFFFFF AND PUSH20 0xFFFFFFFFFFFFFFFFFFFFFFFFFFFFFFFFFFFFFFFF AND DUP2 MSTORE PUSH1 0x20 ADD SWAP1 DUP2 MSTORE PUSH1 0x20 ADD PUSH1 0x0 KECCAK256 PUSH1 0x0 DUP3 DUP3 SLOAD SUB SWAP3 POP POP DUP2 SWAP1 SSTORE POP DUP2 PUSH1 0x0 DUP1 DUP6 PUSH20 0xFFFFFFFFFFFFFFFFFFFFFFFFFFFFFFFFFFFFFFFF AND PUSH20 0xFFFFFFFFFFFFFFFFFFFFFFFFFFFFFFFFFFFFFFFF AND DUP2 MSTORE PUSH1 0x20 ADD SWAP1 DUP2 MSTORE PUSH1 0x20 ADD PUSH1 0x0 KECCAK256 PUSH1 0x0 DUP3 DUP3 SLOAD ADD SWAP3 POP POP DUP2 SWAP1 SSTORE POP DUP3 PUSH20 0xFFFFFFFFFFFFFFFFFFFFFFFFFFFFFFFFFFFFFFFF AND CALLER PUSH20 0xFFFFFFFFFFFFFFFFFFFFFFFFFFFFFFFFFFFFFFFF AND PUSH32 0xDDF252AD1BE2C89B69C2B068FC378DAA952BA7F163C4A11628F55A4DF523B3EF DUP5 PUSH1 0x40 MLOAD DUP1 DUP3 DUP2 MSTORE PUSH1 0x20 ADD SWAP2 POP POP PUSH1 0x40 MLOAD DUP1 SWAP2 SUB SWAP1 LOG3 PUSH1 0x1 SWAP1 POP SWAP3 SWAP2 POP POP JUMP JUMPDEST PUSH1 0x4 SLOAD PUSH1 0x0 DUP1 CALLER PUSH20 0xFFFFFFFFFFFFFFFFFFFFFFFFFFFFFFFFFFFFFFFF AND PUSH20 0xFFFFFFFFFFFFFFFFFFFFFFFFFFFFFFFFFFFFFFFF AND DUP2 MSTORE PUSH1 0x20 ADD SWAP1 DUP2 MSTORE PUSH1 0x20 ADD PUSH1 0x0 KECCAK256 DUP2 SWAP1 SSTORE POP CALLER PUSH20 0xFFFFFFFFFFFFFFFFFFFFFFFFFFFFFFFFFFFFFFFF AND PUSH1 0x0 PUSH20 0xFFFFFFFFFFFFFFFFFFFFFFFFFFFFFFFFFFFFFFFF AND PUSH32 0xDDF252AD1BE2C89B69C2B068FC378DAA952BA7F163C4A11628F55A4DF523B3EF PUSH1 0x4 SLOAD PUSH1 0x40 MLOAD DUP1 DUP3 DUP2 MSTORE PUSH1 0x20 ADD SWAP2 POP POP PUSH1 0x40 MLOAD DUP1 SWAP2 SUB SWAP1 LOG3 JUMP JUMPDEST PUSH1 0x5 PUSH1 0x20 MSTORE DUP2 PUSH1 0x0 MSTORE PUSH1 0x40 PUSH1 0x0 KECCAK256 PUSH1 0x20 MSTORE DUP1 PUSH1 0x0 MSTORE PUSH1 0x40 PUSH1 0x0 KECCAK256 PUSH1 0x0 SWAP2 POP SWAP2 POP POP SLOAD DUP2 JUMP STOP LOG1 PUSH6 0x627A7A723058 KECCAK256 0xb7 0xde 0xac 0x4a 0xf9 BALANCE 0xc 0xd6 0xdb 0xd2 0xed PUSH15 0x86FE7840397A093350ED3FEADA6CE9 SWAP8 DUP2 PUSH27 0x102100290000000000000000000000000000000000000000000000
0,PUSH1 0x80 PUSH1 0x40 MSTORE PUSH1 0x40 DUP1 MLOAD SWAP1 DUP2 ADD PUSH1 0x40 MSTORE DUP1 PUSH1 0x17 DUP2 MSTORE PUSH1 0x20 ADD PUSH32 0x94343445F4B4F484C455F345F32303139303431310909000000000000000000 DUP2 MSTORE POP PUSH1 0x1 SWAP1 DUP1 MLOAD SWAP1 PUSH1 0x20 ADD SWAP1 PUSH2 0x4F SWAP3 SWAP2 SWAP1 PUSH2 0xD9 JUMP JUMPDEST POP PUSH1 0x40 DUP1 MLOAD SWAP1 DUP2 ADD PUSH1 0x40 MSTORE DUP1 PUSH1 0x1D DUP2 MSTORE PUSH1 0x20 ADD PUSH32 0x94343445F4B4F484C455F345F32303139303431315F73756244540909000000 DUP2 MSTORE POP PUSH1 0x2 SWAP1 DUP1 MLOAD SWAP1 PUSH1 0x20 ADD SWAP1 PUSH2 0x9B SWAP3 SWAP2 SWAP1 PUSH2 0xD9 JUMP JUMPDEST POP PUSH1 0x12 PUSH1 0x3 PUSH1 0x0 PUSH2 0x100 EXP DUP2 SLOAD DUP2 PUSH1 0xFF MUL NOT AND SWAP1 DUP4 PUSH1 0xFF AND MUL OR SWAP1 SSTORE POP PUSH11 0x1060D026983FFAA7000000 PUSH1 0x4 SSTORE CALLVALUE DUP1 ISZERO PUSH2 0xD3 JUMPI PUSH1 0x0 DUP1 REVERT JUMPDEST POP PUSH2 0x17E JUMP JUMPDEST DUP3 DUP1 SLOAD PUSH1 0x1 DUP2 PUSH1 0x1 AND ISZERO PUSH2 0x100 MUL SUB AND PUSH1 0x2 SWAP1 DIV SWAP1 PUSH1 0x0 MSTORE PUSH1 0x20 PUSH1 0x0 KECCAK256 SWAP1 PUSH1 0x1F ADD PUSH1 0x20 SWAP1 DIV DUP2 ADD SWAP3 DUP3 PUSH1 0x1F LT PUSH2 0x11A JUMPI DUP1 MLOAD PUSH1 0xFF NOT AND DUP4 DUP1 ADD OR DUP6 SSTORE PUSH2 0x148 JUMP JUMPDEST DUP3 DUP1 ADD PUSH1 0x1 ADD DUP6 SSTORE DUP3 ISZERO PUSH2 0x148 JUMPI SWAP2 DUP3 ADD JUMPDEST DUP3 DUP2 GT ISZERO PUSH2 0x147 JUMPI DUP3 MLOAD DUP3 SSTORE SWAP2 PUSH1 0x20 ADD SWAP2 SWAP1 PUSH1 0x1 ADD SWAP1 PUSH2 0x12C JUMP JUMPDEST JUMPDEST POP SWAP1 POP PUSH2 0x155 SWAP2 SWAP1 PUSH2 0x159 JUMP JUMPDEST POP SWAP1 JUMP JUMPDEST PUSH2 0x17B SWAP2 SWAP1 JUMPDEST DUP1 DUP3 GT ISZERO PUSH2 0x177 JUMPI PUSH1 0x0 DUP2 PUSH1 0x0 SWAP1 SSTORE POP PUSH1 0x1 ADD PUSH2 0x15F JUMP JUMPDEST POP SWAP1 JUMP JUMPDEST SWAP1 JUMP JUMPDEST PUSH2 0xB7A DUP1 PUSH2 0x18D PUSH1 0x0 CODECOPY PUSH1 0x0 RETURN STOP PUSH1 0x80 PUSH1 0x40 MSTORE PUSH1 0x4 CALLDATASIZE LT PUSH2 0xA4 JUMPI PUSH1 0x0 CALLDATALOAD PUSH29 0x100000000000000000000000000000000000000000000000000000000 SWAP1 DIV PUSH4 0xFFFFFFFF AND DUP1 PUSH4 0x6FDDE03 EQ PUSH2 0xA9 JUMPI DUP1 PUSH4 0x95EA7B3 EQ PUSH2 0x139 JUMPI DUP1 PUSH4 0x18160DDD EQ PUSH2 0x19E JUMPI DUP1 PUSH4 0x23B872DD EQ PUSH2 0x1C9 JUMPI DUP1 PUSH4 0x313CE567 EQ PUSH2 0x24E JUMPI DUP1 PUSH4 0x70A08231 EQ PUSH2 0x27F JUMPI DUP1 PUSH4 0x95D89B41 EQ PUSH2 0x2D6 JUMPI DUP1 PUSH4 0xA9059CBB EQ PUSH2 0x366 JUMPI DUP1 PUSH4 0xB5C8F317 EQ PUSH2 0x3CB JUMPI DUP1 PUSH4 0xDD62ED3E EQ PUSH2 0x3E2 JUMPI JUMPDEST PUSH1 0x0 DUP1 REVERT JUMPDEST CALLVALUE DUP1 ISZERO PUSH2 0xB5 JUMPI PUSH1 0x0 DUP1 REVERT JUMPDEST POP PUSH2 0xBE PUSH2 0x459 JUMP JUMPDEST PUSH1 0x40 MLOAD DUP1 DUP1 PUSH1 0x20 ADD DUP3 DUP2 SUB DUP3 MSTORE DUP4 DUP2 DUP2 MLOAD DUP2 MSTORE PUSH1 0x20 ADD SWAP2 POP DUP1 MLOAD SWAP1 PUSH1 0x20 ADD SWAP1 DUP1 DUP4 DUP4 PUSH1 0x0 JUMPDEST DUP4 DUP2 LT ISZERO PUSH2 0xFE JUMPI DUP1 DUP3 ADD MLOAD DUP2 DUP5 ADD MSTORE PUSH1 0x20 DUP2 ADD SWAP1 POP PUSH2 0xE3 JUMP JUMPDEST POP POP POP POP SWAP1 POP SWAP1 DUP2 ADD SWAP1 PUSH1 0x1F AND DUP1 ISZERO PUSH2 0x12B JUMPI DUP1 DUP3 SUB DUP1 MLOAD PUSH1 0x1 DUP4 PUSH1 0x20 SUB PUSH2 0x100 EXP SUB NOT AND DUP2 MSTORE PUSH1 0x20 ADD SWAP2 POP JUMPDEST POP SWAP3 POP POP POP PUSH1 0x40 MLOAD DUP1 SWAP2 SUB SWAP1 RETURN JUMPDEST CALLVALUE DUP1 ISZERO PUSH2 0x145 JUMPI PUSH1 0x0 DUP1 REVERT JUMPDEST POP PUSH2 0x184 PUSH1 0x4 DUP1 CALLDATASIZE SUB DUP2 ADD SWAP1 DUP1 DUP1 CALLDATALOAD PUSH20 0xFFFFFFFFFFFFFFFFFFFFFFFFFFFFFFFFFFFFFFFF AND SWAP1 PUSH1 0x20 ADD SWAP1 SWAP3 SWAP2 SWAP1 DUP1 CALLDATALOAD SWAP1 PUSH1 0x20 ADD SWAP1 SWAP3 SWAP2 SWAP1 POP POP POP PUSH2 0x4F7 JUMP JUMPDEST PUSH1 0x40 MLOAD DUP1 DUP3 ISZERO ISZERO ISZERO ISZERO DUP2 MSTORE PUSH1 0x20 ADD SWAP2 POP POP PUSH1 0x40 MLOAD DUP1 SWAP2 SUB SWAP1 RETURN JUMPDEST CALLVALUE DUP1 ISZERO PUSH2 0x1AA JUMPI PUSH1 0x0 DUP1 REVERT JUMPDEST POP PUSH2 0x1B3 PUSH2 0x5E9 JUMP JUMPDEST PUSH1 0x40 MLOAD DUP1 DUP3 DUP2 MSTORE PUSH1 0x20 ADD SWAP2 POP POP PUSH1 0x40 MLOAD DUP1 SWAP2 SUB SWAP1 RETURN JUMPDEST CALLVALUE DUP1 ISZERO PUSH2 0x1D5 JUMPI PUSH1 0x0 DUP1 REVERT JUMPDEST POP PUSH2 0x234 PUSH1 0x4 DUP1 CALLDATASIZE SUB DUP2 ADD SWAP1 DUP1 DUP1 CALLDATALOAD PUSH20 0xFFFFFFFFFFFFFFFFFFFFFFFFFFFFFFFFFFFFFFFF AND SWAP1 PUSH1 0x20 ADD SWAP1 SWAP3 SWAP2 SWAP1 DUP1 CALLDATALOAD PUSH20 0xFFFFFFFFFFFFFFFFFFFFFFFFFFFFFFFFFFFFFFFF AND SWAP1 PUSH1 0x20 ADD SWAP1 SWAP3 SWAP2 SWAP1 DUP1 CALLDATALOAD SWAP1 PUSH1 0x20 ADD SWAP1 SWAP3 SWAP2 SWAP1 POP POP POP PUSH2 0x5EF JUMP JUMPDEST PUSH1 0x40 MLOAD DUP1 DUP3 ISZERO ISZERO ISZERO ISZERO DUP2 MSTORE PUSH1 0x20 ADD SWAP2 POP POP PUSH1 0x40 MLOAD DUP1 SWAP2 SUB SWAP1 RETURN JUMPDEST CALLVALUE DUP1 ISZERO PUSH2 0x25A JUMPI PUSH1 0x0 DUP1 REVERT JUMPDEST POP PUSH2 0x263 PUSH2 0x85B JUMP JUMPDEST PUSH1 0x40 MLOAD DUP1 DUP3 PUSH1 0xFF AND PUSH1 0xFF AND DUP2 MSTORE PUSH1 0x20 ADD SWAP2 POP POP PUSH1 0x40 MLOAD DUP1 SWAP2 SUB SWAP1 RETURN JUMPDEST CALLVALUE DUP1 ISZERO PUSH2 0x28B JUMPI PUSH1 0x0 DUP1 REVERT JUMPDEST POP PUSH2 0x2C0 PUSH1 0x4 DUP1 CALLDATASIZE SUB DUP2 ADD SWAP1 DUP1 DUP1 CALLDATALOAD PUSH20 0xFFFFFFFFFFFFFFFFFFFFFFFFFFFFFFFFFFFFFFFF AND SWAP1 PUSH1 0x20 ADD SWAP1 SWAP3 SWAP2 SWAP1 POP POP POP PUSH2 0x86E JUMP JUMPDEST PUSH1 0x40 MLOAD DUP1 DUP3 DUP2 MSTORE PUSH1 0x20 ADD SWAP2 POP POP PUSH1 0x40 MLOAD DUP1 SWAP2 SUB SWAP1 RETURN JUMPDEST CALLVALUE DUP1 ISZERO PUSH2 0x2E2 JUMPI PUSH1 0x0 DUP1 REVERT JUMPDEST POP PUSH2 0x2EB PUSH2 0x886 JUMP JUMPDEST PUSH1 0x40 MLOAD DUP1 DUP1 PUSH1 0x20 ADD DUP3 DUP2 SUB DUP3 MSTORE DUP4 DUP2 DUP2 MLOAD DUP2 MSTORE PUSH1 0x20 ADD SWAP2 POP DUP1 MLOAD SWAP1 PUSH1 0x20 ADD SWAP1 DUP1 DUP4 DUP4 PUSH1 0x0 JUMPDEST DUP4 DUP2 LT ISZERO PUSH2 0x32B JUMPI DUP1 DUP3 ADD MLOAD DUP2 DUP5 ADD MSTORE PUSH1 0x20 DUP2 ADD SWAP1 POP PUSH2 0x310 JUMP JUMPDEST POP POP POP POP SWAP1 POP SWAP1 DUP2 ADD SWAP1 PUSH1 0x1F AND DUP1 ISZERO PUSH2 0x358 JUMPI DUP1 DUP3 SUB DUP1 MLOAD PUSH1 0x1 DUP4 PUSH1 0x20 SUB PUSH2 0x100 EXP SUB NOT AND DUP2 MSTORE PUSH1 0x20 ADD SWAP2 POP JUMPDEST POP SWAP3 POP POP POP PUSH1 0x40 MLOAD DUP1 SWAP2 SUB SWAP1 RETURN JUMPDEST CALLVALUE DUP1 ISZERO PUSH2 0x372 JUMPI PUSH1 0x0 DUP1 REVERT JUMPDEST POP PUSH2 0x3B1 PUSH1 0x4 DUP1 CALLDATASIZE SUB DUP2 ADD SWAP1 DUP1 DUP1 CALLDATALOAD PUSH20 0xFFFFFFFFFFFFFFFFFFFFFFFFFFFFFFFFFFFFFFFF AND SWAP1 PUSH1 0x20 ADD SWAP1 SWAP3 SWAP2 SWAP1 DUP1 CALLDATALOAD SWAP1 PUSH1 0x20 ADD SWAP1 SWAP3 SWAP2 SWAP1 POP POP POP PUSH2 0x924 JUMP JUMPDEST PUSH1 0x40 MLOAD DUP1 DUP3 ISZERO ISZERO ISZERO ISZERO DUP2 MSTORE PUSH1 0x20 ADD SWAP2 POP POP PUSH1 0x40 MLOAD DUP1 SWAP2 SUB SWAP1 RETURN JUMPDEST CALLVALUE DUP1 ISZERO PUSH2 0x3D7 JUMPI PUSH1 0x0 DUP1 REVERT JUMPDEST POP PUSH2 0x3E0 PUSH2 0xA7A JUMP JUMPDEST STOP JUMPDEST CALLVALUE DUP1 ISZERO PUSH2 0x3EE JUMPI PUSH1 0x0 DUP1 REVERT JUMPDEST POP PUSH2 0x443 PUSH1 0x4 DUP1 CALLDATASIZE SUB DUP2 ADD SWAP1 DUP1 DUP1 CALLDATALOAD PUSH20 0xFFFFFFFFFFFFFFFFFFFFFFFFFFFFFFFFFFFFFFFF AND SWAP1 PUSH1 0x20 ADD SWAP1 SWAP3 SWAP2 SWAP1 DUP1 CALLDATALOAD PUSH20 0xFFFFFFFFFFFFFFFFFFFFFFFFFFFFFFFFFFFFFFFF AND SWAP1 PUSH1 0x20 ADD SWAP1 SWAP3 SWAP2 SWAP1 POP POP POP PUSH2 0xB29 JUMP JUMPDEST PUSH1 0x40 MLOAD DUP1 DUP3 DUP2 MSTORE PUSH1 0x20 ADD SWAP2 POP POP PUSH1 0x40 MLOAD DUP1 SWAP2 SUB SWAP1 RETURN JUMPDEST PUSH1 0x1 DUP1 SLOAD PUSH1 0x1 DUP2 PUSH1 0x1 AND ISZERO PUSH2 0x100 MUL SUB AND PUSH1 0x2 SWAP1 DIV DUP1 PUSH1 0x1F ADD PUSH1 0x20 DUP1 SWAP2 DIV MUL PUSH1 0x20 ADD PUSH1 0x40 MLOAD SWAP1 DUP2 ADD PUSH1 0x40 MSTORE DUP1 SWAP3 SWAP2 SWAP1 DUP2 DUP2 MSTORE PUSH1 0x20 ADD DUP3 DUP1 SLOAD PUSH1 0x1 DUP2 PUSH1 0x1 AND ISZERO PUSH2 0x100 MUL SUB AND PUSH1 0x2 SWAP1 DIV DUP1 ISZERO PUSH2 0x4EF JUMPI DUP1 PUSH1 0x1F LT PUSH2 0x4C4 JUMPI PUSH2 0x100 DUP1 DUP4 SLOAD DIV MUL DUP4 MSTORE SWAP2 PUSH1 0x20 ADD SWAP2 PUSH2 0x4EF JUMP JUMPDEST DUP3 ADD SWAP2 SWAP1 PUSH1 0x0 MSTORE PUSH1 0x20 PUSH1 0x0 KECCAK256 SWAP1 JUMPDEST DUP2 SLOAD DUP2 MSTORE SWAP1 PUSH1 0x1 ADD SWAP1 PUSH1 0x20 ADD DUP1 DUP4 GT PUSH2 0x4D2 JUMPI DUP3 SWAP1 SUB PUSH1 0x1F AND DUP3 ADD SWAP2 JUMPDEST POP POP POP POP POP DUP2 JUMP JUMPDEST PUSH1 0x0 DUP2 PUSH1 0x5 PUSH1 0x0 CALLER PUSH20 0xFFFFFFFFFFFFFFFFFFFFFFFFFFFFFFFFFFFFFFFF AND PUSH20 0xFFFFFFFFFFFFFFFFFFFFFFFFFFFFFFFFFFFFFFFF AND DUP2 MSTORE PUSH1 0x20 ADD SWAP1 DUP2 MSTORE PUSH1 0x20 ADD PUSH1 0x0 KECCAK256 PUSH1 0x0 DUP6 PUSH20 0xFFFFFFFFFFFFFFFFFFFFFFFFFFFFFFFFFFFFFFFF AND PUSH20 0xFFFFFFFFFFFFFFFFFFFFFFFFFFFFFFFFFFFFFFFF AND DUP2 MSTORE PUSH1 0x20 ADD SWAP1 DUP2 MSTORE PUSH1 0x20 ADD PUSH1 0x0 KECCAK256 DUP2 SWAP1 SSTORE POP DUP3 PUSH20 0xFFFFFFFFFFFFFFFFFFFFFFFFFFFFFFFFFFFFFFFF AND CALLER PUSH20 0xFFFFFFFFFFFFFFFFFFFFFFFFFFFFFFFFFFFFFFFF AND PUSH32 0x8C5BE1E5EBEC7D5BD14F71427D1E84F3DD0314C0F7B2291E5B200AC8C7C3B925 DUP5 PUSH1 0x40 MLOAD DUP1 DUP3 DUP2 MSTORE PUSH1 0x20 ADD SWAP2 POP POP PUSH1 0x40 MLOAD DUP1 SWAP2 SUB SWAP1 LOG3 PUSH1 0x1 SWAP1 POP SWAP3 SWAP2 POP POP JUMP JUMPDEST PUSH1 0x4 SLOAD DUP2 JUMP JUMPDEST PUSH1 0x0 DUP1 PUSH1 0x0 DUP6 PUSH20 0xFFFFFFFFFFFFFFFFFFFFFFFFFFFFFFFFFFFFFFFF AND PUSH20 0xFFFFFFFFFFFFFFFFFFFFFFFFFFFFFFFFFFFFFFFF AND DUP2 MSTORE PUSH1 0x20 ADD SWAP1 DUP2 MSTORE PUSH1 0x20 ADD PUSH1 0x0 KECCAK256 SLOAD DUP3 GT ISZERO ISZERO ISZERO PUSH2 0x63E JUMPI PUSH1 0x0 DUP1 REVERT JUMPDEST PUSH1 0x5 PUSH1 0x0 DUP6 PUSH20 0xFFFFFFFFFFFFFFFFFFFFFFFFFFFFFFFFFFFFFFFF AND PUSH20 0xFFFFFFFFFFFFFFFFFFFFFFFFFFFFFFFFFFFFFFFF AND DUP2 MSTORE PUSH1 0x20 ADD SWAP1 DUP2 MSTORE PUSH1 0x20 ADD PUSH1 0x0 KECCAK256 PUSH1 0x0 CALLER PUSH20 0xFFFFFFFFFFFFFFFFFFFFFFFFFFFFFFFFFFFFFFFF AND PUSH20 0xFFFFFFFFFFFFFFFFFFFFFFFFFFFFFFFFFFFFFFFF AND DUP2 MSTORE PUSH1 0x20 ADD SWAP1 DUP2 MSTORE PUSH1 0x20 ADD PUSH1 0x0 KECCAK256 SLOAD DUP3 GT ISZERO ISZERO ISZERO PUSH2 0x6C9 JUMPI PUSH1 0x0 DUP1 REVERT JUMPDEST DUP2 PUSH1 0x0 DUP1 DUP7 PUSH20 0xFFFFFFFFFFFFFFFFFFFFFFFFFFFFFFFFFFFFFFFF AND PUSH20 0xFFFFFFFFFFFFFFFFFFFFFFFFFFFFFFFFFFFFFFFF AND DUP2 MSTORE PUSH1 0x20 ADD SWAP1 DUP2 MSTORE PUSH1 0x20 ADD PUSH1 0x0 KECCAK256 PUSH1 0x0 DUP3 DUP3 SLOAD SUB SWAP3 POP POP DUP2 SWAP1 SSTORE POP DUP2 PUSH1 0x0 DUP1 DUP6 PUSH20 0xFFFFFFFFFFFFFFFFFFFFFFFFFFFFFFFFFFFFFFFF AND PUSH20 0xFFFFFFFFFFFFFFFFFFFFFFFFFFFFFFFFFFFFFFFF AND DUP2 MSTORE PUSH1 0x20 ADD SWAP1 DUP2 MSTORE PUSH1 0x20 ADD PUSH1 0x0 KECCAK256 PUSH1 0x0 DUP3 DUP3 SLOAD ADD SWAP3 POP POP DUP2 SWAP1 SSTORE POP DUP2 PUSH1 0x5 PUSH1 0x0 DUP7 PUSH20 0xFFFFFFFFFFFFFFFFFFFFFFFFFFFFFFFFFFFFFFFF AND PUSH20 0xFFFFFFFFFFFFFFFFFFFFFFFFFFFFFFFFFFFFFFFF AND DUP2 MSTORE PUSH1 0x20 ADD SWAP1 DUP2 MSTORE PUSH1 0x20 ADD PUSH1 0x0 KECCAK256 PUSH1 0x0 CALLER PUSH20 0xFFFFFFFFFFFFFFFFFFFFFFFFFFFFFFFFFFFFFFFF AND PUSH20 0xFFFFFFFFFFFFFFFFFFFFFFFFFFFFFFFFFFFFFFFF AND DUP2 MSTORE PUSH1 0x20 ADD SWAP1 DUP2 MSTORE PUSH1 0x20 ADD PUSH1 0x0 KECCAK256 PUSH1 0x0 DUP3 DUP3 SLOAD SUB SWAP3 POP POP DUP2 SWAP1 SSTORE POP DUP3 PUSH20 0xFFFFFFFFFFFFFFFFFFFFFFFFFFFFFFFFFFFFFFFF AND DUP5 PUSH20 0xFFFFFFFFFFFFFFFFFFFFFFFFFFFFFFFFFFFFFFFF AND PUSH32 0xDDF252AD1BE2C89B69C2B068FC378DAA952BA7F163C4A11628F55A4DF523B3EF DUP5 PUSH1 0x40 MLOAD DUP1 DUP3 DUP2 MSTORE PUSH1 0x20 ADD SWAP2 POP POP PUSH1 0x40 MLOAD DUP1 SWAP2 SUB SWAP1 LOG3 PUSH1 0x1 SWAP1 POP SWAP4 SWAP3 POP POP POP JUMP JUMPDEST PUSH1 0x3 PUSH1 0x0 SWAP1 SLOAD SWAP1 PUSH2 0x100 EXP SWAP1 DIV PUSH1 0xFF AND DUP2 JUMP JUMPDEST PUSH1 0x0 PUSH1 0x20 MSTORE DUP1 PUSH1 0x0 MSTORE PUSH1 0x40 PUSH1 0x0 KECCAK256 PUSH1 0x0 SWAP2 POP SWAP1 POP SLOAD DUP2 JUMP JUMPDEST PUSH1 0x2 DUP1 SLOAD PUSH1 0x1 DUP2 PUSH1 0x1 AND ISZERO PUSH2 0x100 MUL SUB AND PUSH1 0x2 SWAP1 DIV DUP1 PUSH1 0x1F ADD PUSH1 0x20 DUP1 SWAP2 DIV MUL PUSH1 0x20 ADD PUSH1 0x40 MLOAD SWAP1 DUP2 ADD PUSH1 0x40 MSTORE DUP1 SWAP3 SWAP2 SWAP1 DUP2 DUP2 MSTORE PUSH1 0x20 ADD DUP3 DUP1 SLOAD PUSH1 0x1 DUP2 PUSH1 0x1 AND ISZERO PUSH2 0x100 MUL SUB AND PUSH1 0x2 SWAP1 DIV DUP1 ISZERO PUSH2 0x91C JUMPI DUP1 PUSH1 0x1F LT PUSH2 0x8F1 JUMPI PUSH2 0x100 DUP1 DUP4 SLOAD DIV MUL DUP4 MSTORE SWAP2 PUSH1 0x20 ADD SWAP2 PUSH2 0x91C JUMP JUMPDEST DUP3 ADD SWAP2 SWAP1 PUSH1 0x0 MSTORE PUSH1 0x20 PUSH1 0x0 KECCAK256 SWAP1 JUMPDEST DUP2 SLOAD DUP2 MSTORE SWAP1 PUSH1 0x1 ADD SWAP1 PUSH1 0x20 ADD DUP1 DUP4 GT PUSH2 0x8FF JUMPI DUP3 SWAP1 SUB PUSH1 0x1F AND DUP3 ADD SWAP2 JUMPDEST POP POP POP POP POP DUP2 JUMP JUMPDEST PUSH1 0x0 DUP2 PUSH1 0x0 DUP1 CALLER PUSH20 0xFFFFFFFFFFFFFFFFFFFFFFFFFFFFFFFFFFFFFFFF AND PUSH20 0xFFFFFFFFFFFFFFFFFFFFFFFFFFFFFFFFFFFFFFFF AND DUP2 MSTORE PUSH1 0x20 ADD SWAP1 DUP2 MSTORE PUSH1 0x20 ADD PUSH1 0x0 KECCAK256 SLOAD LT ISZERO ISZERO ISZERO PUSH2 0x973 JUMPI PUSH1 0x0 DUP1 REVERT JUMPDEST DUP2 PUSH1 0x0 DUP1 CALLER PUSH20 0xFFFFFFFFFFFFFFFFFFFFFFFFFFFFFFFFFFFFFFFF AND PUSH20 0xFFFFFFFFFFFFFFFFFFFFFFFFFFFFFFFFFFFFFFFF AND DUP2 MSTORE PUSH1 0x20 ADD SWAP1 DUP2 MSTORE PUSH1 0x20 ADD PUSH1 0x0 KECCAK256 PUSH1 0x0 DUP3 DUP3 SLOAD SUB SWAP3 POP POP DUP2 SWAP1 SSTORE POP DUP2 PUSH1 0x0 DUP1 DUP6 PUSH20 0xFFFFFFFFFFFFFFFFFFFFFFFFFFFFFFFFFFFFFFFF AND PUSH20 0xFFFFFFFFFFFFFFFFFFFFFFFFFFFFFFFFFFFFFFFF AND DUP2 MSTORE PUSH1 0x20 ADD SWAP1 DUP2 MSTORE PUSH1 0x20 ADD PUSH1 0x0 KECCAK256 PUSH1 0x0 DUP3 DUP3 SLOAD ADD SWAP3 POP POP DUP2 SWAP1 SSTORE POP DUP3 PUSH20 0xFFFFFFFFFFFFFFFFFFFFFFFFFFFFFFFFFFFFFFFF AND CALLER PUSH20 0xFFFFFFFFFFFFFFFFFFFFFFFFFFFFFFFFFFFFFFFF AND PUSH32 0xDDF252AD1BE2C89B69C2B068FC378DAA952BA7F163C4A11628F55A4DF523B3EF DUP5 PUSH1 0x40 MLOAD DUP1 DUP3 DUP2 MSTORE PUSH1 0x20 ADD SWAP2 POP POP PUSH1 0x40 MLOAD DUP1 SWAP2 SUB SWAP1 LOG3 PUSH1 0x1 SWAP1 POP SWAP3 SWAP2 POP POP JUMP JUMPDEST PUSH1 0x4 SLOAD PUSH1 0x0 DUP1 CALLER PUSH20 0xFFFFFFFFFFFFFFFFFFFFFFFFFFFFFFFFFFFFFFFF AND PUSH20 0xFFFFFFFFFFFFFFFFFFFFFFFFFFFFFFFFFFFFFFFF AND DUP2 MSTORE PUSH1 0x20 ADD SWAP1 DUP2 MSTORE PUSH1 0x20 ADD PUSH1 0x0 KECCAK256 DUP2 SWAP1 SSTORE POP CALLER PUSH20 0xFFFFFFFFFFFFFFFFFFFFFFFFFFFFFFFFFFFFFFFF AND PUSH1 0x0 PUSH20 0xFFFFFFFFFFFFFFFFFFFFFFFFFFFFFFFFFFFFFFFF AND PUSH32 0xDDF252AD1BE2C89B69C2B068FC378DAA952BA7F163C4A11628F55A4DF523B3EF PUSH1 0x4 SLOAD PUSH1 0x40 MLOAD DUP1 DUP3 DUP2 MSTORE PUSH1 0x20 ADD SWAP2 POP POP PUSH1 0x40 MLOAD DUP1 SWAP2 SUB SWAP1 LOG3 JUMP JUMPDEST PUSH1 0x5 PUSH1 0x20 MSTORE DUP2 PUSH1 0x0 MSTORE PUSH1 0x40 PUSH1 0x0 KECCAK256 PUSH1 0x20 MSTORE DUP1 PUSH1 0x0 MSTORE PUSH1 0x40 PUSH1 0x0 KECCAK256 PUSH1 0x0 SWAP2 POP SWAP2 POP POP SLOAD DUP2 JUMP STOP LOG1 PUSH6 0x627A7A723058 KECCAK256 0x2a 0xe2 COINBASE 0xdb DUP1 0xa9 CALLDATACOPY GASPRICE 0xb5 PUSH1 0xFD 0xeb CALLCODE SSTORE DUP8 0xab RETURNDATACOPY PUSH2 0xC9CC REVERT DUP9 SGT 0xd7 ADD SHL 0xa8 EXTCODESIZE 0xbb PUSH14 0xDAB8002900000000000000000000
0,PUSH1 0x80 PUSH1 0x40 MSTORE PUSH1 0x40 DUP1 MLOAD SWAP1 DUP2 ADD PUSH1 0x40 MSTORE DUP1 PUSH1 0x17 DUP2 MSTORE PUSH1 0x20 ADD PUSH32 0x94343445F4B4F484C455F355F32303139303431310909000000000000000000 DUP2 MSTORE POP PUSH1 0x1 SWAP1 DUP1 MLOAD SWAP1 PUSH1 0x20 ADD SWAP1 PUSH2 0x4F SWAP3 SWAP2 SWAP1 PUSH2 0xD9 JUMP JUMPDEST POP PUSH1 0x40 DUP1 MLOAD SWAP1 DUP2 ADD PUSH1 0x40 MSTORE DUP1 PUSH1 0x1D DUP2 MSTORE PUSH1 0x20 ADD PUSH32 0x94343445F4B4F484C455F355F32303139303431315F73756244540909000000 DUP2 MSTORE POP PUSH1 0x2 SWAP1 DUP1 MLOAD SWAP1 PUSH1 0x20 ADD SWAP1 PUSH2 0x9B SWAP3 SWAP2 SWAP1 PUSH2 0xD9 JUMP JUMPDEST POP PUSH1 0x12 PUSH1 0x3 PUSH1 0x0 PUSH2 0x100 EXP DUP2 SLOAD DUP2 PUSH1 0xFF MUL NOT AND SWAP1 DUP4 PUSH1 0xFF AND MUL OR SWAP1 SSTORE POP PUSH11 0x1060D026983FFAA7000000 PUSH1 0x4 SSTORE CALLVALUE DUP1 ISZERO PUSH2 0xD3 JUMPI PUSH1 0x0 DUP1 REVERT JUMPDEST POP PUSH2 0x17E JUMP JUMPDEST DUP3 DUP1 SLOAD PUSH1 0x1 DUP2 PUSH1 0x1 AND ISZERO PUSH2 0x100 MUL SUB AND PUSH1 0x2 SWAP1 DIV SWAP1 PUSH1 0x0 MSTORE PUSH1 0x20 PUSH1 0x0 KECCAK256 SWAP1 PUSH1 0x1F ADD PUSH1 0x20 SWAP1 DIV DUP2 ADD SWAP3 DUP3 PUSH1 0x1F LT PUSH2 0x11A JUMPI DUP1 MLOAD PUSH1 0xFF NOT AND DUP4 DUP1 ADD OR DUP6 SSTORE PUSH2 0x148 JUMP JUMPDEST DUP3 DUP1 ADD PUSH1 0x1 ADD DUP6 SSTORE DUP3 ISZERO PUSH2 0x148 JUMPI SWAP2 DUP3 ADD JUMPDEST DUP3 DUP2 GT ISZERO PUSH2 0x147 JUMPI DUP3 MLOAD DUP3 SSTORE SWAP2 PUSH1 0x20 ADD SWAP2 SWAP1 PUSH1 0x1 ADD SWAP1 PUSH2 0x12C JUMP JUMPDEST JUMPDEST POP SWAP1 POP PUSH2 0x155 SWAP2 SWAP1 PUSH2 0x159 JUMP JUMPDEST POP SWAP1 JUMP JUMPDEST PUSH2 0x17B SWAP2 SWAP1 JUMPDEST DUP1 DUP3 GT ISZERO PUSH2 0x177 JUMPI PUSH1 0x0 DUP2 PUSH1 0x0 SWAP1 SSTORE POP PUSH1 0x1 ADD PUSH2 0x15F JUMP JUMPDEST POP SWAP1 JUMP JUMPDEST SWAP1 JUMP JUMPDEST PUSH2 0xB7A DUP1 PUSH2 0x18D PUSH1 0x0 CODECOPY PUSH1 0x0 RETURN STOP PUSH1 0x80 PUSH1 0x40 MSTORE PUSH1 0x4 CALLDATASIZE LT PUSH2 0xA4 JUMPI PUSH1 0x0 CALLDATALOAD PUSH29 0x100000000000000000000000000000000000000000000000000000000 SWAP1 DIV PUSH4 0xFFFFFFFF AND DUP1 PUSH4 0x6FDDE03 EQ PUSH2 0xA9 JUMPI DUP1 PUSH4 0x95EA7B3 EQ PUSH2 0x139 JUMPI DUP1 PUSH4 0x18160DDD EQ PUSH2 0x19E JUMPI DUP1 PUSH4 0x23B872DD EQ PUSH2 0x1C9 JUMPI DUP1 PUSH4 0x313CE567 EQ PUSH2 0x24E JUMPI DUP1 PUSH4 0x70A08231 EQ PUSH2 0x27F JUMPI DUP1 PUSH4 0x95D89B41 EQ PUSH2 0x2D6 JUMPI DUP1 PUSH4 0xA9059CBB EQ PUSH2 0x366 JUMPI DUP1 PUSH4 0xB5C8F317 EQ PUSH2 0x3CB JUMPI DUP1 PUSH4 0xDD62ED3E EQ PUSH2 0x3E2 JUMPI JUMPDEST PUSH1 0x0 DUP1 REVERT JUMPDEST CALLVALUE DUP1 ISZERO PUSH2 0xB5 JUMPI PUSH1 0x0 DUP1 REVERT JUMPDEST POP PUSH2 0xBE PUSH2 0x459 JUMP JUMPDEST PUSH1 0x40 MLOAD DUP1 DUP1 PUSH1 0x20 ADD DUP3 DUP2 SUB DUP3 MSTORE DUP4 DUP2 DUP2 MLOAD DUP2 MSTORE PUSH1 0x20 ADD SWAP2 POP DUP1 MLOAD SWAP1 PUSH1 0x20 ADD SWAP1 DUP1 DUP4 DUP4 PUSH1 0x0 JUMPDEST DUP4 DUP2 LT ISZERO PUSH2 0xFE JUMPI DUP1 DUP3 ADD MLOAD DUP2 DUP5 ADD MSTORE PUSH1 0x20 DUP2 ADD SWAP1 POP PUSH2 0xE3 JUMP JUMPDEST POP POP POP POP SWAP1 POP SWAP1 DUP2 ADD SWAP1 PUSH1 0x1F AND DUP1 ISZERO PUSH2 0x12B JUMPI DUP1 DUP3 SUB DUP1 MLOAD PUSH1 0x1 DUP4 PUSH1 0x20 SUB PUSH2 0x100 EXP SUB NOT AND DUP2 MSTORE PUSH1 0x20 ADD SWAP2 POP JUMPDEST POP SWAP3 POP POP POP PUSH1 0x40 MLOAD DUP1 SWAP2 SUB SWAP1 RETURN JUMPDEST CALLVALUE DUP1 ISZERO PUSH2 0x145 JUMPI PUSH1 0x0 DUP1 REVERT JUMPDEST POP PUSH2 0x184 PUSH1 0x4 DUP1 CALLDATASIZE SUB DUP2 ADD SWAP1 DUP1 DUP1 CALLDATALOAD PUSH20 0xFFFFFFFFFFFFFFFFFFFFFFFFFFFFFFFFFFFFFFFF AND SWAP1 PUSH1 0x20 ADD SWAP1 SWAP3 SWAP2 SWAP1 DUP1 CALLDATALOAD SWAP1 PUSH1 0x20 ADD SWAP1 SWAP3 SWAP2 SWAP1 POP POP POP PUSH2 0x4F7 JUMP JUMPDEST PUSH1 0x40 MLOAD DUP1 DUP3 ISZERO ISZERO ISZERO ISZERO DUP2 MSTORE PUSH1 0x20 ADD SWAP2 POP POP PUSH1 0x40 MLOAD DUP1 SWAP2 SUB SWAP1 RETURN JUMPDEST CALLVALUE DUP1 ISZERO PUSH2 0x1AA JUMPI PUSH1 0x0 DUP1 REVERT JUMPDEST POP PUSH2 0x1B3 PUSH2 0x5E9 JUMP JUMPDEST PUSH1 0x40 MLOAD DUP1 DUP3 DUP2 MSTORE PUSH1 0x20 ADD SWAP2 POP POP PUSH1 0x40 MLOAD DUP1 SWAP2 SUB SWAP1 RETURN JUMPDEST CALLVALUE DUP1 ISZERO PUSH2 0x1D5 JUMPI PUSH1 0x0 DUP1 REVERT JUMPDEST POP PUSH2 0x234 PUSH1 0x4 DUP1 CALLDATASIZE SUB DUP2 ADD SWAP1 DUP1 DUP1 CALLDATALOAD PUSH20 0xFFFFFFFFFFFFFFFFFFFFFFFFFFFFFFFFFFFFFFFF AND SWAP1 PUSH1 0x20 ADD SWAP1 SWAP3 SWAP2 SWAP1 DUP1 CALLDATALOAD PUSH20 0xFFFFFFFFFFFFFFFFFFFFFFFFFFFFFFFFFFFFFFFF AND SWAP1 PUSH1 0x20 ADD SWAP1 SWAP3 SWAP2 SWAP1 DUP1 CALLDATALOAD SWAP1 PUSH1 0x20 ADD SWAP1 SWAP3 SWAP2 SWAP1 POP POP POP PUSH2 0x5EF JUMP JUMPDEST PUSH1 0x40 MLOAD DUP1 DUP3 ISZERO ISZERO ISZERO ISZERO DUP2 MSTORE PUSH1 0x20 ADD SWAP2 POP POP PUSH1 0x40 MLOAD DUP1 SWAP2 SUB SWAP1 RETURN JUMPDEST CALLVALUE DUP1 ISZERO PUSH2 0x25A JUMPI PUSH1 0x0 DUP1 REVERT JUMPDEST POP PUSH2 0x263 PUSH2 0x85B JUMP JUMPDEST PUSH1 0x40 MLOAD DUP1 DUP3 PUSH1 0xFF AND PUSH1 0xFF AND DUP2 MSTORE PUSH1 0x20 ADD SWAP2 POP POP PUSH1 0x40 MLOAD DUP1 SWAP2 SUB SWAP1 RETURN JUMPDEST CALLVALUE DUP1 ISZERO PUSH2 0x28B JUMPI PUSH1 0x0 DUP1 REVERT JUMPDEST POP PUSH2 0x2C0 PUSH1 0x4 DUP1 CALLDATASIZE SUB DUP2 ADD SWAP1 DUP1 DUP1 CALLDATALOAD PUSH20 0xFFFFFFFFFFFFFFFFFFFFFFFFFFFFFFFFFFFFFFFF AND SWAP1 PUSH1 0x20 ADD SWAP1 SWAP3 SWAP2 SWAP1 POP POP POP PUSH2 0x86E JUMP JUMPDEST PUSH1 0x40 MLOAD DUP1 DUP3 DUP2 MSTORE PUSH1 0x20 ADD SWAP2 POP POP PUSH1 0x40 MLOAD DUP1 SWAP2 SUB SWAP1 RETURN JUMPDEST CALLVALUE DUP1 ISZERO PUSH2 0x2E2 JUMPI PUSH1 0x0 DUP1 REVERT JUMPDEST POP PUSH2 0x2EB PUSH2 0x886 JUMP JUMPDEST PUSH1 0x40 MLOAD DUP1 DUP1 PUSH1 0x20 ADD DUP3 DUP2 SUB DUP3 MSTORE DUP4 DUP2 DUP2 MLOAD DUP2 MSTORE PUSH1 0x20 ADD SWAP2 POP DUP1 MLOAD SWAP1 PUSH1 0x20 ADD SWAP1 DUP1 DUP4 DUP4 PUSH1 0x0 JUMPDEST DUP4 DUP2 LT ISZERO PUSH2 0x32B JUMPI DUP1 DUP3 ADD MLOAD DUP2 DUP5 ADD MSTORE PUSH1 0x20 DUP2 ADD SWAP1 POP PUSH2 0x310 JUMP JUMPDEST POP POP POP POP SWAP1 POP SWAP1 DUP2 ADD SWAP1 PUSH1 0x1F AND DUP1 ISZERO PUSH2 0x358 JUMPI DUP1 DUP3 SUB DUP1 MLOAD PUSH1 0x1 DUP4 PUSH1 0x20 SUB PUSH2 0x100 EXP SUB NOT AND DUP2 MSTORE PUSH1 0x20 ADD SWAP2 POP JUMPDEST POP SWAP3 POP POP POP PUSH1 0x40 MLOAD DUP1 SWAP2 SUB SWAP1 RETURN JUMPDEST CALLVALUE DUP1 ISZERO PUSH2 0x372 JUMPI PUSH1 0x0 DUP1 REVERT JUMPDEST POP PUSH2 0x3B1 PUSH1 0x4 DUP1 CALLDATASIZE SUB DUP2 ADD SWAP1 DUP1 DUP1 CALLDATALOAD PUSH20 0xFFFFFFFFFFFFFFFFFFFFFFFFFFFFFFFFFFFFFFFF AND SWAP1 PUSH1 0x20 ADD SWAP1 SWAP3 SWAP2 SWAP1 DUP1 CALLDATALOAD SWAP1 PUSH1 0x20 ADD SWAP1 SWAP3 SWAP2 SWAP1 POP POP POP PUSH2 0x924 JUMP JUMPDEST PUSH1 0x40 MLOAD DUP1 DUP3 ISZERO ISZERO ISZERO ISZERO DUP2 MSTORE PUSH1 0x20 ADD SWAP2 POP POP PUSH1 0x40 MLOAD DUP1 SWAP2 SUB SWAP1 RETURN JUMPDEST CALLVALUE DUP1 ISZERO PUSH2 0x3D7 JUMPI PUSH1 0x0 DUP1 REVERT JUMPDEST POP PUSH2 0x3E0 PUSH2 0xA7A JUMP JUMPDEST STOP JUMPDEST CALLVALUE DUP1 ISZERO PUSH2 0x3EE JUMPI PUSH1 0x0 DUP1 REVERT JUMPDEST POP PUSH2 0x443 PUSH1 0x4 DUP1 CALLDATASIZE SUB DUP2 ADD SWAP1 DUP1 DUP1 CALLDATALOAD PUSH20 0xFFFFFFFFFFFFFFFFFFFFFFFFFFFFFFFFFFFFFFFF AND SWAP1 PUSH1 0x20 ADD SWAP1 SWAP3 SWAP2 SWAP1 DUP1 CALLDATALOAD PUSH20 0xFFFFFFFFFFFFFFFFFFFFFFFFFFFFFFFFFFFFFFFF AND SWAP1 PUSH1 0x20 ADD SWAP1 SWAP3 SWAP2 SWAP1 POP POP POP PUSH2 0xB29 JUMP JUMPDEST PUSH1 0x40 MLOAD DUP1 DUP3 DUP2 MSTORE PUSH1 0x20 ADD SWAP2 POP POP PUSH1 0x40 MLOAD DUP1 SWAP2 SUB SWAP1 RETURN JUMPDEST PUSH1 0x1 DUP1 SLOAD PUSH1 0x1 DUP2 PUSH1 0x1 AND ISZERO PUSH2 0x100 MUL SUB AND PUSH1 0x2 SWAP1 DIV DUP1 PUSH1 0x1F ADD PUSH1 0x20 DUP1 SWAP2 DIV MUL PUSH1 0x20 ADD PUSH1 0x40 MLOAD SWAP1 DUP2 ADD PUSH1 0x40 MSTORE DUP1 SWAP3 SWAP2 SWAP1 DUP2 DUP2 MSTORE PUSH1 0x20 ADD DUP3 DUP1 SLOAD PUSH1 0x1 DUP2 PUSH1 0x1 AND ISZERO PUSH2 0x100 MUL SUB AND PUSH1 0x2 SWAP1 DIV DUP1 ISZERO PUSH2 0x4EF JUMPI DUP1 PUSH1 0x1F LT PUSH2 0x4C4 JUMPI PUSH2 0x100 DUP1 DUP4 SLOAD DIV MUL DUP4 MSTORE SWAP2 PUSH1 0x20 ADD SWAP2 PUSH2 0x4EF JUMP JUMPDEST DUP3 ADD SWAP2 SWAP1 PUSH1 0x0 MSTORE PUSH1 0x20 PUSH1 0x0 KECCAK256 SWAP1 JUMPDEST DUP2 SLOAD DUP2 MSTORE SWAP1 PUSH1 0x1 ADD SWAP1 PUSH1 0x20 ADD DUP1 DUP4 GT PUSH2 0x4D2 JUMPI DUP3 SWAP1 SUB PUSH1 0x1F AND DUP3 ADD SWAP2 JUMPDEST POP POP POP POP POP DUP2 JUMP JUMPDEST PUSH1 0x0 DUP2 PUSH1 0x5 PUSH1 0x0 CALLER PUSH20 0xFFFFFFFFFFFFFFFFFFFFFFFFFFFFFFFFFFFFFFFF AND PUSH20 0xFFFFFFFFFFFFFFFFFFFFFFFFFFFFFFFFFFFFFFFF AND DUP2 MSTORE PUSH1 0x20 ADD SWAP1 DUP2 MSTORE PUSH1 0x20 ADD PUSH1 0x0 KECCAK256 PUSH1 0x0 DUP6 PUSH20 0xFFFFFFFFFFFFFFFFFFFFFFFFFFFFFFFFFFFFFFFF AND PUSH20 0xFFFFFFFFFFFFFFFFFFFFFFFFFFFFFFFFFFFFFFFF AND DUP2 MSTORE PUSH1 0x20 ADD SWAP1 DUP2 MSTORE PUSH1 0x20 ADD PUSH1 0x0 KECCAK256 DUP2 SWAP1 SSTORE POP DUP3 PUSH20 0xFFFFFFFFFFFFFFFFFFFFFFFFFFFFFFFFFFFFFFFF AND CALLER PUSH20 0xFFFFFFFFFFFFFFFFFFFFFFFFFFFFFFFFFFFFFFFF AND PUSH32 0x8C5BE1E5EBEC7D5BD14F71427D1E84F3DD0314C0F7B2291E5B200AC8C7C3B925 DUP5 PUSH1 0x40 MLOAD DUP1 DUP3 DUP2 MSTORE PUSH1 0x20 ADD SWAP2 POP POP PUSH1 0x40 MLOAD DUP1 SWAP2 SUB SWAP1 LOG3 PUSH1 0x1 SWAP1 POP SWAP3 SWAP2 POP POP JUMP JUMPDEST PUSH1 0x4 SLOAD DUP2 JUMP JUMPDEST PUSH1 0x0 DUP1 PUSH1 0x0 DUP6 PUSH20 0xFFFFFFFFFFFFFFFFFFFFFFFFFFFFFFFFFFFFFFFF AND PUSH20 0xFFFFFFFFFFFFFFFFFFFFFFFFFFFFFFFFFFFFFFFF AND DUP2 MSTORE PUSH1 0x20 ADD SWAP1 DUP2 MSTORE PUSH1 0x20 ADD PUSH1 0x0 KECCAK256 SLOAD DUP3 GT ISZERO ISZERO ISZERO PUSH2 0x63E JUMPI PUSH1 0x0 DUP1 REVERT JUMPDEST PUSH1 0x5 PUSH1 0x0 DUP6 PUSH20 0xFFFFFFFFFFFFFFFFFFFFFFFFFFFFFFFFFFFFFFFF AND PUSH20 0xFFFFFFFFFFFFFFFFFFFFFFFFFFFFFFFFFFFFFFFF AND DUP2 MSTORE PUSH1 0x20 ADD SWAP1 DUP2 MSTORE PUSH1 0x20 ADD PUSH1 0x0 KECCAK256 PUSH1 0x0 CALLER PUSH20 0xFFFFFFFFFFFFFFFFFFFFFFFFFFFFFFFFFFFFFFFF AND PUSH20 0xFFFFFFFFFFFFFFFFFFFFFFFFFFFFFFFFFFFFFFFF AND DUP2 MSTORE PUSH1 0x20 ADD SWAP1 DUP2 MSTORE PUSH1 0x20 ADD PUSH1 0x0 KECCAK256 SLOAD DUP3 GT ISZERO ISZERO ISZERO PUSH2 0x6C9 JUMPI PUSH1 0x0 DUP1 REVERT JUMPDEST DUP2 PUSH1 0x0 DUP1 DUP7 PUSH20 0xFFFFFFFFFFFFFFFFFFFFFFFFFFFFFFFFFFFFFFFF AND PUSH20 0xFFFFFFFFFFFFFFFFFFFFFFFFFFFFFFFFFFFFFFFF AND DUP2 MSTORE PUSH1 0x20 ADD SWAP1 DUP2 MSTORE PUSH1 0x20 ADD PUSH1 0x0 KECCAK256 PUSH1 0x0 DUP3 DUP3 SLOAD SUB SWAP3 POP POP DUP2 SWAP1 SSTORE POP DUP2 PUSH1 0x0 DUP1 DUP6 PUSH20 0xFFFFFFFFFFFFFFFFFFFFFFFFFFFFFFFFFFFFFFFF AND PUSH20 0xFFFFFFFFFFFFFFFFFFFFFFFFFFFFFFFFFFFFFFFF AND DUP2 MSTORE PUSH1 0x20 ADD SWAP1 DUP2 MSTORE PUSH1 0x20 ADD PUSH1 0x0 KECCAK256 PUSH1 0x0 DUP3 DUP3 SLOAD ADD SWAP3 POP POP DUP2 SWAP1 SSTORE POP DUP2 PUSH1 0x5 PUSH1 0x0 DUP7 PUSH20 0xFFFFFFFFFFFFFFFFFFFFFFFFFFFFFFFFFFFFFFFF AND PUSH20 0xFFFFFFFFFFFFFFFFFFFFFFFFFFFFFFFFFFFFFFFF AND DUP2 MSTORE PUSH1 0x20 ADD SWAP1 DUP2 MSTORE PUSH1 0x20 ADD PUSH1 0x0 KECCAK256 PUSH1 0x0 CALLER PUSH20 0xFFFFFFFFFFFFFFFFFFFFFFFFFFFFFFFFFFFFFFFF AND PUSH20 0xFFFFFFFFFFFFFFFFFFFFFFFFFFFFFFFFFFFFFFFF AND DUP2 MSTORE PUSH1 0x20 ADD SWAP1 DUP2 MSTORE PUSH1 0x20 ADD PUSH1 0x0 KECCAK256 PUSH1 0x0 DUP3 DUP3 SLOAD SUB SWAP3 POP POP DUP2 SWAP1 SSTORE POP DUP3 PUSH20 0xFFFFFFFFFFFFFFFFFFFFFFFFFFFFFFFFFFFFFFFF AND DUP5 PUSH20 0xFFFFFFFFFFFFFFFFFFFFFFFFFFFFFFFFFFFFFFFF AND PUSH32 0xDDF252AD1BE2C89B69C2B068FC378DAA952BA7F163C4A11628F55A4DF523B3EF DUP5 PUSH1 0x40 MLOAD DUP1 DUP3 DUP2 MSTORE PUSH1 0x20 ADD SWAP2 POP POP PUSH1 0x40 MLOAD DUP1 SWAP2 SUB SWAP1 LOG3 PUSH1 0x1 SWAP1 POP SWAP4 SWAP3 POP POP POP JUMP JUMPDEST PUSH1 0x3 PUSH1 0x0 SWAP1 SLOAD SWAP1 PUSH2 0x100 EXP SWAP1 DIV PUSH1 0xFF AND DUP2 JUMP JUMPDEST PUSH1 0x0 PUSH1 0x20 MSTORE DUP1 PUSH1 0x0 MSTORE PUSH1 0x40 PUSH1 0x0 KECCAK256 PUSH1 0x0 SWAP2 POP SWAP1 POP SLOAD DUP2 JUMP JUMPDEST PUSH1 0x2 DUP1 SLOAD PUSH1 0x1 DUP2 PUSH1 0x1 AND ISZERO PUSH2 0x100 MUL SUB AND PUSH1 0x2 SWAP1 DIV DUP1 PUSH1 0x1F ADD PUSH1 0x20 DUP1 SWAP2 DIV MUL PUSH1 0x20 ADD PUSH1 0x40 MLOAD SWAP1 DUP2 ADD PUSH1 0x40 MSTORE DUP1 SWAP3 SWAP2 SWAP1 DUP2 DUP2 MSTORE PUSH1 0x20 ADD DUP3 DUP1 SLOAD PUSH1 0x1 DUP2 PUSH1 0x1 AND ISZERO PUSH2 0x100 MUL SUB AND PUSH1 0x2 SWAP1 DIV DUP1 ISZERO PUSH2 0x91C JUMPI DUP1 PUSH1 0x1F LT PUSH2 0x8F1 JUMPI PUSH2 0x100 DUP1 DUP4 SLOAD DIV MUL DUP4 MSTORE SWAP2 PUSH1 0x20 ADD SWAP2 PUSH2 0x91C JUMP JUMPDEST DUP3 ADD SWAP2 SWAP1 PUSH1 0x0 MSTORE PUSH1 0x20 PUSH1 0x0 KECCAK256 SWAP1 JUMPDEST DUP2 SLOAD DUP2 MSTORE SWAP1 PUSH1 0x1 ADD SWAP1 PUSH1 0x20 ADD DUP1 DUP4 GT PUSH2 0x8FF JUMPI DUP3 SWAP1 SUB PUSH1 0x1F AND DUP3 ADD SWAP2 JUMPDEST POP POP POP POP POP DUP2 JUMP JUMPDEST PUSH1 0x0 DUP2 PUSH1 0x0 DUP1 CALLER PUSH20 0xFFFFFFFFFFFFFFFFFFFFFFFFFFFFFFFFFFFFFFFF AND PUSH20 0xFFFFFFFFFFFFFFFFFFFFFFFFFFFFFFFFFFFFFFFF AND DUP2 MSTORE PUSH1 0x20 ADD SWAP1 DUP2 MSTORE PUSH1 0x20 ADD PUSH1 0x0 KECCAK256 SLOAD LT ISZERO ISZERO ISZERO PUSH2 0x973 JUMPI PUSH1 0x0 DUP1 REVERT JUMPDEST DUP2 PUSH1 0x0 DUP1 CALLER PUSH20 0xFFFFFFFFFFFFFFFFFFFFFFFFFFFFFFFFFFFFFFFF AND PUSH20 0xFFFFFFFFFFFFFFFFFFFFFFFFFFFFFFFFFFFFFFFF AND DUP2 MSTORE PUSH1 0x20 ADD SWAP1 DUP2 MSTORE PUSH1 0x20 ADD PUSH1 0x0 KECCAK256 PUSH1 0x0 DUP3 DUP3 SLOAD SUB SWAP3 POP POP DUP2 SWAP1 SSTORE POP DUP2 PUSH1 0x0 DUP1 DUP6 PUSH20 0xFFFFFFFFFFFFFFFFFFFFFFFFFFFFFFFFFFFFFFFF AND PUSH20 0xFFFFFFFFFFFFFFFFFFFFFFFFFFFFFFFFFFFFFFFF AND DUP2 MSTORE PUSH1 0x20 ADD SWAP1 DUP2 MSTORE PUSH1 0x20 ADD PUSH1 0x0 KECCAK256 PUSH1 0x0 DUP3 DUP3 SLOAD ADD SWAP3 POP POP DUP2 SWAP1 SSTORE POP DUP3 PUSH20 0xFFFFFFFFFFFFFFFFFFFFFFFFFFFFFFFFFFFFFFFF AND CALLER PUSH20 0xFFFFFFFFFFFFFFFFFFFFFFFFFFFFFFFFFFFFFFFF AND PUSH32 0xDDF252AD1BE2C89B69C2B068FC378DAA952BA7F163C4A11628F55A4DF523B3EF DUP5 PUSH1 0x40 MLOAD DUP1 DUP3 DUP2 MSTORE PUSH1 0x20 ADD SWAP2 POP POP PUSH1 0x40 MLOAD DUP1 SWAP2 SUB SWAP1 LOG3 PUSH1 0x1 SWAP1 POP SWAP3 SWAP2 POP POP JUMP JUMPDEST PUSH1 0x4 SLOAD PUSH1 0x0 DUP1 CALLER PUSH20 0xFFFFFFFFFFFFFFFFFFFFFFFFFFFFFFFFFFFFFFFF AND PUSH20 0xFFFFFFFFFFFFFFFFFFFFFFFFFFFFFFFFFFFFFFFF AND DUP2 MSTORE PUSH1 0x20 ADD SWAP1 DUP2 MSTORE PUSH1 0x20 ADD PUSH1 0x0 KECCAK256 DUP2 SWAP1 SSTORE POP CALLER PUSH20 0xFFFFFFFFFFFFFFFFFFFFFFFFFFFFFFFFFFFFFFFF AND PUSH1 0x0 PUSH20 0xFFFFFFFFFFFFFFFFFFFFFFFFFFFFFFFFFFFFFFFF AND PUSH32 0xDDF252AD1BE2C89B69C2B068FC378DAA952BA7F163C4A11628F55A4DF523B3EF PUSH1 0x4 SLOAD PUSH1 0x40 MLOAD DUP1 DUP3 DUP2 MSTORE PUSH1 0x20 ADD SWAP2 POP POP PUSH1 0x40 MLOAD DUP1 SWAP2 SUB SWAP1 LOG3 JUMP JUMPDEST PUSH1 0x5 PUSH1 0x20 MSTORE DUP2 PUSH1 0x0 MSTORE PUSH1 0x40 PUSH1 0x0 KECCAK256 PUSH1 0x20 MSTORE DUP1 PUSH1 0x0 MSTORE PUSH1 0x40 PUSH1 0x0 KECCAK256 PUSH1 0x0 SWAP2 POP SWAP2 POP POP SLOAD DUP2 JUMP STOP LOG1 PUSH6 0x627A7A723058 KECCAK256 0x1e RETURNDATASIZE 0x49 RETURNDATACOPY PUSH31 0x8D21E11DB762BF1ADE49B387CE896739D7CBE4AD0AE5EF16E6134000290000
0,PUSH1 0x80 PUSH1 0x40 MSTORE PUSH1 0x40 DUP1 MLOAD SWAP1 DUP2 ADD PUSH1 0x40 MSTORE DUP1 PUSH1 0x17 DUP2 MSTORE PUSH1 0x20 ADD PUSH32 0x94343445F4B4F484C455F365F32303139303431310909000000000000000000 DUP2 MSTORE POP PUSH1 0x1 SWAP1 DUP1 MLOAD SWAP1 PUSH1 0x20 ADD SWAP1 PUSH2 0x4F SWAP3 SWAP2 SWAP1 PUSH2 0xD9 JUMP JUMPDEST POP PUSH1 0x40 DUP1 MLOAD SWAP1 DUP2 ADD PUSH1 0x40 MSTORE DUP1 PUSH1 0x1D DUP2 MSTORE PUSH1 0x20 ADD PUSH32 0x94343445F4B4F484C455F365F32303139303431315F73756244540909000000 DUP2 MSTORE POP PUSH1 0x2 SWAP1 DUP1 MLOAD SWAP1 PUSH1 0x20 ADD SWAP1 PUSH2 0x9B SWAP3 SWAP2 SWAP1 PUSH2 0xD9 JUMP JUMPDEST POP PUSH1 0x12 PUSH1 0x3 PUSH1 0x0 PUSH2 0x100 EXP DUP2 SLOAD DUP2 PUSH1 0xFF MUL NOT AND SWAP1 DUP4 PUSH1 0xFF AND MUL OR SWAP1 SSTORE POP PUSH11 0x1060D026983FFAA7000000 PUSH1 0x4 SSTORE CALLVALUE DUP1 ISZERO PUSH2 0xD3 JUMPI PUSH1 0x0 DUP1 REVERT JUMPDEST POP PUSH2 0x17E JUMP JUMPDEST DUP3 DUP1 SLOAD PUSH1 0x1 DUP2 PUSH1 0x1 AND ISZERO PUSH2 0x100 MUL SUB AND PUSH1 0x2 SWAP1 DIV SWAP1 PUSH1 0x0 MSTORE PUSH1 0x20 PUSH1 0x0 KECCAK256 SWAP1 PUSH1 0x1F ADD PUSH1 0x20 SWAP1 DIV DUP2 ADD SWAP3 DUP3 PUSH1 0x1F LT PUSH2 0x11A JUMPI DUP1 MLOAD PUSH1 0xFF NOT AND DUP4 DUP1 ADD OR DUP6 SSTORE PUSH2 0x148 JUMP JUMPDEST DUP3 DUP1 ADD PUSH1 0x1 ADD DUP6 SSTORE DUP3 ISZERO PUSH2 0x148 JUMPI SWAP2 DUP3 ADD JUMPDEST DUP3 DUP2 GT ISZERO PUSH2 0x147 JUMPI DUP3 MLOAD DUP3 SSTORE SWAP2 PUSH1 0x20 ADD SWAP2 SWAP1 PUSH1 0x1 ADD SWAP1 PUSH2 0x12C JUMP JUMPDEST JUMPDEST POP SWAP1 POP PUSH2 0x155 SWAP2 SWAP1 PUSH2 0x159 JUMP JUMPDEST POP SWAP1 JUMP JUMPDEST PUSH2 0x17B SWAP2 SWAP1 JUMPDEST DUP1 DUP3 GT ISZERO PUSH2 0x177 JUMPI PUSH1 0x0 DUP2 PUSH1 0x0 SWAP1 SSTORE POP PUSH1 0x1 ADD PUSH2 0x15F JUMP JUMPDEST POP SWAP1 JUMP JUMPDEST SWAP1 JUMP JUMPDEST PUSH2 0xB7A DUP1 PUSH2 0x18D PUSH1 0x0 CODECOPY PUSH1 0x0 RETURN STOP PUSH1 0x80 PUSH1 0x40 MSTORE PUSH1 0x4 CALLDATASIZE LT PUSH2 0xA4 JUMPI PUSH1 0x0 CALLDATALOAD PUSH29 0x100000000000000000000000000000000000000000000000000000000 SWAP1 DIV PUSH4 0xFFFFFFFF AND DUP1 PUSH4 0x6FDDE03 EQ PUSH2 0xA9 JUMPI DUP1 PUSH4 0x95EA7B3 EQ PUSH2 0x139 JUMPI DUP1 PUSH4 0x18160DDD EQ PUSH2 0x19E JUMPI DUP1 PUSH4 0x23B872DD EQ PUSH2 0x1C9 JUMPI DUP1 PUSH4 0x313CE567 EQ PUSH2 0x24E JUMPI DUP1 PUSH4 0x70A08231 EQ PUSH2 0x27F JUMPI DUP1 PUSH4 0x95D89B41 EQ PUSH2 0x2D6 JUMPI DUP1 PUSH4 0xA9059CBB EQ PUSH2 0x366 JUMPI DUP1 PUSH4 0xB5C8F317 EQ PUSH2 0x3CB JUMPI DUP1 PUSH4 0xDD62ED3E EQ PUSH2 0x3E2 JUMPI JUMPDEST PUSH1 0x0 DUP1 REVERT JUMPDEST CALLVALUE DUP1 ISZERO PUSH2 0xB5 JUMPI PUSH1 0x0 DUP1 REVERT JUMPDEST POP PUSH2 0xBE PUSH2 0x459 JUMP JUMPDEST PUSH1 0x40 MLOAD DUP1 DUP1 PUSH1 0x20 ADD DUP3 DUP2 SUB DUP3 MSTORE DUP4 DUP2 DUP2 MLOAD DUP2 MSTORE PUSH1 0x20 ADD SWAP2 POP DUP1 MLOAD SWAP1 PUSH1 0x20 ADD SWAP1 DUP1 DUP4 DUP4 PUSH1 0x0 JUMPDEST DUP4 DUP2 LT ISZERO PUSH2 0xFE JUMPI DUP1 DUP3 ADD MLOAD DUP2 DUP5 ADD MSTORE PUSH1 0x20 DUP2 ADD SWAP1 POP PUSH2 0xE3 JUMP JUMPDEST POP POP POP POP SWAP1 POP SWAP1 DUP2 ADD SWAP1 PUSH1 0x1F AND DUP1 ISZERO PUSH2 0x12B JUMPI DUP1 DUP3 SUB DUP1 MLOAD PUSH1 0x1 DUP4 PUSH1 0x20 SUB PUSH2 0x100 EXP SUB NOT AND DUP2 MSTORE PUSH1 0x20 ADD SWAP2 POP JUMPDEST POP SWAP3 POP POP POP PUSH1 0x40 MLOAD DUP1 SWAP2 SUB SWAP1 RETURN JUMPDEST CALLVALUE DUP1 ISZERO PUSH2 0x145 JUMPI PUSH1 0x0 DUP1 REVERT JUMPDEST POP PUSH2 0x184 PUSH1 0x4 DUP1 CALLDATASIZE SUB DUP2 ADD SWAP1 DUP1 DUP1 CALLDATALOAD PUSH20 0xFFFFFFFFFFFFFFFFFFFFFFFFFFFFFFFFFFFFFFFF AND SWAP1 PUSH1 0x20 ADD SWAP1 SWAP3 SWAP2 SWAP1 DUP1 CALLDATALOAD SWAP1 PUSH1 0x20 ADD SWAP1 SWAP3 SWAP2 SWAP1 POP POP POP PUSH2 0x4F7 JUMP JUMPDEST PUSH1 0x40 MLOAD DUP1 DUP3 ISZERO ISZERO ISZERO ISZERO DUP2 MSTORE PUSH1 0x20 ADD SWAP2 POP POP PUSH1 0x40 MLOAD DUP1 SWAP2 SUB SWAP1 RETURN JUMPDEST CALLVALUE DUP1 ISZERO PUSH2 0x1AA JUMPI PUSH1 0x0 DUP1 REVERT JUMPDEST POP PUSH2 0x1B3 PUSH2 0x5E9 JUMP JUMPDEST PUSH1 0x40 MLOAD DUP1 DUP3 DUP2 MSTORE PUSH1 0x20 ADD SWAP2 POP POP PUSH1 0x40 MLOAD DUP1 SWAP2 SUB SWAP1 RETURN JUMPDEST CALLVALUE DUP1 ISZERO PUSH2 0x1D5 JUMPI PUSH1 0x0 DUP1 REVERT JUMPDEST POP PUSH2 0x234 PUSH1 0x4 DUP1 CALLDATASIZE SUB DUP2 ADD SWAP1 DUP1 DUP1 CALLDATALOAD PUSH20 0xFFFFFFFFFFFFFFFFFFFFFFFFFFFFFFFFFFFFFFFF AND SWAP1 PUSH1 0x20 ADD SWAP1 SWAP3 SWAP2 SWAP1 DUP1 CALLDATALOAD PUSH20 0xFFFFFFFFFFFFFFFFFFFFFFFFFFFFFFFFFFFFFFFF AND SWAP1 PUSH1 0x20 ADD SWAP1 SWAP3 SWAP2 SWAP1 DUP1 CALLDATALOAD SWAP1 PUSH1 0x20 ADD SWAP1 SWAP3 SWAP2 SWAP1 POP POP POP PUSH2 0x5EF JUMP JUMPDEST PUSH1 0x40 MLOAD DUP1 DUP3 ISZERO ISZERO ISZERO ISZERO DUP2 MSTORE PUSH1 0x20 ADD SWAP2 POP POP PUSH1 0x40 MLOAD DUP1 SWAP2 SUB SWAP1 RETURN JUMPDEST CALLVALUE DUP1 ISZERO PUSH2 0x25A JUMPI PUSH1 0x0 DUP1 REVERT JUMPDEST POP PUSH2 0x263 PUSH2 0x85B JUMP JUMPDEST PUSH1 0x40 MLOAD DUP1 DUP3 PUSH1 0xFF AND PUSH1 0xFF AND DUP2 MSTORE PUSH1 0x20 ADD SWAP2 POP POP PUSH1 0x40 MLOAD DUP1 SWAP2 SUB SWAP1 RETURN JUMPDEST CALLVALUE DUP1 ISZERO PUSH2 0x28B JUMPI PUSH1 0x0 DUP1 REVERT JUMPDEST POP PUSH2 0x2C0 PUSH1 0x4 DUP1 CALLDATASIZE SUB DUP2 ADD SWAP1 DUP1 DUP1 CALLDATALOAD PUSH20 0xFFFFFFFFFFFFFFFFFFFFFFFFFFFFFFFFFFFFFFFF AND SWAP1 PUSH1 0x20 ADD SWAP1 SWAP3 SWAP2 SWAP1 POP POP POP PUSH2 0x86E JUMP JUMPDEST PUSH1 0x40 MLOAD DUP1 DUP3 DUP2 MSTORE PUSH1 0x20 ADD SWAP2 POP POP PUSH1 0x40 MLOAD DUP1 SWAP2 SUB SWAP1 RETURN JUMPDEST CALLVALUE DUP1 ISZERO PUSH2 0x2E2 JUMPI PUSH1 0x0 DUP1 REVERT JUMPDEST POP PUSH2 0x2EB PUSH2 0x886 JUMP JUMPDEST PUSH1 0x40 MLOAD DUP1 DUP1 PUSH1 0x20 ADD DUP3 DUP2 SUB DUP3 MSTORE DUP4 DUP2 DUP2 MLOAD DUP2 MSTORE PUSH1 0x20 ADD SWAP2 POP DUP1 MLOAD SWAP1 PUSH1 0x20 ADD SWAP1 DUP1 DUP4 DUP4 PUSH1 0x0 JUMPDEST DUP4 DUP2 LT ISZERO PUSH2 0x32B JUMPI DUP1 DUP3 ADD MLOAD DUP2 DUP5 ADD MSTORE PUSH1 0x20 DUP2 ADD SWAP1 POP PUSH2 0x310 JUMP JUMPDEST POP POP POP POP SWAP1 POP SWAP1 DUP2 ADD SWAP1 PUSH1 0x1F AND DUP1 ISZERO PUSH2 0x358 JUMPI DUP1 DUP3 SUB DUP1 MLOAD PUSH1 0x1 DUP4 PUSH1 0x20 SUB PUSH2 0x100 EXP SUB NOT AND DUP2 MSTORE PUSH1 0x20 ADD SWAP2 POP JUMPDEST POP SWAP3 POP POP POP PUSH1 0x40 MLOAD DUP1 SWAP2 SUB SWAP1 RETURN JUMPDEST CALLVALUE DUP1 ISZERO PUSH2 0x372 JUMPI PUSH1 0x0 DUP1 REVERT JUMPDEST POP PUSH2 0x3B1 PUSH1 0x4 DUP1 CALLDATASIZE SUB DUP2 ADD SWAP1 DUP1 DUP1 CALLDATALOAD PUSH20 0xFFFFFFFFFFFFFFFFFFFFFFFFFFFFFFFFFFFFFFFF AND SWAP1 PUSH1 0x20 ADD SWAP1 SWAP3 SWAP2 SWAP1 DUP1 CALLDATALOAD SWAP1 PUSH1 0x20 ADD SWAP1 SWAP3 SWAP2 SWAP1 POP POP POP PUSH2 0x924 JUMP JUMPDEST PUSH1 0x40 MLOAD DUP1 DUP3 ISZERO ISZERO ISZERO ISZERO DUP2 MSTORE PUSH1 0x20 ADD SWAP2 POP POP PUSH1 0x40 MLOAD DUP1 SWAP2 SUB SWAP1 RETURN JUMPDEST CALLVALUE DUP1 ISZERO PUSH2 0x3D7 JUMPI PUSH1 0x0 DUP1 REVERT JUMPDEST POP PUSH2 0x3E0 PUSH2 0xA7A JUMP JUMPDEST STOP JUMPDEST CALLVALUE DUP1 ISZERO PUSH2 0x3EE JUMPI PUSH1 0x0 DUP1 REVERT JUMPDEST POP PUSH2 0x443 PUSH1 0x4 DUP1 CALLDATASIZE SUB DUP2 ADD SWAP1 DUP1 DUP1 CALLDATALOAD PUSH20 0xFFFFFFFFFFFFFFFFFFFFFFFFFFFFFFFFFFFFFFFF AND SWAP1 PUSH1 0x20 ADD SWAP1 SWAP3 SWAP2 SWAP1 DUP1 CALLDATALOAD PUSH20 0xFFFFFFFFFFFFFFFFFFFFFFFFFFFFFFFFFFFFFFFF AND SWAP1 PUSH1 0x20 ADD SWAP1 SWAP3 SWAP2 SWAP1 POP POP POP PUSH2 0xB29 JUMP JUMPDEST PUSH1 0x40 MLOAD DUP1 DUP3 DUP2 MSTORE PUSH1 0x20 ADD SWAP2 POP POP PUSH1 0x40 MLOAD DUP1 SWAP2 SUB SWAP1 RETURN JUMPDEST PUSH1 0x1 DUP1 SLOAD PUSH1 0x1 DUP2 PUSH1 0x1 AND ISZERO PUSH2 0x100 MUL SUB AND PUSH1 0x2 SWAP1 DIV DUP1 PUSH1 0x1F ADD PUSH1 0x20 DUP1 SWAP2 DIV MUL PUSH1 0x20 ADD PUSH1 0x40 MLOAD SWAP1 DUP2 ADD PUSH1 0x40 MSTORE DUP1 SWAP3 SWAP2 SWAP1 DUP2 DUP2 MSTORE PUSH1 0x20 ADD DUP3 DUP1 SLOAD PUSH1 0x1 DUP2 PUSH1 0x1 AND ISZERO PUSH2 0x100 MUL SUB AND PUSH1 0x2 SWAP1 DIV DUP1 ISZERO PUSH2 0x4EF JUMPI DUP1 PUSH1 0x1F LT PUSH2 0x4C4 JUMPI PUSH2 0x100 DUP1 DUP4 SLOAD DIV MUL DUP4 MSTORE SWAP2 PUSH1 0x20 ADD SWAP2 PUSH2 0x4EF JUMP JUMPDEST DUP3 ADD SWAP2 SWAP1 PUSH1 0x0 MSTORE PUSH1 0x20 PUSH1 0x0 KECCAK256 SWAP1 JUMPDEST DUP2 SLOAD DUP2 MSTORE SWAP1 PUSH1 0x1 ADD SWAP1 PUSH1 0x20 ADD DUP1 DUP4 GT PUSH2 0x4D2 JUMPI DUP3 SWAP1 SUB PUSH1 0x1F AND DUP3 ADD SWAP2 JUMPDEST POP POP POP POP POP DUP2 JUMP JUMPDEST PUSH1 0x0 DUP2 PUSH1 0x5 PUSH1 0x0 CALLER PUSH20 0xFFFFFFFFFFFFFFFFFFFFFFFFFFFFFFFFFFFFFFFF AND PUSH20 0xFFFFFFFFFFFFFFFFFFFFFFFFFFFFFFFFFFFFFFFF AND DUP2 MSTORE PUSH1 0x20 ADD SWAP1 DUP2 MSTORE PUSH1 0x20 ADD PUSH1 0x0 KECCAK256 PUSH1 0x0 DUP6 PUSH20 0xFFFFFFFFFFFFFFFFFFFFFFFFFFFFFFFFFFFFFFFF AND PUSH20 0xFFFFFFFFFFFFFFFFFFFFFFFFFFFFFFFFFFFFFFFF AND DUP2 MSTORE PUSH1 0x20 ADD SWAP1 DUP2 MSTORE PUSH1 0x20 ADD PUSH1 0x0 KECCAK256 DUP2 SWAP1 SSTORE POP DUP3 PUSH20 0xFFFFFFFFFFFFFFFFFFFFFFFFFFFFFFFFFFFFFFFF AND CALLER PUSH20 0xFFFFFFFFFFFFFFFFFFFFFFFFFFFFFFFFFFFFFFFF AND PUSH32 0x8C5BE1E5EBEC7D5BD14F71427D1E84F3DD0314C0F7B2291E5B200AC8C7C3B925 DUP5 PUSH1 0x40 MLOAD DUP1 DUP3 DUP2 MSTORE PUSH1 0x20 ADD SWAP2 POP POP PUSH1 0x40 MLOAD DUP1 SWAP2 SUB SWAP1 LOG3 PUSH1 0x1 SWAP1 POP SWAP3 SWAP2 POP POP JUMP JUMPDEST PUSH1 0x4 SLOAD DUP2 JUMP JUMPDEST PUSH1 0x0 DUP1 PUSH1 0x0 DUP6 PUSH20 0xFFFFFFFFFFFFFFFFFFFFFFFFFFFFFFFFFFFFFFFF AND PUSH20 0xFFFFFFFFFFFFFFFFFFFFFFFFFFFFFFFFFFFFFFFF AND DUP2 MSTORE PUSH1 0x20 ADD SWAP1 DUP2 MSTORE PUSH1 0x20 ADD PUSH1 0x0 KECCAK256 SLOAD DUP3 GT ISZERO ISZERO ISZERO PUSH2 0x63E JUMPI PUSH1 0x0 DUP1 REVERT JUMPDEST PUSH1 0x5 PUSH1 0x0 DUP6 PUSH20 0xFFFFFFFFFFFFFFFFFFFFFFFFFFFFFFFFFFFFFFFF AND PUSH20 0xFFFFFFFFFFFFFFFFFFFFFFFFFFFFFFFFFFFFFFFF AND DUP2 MSTORE PUSH1 0x20 ADD SWAP1 DUP2 MSTORE PUSH1 0x20 ADD PUSH1 0x0 KECCAK256 PUSH1 0x0 CALLER PUSH20 0xFFFFFFFFFFFFFFFFFFFFFFFFFFFFFFFFFFFFFFFF AND PUSH20 0xFFFFFFFFFFFFFFFFFFFFFFFFFFFFFFFFFFFFFFFF AND DUP2 MSTORE PUSH1 0x20 ADD SWAP1 DUP2 MSTORE PUSH1 0x20 ADD PUSH1 0x0 KECCAK256 SLOAD DUP3 GT ISZERO ISZERO ISZERO PUSH2 0x6C9 JUMPI PUSH1 0x0 DUP1 REVERT JUMPDEST DUP2 PUSH1 0x0 DUP1 DUP7 PUSH20 0xFFFFFFFFFFFFFFFFFFFFFFFFFFFFFFFFFFFFFFFF AND PUSH20 0xFFFFFFFFFFFFFFFFFFFFFFFFFFFFFFFFFFFFFFFF AND DUP2 MSTORE PUSH1 0x20 ADD SWAP1 DUP2 MSTORE PUSH1 0x20 ADD PUSH1 0x0 KECCAK256 PUSH1 0x0 DUP3 DUP3 SLOAD SUB SWAP3 POP POP DUP2 SWAP1 SSTORE POP DUP2 PUSH1 0x0 DUP1 DUP6 PUSH20 0xFFFFFFFFFFFFFFFFFFFFFFFFFFFFFFFFFFFFFFFF AND PUSH20 0xFFFFFFFFFFFFFFFFFFFFFFFFFFFFFFFFFFFFFFFF AND DUP2 MSTORE PUSH1 0x20 ADD SWAP1 DUP2 MSTORE PUSH1 0x20 ADD PUSH1 0x0 KECCAK256 PUSH1 0x0 DUP3 DUP3 SLOAD ADD SWAP3 POP POP DUP2 SWAP1 SSTORE POP DUP2 PUSH1 0x5 PUSH1 0x0 DUP7 PUSH20 0xFFFFFFFFFFFFFFFFFFFFFFFFFFFFFFFFFFFFFFFF AND PUSH20 0xFFFFFFFFFFFFFFFFFFFFFFFFFFFFFFFFFFFFFFFF AND DUP2 MSTORE PUSH1 0x20 ADD SWAP1 DUP2 MSTORE PUSH1 0x20 ADD PUSH1 0x0 KECCAK256 PUSH1 0x0 CALLER PUSH20 0xFFFFFFFFFFFFFFFFFFFFFFFFFFFFFFFFFFFFFFFF AND PUSH20 0xFFFFFFFFFFFFFFFFFFFFFFFFFFFFFFFFFFFFFFFF AND DUP2 MSTORE PUSH1 0x20 ADD SWAP1 DUP2 MSTORE PUSH1 0x20 ADD PUSH1 0x0 KECCAK256 PUSH1 0x0 DUP3 DUP3 SLOAD SUB SWAP3 POP POP DUP2 SWAP1 SSTORE POP DUP3 PUSH20 0xFFFFFFFFFFFFFFFFFFFFFFFFFFFFFFFFFFFFFFFF AND DUP5 PUSH20 0xFFFFFFFFFFFFFFFFFFFFFFFFFFFFFFFFFFFFFFFF AND PUSH32 0xDDF252AD1BE2C89B69C2B068FC378DAA952BA7F163C4A11628F55A4DF523B3EF DUP5 PUSH1 0x40 MLOAD DUP1 DUP3 DUP2 MSTORE PUSH1 0x20 ADD SWAP2 POP POP PUSH1 0x40 MLOAD DUP1 SWAP2 SUB SWAP1 LOG3 PUSH1 0x1 SWAP1 POP SWAP4 SWAP3 POP POP POP JUMP JUMPDEST PUSH1 0x3 PUSH1 0x0 SWAP1 SLOAD SWAP1 PUSH2 0x100 EXP SWAP1 DIV PUSH1 0xFF AND DUP2 JUMP JUMPDEST PUSH1 0x0 PUSH1 0x20 MSTORE DUP1 PUSH1 0x0 MSTORE PUSH1 0x40 PUSH1 0x0 KECCAK256 PUSH1 0x0 SWAP2 POP SWAP1 POP SLOAD DUP2 JUMP JUMPDEST PUSH1 0x2 DUP1 SLOAD PUSH1 0x1 DUP2 PUSH1 0x1 AND ISZERO PUSH2 0x100 MUL SUB AND PUSH1 0x2 SWAP1 DIV DUP1 PUSH1 0x1F ADD PUSH1 0x20 DUP1 SWAP2 DIV MUL PUSH1 0x20 ADD PUSH1 0x40 MLOAD SWAP1 DUP2 ADD PUSH1 0x40 MSTORE DUP1 SWAP3 SWAP2 SWAP1 DUP2 DUP2 MSTORE PUSH1 0x20 ADD DUP3 DUP1 SLOAD PUSH1 0x1 DUP2 PUSH1 0x1 AND ISZERO PUSH2 0x100 MUL SUB AND PUSH1 0x2 SWAP1 DIV DUP1 ISZERO PUSH2 0x91C JUMPI DUP1 PUSH1 0x1F LT PUSH2 0x8F1 JUMPI PUSH2 0x100 DUP1 DUP4 SLOAD DIV MUL DUP4 MSTORE SWAP2 PUSH1 0x20 ADD SWAP2 PUSH2 0x91C JUMP JUMPDEST DUP3 ADD SWAP2 SWAP1 PUSH1 0x0 MSTORE PUSH1 0x20 PUSH1 0x0 KECCAK256 SWAP1 JUMPDEST DUP2 SLOAD DUP2 MSTORE SWAP1 PUSH1 0x1 ADD SWAP1 PUSH1 0x20 ADD DUP1 DUP4 GT PUSH2 0x8FF JUMPI DUP3 SWAP1 SUB PUSH1 0x1F AND DUP3 ADD SWAP2 JUMPDEST POP POP POP POP POP DUP2 JUMP JUMPDEST PUSH1 0x0 DUP2 PUSH1 0x0 DUP1 CALLER PUSH20 0xFFFFFFFFFFFFFFFFFFFFFFFFFFFFFFFFFFFFFFFF AND PUSH20 0xFFFFFFFFFFFFFFFFFFFFFFFFFFFFFFFFFFFFFFFF AND DUP2 MSTORE PUSH1 0x20 ADD SWAP1 DUP2 MSTORE PUSH1 0x20 ADD PUSH1 0x0 KECCAK256 SLOAD LT ISZERO ISZERO ISZERO PUSH2 0x973 JUMPI PUSH1 0x0 DUP1 REVERT JUMPDEST DUP2 PUSH1 0x0 DUP1 CALLER PUSH20 0xFFFFFFFFFFFFFFFFFFFFFFFFFFFFFFFFFFFFFFFF AND PUSH20 0xFFFFFFFFFFFFFFFFFFFFFFFFFFFFFFFFFFFFFFFF AND DUP2 MSTORE PUSH1 0x20 ADD SWAP1 DUP2 MSTORE PUSH1 0x20 ADD PUSH1 0x0 KECCAK256 PUSH1 0x0 DUP3 DUP3 SLOAD SUB SWAP3 POP POP DUP2 SWAP1 SSTORE POP DUP2 PUSH1 0x0 DUP1 DUP6 PUSH20 0xFFFFFFFFFFFFFFFFFFFFFFFFFFFFFFFFFFFFFFFF AND PUSH20 0xFFFFFFFFFFFFFFFFFFFFFFFFFFFFFFFFFFFFFFFF AND DUP2 MSTORE PUSH1 0x20 ADD SWAP1 DUP2 MSTORE PUSH1 0x20 ADD PUSH1 0x0 KECCAK256 PUSH1 0x0 DUP3 DUP3 SLOAD ADD SWAP3 POP POP DUP2 SWAP1 SSTORE POP DUP3 PUSH20 0xFFFFFFFFFFFFFFFFFFFFFFFFFFFFFFFFFFFFFFFF AND CALLER PUSH20 0xFFFFFFFFFFFFFFFFFFFFFFFFFFFFFFFFFFFFFFFF AND PUSH32 0xDDF252AD1BE2C89B69C2B068FC378DAA952BA7F163C4A11628F55A4DF523B3EF DUP5 PUSH1 0x40 MLOAD DUP1 DUP3 DUP2 MSTORE PUSH1 0x20 ADD SWAP2 POP POP PUSH1 0x40 MLOAD DUP1 SWAP2 SUB SWAP1 LOG3 PUSH1 0x1 SWAP1 POP SWAP3 SWAP2 POP POP JUMP JUMPDEST PUSH1 0x4 SLOAD PUSH1 0x0 DUP1 CALLER PUSH20 0xFFFFFFFFFFFFFFFFFFFFFFFFFFFFFFFFFFFFFFFF AND PUSH20 0xFFFFFFFFFFFFFFFFFFFFFFFFFFFFFFFFFFFFFFFF AND DUP2 MSTORE PUSH1 0x20 ADD SWAP1 DUP2 MSTORE PUSH1 0x20 ADD PUSH1 0x0 KECCAK256 DUP2 SWAP1 SSTORE POP CALLER PUSH20 0xFFFFFFFFFFFFFFFFFFFFFFFFFFFFFFFFFFFFFFFF AND PUSH1 0x0 PUSH20 0xFFFFFFFFFFFFFFFFFFFFFFFFFFFFFFFFFFFFFFFF AND PUSH32 0xDDF252AD1BE2C89B69C2B068FC378DAA952BA7F163C4A11628F55A4DF523B3EF PUSH1 0x4 SLOAD PUSH1 0x40 MLOAD DUP1 DUP3 DUP2 MSTORE PUSH1 0x20 ADD SWAP2 POP POP PUSH1 0x40 MLOAD DUP1 SWAP2 SUB SWAP1 LOG3 JUMP JUMPDEST PUSH1 0x5 PUSH1 0x20 MSTORE DUP2 PUSH1 0x0 MSTORE PUSH1 0x40 PUSH1 0x0 KECCAK256 PUSH1 0x20 MSTORE DUP1 PUSH1 0x0 MSTORE PUSH1 0x40 PUSH1 0x0 KECCAK256 PUSH1 0x0 SWAP2 POP SWAP2 POP POP SLOAD DUP2 JUMP STOP LOG1 PUSH6 0x627A7A723058 KECCAK256 DUP6 0xd6 SWAP12 0xbe PUSH30 0x57245C904FCE7C885265B22D5EAEBE8905E28F9C1F10DACDB1B63B002900
0,PUSH1 0x80 PUSH1 0x40 MSTORE PUSH1 0x40 DUP1 MLOAD SWAP1 DUP2 ADD PUSH1 0x40 MSTORE DUP1 PUSH1 0x17 DUP2 MSTORE PUSH1 0x20 ADD PUSH32 0x94343445F4B4F484C455F325F32303139303431310909000000000000000000 DUP2 MSTORE POP PUSH1 0x1 SWAP1 DUP1 MLOAD SWAP1 PUSH1 0x20 ADD SWAP1 PUSH2 0x4F SWAP3 SWAP2 SWAP1 PUSH2 0xD9 JUMP JUMPDEST POP PUSH1 0x40 DUP1 MLOAD SWAP1 DUP2 ADD PUSH1 0x40 MSTORE DUP1 PUSH1 0x1D DUP2 MSTORE PUSH1 0x20 ADD PUSH32 0x94343445F4B4F484C455F325F32303139303431315F73756244540909000000 DUP2 MSTORE POP PUSH1 0x2 SWAP1 DUP1 MLOAD SWAP1 PUSH1 0x20 ADD SWAP1 PUSH2 0x9B SWAP3 SWAP2 SWAP1 PUSH2 0xD9 JUMP JUMPDEST POP PUSH1 0x12 PUSH1 0x3 PUSH1 0x0 PUSH2 0x100 EXP DUP2 SLOAD DUP2 PUSH1 0xFF MUL NOT AND SWAP1 DUP4 PUSH1 0xFF AND MUL OR SWAP1 SSTORE POP PUSH11 0x1060D026983FFAA7000000 PUSH1 0x4 SSTORE CALLVALUE DUP1 ISZERO PUSH2 0xD3 JUMPI PUSH1 0x0 DUP1 REVERT JUMPDEST POP PUSH2 0x17E JUMP JUMPDEST DUP3 DUP1 SLOAD PUSH1 0x1 DUP2 PUSH1 0x1 AND ISZERO PUSH2 0x100 MUL SUB AND PUSH1 0x2 SWAP1 DIV SWAP1 PUSH1 0x0 MSTORE PUSH1 0x20 PUSH1 0x0 KECCAK256 SWAP1 PUSH1 0x1F ADD PUSH1 0x20 SWAP1 DIV DUP2 ADD SWAP3 DUP3 PUSH1 0x1F LT PUSH2 0x11A JUMPI DUP1 MLOAD PUSH1 0xFF NOT AND DUP4 DUP1 ADD OR DUP6 SSTORE PUSH2 0x148 JUMP JUMPDEST DUP3 DUP1 ADD PUSH1 0x1 ADD DUP6 SSTORE DUP3 ISZERO PUSH2 0x148 JUMPI SWAP2 DUP3 ADD JUMPDEST DUP3 DUP2 GT ISZERO PUSH2 0x147 JUMPI DUP3 MLOAD DUP3 SSTORE SWAP2 PUSH1 0x20 ADD SWAP2 SWAP1 PUSH1 0x1 ADD SWAP1 PUSH2 0x12C JUMP JUMPDEST JUMPDEST POP SWAP1 POP PUSH2 0x155 SWAP2 SWAP1 PUSH2 0x159 JUMP JUMPDEST POP SWAP1 JUMP JUMPDEST PUSH2 0x17B SWAP2 SWAP1 JUMPDEST DUP1 DUP3 GT ISZERO PUSH2 0x177 JUMPI PUSH1 0x0 DUP2 PUSH1 0x0 SWAP1 SSTORE POP PUSH1 0x1 ADD PUSH2 0x15F JUMP JUMPDEST POP SWAP1 JUMP JUMPDEST SWAP1 JUMP JUMPDEST PUSH2 0xB7A DUP1 PUSH2 0x18D PUSH1 0x0 CODECOPY PUSH1 0x0 RETURN STOP PUSH1 0x80 PUSH1 0x40 MSTORE PUSH1 0x4 CALLDATASIZE LT PUSH2 0xA4 JUMPI PUSH1 0x0 CALLDATALOAD PUSH29 0x100000000000000000000000000000000000000000000000000000000 SWAP1 DIV PUSH4 0xFFFFFFFF AND DUP1 PUSH4 0x6FDDE03 EQ PUSH2 0xA9 JUMPI DUP1 PUSH4 0x95EA7B3 EQ PUSH2 0x139 JUMPI DUP1 PUSH4 0x18160DDD EQ PUSH2 0x19E JUMPI DUP1 PUSH4 0x23B872DD EQ PUSH2 0x1C9 JUMPI DUP1 PUSH4 0x313CE567 EQ PUSH2 0x24E JUMPI DUP1 PUSH4 0x70A08231 EQ PUSH2 0x27F JUMPI DUP1 PUSH4 0x95D89B41 EQ PUSH2 0x2D6 JUMPI DUP1 PUSH4 0xA9059CBB EQ PUSH2 0x366 JUMPI DUP1 PUSH4 0xB5C8F317 EQ PUSH2 0x3CB JUMPI DUP1 PUSH4 0xDD62ED3E EQ PUSH2 0x3E2 JUMPI JUMPDEST PUSH1 0x0 DUP1 REVERT JUMPDEST CALLVALUE DUP1 ISZERO PUSH2 0xB5 JUMPI PUSH1 0x0 DUP1 REVERT JUMPDEST POP PUSH2 0xBE PUSH2 0x459 JUMP JUMPDEST PUSH1 0x40 MLOAD DUP1 DUP1 PUSH1 0x20 ADD DUP3 DUP2 SUB DUP3 MSTORE DUP4 DUP2 DUP2 MLOAD DUP2 MSTORE PUSH1 0x20 ADD SWAP2 POP DUP1 MLOAD SWAP1 PUSH1 0x20 ADD SWAP1 DUP1 DUP4 DUP4 PUSH1 0x0 JUMPDEST DUP4 DUP2 LT ISZERO PUSH2 0xFE JUMPI DUP1 DUP3 ADD MLOAD DUP2 DUP5 ADD MSTORE PUSH1 0x20 DUP2 ADD SWAP1 POP PUSH2 0xE3 JUMP JUMPDEST POP POP POP POP SWAP1 POP SWAP1 DUP2 ADD SWAP1 PUSH1 0x1F AND DUP1 ISZERO PUSH2 0x12B JUMPI DUP1 DUP3 SUB DUP1 MLOAD PUSH1 0x1 DUP4 PUSH1 0x20 SUB PUSH2 0x100 EXP SUB NOT AND DUP2 MSTORE PUSH1 0x20 ADD SWAP2 POP JUMPDEST POP SWAP3 POP POP POP PUSH1 0x40 MLOAD DUP1 SWAP2 SUB SWAP1 RETURN JUMPDEST CALLVALUE DUP1 ISZERO PUSH2 0x145 JUMPI PUSH1 0x0 DUP1 REVERT JUMPDEST POP PUSH2 0x184 PUSH1 0x4 DUP1 CALLDATASIZE SUB DUP2 ADD SWAP1 DUP1 DUP1 CALLDATALOAD PUSH20 0xFFFFFFFFFFFFFFFFFFFFFFFFFFFFFFFFFFFFFFFF AND SWAP1 PUSH1 0x20 ADD SWAP1 SWAP3 SWAP2 SWAP1 DUP1 CALLDATALOAD SWAP1 PUSH1 0x20 ADD SWAP1 SWAP3 SWAP2 SWAP1 POP POP POP PUSH2 0x4F7 JUMP JUMPDEST PUSH1 0x40 MLOAD DUP1 DUP3 ISZERO ISZERO ISZERO ISZERO DUP2 MSTORE PUSH1 0x20 ADD SWAP2 POP POP PUSH1 0x40 MLOAD DUP1 SWAP2 SUB SWAP1 RETURN JUMPDEST CALLVALUE DUP1 ISZERO PUSH2 0x1AA JUMPI PUSH1 0x0 DUP1 REVERT JUMPDEST POP PUSH2 0x1B3 PUSH2 0x5E9 JUMP JUMPDEST PUSH1 0x40 MLOAD DUP1 DUP3 DUP2 MSTORE PUSH1 0x20 ADD SWAP2 POP POP PUSH1 0x40 MLOAD DUP1 SWAP2 SUB SWAP1 RETURN JUMPDEST CALLVALUE DUP1 ISZERO PUSH2 0x1D5 JUMPI PUSH1 0x0 DUP1 REVERT JUMPDEST POP PUSH2 0x234 PUSH1 0x4 DUP1 CALLDATASIZE SUB DUP2 ADD SWAP1 DUP1 DUP1 CALLDATALOAD PUSH20 0xFFFFFFFFFFFFFFFFFFFFFFFFFFFFFFFFFFFFFFFF AND SWAP1 PUSH1 0x20 ADD SWAP1 SWAP3 SWAP2 SWAP1 DUP1 CALLDATALOAD PUSH20 0xFFFFFFFFFFFFFFFFFFFFFFFFFFFFFFFFFFFFFFFF AND SWAP1 PUSH1 0x20 ADD SWAP1 SWAP3 SWAP2 SWAP1 DUP1 CALLDATALOAD SWAP1 PUSH1 0x20 ADD SWAP1 SWAP3 SWAP2 SWAP1 POP POP POP PUSH2 0x5EF JUMP JUMPDEST PUSH1 0x40 MLOAD DUP1 DUP3 ISZERO ISZERO ISZERO ISZERO DUP2 MSTORE PUSH1 0x20 ADD SWAP2 POP POP PUSH1 0x40 MLOAD DUP1 SWAP2 SUB SWAP1 RETURN JUMPDEST CALLVALUE DUP1 ISZERO PUSH2 0x25A JUMPI PUSH1 0x0 DUP1 REVERT JUMPDEST POP PUSH2 0x263 PUSH2 0x85B JUMP JUMPDEST PUSH1 0x40 MLOAD DUP1 DUP3 PUSH1 0xFF AND PUSH1 0xFF AND DUP2 MSTORE PUSH1 0x20 ADD SWAP2 POP POP PUSH1 0x40 MLOAD DUP1 SWAP2 SUB SWAP1 RETURN JUMPDEST CALLVALUE DUP1 ISZERO PUSH2 0x28B JUMPI PUSH1 0x0 DUP1 REVERT JUMPDEST POP PUSH2 0x2C0 PUSH1 0x4 DUP1 CALLDATASIZE SUB DUP2 ADD SWAP1 DUP1 DUP1 CALLDATALOAD PUSH20 0xFFFFFFFFFFFFFFFFFFFFFFFFFFFFFFFFFFFFFFFF AND SWAP1 PUSH1 0x20 ADD SWAP1 SWAP3 SWAP2 SWAP1 POP POP POP PUSH2 0x86E JUMP JUMPDEST PUSH1 0x40 MLOAD DUP1 DUP3 DUP2 MSTORE PUSH1 0x20 ADD SWAP2 POP POP PUSH1 0x40 MLOAD DUP1 SWAP2 SUB SWAP1 RETURN JUMPDEST CALLVALUE DUP1 ISZERO PUSH2 0x2E2 JUMPI PUSH1 0x0 DUP1 REVERT JUMPDEST POP PUSH2 0x2EB PUSH2 0x886 JUMP JUMPDEST PUSH1 0x40 MLOAD DUP1 DUP1 PUSH1 0x20 ADD DUP3 DUP2 SUB DUP3 MSTORE DUP4 DUP2 DUP2 MLOAD DUP2 MSTORE PUSH1 0x20 ADD SWAP2 POP DUP1 MLOAD SWAP1 PUSH1 0x20 ADD SWAP1 DUP1 DUP4 DUP4 PUSH1 0x0 JUMPDEST DUP4 DUP2 LT ISZERO PUSH2 0x32B JUMPI DUP1 DUP3 ADD MLOAD DUP2 DUP5 ADD MSTORE PUSH1 0x20 DUP2 ADD SWAP1 POP PUSH2 0x310 JUMP JUMPDEST POP POP POP POP SWAP1 POP SWAP1 DUP2 ADD SWAP1 PUSH1 0x1F AND DUP1 ISZERO PUSH2 0x358 JUMPI DUP1 DUP3 SUB DUP1 MLOAD PUSH1 0x1 DUP4 PUSH1 0x20 SUB PUSH2 0x100 EXP SUB NOT AND DUP2 MSTORE PUSH1 0x20 ADD SWAP2 POP JUMPDEST POP SWAP3 POP POP POP PUSH1 0x40 MLOAD DUP1 SWAP2 SUB SWAP1 RETURN JUMPDEST CALLVALUE DUP1 ISZERO PUSH2 0x372 JUMPI PUSH1 0x0 DUP1 REVERT JUMPDEST POP PUSH2 0x3B1 PUSH1 0x4 DUP1 CALLDATASIZE SUB DUP2 ADD SWAP1 DUP1 DUP1 CALLDATALOAD PUSH20 0xFFFFFFFFFFFFFFFFFFFFFFFFFFFFFFFFFFFFFFFF AND SWAP1 PUSH1 0x20 ADD SWAP1 SWAP3 SWAP2 SWAP1 DUP1 CALLDATALOAD SWAP1 PUSH1 0x20 ADD SWAP1 SWAP3 SWAP2 SWAP1 POP POP POP PUSH2 0x924 JUMP JUMPDEST PUSH1 0x40 MLOAD DUP1 DUP3 ISZERO ISZERO ISZERO ISZERO DUP2 MSTORE PUSH1 0x20 ADD SWAP2 POP POP PUSH1 0x40 MLOAD DUP1 SWAP2 SUB SWAP1 RETURN JUMPDEST CALLVALUE DUP1 ISZERO PUSH2 0x3D7 JUMPI PUSH1 0x0 DUP1 REVERT JUMPDEST POP PUSH2 0x3E0 PUSH2 0xA7A JUMP JUMPDEST STOP JUMPDEST CALLVALUE DUP1 ISZERO PUSH2 0x3EE JUMPI PUSH1 0x0 DUP1 REVERT JUMPDEST POP PUSH2 0x443 PUSH1 0x4 DUP1 CALLDATASIZE SUB DUP2 ADD SWAP1 DUP1 DUP1 CALLDATALOAD PUSH20 0xFFFFFFFFFFFFFFFFFFFFFFFFFFFFFFFFFFFFFFFF AND SWAP1 PUSH1 0x20 ADD SWAP1 SWAP3 SWAP2 SWAP1 DUP1 CALLDATALOAD PUSH20 0xFFFFFFFFFFFFFFFFFFFFFFFFFFFFFFFFFFFFFFFF AND SWAP1 PUSH1 0x20 ADD SWAP1 SWAP3 SWAP2 SWAP1 POP POP POP PUSH2 0xB29 JUMP JUMPDEST PUSH1 0x40 MLOAD DUP1 DUP3 DUP2 MSTORE PUSH1 0x20 ADD SWAP2 POP POP PUSH1 0x40 MLOAD DUP1 SWAP2 SUB SWAP1 RETURN JUMPDEST PUSH1 0x1 DUP1 SLOAD PUSH1 0x1 DUP2 PUSH1 0x1 AND ISZERO PUSH2 0x100 MUL SUB AND PUSH1 0x2 SWAP1 DIV DUP1 PUSH1 0x1F ADD PUSH1 0x20 DUP1 SWAP2 DIV MUL PUSH1 0x20 ADD PUSH1 0x40 MLOAD SWAP1 DUP2 ADD PUSH1 0x40 MSTORE DUP1 SWAP3 SWAP2 SWAP1 DUP2 DUP2 MSTORE PUSH1 0x20 ADD DUP3 DUP1 SLOAD PUSH1 0x1 DUP2 PUSH1 0x1 AND ISZERO PUSH2 0x100 MUL SUB AND PUSH1 0x2 SWAP1 DIV DUP1 ISZERO PUSH2 0x4EF JUMPI DUP1 PUSH1 0x1F LT PUSH2 0x4C4 JUMPI PUSH2 0x100 DUP1 DUP4 SLOAD DIV MUL DUP4 MSTORE SWAP2 PUSH1 0x20 ADD SWAP2 PUSH2 0x4EF JUMP JUMPDEST DUP3 ADD SWAP2 SWAP1 PUSH1 0x0 MSTORE PUSH1 0x20 PUSH1 0x0 KECCAK256 SWAP1 JUMPDEST DUP2 SLOAD DUP2 MSTORE SWAP1 PUSH1 0x1 ADD SWAP1 PUSH1 0x20 ADD DUP1 DUP4 GT PUSH2 0x4D2 JUMPI DUP3 SWAP1 SUB PUSH1 0x1F AND DUP3 ADD SWAP2 JUMPDEST POP POP POP POP POP DUP2 JUMP JUMPDEST PUSH1 0x0 DUP2 PUSH1 0x5 PUSH1 0x0 CALLER PUSH20 0xFFFFFFFFFFFFFFFFFFFFFFFFFFFFFFFFFFFFFFFF AND PUSH20 0xFFFFFFFFFFFFFFFFFFFFFFFFFFFFFFFFFFFFFFFF AND DUP2 MSTORE PUSH1 0x20 ADD SWAP1 DUP2 MSTORE PUSH1 0x20 ADD PUSH1 0x0 KECCAK256 PUSH1 0x0 DUP6 PUSH20 0xFFFFFFFFFFFFFFFFFFFFFFFFFFFFFFFFFFFFFFFF AND PUSH20 0xFFFFFFFFFFFFFFFFFFFFFFFFFFFFFFFFFFFFFFFF AND DUP2 MSTORE PUSH1 0x20 ADD SWAP1 DUP2 MSTORE PUSH1 0x20 ADD PUSH1 0x0 KECCAK256 DUP2 SWAP1 SSTORE POP DUP3 PUSH20 0xFFFFFFFFFFFFFFFFFFFFFFFFFFFFFFFFFFFFFFFF AND CALLER PUSH20 0xFFFFFFFFFFFFFFFFFFFFFFFFFFFFFFFFFFFFFFFF AND PUSH32 0x8C5BE1E5EBEC7D5BD14F71427D1E84F3DD0314C0F7B2291E5B200AC8C7C3B925 DUP5 PUSH1 0x40 MLOAD DUP1 DUP3 DUP2 MSTORE PUSH1 0x20 ADD SWAP2 POP POP PUSH1 0x40 MLOAD DUP1 SWAP2 SUB SWAP1 LOG3 PUSH1 0x1 SWAP1 POP SWAP3 SWAP2 POP POP JUMP JUMPDEST PUSH1 0x4 SLOAD DUP2 JUMP JUMPDEST PUSH1 0x0 DUP1 PUSH1 0x0 DUP6 PUSH20 0xFFFFFFFFFFFFFFFFFFFFFFFFFFFFFFFFFFFFFFFF AND PUSH20 0xFFFFFFFFFFFFFFFFFFFFFFFFFFFFFFFFFFFFFFFF AND DUP2 MSTORE PUSH1 0x20 ADD SWAP1 DUP2 MSTORE PUSH1 0x20 ADD PUSH1 0x0 KECCAK256 SLOAD DUP3 GT ISZERO ISZERO ISZERO PUSH2 0x63E JUMPI PUSH1 0x0 DUP1 REVERT JUMPDEST PUSH1 0x5 PUSH1 0x0 DUP6 PUSH20 0xFFFFFFFFFFFFFFFFFFFFFFFFFFFFFFFFFFFFFFFF AND PUSH20 0xFFFFFFFFFFFFFFFFFFFFFFFFFFFFFFFFFFFFFFFF AND DUP2 MSTORE PUSH1 0x20 ADD SWAP1 DUP2 MSTORE PUSH1 0x20 ADD PUSH1 0x0 KECCAK256 PUSH1 0x0 CALLER PUSH20 0xFFFFFFFFFFFFFFFFFFFFFFFFFFFFFFFFFFFFFFFF AND PUSH20 0xFFFFFFFFFFFFFFFFFFFFFFFFFFFFFFFFFFFFFFFF AND DUP2 MSTORE PUSH1 0x20 ADD SWAP1 DUP2 MSTORE PUSH1 0x20 ADD PUSH1 0x0 KECCAK256 SLOAD DUP3 GT ISZERO ISZERO ISZERO PUSH2 0x6C9 JUMPI PUSH1 0x0 DUP1 REVERT JUMPDEST DUP2 PUSH1 0x0 DUP1 DUP7 PUSH20 0xFFFFFFFFFFFFFFFFFFFFFFFFFFFFFFFFFFFFFFFF AND PUSH20 0xFFFFFFFFFFFFFFFFFFFFFFFFFFFFFFFFFFFFFFFF AND DUP2 MSTORE PUSH1 0x20 ADD SWAP1 DUP2 MSTORE PUSH1 0x20 ADD PUSH1 0x0 KECCAK256 PUSH1 0x0 DUP3 DUP3 SLOAD SUB SWAP3 POP POP DUP2 SWAP1 SSTORE POP DUP2 PUSH1 0x0 DUP1 DUP6 PUSH20 0xFFFFFFFFFFFFFFFFFFFFFFFFFFFFFFFFFFFFFFFF AND PUSH20 0xFFFFFFFFFFFFFFFFFFFFFFFFFFFFFFFFFFFFFFFF AND DUP2 MSTORE PUSH1 0x20 ADD SWAP1 DUP2 MSTORE PUSH1 0x20 ADD PUSH1 0x0 KECCAK256 PUSH1 0x0 DUP3 DUP3 SLOAD ADD SWAP3 POP POP DUP2 SWAP1 SSTORE POP DUP2 PUSH1 0x5 PUSH1 0x0 DUP7 PUSH20 0xFFFFFFFFFFFFFFFFFFFFFFFFFFFFFFFFFFFFFFFF AND PUSH20 0xFFFFFFFFFFFFFFFFFFFFFFFFFFFFFFFFFFFFFFFF AND DUP2 MSTORE PUSH1 0x20 ADD SWAP1 DUP2 MSTORE PUSH1 0x20 ADD PUSH1 0x0 KECCAK256 PUSH1 0x0 CALLER PUSH20 0xFFFFFFFFFFFFFFFFFFFFFFFFFFFFFFFFFFFFFFFF AND PUSH20 0xFFFFFFFFFFFFFFFFFFFFFFFFFFFFFFFFFFFFFFFF AND DUP2 MSTORE PUSH1 0x20 ADD SWAP1 DUP2 MSTORE PUSH1 0x20 ADD PUSH1 0x0 KECCAK256 PUSH1 0x0 DUP3 DUP3 SLOAD SUB SWAP3 POP POP DUP2 SWAP1 SSTORE POP DUP3 PUSH20 0xFFFFFFFFFFFFFFFFFFFFFFFFFFFFFFFFFFFFFFFF AND DUP5 PUSH20 0xFFFFFFFFFFFFFFFFFFFFFFFFFFFFFFFFFFFFFFFF AND PUSH32 0xDDF252AD1BE2C89B69C2B068FC378DAA952BA7F163C4A11628F55A4DF523B3EF DUP5 PUSH1 0x40 MLOAD DUP1 DUP3 DUP2 MSTORE PUSH1 0x20 ADD SWAP2 POP POP PUSH1 0x40 MLOAD DUP1 SWAP2 SUB SWAP1 LOG3 PUSH1 0x1 SWAP1 POP SWAP4 SWAP3 POP POP POP JUMP JUMPDEST PUSH1 0x3 PUSH1 0x0 SWAP1 SLOAD SWAP1 PUSH2 0x100 EXP SWAP1 DIV PUSH1 0xFF AND DUP2 JUMP JUMPDEST PUSH1 0x0 PUSH1 0x20 MSTORE DUP1 PUSH1 0x0 MSTORE PUSH1 0x40 PUSH1 0x0 KECCAK256 PUSH1 0x0 SWAP2 POP SWAP1 POP SLOAD DUP2 JUMP JUMPDEST PUSH1 0x2 DUP1 SLOAD PUSH1 0x1 DUP2 PUSH1 0x1 AND ISZERO PUSH2 0x100 MUL SUB AND PUSH1 0x2 SWAP1 DIV DUP1 PUSH1 0x1F ADD PUSH1 0x20 DUP1 SWAP2 DIV MUL PUSH1 0x20 ADD PUSH1 0x40 MLOAD SWAP1 DUP2 ADD PUSH1 0x40 MSTORE DUP1 SWAP3 SWAP2 SWAP1 DUP2 DUP2 MSTORE PUSH1 0x20 ADD DUP3 DUP1 SLOAD PUSH1 0x1 DUP2 PUSH1 0x1 AND ISZERO PUSH2 0x100 MUL SUB AND PUSH1 0x2 SWAP1 DIV DUP1 ISZERO PUSH2 0x91C JUMPI DUP1 PUSH1 0x1F LT PUSH2 0x8F1 JUMPI PUSH2 0x100 DUP1 DUP4 SLOAD DIV MUL DUP4 MSTORE SWAP2 PUSH1 0x20 ADD SWAP2 PUSH2 0x91C JUMP JUMPDEST DUP3 ADD SWAP2 SWAP1 PUSH1 0x0 MSTORE PUSH1 0x20 PUSH1 0x0 KECCAK256 SWAP1 JUMPDEST DUP2 SLOAD DUP2 MSTORE SWAP1 PUSH1 0x1 ADD SWAP1 PUSH1 0x20 ADD DUP1 DUP4 GT PUSH2 0x8FF JUMPI DUP3 SWAP1 SUB PUSH1 0x1F AND DUP3 ADD SWAP2 JUMPDEST POP POP POP POP POP DUP2 JUMP JUMPDEST PUSH1 0x0 DUP2 PUSH1 0x0 DUP1 CALLER PUSH20 0xFFFFFFFFFFFFFFFFFFFFFFFFFFFFFFFFFFFFFFFF AND PUSH20 0xFFFFFFFFFFFFFFFFFFFFFFFFFFFFFFFFFFFFFFFF AND DUP2 MSTORE PUSH1 0x20 ADD SWAP1 DUP2 MSTORE PUSH1 0x20 ADD PUSH1 0x0 KECCAK256 SLOAD LT ISZERO ISZERO ISZERO PUSH2 0x973 JUMPI PUSH1 0x0 DUP1 REVERT JUMPDEST DUP2 PUSH1 0x0 DUP1 CALLER PUSH20 0xFFFFFFFFFFFFFFFFFFFFFFFFFFFFFFFFFFFFFFFF AND PUSH20 0xFFFFFFFFFFFFFFFFFFFFFFFFFFFFFFFFFFFFFFFF AND DUP2 MSTORE PUSH1 0x20 ADD SWAP1 DUP2 MSTORE PUSH1 0x20 ADD PUSH1 0x0 KECCAK256 PUSH1 0x0 DUP3 DUP3 SLOAD SUB SWAP3 POP POP DUP2 SWAP1 SSTORE POP DUP2 PUSH1 0x0 DUP1 DUP6 PUSH20 0xFFFFFFFFFFFFFFFFFFFFFFFFFFFFFFFFFFFFFFFF AND PUSH20 0xFFFFFFFFFFFFFFFFFFFFFFFFFFFFFFFFFFFFFFFF AND DUP2 MSTORE PUSH1 0x20 ADD SWAP1 DUP2 MSTORE PUSH1 0x20 ADD PUSH1 0x0 KECCAK256 PUSH1 0x0 DUP3 DUP3 SLOAD ADD SWAP3 POP POP DUP2 SWAP1 SSTORE POP DUP3 PUSH20 0xFFFFFFFFFFFFFFFFFFFFFFFFFFFFFFFFFFFFFFFF AND CALLER PUSH20 0xFFFFFFFFFFFFFFFFFFFFFFFFFFFFFFFFFFFFFFFF AND PUSH32 0xDDF252AD1BE2C89B69C2B068FC378DAA952BA7F163C4A11628F55A4DF523B3EF DUP5 PUSH1 0x40 MLOAD DUP1 DUP3 DUP2 MSTORE PUSH1 0x20 ADD SWAP2 POP POP PUSH1 0x40 MLOAD DUP1 SWAP2 SUB SWAP1 LOG3 PUSH1 0x1 SWAP1 POP SWAP3 SWAP2 POP POP JUMP JUMPDEST PUSH1 0x4 SLOAD PUSH1 0x0 DUP1 CALLER PUSH20 0xFFFFFFFFFFFFFFFFFFFFFFFFFFFFFFFFFFFFFFFF AND PUSH20 0xFFFFFFFFFFFFFFFFFFFFFFFFFFFFFFFFFFFFFFFF AND DUP2 MSTORE PUSH1 0x20 ADD SWAP1 DUP2 MSTORE PUSH1 0x20 ADD PUSH1 0x0 KECCAK256 DUP2 SWAP1 SSTORE POP CALLER PUSH20 0xFFFFFFFFFFFFFFFFFFFFFFFFFFFFFFFFFFFFFFFF AND PUSH1 0x0 PUSH20 0xFFFFFFFFFFFFFFFFFFFFFFFFFFFFFFFFFFFFFFFF AND PUSH32 0xDDF252AD1BE2C89B69C2B068FC378DAA952BA7F163C4A11628F55A4DF523B3EF PUSH1 0x4 SLOAD PUSH1 0x40 MLOAD DUP1 DUP3 DUP2 MSTORE PUSH1 0x20 ADD SWAP2 POP POP PUSH1 0x40 MLOAD DUP1 SWAP2 SUB SWAP1 LOG3 JUMP JUMPDEST PUSH1 0x5 PUSH1 0x20 MSTORE DUP2 PUSH1 0x0 MSTORE PUSH1 0x40 PUSH1 0x0 KECCAK256 PUSH1 0x20 MSTORE DUP1 PUSH1 0x0 MSTORE PUSH1 0x40 PUSH1 0x0 KECCAK256 PUSH1 0x0 SWAP2 POP SWAP2 POP POP SLOAD DUP2 JUMP STOP LOG1 PUSH6 0x627A7A723058 KECCAK256 0xdb PUSH9 0xC52FFC14892B7557F3 AND 0xbb 0xf9 0xe8 0xb5 OR DUP3 0x1f 0xdf PUSH23 0xA18BF027B903A22E177D5F002900000000000000000000
0,PUSH1 0x80 PUSH1 0x40 MSTORE PUSH1 0x40 DUP1 MLOAD SWAP1 DUP2 ADD PUSH1 0x40 MSTORE DUP1 PUSH1 0x17 DUP2 MSTORE PUSH1 0x20 ADD PUSH32 0x94343445F4B4F484C455F315F32303139303431310909000000000000000000 DUP2 MSTORE POP PUSH1 0x1 SWAP1 DUP1 MLOAD SWAP1 PUSH1 0x20 ADD SWAP1 PUSH2 0x4F SWAP3 SWAP2 SWAP1 PUSH2 0xD9 JUMP JUMPDEST POP PUSH1 0x40 DUP1 MLOAD SWAP1 DUP2 ADD PUSH1 0x40 MSTORE DUP1 PUSH1 0x1D DUP2 MSTORE PUSH1 0x20 ADD PUSH32 0x94343445F4B4F484C455F315F32303139303431315F73756244540909000000 DUP2 MSTORE POP PUSH1 0x2 SWAP1 DUP1 MLOAD SWAP1 PUSH1 0x20 ADD SWAP1 PUSH2 0x9B SWAP3 SWAP2 SWAP1 PUSH2 0xD9 JUMP JUMPDEST POP PUSH1 0x12 PUSH1 0x3 PUSH1 0x0 PUSH2 0x100 EXP DUP2 SLOAD DUP2 PUSH1 0xFF MUL NOT AND SWAP1 DUP4 PUSH1 0xFF AND MUL OR SWAP1 SSTORE POP PUSH11 0x1060D026983FFAA7000000 PUSH1 0x4 SSTORE CALLVALUE DUP1 ISZERO PUSH2 0xD3 JUMPI PUSH1 0x0 DUP1 REVERT JUMPDEST POP PUSH2 0x17E JUMP JUMPDEST DUP3 DUP1 SLOAD PUSH1 0x1 DUP2 PUSH1 0x1 AND ISZERO PUSH2 0x100 MUL SUB AND PUSH1 0x2 SWAP1 DIV SWAP1 PUSH1 0x0 MSTORE PUSH1 0x20 PUSH1 0x0 KECCAK256 SWAP1 PUSH1 0x1F ADD PUSH1 0x20 SWAP1 DIV DUP2 ADD SWAP3 DUP3 PUSH1 0x1F LT PUSH2 0x11A JUMPI DUP1 MLOAD PUSH1 0xFF NOT AND DUP4 DUP1 ADD OR DUP6 SSTORE PUSH2 0x148 JUMP JUMPDEST DUP3 DUP1 ADD PUSH1 0x1 ADD DUP6 SSTORE DUP3 ISZERO PUSH2 0x148 JUMPI SWAP2 DUP3 ADD JUMPDEST DUP3 DUP2 GT ISZERO PUSH2 0x147 JUMPI DUP3 MLOAD DUP3 SSTORE SWAP2 PUSH1 0x20 ADD SWAP2 SWAP1 PUSH1 0x1 ADD SWAP1 PUSH2 0x12C JUMP JUMPDEST JUMPDEST POP SWAP1 POP PUSH2 0x155 SWAP2 SWAP1 PUSH2 0x159 JUMP JUMPDEST POP SWAP1 JUMP JUMPDEST PUSH2 0x17B SWAP2 SWAP1 JUMPDEST DUP1 DUP3 GT ISZERO PUSH2 0x177 JUMPI PUSH1 0x0 DUP2 PUSH1 0x0 SWAP1 SSTORE POP PUSH1 0x1 ADD PUSH2 0x15F JUMP JUMPDEST POP SWAP1 JUMP JUMPDEST SWAP1 JUMP JUMPDEST PUSH2 0xB7A DUP1 PUSH2 0x18D PUSH1 0x0 CODECOPY PUSH1 0x0 RETURN STOP PUSH1 0x80 PUSH1 0x40 MSTORE PUSH1 0x4 CALLDATASIZE LT PUSH2 0xA4 JUMPI PUSH1 0x0 CALLDATALOAD PUSH29 0x100000000000000000000000000000000000000000000000000000000 SWAP1 DIV PUSH4 0xFFFFFFFF AND DUP1 PUSH4 0x6FDDE03 EQ PUSH2 0xA9 JUMPI DUP1 PUSH4 0x95EA7B3 EQ PUSH2 0x139 JUMPI DUP1 PUSH4 0x18160DDD EQ PUSH2 0x19E JUMPI DUP1 PUSH4 0x23B872DD EQ PUSH2 0x1C9 JUMPI DUP1 PUSH4 0x313CE567 EQ PUSH2 0x24E JUMPI DUP1 PUSH4 0x70A08231 EQ PUSH2 0x27F JUMPI DUP1 PUSH4 0x95D89B41 EQ PUSH2 0x2D6 JUMPI DUP1 PUSH4 0xA9059CBB EQ PUSH2 0x366 JUMPI DUP1 PUSH4 0xB5C8F317 EQ PUSH2 0x3CB JUMPI DUP1 PUSH4 0xDD62ED3E EQ PUSH2 0x3E2 JUMPI JUMPDEST PUSH1 0x0 DUP1 REVERT JUMPDEST CALLVALUE DUP1 ISZERO PUSH2 0xB5 JUMPI PUSH1 0x0 DUP1 REVERT JUMPDEST POP PUSH2 0xBE PUSH2 0x459 JUMP JUMPDEST PUSH1 0x40 MLOAD DUP1 DUP1 PUSH1 0x20 ADD DUP3 DUP2 SUB DUP3 MSTORE DUP4 DUP2 DUP2 MLOAD DUP2 MSTORE PUSH1 0x20 ADD SWAP2 POP DUP1 MLOAD SWAP1 PUSH1 0x20 ADD SWAP1 DUP1 DUP4 DUP4 PUSH1 0x0 JUMPDEST DUP4 DUP2 LT ISZERO PUSH2 0xFE JUMPI DUP1 DUP3 ADD MLOAD DUP2 DUP5 ADD MSTORE PUSH1 0x20 DUP2 ADD SWAP1 POP PUSH2 0xE3 JUMP JUMPDEST POP POP POP POP SWAP1 POP SWAP1 DUP2 ADD SWAP1 PUSH1 0x1F AND DUP1 ISZERO PUSH2 0x12B JUMPI DUP1 DUP3 SUB DUP1 MLOAD PUSH1 0x1 DUP4 PUSH1 0x20 SUB PUSH2 0x100 EXP SUB NOT AND DUP2 MSTORE PUSH1 0x20 ADD SWAP2 POP JUMPDEST POP SWAP3 POP POP POP PUSH1 0x40 MLOAD DUP1 SWAP2 SUB SWAP1 RETURN JUMPDEST CALLVALUE DUP1 ISZERO PUSH2 0x145 JUMPI PUSH1 0x0 DUP1 REVERT JUMPDEST POP PUSH2 0x184 PUSH1 0x4 DUP1 CALLDATASIZE SUB DUP2 ADD SWAP1 DUP1 DUP1 CALLDATALOAD PUSH20 0xFFFFFFFFFFFFFFFFFFFFFFFFFFFFFFFFFFFFFFFF AND SWAP1 PUSH1 0x20 ADD SWAP1 SWAP3 SWAP2 SWAP1 DUP1 CALLDATALOAD SWAP1 PUSH1 0x20 ADD SWAP1 SWAP3 SWAP2 SWAP1 POP POP POP PUSH2 0x4F7 JUMP JUMPDEST PUSH1 0x40 MLOAD DUP1 DUP3 ISZERO ISZERO ISZERO ISZERO DUP2 MSTORE PUSH1 0x20 ADD SWAP2 POP POP PUSH1 0x40 MLOAD DUP1 SWAP2 SUB SWAP1 RETURN JUMPDEST CALLVALUE DUP1 ISZERO PUSH2 0x1AA JUMPI PUSH1 0x0 DUP1 REVERT JUMPDEST POP PUSH2 0x1B3 PUSH2 0x5E9 JUMP JUMPDEST PUSH1 0x40 MLOAD DUP1 DUP3 DUP2 MSTORE PUSH1 0x20 ADD SWAP2 POP POP PUSH1 0x40 MLOAD DUP1 SWAP2 SUB SWAP1 RETURN JUMPDEST CALLVALUE DUP1 ISZERO PUSH2 0x1D5 JUMPI PUSH1 0x0 DUP1 REVERT JUMPDEST POP PUSH2 0x234 PUSH1 0x4 DUP1 CALLDATASIZE SUB DUP2 ADD SWAP1 DUP1 DUP1 CALLDATALOAD PUSH20 0xFFFFFFFFFFFFFFFFFFFFFFFFFFFFFFFFFFFFFFFF AND SWAP1 PUSH1 0x20 ADD SWAP1 SWAP3 SWAP2 SWAP1 DUP1 CALLDATALOAD PUSH20 0xFFFFFFFFFFFFFFFFFFFFFFFFFFFFFFFFFFFFFFFF AND SWAP1 PUSH1 0x20 ADD SWAP1 SWAP3 SWAP2 SWAP1 DUP1 CALLDATALOAD SWAP1 PUSH1 0x20 ADD SWAP1 SWAP3 SWAP2 SWAP1 POP POP POP PUSH2 0x5EF JUMP JUMPDEST PUSH1 0x40 MLOAD DUP1 DUP3 ISZERO ISZERO ISZERO ISZERO DUP2 MSTORE PUSH1 0x20 ADD SWAP2 POP POP PUSH1 0x40 MLOAD DUP1 SWAP2 SUB SWAP1 RETURN JUMPDEST CALLVALUE DUP1 ISZERO PUSH2 0x25A JUMPI PUSH1 0x0 DUP1 REVERT JUMPDEST POP PUSH2 0x263 PUSH2 0x85B JUMP JUMPDEST PUSH1 0x40 MLOAD DUP1 DUP3 PUSH1 0xFF AND PUSH1 0xFF AND DUP2 MSTORE PUSH1 0x20 ADD SWAP2 POP POP PUSH1 0x40 MLOAD DUP1 SWAP2 SUB SWAP1 RETURN JUMPDEST CALLVALUE DUP1 ISZERO PUSH2 0x28B JUMPI PUSH1 0x0 DUP1 REVERT JUMPDEST POP PUSH2 0x2C0 PUSH1 0x4 DUP1 CALLDATASIZE SUB DUP2 ADD SWAP1 DUP1 DUP1 CALLDATALOAD PUSH20 0xFFFFFFFFFFFFFFFFFFFFFFFFFFFFFFFFFFFFFFFF AND SWAP1 PUSH1 0x20 ADD SWAP1 SWAP3 SWAP2 SWAP1 POP POP POP PUSH2 0x86E JUMP JUMPDEST PUSH1 0x40 MLOAD DUP1 DUP3 DUP2 MSTORE PUSH1 0x20 ADD SWAP2 POP POP PUSH1 0x40 MLOAD DUP1 SWAP2 SUB SWAP1 RETURN JUMPDEST CALLVALUE DUP1 ISZERO PUSH2 0x2E2 JUMPI PUSH1 0x0 DUP1 REVERT JUMPDEST POP PUSH2 0x2EB PUSH2 0x886 JUMP JUMPDEST PUSH1 0x40 MLOAD DUP1 DUP1 PUSH1 0x20 ADD DUP3 DUP2 SUB DUP3 MSTORE DUP4 DUP2 DUP2 MLOAD DUP2 MSTORE PUSH1 0x20 ADD SWAP2 POP DUP1 MLOAD SWAP1 PUSH1 0x20 ADD SWAP1 DUP1 DUP4 DUP4 PUSH1 0x0 JUMPDEST DUP4 DUP2 LT ISZERO PUSH2 0x32B JUMPI DUP1 DUP3 ADD MLOAD DUP2 DUP5 ADD MSTORE PUSH1 0x20 DUP2 ADD SWAP1 POP PUSH2 0x310 JUMP JUMPDEST POP POP POP POP SWAP1 POP SWAP1 DUP2 ADD SWAP1 PUSH1 0x1F AND DUP1 ISZERO PUSH2 0x358 JUMPI DUP1 DUP3 SUB DUP1 MLOAD PUSH1 0x1 DUP4 PUSH1 0x20 SUB PUSH2 0x100 EXP SUB NOT AND DUP2 MSTORE PUSH1 0x20 ADD SWAP2 POP JUMPDEST POP SWAP3 POP POP POP PUSH1 0x40 MLOAD DUP1 SWAP2 SUB SWAP1 RETURN JUMPDEST CALLVALUE DUP1 ISZERO PUSH2 0x372 JUMPI PUSH1 0x0 DUP1 REVERT JUMPDEST POP PUSH2 0x3B1 PUSH1 0x4 DUP1 CALLDATASIZE SUB DUP2 ADD SWAP1 DUP1 DUP1 CALLDATALOAD PUSH20 0xFFFFFFFFFFFFFFFFFFFFFFFFFFFFFFFFFFFFFFFF AND SWAP1 PUSH1 0x20 ADD SWAP1 SWAP3 SWAP2 SWAP1 DUP1 CALLDATALOAD SWAP1 PUSH1 0x20 ADD SWAP1 SWAP3 SWAP2 SWAP1 POP POP POP PUSH2 0x924 JUMP JUMPDEST PUSH1 0x40 MLOAD DUP1 DUP3 ISZERO ISZERO ISZERO ISZERO DUP2 MSTORE PUSH1 0x20 ADD SWAP2 POP POP PUSH1 0x40 MLOAD DUP1 SWAP2 SUB SWAP1 RETURN JUMPDEST CALLVALUE DUP1 ISZERO PUSH2 0x3D7 JUMPI PUSH1 0x0 DUP1 REVERT JUMPDEST POP PUSH2 0x3E0 PUSH2 0xA7A JUMP JUMPDEST STOP JUMPDEST CALLVALUE DUP1 ISZERO PUSH2 0x3EE JUMPI PUSH1 0x0 DUP1 REVERT JUMPDEST POP PUSH2 0x443 PUSH1 0x4 DUP1 CALLDATASIZE SUB DUP2 ADD SWAP1 DUP1 DUP1 CALLDATALOAD PUSH20 0xFFFFFFFFFFFFFFFFFFFFFFFFFFFFFFFFFFFFFFFF AND SWAP1 PUSH1 0x20 ADD SWAP1 SWAP3 SWAP2 SWAP1 DUP1 CALLDATALOAD PUSH20 0xFFFFFFFFFFFFFFFFFFFFFFFFFFFFFFFFFFFFFFFF AND SWAP1 PUSH1 0x20 ADD SWAP1 SWAP3 SWAP2 SWAP1 POP POP POP PUSH2 0xB29 JUMP JUMPDEST PUSH1 0x40 MLOAD DUP1 DUP3 DUP2 MSTORE PUSH1 0x20 ADD SWAP2 POP POP PUSH1 0x40 MLOAD DUP1 SWAP2 SUB SWAP1 RETURN JUMPDEST PUSH1 0x1 DUP1 SLOAD PUSH1 0x1 DUP2 PUSH1 0x1 AND ISZERO PUSH2 0x100 MUL SUB AND PUSH1 0x2 SWAP1 DIV DUP1 PUSH1 0x1F ADD PUSH1 0x20 DUP1 SWAP2 DIV MUL PUSH1 0x20 ADD PUSH1 0x40 MLOAD SWAP1 DUP2 ADD PUSH1 0x40 MSTORE DUP1 SWAP3 SWAP2 SWAP1 DUP2 DUP2 MSTORE PUSH1 0x20 ADD DUP3 DUP1 SLOAD PUSH1 0x1 DUP2 PUSH1 0x1 AND ISZERO PUSH2 0x100 MUL SUB AND PUSH1 0x2 SWAP1 DIV DUP1 ISZERO PUSH2 0x4EF JUMPI DUP1 PUSH1 0x1F LT PUSH2 0x4C4 JUMPI PUSH2 0x100 DUP1 DUP4 SLOAD DIV MUL DUP4 MSTORE SWAP2 PUSH1 0x20 ADD SWAP2 PUSH2 0x4EF JUMP JUMPDEST DUP3 ADD SWAP2 SWAP1 PUSH1 0x0 MSTORE PUSH1 0x20 PUSH1 0x0 KECCAK256 SWAP1 JUMPDEST DUP2 SLOAD DUP2 MSTORE SWAP1 PUSH1 0x1 ADD SWAP1 PUSH1 0x20 ADD DUP1 DUP4 GT PUSH2 0x4D2 JUMPI DUP3 SWAP1 SUB PUSH1 0x1F AND DUP3 ADD SWAP2 JUMPDEST POP POP POP POP POP DUP2 JUMP JUMPDEST PUSH1 0x0 DUP2 PUSH1 0x5 PUSH1 0x0 CALLER PUSH20 0xFFFFFFFFFFFFFFFFFFFFFFFFFFFFFFFFFFFFFFFF AND PUSH20 0xFFFFFFFFFFFFFFFFFFFFFFFFFFFFFFFFFFFFFFFF AND DUP2 MSTORE PUSH1 0x20 ADD SWAP1 DUP2 MSTORE PUSH1 0x20 ADD PUSH1 0x0 KECCAK256 PUSH1 0x0 DUP6 PUSH20 0xFFFFFFFFFFFFFFFFFFFFFFFFFFFFFFFFFFFFFFFF AND PUSH20 0xFFFFFFFFFFFFFFFFFFFFFFFFFFFFFFFFFFFFFFFF AND DUP2 MSTORE PUSH1 0x20 ADD SWAP1 DUP2 MSTORE PUSH1 0x20 ADD PUSH1 0x0 KECCAK256 DUP2 SWAP1 SSTORE POP DUP3 PUSH20 0xFFFFFFFFFFFFFFFFFFFFFFFFFFFFFFFFFFFFFFFF AND CALLER PUSH20 0xFFFFFFFFFFFFFFFFFFFFFFFFFFFFFFFFFFFFFFFF AND PUSH32 0x8C5BE1E5EBEC7D5BD14F71427D1E84F3DD0314C0F7B2291E5B200AC8C7C3B925 DUP5 PUSH1 0x40 MLOAD DUP1 DUP3 DUP2 MSTORE PUSH1 0x20 ADD SWAP2 POP POP PUSH1 0x40 MLOAD DUP1 SWAP2 SUB SWAP1 LOG3 PUSH1 0x1 SWAP1 POP SWAP3 SWAP2 POP POP JUMP JUMPDEST PUSH1 0x4 SLOAD DUP2 JUMP JUMPDEST PUSH1 0x0 DUP1 PUSH1 0x0 DUP6 PUSH20 0xFFFFFFFFFFFFFFFFFFFFFFFFFFFFFFFFFFFFFFFF AND PUSH20 0xFFFFFFFFFFFFFFFFFFFFFFFFFFFFFFFFFFFFFFFF AND DUP2 MSTORE PUSH1 0x20 ADD SWAP1 DUP2 MSTORE PUSH1 0x20 ADD PUSH1 0x0 KECCAK256 SLOAD DUP3 GT ISZERO ISZERO ISZERO PUSH2 0x63E JUMPI PUSH1 0x0 DUP1 REVERT JUMPDEST PUSH1 0x5 PUSH1 0x0 DUP6 PUSH20 0xFFFFFFFFFFFFFFFFFFFFFFFFFFFFFFFFFFFFFFFF AND PUSH20 0xFFFFFFFFFFFFFFFFFFFFFFFFFFFFFFFFFFFFFFFF AND DUP2 MSTORE PUSH1 0x20 ADD SWAP1 DUP2 MSTORE PUSH1 0x20 ADD PUSH1 0x0 KECCAK256 PUSH1 0x0 CALLER PUSH20 0xFFFFFFFFFFFFFFFFFFFFFFFFFFFFFFFFFFFFFFFF AND PUSH20 0xFFFFFFFFFFFFFFFFFFFFFFFFFFFFFFFFFFFFFFFF AND DUP2 MSTORE PUSH1 0x20 ADD SWAP1 DUP2 MSTORE PUSH1 0x20 ADD PUSH1 0x0 KECCAK256 SLOAD DUP3 GT ISZERO ISZERO ISZERO PUSH2 0x6C9 JUMPI PUSH1 0x0 DUP1 REVERT JUMPDEST DUP2 PUSH1 0x0 DUP1 DUP7 PUSH20 0xFFFFFFFFFFFFFFFFFFFFFFFFFFFFFFFFFFFFFFFF AND PUSH20 0xFFFFFFFFFFFFFFFFFFFFFFFFFFFFFFFFFFFFFFFF AND DUP2 MSTORE PUSH1 0x20 ADD SWAP1 DUP2 MSTORE PUSH1 0x20 ADD PUSH1 0x0 KECCAK256 PUSH1 0x0 DUP3 DUP3 SLOAD SUB SWAP3 POP POP DUP2 SWAP1 SSTORE POP DUP2 PUSH1 0x0 DUP1 DUP6 PUSH20 0xFFFFFFFFFFFFFFFFFFFFFFFFFFFFFFFFFFFFFFFF AND PUSH20 0xFFFFFFFFFFFFFFFFFFFFFFFFFFFFFFFFFFFFFFFF AND DUP2 MSTORE PUSH1 0x20 ADD SWAP1 DUP2 MSTORE PUSH1 0x20 ADD PUSH1 0x0 KECCAK256 PUSH1 0x0 DUP3 DUP3 SLOAD ADD SWAP3 POP POP DUP2 SWAP1 SSTORE POP DUP2 PUSH1 0x5 PUSH1 0x0 DUP7 PUSH20 0xFFFFFFFFFFFFFFFFFFFFFFFFFFFFFFFFFFFFFFFF AND PUSH20 0xFFFFFFFFFFFFFFFFFFFFFFFFFFFFFFFFFFFFFFFF AND DUP2 MSTORE PUSH1 0x20 ADD SWAP1 DUP2 MSTORE PUSH1 0x20 ADD PUSH1 0x0 KECCAK256 PUSH1 0x0 CALLER PUSH20 0xFFFFFFFFFFFFFFFFFFFFFFFFFFFFFFFFFFFFFFFF AND PUSH20 0xFFFFFFFFFFFFFFFFFFFFFFFFFFFFFFFFFFFFFFFF AND DUP2 MSTORE PUSH1 0x20 ADD SWAP1 DUP2 MSTORE PUSH1 0x20 ADD PUSH1 0x0 KECCAK256 PUSH1 0x0 DUP3 DUP3 SLOAD SUB SWAP3 POP POP DUP2 SWAP1 SSTORE POP DUP3 PUSH20 0xFFFFFFFFFFFFFFFFFFFFFFFFFFFFFFFFFFFFFFFF AND DUP5 PUSH20 0xFFFFFFFFFFFFFFFFFFFFFFFFFFFFFFFFFFFFFFFF AND PUSH32 0xDDF252AD1BE2C89B69C2B068FC378DAA952BA7F163C4A11628F55A4DF523B3EF DUP5 PUSH1 0x40 MLOAD DUP1 DUP3 DUP2 MSTORE PUSH1 0x20 ADD SWAP2 POP POP PUSH1 0x40 MLOAD DUP1 SWAP2 SUB SWAP1 LOG3 PUSH1 0x1 SWAP1 POP SWAP4 SWAP3 POP POP POP JUMP JUMPDEST PUSH1 0x3 PUSH1 0x0 SWAP1 SLOAD SWAP1 PUSH2 0x100 EXP SWAP1 DIV PUSH1 0xFF AND DUP2 JUMP JUMPDEST PUSH1 0x0 PUSH1 0x20 MSTORE DUP1 PUSH1 0x0 MSTORE PUSH1 0x40 PUSH1 0x0 KECCAK256 PUSH1 0x0 SWAP2 POP SWAP1 POP SLOAD DUP2 JUMP JUMPDEST PUSH1 0x2 DUP1 SLOAD PUSH1 0x1 DUP2 PUSH1 0x1 AND ISZERO PUSH2 0x100 MUL SUB AND PUSH1 0x2 SWAP1 DIV DUP1 PUSH1 0x1F ADD PUSH1 0x20 DUP1 SWAP2 DIV MUL PUSH1 0x20 ADD PUSH1 0x40 MLOAD SWAP1 DUP2 ADD PUSH1 0x40 MSTORE DUP1 SWAP3 SWAP2 SWAP1 DUP2 DUP2 MSTORE PUSH1 0x20 ADD DUP3 DUP1 SLOAD PUSH1 0x1 DUP2 PUSH1 0x1 AND ISZERO PUSH2 0x100 MUL SUB AND PUSH1 0x2 SWAP1 DIV DUP1 ISZERO PUSH2 0x91C JUMPI DUP1 PUSH1 0x1F LT PUSH2 0x8F1 JUMPI PUSH2 0x100 DUP1 DUP4 SLOAD DIV MUL DUP4 MSTORE SWAP2 PUSH1 0x20 ADD SWAP2 PUSH2 0x91C JUMP JUMPDEST DUP3 ADD SWAP2 SWAP1 PUSH1 0x0 MSTORE PUSH1 0x20 PUSH1 0x0 KECCAK256 SWAP1 JUMPDEST DUP2 SLOAD DUP2 MSTORE SWAP1 PUSH1 0x1 ADD SWAP1 PUSH1 0x20 ADD DUP1 DUP4 GT PUSH2 0x8FF JUMPI DUP3 SWAP1 SUB PUSH1 0x1F AND DUP3 ADD SWAP2 JUMPDEST POP POP POP POP POP DUP2 JUMP JUMPDEST PUSH1 0x0 DUP2 PUSH1 0x0 DUP1 CALLER PUSH20 0xFFFFFFFFFFFFFFFFFFFFFFFFFFFFFFFFFFFFFFFF AND PUSH20 0xFFFFFFFFFFFFFFFFFFFFFFFFFFFFFFFFFFFFFFFF AND DUP2 MSTORE PUSH1 0x20 ADD SWAP1 DUP2 MSTORE PUSH1 0x20 ADD PUSH1 0x0 KECCAK256 SLOAD LT ISZERO ISZERO ISZERO PUSH2 0x973 JUMPI PUSH1 0x0 DUP1 REVERT JUMPDEST DUP2 PUSH1 0x0 DUP1 CALLER PUSH20 0xFFFFFFFFFFFFFFFFFFFFFFFFFFFFFFFFFFFFFFFF AND PUSH20 0xFFFFFFFFFFFFFFFFFFFFFFFFFFFFFFFFFFFFFFFF AND DUP2 MSTORE PUSH1 0x20 ADD SWAP1 DUP2 MSTORE PUSH1 0x20 ADD PUSH1 0x0 KECCAK256 PUSH1 0x0 DUP3 DUP3 SLOAD SUB SWAP3 POP POP DUP2 SWAP1 SSTORE POP DUP2 PUSH1 0x0 DUP1 DUP6 PUSH20 0xFFFFFFFFFFFFFFFFFFFFFFFFFFFFFFFFFFFFFFFF AND PUSH20 0xFFFFFFFFFFFFFFFFFFFFFFFFFFFFFFFFFFFFFFFF AND DUP2 MSTORE PUSH1 0x20 ADD SWAP1 DUP2 MSTORE PUSH1 0x20 ADD PUSH1 0x0 KECCAK256 PUSH1 0x0 DUP3 DUP3 SLOAD ADD SWAP3 POP POP DUP2 SWAP1 SSTORE POP DUP3 PUSH20 0xFFFFFFFFFFFFFFFFFFFFFFFFFFFFFFFFFFFFFFFF AND CALLER PUSH20 0xFFFFFFFFFFFFFFFFFFFFFFFFFFFFFFFFFFFFFFFF AND PUSH32 0xDDF252AD1BE2C89B69C2B068FC378DAA952BA7F163C4A11628F55A4DF523B3EF DUP5 PUSH1 0x40 MLOAD DUP1 DUP3 DUP2 MSTORE PUSH1 0x20 ADD SWAP2 POP POP PUSH1 0x40 MLOAD DUP1 SWAP2 SUB SWAP1 LOG3 PUSH1 0x1 SWAP1 POP SWAP3 SWAP2 POP POP JUMP JUMPDEST PUSH1 0x4 SLOAD PUSH1 0x0 DUP1 CALLER PUSH20 0xFFFFFFFFFFFFFFFFFFFFFFFFFFFFFFFFFFFFFFFF AND PUSH20 0xFFFFFFFFFFFFFFFFFFFFFFFFFFFFFFFFFFFFFFFF AND DUP2 MSTORE PUSH1 0x20 ADD SWAP1 DUP2 MSTORE PUSH1 0x20 ADD PUSH1 0x0 KECCAK256 DUP2 SWAP1 SSTORE POP CALLER PUSH20 0xFFFFFFFFFFFFFFFFFFFFFFFFFFFFFFFFFFFFFFFF AND PUSH1 0x0 PUSH20 0xFFFFFFFFFFFFFFFFFFFFFFFFFFFFFFFFFFFFFFFF AND PUSH32 0xDDF252AD1BE2C89B69C2B068FC378DAA952BA7F163C4A11628F55A4DF523B3EF PUSH1 0x4 SLOAD PUSH1 0x40 MLOAD DUP1 DUP3 DUP2 MSTORE PUSH1 0x20 ADD SWAP2 POP POP PUSH1 0x40 MLOAD DUP1 SWAP2 SUB SWAP1 LOG3 JUMP JUMPDEST PUSH1 0x5 PUSH1 0x20 MSTORE DUP2 PUSH1 0x0 MSTORE PUSH1 0x40 PUSH1 0x0 KECCAK256 PUSH1 0x20 MSTORE DUP1 PUSH1 0x0 MSTORE PUSH1 0x40 PUSH1 0x0 KECCAK256 PUSH1 0x0 SWAP2 POP SWAP2 POP POP SLOAD DUP2 JUMP STOP LOG1 PUSH6 0x627A7A723058 KECCAK256 SWAP14 SLOAD PUSH30 0xDE760E06F5F4FB197D140A1C5A2AAF196885FA9212663F8B9A0D9BE7E500 0x29
0,PUSH1 0x80 PUSH1 0x40 MSTORE CALLVALUE DUP1 ISZERO PUSH2 0x10 JUMPI PUSH1 0x0 DUP1 REVERT JUMPDEST POP CALLER PUSH1 0x0 DUP1 PUSH2 0x100 EXP DUP2 SLOAD DUP2 PUSH20 0xFFFFFFFFFFFFFFFFFFFFFFFFFFFFFFFFFFFFFFFF MUL NOT AND SWAP1 DUP4 PUSH20 0xFFFFFFFFFFFFFFFFFFFFFFFFFFFFFFFFFFFFFFFF AND MUL OR SWAP1 SSTORE POP PUSH2 0x314 DUP1 PUSH2 0x60 PUSH1 0x0 CODECOPY PUSH1 0x0 RETURN STOP PUSH1 0x80 PUSH1 0x40 MSTORE PUSH1 0x4 CALLDATASIZE LT PUSH2 0x62 JUMPI PUSH1 0x0 CALLDATALOAD PUSH29 0x100000000000000000000000000000000000000000000000000000000 SWAP1 DIV PUSH4 0xFFFFFFFF AND DUP1 PUSH4 0x900F010 EQ PUSH2 0x67 JUMPI DUP1 PUSH4 0x445DF0AC EQ PUSH2 0xB8 JUMPI DUP1 PUSH4 0x8DA5CB5B EQ PUSH2 0xE3 JUMPI DUP1 PUSH4 0xFDACD576 EQ PUSH2 0x13A JUMPI JUMPDEST PUSH1 0x0 DUP1 REVERT JUMPDEST CALLVALUE DUP1 ISZERO PUSH2 0x73 JUMPI PUSH1 0x0 DUP1 REVERT JUMPDEST POP PUSH2 0xB6 PUSH1 0x4 DUP1 CALLDATASIZE SUB PUSH1 0x20 DUP2 LT ISZERO PUSH2 0x8A JUMPI PUSH1 0x0 DUP1 REVERT JUMPDEST DUP2 ADD SWAP1 DUP1 DUP1 CALLDATALOAD PUSH20 0xFFFFFFFFFFFFFFFFFFFFFFFFFFFFFFFFFFFFFFFF AND SWAP1 PUSH1 0x20 ADD SWAP1 SWAP3 SWAP2 SWAP1 POP POP POP PUSH2 0x175 JUMP JUMPDEST STOP JUMPDEST CALLVALUE DUP1 ISZERO PUSH2 0xC4 JUMPI PUSH1 0x0 DUP1 REVERT JUMPDEST POP PUSH2 0xCD PUSH2 0x25D JUMP JUMPDEST PUSH1 0x40 MLOAD DUP1 DUP3 DUP2 MSTORE PUSH1 0x20 ADD SWAP2 POP POP PUSH1 0x40 MLOAD DUP1 SWAP2 SUB SWAP1 RETURN JUMPDEST CALLVALUE DUP1 ISZERO PUSH2 0xEF JUMPI PUSH1 0x0 DUP1 REVERT JUMPDEST POP PUSH2 0xF8 PUSH2 0x263 JUMP JUMPDEST PUSH1 0x40 MLOAD DUP1 DUP3 PUSH20 0xFFFFFFFFFFFFFFFFFFFFFFFFFFFFFFFFFFFFFFFF AND PUSH20 0xFFFFFFFFFFFFFFFFFFFFFFFFFFFFFFFFFFFFFFFF AND DUP2 MSTORE PUSH1 0x20 ADD SWAP2 POP POP PUSH1 0x40 MLOAD DUP1 SWAP2 SUB SWAP1 RETURN JUMPDEST CALLVALUE DUP1 ISZERO PUSH2 0x146 JUMPI PUSH1 0x0 DUP1 REVERT JUMPDEST POP PUSH2 0x173 PUSH1 0x4 DUP1 CALLDATASIZE SUB PUSH1 0x20 DUP2 LT ISZERO PUSH2 0x15D JUMPI PUSH1 0x0 DUP1 REVERT JUMPDEST DUP2 ADD SWAP1 DUP1 DUP1 CALLDATALOAD SWAP1 PUSH1 0x20 ADD SWAP1 SWAP3 SWAP2 SWAP1 POP POP POP PUSH2 0x288 JUMP JUMPDEST STOP JUMPDEST PUSH1 0x0 DUP1 SWAP1 SLOAD SWAP1 PUSH2 0x100 EXP SWAP1 DIV PUSH20 0xFFFFFFFFFFFFFFFFFFFFFFFFFFFFFFFFFFFFFFFF AND PUSH20 0xFFFFFFFFFFFFFFFFFFFFFFFFFFFFFFFFFFFFFFFF AND CALLER PUSH20 0xFFFFFFFFFFFFFFFFFFFFFFFFFFFFFFFFFFFFFFFF AND EQ ISZERO PUSH2 0x25A JUMPI PUSH1 0x0 DUP2 SWAP1 POP DUP1 PUSH20 0xFFFFFFFFFFFFFFFFFFFFFFFFFFFFFFFFFFFFFFFF AND PUSH4 0xFDACD576 PUSH1 0x1 SLOAD PUSH1 0x40 MLOAD DUP3 PUSH4 0xFFFFFFFF AND PUSH29 0x100000000000000000000000000000000000000000000000000000000 MUL DUP2 MSTORE PUSH1 0x4 ADD DUP1 DUP3 DUP2 MSTORE PUSH1 0x20 ADD SWAP2 POP POP PUSH1 0x0 PUSH1 0x40 MLOAD DUP1 DUP4 SUB DUP2 PUSH1 0x0 DUP8 DUP1 EXTCODESIZE ISZERO DUP1 ISZERO PUSH2 0x240 JUMPI PUSH1 0x0 DUP1 REVERT JUMPDEST POP GAS CALL ISZERO DUP1 ISZERO PUSH2 0x254 JUMPI RETURNDATASIZE PUSH1 0x0 DUP1 RETURNDATACOPY RETURNDATASIZE PUSH1 0x0 REVERT JUMPDEST POP POP POP POP POP JUMPDEST POP JUMP JUMPDEST PUSH1 0x1 SLOAD DUP2 JUMP JUMPDEST PUSH1 0x0 DUP1 SWAP1 SLOAD SWAP1 PUSH2 0x100 EXP SWAP1 DIV PUSH20 0xFFFFFFFFFFFFFFFFFFFFFFFFFFFFFFFFFFFFFFFF AND DUP2 JUMP JUMPDEST PUSH1 0x0 DUP1 SWAP1 SLOAD SWAP1 PUSH2 0x100 EXP SWAP1 DIV PUSH20 0xFFFFFFFFFFFFFFFFFFFFFFFFFFFFFFFFFFFFFFFF AND PUSH20 0xFFFFFFFFFFFFFFFFFFFFFFFFFFFFFFFFFFFFFFFF AND CALLER PUSH20 0xFFFFFFFFFFFFFFFFFFFFFFFFFFFFFFFFFFFFFFFF AND EQ ISZERO PUSH2 0x2E5 JUMPI DUP1 PUSH1 0x1 DUP2 SWAP1 SSTORE POP JUMPDEST POP JUMP STOP LOG1 PUSH6 0x627A7A723058 KECCAK256 0x2c CODESIZE 0xbd PUSH26 0x6CF2E0EC1EF8050A315F4F4DCCF9636915CCE14010A6A6D123DD SWAP16 0xd2 STOP 0x29
0,PUSH1 0x80 PUSH1 0x40 MSTORE PUSH1 0x40 DUP1 MLOAD SWAP1 DUP2 ADD PUSH1 0x40 MSTORE DUP1 PUSH1 0x17 DUP2 MSTORE PUSH1 0x20 ADD PUSH32 0x94343445F4B4F484C455F325F32303139303431310909000000000000000000 DUP2 MSTORE POP PUSH1 0x1 SWAP1 DUP1 MLOAD SWAP1 PUSH1 0x20 ADD SWAP1 PUSH2 0x4F SWAP3 SWAP2 SWAP1 PUSH2 0xD9 JUMP JUMPDEST POP PUSH1 0x40 DUP1 MLOAD SWAP1 DUP2 ADD PUSH1 0x40 MSTORE DUP1 PUSH1 0x1D DUP2 MSTORE PUSH1 0x20 ADD PUSH32 0x94343445F4B4F484C455F325F32303139303431315F73756244540909000000 DUP2 MSTORE POP PUSH1 0x2 SWAP1 DUP1 MLOAD SWAP1 PUSH1 0x20 ADD SWAP1 PUSH2 0x9B SWAP3 SWAP2 SWAP1 PUSH2 0xD9 JUMP JUMPDEST POP PUSH1 0x12 PUSH1 0x3 PUSH1 0x0 PUSH2 0x100 EXP DUP2 SLOAD DUP2 PUSH1 0xFF MUL NOT AND SWAP1 DUP4 PUSH1 0xFF AND MUL OR SWAP1 SSTORE POP PUSH11 0x1060D026983FFAA7000000 PUSH1 0x4 SSTORE CALLVALUE DUP1 ISZERO PUSH2 0xD3 JUMPI PUSH1 0x0 DUP1 REVERT JUMPDEST POP PUSH2 0x17E JUMP JUMPDEST DUP3 DUP1 SLOAD PUSH1 0x1 DUP2 PUSH1 0x1 AND ISZERO PUSH2 0x100 MUL SUB AND PUSH1 0x2 SWAP1 DIV SWAP1 PUSH1 0x0 MSTORE PUSH1 0x20 PUSH1 0x0 KECCAK256 SWAP1 PUSH1 0x1F ADD PUSH1 0x20 SWAP1 DIV DUP2 ADD SWAP3 DUP3 PUSH1 0x1F LT PUSH2 0x11A JUMPI DUP1 MLOAD PUSH1 0xFF NOT AND DUP4 DUP1 ADD OR DUP6 SSTORE PUSH2 0x148 JUMP JUMPDEST DUP3 DUP1 ADD PUSH1 0x1 ADD DUP6 SSTORE DUP3 ISZERO PUSH2 0x148 JUMPI SWAP2 DUP3 ADD JUMPDEST DUP3 DUP2 GT ISZERO PUSH2 0x147 JUMPI DUP3 MLOAD DUP3 SSTORE SWAP2 PUSH1 0x20 ADD SWAP2 SWAP1 PUSH1 0x1 ADD SWAP1 PUSH2 0x12C JUMP JUMPDEST JUMPDEST POP SWAP1 POP PUSH2 0x155 SWAP2 SWAP1 PUSH2 0x159 JUMP JUMPDEST POP SWAP1 JUMP JUMPDEST PUSH2 0x17B SWAP2 SWAP1 JUMPDEST DUP1 DUP3 GT ISZERO PUSH2 0x177 JUMPI PUSH1 0x0 DUP2 PUSH1 0x0 SWAP1 SSTORE POP PUSH1 0x1 ADD PUSH2 0x15F JUMP JUMPDEST POP SWAP1 JUMP JUMPDEST SWAP1 JUMP JUMPDEST PUSH2 0xB7A DUP1 PUSH2 0x18D PUSH1 0x0 CODECOPY PUSH1 0x0 RETURN STOP PUSH1 0x80 PUSH1 0x40 MSTORE PUSH1 0x4 CALLDATASIZE LT PUSH2 0xA4 JUMPI PUSH1 0x0 CALLDATALOAD PUSH29 0x100000000000000000000000000000000000000000000000000000000 SWAP1 DIV PUSH4 0xFFFFFFFF AND DUP1 PUSH4 0x6FDDE03 EQ PUSH2 0xA9 JUMPI DUP1 PUSH4 0x95EA7B3 EQ PUSH2 0x139 JUMPI DUP1 PUSH4 0x18160DDD EQ PUSH2 0x19E JUMPI DUP1 PUSH4 0x23B872DD EQ PUSH2 0x1C9 JUMPI DUP1 PUSH4 0x313CE567 EQ PUSH2 0x24E JUMPI DUP1 PUSH4 0x70A08231 EQ PUSH2 0x27F JUMPI DUP1 PUSH4 0x95D89B41 EQ PUSH2 0x2D6 JUMPI DUP1 PUSH4 0xA9059CBB EQ PUSH2 0x366 JUMPI DUP1 PUSH4 0xB5C8F317 EQ PUSH2 0x3CB JUMPI DUP1 PUSH4 0xDD62ED3E EQ PUSH2 0x3E2 JUMPI JUMPDEST PUSH1 0x0 DUP1 REVERT JUMPDEST CALLVALUE DUP1 ISZERO PUSH2 0xB5 JUMPI PUSH1 0x0 DUP1 REVERT JUMPDEST POP PUSH2 0xBE PUSH2 0x459 JUMP JUMPDEST PUSH1 0x40 MLOAD DUP1 DUP1 PUSH1 0x20 ADD DUP3 DUP2 SUB DUP3 MSTORE DUP4 DUP2 DUP2 MLOAD DUP2 MSTORE PUSH1 0x20 ADD SWAP2 POP DUP1 MLOAD SWAP1 PUSH1 0x20 ADD SWAP1 DUP1 DUP4 DUP4 PUSH1 0x0 JUMPDEST DUP4 DUP2 LT ISZERO PUSH2 0xFE JUMPI DUP1 DUP3 ADD MLOAD DUP2 DUP5 ADD MSTORE PUSH1 0x20 DUP2 ADD SWAP1 POP PUSH2 0xE3 JUMP JUMPDEST POP POP POP POP SWAP1 POP SWAP1 DUP2 ADD SWAP1 PUSH1 0x1F AND DUP1 ISZERO PUSH2 0x12B JUMPI DUP1 DUP3 SUB DUP1 MLOAD PUSH1 0x1 DUP4 PUSH1 0x20 SUB PUSH2 0x100 EXP SUB NOT AND DUP2 MSTORE PUSH1 0x20 ADD SWAP2 POP JUMPDEST POP SWAP3 POP POP POP PUSH1 0x40 MLOAD DUP1 SWAP2 SUB SWAP1 RETURN JUMPDEST CALLVALUE DUP1 ISZERO PUSH2 0x145 JUMPI PUSH1 0x0 DUP1 REVERT JUMPDEST POP PUSH2 0x184 PUSH1 0x4 DUP1 CALLDATASIZE SUB DUP2 ADD SWAP1 DUP1 DUP1 CALLDATALOAD PUSH20 0xFFFFFFFFFFFFFFFFFFFFFFFFFFFFFFFFFFFFFFFF AND SWAP1 PUSH1 0x20 ADD SWAP1 SWAP3 SWAP2 SWAP1 DUP1 CALLDATALOAD SWAP1 PUSH1 0x20 ADD SWAP1 SWAP3 SWAP2 SWAP1 POP POP POP PUSH2 0x4F7 JUMP JUMPDEST PUSH1 0x40 MLOAD DUP1 DUP3 ISZERO ISZERO ISZERO ISZERO DUP2 MSTORE PUSH1 0x20 ADD SWAP2 POP POP PUSH1 0x40 MLOAD DUP1 SWAP2 SUB SWAP1 RETURN JUMPDEST CALLVALUE DUP1 ISZERO PUSH2 0x1AA JUMPI PUSH1 0x0 DUP1 REVERT JUMPDEST POP PUSH2 0x1B3 PUSH2 0x5E9 JUMP JUMPDEST PUSH1 0x40 MLOAD DUP1 DUP3 DUP2 MSTORE PUSH1 0x20 ADD SWAP2 POP POP PUSH1 0x40 MLOAD DUP1 SWAP2 SUB SWAP1 RETURN JUMPDEST CALLVALUE DUP1 ISZERO PUSH2 0x1D5 JUMPI PUSH1 0x0 DUP1 REVERT JUMPDEST POP PUSH2 0x234 PUSH1 0x4 DUP1 CALLDATASIZE SUB DUP2 ADD SWAP1 DUP1 DUP1 CALLDATALOAD PUSH20 0xFFFFFFFFFFFFFFFFFFFFFFFFFFFFFFFFFFFFFFFF AND SWAP1 PUSH1 0x20 ADD SWAP1 SWAP3 SWAP2 SWAP1 DUP1 CALLDATALOAD PUSH20 0xFFFFFFFFFFFFFFFFFFFFFFFFFFFFFFFFFFFFFFFF AND SWAP1 PUSH1 0x20 ADD SWAP1 SWAP3 SWAP2 SWAP1 DUP1 CALLDATALOAD SWAP1 PUSH1 0x20 ADD SWAP1 SWAP3 SWAP2 SWAP1 POP POP POP PUSH2 0x5EF JUMP JUMPDEST PUSH1 0x40 MLOAD DUP1 DUP3 ISZERO ISZERO ISZERO ISZERO DUP2 MSTORE PUSH1 0x20 ADD SWAP2 POP POP PUSH1 0x40 MLOAD DUP1 SWAP2 SUB SWAP1 RETURN JUMPDEST CALLVALUE DUP1 ISZERO PUSH2 0x25A JUMPI PUSH1 0x0 DUP1 REVERT JUMPDEST POP PUSH2 0x263 PUSH2 0x85B JUMP JUMPDEST PUSH1 0x40 MLOAD DUP1 DUP3 PUSH1 0xFF AND PUSH1 0xFF AND DUP2 MSTORE PUSH1 0x20 ADD SWAP2 POP POP PUSH1 0x40 MLOAD DUP1 SWAP2 SUB SWAP1 RETURN JUMPDEST CALLVALUE DUP1 ISZERO PUSH2 0x28B JUMPI PUSH1 0x0 DUP1 REVERT JUMPDEST POP PUSH2 0x2C0 PUSH1 0x4 DUP1 CALLDATASIZE SUB DUP2 ADD SWAP1 DUP1 DUP1 CALLDATALOAD PUSH20 0xFFFFFFFFFFFFFFFFFFFFFFFFFFFFFFFFFFFFFFFF AND SWAP1 PUSH1 0x20 ADD SWAP1 SWAP3 SWAP2 SWAP1 POP POP POP PUSH2 0x86E JUMP JUMPDEST PUSH1 0x40 MLOAD DUP1 DUP3 DUP2 MSTORE PUSH1 0x20 ADD SWAP2 POP POP PUSH1 0x40 MLOAD DUP1 SWAP2 SUB SWAP1 RETURN JUMPDEST CALLVALUE DUP1 ISZERO PUSH2 0x2E2 JUMPI PUSH1 0x0 DUP1 REVERT JUMPDEST POP PUSH2 0x2EB PUSH2 0x886 JUMP JUMPDEST PUSH1 0x40 MLOAD DUP1 DUP1 PUSH1 0x20 ADD DUP3 DUP2 SUB DUP3 MSTORE DUP4 DUP2 DUP2 MLOAD DUP2 MSTORE PUSH1 0x20 ADD SWAP2 POP DUP1 MLOAD SWAP1 PUSH1 0x20 ADD SWAP1 DUP1 DUP4 DUP4 PUSH1 0x0 JUMPDEST DUP4 DUP2 LT ISZERO PUSH2 0x32B JUMPI DUP1 DUP3 ADD MLOAD DUP2 DUP5 ADD MSTORE PUSH1 0x20 DUP2 ADD SWAP1 POP PUSH2 0x310 JUMP JUMPDEST POP POP POP POP SWAP1 POP SWAP1 DUP2 ADD SWAP1 PUSH1 0x1F AND DUP1 ISZERO PUSH2 0x358 JUMPI DUP1 DUP3 SUB DUP1 MLOAD PUSH1 0x1 DUP4 PUSH1 0x20 SUB PUSH2 0x100 EXP SUB NOT AND DUP2 MSTORE PUSH1 0x20 ADD SWAP2 POP JUMPDEST POP SWAP3 POP POP POP PUSH1 0x40 MLOAD DUP1 SWAP2 SUB SWAP1 RETURN JUMPDEST CALLVALUE DUP1 ISZERO PUSH2 0x372 JUMPI PUSH1 0x0 DUP1 REVERT JUMPDEST POP PUSH2 0x3B1 PUSH1 0x4 DUP1 CALLDATASIZE SUB DUP2 ADD SWAP1 DUP1 DUP1 CALLDATALOAD PUSH20 0xFFFFFFFFFFFFFFFFFFFFFFFFFFFFFFFFFFFFFFFF AND SWAP1 PUSH1 0x20 ADD SWAP1 SWAP3 SWAP2 SWAP1 DUP1 CALLDATALOAD SWAP1 PUSH1 0x20 ADD SWAP1 SWAP3 SWAP2 SWAP1 POP POP POP PUSH2 0x924 JUMP JUMPDEST PUSH1 0x40 MLOAD DUP1 DUP3 ISZERO ISZERO ISZERO ISZERO DUP2 MSTORE PUSH1 0x20 ADD SWAP2 POP POP PUSH1 0x40 MLOAD DUP1 SWAP2 SUB SWAP1 RETURN JUMPDEST CALLVALUE DUP1 ISZERO PUSH2 0x3D7 JUMPI PUSH1 0x0 DUP1 REVERT JUMPDEST POP PUSH2 0x3E0 PUSH2 0xA7A JUMP JUMPDEST STOP JUMPDEST CALLVALUE DUP1 ISZERO PUSH2 0x3EE JUMPI PUSH1 0x0 DUP1 REVERT JUMPDEST POP PUSH2 0x443 PUSH1 0x4 DUP1 CALLDATASIZE SUB DUP2 ADD SWAP1 DUP1 DUP1 CALLDATALOAD PUSH20 0xFFFFFFFFFFFFFFFFFFFFFFFFFFFFFFFFFFFFFFFF AND SWAP1 PUSH1 0x20 ADD SWAP1 SWAP3 SWAP2 SWAP1 DUP1 CALLDATALOAD PUSH20 0xFFFFFFFFFFFFFFFFFFFFFFFFFFFFFFFFFFFFFFFF AND SWAP1 PUSH1 0x20 ADD SWAP1 SWAP3 SWAP2 SWAP1 POP POP POP PUSH2 0xB29 JUMP JUMPDEST PUSH1 0x40 MLOAD DUP1 DUP3 DUP2 MSTORE PUSH1 0x20 ADD SWAP2 POP POP PUSH1 0x40 MLOAD DUP1 SWAP2 SUB SWAP1 RETURN JUMPDEST PUSH1 0x1 DUP1 SLOAD PUSH1 0x1 DUP2 PUSH1 0x1 AND ISZERO PUSH2 0x100 MUL SUB AND PUSH1 0x2 SWAP1 DIV DUP1 PUSH1 0x1F ADD PUSH1 0x20 DUP1 SWAP2 DIV MUL PUSH1 0x20 ADD PUSH1 0x40 MLOAD SWAP1 DUP2 ADD PUSH1 0x40 MSTORE DUP1 SWAP3 SWAP2 SWAP1 DUP2 DUP2 MSTORE PUSH1 0x20 ADD DUP3 DUP1 SLOAD PUSH1 0x1 DUP2 PUSH1 0x1 AND ISZERO PUSH2 0x100 MUL SUB AND PUSH1 0x2 SWAP1 DIV DUP1 ISZERO PUSH2 0x4EF JUMPI DUP1 PUSH1 0x1F LT PUSH2 0x4C4 JUMPI PUSH2 0x100 DUP1 DUP4 SLOAD DIV MUL DUP4 MSTORE SWAP2 PUSH1 0x20 ADD SWAP2 PUSH2 0x4EF JUMP JUMPDEST DUP3 ADD SWAP2 SWAP1 PUSH1 0x0 MSTORE PUSH1 0x20 PUSH1 0x0 KECCAK256 SWAP1 JUMPDEST DUP2 SLOAD DUP2 MSTORE SWAP1 PUSH1 0x1 ADD SWAP1 PUSH1 0x20 ADD DUP1 DUP4 GT PUSH2 0x4D2 JUMPI DUP3 SWAP1 SUB PUSH1 0x1F AND DUP3 ADD SWAP2 JUMPDEST POP POP POP POP POP DUP2 JUMP JUMPDEST PUSH1 0x0 DUP2 PUSH1 0x5 PUSH1 0x0 CALLER PUSH20 0xFFFFFFFFFFFFFFFFFFFFFFFFFFFFFFFFFFFFFFFF AND PUSH20 0xFFFFFFFFFFFFFFFFFFFFFFFFFFFFFFFFFFFFFFFF AND DUP2 MSTORE PUSH1 0x20 ADD SWAP1 DUP2 MSTORE PUSH1 0x20 ADD PUSH1 0x0 KECCAK256 PUSH1 0x0 DUP6 PUSH20 0xFFFFFFFFFFFFFFFFFFFFFFFFFFFFFFFFFFFFFFFF AND PUSH20 0xFFFFFFFFFFFFFFFFFFFFFFFFFFFFFFFFFFFFFFFF AND DUP2 MSTORE PUSH1 0x20 ADD SWAP1 DUP2 MSTORE PUSH1 0x20 ADD PUSH1 0x0 KECCAK256 DUP2 SWAP1 SSTORE POP DUP3 PUSH20 0xFFFFFFFFFFFFFFFFFFFFFFFFFFFFFFFFFFFFFFFF AND CALLER PUSH20 0xFFFFFFFFFFFFFFFFFFFFFFFFFFFFFFFFFFFFFFFF AND PUSH32 0x8C5BE1E5EBEC7D5BD14F71427D1E84F3DD0314C0F7B2291E5B200AC8C7C3B925 DUP5 PUSH1 0x40 MLOAD DUP1 DUP3 DUP2 MSTORE PUSH1 0x20 ADD SWAP2 POP POP PUSH1 0x40 MLOAD DUP1 SWAP2 SUB SWAP1 LOG3 PUSH1 0x1 SWAP1 POP SWAP3 SWAP2 POP POP JUMP JUMPDEST PUSH1 0x4 SLOAD DUP2 JUMP JUMPDEST PUSH1 0x0 DUP1 PUSH1 0x0 DUP6 PUSH20 0xFFFFFFFFFFFFFFFFFFFFFFFFFFFFFFFFFFFFFFFF AND PUSH20 0xFFFFFFFFFFFFFFFFFFFFFFFFFFFFFFFFFFFFFFFF AND DUP2 MSTORE PUSH1 0x20 ADD SWAP1 DUP2 MSTORE PUSH1 0x20 ADD PUSH1 0x0 KECCAK256 SLOAD DUP3 GT ISZERO ISZERO ISZERO PUSH2 0x63E JUMPI PUSH1 0x0 DUP1 REVERT JUMPDEST PUSH1 0x5 PUSH1 0x0 DUP6 PUSH20 0xFFFFFFFFFFFFFFFFFFFFFFFFFFFFFFFFFFFFFFFF AND PUSH20 0xFFFFFFFFFFFFFFFFFFFFFFFFFFFFFFFFFFFFFFFF AND DUP2 MSTORE PUSH1 0x20 ADD SWAP1 DUP2 MSTORE PUSH1 0x20 ADD PUSH1 0x0 KECCAK256 PUSH1 0x0 CALLER PUSH20 0xFFFFFFFFFFFFFFFFFFFFFFFFFFFFFFFFFFFFFFFF AND PUSH20 0xFFFFFFFFFFFFFFFFFFFFFFFFFFFFFFFFFFFFFFFF AND DUP2 MSTORE PUSH1 0x20 ADD SWAP1 DUP2 MSTORE PUSH1 0x20 ADD PUSH1 0x0 KECCAK256 SLOAD DUP3 GT ISZERO ISZERO ISZERO PUSH2 0x6C9 JUMPI PUSH1 0x0 DUP1 REVERT JUMPDEST DUP2 PUSH1 0x0 DUP1 DUP7 PUSH20 0xFFFFFFFFFFFFFFFFFFFFFFFFFFFFFFFFFFFFFFFF AND PUSH20 0xFFFFFFFFFFFFFFFFFFFFFFFFFFFFFFFFFFFFFFFF AND DUP2 MSTORE PUSH1 0x20 ADD SWAP1 DUP2 MSTORE PUSH1 0x20 ADD PUSH1 0x0 KECCAK256 PUSH1 0x0 DUP3 DUP3 SLOAD SUB SWAP3 POP POP DUP2 SWAP1 SSTORE POP DUP2 PUSH1 0x0 DUP1 DUP6 PUSH20 0xFFFFFFFFFFFFFFFFFFFFFFFFFFFFFFFFFFFFFFFF AND PUSH20 0xFFFFFFFFFFFFFFFFFFFFFFFFFFFFFFFFFFFFFFFF AND DUP2 MSTORE PUSH1 0x20 ADD SWAP1 DUP2 MSTORE PUSH1 0x20 ADD PUSH1 0x0 KECCAK256 PUSH1 0x0 DUP3 DUP3 SLOAD ADD SWAP3 POP POP DUP2 SWAP1 SSTORE POP DUP2 PUSH1 0x5 PUSH1 0x0 DUP7 PUSH20 0xFFFFFFFFFFFFFFFFFFFFFFFFFFFFFFFFFFFFFFFF AND PUSH20 0xFFFFFFFFFFFFFFFFFFFFFFFFFFFFFFFFFFFFFFFF AND DUP2 MSTORE PUSH1 0x20 ADD SWAP1 DUP2 MSTORE PUSH1 0x20 ADD PUSH1 0x0 KECCAK256 PUSH1 0x0 CALLER PUSH20 0xFFFFFFFFFFFFFFFFFFFFFFFFFFFFFFFFFFFFFFFF AND PUSH20 0xFFFFFFFFFFFFFFFFFFFFFFFFFFFFFFFFFFFFFFFF AND DUP2 MSTORE PUSH1 0x20 ADD SWAP1 DUP2 MSTORE PUSH1 0x20 ADD PUSH1 0x0 KECCAK256 PUSH1 0x0 DUP3 DUP3 SLOAD SUB SWAP3 POP POP DUP2 SWAP1 SSTORE POP DUP3 PUSH20 0xFFFFFFFFFFFFFFFFFFFFFFFFFFFFFFFFFFFFFFFF AND DUP5 PUSH20 0xFFFFFFFFFFFFFFFFFFFFFFFFFFFFFFFFFFFFFFFF AND PUSH32 0xDDF252AD1BE2C89B69C2B068FC378DAA952BA7F163C4A11628F55A4DF523B3EF DUP5 PUSH1 0x40 MLOAD DUP1 DUP3 DUP2 MSTORE PUSH1 0x20 ADD SWAP2 POP POP PUSH1 0x40 MLOAD DUP1 SWAP2 SUB SWAP1 LOG3 PUSH1 0x1 SWAP1 POP SWAP4 SWAP3 POP POP POP JUMP JUMPDEST PUSH1 0x3 PUSH1 0x0 SWAP1 SLOAD SWAP1 PUSH2 0x100 EXP SWAP1 DIV PUSH1 0xFF AND DUP2 JUMP JUMPDEST PUSH1 0x0 PUSH1 0x20 MSTORE DUP1 PUSH1 0x0 MSTORE PUSH1 0x40 PUSH1 0x0 KECCAK256 PUSH1 0x0 SWAP2 POP SWAP1 POP SLOAD DUP2 JUMP JUMPDEST PUSH1 0x2 DUP1 SLOAD PUSH1 0x1 DUP2 PUSH1 0x1 AND ISZERO PUSH2 0x100 MUL SUB AND PUSH1 0x2 SWAP1 DIV DUP1 PUSH1 0x1F ADD PUSH1 0x20 DUP1 SWAP2 DIV MUL PUSH1 0x20 ADD PUSH1 0x40 MLOAD SWAP1 DUP2 ADD PUSH1 0x40 MSTORE DUP1 SWAP3 SWAP2 SWAP1 DUP2 DUP2 MSTORE PUSH1 0x20 ADD DUP3 DUP1 SLOAD PUSH1 0x1 DUP2 PUSH1 0x1 AND ISZERO PUSH2 0x100 MUL SUB AND PUSH1 0x2 SWAP1 DIV DUP1 ISZERO PUSH2 0x91C JUMPI DUP1 PUSH1 0x1F LT PUSH2 0x8F1 JUMPI PUSH2 0x100 DUP1 DUP4 SLOAD DIV MUL DUP4 MSTORE SWAP2 PUSH1 0x20 ADD SWAP2 PUSH2 0x91C JUMP JUMPDEST DUP3 ADD SWAP2 SWAP1 PUSH1 0x0 MSTORE PUSH1 0x20 PUSH1 0x0 KECCAK256 SWAP1 JUMPDEST DUP2 SLOAD DUP2 MSTORE SWAP1 PUSH1 0x1 ADD SWAP1 PUSH1 0x20 ADD DUP1 DUP4 GT PUSH2 0x8FF JUMPI DUP3 SWAP1 SUB PUSH1 0x1F AND DUP3 ADD SWAP2 JUMPDEST POP POP POP POP POP DUP2 JUMP JUMPDEST PUSH1 0x0 DUP2 PUSH1 0x0 DUP1 CALLER PUSH20 0xFFFFFFFFFFFFFFFFFFFFFFFFFFFFFFFFFFFFFFFF AND PUSH20 0xFFFFFFFFFFFFFFFFFFFFFFFFFFFFFFFFFFFFFFFF AND DUP2 MSTORE PUSH1 0x20 ADD SWAP1 DUP2 MSTORE PUSH1 0x20 ADD PUSH1 0x0 KECCAK256 SLOAD LT ISZERO ISZERO ISZERO PUSH2 0x973 JUMPI PUSH1 0x0 DUP1 REVERT JUMPDEST DUP2 PUSH1 0x0 DUP1 CALLER PUSH20 0xFFFFFFFFFFFFFFFFFFFFFFFFFFFFFFFFFFFFFFFF AND PUSH20 0xFFFFFFFFFFFFFFFFFFFFFFFFFFFFFFFFFFFFFFFF AND DUP2 MSTORE PUSH1 0x20 ADD SWAP1 DUP2 MSTORE PUSH1 0x20 ADD PUSH1 0x0 KECCAK256 PUSH1 0x0 DUP3 DUP3 SLOAD SUB SWAP3 POP POP DUP2 SWAP1 SSTORE POP DUP2 PUSH1 0x0 DUP1 DUP6 PUSH20 0xFFFFFFFFFFFFFFFFFFFFFFFFFFFFFFFFFFFFFFFF AND PUSH20 0xFFFFFFFFFFFFFFFFFFFFFFFFFFFFFFFFFFFFFFFF AND DUP2 MSTORE PUSH1 0x20 ADD SWAP1 DUP2 MSTORE PUSH1 0x20 ADD PUSH1 0x0 KECCAK256 PUSH1 0x0 DUP3 DUP3 SLOAD ADD SWAP3 POP POP DUP2 SWAP1 SSTORE POP DUP3 PUSH20 0xFFFFFFFFFFFFFFFFFFFFFFFFFFFFFFFFFFFFFFFF AND CALLER PUSH20 0xFFFFFFFFFFFFFFFFFFFFFFFFFFFFFFFFFFFFFFFF AND PUSH32 0xDDF252AD1BE2C89B69C2B068FC378DAA952BA7F163C4A11628F55A4DF523B3EF DUP5 PUSH1 0x40 MLOAD DUP1 DUP3 DUP2 MSTORE PUSH1 0x20 ADD SWAP2 POP POP PUSH1 0x40 MLOAD DUP1 SWAP2 SUB SWAP1 LOG3 PUSH1 0x1 SWAP1 POP SWAP3 SWAP2 POP POP JUMP JUMPDEST PUSH1 0x4 SLOAD PUSH1 0x0 DUP1 CALLER PUSH20 0xFFFFFFFFFFFFFFFFFFFFFFFFFFFFFFFFFFFFFFFF AND PUSH20 0xFFFFFFFFFFFFFFFFFFFFFFFFFFFFFFFFFFFFFFFF AND DUP2 MSTORE PUSH1 0x20 ADD SWAP1 DUP2 MSTORE PUSH1 0x20 ADD PUSH1 0x0 KECCAK256 DUP2 SWAP1 SSTORE POP CALLER PUSH20 0xFFFFFFFFFFFFFFFFFFFFFFFFFFFFFFFFFFFFFFFF AND PUSH1 0x0 PUSH20 0xFFFFFFFFFFFFFFFFFFFFFFFFFFFFFFFFFFFFFFFF AND PUSH32 0xDDF252AD1BE2C89B69C2B068FC378DAA952BA7F163C4A11628F55A4DF523B3EF PUSH1 0x4 SLOAD PUSH1 0x40 MLOAD DUP1 DUP3 DUP2 MSTORE PUSH1 0x20 ADD SWAP2 POP POP PUSH1 0x40 MLOAD DUP1 SWAP2 SUB SWAP1 LOG3 JUMP JUMPDEST PUSH1 0x5 PUSH1 0x20 MSTORE DUP2 PUSH1 0x0 MSTORE PUSH1 0x40 PUSH1 0x0 KECCAK256 PUSH1 0x20 MSTORE DUP1 PUSH1 0x0 MSTORE PUSH1 0x40 PUSH1 0x0 KECCAK256 PUSH1 0x0 SWAP2 POP SWAP2 POP POP SLOAD DUP2 JUMP STOP LOG1 PUSH6 0x627A7A723058 KECCAK256 0xdb PUSH9 0xC52FFC14892B7557F3 AND 0xbb 0xf9 0xe8 0xb5 OR DUP3 0x1f 0xdf PUSH23 0xA18BF027B903A22E177D5F002900000000000000000000
0,PUSH1 0x80 PUSH1 0x40 MSTORE PUSH1 0x40 DUP1 MLOAD SWAP1 DUP2 ADD PUSH1 0x40 MSTORE DUP1 PUSH1 0x17 DUP2 MSTORE PUSH1 0x20 ADD PUSH32 0x94343445F4B4F484C455F315F32303139303431310909000000000000000000 DUP2 MSTORE POP PUSH1 0x1 SWAP1 DUP1 MLOAD SWAP1 PUSH1 0x20 ADD SWAP1 PUSH2 0x4F SWAP3 SWAP2 SWAP1 PUSH2 0xD9 JUMP JUMPDEST POP PUSH1 0x40 DUP1 MLOAD SWAP1 DUP2 ADD PUSH1 0x40 MSTORE DUP1 PUSH1 0x1D DUP2 MSTORE PUSH1 0x20 ADD PUSH32 0x94343445F4B4F484C455F315F32303139303431315F73756244540909000000 DUP2 MSTORE POP PUSH1 0x2 SWAP1 DUP1 MLOAD SWAP1 PUSH1 0x20 ADD SWAP1 PUSH2 0x9B SWAP3 SWAP2 SWAP1 PUSH2 0xD9 JUMP JUMPDEST POP PUSH1 0x12 PUSH1 0x3 PUSH1 0x0 PUSH2 0x100 EXP DUP2 SLOAD DUP2 PUSH1 0xFF MUL NOT AND SWAP1 DUP4 PUSH1 0xFF AND MUL OR SWAP1 SSTORE POP PUSH11 0x1060D026983FFAA7000000 PUSH1 0x4 SSTORE CALLVALUE DUP1 ISZERO PUSH2 0xD3 JUMPI PUSH1 0x0 DUP1 REVERT JUMPDEST POP PUSH2 0x17E JUMP JUMPDEST DUP3 DUP1 SLOAD PUSH1 0x1 DUP2 PUSH1 0x1 AND ISZERO PUSH2 0x100 MUL SUB AND PUSH1 0x2 SWAP1 DIV SWAP1 PUSH1 0x0 MSTORE PUSH1 0x20 PUSH1 0x0 KECCAK256 SWAP1 PUSH1 0x1F ADD PUSH1 0x20 SWAP1 DIV DUP2 ADD SWAP3 DUP3 PUSH1 0x1F LT PUSH2 0x11A JUMPI DUP1 MLOAD PUSH1 0xFF NOT AND DUP4 DUP1 ADD OR DUP6 SSTORE PUSH2 0x148 JUMP JUMPDEST DUP3 DUP1 ADD PUSH1 0x1 ADD DUP6 SSTORE DUP3 ISZERO PUSH2 0x148 JUMPI SWAP2 DUP3 ADD JUMPDEST DUP3 DUP2 GT ISZERO PUSH2 0x147 JUMPI DUP3 MLOAD DUP3 SSTORE SWAP2 PUSH1 0x20 ADD SWAP2 SWAP1 PUSH1 0x1 ADD SWAP1 PUSH2 0x12C JUMP JUMPDEST JUMPDEST POP SWAP1 POP PUSH2 0x155 SWAP2 SWAP1 PUSH2 0x159 JUMP JUMPDEST POP SWAP1 JUMP JUMPDEST PUSH2 0x17B SWAP2 SWAP1 JUMPDEST DUP1 DUP3 GT ISZERO PUSH2 0x177 JUMPI PUSH1 0x0 DUP2 PUSH1 0x0 SWAP1 SSTORE POP PUSH1 0x1 ADD PUSH2 0x15F JUMP JUMPDEST POP SWAP1 JUMP JUMPDEST SWAP1 JUMP JUMPDEST PUSH2 0xB7A DUP1 PUSH2 0x18D PUSH1 0x0 CODECOPY PUSH1 0x0 RETURN STOP PUSH1 0x80 PUSH1 0x40 MSTORE PUSH1 0x4 CALLDATASIZE LT PUSH2 0xA4 JUMPI PUSH1 0x0 CALLDATALOAD PUSH29 0x100000000000000000000000000000000000000000000000000000000 SWAP1 DIV PUSH4 0xFFFFFFFF AND DUP1 PUSH4 0x6FDDE03 EQ PUSH2 0xA9 JUMPI DUP1 PUSH4 0x95EA7B3 EQ PUSH2 0x139 JUMPI DUP1 PUSH4 0x18160DDD EQ PUSH2 0x19E JUMPI DUP1 PUSH4 0x23B872DD EQ PUSH2 0x1C9 JUMPI DUP1 PUSH4 0x313CE567 EQ PUSH2 0x24E JUMPI DUP1 PUSH4 0x70A08231 EQ PUSH2 0x27F JUMPI DUP1 PUSH4 0x95D89B41 EQ PUSH2 0x2D6 JUMPI DUP1 PUSH4 0xA9059CBB EQ PUSH2 0x366 JUMPI DUP1 PUSH4 0xB5C8F317 EQ PUSH2 0x3CB JUMPI DUP1 PUSH4 0xDD62ED3E EQ PUSH2 0x3E2 JUMPI JUMPDEST PUSH1 0x0 DUP1 REVERT JUMPDEST CALLVALUE DUP1 ISZERO PUSH2 0xB5 JUMPI PUSH1 0x0 DUP1 REVERT JUMPDEST POP PUSH2 0xBE PUSH2 0x459 JUMP JUMPDEST PUSH1 0x40 MLOAD DUP1 DUP1 PUSH1 0x20 ADD DUP3 DUP2 SUB DUP3 MSTORE DUP4 DUP2 DUP2 MLOAD DUP2 MSTORE PUSH1 0x20 ADD SWAP2 POP DUP1 MLOAD SWAP1 PUSH1 0x20 ADD SWAP1 DUP1 DUP4 DUP4 PUSH1 0x0 JUMPDEST DUP4 DUP2 LT ISZERO PUSH2 0xFE JUMPI DUP1 DUP3 ADD MLOAD DUP2 DUP5 ADD MSTORE PUSH1 0x20 DUP2 ADD SWAP1 POP PUSH2 0xE3 JUMP JUMPDEST POP POP POP POP SWAP1 POP SWAP1 DUP2 ADD SWAP1 PUSH1 0x1F AND DUP1 ISZERO PUSH2 0x12B JUMPI DUP1 DUP3 SUB DUP1 MLOAD PUSH1 0x1 DUP4 PUSH1 0x20 SUB PUSH2 0x100 EXP SUB NOT AND DUP2 MSTORE PUSH1 0x20 ADD SWAP2 POP JUMPDEST POP SWAP3 POP POP POP PUSH1 0x40 MLOAD DUP1 SWAP2 SUB SWAP1 RETURN JUMPDEST CALLVALUE DUP1 ISZERO PUSH2 0x145 JUMPI PUSH1 0x0 DUP1 REVERT JUMPDEST POP PUSH2 0x184 PUSH1 0x4 DUP1 CALLDATASIZE SUB DUP2 ADD SWAP1 DUP1 DUP1 CALLDATALOAD PUSH20 0xFFFFFFFFFFFFFFFFFFFFFFFFFFFFFFFFFFFFFFFF AND SWAP1 PUSH1 0x20 ADD SWAP1 SWAP3 SWAP2 SWAP1 DUP1 CALLDATALOAD SWAP1 PUSH1 0x20 ADD SWAP1 SWAP3 SWAP2 SWAP1 POP POP POP PUSH2 0x4F7 JUMP JUMPDEST PUSH1 0x40 MLOAD DUP1 DUP3 ISZERO ISZERO ISZERO ISZERO DUP2 MSTORE PUSH1 0x20 ADD SWAP2 POP POP PUSH1 0x40 MLOAD DUP1 SWAP2 SUB SWAP1 RETURN JUMPDEST CALLVALUE DUP1 ISZERO PUSH2 0x1AA JUMPI PUSH1 0x0 DUP1 REVERT JUMPDEST POP PUSH2 0x1B3 PUSH2 0x5E9 JUMP JUMPDEST PUSH1 0x40 MLOAD DUP1 DUP3 DUP2 MSTORE PUSH1 0x20 ADD SWAP2 POP POP PUSH1 0x40 MLOAD DUP1 SWAP2 SUB SWAP1 RETURN JUMPDEST CALLVALUE DUP1 ISZERO PUSH2 0x1D5 JUMPI PUSH1 0x0 DUP1 REVERT JUMPDEST POP PUSH2 0x234 PUSH1 0x4 DUP1 CALLDATASIZE SUB DUP2 ADD SWAP1 DUP1 DUP1 CALLDATALOAD PUSH20 0xFFFFFFFFFFFFFFFFFFFFFFFFFFFFFFFFFFFFFFFF AND SWAP1 PUSH1 0x20 ADD SWAP1 SWAP3 SWAP2 SWAP1 DUP1 CALLDATALOAD PUSH20 0xFFFFFFFFFFFFFFFFFFFFFFFFFFFFFFFFFFFFFFFF AND SWAP1 PUSH1 0x20 ADD SWAP1 SWAP3 SWAP2 SWAP1 DUP1 CALLDATALOAD SWAP1 PUSH1 0x20 ADD SWAP1 SWAP3 SWAP2 SWAP1 POP POP POP PUSH2 0x5EF JUMP JUMPDEST PUSH1 0x40 MLOAD DUP1 DUP3 ISZERO ISZERO ISZERO ISZERO DUP2 MSTORE PUSH1 0x20 ADD SWAP2 POP POP PUSH1 0x40 MLOAD DUP1 SWAP2 SUB SWAP1 RETURN JUMPDEST CALLVALUE DUP1 ISZERO PUSH2 0x25A JUMPI PUSH1 0x0 DUP1 REVERT JUMPDEST POP PUSH2 0x263 PUSH2 0x85B JUMP JUMPDEST PUSH1 0x40 MLOAD DUP1 DUP3 PUSH1 0xFF AND PUSH1 0xFF AND DUP2 MSTORE PUSH1 0x20 ADD SWAP2 POP POP PUSH1 0x40 MLOAD DUP1 SWAP2 SUB SWAP1 RETURN JUMPDEST CALLVALUE DUP1 ISZERO PUSH2 0x28B JUMPI PUSH1 0x0 DUP1 REVERT JUMPDEST POP PUSH2 0x2C0 PUSH1 0x4 DUP1 CALLDATASIZE SUB DUP2 ADD SWAP1 DUP1 DUP1 CALLDATALOAD PUSH20 0xFFFFFFFFFFFFFFFFFFFFFFFFFFFFFFFFFFFFFFFF AND SWAP1 PUSH1 0x20 ADD SWAP1 SWAP3 SWAP2 SWAP1 POP POP POP PUSH2 0x86E JUMP JUMPDEST PUSH1 0x40 MLOAD DUP1 DUP3 DUP2 MSTORE PUSH1 0x20 ADD SWAP2 POP POP PUSH1 0x40 MLOAD DUP1 SWAP2 SUB SWAP1 RETURN JUMPDEST CALLVALUE DUP1 ISZERO PUSH2 0x2E2 JUMPI PUSH1 0x0 DUP1 REVERT JUMPDEST POP PUSH2 0x2EB PUSH2 0x886 JUMP JUMPDEST PUSH1 0x40 MLOAD DUP1 DUP1 PUSH1 0x20 ADD DUP3 DUP2 SUB DUP3 MSTORE DUP4 DUP2 DUP2 MLOAD DUP2 MSTORE PUSH1 0x20 ADD SWAP2 POP DUP1 MLOAD SWAP1 PUSH1 0x20 ADD SWAP1 DUP1 DUP4 DUP4 PUSH1 0x0 JUMPDEST DUP4 DUP2 LT ISZERO PUSH2 0x32B JUMPI DUP1 DUP3 ADD MLOAD DUP2 DUP5 ADD MSTORE PUSH1 0x20 DUP2 ADD SWAP1 POP PUSH2 0x310 JUMP JUMPDEST POP POP POP POP SWAP1 POP SWAP1 DUP2 ADD SWAP1 PUSH1 0x1F AND DUP1 ISZERO PUSH2 0x358 JUMPI DUP1 DUP3 SUB DUP1 MLOAD PUSH1 0x1 DUP4 PUSH1 0x20 SUB PUSH2 0x100 EXP SUB NOT AND DUP2 MSTORE PUSH1 0x20 ADD SWAP2 POP JUMPDEST POP SWAP3 POP POP POP PUSH1 0x40 MLOAD DUP1 SWAP2 SUB SWAP1 RETURN JUMPDEST CALLVALUE DUP1 ISZERO PUSH2 0x372 JUMPI PUSH1 0x0 DUP1 REVERT JUMPDEST POP PUSH2 0x3B1 PUSH1 0x4 DUP1 CALLDATASIZE SUB DUP2 ADD SWAP1 DUP1 DUP1 CALLDATALOAD PUSH20 0xFFFFFFFFFFFFFFFFFFFFFFFFFFFFFFFFFFFFFFFF AND SWAP1 PUSH1 0x20 ADD SWAP1 SWAP3 SWAP2 SWAP1 DUP1 CALLDATALOAD SWAP1 PUSH1 0x20 ADD SWAP1 SWAP3 SWAP2 SWAP1 POP POP POP PUSH2 0x924 JUMP JUMPDEST PUSH1 0x40 MLOAD DUP1 DUP3 ISZERO ISZERO ISZERO ISZERO DUP2 MSTORE PUSH1 0x20 ADD SWAP2 POP POP PUSH1 0x40 MLOAD DUP1 SWAP2 SUB SWAP1 RETURN JUMPDEST CALLVALUE DUP1 ISZERO PUSH2 0x3D7 JUMPI PUSH1 0x0 DUP1 REVERT JUMPDEST POP PUSH2 0x3E0 PUSH2 0xA7A JUMP JUMPDEST STOP JUMPDEST CALLVALUE DUP1 ISZERO PUSH2 0x3EE JUMPI PUSH1 0x0 DUP1 REVERT JUMPDEST POP PUSH2 0x443 PUSH1 0x4 DUP1 CALLDATASIZE SUB DUP2 ADD SWAP1 DUP1 DUP1 CALLDATALOAD PUSH20 0xFFFFFFFFFFFFFFFFFFFFFFFFFFFFFFFFFFFFFFFF AND SWAP1 PUSH1 0x20 ADD SWAP1 SWAP3 SWAP2 SWAP1 DUP1 CALLDATALOAD PUSH20 0xFFFFFFFFFFFFFFFFFFFFFFFFFFFFFFFFFFFFFFFF AND SWAP1 PUSH1 0x20 ADD SWAP1 SWAP3 SWAP2 SWAP1 POP POP POP PUSH2 0xB29 JUMP JUMPDEST PUSH1 0x40 MLOAD DUP1 DUP3 DUP2 MSTORE PUSH1 0x20 ADD SWAP2 POP POP PUSH1 0x40 MLOAD DUP1 SWAP2 SUB SWAP1 RETURN JUMPDEST PUSH1 0x1 DUP1 SLOAD PUSH1 0x1 DUP2 PUSH1 0x1 AND ISZERO PUSH2 0x100 MUL SUB AND PUSH1 0x2 SWAP1 DIV DUP1 PUSH1 0x1F ADD PUSH1 0x20 DUP1 SWAP2 DIV MUL PUSH1 0x20 ADD PUSH1 0x40 MLOAD SWAP1 DUP2 ADD PUSH1 0x40 MSTORE DUP1 SWAP3 SWAP2 SWAP1 DUP2 DUP2 MSTORE PUSH1 0x20 ADD DUP3 DUP1 SLOAD PUSH1 0x1 DUP2 PUSH1 0x1 AND ISZERO PUSH2 0x100 MUL SUB AND PUSH1 0x2 SWAP1 DIV DUP1 ISZERO PUSH2 0x4EF JUMPI DUP1 PUSH1 0x1F LT PUSH2 0x4C4 JUMPI PUSH2 0x100 DUP1 DUP4 SLOAD DIV MUL DUP4 MSTORE SWAP2 PUSH1 0x20 ADD SWAP2 PUSH2 0x4EF JUMP JUMPDEST DUP3 ADD SWAP2 SWAP1 PUSH1 0x0 MSTORE PUSH1 0x20 PUSH1 0x0 KECCAK256 SWAP1 JUMPDEST DUP2 SLOAD DUP2 MSTORE SWAP1 PUSH1 0x1 ADD SWAP1 PUSH1 0x20 ADD DUP1 DUP4 GT PUSH2 0x4D2 JUMPI DUP3 SWAP1 SUB PUSH1 0x1F AND DUP3 ADD SWAP2 JUMPDEST POP POP POP POP POP DUP2 JUMP JUMPDEST PUSH1 0x0 DUP2 PUSH1 0x5 PUSH1 0x0 CALLER PUSH20 0xFFFFFFFFFFFFFFFFFFFFFFFFFFFFFFFFFFFFFFFF AND PUSH20 0xFFFFFFFFFFFFFFFFFFFFFFFFFFFFFFFFFFFFFFFF AND DUP2 MSTORE PUSH1 0x20 ADD SWAP1 DUP2 MSTORE PUSH1 0x20 ADD PUSH1 0x0 KECCAK256 PUSH1 0x0 DUP6 PUSH20 0xFFFFFFFFFFFFFFFFFFFFFFFFFFFFFFFFFFFFFFFF AND PUSH20 0xFFFFFFFFFFFFFFFFFFFFFFFFFFFFFFFFFFFFFFFF AND DUP2 MSTORE PUSH1 0x20 ADD SWAP1 DUP2 MSTORE PUSH1 0x20 ADD PUSH1 0x0 KECCAK256 DUP2 SWAP1 SSTORE POP DUP3 PUSH20 0xFFFFFFFFFFFFFFFFFFFFFFFFFFFFFFFFFFFFFFFF AND CALLER PUSH20 0xFFFFFFFFFFFFFFFFFFFFFFFFFFFFFFFFFFFFFFFF AND PUSH32 0x8C5BE1E5EBEC7D5BD14F71427D1E84F3DD0314C0F7B2291E5B200AC8C7C3B925 DUP5 PUSH1 0x40 MLOAD DUP1 DUP3 DUP2 MSTORE PUSH1 0x20 ADD SWAP2 POP POP PUSH1 0x40 MLOAD DUP1 SWAP2 SUB SWAP1 LOG3 PUSH1 0x1 SWAP1 POP SWAP3 SWAP2 POP POP JUMP JUMPDEST PUSH1 0x4 SLOAD DUP2 JUMP JUMPDEST PUSH1 0x0 DUP1 PUSH1 0x0 DUP6 PUSH20 0xFFFFFFFFFFFFFFFFFFFFFFFFFFFFFFFFFFFFFFFF AND PUSH20 0xFFFFFFFFFFFFFFFFFFFFFFFFFFFFFFFFFFFFFFFF AND DUP2 MSTORE PUSH1 0x20 ADD SWAP1 DUP2 MSTORE PUSH1 0x20 ADD PUSH1 0x0 KECCAK256 SLOAD DUP3 GT ISZERO ISZERO ISZERO PUSH2 0x63E JUMPI PUSH1 0x0 DUP1 REVERT JUMPDEST PUSH1 0x5 PUSH1 0x0 DUP6 PUSH20 0xFFFFFFFFFFFFFFFFFFFFFFFFFFFFFFFFFFFFFFFF AND PUSH20 0xFFFFFFFFFFFFFFFFFFFFFFFFFFFFFFFFFFFFFFFF AND DUP2 MSTORE PUSH1 0x20 ADD SWAP1 DUP2 MSTORE PUSH1 0x20 ADD PUSH1 0x0 KECCAK256 PUSH1 0x0 CALLER PUSH20 0xFFFFFFFFFFFFFFFFFFFFFFFFFFFFFFFFFFFFFFFF AND PUSH20 0xFFFFFFFFFFFFFFFFFFFFFFFFFFFFFFFFFFFFFFFF AND DUP2 MSTORE PUSH1 0x20 ADD SWAP1 DUP2 MSTORE PUSH1 0x20 ADD PUSH1 0x0 KECCAK256 SLOAD DUP3 GT ISZERO ISZERO ISZERO PUSH2 0x6C9 JUMPI PUSH1 0x0 DUP1 REVERT JUMPDEST DUP2 PUSH1 0x0 DUP1 DUP7 PUSH20 0xFFFFFFFFFFFFFFFFFFFFFFFFFFFFFFFFFFFFFFFF AND PUSH20 0xFFFFFFFFFFFFFFFFFFFFFFFFFFFFFFFFFFFFFFFF AND DUP2 MSTORE PUSH1 0x20 ADD SWAP1 DUP2 MSTORE PUSH1 0x20 ADD PUSH1 0x0 KECCAK256 PUSH1 0x0 DUP3 DUP3 SLOAD SUB SWAP3 POP POP DUP2 SWAP1 SSTORE POP DUP2 PUSH1 0x0 DUP1 DUP6 PUSH20 0xFFFFFFFFFFFFFFFFFFFFFFFFFFFFFFFFFFFFFFFF AND PUSH20 0xFFFFFFFFFFFFFFFFFFFFFFFFFFFFFFFFFFFFFFFF AND DUP2 MSTORE PUSH1 0x20 ADD SWAP1 DUP2 MSTORE PUSH1 0x20 ADD PUSH1 0x0 KECCAK256 PUSH1 0x0 DUP3 DUP3 SLOAD ADD SWAP3 POP POP DUP2 SWAP1 SSTORE POP DUP2 PUSH1 0x5 PUSH1 0x0 DUP7 PUSH20 0xFFFFFFFFFFFFFFFFFFFFFFFFFFFFFFFFFFFFFFFF AND PUSH20 0xFFFFFFFFFFFFFFFFFFFFFFFFFFFFFFFFFFFFFFFF AND DUP2 MSTORE PUSH1 0x20 ADD SWAP1 DUP2 MSTORE PUSH1 0x20 ADD PUSH1 0x0 KECCAK256 PUSH1 0x0 CALLER PUSH20 0xFFFFFFFFFFFFFFFFFFFFFFFFFFFFFFFFFFFFFFFF AND PUSH20 0xFFFFFFFFFFFFFFFFFFFFFFFFFFFFFFFFFFFFFFFF AND DUP2 MSTORE PUSH1 0x20 ADD SWAP1 DUP2 MSTORE PUSH1 0x20 ADD PUSH1 0x0 KECCAK256 PUSH1 0x0 DUP3 DUP3 SLOAD SUB SWAP3 POP POP DUP2 SWAP1 SSTORE POP DUP3 PUSH20 0xFFFFFFFFFFFFFFFFFFFFFFFFFFFFFFFFFFFFFFFF AND DUP5 PUSH20 0xFFFFFFFFFFFFFFFFFFFFFFFFFFFFFFFFFFFFFFFF AND PUSH32 0xDDF252AD1BE2C89B69C2B068FC378DAA952BA7F163C4A11628F55A4DF523B3EF DUP5 PUSH1 0x40 MLOAD DUP1 DUP3 DUP2 MSTORE PUSH1 0x20 ADD SWAP2 POP POP PUSH1 0x40 MLOAD DUP1 SWAP2 SUB SWAP1 LOG3 PUSH1 0x1 SWAP1 POP SWAP4 SWAP3 POP POP POP JUMP JUMPDEST PUSH1 0x3 PUSH1 0x0 SWAP1 SLOAD SWAP1 PUSH2 0x100 EXP SWAP1 DIV PUSH1 0xFF AND DUP2 JUMP JUMPDEST PUSH1 0x0 PUSH1 0x20 MSTORE DUP1 PUSH1 0x0 MSTORE PUSH1 0x40 PUSH1 0x0 KECCAK256 PUSH1 0x0 SWAP2 POP SWAP1 POP SLOAD DUP2 JUMP JUMPDEST PUSH1 0x2 DUP1 SLOAD PUSH1 0x1 DUP2 PUSH1 0x1 AND ISZERO PUSH2 0x100 MUL SUB AND PUSH1 0x2 SWAP1 DIV DUP1 PUSH1 0x1F ADD PUSH1 0x20 DUP1 SWAP2 DIV MUL PUSH1 0x20 ADD PUSH1 0x40 MLOAD SWAP1 DUP2 ADD PUSH1 0x40 MSTORE DUP1 SWAP3 SWAP2 SWAP1 DUP2 DUP2 MSTORE PUSH1 0x20 ADD DUP3 DUP1 SLOAD PUSH1 0x1 DUP2 PUSH1 0x1 AND ISZERO PUSH2 0x100 MUL SUB AND PUSH1 0x2 SWAP1 DIV DUP1 ISZERO PUSH2 0x91C JUMPI DUP1 PUSH1 0x1F LT PUSH2 0x8F1 JUMPI PUSH2 0x100 DUP1 DUP4 SLOAD DIV MUL DUP4 MSTORE SWAP2 PUSH1 0x20 ADD SWAP2 PUSH2 0x91C JUMP JUMPDEST DUP3 ADD SWAP2 SWAP1 PUSH1 0x0 MSTORE PUSH1 0x20 PUSH1 0x0 KECCAK256 SWAP1 JUMPDEST DUP2 SLOAD DUP2 MSTORE SWAP1 PUSH1 0x1 ADD SWAP1 PUSH1 0x20 ADD DUP1 DUP4 GT PUSH2 0x8FF JUMPI DUP3 SWAP1 SUB PUSH1 0x1F AND DUP3 ADD SWAP2 JUMPDEST POP POP POP POP POP DUP2 JUMP JUMPDEST PUSH1 0x0 DUP2 PUSH1 0x0 DUP1 CALLER PUSH20 0xFFFFFFFFFFFFFFFFFFFFFFFFFFFFFFFFFFFFFFFF AND PUSH20 0xFFFFFFFFFFFFFFFFFFFFFFFFFFFFFFFFFFFFFFFF AND DUP2 MSTORE PUSH1 0x20 ADD SWAP1 DUP2 MSTORE PUSH1 0x20 ADD PUSH1 0x0 KECCAK256 SLOAD LT ISZERO ISZERO ISZERO PUSH2 0x973 JUMPI PUSH1 0x0 DUP1 REVERT JUMPDEST DUP2 PUSH1 0x0 DUP1 CALLER PUSH20 0xFFFFFFFFFFFFFFFFFFFFFFFFFFFFFFFFFFFFFFFF AND PUSH20 0xFFFFFFFFFFFFFFFFFFFFFFFFFFFFFFFFFFFFFFFF AND DUP2 MSTORE PUSH1 0x20 ADD SWAP1 DUP2 MSTORE PUSH1 0x20 ADD PUSH1 0x0 KECCAK256 PUSH1 0x0 DUP3 DUP3 SLOAD SUB SWAP3 POP POP DUP2 SWAP1 SSTORE POP DUP2 PUSH1 0x0 DUP1 DUP6 PUSH20 0xFFFFFFFFFFFFFFFFFFFFFFFFFFFFFFFFFFFFFFFF AND PUSH20 0xFFFFFFFFFFFFFFFFFFFFFFFFFFFFFFFFFFFFFFFF AND DUP2 MSTORE PUSH1 0x20 ADD SWAP1 DUP2 MSTORE PUSH1 0x20 ADD PUSH1 0x0 KECCAK256 PUSH1 0x0 DUP3 DUP3 SLOAD ADD SWAP3 POP POP DUP2 SWAP1 SSTORE POP DUP3 PUSH20 0xFFFFFFFFFFFFFFFFFFFFFFFFFFFFFFFFFFFFFFFF AND CALLER PUSH20 0xFFFFFFFFFFFFFFFFFFFFFFFFFFFFFFFFFFFFFFFF AND PUSH32 0xDDF252AD1BE2C89B69C2B068FC378DAA952BA7F163C4A11628F55A4DF523B3EF DUP5 PUSH1 0x40 MLOAD DUP1 DUP3 DUP2 MSTORE PUSH1 0x20 ADD SWAP2 POP POP PUSH1 0x40 MLOAD DUP1 SWAP2 SUB SWAP1 LOG3 PUSH1 0x1 SWAP1 POP SWAP3 SWAP2 POP POP JUMP JUMPDEST PUSH1 0x4 SLOAD PUSH1 0x0 DUP1 CALLER PUSH20 0xFFFFFFFFFFFFFFFFFFFFFFFFFFFFFFFFFFFFFFFF AND PUSH20 0xFFFFFFFFFFFFFFFFFFFFFFFFFFFFFFFFFFFFFFFF AND DUP2 MSTORE PUSH1 0x20 ADD SWAP1 DUP2 MSTORE PUSH1 0x20 ADD PUSH1 0x0 KECCAK256 DUP2 SWAP1 SSTORE POP CALLER PUSH20 0xFFFFFFFFFFFFFFFFFFFFFFFFFFFFFFFFFFFFFFFF AND PUSH1 0x0 PUSH20 0xFFFFFFFFFFFFFFFFFFFFFFFFFFFFFFFFFFFFFFFF AND PUSH32 0xDDF252AD1BE2C89B69C2B068FC378DAA952BA7F163C4A11628F55A4DF523B3EF PUSH1 0x4 SLOAD PUSH1 0x40 MLOAD DUP1 DUP3 DUP2 MSTORE PUSH1 0x20 ADD SWAP2 POP POP PUSH1 0x40 MLOAD DUP1 SWAP2 SUB SWAP1 LOG3 JUMP JUMPDEST PUSH1 0x5 PUSH1 0x20 MSTORE DUP2 PUSH1 0x0 MSTORE PUSH1 0x40 PUSH1 0x0 KECCAK256 PUSH1 0x20 MSTORE DUP1 PUSH1 0x0 MSTORE PUSH1 0x40 PUSH1 0x0 KECCAK256 PUSH1 0x0 SWAP2 POP SWAP2 POP POP SLOAD DUP2 JUMP STOP LOG1 PUSH6 0x627A7A723058 KECCAK256 SWAP14 SLOAD PUSH30 0xDE760E06F5F4FB197D140A1C5A2AAF196885FA9212663F8B9A0D9BE7E500 0x29
0,PUSH1 0x80 PUSH1 0x40 MSTORE CALLVALUE DUP1 ISZERO PUSH2 0x10 JUMPI PUSH1 0x0 DUP1 REVERT JUMPDEST POP CALLER PUSH1 0x0 DUP1 PUSH2 0x100 EXP DUP2 SLOAD DUP2 PUSH20 0xFFFFFFFFFFFFFFFFFFFFFFFFFFFFFFFFFFFFFFFF MUL NOT AND SWAP1 DUP4 PUSH20 0xFFFFFFFFFFFFFFFFFFFFFFFFFFFFFFFFFFFFFFFF AND MUL OR SWAP1 SSTORE POP PUSH2 0x314 DUP1 PUSH2 0x60 PUSH1 0x0 CODECOPY PUSH1 0x0 RETURN STOP PUSH1 0x80 PUSH1 0x40 MSTORE PUSH1 0x4 CALLDATASIZE LT PUSH2 0x62 JUMPI PUSH1 0x0 CALLDATALOAD PUSH29 0x100000000000000000000000000000000000000000000000000000000 SWAP1 DIV PUSH4 0xFFFFFFFF AND DUP1 PUSH4 0x900F010 EQ PUSH2 0x67 JUMPI DUP1 PUSH4 0x445DF0AC EQ PUSH2 0xB8 JUMPI DUP1 PUSH4 0x8DA5CB5B EQ PUSH2 0xE3 JUMPI DUP1 PUSH4 0xFDACD576 EQ PUSH2 0x13A JUMPI JUMPDEST PUSH1 0x0 DUP1 REVERT JUMPDEST CALLVALUE DUP1 ISZERO PUSH2 0x73 JUMPI PUSH1 0x0 DUP1 REVERT JUMPDEST POP PUSH2 0xB6 PUSH1 0x4 DUP1 CALLDATASIZE SUB PUSH1 0x20 DUP2 LT ISZERO PUSH2 0x8A JUMPI PUSH1 0x0 DUP1 REVERT JUMPDEST DUP2 ADD SWAP1 DUP1 DUP1 CALLDATALOAD PUSH20 0xFFFFFFFFFFFFFFFFFFFFFFFFFFFFFFFFFFFFFFFF AND SWAP1 PUSH1 0x20 ADD SWAP1 SWAP3 SWAP2 SWAP1 POP POP POP PUSH2 0x175 JUMP JUMPDEST STOP JUMPDEST CALLVALUE DUP1 ISZERO PUSH2 0xC4 JUMPI PUSH1 0x0 DUP1 REVERT JUMPDEST POP PUSH2 0xCD PUSH2 0x25D JUMP JUMPDEST PUSH1 0x40 MLOAD DUP1 DUP3 DUP2 MSTORE PUSH1 0x20 ADD SWAP2 POP POP PUSH1 0x40 MLOAD DUP1 SWAP2 SUB SWAP1 RETURN JUMPDEST CALLVALUE DUP1 ISZERO PUSH2 0xEF JUMPI PUSH1 0x0 DUP1 REVERT JUMPDEST POP PUSH2 0xF8 PUSH2 0x263 JUMP JUMPDEST PUSH1 0x40 MLOAD DUP1 DUP3 PUSH20 0xFFFFFFFFFFFFFFFFFFFFFFFFFFFFFFFFFFFFFFFF AND PUSH20 0xFFFFFFFFFFFFFFFFFFFFFFFFFFFFFFFFFFFFFFFF AND DUP2 MSTORE PUSH1 0x20 ADD SWAP2 POP POP PUSH1 0x40 MLOAD DUP1 SWAP2 SUB SWAP1 RETURN JUMPDEST CALLVALUE DUP1 ISZERO PUSH2 0x146 JUMPI PUSH1 0x0 DUP1 REVERT JUMPDEST POP PUSH2 0x173 PUSH1 0x4 DUP1 CALLDATASIZE SUB PUSH1 0x20 DUP2 LT ISZERO PUSH2 0x15D JUMPI PUSH1 0x0 DUP1 REVERT JUMPDEST DUP2 ADD SWAP1 DUP1 DUP1 CALLDATALOAD SWAP1 PUSH1 0x20 ADD SWAP1 SWAP3 SWAP2 SWAP1 POP POP POP PUSH2 0x288 JUMP JUMPDEST STOP JUMPDEST PUSH1 0x0 DUP1 SWAP1 SLOAD SWAP1 PUSH2 0x100 EXP SWAP1 DIV PUSH20 0xFFFFFFFFFFFFFFFFFFFFFFFFFFFFFFFFFFFFFFFF AND PUSH20 0xFFFFFFFFFFFFFFFFFFFFFFFFFFFFFFFFFFFFFFFF AND CALLER PUSH20 0xFFFFFFFFFFFFFFFFFFFFFFFFFFFFFFFFFFFFFFFF AND EQ ISZERO PUSH2 0x25A JUMPI PUSH1 0x0 DUP2 SWAP1 POP DUP1 PUSH20 0xFFFFFFFFFFFFFFFFFFFFFFFFFFFFFFFFFFFFFFFF AND PUSH4 0xFDACD576 PUSH1 0x1 SLOAD PUSH1 0x40 MLOAD DUP3 PUSH4 0xFFFFFFFF AND PUSH29 0x100000000000000000000000000000000000000000000000000000000 MUL DUP2 MSTORE PUSH1 0x4 ADD DUP1 DUP3 DUP2 MSTORE PUSH1 0x20 ADD SWAP2 POP POP PUSH1 0x0 PUSH1 0x40 MLOAD DUP1 DUP4 SUB DUP2 PUSH1 0x0 DUP8 DUP1 EXTCODESIZE ISZERO DUP1 ISZERO PUSH2 0x240 JUMPI PUSH1 0x0 DUP1 REVERT JUMPDEST POP GAS CALL ISZERO DUP1 ISZERO PUSH2 0x254 JUMPI RETURNDATASIZE PUSH1 0x0 DUP1 RETURNDATACOPY RETURNDATASIZE PUSH1 0x0 REVERT JUMPDEST POP POP POP POP POP JUMPDEST POP JUMP JUMPDEST PUSH1 0x1 SLOAD DUP2 JUMP JUMPDEST PUSH1 0x0 DUP1 SWAP1 SLOAD SWAP1 PUSH2 0x100 EXP SWAP1 DIV PUSH20 0xFFFFFFFFFFFFFFFFFFFFFFFFFFFFFFFFFFFFFFFF AND DUP2 JUMP JUMPDEST PUSH1 0x0 DUP1 SWAP1 SLOAD SWAP1 PUSH2 0x100 EXP SWAP1 DIV PUSH20 0xFFFFFFFFFFFFFFFFFFFFFFFFFFFFFFFFFFFFFFFF AND PUSH20 0xFFFFFFFFFFFFFFFFFFFFFFFFFFFFFFFFFFFFFFFF AND CALLER PUSH20 0xFFFFFFFFFFFFFFFFFFFFFFFFFFFFFFFFFFFFFFFF AND EQ ISZERO PUSH2 0x2E5 JUMPI DUP1 PUSH1 0x1 DUP2 SWAP1 SSTORE POP JUMPDEST POP JUMP STOP LOG1 PUSH6 0x627A7A723058 KECCAK256 0x2c CODESIZE 0xbd PUSH26 0x6CF2E0EC1EF8050A315F4F4DCCF9636915CCE14010A6A6D123DD SWAP16 0xd2 STOP 0x29
0,PUSH1 0x80 PUSH1 0x40 MSTORE CALLVALUE DUP1 ISZERO PUSH2 0x10 JUMPI PUSH1 0x0 DUP1 REVERT JUMPDEST POP CALLER PUSH1 0x0 DUP1 PUSH2 0x100 EXP DUP2 SLOAD DUP2 PUSH20 0xFFFFFFFFFFFFFFFFFFFFFFFFFFFFFFFFFFFFFFFF MUL NOT AND SWAP1 DUP4 PUSH20 0xFFFFFFFFFFFFFFFFFFFFFFFFFFFFFFFFFFFFFFFF AND MUL OR SWAP1 SSTORE POP PUSH2 0x314 DUP1 PUSH2 0x60 PUSH1 0x0 CODECOPY PUSH1 0x0 RETURN STOP PUSH1 0x80 PUSH1 0x40 MSTORE PUSH1 0x4 CALLDATASIZE LT PUSH2 0x62 JUMPI PUSH1 0x0 CALLDATALOAD PUSH29 0x100000000000000000000000000000000000000000000000000000000 SWAP1 DIV PUSH4 0xFFFFFFFF AND DUP1 PUSH4 0x900F010 EQ PUSH2 0x67 JUMPI DUP1 PUSH4 0x445DF0AC EQ PUSH2 0xB8 JUMPI DUP1 PUSH4 0x8DA5CB5B EQ PUSH2 0xE3 JUMPI DUP1 PUSH4 0xFDACD576 EQ PUSH2 0x13A JUMPI JUMPDEST PUSH1 0x0 DUP1 REVERT JUMPDEST CALLVALUE DUP1 ISZERO PUSH2 0x73 JUMPI PUSH1 0x0 DUP1 REVERT JUMPDEST POP PUSH2 0xB6 PUSH1 0x4 DUP1 CALLDATASIZE SUB PUSH1 0x20 DUP2 LT ISZERO PUSH2 0x8A JUMPI PUSH1 0x0 DUP1 REVERT JUMPDEST DUP2 ADD SWAP1 DUP1 DUP1 CALLDATALOAD PUSH20 0xFFFFFFFFFFFFFFFFFFFFFFFFFFFFFFFFFFFFFFFF AND SWAP1 PUSH1 0x20 ADD SWAP1 SWAP3 SWAP2 SWAP1 POP POP POP PUSH2 0x175 JUMP JUMPDEST STOP JUMPDEST CALLVALUE DUP1 ISZERO PUSH2 0xC4 JUMPI PUSH1 0x0 DUP1 REVERT JUMPDEST POP PUSH2 0xCD PUSH2 0x25D JUMP JUMPDEST PUSH1 0x40 MLOAD DUP1 DUP3 DUP2 MSTORE PUSH1 0x20 ADD SWAP2 POP POP PUSH1 0x40 MLOAD DUP1 SWAP2 SUB SWAP1 RETURN JUMPDEST CALLVALUE DUP1 ISZERO PUSH2 0xEF JUMPI PUSH1 0x0 DUP1 REVERT JUMPDEST POP PUSH2 0xF8 PUSH2 0x263 JUMP JUMPDEST PUSH1 0x40 MLOAD DUP1 DUP3 PUSH20 0xFFFFFFFFFFFFFFFFFFFFFFFFFFFFFFFFFFFFFFFF AND PUSH20 0xFFFFFFFFFFFFFFFFFFFFFFFFFFFFFFFFFFFFFFFF AND DUP2 MSTORE PUSH1 0x20 ADD SWAP2 POP POP PUSH1 0x40 MLOAD DUP1 SWAP2 SUB SWAP1 RETURN JUMPDEST CALLVALUE DUP1 ISZERO PUSH2 0x146 JUMPI PUSH1 0x0 DUP1 REVERT JUMPDEST POP PUSH2 0x173 PUSH1 0x4 DUP1 CALLDATASIZE SUB PUSH1 0x20 DUP2 LT ISZERO PUSH2 0x15D JUMPI PUSH1 0x0 DUP1 REVERT JUMPDEST DUP2 ADD SWAP1 DUP1 DUP1 CALLDATALOAD SWAP1 PUSH1 0x20 ADD SWAP1 SWAP3 SWAP2 SWAP1 POP POP POP PUSH2 0x288 JUMP JUMPDEST STOP JUMPDEST PUSH1 0x0 DUP1 SWAP1 SLOAD SWAP1 PUSH2 0x100 EXP SWAP1 DIV PUSH20 0xFFFFFFFFFFFFFFFFFFFFFFFFFFFFFFFFFFFFFFFF AND PUSH20 0xFFFFFFFFFFFFFFFFFFFFFFFFFFFFFFFFFFFFFFFF AND CALLER PUSH20 0xFFFFFFFFFFFFFFFFFFFFFFFFFFFFFFFFFFFFFFFF AND EQ ISZERO PUSH2 0x25A JUMPI PUSH1 0x0 DUP2 SWAP1 POP DUP1 PUSH20 0xFFFFFFFFFFFFFFFFFFFFFFFFFFFFFFFFFFFFFFFF AND PUSH4 0xFDACD576 PUSH1 0x1 SLOAD PUSH1 0x40 MLOAD DUP3 PUSH4 0xFFFFFFFF AND PUSH29 0x100000000000000000000000000000000000000000000000000000000 MUL DUP2 MSTORE PUSH1 0x4 ADD DUP1 DUP3 DUP2 MSTORE PUSH1 0x20 ADD SWAP2 POP POP PUSH1 0x0 PUSH1 0x40 MLOAD DUP1 DUP4 SUB DUP2 PUSH1 0x0 DUP8 DUP1 EXTCODESIZE ISZERO DUP1 ISZERO PUSH2 0x240 JUMPI PUSH1 0x0 DUP1 REVERT JUMPDEST POP GAS CALL ISZERO DUP1 ISZERO PUSH2 0x254 JUMPI RETURNDATASIZE PUSH1 0x0 DUP1 RETURNDATACOPY RETURNDATASIZE PUSH1 0x0 REVERT JUMPDEST POP POP POP POP POP JUMPDEST POP JUMP JUMPDEST PUSH1 0x1 SLOAD DUP2 JUMP JUMPDEST PUSH1 0x0 DUP1 SWAP1 SLOAD SWAP1 PUSH2 0x100 EXP SWAP1 DIV PUSH20 0xFFFFFFFFFFFFFFFFFFFFFFFFFFFFFFFFFFFFFFFF AND DUP2 JUMP JUMPDEST PUSH1 0x0 DUP1 SWAP1 SLOAD SWAP1 PUSH2 0x100 EXP SWAP1 DIV PUSH20 0xFFFFFFFFFFFFFFFFFFFFFFFFFFFFFFFFFFFFFFFF AND PUSH20 0xFFFFFFFFFFFFFFFFFFFFFFFFFFFFFFFFFFFFFFFF AND CALLER PUSH20 0xFFFFFFFFFFFFFFFFFFFFFFFFFFFFFFFFFFFFFFFF AND EQ ISZERO PUSH2 0x2E5 JUMPI DUP1 PUSH1 0x1 DUP2 SWAP1 SSTORE POP JUMPDEST POP JUMP STOP LOG1 PUSH6 0x627A7A723058 KECCAK256 0x2c CODESIZE 0xbd PUSH26 0x6CF2E0EC1EF8050A315F4F4DCCF9636915CCE14010A6A6D123DD SWAP16 0xd2 STOP 0x29












































